w repl scaling L S1 S2 S3 S4 S5 D1 D2 D3 D4 D5 D6 D7 D8 S b bm bprod bpred tlav tlvar tlmax tlmed dsk odsk idsk pp tp w_s repl_s scaling_s L_s S1_s S2_s S3_s S4_s S5_s D1_s D2_s D3_s D4_s D5_s D6_s D7_s D8_s S_s b_s bm_s bprod_s bpred_s compratio co prank
79 0 0 62 0.0970873786407767 0.180582524271845 0 0.285436893203883 0.341747572815534 0.0446601941747573 0.0427184466019417 0 0 0 0.00776699029126214 0 0 15 3.747 -0.602407565961883 0.265643141942135 -2.33579210192363 2.26666666667 0.462222222222 2 3 0.499140446418 1.03444539884 1.54621172888 0.133333333333 0 79 3 0 62 50 93 0 147 176 23 22 0 0 0 4 0 0 15 1.151159915136 0.07674399434244 0.3547542208388 0.03397319026612 0.263689854516953 0.275555555555556 1
93 0 0 45 0.217213114754098 0.102459016393443 0 0.299180327868852 0.159836065573771 0.0901639344262295 0.0737704918032787 0.00409836065573771 0.00409836065573771 0 0.0491803278688525 0 0 17 6.39942 -0.424308307115595 0.0477938928189077 -0.661768395963012 2.41176470588 0.83044982699 2 4 0.415078032394 0.0176274430533 0.281272002967 0.176470588235 0.235294117647 93 3 0 45 53 25 0 73 39 22 18 1 1 0 12 0 0 17 2.275902822184 0.133876636599 0.582655880358 0.03770965579348 0.458153415643682 0.155709342560554 2
27 0 0 116 0.166969147005445 0.23502722323049 0 0.310344827586207 0.161524500907441 0.0453720508166969 0.0617059891107078 0.00272232304900181 0.00544464609800363 0 0.00816696914700544 0 0.00272232304900181 20 10.431 -0.28270405026106 0.34733001531695 -0.478498702690909 2.5 0.45 3 3 -0.0250080393974 0.135502429553 0.5087157802 0.1 0.1 27 3 0 116 184 259 0 342 178 50 68 3 6 0 9 0 3 20 1.474872830222 0.0737436415112 0.5193467192966 0.02423218842394 0.465583341325905 0.29 3
3 0 0 52 0.0882352941176471 0.0563725490196078 0 0.306372549019608 0.372549019607843 0.0147058823529412 0.0514705882352941 0.0269607843137255 0.00980392156862745 0.00245098039215686 0.0588235294117647 0.00490196078431373 0.00735294117647059 19 16.94 -0.0498401949583459 0.0617037342194973 -0.0743656598531523 2.10526315789 0.409972299169 2 3 0.644424858886 1.87481628644 1.34897925572 0.157894736842 0.157894736842 3 4.25 0 52 36 23 0 125 152 6 21 11 4 1 24 2 3 19 2.2928476226835 0.1206761906675 0.6761371700449 0.0165272570342 0.260636181119676 0.14404432132964 4.5
106 0 0 52 0.0882352941176471 0.0563725490196078 0 0.306372549019608 0.372549019607843 0.0147058823529412 0.0514705882352941 0.0269607843137255 0.00980392156862745 0.00245098039215686 0.0588235294117647 0.00490196078431373 0.00735294117647059 19 16.94 -0.0498401949583459 0.0617037342194973 -0.0743656598531523 2.10526315789 0.409972299169 2 3 0.644424858886 1.87481628644 1.34897925572 0.157894736842 0.157894736842 106 3 0 52 36 23 0 125 152 6 21 11 4 1 24 2 3 19 2.299227368414 0.1210119667586 0.6765302244552 0.01685229344054 0.260636181119676 0.14404432132964 4.5
77 0 0 22 0 0.1 0 0.5 0.291666666666667 0.05 0.0416666666666667 0 0 0 0.0166666666666667 0 0 12 11.1 -0.0338582672609674 0.352182518111362 -0.180456064458131 1.58333333333 0.243055555556 2 2 0.469449234872 1.87145178064 1.06506766876 0.166666666667 0.333333333333 77 3 0 22 0 12 0 60 35 6 5 0 0 0 2 0 0 12 1.223903072318 0.1019919226932 0.384171290013 0.04555604922914 0.433655560938572 0.152777777777778 6
96 0 0 90 0.0936490850376749 0.125941872981701 0 0.398277717976319 0.318622174381055 0.0290635091496232 0.0139935414424112 0.00861141011840689 0.00322927879440258 0.00107642626480086 0.00107642626480086 0 0.00645855758880517 22 20.92303 -0.0217981030650959 0.615950051656401 -0.347650328446947 2.13636363636 0.390495867769 2 3 -0.116650778234 0.492687106846 0.50230638768 0.136363636364 0.272727272727 96 3 0 90 87 117 0 370 296 27 13 8 3 1 1 0 6 22 1.653549110358 0.07516132319816 0.4558413994212 0.01505394274192 0.352182518111362 0.18595041322314 7
76 0 0 62 0.0759803921568627 0.174019607843137 0 0.161764705882353 0.215686274509804 0.137254901960784 0.137254901960784 0.00980392156862745 0 0 0.0882352941176471 0 0 13 12.91 -0.00301711004038281 -0.543633966870957 0.0220157398177203 2.38461538462 0.390532544379 2 3 -0.103014804488 0.530633670708 0.568228209384 0.0769230769231 0 76 3 0 62 31 71 0 66 88 56 56 4 0 0 36 0 0 13 0.3324738779338 0.0255749136872 0.1872961319236 0.01209814550084 0.243038048686294 0.366863905325444 8
85 0 0 398 0.0767297103184103 0.151903279865932 0 0.410342350969595 0.278429494852765 0.0316016279626526 0.0323198467799856 0.00622456308355279 0.00430931290399808 0.00131673449844386 0.00598515681110845 0.000119703136222169 0.000718218817333014 43 51.399845 0.0774933537714976 1.38021124171161 -0.185501184359657 2.62790697674 0.280151433207 3 3 0.694251390303 1.74561999923 1.23283119079 0.0232558139535 0 85 3 0 398 641 1269 0 3428 2326 264 270 52 36 11 50 1 6 43 0.3413723525054 0.007938891918732 0.1908326572894 0.00358427845752 0.393360147161878 0.215251487290427 9
57 0 0 61 0.0541353383458647 0.0556390977443609 0 0.584962406015038 0.273684210526316 0.00902255639097744 0.0195488721804511 0 0 0 0.00300751879699248 0 0 19 23.307 0.088732775216262 0.574609941340187 0.0359186834582656 2.31578947368 1.26869806094 3 4 0.825929715084 0.33628518623 1.25073697163 0.0526315789474 0.315789473684 57 3 0 61 36 37 0 389 182 6 13 0 0 0 2 0 0 19 0.3732218671122 0.01964325616382 0.2138365472946 0.008854739989876 0.496564720260773 0.168975069252078 10
102 0 0 166 0.118918918918919 0.037006237006237 0 0.517671517671518 0.271517671517672 0.0195426195426195 0.00207900207900208 0.0153846153846154 0.00665280665280665 0.000415800415800416 0.00540540540540541 0 0.00540540540540541 39 49.673747 0.105062313991452 1.15089351000823 -0.698346334998742 2.23076923077 0.331360946746 2 3 0.645529291625 0.39465398675 1.56931179388 0.0769230769231 0 102 3 0 166 286 89 0 1245 653 47 5 37 16 1 13 0 13 39 1.027796246722 0.02635374991594 0.1917170419458 0.0125734755801 0.4633830268162 0.10913872452334 11
84 0 0 397 0.0761482192109366 0.15109725386737 0 0.412879242115362 0.277131550545629 0.0316584722388776 0.0323779829715793 0.00623575968341528 0.00431706439621058 0.00131910300995323 0.00599592277251469 0.000119918455450294 0.000719510732701763 43 57.53906 0.126494307082098 1.38021124171161 -0.0976984039386456 2.62790697674 0.280151433207 3 3 0.704948256649 1.76281876113 1.22568321997 0.0232558139535 0 84 3 0 397 635 1260 0 3443 2311 264 270 52 36 11 50 1 6 43 0.3456531355924 0.008038445013776 0.194466444119 0.003599683130318 0.396169912075198 0.214710654407788 12
83 0 0 389 0.077034707945338 0.141734187930826 0 0.421695489176442 0.28878945458943 0.0253960575643971 0.0289031321804329 0.00580481315757649 0.00411174265328335 0.00108840246704559 0.0047164106905309 0.00012093360744951 0.000604668037247551 43 60.7856 0.150332252290772 1.38021124171161 -0.0575714463012643 2.62790697674 0.280151433207 3 3 0.673456606134 1.68014211648 1.20932362771 0.0232558139535 0.0232558139535 83 3 0 389 637 1172 0 3487 2388 210 239 48 34 9 39 1 5 43 0.3413529064842 0.00793843968568 0.1914825268946 0.00356834237118 0.390973548486442 0.210383991346674 13
80 0 0 40 0.0963455149501661 0.112956810631229 0 0.332225913621262 0.458471760797342 0 0 0 0 0 0 0 0 14 22.303 0.202235248706559 0.896884307654437 -0.264268064772285 2.42857142857 0.530612244898 3 3 -0.279241830677 0.90033575476 -0.4271206267 0.142857142857 0.285714285714 80 3 0 40 29 34 0 100 138 0 0 0 0 0 0 0 0 14 0.6653073615864 0.04752195439902 0.1918076588246 0.02347433699474 0.236697870655275 0.204081632653061 14
94 0 0 46 0.0254957507082153 0.201133144475921 0 0.458923512747875 0.286118980169972 0.0028328611898017 0.0226628895184136 0 0 0 0.0028328611898017 0 0 12 21.0915 0.244926221247929 0.397940008672038 0.227921745789558 2 0.166666666667 2 3 -0.527219618675 0.30816028891 0.411590829145 0.0833333333333 0.25 94 3 0 46 9 71 0 162 101 1 8 0 0 0 1 0 0 12 0.335654144709 0.02797117872574 0.1977427897588 0.01253739590456 0.415634374707115 0.319444444444444 15
48 0 0 124 0.0667067307692308 0.109975961538462 0 0.520432692307692 0.2578125 0.0276442307692308 0.0138221153846154 0 0 0 0.00360576923076923 0 0 25 45.942 0.264269888805544 0.881954971339601 0.203236924830023 2.2 0.24 2 3 0.612095928728 0.907006453696 1.46277128927 0.04 0.12 48 3 0 124 111 183 0 866 429 46 23 0 0 0 6 0 0 25 0.3507014225718 0.01402805690286 0.200297200722 0.00626684257706 0.479812476232546 0.1984 16
7 0 0 18 0.195402298850575 0.103448275862069 0 0.402298850574713 0.264367816091954 0.0229885057471264 0 0 0 0 0.0114942528735632 0 0 9 18.647875 0.316386839930096 1 0.0338194165247051 2.44444444444 0.469135802469 3 3 0.28125 -0.56920997883 0 0.111111111111 0.222222222222 7 4.25 0 18 17 9 0 35 23 2 0 0 0 0 1 0 0 9 0.37323081449635 0.0414700904996 0.2137080663751 0.019940343515165 0.401700157545344 0.222222222222222 17
108 0 0 197 0.125883540895321 0.153820262537866 0 0.399865365196903 0.276337933355772 0.0205318074722316 0.0208683944799731 0 0 0 0.00269269606193201 0 0 28 62.18105 0.346500019998015 1.31461499633484 -0.0946182766690903 2.35714285714 0.372448979592 2 3 -0.168071018287 0.417630403985 0.547912798852 0.0714285714286 0.178571428571 108 3 0 197 374 457 0 1188 821 61 62 0 0 0 8 0 0 28 1.157005917456 0.04132163990908 0.356744213058 0.01705836505152 0.388636779628808 0.251275510204082 18
103 0 0 91 0.128476821192053 0.262251655629139 0 0.226490066225166 0.266225165562914 0.0437086092715232 0.0622516556291391 0.00132450331125828 0 0 0.00662251655629139 0 0.00264900662251656 17 42.182 0.394678245973836 0.704708046987444 0.329723224057897 2.35294117647 0.463667820069 2 3 -0.4583785837 0.504121529426 0.689109776861 0.117647058824 0.0588235294118 103 3 0 91 97 198 0 171 201 33 47 1 0 0 5 0 2 17 1.796021204328 0.1056483061368 0.747656281433 0.02004724276422 0.267346882461409 0.314878892733564 19
109 0 0 197 0.125883540895321 0.153820262537866 0 0.399865365196903 0.276337933355772 0.0205318074722316 0.0208683944799731 0 0 0 0.00269269606193201 0 0 28 71.25191 0.405638479322325 1.48867055396182 -0.431125685719475 2.35714285714 0.372448979592 2 3 -0.168071018287 0.417630403985 0.547912798852 0.0714285714286 0.178571428571 109 3 0 197 374 457 0 1188 821 61 62 0 0 0 8 0 0 28 1.156750559308 0.04131251997522 0.356615160765 0.01705847068374 0.388636779628808 0.251275510204082 20
30 0 0 203 0.180713445707566 0.180713445707566 0 0.294394355154841 0.263034104272834 0.0333202665621325 0.0294002352018816 0.00588004704037632 0.00431203449627597 0.000392003136025088 0.00548804390435124 0.000392003136025088 0.00196001568012544 30 78.97958 0.420393565183218 1.01266853389633 0.319162444005418 2.36666666667 0.365555555556 2 3 0.114935398559 0.606640773816 0.339292400268 0.0666666666667 0.0333333333333 30 3 0 203 461 461 0 751 671 85 75 15 11 1 14 1 5 30 1.065936996398 0.03553123321328 0.337365745371 0.01397162520202 0.326177076224755 0.225555555555556 21
17 0 0 190 0.112234580384226 0.0603302999662959 0 0.52376137512639 0.285810583080553 0.00303336703741153 0.0138186720593192 0 0 0 0.00101112234580384 0 0 44 116.09878 0.421374979582091 1.08812427100402 0.286761870275286 2.52272727273 0.385847107438 3 3 1.91493417329 1.23122190273 1.97190569972 0.0681818181818 0.25 17 2.44444444444444 0 190 333 179 0 1554 848 9 41 0 0 0 3 0 0 44 1.80947386401 0.0411244060002556 0.413749960322556 0.0138591215376556 0.452177150810173 0.0981404958677686 22
112 0 0 119 0.134349030470914 0.140581717451524 0 0.415512465373961 0.299861495844875 0.00831024930747922 0.000692520775623269 0 0 0 0.000692520775623269 0 0 23 60.72378 0.421630962147903 0.530263748713028 0.409714029798853 2.30434782609 0.385633270321 2 3 -0.0784911594786 0.40912792303 0.770195844607 0.0869565217391 0.0434782608696 112 3 0 119 194 203 0 600 433 12 1 0 0 0 1 0 0 23 0.99467756413 0.04324685061432 0.2977025875012 0.01901297091082 0.377612425166255 0.224952741020794 23
8 0 0 52 0.155555555555556 0.171428571428571 0 0.238095238095238 0.155555555555556 0.111111111111111 0.0984126984126984 0.0158730158730159 0.00317460317460317 0 0.0476190476190476 0 0.00317460317460317 12 31.866 0.424146305755156 1.10805737378385 0.238297067875394 2.33333333333 0.388888888889 2 3 -0.173796585615 -0.23983856955 -0.118058933652 0.0833333333333 0.0833333333333 8 4.25 0 52 49 54 0 75 49 35 31 5 1 0 15 0 1 12 0.64663739250145 0.05388644937511 0.41261197162125 0.02127503826183 0.403225605133721 0.361111111111111 24
16 0 0 128 0.0722642807983482 0.113558155540262 0.00206469373709566 0.378527185134205 0.302821748107364 0.0488644184445974 0.0350997935306263 0.0144528561596696 0.00894700619408121 0.000688231245698555 0.0192704748795595 0 0.00344115622849277 25 68.7987 0.43964022334021 1.41730558324453 0.249796374721452 2.16 0.4544 2 3 0.269697937828 1.21856515965 0.849020473502 0.04 0.12 16 2.81818181818182 0 128 105 165 3 550 440 71 51 21 13 1 28 0 5 25 0.596557315854182 0.0238622926341727 0.371038040060455 0.00939663649141364 0.352182518111362 0.2048 25
97 0 0 54 0.143312101910828 0.168789808917197 0 0.210191082802548 0.10828025477707 0.14968152866242 0.105095541401274 0.0159235668789809 0.00955414012738853 0 0.0796178343949045 0.00318471337579618 0.00636942675159236 12 36.4022 0.481946385376302 0.682325618667807 0.458159690308139 2.33333333333 0.388888888889 2 3 -0.400413815698 -0.297463101524 -0.503211036844 0.0833333333333 0.166666666667 97 3 0 54 45 53 0 66 34 47 33 5 3 0 25 1 2 12 0.648947074786 0.05407892289884 0.4146814634136 0.02129687376114 0.468521082957745 0.375 26
33 0 0 269 0.141633881046054 0.112473964360102 0 0.323304790557741 0.329784772043508 0.0407313121962509 0.0249942143022449 0.00856283267762092 0.00833140476741495 0.000694283730617912 0.00763712103679704 0.000694283730617912 0.00115713955102985 38 118.79656 0.495020268316131 0.848072057313767 0.445614254417408 2.47368421053 0.407202216066 3 3 0.587447626098 0.896672886486 0.724851273525 0.0789473684211 0.105263157895 33 3 0 269 612 486 0 1397 1425 176 108 37 36 3 33 3 5 38 2.29436799169 0.06037810504446 0.6087235205354 0.01337706943098 0.2967421450738 0.186288088642659 27
55 0 0 274 0.151038101756788 0.112251882272416 0 0.302988820442619 0.334245950262377 0.0433493041295916 0.026237736710016 0.0111795573807894 0.00775724389687429 0.000456308464522017 0.0082135523613963 0.000912616929044034 0.00136892539356605 38 118.94976 0.495579973500043 0.848098757912364 0.446289283102393 2.47368421053 0.407202216066 3 3 0.557726670756 0.843653544016 0.675596498175 0.0789473684211 0.105263157895 55 3 0 274 662 492 0 1328 1465 190 115 49 34 2 36 4 6 38 2.293770308728 0.0603623765455 0.6085531077478 0.01337459958532 0.280233311010877 0.189750692520776 28
29 0 0 419 0.0769745649263722 0.161981258366801 0 0.404841588576528 0.272757697456493 0.0315707273538599 0.0322400713966979 0.0072512271307452 0.00446229361892013 0.00122713074520303 0.00580098170459616 0.000334672021419009 0.000557786702365016 43 146.13534425 0.531286811390975 1.69019608002851 0.364127993267329 2.62790697674 0.280151433207 3 3 0.548740799165 1.55461091782 1.10244069632 0.0232558139535 0 29 3 0 419 690 1452 0 3629 2445 283 289 65 40 11 52 3 5 43 0.341722407959 0.007947032743232 0.1917751941482 0.0035701717574 0.395195924122607 0.226608977825852 29
6 0 0 13 0.15625 0.0625 0 0.359375 0.421875 0 0 0 0 0 0 0 0 8 27.438 0.535262464772382 0.71904110786986 0.451402613597493 2.125 0.609375 2 3 0.0724470738539 0.384793782062 -0.316163941779 0.25 0.25 6 4.25 0 13 10 4 0 23 27 0 0 0 0 0 0 0 0 8 0.65908632571645 0.08238579071456 0.18510470069675 0.04814615405378 0.267606240177031 0.203125 30
11 0 0 146 0.142857142857143 0.203585887796414 0 0.317524580682475 0.296703296703297 0.00867553499132447 0.0271833429728167 0 0 0 0.00289184499710815 0 0.000578368999421631 24 82.42971 0.535872530222097 0.57541879121436 0.532092244046445 2.45833333333 0.414930555556 3 3 -0.483882276256 0.521121161373 0.339326634075 0.0833333333333 0.0416666666667 11 4.25 0 146 247 352 0 549 513 15 47 0 0 0 5 0 1 24 1.374383939403 0.05726599747515 0.45957236728925 0.02069269112842 0.316007151633634 0.253472222222222 31
87 0 0 37 0.113924050632911 0.118143459915612 0 0.350210970464135 0.291139240506329 0.0590717299578059 0.0506329113924051 0 0 0 0.0168776371308017 0 0 12 44.952 0.573567773039219 1.22271647114758 0.40965651242029 2.58333333333 0.409722222222 3 3 0.205328500559 0.708746718642 0.469966456764 0.0833333333333 0.166666666667 87 3 0 37 27 28 0 83 69 14 12 0 0 0 4 0 0 12 0.3421443265878 0.02851202721564 0.1945947742574 0.0134135956664 0.342994497207517 0.256944444444444 32
28 0 0 423 0.0772090988626422 0.162182852143482 0 0.413604549431321 0.270450568678915 0.0288713910761155 0.0309492563429571 0.00568678915135608 0.00393700787401575 0.00120297462817148 0.00535870516185477 0.000328083989501312 0.000218722659667542 43 167.61949875 0.590856082026272 1.69019608002851 0.45090679410633 2.62790697674 0.280151433207 3 3 0.482274238972 1.34312839015 1.04134169339 0.0232558139535 0.0232558139535 28 3 0 423 706 1483 0 3782 2473 264 283 52 36 11 49 3 2 43 0.3411595279068 0.007933942509458 0.1909133336896 0.003577290338508 0.403003197668141 0.228772309356409 33
49 0 0 20 0.0588235294117647 0.166666666666667 0 0.46078431372549 0.254901960784314 0.0196078431372549 0.0294117647058824 0 0 0 0.00980392156862745 0 0 8 32.627 0.610487155954899 0.732393759822969 0.589901751335757 2.375 0.484375 2.5 3 0.265165042945 -0.444444444444 0.167705098312 0.125 0.375 49 3 0 20 6 17 0 47 26 2 3 0 0 0 1 0 0 8 0.3399611449592 0.04249514311992 0.1912120705004 0.02124986777986 0.448349512149638 0.3125 34
14 0 0 214 0.13778075762655 0.119007710358699 0 0.421387864565873 0.233322158900436 0.0331880657056654 0.0402279584311096 0.00603419376466644 0.00167616493462957 0 0.00670465973851827 0 0.000670465973851827 37 158.60480927 0.632114627942387 1.33034273806873 0.519684802082308 2.72972972973 0.413440467495 3 4 1.05838851473 1.43303068539 1.39168689403 0.0540540540541 0 14 3.26666666666667 0 214 411 355 0 1257 696 99 120 18 5 0 20 0 2 37 1.39843775239667 0.0377956149296667 0.4662131584464 0.0133146124429867 0.448093003677292 0.156318480642805 35
10 0 0 154 0.0875065893516078 0.226146547179758 0 0.346863468634686 0.289404322614655 0.0200316288877174 0.0226673695308382 0.00263574064312072 0.00105429625724829 0.000527148128624143 0.00105429625724829 0 0.00210859251449657 24 104.30195 0.638081186238304 1.44163858728903 0.00743786340332022 2.125 0.359375 2 3 -0.589970386496 0.591221620126 0.945351067104 0.125 0.0416666666667 10 4.25 0 154 166 429 0 658 549 38 43 5 2 1 2 0 4 24 2.615794422145 0.1089914342561 0.71683556941865 0.022156557804265 0.342134925647257 0.267361111111111 36
2 0 0 235 0.159075224292616 0.181159420289855 0.0010351966873706 0.210489993098689 0.220151828847481 0.0821256038647343 0.0717736369910283 0.0217391304347826 0.0082815734989648 0.0041407867494824 0.0279503105590062 0.00586611456176674 0.0062111801242236 28 122.712 0.641729003095782 1.24994396946815 0.525299026745107 2.25 0.330357142857 2 3 1.1126918321 0.312382254788 0.216659496973 0.0714285714286 0 2 3.95652173913043 0 235 461 525 3 610 638 238 208 63 24 12 81 17 18 28 1.39715635610174 0.0498984412893522 0.469889330387957 0.0175914498202304 0.291393906625243 0.299744897959184 37
69 0 0 213 0.138082376772451 0.117825793382849 0 0.428426738690074 0.227211343686698 0.0330857528696826 0.0405131667792032 0.00573936529372046 0.00168804861580013 0 0.00675219446320054 0 0.000675219446320054 37 166.521848616 0.653269499426569 1.31876223696637 0.55233736806643 2.72972972973 0.413440467495 3 4 1.05819371227 1.27810221549 1.3729211664 0.0540540540541 0.027027027027 69 3 0 213 409 349 0 1269 673 98 120 17 5 0 20 0 2 37 1.40557760653 0.03798858396024 0.4697132556096 0.01331860272314 0.460234161348009 0.155588020452885 38
68 0 0 213 0.138082376772451 0.117825793382849 0 0.428426738690074 0.227211343686698 0.0330857528696826 0.0405131667792032 0.00573936529372046 0.00168804861580013 0 0.00675219446320054 0 0.000675219446320054 37 168.0861164 0.65733011893886 1.31876223696637 0.557744706173345 2.72972972973 0.413440467495 3 4 1.05819371227 1.27810221549 1.3729211664 0.0540540540541 0.027027027027 68 3 0 213 409 349 0 1269 673 98 120 17 5 0 20 0 2 37 1.40618479331 0.03800499441378 0.4700531266706 0.01331652971336 0.460234161348009 0.155588020452885 39
9 0 0 87 0.0548086866597725 0.112719751809721 0 0.509824198552223 0.207859358841779 0.0330920372285419 0.0289555325749741 0.0113753877973113 0.0175801447776629 0.00103412616339193 0 0 0.0227507755946225 18 86.1725 0.680096187592139 0.921686475483602 0.637692944787153 2.05555555556 0.274691358025 2 3 0.522014736888 -0.30505241207 0.585869081615 0.111111111111 0.277777777778 9 4.25 0 87 53 109 0 493 201 32 28 11 17 1 0 0 22 18 1.1364487395955 0.06313604108865 0.35035732953965 0.02723338003227 0.538163413034366 0.268518518518519 40
51 0 0 21 0.0441176470588235 0.132352941176471 0 0 0.0588235294117647 0.323529411764706 0.176470588235294 0.0147058823529412 0 0 0.25 0 0 6 30.969 0.712775931676611 0.806179973983887 0.69141747598126 2 0.333333333333 2 3 -1.41421356237 -0.580547281756 -0.3577708764 0.166666666667 0 51 3 0 21 3 9 0 0 4 22 12 1 0 0 17 0 0 6 0.7696194640072 0.1282699106678 0.5441596159202 0.04509196961736 0 0.583333333333333 41
95 0 0 372 0.0915477497255763 0.0771679473106476 0 0.500987925356751 0.31152579582876 0.00625686059275521 0.0102085620197585 0.00021953896816685 0.000658616904500549 0 0.00142700329308452 0 0 51 272.30977594 0.727493056723963 1.88535179513561 -0.0588740884431017 2.54901960784 0.36524413687 3 3 0.867287820961 0.781961218271 1.46678480055 0.0588235294118 0.156862745098 95 3 0 372 834 703 0 4564 2838 57 93 2 6 0 13 0 0 51 1.836688349 0.03601349703922 0.4231152293218 0.01181963877158 0.416336689637638 0.143021914648212 42
86 0 0 108 0.0818363273453094 0.25249500998004 0 0.281437125748503 0.259481037924152 0.06187624750499 0.0419161676646707 0.00499001996007984 0.00199600798403194 0.000998003992015968 0.00698602794411178 0.000998003992015968 0.00499001996007984 18 100.7536 0.747988067647165 1.59772260264102 0.129299076897654 2.11111111111 0.320987654321 2 3 -1.21365217075 0.323335695183 0.602797438024 0.111111111111 0.0555555555556 86 3 0 108 82 253 0 282 260 62 42 5 2 1 7 1 5 18 1.56228504925 0.0867936138473 0.5822285627818 0.02486424523048 0.319025938567569 0.333333333333333 43
52 0 0 87 0.075070821529745 0.205382436260623 0 0.198300283286119 0.247875354107649 0.147308781869688 0.0694050991501416 0.0028328611898017 0.00424929178470255 0 0.0481586402266289 0 0.00141643059490085 15 84.63702 0.7514691047524 0.921738483684599 0.718150355287605 2.06666666667 0.328888888889 2 3 -0.0947028167394 0.487669437444 0.72691863636 0.133333333333 0 52 3 0 87 53 145 0 140 175 104 49 2 3 0 34 0 1 15 1.196113831816 0.07974092212108 0.3722847496164 0.03473417942948 0.255272505103306 0.386666666666667 44
90 0 0 35 0.144654088050314 0.20125786163522 0 0.20125786163522 0.10062893081761 0.169811320754717 0.132075471698113 0 0 0 0.050314465408805 0 0 10 56.7262 0.753783691826536 1.14493208066012 0.556350753029089 2.1 0.49 2 3 -0.372203597529 -0.77296177 0.845929491308 0.2 0 90 3 0 35 23 32 0 32 16 27 21 0 0 0 8 0 0 10 1.650336851982 0.1650336851982 0.6123816658566 0.05319669003362 0.477121254719662 0.35 45
67 0 0 553 0.0747181489941788 0.15076265566281 0 0.395991452361654 0.295335642178174 0.027558765013632 0.0319799572618083 0.00589492299756834 0.00648441529732518 0.000442119224817626 0.00810551912165647 0.0017684768992705 0.000957924987104856 49 286.407169 0.766787804481106 1.61971926561173 0.249238220570218 2.16326530612 0.340691378592 2 3 -0.0329198889471 0.225576927481 0.571710488014 0.102040816327 0.102040816327 67 3 0 553 1014 2046 0 5374 4008 374 434 80 88 6 110 24 13 49 2.50659303235 0.05115495984386 0.3129398537396 0.02140667644664 0.36936771575195 0.230320699708455 46
5 0 0 440 0.0911709455228554 0.221540388227927 0.00150281778334377 0.23055729492799 0.285911083281152 0.0715090795241077 0.0542266750156544 0.012773951158422 0.00951784596117721 0.0026299311208516 0.0135253600500939 0.0023794614902943 0.00275516593613024 36 224.1898 0.794313348773758 1.52633927738984 0.736031609967278 2.58333333333 0.298611111111 3 3 -0.135759743246 0.261789271844 -0.150727446845 0.0277777777778 0 5 3.26666666666667 0 440 728 1769 12 1841 2283 571 433 102 76 21 108 19 22 36 0.575741045146733 0.01599280680962 0.355115602672267 0.006303584070696 0.256812745121244 0.339506172839506 47
37 0 0 318 0.121131573951016 0.12682741598633 0.000569584203531422 0.342130244921208 0.277767229922157 0.0505031327131194 0.0366432504271882 0.0163280805012341 0.00949307005885703 0.000949307005885703 0.0146193278906398 0.000949307005885703 0.00208847541294855 36 225.0198 0.795918233576993 1.61237055073097 0.720888541898774 2.58333333333 0.409722222222 3 3 -0.37156762507 0.11839206386 0.736127422843 0.0277777777778 0 37 3 0 318 638 668 3 1802 1463 266 193 86 50 5 77 5 11 36 0.597198636757 0.01658885102102 0.3715107319426 0.006448225851842 0.348638859485782 0.24537037037037 48
66 0 0 546 0.0753783905289974 0.149707777611269 0 0.393451221339727 0.300314701034018 0.0272740896148659 0.0315450322193916 0.00606923422748389 0.00546980368649783 0.000224786452869774 0.0080173834856886 0.00164843398771167 0.000899145811479095 49 310.65991 0.802089132064411 1.60110349093113 0.402261030641608 2.18367346939 0.354019158684 2 3 0.0227214675203 0.245654395091 0.591363702975 0.102040816327 0.0816326530612 66 3 0 546 1006 1998 0 5251 4008 364 421 81 73 3 107 22 12 49 2.50238356551 0.05106905235736 0.3123804080276 0.0213745801221 0.363636371238121 0.227405247813411 49
53 0 0 93 0.0626598465473146 0.18542199488491 0 0.153452685421995 0.276214833759591 0.18925831202046 0.051150895140665 0.00767263427109974 0.00383631713554987 0 0.0664961636828645 0.00255754475703325 0.00127877237851662 15 98.472 0.817221499622837 0.907330729314398 0.801535630215571 2.06666666667 0.328888888889 2 3 0.248459623365 0.633256435681 1.0164347756 0.133333333333 0 53 3 0 93 49 145 0 120 216 148 40 6 3 0 52 2 1 15 1.225224073422 0.08168160489474 0.3841002138056 0.03515566506228 0.191885526238913 0.413333333333333 50
31 0 0 111 0.158333333333333 0.208333333333333 0.00277777777777778 0.261111111111111 0.268518518518519 0.0574074074074074 0.0277777777777778 0.00555555555555556 0 0 0.00740740740740741 0 0.00277777777777778 20 132.12 0.819938569355395 1.55022835305509 0.178130204030563 2.4 0.54 3 3 -0.621961190537 0.434381548335 0.388132645957 0.15 0.05 31 3 0 111 171 225 3 282 290 62 30 6 0 0 8 0 3 20 1.92047964463 0.09602398223158 0.4113089553092 0.0403854575708 0.294998030894068 0.2775 51
43 0 0 60 0.0901060070671378 0.102473498233216 0 0.452296819787986 0.337455830388693 0.00176678445229682 0.0141342756183746 0 0 0 0.00176678445229682 0 0 18 120.1607 0.824489944560258 1.57197072671006 0.454041243611541 2.05555555556 0.274691358025 2 3 0.136280787831 0.679630247154 1.10049677976 0.111111111111 0.222222222222 43 3 0 60 51 58 0 256 191 1 8 0 0 0 1 0 0 18 1.315356363602 0.07307535353338 0.4830906866754 0.02182343689062 0.369274155884209 0.185185185185185 52
63 0 0 326 0.0913987836663771 0.170460469157255 0 0.332059079061685 0.274196350999131 0.0507384882710686 0.0394439617723719 0.0147697654213727 0.0105994787141616 0.00104257167680278 0.0116420503909644 0.000868809730668983 0.00278019113814075 37 251.989048 0.833179941728283 1.70482883660077 0.468311563511026 2.05405405405 0.213294375457 2 3 0.00436571528237 0.966133693527 0.73716982813 0.0810810810811 0.027027027027 63 3 0 326 526 981 0 1911 1578 292 227 85 61 6 67 5 16 37 1.221167257262 0.03300452046654 0.2384796564636 0.01487436140802 0.344593970574709 0.238130021913806 53
45 0 0 64 0.0865800865800866 0.194805194805195 0 0.177489177489178 0.300865800865801 0.142857142857143 0.0454545454545455 0.00649350649350649 0.00432900432900433 0 0.038961038961039 0.00216450216450216 0 13 89.3443 0.837123498239337 1.40326640588415 0.546624534626897 2 0.307692307692 2 3 0.301765184421 0.567322003846 0.265876180882 0.153846153846 0.0769230769231 45 3 0 64 40 90 0 82 139 66 21 3 2 0 18 1 0 13 0.956762270001 0.07359709769236 0.2820683132972 0.03569324030966 0.201377473431016 0.378698224852071 54
59 0 0 576 0.130557515878617 0.138884968242766 0.00127028934368384 0.435497529992943 0.222159491884263 0.0258997882851094 0.0245589273112209 0.00797459421312632 0.00698659139026112 0.00127028934368384 0.00310515172900494 0.000564573041637262 0.00127028934368384 54 371.427344 0.837480112955112 1.78461738296255 0.568264564486068 2.51851851852 0.360768175583 3 3 0.558665217784 0.404423053916 1.13296441194 0.0555555555556 0.111111111111 59 3 0 576 1850 1968 18 6171 3148 367 348 113 99 18 44 8 18 54 2.074173773256 0.0384106254307 0.5156192513564 0.01033952978804 0.471334588046501 0.197530864197531 55
23 0 0 89 0.102306920762287 0.115346038114343 0 0.529588766298897 0.194583751253761 0.0140421263791374 0.0200601805416249 0.00702106318956871 0.0100300902708124 0 0.00100300902708124 0 0.00601805416248746 21 145.653 0.84110013944126 1.91388799389312 0.50269335101933 2.66666666667 0.31746031746 3 3 0.947268121229 0.441222921638 1.4373875448 0.047619047619 0.238095238095 23 3 0 89 102 115 0 528 194 14 20 7 10 0 1 0 6 21 0.4177720120916 0.01989390533768 0.243573291857 0.008709936011722 0.570735467639413 0.201814058956916 56
25 0 0 86 0.101330603889458 0.11668372569089 0 0.555783009211873 0.187308085977482 0.00818833162743091 0.0184237461617195 0.00409416581371546 0.00511770726714432 0 0.00102354145342886 0 0.00204708290685773 21 148.512 0.849542252005017 1.91388799389312 0.521778587954529 2.66666666667 0.31746031746 3 3 1.03090826604 0.555974603164 1.44028599748 0.047619047619 0.238095238095 25 3 0 86 99 114 0 543 183 8 18 4 5 0 1 0 2 21 0.4368092826876 0.02080044203274 0.2563235397544 0.009024287146654 0.598485530969664 0.195011337868481 57
110 0 0 67 0.14968814968815 0.205821205821206 0 0.222453222453222 0.234927234927235 0.0727650727650728 0.0602910602910603 0.0166320166320166 0.00415800415800416 0 0.0291060291060291 0.00207900207900208 0.00207900207900208 14 102.526 0.864705978247049 1.5536888851646 0.710455864335425 2.64285714286 0.372448979592 3 3 -0.285125083348 0.369859844681 0.542077275728 0.0714285714286 0 110 3 0 67 72 99 0 107 113 35 29 8 2 0 14 1 1 14 0.3457304751352 0.02469503393824 0.1957973423462 0.01153331790686 0.289344237338787 0.341836734693878 58
65 0 0 271 0.0660443407234539 0.228704784130688 0 0.310385064177363 0.308751458576429 0.0308051341890315 0.0375729288214702 0.00536756126021003 0.00396732788798133 0.000466744457409568 0.00630105017502917 0.000700116686114352 0.000933488914819137 30 224.8649 0.874800415362767 1.40053798939195 0.598198938460688 2.06666666667 0.395555555556 2 3 -0.0908274465945 0.107385903658 0.16736416095 0.166666666667 0.133333333333 65 3 0 271 283 980 0 1330 1323 132 161 23 17 2 27 3 4 30 3.698057788632 0.1232685929544 0.5199645125498 0.04392940903532 0.302177405794828 0.301111111111111 59
107 0 0 122 0.0962566844919786 0.181818181818182 0 0.39877769289534 0.184110007639419 0.0359052711993888 0.0779220779220779 0.00381970970206264 0.00458365164247517 0.000763941940412529 0.0160427807486631 0 0 21 157.7014 0.875616254077365 1.30102999566398 0.837908360055425 2.71428571429 0.299319727891 3 3 -0.279611800819 0.315669806433 0.438725165002 0.047619047619 0.238095238095 107 3 0 122 126 238 0 522 241 47 102 5 6 1 21 0 0 21 0.7881042079696 0.03752877180808 0.5608550413218 0.01136245833238 0.500507495380012 0.276643990929705 60
24 0 0 88 0.105210420841683 0.119238476953908 0 0.540080160320641 0.197394789579158 0.00801603206412826 0.0180360721442886 0.00400801603206413 0.00501002004008016 0 0.00100200400801603 0 0.00200400801603206 21 160.046 0.882025529640524 1.91388799389312 0.59124274258351 2.66666666667 0.31746031746 3 3 0.982186608243 0.46985056912 1.44762684266 0.047619047619 0.238095238095 24 3 0 88 105 119 0 539 197 8 18 4 5 0 1 0 2 21 0.4272188725226 0.0203437558344 0.2501050332708 0.008855691962588 0.572411588175906 0.199546485260771 61
100 0 0 14 0.087719298245614 0.140350877192982 0 0.280701754385965 0.298245614035088 0.105263157894737 0.0526315789473684 0 0 0 0.0350877192982456 0 0 7 54.65 0.892492126271306 1.1832698436828 0.817344971442151 2.57142857143 0.530612244898 3 3 0.0876950950025 1.38455036546 1.0393492741 0.142857142857 0 100 3 0 14 5 8 0 16 17 6 3 0 0 0 2 0 0 7 0.3404460222404 0.04863514603438 0.1936511746766 0.02446580792734 0.288065018499614 0.285714285714286 62
32 0 0 69 0.101694915254237 0.13135593220339 0 0.141949152542373 0.228813559322034 0.150423728813559 0.076271186440678 0.0190677966101695 0.038135593220339 0 0.0911016949152542 0.0127118644067797 0.00847457627118644 15 118.56176 0.897853378548137 1.00040370617388 0.879683132448993 2.46666666667 0.648888888889 3 4 0.158176040736 0.37488689385 0.234724617436 0.133333333333 0.133333333333 32 3 0 69 48 62 0 67 108 71 36 9 18 0 43 6 4 15 1.898294132004 0.1265529421336 0.8373586705746 0.01719821468118 0.209614293199345 0.306666666666667 63
56 0 0 68 0.109677419354839 0.124731182795699 0 0.133333333333333 0.23010752688172 0.152688172043011 0.0774193548387097 0.0193548387096774 0.0387096774193548 0 0.0924731182795699 0.0129032258064516 0.00860215053763441 15 118.71816 0.898425897847943 1.00040370617388 0.880371864293705 2.46666666667 0.648888888889 3 4 0.183588905427 0.431497821469 0.284234850802 0.133333333333 0.133333333333 56 3 0 68 51 58 0 62 107 71 36 9 18 0 43 6 4 15 1.898369453012 0.126557963534 0.8371740140034 0.01723241730788 0.198502926928464 0.302222222222222 64
12 0 0 141 0.0969387755102041 0.0821995464852608 0 0.486961451247166 0.126984126984127 0.0634920634920635 0.0674603174603175 0.00283446712018141 0.032312925170068 0.000566893424036281 0.0357142857142857 0.00396825396825397 0.000566893424036281 28 224.686476 0.904418901444817 1.67355491764784 0.700206236348894 2.57142857143 0.387755102041 3 3 0.597176848126 0.508568184855 1.19351818889 0.0714285714286 0.357142857143 12 4.25 0 141 171 145 0 859 224 112 119 5 57 1 63 7 1 28 1.492080399112 0.05328858568255 0.5436102491965 0.01557153464302 0.684380438291158 0.17984693877551 65
105 0 0 69 0.144486692015209 0.188212927756654 0 0.247148288973384 0.252851711026616 0.0836501901140684 0.0665399239543726 0 0 0 0.0171102661596958 0 0 15 122.119 0.910691980263718 1.44870631990508 0.705067258126927 2.4 0.506666666667 3 3 -0.277472894733 0.62536314826 0.961284855206 0.133333333333 0 105 3 0 69 76 99 0 130 133 44 35 0 0 0 9 0 0 15 1.551015920212 0.1034010613476 0.5512654864294 0.03449884210412 0.296104107522672 0.306666666666667 66
19 0 0 462 0.0809426229508197 0.218693078324226 0.00102459016393443 0.263888888888889 0.278574681238616 0.0579462659380692 0.052367941712204 0.0140027322404372 0.00990437158469945 0.00239071038251366 0.0136612021857923 0.00330145719489982 0.00330145719489982 38 309.646665 0.911082810254629 1.49158144727301 0.737061391733007 2 0.210526315789 2 3 -0.346751355275 0.0764753197951 0.104513651789 0.105263157895 0.0789473684211 19 3 0 462 711 1921 9 2318 2447 509 460 123 87 21 120 29 29 38 2.556704897736 0.0672817078351 0.4219629909378 0.0255544980583 0.289428935622556 0.31994459833795 67
78 0 0 91 0.0922330097087379 0.181229773462783 0 0.0809061488673139 0.160194174757282 0.213592233009709 0.0922330097087379 0.0323624595469256 0 0 0.124595469255663 0.0226537216828479 0 15 143.832 0.98176426035241 1.38377947239126 0.865768876193498 2.26666666667 0.462222222222 2 3 -0.732187199725 0.0449146406474 0.385028194996 0.133333333333 0 78 3 0 91 57 112 0 50 99 132 57 20 0 0 77 14 0 15 1.59638529905 0.1064256866036 0.6276879972828 0.0262314849604 0.177551073814724 0.404444444444444 68
88 0 0 226 0.123395565927655 0.192532088681447 0 0.347141190198366 0.292882147024504 0.0134189031505251 0.0256709451575263 0.00116686114352392 0.000875145857642941 0 0.00262543757292882 0 0.00029171528588098 29 286.4678 0.994677814902779 1.54207814633563 0.844973460763403 2.13793103448 0.325802615933 2 3 0.0225428415875 -0.0173357317936 0.1606558242 0.103448275862 0.206896551724 88 3 0 226 423 660 0 1190 1004 46 88 4 3 0 9 0 1 29 2.25333265686 0.07770112609864 0.5411671590944 0.0242242761376 0.339502910429692 0.268727705112961 69
41 0 0 69 0.0901639344262295 0.0655737704918033 0 0.516393442622951 0.304644808743169 0.00683060109289617 0.0136612021857923 0 0 0 0.00273224043715847 0 0 20 204.77 1.01023633462413 1.68484536164441 0.778030596269026 2.1 0.29 2 3 0.118505535798 0.283400529868 0.874929011791 0.1 0.35 41 3 0 69 66 48 0 378 223 5 10 0 0 0 2 0 0 20 1.20796903944 0.06039845197202 0.4190345811634 0.02054999317298 0.430569608954579 0.1725 70
42 0 0 43 0.0706806282722513 0.0837696335078534 0 0.510471204188482 0.31413612565445 0.00261780104712042 0.0157068062827225 0 0 0 0.00261780104712042 0 0 15 156.831 1.01934065259795 1.78211414747907 0.837412556645574 2.06666666667 0.195555555556 2 3 0.391686507962 0.930662847305 1.53025496766 0.0666666666667 0.333333333333 42 3 0 43 27 32 0 195 120 1 6 0 0 0 1 0 0 15 0.3416671689034 0.02277781126022 0.1994985415104 0.01015490195664 0.419129307741976 0.191111111111111 71
38 0 0 39 0.144628099173554 0.115702479338843 0 0.338842975206612 0.305785123966942 0.0413223140495868 0.0413223140495868 0 0 0 0.012396694214876 0 0 15 165.63 1.04304774280412 1.26631011042624 0.963157958516083 2.13333333333 0.515555555556 2 3 0.171857799318 0.359523604746 1.40392078949 0.2 0.0666666666667 38 3 0 39 35 28 0 82 74 10 10 0 0 0 3 0 0 15 1.677039475954 0.1118026317302 0.4609341373994 0.02451975531292 0.323892878623485 0.173333333333333 72
70 0 0 101 0.114961961115807 0.0794590025359256 0 0.535080304311074 0.180896027049873 0.0253592561284869 0.0126796280642434 0.00929839391377853 0.0270498732037194 0 0.00169061707523246 0 0.0135249366018597 26 288.205957 1.04472960513967 1.66517746315803 0.911361734675754 2.61538461538 0.467455621302 3 4 0.920854060394 0.0593140443849 1.0939315812 0.0769230769231 0.423076923077 70 3 0 101 136 94 0 633 214 30 15 11 32 0 2 0 16 26 1.340950492586 0.05157501894562 0.4413397770284 0.01909462243874 0.597469636981516 0.149408284023669 73
50 0 0 21 0.0441176470588235 0.132352941176471 0 0 0.0588235294117647 0.323529411764706 0.176470588235294 0.0147058823529412 0 0 0.25 0 0 6 67.331 1.05006381427248 0.86876195821205 1.07873948872632 2 0.333333333333 2 3 -1.41421356237 -0.580547281756 -0.3577708764 0.166666666667 0 50 3 0 21 3 9 0 0 4 22 12 1 0 0 17 0 0 6 0.7696481496744 0.1282746916122 0.5441848672122 0.04509265649242 0 0.583333333333333 74
47 0 0 36 0.092 0.104 0 0.48 0.228 0.028 0.056 0 0 0 0.012 0 0 13 149.6 1.0609882412219 1.40936947045338 0.860936620700094 1.92307692308 0.378698224852 2 3 0.511096101829 -0.492208850241 0.714325333467 0.230769230769 0.307692307692 47 3 0 36 23 26 0 120 57 7 14 0 0 0 3 0 0 13 1.569185211698 0.1207065547462 0.3659944718906 0.0471201796029 0.492098410689315 0.21301775147929 75
35 0 0 111 0.0690221857025472 0.200493015612161 0 0.412489728841413 0.254724732949877 0.0320460147904684 0.0139687756778965 0.00821692686935086 0.000821692686935086 0 0.00410846343467543 0 0.00410846343467543 20 239.73 1.07869238972221 2.21129945722985 0.608092310784581 2.5 0.35 3 3 -0.209874519022 0.623037530335 0.832557293982 0.05 0.15 35 3 0 111 84 244 0 502 310 39 17 10 1 0 5 0 5 20 0.5821663614488 0.02910831807244 0.359689646207 0.01170930080218 0.418194335406903 0.2775 76.5
36 0 0 111 0.0690221857025472 0.200493015612161 0 0.412489728841413 0.254724732949877 0.0320460147904684 0.0139687756778965 0.00821692686935086 0.000821692686935086 0 0.00410846343467543 0 0.00410846343467543 20 239.73 1.07869238972221 2.21129945722985 0.608092310784581 2.5 0.35 3 3 -0.209874519022 0.623037530335 0.832557293982 0.05 0.15 36 3 0 111 84 244 0 502 310 39 17 10 1 0 5 0 5 20 0.5817016923314 0.02908508461658 0.359430093734 0.01169850518932 0.418194335406903 0.2775 76.5
113 0 0 38 0.102150537634409 0.134408602150538 0 0.193548387096774 0.188172043010753 0.155913978494624 0.0967741935483871 0.010752688172043 0.021505376344086 0.00537634408602151 0.0860215053763441 0 0.00537634408602151 11 147.736 1.12809365102084 1.30102999566398 1.10631331228285 2.54545454545 0.429752066116 3 3 -0.0647257674613 0.554972896402 1.43548725619 0.0909090909091 0 113 3 0 38 19 25 0 36 35 29 18 2 4 1 16 0 1 11 0.7892184004896 0.07174712731722 0.5536845578236 0.02355338426662 0.3071903043688 0.31404958677686 78
98 0 0 129 0.0808709175738725 0.237169517884914 0 0.277604976671851 0.242612752721617 0.0552099533437014 0.0684292379471229 0.0101088646967341 0.0101088646967341 0 0.0147744945567652 0 0.0031104199066874 19 263.519 1.14205833281742 2.07953035084307 0.137391349911913 2 0.210526315789 2 3 -0.704296390367 0.0427766192334 0.0930951375701 0.105263157895 0 98 3 0 129 104 305 0 357 312 71 88 13 13 0 19 0 4 19 1.47008070581 0.07737266872676 0.4936821330264 0.02839508469152 0.33127152374938 0.357340720221607 79
15 0 0 58 0.130177514792899 0.0611439842209073 0 0.282051282051282 0.455621301775148 0.0414201183431953 0.0216962524654832 0 0 0 0.00788954635108481 0 0 20 282.373 1.14979317224128 1.45479533237517 1.02218599776485 2 0.4 2 3 1.28771517769 1.43136482939 0.100038288588 0.2 0.15 15 4.25 0 58 66 31 0 143 231 21 11 0 0 0 4 0 0 20 1.7779310152505 0.08889655076252 0.26411035165975 0.04509310053825 0.209259622308336 0.145 80
64 0 0 545 0.0745323097562793 0.148319296414996 0 0.392487143176567 0.308936423939778 0.025340985317135 0.0297383915927555 0.00588805247074607 0.005068197063427 0.000223596929268838 0.00708056942684654 0.00149064619512559 0.000894387717075352 49 692.745751 1.15037779066255 1.71090703562061 0.99581355868119 2.20408163265 0.36651395252 2 3 -0.0154885629986 0.277289455207 0.590803396764 0.102040816327 0.0816326530612 64 3 0 545 1000 1990 0 5266 4145 340 399 79 68 3 95 20 12 49 2.504876711546 0.05111993288864 0.3129097301962 0.02137109228546 0.356111238531115 0.226988754685548 81
60 0 0 43 0.226337448559671 0.11522633744856 0 0.246913580246914 0.246913580246914 0.0699588477366255 0.0699588477366255 0 0 0 0.0246913580246914 0 0 15 216.402 1.15917001117252 1.3095556497251 1.08834875228853 2 0.533333333333 2 3 -0.246257864737 -0.729601784021 0.197982886906 0.266666666667 0.133333333333 60 3 0 43 55 28 0 60 60 17 17 0 0 0 6 0 0 15 3.047301346548 0.2031534231032 0.5464476217864 0.07831916903672 0.301029995663981 0.191111111111111 82
74 0 0 83 0.104895104895105 0.0862470862470862 0 0.46969696969697 0.212121212121212 0.0372960372960373 0.0687645687645688 0.00233100233100233 0 0 0.013986013986014 0 0.00466200466200466 19 295.2562 1.19144542505336 1.73578646801722 1.04001842124517 2.47368421053 0.459833795014 3 3 0.605614756522 -0.187810927099 0.379110721843 0.105263157895 0.368421052632 74 3 0 83 90 74 0 403 182 32 59 2 0 0 12 0 4 19 1.335921945034 0.0703116813176 0.4495739023566 0.02569259648952 0.507084478097106 0.229916897506925 83
75 0 0 84 0.112941176470588 0.0917647058823529 0 0.449411764705882 0.218823529411765 0.0352941176470588 0.0682352941176471 0.00235294117647059 0.00235294117647059 0 0.0141176470588235 0 0.00470588235294118 19 319.002 1.22503980494605 1.72411195396121 1.09801630914885 2.47368421053 0.459833795014 3 3 0.585571710673 -0.410535829577 0.315005035964 0.105263157895 0.368421052632 75 3 0 84 96 78 0 382 186 30 58 2 2 0 12 0 4 19 1.337129628382 0.07037524359918 0.4499804513424 0.02571580739412 0.484835391493103 0.232686980609418 84
91 0 0 52 0.106521739130435 0.0543478260869565 0 0.365217391304348 0.406521739130435 0.0260869565217391 0.0326086956521739 0 0 0 0.00869565217391304 0 0 16 271.769 1.23007993369654 1.68859110315648 0.804434770314477 1.875 0.359375 2 3 0.644526927128 0.692628807711 0.822942636094 0.25 0.0625 91 3 0 52 49 25 0 168 187 12 15 0 0 0 4 0 0 16 1.911146832904 0.1194466770564 0.2879113073452 0.06329180029344 0.278386746518595 0.203125 85
81 0 0 56 0.0993227990970655 0.126410835214447 0 0.397291196388262 0.293453724604966 0.0293453724604966 0.0203160270880361 0.00677200902934537 0.0112866817155756 0 0.0090293453724605 0 0.00677200902934537 16 272.681 1.23153489535674 1.66517746315803 1.1095472113967 2.25 0.4375 2 3 0.480246564251 0.460847790882 0.17386030383 0.125 0.3125 81 3 0 56 44 56 0 176 130 13 9 3 5 0 4 0 3 16 1.078138677992 0.06738366737436 0.3356076839814 0.0290659507162 0.371778074174743 0.21875 86
99 0 0 14 0.087719298245614 0.140350877192982 0 0.280701754385965 0.298245614035088 0.105263157894737 0.0526315789473684 0 0 0 0.0350877192982456 0 0 7 120.216 1.2348642333865 1.33745926129066 1.21513504548026 2.57142857143 0.530612244898 3 3 0.0876950950025 1.38455036546 1.0393492741 0.142857142857 0 99 3 0 14 5 8 0 16 17 6 3 0 0 0 2 0 0 7 0.3412486760258 0.04874981086082 0.192244990589 0.02483394757282 0.288065018499614 0.285714285714286 87
111 0 0 224 0.108683314415437 0.132519863791146 0 0.426503972758229 0.274687854710556 0.018161180476731 0.0320658342792281 0.000283768444948922 0.00283768444948922 0 0.00368898978433598 0 0.000567536889897843 33 568.843 1.23647847828924 1.8472239732057 1.14024034058932 2.33333333333 0.40404040404 2 3 0.230697693949 0.56842930647 0.68356614297 0.0606060606061 0.121212121212 111 3 0 224 383 467 0 1503 968 64 113 1 10 0 13 0 2 33 1.689005637028 0.05118198900082 0.6246488898604 0.01418412442928 0.406997388093686 0.205693296602387 88
34 0 0 168 0.0686860068259386 0.148464163822526 0 0.376279863481229 0.319965870307167 0.0264505119453925 0.0409556313993174 0.00341296928327645 0.00639931740614334 0 0.00767918088737201 0 0.00170648464163823 25 446.07888 1.2514716529991 2.27205405694442 0.494976167793637 2.08 0.2336 2 3 0.372762783875 0.636204431515 0.946591246611 0.08 0.04 34 3 0 168 161 348 0 882 750 62 96 8 15 0 18 0 4 25 0.988057495273 0.0395222998109 0.301952652486 0.01670226914352 0.337658891026142 0.2688 89
58 0 0 28 0.109090909090909 0.172727272727273 0 0.0909090909090909 0.245454545454545 0.190909090909091 0.127272727272727 0 0 0 0.0636363636363636 0 0 9 167.399 1.26951034985868 1.76189778239907 0.869290404209398 1.88888888889 0.320987654321 2 3 -0.332386062984 -0.213897258985 0.577380189683 0.222222222222 0 58 3 0 28 12 19 0 10 27 21 14 0 0 0 7 0 0 9 1.595120626068 0.1772356251182 0.5713843528626 0.06462170290578 0.136837959908008 0.345679012345679 90
4 0 0 56 0.116915422885572 0.131840796019901 0 0.310945273631841 0.211442786069652 0.082089552238806 0.0572139303482587 0.0248756218905473 0.00248756218905473 0.00746268656716418 0.0472636815920398 0.00497512437810945 0.00248756218905473 13 312.85454 1.38139910933338 2.47712125471966 0.0298752939729702 2.38461538462 0.390532544379 2 3 0.75984375 0.758571030423 0.171172794304 0.0769230769231 0 4 4.25 0 56 47 53 0 125 85 33 23 10 1 3 19 2 1 13 0.37415440369145 0.02878110797627 0.21420302290345 0.01332928173234 0.392800369019627 0.331360946745562 91
22 0 0 36 0.176795580110497 0.287292817679558 0 0.116022099447514 0.30939226519337 0.0662983425414365 0.0276243093922652 0 0 0 0.0165745856353591 0 0 10 256.397 1.40891293936836 1.96614173273903 0.950589976733559 2 0.4 2 3 -0.410158627173 -0.272525800226 -0.510690383587 0.2 0 22 3 0 36 32 52 0 21 56 12 5 0 0 0 3 0 0 10 1.368635376312 0.1368635376312 0.5078862487808 0.0441078598435 0.138302698166281 0.36 92
13 0 0 63 0.135523613963039 0.15605749486653 0 0.305954825462012 0.275154004106776 0.0513347022587269 0.0492813141683778 0.00616016427104723 0.00410677618069815 0.00205338809034908 0.0102669404517454 0 0.00410677618069815 15 429.668 1.45704175126974 2.24735942246894 0.767829199842279 2.2 0.426666666667 2 3 -0.379164858414 -0.0913499076177 0.330164078636 0.133333333333 0.133333333333 13 4.25 0 63 66 76 0 149 134 25 24 3 2 1 5 0 2 15 0.9854787271815 0.06569858181211 0.305988128003 0.02873095932118 0.324681637159483 0.28 93
92 0 0 162 0.151425762045231 0.185349065880039 0.00147492625368732 0.35693215339233 0.267453294001967 0.0206489675516224 0.0137659783677483 0 0 0 0.00294985250737463 0 0 26 827.68 1.50288911309356 1.62576503395 1.49088978438848 2.53846153846 0.402366863905 3 3 -0.412945280011 0.257571307232 0.503405708428 0.0769230769231 0.0384615384615 92 3 0 162 308 377 3 726 544 42 28 0 0 0 6 0 0 26 1.163980367174 0.04476847566052 0.3789528992058 0.01691977369842 0.368204821257777 0.239644970414201 94
46 0 0 15 0.21875 0.078125 0 0.234375 0.40625 0.046875 0 0 0 0 0.015625 0 0 9 296.9 1.51836768815687 1.92133959488839 0.890234666306543 1.88888888889 0.543209876543 2 3 -0.602350221011 0.13094570022 0.5 0.333333333333 0 46 3 0 15 14 5 0 15 26 3 0 0 0 0 1 0 0 9 1.534859274412 0.170539919379 0.311151831939 0.10023396309884 0.197810508748918 0.185185185185185 95
61 0 0 354 0.153610685960762 0.103241964658411 0 0.273688604424656 0.421733685821622 0.0249060804229859 0.0137748712953945 0.00417420342284681 0.000973980798664255 0.000139140114094894 0.00347850285237234 0.000139140114094894 0.000139140114094894 45 2421.1 1.73080021393605 2.36961006979764 1.17010306900727 2.02222222222 0.377283950617 2 3 0.482429223026 0.763089707428 0.590780910127 0.177777777778 0.0444444444444 61 3 0 354 1104 742 0 1967 3031 179 99 30 7 1 25 1 1 45 2.88020805394 0.06400462342084 0.2052080174788 0.0334741598408 0.217210315422809 0.174814814814815 96
71 0 0 24 0.220472440944882 0.110236220472441 0 0.377952755905512 0.118110236220472 0.0551181102362205 0.094488188976378 0 0 0 0.0236220472440945 0 0 11 602.158 1.73831777540987 2.24951264837795 1.43828033947774 2.27272727273 0.561983471074 2 3 0.913822115852 -0.334536793575 0.59497439823 0.181818181818 0.454545454545 71 3 0 24 28 14 0 48 15 7 12 0 0 0 3 0 0 11 1.428907428712 0.1299006753376 0.4934454728498 0.04911294255702 0.6232492903979 0.198347107438017 97
104 0 0 38 0.138157894736842 0.0921052631578947 0 0.453947368421053 0.315789473684211 0 0 0 0 0 0 0 0 13 724.81 1.74628082424213 2.39036008084307 1.32682165627683 2.15384615385 0.437869822485 2 3 0.472648958203 -0.296805874907 0.0579761290699 0.153846153846 0.307692307692 104 3 0 38 42 28 0 138 96 0 0 0 0 0 0 0 0 13 1.04536929815 0.08041302293458 0.3316843345774 0.03472732990868 0.386944624370574 0.224852071005917 98
1 0 0 58 0.141052631578947 0.122105263157895 0 0.36 0.311578947368421 0.0315789473684211 0.0252631578947368 0 0 0 0.00842105263157895 0 0 18 1071.421 1.77468764924904 2.34394890986862 1.5951323202236 2.55555555556 0.58024691358 3 4 0.771869348721 1.09865237714 1.02197360287 0.111111111111 0.111111111111 1 3.88461538461538 0 58 67 58 0 171 148 15 12 0 0 0 4 0 0 18 1.48426809906923 0.0824593388371039 0.5551301455105 0.0233754880029269 0.333528967662224 0.179012345679012 99
62 0 0 297 0.149393887655796 0.0887826532354448 0 0.279494621820044 0.448523134710603 0.0174150589038757 0.00853679358033123 0.00495134027659211 0.000170735871606625 0 0.00204883045927949 0 0.000682943486426498 42 2805.53 1.82476562664948 2.45379595417403 1.19364013975851 2.02380952381 0.404195011338 2 3 0.589451611928 1.18891539967 0.563683807033 0.190476190476 0.047619047619 62 3 0 297 875 520 0 1637 2627 102 50 29 1 0 12 0 4 42 2.791922970226 0.06647435643392 0.1993851272138 0.03520123389754 0.210357123232446 0.168367346938776 100.5
89 0 0 297 0.149393887655796 0.0887826532354448 0 0.279494621820044 0.448523134710603 0.0174150589038757 0.00853679358033123 0.00495134027659211 0.000170735871606625 0 0.00204883045927949 0 0.000682943486426498 42 2805.53 1.82476562664948 2.45379595417403 1.19364013975851 2.02380952381 0.404195011338 2 3 0.589451611928 1.18891539967 0.563683807033 0.190476190476 0.047619047619 89 3 0 297 875 520 0 1637 2627 102 50 29 1 0 12 0 4 42 2.795868043786 0.06656828675682 0.1995284839928 0.035283534466 0.210357123232446 0.168367346938776 100.5
40 0 0 40 0.182170542635659 0.0968992248062016 0 0.193798449612403 0.418604651162791 0.0542635658914729 0.0387596899224806 0 0 0 0.0155038759689922 0 0 15 1083.114 1.85858291037237 2.24235504914586 1.54318050048914 1.93333333333 0.462222222222 2 3 0.260822645489 0.536431492696 -0.466172684908 0.266666666667 0.133333333333 40 3 0 40 47 25 0 50 108 14 10 0 0 0 4 0 0 15 2.604403864344 0.1736269242894 0.444583747613 0.07509717035358 0.165233331467473 0.177777777777778 102
72 0 0 15 0.197368421052632 0.0394736842105263 0 0.25 0.513157894736842 0 0 0 0 0 0 0 0 11 891.3 1.90863122136525 2.2692793897719 1.32428245529769 1.81818181818 0.512396694215 2 3 0.976412872954 0.837136452088 -0.509116882454 0.363636363636 0.0909090909091 72 3 0 15 15 3 0 19 39 0 0 0 0 0 0 0 0 11 2.630861581786 0.2391692347076 0.4546320981916 0.1160475984314 0.172363386536438 0.12396694214876 103
26 0 0 57 0.130733944954128 0.105504587155963 0 0.396788990825688 0.231651376146789 0.0573394495412844 0.0619266055045872 0 0 0 0.0160550458715596 0 0 16 2021.064 2.10146008365837 2.35533847773866 2.07783356812036 2.5 0.375 3 3 0.0667345710508 0.499446909454 0.339027299431 0.0625 0.25 26 3 0 57 57 46 0 173 101 25 27 0 0 0 7 0 0 16 0.3563569775646 0.0222723110978 0.2022795704884 0.010271827138408 0.433429189037745 0.22265625 104
44 0 0 65 0.143667296786389 0.13421550094518 0 0.260869565217391 0.30812854442344 0.0737240075614367 0.056710775047259 0 0 0 0.0226843100189036 0 0 14 2062.501 2.1682661321107 3.00048830667111 0.70078301334692 2.07142857143 0.352040816327 2 3 -0.0280693559091 0.28356625986 0.40506419573 0.142857142857 0 44 3 0 65 76 71 0 138 163 39 30 0 0 0 12 0 0 14 0.9579854328056 0.06842753091468 0.2824585737822 0.03275569043676 0.266378891189886 0.331632653061224 105
39 0 0 30 0.136125654450262 0.130890052356021 0 0.324607329842932 0.408376963350785 0 0 0 0 0 0 0 0 12 2106.273 2.24433341458609 2.22453306260609 2.24818741642615 2.33333333333 0.555555555556 2.5 3 0 0.727213340866 0.969680330796 0.166666666667 0.0833333333333 39 3 0 30 26 25 0 62 78 0 0 0 0 0 0 0 0 12 0.7736087855 0.06446739879164 0.2231594005866 0.0327289984326 0.254033432987758 0.208333333333333 106
21 0 0 46 0 0.313559322033898 0 0.0889830508474576 0.283898305084746 0.156779661016949 0.105932203389831 0 0 0 0.0508474576271186 0 0 10 1889.923 2.27644411033392 2.73479982958885 2.0021244668852 1.8 0.16 2 2 -0.925312915906 0.0824942818181 -0.0125426881861 0.2 0 21 3 0 46 0 74 0 21 67 37 25 0 0 0 12 0 0 10 1.523846846032 0.1523846846032 0.5407873279274 0.05528402377206 0.118407869449342 0.46 107
73 0 0 142 0.0936807095343681 0.155764966740576 0 0.306541019955654 0.369733924611973 0.024390243902439 0.0399113082039911 0 0.00277161862527716 0 0.00720620842572062 0 0 23 4410.203 2.28273074432403 2.69779625884634 2.10427159977137 1.86956521739 0.200378071834 2 3 -0.417899279353 0.32257376988 0.18906708074 0.173913043478 0.0869565217391 73 3 0 142 169 281 0 553 667 44 72 0 5 0 13 0 0 23 2.806047174596 0.1220020510692 0.501553302841 0.0420965243806 0.262233996758199 0.268431001890359 108
101 0 0 132 0.134316134316134 0.133497133497133 0 0.147420147420147 0.193284193284193 0.144144144144144 0.0835380835380835 0.0311220311220311 0.0196560196560197 0.0040950040950041 0.0819000819000819 0.0122850122850123 0.0147420147420147 20 3902.485 2.29031124677393 2.68723160106507 2.15738298389303 2.1 0.39 2 3 0.456958058461 0.258542038594 -0.188891370245 0.15 0.05 101 3 0 132 164 163 0 180 236 176 102 38 24 5 100 15 18 20 1.626048542988 0.0813024271494 0.3391516031738 0.03579963138038 0.246181327656636 0.33 109
54 0 0 116 0.127255460588794 0.125356125356125 0 0.167141500474834 0.195631528964862 0.138651471984805 0.0721747388414055 0.0341880341880342 0.0208926875593542 0.00379867046533713 0.0816714150047483 0.0123456790123457 0.0208926875593542 19 6021.919 2.50098130862794 2.86446539467306 2.37864200940632 2.05263157895 0.365650969529 2 3 0.653483891256 0.382009332362 0.205930452355 0.157894736842 0.0526315789474 54 3 0 116 134 132 0 176 206 146 76 36 22 4 86 13 22 19 1.62819291214 0.08569436379682 0.3390374048426 0.03819254360072 0.268196142542555 0.321329639889197 110
82 0 0 137 0.0770279481935924 0.262440354464894 0 0.306748466257669 0.262440354464894 0.0613496932515337 0.0143149284253579 0.00204498977505112 0.0027266530334015 0 0.00954328561690525 0.000681663258350375 0.000681663258350375 21 9113.59 2.63747019201557 3.46284703583167 2.49210286402515 2.95238095238 0.426303854875 3 4 -0.75274488911 0.712553855294 0.50480688055 0.047619047619 0 82 3 0 137 113 385 0 450 385 90 21 3 4 0 14 1 1 21 0.3311542339132 0.01576924923398 0.190783906546 0.007018516368368 0.336225745975101 0.310657596371882 111
18 0 0 107 0.128060263653484 0.147834274952919 0 0.213747645951036 0.386064030131827 0.0527306967984934 0.0367231638418079 0.0112994350282486 0.00659133709981168 0.00188323917137476 0.0112994350282486 0 0.00376647834274953 20 36596.072 3.26240447770112 4.08508236197623 0.784793441279675 2.05 0.3475 2 3 -0.141379455759 0.263604304275 -0.350996803362 0.15 0.05 18 3 0 107 136 157 0 227 410 56 39 12 7 2 12 0 4 20 1.350103221284 0.06750516106414 0.2667136554928 0.03235072087082 0.191355575615615 0.2675 112
