114 1 0.0 4 8 3 0 33 18 2 7.96326799443e-42 2 5 
114 1 0.0 7 3 1 0 11 6 2 0.233876454515 2 1 
114 1 0.0 11 0 1 0 7 5 2 0.0159711381511 1 1 
114 1 0.0 6 1 0 0 1 4 1 0.411292151505 0 1 
114 1 0.0 10 1 2 0 16 5 2 1.227152399e-43 3 0 
114 1 0.0 1 4 1 0 7 10 1 0.266977849087 0 3 
114 1 0.0 8 3 1 0 10 2 3 1.95952406847e-20 2 0 
114 1 0.0 3 2 0 0 10 1 3 1.781644782e-78 1 0 
114 1 0.0 2 1 1 0 14 2 2 5.25051856981e-14 2 0 
114 1 0.0 9 4 2 0 12 12 1 0.16932850321 0 4 
114 1 0.0 5 0 0 0 14 4 2 0.308919262231 2 0 
114 1 2.0 4 8 3 0 33 18 2 1.41858043753e-88 2 5 
114 1 2.0 7 3 1 0 11 6 2 0.219033897687 2 1 
114 1 2.0 11 0 1 0 7 5 2 0.0144067949743 1 1 
114 1 2.0 6 1 0 0 1 4 1 0.574797320699 0 1 
114 1 2.0 10 1 2 0 16 5 2 1.66956701186e-37 3 0 
114 1 2.0 1 4 1 0 7 10 1 0.190342408435 0 3 
114 1 2.0 8 3 1 0 10 2 3 0.254444657383 2 0 
114 1 2.0 3 2 0 0 10 1 3 3.79520981234e-55 1 0 
114 1 2.0 2 1 1 0 14 2 2 2.76844934179e-08 2 0 
114 1 2.0 9 4 2 0 12 12 1 0.108915552302 0 4 
114 1 2.0 5 0 0 0 14 4 2 0.393600553425 2 0 
114 2 0.0 4 8 3 0 33 18 2 3.94995868846e-42 2 5 
114 2 0.0 7 3 1 0 11 6 2 0.233876454515 2 1 
114 2 0.0 11 0 1 0 7 5 2 0.0159711377488 1 1 
114 2 0.0 6 1 0 0 1 4 1 0.411292151505 0 1 
114 2 0.0 10 1 2 0 16 5 2 9.78404458974e-44 3 0 
114 2 0.0 1 4 1 0 7 10 1 0.26697785429 0 3 
114 2 0.0 8 3 1 0 10 2 3 2.16544685192e-20 2 0 
114 2 0.0 3 2 0 0 10 1 3 2.75734457912e-78 1 0 
114 2 0.0 2 1 1 0 14 2 2 3.59048201671e-14 2 0 
114 2 0.0 9 4 2 0 12 12 1 0.169328506634 0 4 
114 2 0.0 5 0 0 0 14 4 2 0.308919257792 2 0 
114 2 2.0 4 8 3 0 33 18 2 1.49388809968e-86 2 5 
114 2 2.0 7 3 1 0 11 6 2 0.219033897687 2 1 
114 2 2.0 11 0 1 0 7 5 2 0.0144067473447 1 1 
114 2 2.0 6 1 0 0 1 4 1 0.574797320699 0 1 
114 2 2.0 10 1 2 0 16 5 2 1.9268456968e-38 3 0 
114 2 2.0 1 4 1 0 7 10 1 0.19034247482 0 3 
114 2 2.0 8 3 1 0 10 2 3 0.254444657383 2 0 
114 2 2.0 3 2 0 0 10 1 3 2.6490649986e-55 1 0 
114 2 2.0 2 1 1 0 14 2 2 1.62907290415e-08 2 0 
114 2 2.0 9 4 2 0 12 12 1 0.108915475069 0 4 
114 2 2.0 5 0 0 0 14 4 2 0.393600581766 2 0 
114 3 0.0 4 8 3 0 33 18 2 1.82045568005e-43 2 5 
114 3 0.0 7 3 1 0 11 6 2 0.233876454515 2 1 
114 3 0.0 11 0 1 0 7 5 2 0.0159711383926 1 1 
114 3 0.0 6 1 0 0 1 4 1 0.411292151505 0 1 
114 3 0.0 10 1 2 0 16 5 2 1.89410515589e-43 3 0 
114 3 0.0 1 4 1 0 7 10 1 0.266977863805 0 3 
114 3 0.0 8 3 1 0 10 2 3 2.09623947758e-20 2 0 
114 3 0.0 3 2 0 0 10 1 3 5.33245021426e-78 1 0 
114 3 0.0 2 1 1 0 14 2 2 5.74282623799e-14 2 0 
114 3 0.0 9 4 2 0 12 12 1 0.169328515613 0 4 
114 3 0.0 5 0 0 0 14 4 2 0.308919272894 2 0 
114 3 2.0 4 8 3 0 33 18 2 2.14039752243e-84 2 5 
114 3 2.0 7 3 1 0 11 6 2 0.219033897687 2 1 
114 3 2.0 11 0 1 0 7 5 2 0.0144067510427 1 1 
114 3 2.0 6 1 0 0 1 4 1 0.574797320699 0 1 
114 3 2.0 10 1 2 0 16 5 2 4.569793734e-38 3 0 
114 3 2.0 1 4 1 0 7 10 1 0.190342530103 0 3 
114 3 2.0 8 3 1 0 10 2 3 0.254444657383 2 0 
114 3 2.0 3 2 0 0 10 1 3 1.28304713404e-55 1 0 
114 3 2.0 2 1 1 0 14 2 2 9.18344832045e-09 2 0 
114 3 2.0 9 4 2 0 12 12 1 0.108915446821 0 4 
114 3 2.0 5 0 0 0 14 4 2 0.393600653819 2 0 
114 4 0.0 4 8 3 0 33 18 2 6.76197710978e-43 2 5 
114 4 0.0 7 3 1 0 11 6 2 0.233876454515 2 1 
114 4 0.0 11 0 1 0 7 5 2 0.0159711349627 1 1 
114 4 0.0 6 1 0 0 1 4 1 0.411292151505 0 1 
114 4 0.0 10 1 2 0 16 5 2 5.01364028558e-44 3 0 
114 4 0.0 1 4 1 0 7 10 1 0.266977878935 0 3 
114 4 0.0 8 3 1 0 10 2 3 3.39545568895e-20 2 0 
114 4 0.0 3 2 0 0 10 1 3 9.32977790099e-78 1 0 
114 4 0.0 2 1 1 0 14 2 2 1.12667606223e-14 2 0 
114 4 0.0 9 4 2 0 12 12 1 0.169328519433 0 4 
114 4 0.0 5 0 0 0 14 4 2 0.308919214524 2 0 
114 4 2.0 4 8 3 0 33 18 2 2.57464474405e-87 2 5 
114 4 2.0 7 3 1 0 11 6 2 0.219033897687 2 1 
114 4 2.0 11 0 1 0 7 5 2 0.014406812032 1 1 
114 4 2.0 6 1 0 0 1 4 1 0.574797320699 0 1 
114 4 2.0 10 1 2 0 16 5 2 1.36718851289e-37 3 0 
114 4 2.0 1 4 1 0 7 10 1 0.190342522945 0 3 
114 4 2.0 8 3 1 0 10 2 3 0.254444657383 2 0 
114 4 2.0 3 2 0 0 10 1 3 4.7823650189e-55 1 0 
114 4 2.0 2 1 1 0 14 2 2 7.06254134445e-08 2 0 
114 4 2.0 9 4 2 0 12 12 1 0.108915463332 0 4 
114 4 2.0 5 0 0 0 14 4 2 0.393600572678 2 0 
114 5 0.0 4 8 3 0 33 18 2 1.87709147389e-43 2 5 
114 5 0.0 7 3 1 0 11 6 2 0.233876454515 2 1 
114 5 0.0 11 0 1 0 7 5 2 0.0159711354218 1 1 
114 5 0.0 6 1 0 0 1 4 1 0.411292151505 0 1 
114 5 0.0 10 1 2 0 16 5 2 1.40699332588e-43 3 0 
114 5 0.0 1 4 1 0 7 10 1 0.266977836979 0 3 
114 5 0.0 8 3 1 0 10 2 3 2.82372547433e-20 2 0 
114 5 0.0 3 2 0 0 10 1 3 5.89712073226e-78 1 0 
114 5 0.0 2 1 1 0 14 2 2 4.29649837004e-14 2 0 
114 5 0.0 9 4 2 0 12 12 1 0.169328487757 0 4 
114 5 0.0 5 0 0 0 14 4 2 0.308919207493 2 0 
114 5 2.0 4 8 3 0 33 18 2 1.85939950376e-83 2 5 
114 5 2.0 7 3 1 0 11 6 2 0.219033897687 2 1 
114 5 2.0 11 0 1 0 7 5 2 0.0144067705356 1 1 
114 5 2.0 6 1 0 0 1 4 1 0.574797320699 0 1 
114 5 2.0 10 1 2 0 16 5 2 7.67326924746e-38 3 0 
114 5 2.0 1 4 1 0 7 10 1 0.190342497449 0 3 
114 5 2.0 8 3 1 0 10 2 3 0.254444657383 2 0 
114 5 2.0 3 2 0 0 10 1 3 2.75871288481e-55 1 0 
114 5 2.0 2 1 1 0 14 2 2 1.52234682387e-08 2 0 
114 5 2.0 9 4 2 0 12 12 1 0.108915500031 0 4 
114 5 2.0 5 0 0 0 14 4 2 0.393600601398 2 0 
114 6 0.0 4 8 3 0 33 18 2 7.33290551155e-43 2 5 
114 6 0.0 7 3 1 0 11 6 2 0.233876454515 2 1 
114 6 0.0 11 0 1 0 7 5 2 0.0159711359905 1 1 
114 6 0.0 6 1 0 0 1 4 1 0.411292151505 0 1 
114 6 0.0 10 1 2 0 16 5 2 1.05944898321e-43 3 0 
114 6 0.0 1 4 1 0 7 10 1 0.266977843655 0 3 
114 6 0.0 8 3 1 0 10 2 3 1.5607789784e-20 2 0 
114 6 0.0 3 2 0 0 10 1 3 7.59205548387e-78 1 0 
114 6 0.0 2 1 1 0 14 2 2 2.38772012768e-14 2 0 
114 6 0.0 9 4 2 0 12 12 1 0.169328494384 0 4 
114 6 0.0 5 0 0 0 14 4 2 0.308919221435 2 0 
114 6 2.0 4 8 3 0 33 18 2 1.14946578421e-83 2 5 
114 6 2.0 7 3 1 0 11 6 2 0.219033897687 2 1 
114 6 2.0 11 0 1 0 7 5 2 0.014406776169 1 1 
114 6 2.0 6 1 0 0 1 4 1 0.574797320699 0 1 
114 6 2.0 10 1 2 0 16 5 2 1.49084345765e-37 3 0 
114 6 2.0 1 4 1 0 7 10 1 0.19034246201 0 3 
114 6 2.0 8 3 1 0 10 2 3 0.254444657383 2 0 
114 6 2.0 3 2 0 0 10 1 3 7.39708603148e-56 1 0 
114 6 2.0 2 1 1 0 14 2 2 1.6282862761e-08 2 0 
114 6 2.0 9 4 2 0 12 12 1 0.108915485882 0 4 
114 6 2.0 5 0 0 0 14 4 2 0.393600511719 2 0 
114 7 0.0 4 8 3 0 33 18 2 2.59391357621e-41 2 5 
114 7 0.0 7 3 1 0 11 6 2 0.233876454515 2 1 
114 7 0.0 11 0 1 0 7 5 2 0.0159711343831 1 1 
114 7 0.0 6 1 0 0 1 4 1 0.411292151505 0 1 
114 7 0.0 10 1 2 0 16 5 2 5.69688892514e-44 3 0 
114 7 0.0 1 4 1 0 7 10 1 0.266977867761 0 3 
114 7 0.0 8 3 1 0 10 2 3 1.8723307628e-20 2 0 
114 7 0.0 3 2 0 0 10 1 3 4.01739284955e-78 1 0 
114 7 0.0 2 1 1 0 14 2 2 2.3516452049e-14 2 0 
114 7 0.0 9 4 2 0 12 12 1 0.169328510414 0 4 
114 7 0.0 5 0 0 0 14 4 2 0.308919203037 2 0 
114 7 2.0 4 8 3 0 33 18 2 4.02077859082e-89 2 5 
114 7 2.0 7 3 1 0 11 6 2 0.219033897687 2 1 
114 7 2.0 11 0 1 0 7 5 2 0.0144067426923 1 1 
114 7 2.0 6 1 0 0 1 4 1 0.574797320699 0 1 
114 7 2.0 10 1 2 0 16 5 2 5.93953088339e-38 3 0 
114 7 2.0 1 4 1 0 7 10 1 0.190342490828 0 3 
114 7 2.0 8 3 1 0 10 2 3 0.254444657383 2 0 
114 7 2.0 3 2 0 0 10 1 3 4.82646478739e-55 1 0 
114 7 2.0 2 1 1 0 14 2 2 9.23785917781e-09 2 0 
114 7 2.0 9 4 2 0 12 12 1 0.108915476381 0 4 
114 7 2.0 5 0 0 0 14 4 2 0.393600663261 2 0 
114 8 0.0 4 8 3 0 33 18 2 3.56621779076e-43 2 5 
114 8 0.0 7 3 1 0 11 6 2 0.233876454515 2 1 
114 8 0.0 11 0 1 0 7 5 2 0.0159711389854 1 1 
114 8 0.0 6 1 0 0 1 4 1 0.411292151505 0 1 
114 8 0.0 10 1 2 0 16 5 2 1.9562395694e-43 3 0 
114 8 0.0 1 4 1 0 7 10 1 0.266977844216 0 3 
114 8 0.0 8 3 1 0 10 2 3 2.82897150678e-20 2 0 
114 8 0.0 3 2 0 0 10 1 3 3.64237757418e-78 1 0 
114 8 0.0 2 1 1 0 14 2 2 1.9174050101e-13 2 0 
114 8 0.0 9 4 2 0 12 12 1 0.169328500557 0 4 
114 8 0.0 5 0 0 0 14 4 2 0.308919273673 2 0 
114 8 2.0 4 8 3 0 33 18 2 7.9223853231e-85 2 5 
114 8 2.0 7 3 1 0 11 6 2 0.219033897687 2 1 
114 8 2.0 11 0 1 0 7 5 2 0.0144067743173 1 1 
114 8 2.0 6 1 0 0 1 4 1 0.574797320699 0 1 
114 8 2.0 10 1 2 0 16 5 2 5.86294343486e-38 3 0 
114 8 2.0 1 4 1 0 7 10 1 0.19034259137 0 3 
114 8 2.0 8 3 1 0 10 2 3 0.254444657383 2 0 
114 8 2.0 3 2 0 0 10 1 3 1.3298569594e-55 1 0 
114 8 2.0 2 1 1 0 14 2 2 5.82693413124e-09 2 0 
114 8 2.0 9 4 2 0 12 12 1 0.108915392161 0 4 
114 8 2.0 5 0 0 0 14 4 2 0.393600573734 2 0 
114 9 0.0 4 8 3 0 33 18 2 9.13992950909e-41 2 5 
114 9 0.0 7 3 1 0 11 6 2 0.233876454515 2 1 
114 9 0.0 11 0 1 0 7 5 2 0.0159711343791 1 1 
114 9 0.0 6 1 0 0 1 4 1 0.411292151505 0 1 
114 9 0.0 10 1 2 0 16 5 2 1.49628059458e-43 3 0 
114 9 0.0 1 4 1 0 7 10 1 0.26697784499 0 3 
114 9 0.0 8 3 1 0 10 2 3 2.15224985969e-20 2 0 
114 9 0.0 3 2 0 0 10 1 3 2.95005719902e-78 1 0 
114 9 0.0 2 1 1 0 14 2 2 4.92808139304e-14 2 0 
114 9 0.0 9 4 2 0 12 12 1 0.169328492072 0 4 
114 9 0.0 5 0 0 0 14 4 2 0.308919192124 2 0 
114 9 2.0 4 8 3 0 33 18 2 1.63293589353e-85 2 5 
114 9 2.0 7 3 1 0 11 6 2 0.219033897687 2 1 
114 9 2.0 11 0 1 0 7 5 2 0.0144068243641 1 1 
114 9 2.0 6 1 0 0 1 4 1 0.574797320699 0 1 
114 9 2.0 10 1 2 0 16 5 2 2.96524786994e-38 3 0 
114 9 2.0 1 4 1 0 7 10 1 0.190342599849 0 3 
114 9 2.0 8 3 1 0 10 2 3 0.254444657383 2 0 
114 9 2.0 3 2 0 0 10 1 3 3.14898212031e-55 1 0 
114 9 2.0 2 1 1 0 14 2 2 4.36476383661e-09 2 0 
114 9 2.0 9 4 2 0 12 12 1 0.108915369303 0 4 
114 9 2.0 5 0 0 0 14 4 2 0.393600549669 2 0 
114 10 0.0 4 8 3 0 33 18 2 1.08523992128e-43 2 5 
114 10 0.0 7 3 1 0 11 6 2 0.233876454515 2 1 
114 10 0.0 11 0 1 0 7 5 2 0.0159711318044 1 1 
114 10 0.0 6 1 0 0 1 4 1 0.411292151505 0 1 
114 10 0.0 10 1 2 0 16 5 2 3.64225004618e-43 3 0 
114 10 0.0 1 4 1 0 7 10 1 0.266977871246 0 3 
114 10 0.0 8 3 1 0 10 2 3 3.09141166072e-20 2 0 
114 10 0.0 3 2 0 0 10 1 3 6.28310562084e-78 1 0 
114 10 0.0 2 1 1 0 14 2 2 2.88406641482e-13 2 0 
114 10 0.0 9 4 2 0 12 12 1 0.169328507798 0 4 
114 10 0.0 5 0 0 0 14 4 2 0.308919157103 2 0 
114 10 2.0 4 8 3 0 33 18 2 3.68080333571e-85 2 5 
114 10 2.0 7 3 1 0 11 6 2 0.219033897687 2 1 
114 10 2.0 11 0 1 0 7 5 2 0.0144067474483 1 1 
114 10 2.0 6 1 0 0 1 4 1 0.574797320699 0 1 
114 10 2.0 10 1 2 0 16 5 2 3.35669526838e-38 3 0 
114 10 2.0 1 4 1 0 7 10 1 0.19034251061 0 3 
114 10 2.0 8 3 1 0 10 2 3 0.254444657383 2 0 
114 10 2.0 3 2 0 0 10 1 3 2.78065968112e-55 1 0 
114 10 2.0 2 1 1 0 14 2 2 1.18182571455e-08 2 0 
114 10 2.0 9 4 2 0 12 12 1 0.108915464942 0 4 
114 10 2.0 5 0 0 0 14 4 2 0.393600618496 2 0 
114 11 0.0 4 8 3 0 33 18 2 2.30021450467e-42 2 5 
114 11 0.0 7 3 1 0 11 6 2 0.233876454515 2 1 
114 11 0.0 11 0 1 0 7 5 2 0.0159711388745 1 1 
114 11 0.0 6 1 0 0 1 4 1 0.411292151505 0 1 
114 11 0.0 10 1 2 0 16 5 2 5.60572005266e-44 3 0 
114 11 0.0 1 4 1 0 7 10 1 0.266977855887 0 3 
114 11 0.0 8 3 1 0 10 2 3 2.37883653283e-20 2 0 
114 11 0.0 3 2 0 0 10 1 3 3.15104324078e-78 1 0 
114 11 0.0 2 1 1 0 14 2 2 1.94161291122e-13 2 0 
114 11 0.0 9 4 2 0 12 12 1 0.169328509824 0 4 
114 11 0.0 5 0 0 0 14 4 2 0.30891927822 2 0 
114 11 2.0 4 8 3 0 33 18 2 1.54536954382e-84 2 5 
114 11 2.0 7 3 1 0 11 6 2 0.219033897687 2 1 
114 11 2.0 11 0 1 0 7 5 2 0.0144068068577 1 1 
114 11 2.0 6 1 0 0 1 4 1 0.574797320699 0 1 
114 11 2.0 10 1 2 0 16 5 2 7.39828608009e-38 3 0 
114 11 2.0 1 4 1 0 7 10 1 0.190342524473 0 3 
114 11 2.0 8 3 1 0 10 2 3 0.254444657383 2 0 
114 11 2.0 3 2 0 0 10 1 3 9.06198803539e-56 1 0 
114 11 2.0 2 1 1 0 14 2 2 3.67447162316e-08 2 0 
114 11 2.0 9 4 2 0 12 12 1 0.108915476587 0 4 
114 11 2.0 5 0 0 0 14 4 2 0.393600523326 2 0 
114 12 0.0 4 8 3 0 33 18 2 2.78637646571e-43 2 5 
114 12 0.0 7 3 1 0 11 6 2 0.233876454515 2 1 
114 12 0.0 11 0 1 0 7 5 2 0.015971135695 1 1 
114 12 0.0 6 1 0 0 1 4 1 0.411292151505 0 1 
114 12 0.0 10 1 2 0 16 5 2 8.80175948295e-44 3 0 
114 12 0.0 1 4 1 0 7 10 1 0.266977838845 0 3 
114 12 0.0 8 3 1 0 10 2 3 1.89561616816e-20 2 0 
114 12 0.0 3 2 0 0 10 1 3 5.83705297338e-78 1 0 
114 12 0.0 2 1 1 0 14 2 2 6.93457058383e-14 2 0 
114 12 0.0 9 4 2 0 12 12 1 0.169328489772 0 4 
114 12 0.0 5 0 0 0 14 4 2 0.308919212861 2 0 
114 12 2.0 4 8 3 0 33 18 2 2.51876697595e-89 2 5 
114 12 2.0 7 3 1 0 11 6 2 0.219033897687 2 1 
114 12 2.0 11 0 1 0 7 5 2 0.01440674877 1 1 
114 12 2.0 6 1 0 0 1 4 1 0.574797320699 0 1 
114 12 2.0 10 1 2 0 16 5 2 1.55426892275e-37 3 0 
114 12 2.0 1 4 1 0 7 10 1 0.19034245594 0 3 
114 12 2.0 8 3 1 0 10 2 3 0.254444657383 2 0 
114 12 2.0 3 2 0 0 10 1 3 4.05845089501e-55 1 0 
114 12 2.0 2 1 1 0 14 2 2 1.19488977131e-08 2 0 
114 12 2.0 9 4 2 0 12 12 1 0.108915471264 0 4 
114 12 2.0 5 0 0 0 14 4 2 0.393600557517 2 0 
114 13 0.0 4 8 3 0 33 18 2 3.11984848816e-42 2 5 
114 13 0.0 7 3 1 0 11 6 2 0.233876454515 2 1 
114 13 0.0 11 0 1 0 7 5 2 0.0159711335484 1 1 
114 13 0.0 6 1 0 0 1 4 1 0.411292151505 0 1 
114 13 0.0 10 1 2 0 16 5 2 8.13539045602e-44 3 0 
114 13 0.0 1 4 1 0 7 10 1 0.266977874551 0 3 
114 13 0.0 8 3 1 0 10 2 3 2.60426227028e-20 2 0 
114 13 0.0 3 2 0 0 10 1 3 5.14168161546e-78 1 0 
114 13 0.0 2 1 1 0 14 2 2 1.25567103875e-13 2 0 
114 13 0.0 9 4 2 0 12 12 1 0.169328513826 0 4 
114 13 0.0 5 0 0 0 14 4 2 0.308919189143 2 0 
114 13 2.0 4 8 3 0 33 18 2 7.52946013469e-87 2 5 
114 13 2.0 7 3 1 0 11 6 2 0.219033897687 2 1 
114 13 2.0 11 0 1 0 7 5 2 0.0144067833248 1 1 
114 13 2.0 6 1 0 0 1 4 1 0.574797320699 0 1 
114 13 2.0 10 1 2 0 16 5 2 1.03762727465e-37 3 0 
114 13 2.0 1 4 1 0 7 10 1 0.190342449763 0 3 
114 13 2.0 8 3 1 0 10 2 3 0.254444657383 2 0 
114 13 2.0 3 2 0 0 10 1 3 3.25810628844e-55 1 0 
114 13 2.0 2 1 1 0 14 2 2 2.19587213207e-08 2 0 
114 13 2.0 9 4 2 0 12 12 1 0.108915483369 0 4 
114 13 2.0 5 0 0 0 14 4 2 0.393600490334 2 0 
114 14 0.0 4 8 3 0 33 18 2 3.15188347914e-43 2 5 
114 14 0.0 7 3 1 0 11 6 2 0.233876454515 2 1 
114 14 0.0 11 0 1 0 7 5 2 0.0159711331944 1 1 
114 14 0.0 6 1 0 0 1 4 1 0.411292151505 0 1 
114 14 0.0 10 1 2 0 16 5 2 7.8513580348e-44 3 0 
114 14 0.0 1 4 1 0 7 10 1 0.266977905547 0 3 
114 14 0.0 8 3 1 0 10 2 3 2.8773378016e-20 2 0 
114 14 0.0 3 2 0 0 10 1 3 7.76030255385e-78 1 0 
114 14 0.0 2 1 1 0 14 2 2 2.69651788884e-13 2 0 
114 14 0.0 9 4 2 0 12 12 1 0.16932853824 0 4 
114 14 0.0 5 0 0 0 14 4 2 0.30891919699 2 0 
114 14 2.0 4 8 3 0 33 18 2 4.43629599012e-88 2 5 
114 14 2.0 7 3 1 0 11 6 2 0.219033897687 2 1 
114 14 2.0 11 0 1 0 7 5 2 0.0144068263894 1 1 
114 14 2.0 6 1 0 0 1 4 1 0.574797320699 0 1 
114 14 2.0 10 1 2 0 16 5 2 1.87168425777e-37 3 0 
114 14 2.0 1 4 1 0 7 10 1 0.19034253639 0 3 
114 14 2.0 8 3 1 0 10 2 3 0.254444657383 2 0 
114 14 2.0 3 2 0 0 10 1 3 2.90670139627e-55 1 0 
114 14 2.0 2 1 1 0 14 2 2 5.07859364948e-08 2 0 
114 14 2.0 9 4 2 0 12 12 1 0.108915463726 0 4 
114 14 2.0 5 0 0 0 14 4 2 0.393600497388 2 0 
114 15 0.0 4 8 3 0 33 18 2 4.31890325125e-42 2 5 
114 15 0.0 7 3 1 0 11 6 2 0.233876454515 2 1 
114 15 0.0 11 0 1 0 7 5 2 0.0159711387307 1 1 
114 15 0.0 6 1 0 0 1 4 1 0.411292151505 0 1 
114 15 0.0 10 1 2 0 16 5 2 6.17242365043e-44 3 0 
114 15 0.0 1 4 1 0 7 10 1 0.266977872661 0 3 
114 15 0.0 8 3 1 0 10 2 3 2.21839844204e-20 2 0 
114 15 0.0 3 2 0 0 10 1 3 1.47287168961e-78 1 0 
114 15 0.0 2 1 1 0 14 2 2 7.90633239111e-14 2 0 
114 15 0.0 9 4 2 0 12 12 1 0.169328523313 0 4 
114 15 0.0 5 0 0 0 14 4 2 0.308919282471 2 0 
114 15 2.0 4 8 3 0 33 18 2 1.43716157958e-87 2 5 
114 15 2.0 7 3 1 0 11 6 2 0.219033897687 2 1 
114 15 2.0 11 0 1 0 7 5 2 0.0144067968148 1 1 
114 15 2.0 6 1 0 0 1 4 1 0.574797320699 0 1 
114 15 2.0 10 1 2 0 16 5 2 9.59480529858e-38 3 0 
114 15 2.0 1 4 1 0 7 10 1 0.190342436469 0 3 
114 15 2.0 8 3 1 0 10 2 3 0.254444657383 2 0 
114 15 2.0 3 2 0 0 10 1 3 6.6265241888e-55 1 0 
114 15 2.0 2 1 1 0 14 2 2 2.69736723345e-08 2 0 
114 15 2.0 9 4 2 0 12 12 1 0.108915533806 0 4 
114 15 2.0 5 0 0 0 14 4 2 0.393600560867 2 0 
114 16 0.0 4 8 3 0 33 18 2 4.66257891939e-42 2 5 
114 16 0.0 7 3 1 0 11 6 2 0.233876454515 2 1 
114 16 0.0 11 0 1 0 7 5 2 0.0159711347156 1 1 
114 16 0.0 6 1 0 0 1 4 1 0.411292151505 0 1 
114 16 0.0 10 1 2 0 16 5 2 1.05221489423e-44 3 0 
114 16 0.0 1 4 1 0 7 10 1 0.266977844766 0 3 
114 16 0.0 8 3 1 0 10 2 3 6.2227962768e-21 2 0 
114 16 0.0 3 2 0 0 10 1 3 7.75270873682e-78 1 0 
114 16 0.0 2 1 1 0 14 2 2 9.59012565684e-14 2 0 
114 16 0.0 9 4 2 0 12 12 1 0.169328492436 0 4 
114 16 0.0 5 0 0 0 14 4 2 0.308919197655 2 0 
114 16 2.0 4 8 3 0 33 18 2 1.80567722569e-85 2 5 
114 16 2.0 7 3 1 0 11 6 2 0.219033897687 2 1 
114 16 2.0 11 0 1 0 7 5 2 0.0144068317279 1 1 
114 16 2.0 6 1 0 0 1 4 1 0.574797320699 0 1 
114 16 2.0 10 1 2 0 16 5 2 3.01675468578e-38 3 0 
114 16 2.0 1 4 1 0 7 10 1 0.190342534171 0 3 
114 16 2.0 8 3 1 0 10 2 3 0.254444657383 2 0 
114 16 2.0 3 2 0 0 10 1 3 1.28382221931e-55 1 0 
114 16 2.0 2 1 1 0 14 2 2 7.9136893261e-08 2 0 
114 16 2.0 9 4 2 0 12 12 1 0.108915418814 0 4 
114 16 2.0 5 0 0 0 14 4 2 0.393600289337 2 0 
114 17 0.0 4 8 3 0 33 18 2 1.86744713995e-40 2 5 
114 17 0.0 7 3 1 0 11 6 2 0.233876454515 2 1 
114 17 0.0 11 0 1 0 7 5 2 0.0159711341591 1 1 
114 17 0.0 6 1 0 0 1 4 1 0.411292151505 0 1 
114 17 0.0 10 1 2 0 16 5 2 1.19861100764e-44 3 0 
114 17 0.0 1 4 1 0 7 10 1 0.266977880464 0 3 
114 17 0.0 8 3 1 0 10 2 3 3.27622498526e-20 2 0 
114 17 0.0 3 2 0 0 10 1 3 2.85078764071e-78 1 0 
114 17 0.0 2 1 1 0 14 2 2 1.26653720394e-13 2 0 
114 17 0.0 9 4 2 0 12 12 1 0.169328519914 0 4 
114 17 0.0 5 0 0 0 14 4 2 0.308919202862 2 0 
114 17 2.0 4 8 3 0 33 18 2 3.45560780588e-86 2 5 
114 17 2.0 7 3 1 0 11 6 2 0.219033897687 2 1 
114 17 2.0 11 0 1 0 7 5 2 0.0144068078308 1 1 
114 17 2.0 6 1 0 0 1 4 1 0.574797320699 0 1 
114 17 2.0 10 1 2 0 16 5 2 1.30198938496e-38 3 0 
114 17 2.0 1 4 1 0 7 10 1 0.190342431203 0 3 
114 17 2.0 8 3 1 0 10 2 3 0.254444657383 2 0 
114 17 2.0 3 2 0 0 10 1 3 2.58831892169e-55 1 0 
114 17 2.0 2 1 1 0 14 2 2 3.7265649795e-08 2 0 
114 17 2.0 9 4 2 0 12 12 1 0.108915521854 0 4 
114 17 2.0 5 0 0 0 14 4 2 0.393600504787 2 0 
114 18 0.0 4 8 3 0 33 18 2 2.32421283788e-43 2 5 
114 18 0.0 7 3 1 0 11 6 2 0.233876454515 2 1 
114 18 0.0 11 0 1 0 7 5 2 0.0159711345219 1 1 
114 18 0.0 6 1 0 0 1 4 1 0.411292151505 0 1 
114 18 0.0 10 1 2 0 16 5 2 5.85619613682e-44 3 0 
114 18 0.0 1 4 1 0 7 10 1 0.26697787649 0 3 
114 18 0.0 8 3 1 0 10 2 3 3.56942953164e-20 2 0 
114 18 0.0 3 2 0 0 10 1 3 9.76352844331e-78 1 0 
114 18 0.0 2 1 1 0 14 2 2 1.69447895534e-14 2 0 
114 18 0.0 9 4 2 0 12 12 1 0.169328517221 0 4 
114 18 0.0 5 0 0 0 14 4 2 0.308919208436 2 0 
114 18 2.0 4 8 3 0 33 18 2 6.30859590248e-88 2 5 
114 18 2.0 7 3 1 0 11 6 2 0.219033897687 2 1 
114 18 2.0 11 0 1 0 7 5 2 0.0144067598941 1 1 
114 18 2.0 6 1 0 0 1 4 1 0.574797320699 0 1 
114 18 2.0 10 1 2 0 16 5 2 8.03020079492e-38 3 0 
114 18 2.0 1 4 1 0 7 10 1 0.190342471722 0 3 
114 18 2.0 8 3 1 0 10 2 3 0.254444657383 2 0 
114 18 2.0 3 2 0 0 10 1 3 4.54321424268e-55 1 0 
114 18 2.0 2 1 1 0 14 2 2 1.5387329385e-08 2 0 
114 18 2.0 9 4 2 0 12 12 1 0.108915503415 0 4 
114 18 2.0 5 0 0 0 14 4 2 0.393600573121 2 0 
114 19 0.0 4 8 3 0 33 18 2 1.88433727192e-42 2 5 
114 19 0.0 7 3 1 0 11 6 2 0.233876454515 2 1 
114 19 0.0 11 0 1 0 7 5 2 0.0159711374847 1 1 
114 19 0.0 6 1 0 0 1 4 1 0.411292151505 0 1 
114 19 0.0 10 1 2 0 16 5 2 4.81567570903e-44 3 0 
114 19 0.0 1 4 1 0 7 10 1 0.266977847921 0 3 
114 19 0.0 8 3 1 0 10 2 3 2.37543704924e-20 2 0 
114 19 0.0 3 2 0 0 10 1 3 5.5245756947e-78 1 0 
114 19 0.0 2 1 1 0 14 2 2 4.81454650606e-14 2 0 
114 19 0.0 9 4 2 0 12 12 1 0.169328500953 0 4 
114 19 0.0 5 0 0 0 14 4 2 0.308919249932 2 0 
114 19 2.0 4 8 3 0 33 18 2 6.28581754209e-87 2 5 
114 19 2.0 7 3 1 0 11 6 2 0.219033897687 2 1 
114 19 2.0 11 0 1 0 7 5 2 0.0144068150949 1 1 
114 19 2.0 6 1 0 0 1 4 1 0.574797320699 0 1 
114 19 2.0 10 1 2 0 16 5 2 2.02826150136e-37 3 0 
114 19 2.0 1 4 1 0 7 10 1 0.190342409579 0 3 
114 19 2.0 8 3 1 0 10 2 3 0.254444657383 2 0 
114 19 2.0 3 2 0 0 10 1 3 4.56202938166e-55 1 0 
114 19 2.0 2 1 1 0 14 2 2 3.37630201879e-08 2 0 
114 19 2.0 9 4 2 0 12 12 1 0.108915541576 0 4 
114 19 2.0 5 0 0 0 14 4 2 0.393600550525 2 0 
114 20 0.0 4 8 3 0 33 18 2 1.70103780477e-41 2 5 
114 20 0.0 7 3 1 0 11 6 2 0.233876454515 2 1 
114 20 0.0 11 0 1 0 7 5 2 0.0159711346103 1 1 
114 20 0.0 6 1 0 0 1 4 1 0.411292151505 0 1 
114 20 0.0 10 1 2 0 16 5 2 1.59196034632e-44 3 0 
114 20 0.0 1 4 1 0 7 10 1 0.266977873963 0 3 
114 20 0.0 8 3 1 0 10 2 3 1.2087773754e-20 2 0 
114 20 0.0 3 2 0 0 10 1 3 8.89443848671e-78 1 0 
114 20 0.0 2 1 1 0 14 2 2 1.41571572756e-14 2 0 
114 20 0.0 9 4 2 0 12 12 1 0.169328514781 0 4 
114 20 0.0 5 0 0 0 14 4 2 0.308919206604 2 0 
114 20 2.0 4 8 3 0 33 18 2 1.17066758694e-88 2 5 
114 20 2.0 7 3 1 0 11 6 2 0.219033897687 2 1 
114 20 2.0 11 0 1 0 7 5 2 0.0144068309112 1 1 
114 20 2.0 6 1 0 0 1 4 1 0.574797320699 0 1 
114 20 2.0 10 1 2 0 16 5 2 1.5955446287e-37 3 0 
114 20 2.0 1 4 1 0 7 10 1 0.190342546019 0 3 
114 20 2.0 8 3 1 0 10 2 3 0.254444657383 2 0 
114 20 2.0 3 2 0 0 10 1 3 5.00872702187e-55 1 0 
114 20 2.0 2 1 1 0 14 2 2 6.06353807706e-08 2 0 
114 20 2.0 9 4 2 0 12 12 1 0.108915454316 0 4 
114 20 2.0 5 0 0 0 14 4 2 0.393600416093 2 0 
114 21 0.0 4 8 3 0 33 18 2 8.8975159253e-42 2 5 
114 21 0.0 7 3 1 0 11 6 2 0.233876454515 2 1 
114 21 0.0 11 0 1 0 7 5 2 0.0159711370263 1 1 
114 21 0.0 6 1 0 0 1 4 1 0.411292151505 0 1 
114 21 0.0 10 1 2 0 16 5 2 1.45252548133e-43 3 0 
114 21 0.0 1 4 1 0 7 10 1 0.2669778494 0 3 
114 21 0.0 8 3 1 0 10 2 3 2.01967024301e-20 2 0 
114 21 0.0 3 2 0 0 10 1 3 2.7499494874e-78 1 0 
114 21 0.0 2 1 1 0 14 2 2 4.80869450861e-14 2 0 
114 21 0.0 9 4 2 0 12 12 1 0.169328500438 0 4 
114 21 0.0 5 0 0 0 14 4 2 0.308919241082 2 0 
114 21 2.0 4 8 3 0 33 18 2 4.8755776346e-87 2 5 
114 21 2.0 7 3 1 0 11 6 2 0.219033897687 2 1 
114 21 2.0 11 0 1 0 7 5 2 0.014406846755 1 1 
114 21 2.0 6 1 0 0 1 4 1 0.574797320699 0 1 
114 21 2.0 10 1 2 0 16 5 2 1.78481852734e-38 3 0 
114 21 2.0 1 4 1 0 7 10 1 0.190342446318 0 3 
114 21 2.0 8 3 1 0 10 2 3 0.254444657383 2 0 
114 21 2.0 3 2 0 0 10 1 3 4.7417433074e-55 1 0 
114 21 2.0 2 1 1 0 14 2 2 3.40164234924e-09 2 0 
114 21 2.0 9 4 2 0 12 12 1 0.108915495081 0 4 
114 21 2.0 5 0 0 0 14 4 2 0.393600538116 2 0 
114 22 0.0 4 8 3 0 33 18 2 1.1057210242e-43 2 5 
114 22 0.0 7 3 1 0 11 6 2 0.233876454515 2 1 
114 22 0.0 11 0 1 0 7 5 2 0.0159711388023 1 1 
114 22 0.0 6 1 0 0 1 4 1 0.411292151505 0 1 
114 22 0.0 10 1 2 0 16 5 2 2.69505587446e-43 3 0 
114 22 0.0 1 4 1 0 7 10 1 0.266977844669 0 3 
114 22 0.0 8 3 1 0 10 2 3 2.40523479262e-20 2 0 
114 22 0.0 3 2 0 0 10 1 3 6.53762144775e-78 1 0 
114 22 0.0 2 1 1 0 14 2 2 1.08414280598e-13 2 0 
114 22 0.0 9 4 2 0 12 12 1 0.169328500727 0 4 
114 22 0.0 5 0 0 0 14 4 2 0.308919271727 2 0 
114 22 2.0 4 8 3 0 33 18 2 7.60149191439e-87 2 5 
114 22 2.0 7 3 1 0 11 6 2 0.219033897687 2 1 
114 22 2.0 11 0 1 0 7 5 2 0.0144068111942 1 1 
114 22 2.0 6 1 0 0 1 4 1 0.574797320699 0 1 
114 22 2.0 10 1 2 0 16 5 2 1.24023142822e-37 3 0 
114 22 2.0 1 4 1 0 7 10 1 0.190342434658 0 3 
114 22 2.0 8 3 1 0 10 2 3 0.254444657383 2 0 
114 22 2.0 3 2 0 0 10 1 3 1.95712299312e-55 1 0 
114 22 2.0 2 1 1 0 14 2 2 3.16029038841e-08 2 0 
114 22 2.0 9 4 2 0 12 12 1 0.108915531612 0 4 
114 22 2.0 5 0 0 0 14 4 2 0.393600557907 2 0 
114 23 0.0 4 8 3 0 33 18 2 2.29010471222e-43 2 5 
114 23 0.0 7 3 1 0 11 6 2 0.233876454515 2 1 
114 23 0.0 11 0 1 0 7 5 2 0.0159711320276 1 1 
114 23 0.0 6 1 0 0 1 4 1 0.411292151505 0 1 
114 23 0.0 10 1 2 0 16 5 2 2.29833507404e-43 3 0 
114 23 0.0 1 4 1 0 7 10 1 0.266977876591 0 3 
114 23 0.0 8 3 1 0 10 2 3 2.90955486312e-20 2 0 
114 23 0.0 3 2 0 0 10 1 3 7.28712670741e-78 1 0 
114 23 0.0 2 1 1 0 14 2 2 2.16207874353e-13 2 0 
114 23 0.0 9 4 2 0 12 12 1 0.169328512681 0 4 
114 23 0.0 5 0 0 0 14 4 2 0.308919163698 2 0 
114 23 2.0 4 8 3 0 33 18 2 1.60589533409e-84 2 5 
114 23 2.0 7 3 1 0 11 6 2 0.219033897687 2 1 
114 23 2.0 11 0 1 0 7 5 2 0.0144067617125 1 1 
114 23 2.0 6 1 0 0 1 4 1 0.574797320699 0 1 
114 23 2.0 10 1 2 0 16 5 2 2.28134496658e-38 3 0 
114 23 2.0 1 4 1 0 7 10 1 0.190342488175 0 3 
114 23 2.0 8 3 1 0 10 2 3 0.254444657383 2 0 
114 23 2.0 3 2 0 0 10 1 3 3.85275067146e-55 1 0 
114 23 2.0 2 1 1 0 14 2 2 1.86584148818e-08 2 0 
114 23 2.0 9 4 2 0 12 12 1 0.108915503087 0 4 
114 23 2.0 5 0 0 0 14 4 2 0.393600615198 2 0 
114 24 0.0 4 8 3 0 33 18 2 1.03628553584e-40 2 5 
114 24 0.0 7 3 1 0 11 6 2 0.233876454515 2 1 
114 24 0.0 11 0 1 0 7 5 2 0.0159711388588 1 1 
114 24 0.0 6 1 0 0 1 4 1 0.411292151505 0 1 
114 24 0.0 10 1 2 0 16 5 2 4.13044225065e-44 3 0 
114 24 0.0 1 4 1 0 7 10 1 0.266977914695 0 3 
114 24 0.0 8 3 1 0 10 2 3 1.30317759972e-20 2 0 
114 24 0.0 3 2 0 0 10 1 3 2.78065771864e-78 1 0 
114 24 0.0 2 1 1 0 14 2 2 2.21075116202e-13 2 0 
114 24 0.0 9 4 2 0 12 12 1 0.169328557155 0 4 
114 24 0.0 5 0 0 0 14 4 2 0.308919302649 2 0 
114 24 2.0 4 8 3 0 33 18 2 7.62072739456e-86 2 5 
114 24 2.0 7 3 1 0 11 6 2 0.219033897687 2 1 
114 24 2.0 11 0 1 0 7 5 2 0.0144068057773 1 1 
114 24 2.0 6 1 0 0 1 4 1 0.574797320699 0 1 
114 24 2.0 10 1 2 0 16 5 2 1.49988157072e-38 3 0 
114 24 2.0 1 4 1 0 7 10 1 0.190342471376 0 3 
114 24 2.0 8 3 1 0 10 2 3 0.254444657383 2 0 
114 24 2.0 3 2 0 0 10 1 3 4.38072418785e-55 1 0 
114 24 2.0 2 1 1 0 14 2 2 3.42983505156e-08 2 0 
114 24 2.0 9 4 2 0 12 12 1 0.108915502839 0 4 
114 24 2.0 5 0 0 0 14 4 2 0.393600518925 2 0 
114 25 0.0 4 8 3 0 33 18 2 9.27808335838e-42 2 5 
114 25 0.0 7 3 1 0 11 6 2 0.233876454515 2 1 
114 25 0.0 11 0 1 0 7 5 2 0.0159711330021 1 1 
114 25 0.0 6 1 0 0 1 4 1 0.411292151505 0 1 
114 25 0.0 10 1 2 0 16 5 2 1.85141318622e-43 3 0 
114 25 0.0 1 4 1 0 7 10 1 0.266977869101 0 3 
114 25 0.0 8 3 1 0 10 2 3 2.15097424362e-20 2 0 
114 25 0.0 3 2 0 0 10 1 3 5.06354953709e-78 1 0 
114 25 0.0 2 1 1 0 14 2 2 1.22269176676e-13 2 0 
114 25 0.0 9 4 2 0 12 12 1 0.16932850831 0 4 
114 25 0.0 5 0 0 0 14 4 2 0.308919176905 2 0 
114 25 2.0 4 8 3 0 33 18 2 3.33509704122e-84 2 5 
114 25 2.0 7 3 1 0 11 6 2 0.219033897687 2 1 
114 25 2.0 11 0 1 0 7 5 2 0.0144067497708 1 1 
114 25 2.0 6 1 0 0 1 4 1 0.574797320699 0 1 
114 25 2.0 10 1 2 0 16 5 2 2.94498763799e-38 3 0 
114 25 2.0 1 4 1 0 7 10 1 0.190342526271 0 3 
114 25 2.0 8 3 1 0 10 2 3 0.254444657383 2 0 
114 25 2.0 3 2 0 0 10 1 3 1.15031445472e-55 1 0 
114 25 2.0 2 1 1 0 14 2 2 1.08931978736e-08 2 0 
114 25 2.0 9 4 2 0 12 12 1 0.108915451152 0 4 
114 25 2.0 5 0 0 0 14 4 2 0.393600602885 2 0 
114 26 0.0 4 8 3 0 33 18 2 2.45934675195e-42 2 5 
114 26 0.0 7 3 1 0 11 6 2 0.233876454515 2 1 
114 26 0.0 11 0 1 0 7 5 2 0.0159711362045 1 1 
114 26 0.0 6 1 0 0 1 4 1 0.411292151505 0 1 
114 26 0.0 10 1 2 0 16 5 2 4.97674145996e-44 3 0 
114 26 0.0 1 4 1 0 7 10 1 0.266977859253 0 3 
114 26 0.0 8 3 1 0 10 2 3 3.15798645597e-20 2 0 
114 26 0.0 3 2 0 0 10 1 3 4.81213937136e-78 1 0 
114 26 0.0 2 1 1 0 14 2 2 1.62720478613e-14 2 0 
114 26 0.0 9 4 2 0 12 12 1 0.169328506654 0 4 
114 26 0.0 5 0 0 0 14 4 2 0.308919230915 2 0 
114 26 2.0 4 8 3 0 33 18 2 2.45183927336e-86 2 5 
114 26 2.0 7 3 1 0 11 6 2 0.219033897687 2 1 
114 26 2.0 11 0 1 0 7 5 2 0.0144068134872 1 1 
114 26 2.0 6 1 0 0 1 4 1 0.574797320699 0 1 
114 26 2.0 10 1 2 0 16 5 2 3.38415722484e-38 3 0 
114 26 2.0 1 4 1 0 7 10 1 0.190342490931 0 3 
114 26 2.0 8 3 1 0 10 2 3 0.254444657383 2 0 
114 26 2.0 3 2 0 0 10 1 3 3.70828355676e-55 1 0 
114 26 2.0 2 1 1 0 14 2 2 4.97999584012e-08 2 0 
114 26 2.0 9 4 2 0 12 12 1 0.10891545359 0 4 
114 26 2.0 5 0 0 0 14 4 2 0.3936003907 2 0 
114 27 0.0 4 8 3 0 33 18 2 3.97617574555e-42 2 5 
114 27 0.0 7 3 1 0 11 6 2 0.233876454515 2 1 
114 27 0.0 11 0 1 0 7 5 2 0.0159711374293 1 1 
114 27 0.0 6 1 0 0 1 4 1 0.411292151505 0 1 
114 27 0.0 10 1 2 0 16 5 2 1.58069320901e-43 3 0 
114 27 0.0 1 4 1 0 7 10 1 0.266977831792 0 3 
114 27 0.0 8 3 1 0 10 2 3 3.15696423736e-21 2 0 
114 27 0.0 3 2 0 0 10 1 3 6.42052765776e-78 1 0 
114 27 0.0 2 1 1 0 14 2 2 9.00175668665e-14 2 0 
114 27 0.0 9 4 2 0 12 12 1 0.16932848756 0 4 
114 27 0.0 5 0 0 0 14 4 2 0.308919241054 2 0 
114 27 2.0 4 8 3 0 33 18 2 7.68458439348e-86 2 5 
114 27 2.0 7 3 1 0 11 6 2 0.219033897687 2 1 
114 27 2.0 11 0 1 0 7 5 2 0.014406828064 1 1 
114 27 2.0 6 1 0 0 1 4 1 0.574797320699 0 1 
114 27 2.0 10 1 2 0 16 5 2 1.36449223737e-37 3 0 
114 27 2.0 1 4 1 0 7 10 1 0.190342395987 0 3 
114 27 2.0 8 3 1 0 10 2 3 0.254444657383 2 0 
114 27 2.0 3 2 0 0 10 1 3 1.54430757212e-55 1 0 
114 27 2.0 2 1 1 0 14 2 2 4.08976745966e-08 2 0 
114 27 2.0 9 4 2 0 12 12 1 0.108915541127 0 4 
114 27 2.0 5 0 0 0 14 4 2 0.393600517791 2 0 
114 28 0.0 4 8 3 0 33 18 2 9.21609675251e-44 2 5 
114 28 0.0 7 3 1 0 11 6 2 0.233876454515 2 1 
114 28 0.0 11 0 1 0 7 5 2 0.0159711365214 1 1 
114 28 0.0 6 1 0 0 1 4 1 0.411292151505 0 1 
114 28 0.0 10 1 2 0 16 5 2 7.58787976171e-44 3 0 
114 28 0.0 1 4 1 0 7 10 1 0.266977835453 0 3 
114 28 0.0 8 3 1 0 10 2 3 2.61883990974e-20 2 0 
114 28 0.0 3 2 0 0 10 1 3 9.22740904455e-78 1 0 
114 28 0.0 2 1 1 0 14 2 2 9.81192670081e-14 2 0 
114 28 0.0 9 4 2 0 12 12 1 0.169328488622 0 4 
114 28 0.0 5 0 0 0 14 4 2 0.308919226043 2 0 
114 28 2.0 4 8 3 0 33 18 2 1.71401470362e-86 2 5 
114 28 2.0 7 3 1 0 11 6 2 0.219033897687 2 1 
114 28 2.0 11 0 1 0 7 5 2 0.0144067744365 1 1 
114 28 2.0 6 1 0 0 1 4 1 0.574797320699 0 1 
114 28 2.0 10 1 2 0 16 5 2 1.3022420114e-37 3 0 
114 28 2.0 1 4 1 0 7 10 1 0.190342412006 0 3 
114 28 2.0 8 3 1 0 10 2 3 0.254444657383 2 0 
114 28 2.0 3 2 0 0 10 1 3 2.49912438757e-55 1 0 
114 28 2.0 2 1 1 0 14 2 2 1.85748206473e-08 2 0 
114 28 2.0 9 4 2 0 12 12 1 0.108915553687 0 4 
114 28 2.0 5 0 0 0 14 4 2 0.393600629745 2 0 
114 29 0.0 4 8 3 0 33 18 2 1.74206600716e-42 2 5 
114 29 0.0 7 3 1 0 11 6 2 0.233876454515 2 1 
114 29 0.0 11 0 1 0 7 5 2 0.0159711334776 1 1 
114 29 0.0 6 1 0 0 1 4 1 0.411292151505 0 1 
114 29 0.0 10 1 2 0 16 5 2 2.76621071921e-43 3 0 
114 29 0.0 1 4 1 0 7 10 1 0.266977852968 0 3 
114 29 0.0 8 3 1 0 10 2 3 2.0103669558e-20 2 0 
114 29 0.0 3 2 0 0 10 1 3 5.1605152212e-78 1 0 
114 29 0.0 2 1 1 0 14 2 2 1.12770531522e-13 2 0 
114 29 0.0 9 4 2 0 12 12 1 0.169328496594 0 4 
114 29 0.0 5 0 0 0 14 4 2 0.308919179826 2 0 
114 29 2.0 4 8 3 0 33 18 2 3.83587852647e-87 2 5 
114 29 2.0 7 3 1 0 11 6 2 0.219033897687 2 1 
114 29 2.0 11 0 1 0 7 5 2 0.0144067925584 1 1 
114 29 2.0 6 1 0 0 1 4 1 0.574797320699 0 1 
114 29 2.0 10 1 2 0 16 5 2 1.57785444719e-38 3 0 
114 29 2.0 1 4 1 0 7 10 1 0.190342629022 0 3 
114 29 2.0 8 3 1 0 10 2 3 0.254444657383 2 0 
114 29 2.0 3 2 0 0 10 1 3 5.85371263519e-55 1 0 
114 29 2.0 2 1 1 0 14 2 2 7.79066769522e-09 2 0 
114 29 2.0 9 4 2 0 12 12 1 0.108915359269 0 4 
114 29 2.0 5 0 0 0 14 4 2 0.393600571094 2 0 
114 30 0.0 4 8 3 0 33 18 2 1.26939179868e-41 2 5 
114 30 0.0 7 3 1 0 11 6 2 0.233876454515 2 1 
114 30 0.0 11 0 1 0 7 5 2 0.0159711360814 1 1 
114 30 0.0 6 1 0 0 1 4 1 0.411292151505 0 1 
114 30 0.0 10 1 2 0 16 5 2 1.89909183619e-43 3 0 
114 30 0.0 1 4 1 0 7 10 1 0.266977842738 0 3 
114 30 0.0 8 3 1 0 10 2 3 3.08148687677e-20 2 0 
114 30 0.0 3 2 0 0 10 1 3 3.64515650141e-78 1 0 
114 30 0.0 2 1 1 0 14 2 2 2.48589483358e-14 2 0 
114 30 0.0 9 4 2 0 12 12 1 0.169328493364 0 4 
114 30 0.0 5 0 0 0 14 4 2 0.30891922166 2 0 
114 30 2.0 4 8 3 0 33 18 2 2.25370727679e-88 2 5 
114 30 2.0 7 3 1 0 11 6 2 0.219033897687 2 1 
114 30 2.0 11 0 1 0 7 5 2 0.01440680749 1 1 
114 30 2.0 6 1 0 0 1 4 1 0.574797320699 0 1 
114 30 2.0 10 1 2 0 16 5 2 1.44136366775e-37 3 0 
114 30 2.0 1 4 1 0 7 10 1 0.190342417448 0 3 
114 30 2.0 8 3 1 0 10 2 3 0.254444657383 2 0 
114 30 2.0 3 2 0 0 10 1 3 5.77281233374e-55 1 0 
114 30 2.0 2 1 1 0 14 2 2 3.14168167019e-08 2 0 
114 30 2.0 9 4 2 0 12 12 1 0.108915544232 0 4 
114 30 2.0 5 0 0 0 14 4 2 0.393600553746 2 0 
114 31 0.0 4 8 3 0 33 18 2 1.01885869706e-39 2 5 
114 31 0.0 7 3 1 0 11 6 2 0.233876454515 2 1 
114 31 0.0 11 0 1 0 7 5 2 0.0159711333601 1 1 
114 31 0.0 6 1 0 0 1 4 1 0.411292151505 0 1 
114 31 0.0 10 1 2 0 16 5 2 4.06167570544e-44 3 0 
114 31 0.0 1 4 1 0 7 10 1 0.266977859361 0 3 
114 31 0.0 8 3 1 0 10 2 3 2.49379204057e-20 2 0 
114 31 0.0 3 2 0 0 10 1 3 2.53369878332e-78 1 0 
114 31 0.0 2 1 1 0 14 2 2 8.55313635849e-14 2 0 
114 31 0.0 9 4 2 0 12 12 1 0.169328501461 0 4 
114 31 0.0 5 0 0 0 14 4 2 0.308919180401 2 0 
114 31 2.0 4 8 3 0 33 18 2 5.49058886423e-88 2 5 
114 31 2.0 7 3 1 0 11 6 2 0.219033897687 2 1 
114 31 2.0 11 0 1 0 7 5 2 0.01440683098 1 1 
114 31 2.0 6 1 0 0 1 4 1 0.574797320699 0 1 
114 31 2.0 10 1 2 0 16 5 2 3.03571804945e-37 3 0 
114 31 2.0 1 4 1 0 7 10 1 0.190342440888 0 3 
114 31 2.0 8 3 1 0 10 2 3 0.254444657383 2 0 
114 31 2.0 3 2 0 0 10 1 3 3.36830428213e-55 1 0 
114 31 2.0 2 1 1 0 14 2 2 4.19624575529e-08 2 0 
114 31 2.0 9 4 2 0 12 12 1 0.108915522355 0 4 
114 31 2.0 5 0 0 0 14 4 2 0.39360050096 2 0 
114 32 0.0 4 8 3 0 33 18 2 2.90946951601e-41 2 5 
114 32 0.0 7 3 1 0 11 6 2 0.233876454515 2 1 
114 32 0.0 11 0 1 0 7 5 2 0.0159711355526 1 1 
114 32 0.0 6 1 0 0 1 4 1 0.411292151505 0 1 
114 32 0.0 10 1 2 0 16 5 2 6.23681690265e-44 3 0 
114 32 0.0 1 4 1 0 7 10 1 0.266977861373 0 3 
114 32 0.0 8 3 1 0 10 2 3 2.96039166205e-20 2 0 
114 32 0.0 3 2 0 0 10 1 3 1.75134046856e-78 1 0 
114 32 0.0 2 1 1 0 14 2 2 9.51955783577e-15 2 0 
114 32 0.0 9 4 2 0 12 12 1 0.16932850652 0 4 
114 32 0.0 5 0 0 0 14 4 2 0.308919217549 2 0 
114 32 2.0 4 8 3 0 33 18 2 1.3688427536e-87 2 5 
114 32 2.0 7 3 1 0 11 6 2 0.219033897687 2 1 
114 32 2.0 11 0 1 0 7 5 2 0.0144068025431 1 1 
114 32 2.0 6 1 0 0 1 4 1 0.574797320699 0 1 
114 32 2.0 10 1 2 0 16 5 2 1.62845602387e-37 3 0 
114 32 2.0 1 4 1 0 7 10 1 0.190342401465 0 3 
114 32 2.0 8 3 1 0 10 2 3 0.254444657383 2 0 
114 32 2.0 3 2 0 0 10 1 3 3.34207309274e-55 1 0 
114 32 2.0 2 1 1 0 14 2 2 3.1033840496e-08 2 0 
114 32 2.0 9 4 2 0 12 12 1 0.108915558485 0 4 
114 32 2.0 5 0 0 0 14 4 2 0.393600540225 2 0 
114 33 0.0 4 8 3 0 33 18 2 4.17480695519e-44 2 5 
114 33 0.0 7 3 1 0 11 6 2 0.233876454515 2 1 
114 33 0.0 11 0 1 0 7 5 2 0.0159711347249 1 1 
114 33 0.0 6 1 0 0 1 4 1 0.411292151505 0 1 
114 33 0.0 10 1 2 0 16 5 2 1.15878651744e-43 3 0 
114 33 0.0 1 4 1 0 7 10 1 0.266977851053 0 3 
114 33 0.0 8 3 1 0 10 2 3 2.30878683161e-20 2 0 
114 33 0.0 3 2 0 0 10 1 3 5.68615963956e-78 1 0 
114 33 0.0 2 1 1 0 14 2 2 3.90105389852e-14 2 0 
114 33 0.0 9 4 2 0 12 12 1 0.169328497852 0 4 
114 33 0.0 5 0 0 0 14 4 2 0.308919201513 2 0 
114 33 2.0 4 8 3 0 33 18 2 1.77458789691e-86 2 5 
114 33 2.0 7 3 1 0 11 6 2 0.219033897687 2 1 
114 33 2.0 11 0 1 0 7 5 2 0.0144068276627 1 1 
114 33 2.0 6 1 0 0 1 4 1 0.574797320699 0 1 
114 33 2.0 10 1 2 0 16 5 2 1.19331796004e-37 3 0 
114 33 2.0 1 4 1 0 7 10 1 0.190342464079 0 3 
114 33 2.0 8 3 1 0 10 2 3 0.254444657383 2 0 
114 33 2.0 3 2 0 0 10 1 3 2.25006270679e-55 1 0 
114 33 2.0 2 1 1 0 14 2 2 4.03441088288e-08 2 0 
114 33 2.0 9 4 2 0 12 12 1 0.108915497544 0 4 
114 33 2.0 5 0 0 0 14 4 2 0.393600521361 2 0 
114 34 0.0 4 8 3 0 33 18 2 9.90205455406e-41 2 5 
114 34 0.0 7 3 1 0 11 6 2 0.233876454515 2 1 
114 34 0.0 11 0 1 0 7 5 2 0.0159711347252 1 1 
114 34 0.0 6 1 0 0 1 4 1 0.411292151505 0 1 
114 34 0.0 10 1 2 0 16 5 2 1.31163450101e-44 3 0 
114 34 0.0 1 4 1 0 7 10 1 0.26697787393 0 3 
114 34 0.0 8 3 1 0 10 2 3 7.57818060625e-21 2 0 
114 34 0.0 3 2 0 0 10 1 3 4.95966529484e-78 1 0 
114 34 0.0 2 1 1 0 14 2 2 8.29410918625e-15 2 0 
114 34 0.0 9 4 2 0 12 12 1 0.169328516577 0 4 
114 34 0.0 5 0 0 0 14 4 2 0.308919207088 2 0 
114 34 2.0 4 8 3 0 33 18 2 3.98207989502e-86 2 5 
114 34 2.0 7 3 1 0 11 6 2 0.219033897687 2 1 
114 34 2.0 11 0 1 0 7 5 2 0.0144068091569 1 1 
114 34 2.0 6 1 0 0 1 4 1 0.574797320699 0 1 
114 34 2.0 10 1 2 0 16 5 2 4.2516331316e-38 3 0 
114 34 2.0 1 4 1 0 7 10 1 0.190342427328 0 3 
114 34 2.0 8 3 1 0 10 2 3 0.254444657383 2 0 
114 34 2.0 3 2 0 0 10 1 3 3.11113617239e-55 1 0 
114 34 2.0 2 1 1 0 14 2 2 3.79587083209e-08 2 0 
114 34 2.0 9 4 2 0 12 12 1 0.108915518995 0 4 
114 34 2.0 5 0 0 0 14 4 2 0.393600476346 2 0 
114 35 0.0 4 8 3 0 33 18 2 4.55651138163e-41 2 5 
114 35 0.0 7 3 1 0 11 6 2 0.233876454515 2 1 
114 35 0.0 11 0 1 0 7 5 2 0.0159711343156 1 1 
114 35 0.0 6 1 0 0 1 4 1 0.411292151505 0 1 
114 35 0.0 10 1 2 0 16 5 2 2.19442896238e-44 3 0 
114 35 0.0 1 4 1 0 7 10 1 0.266977881954 0 3 
114 35 0.0 8 3 1 0 10 2 3 2.94136917949e-20 2 0 
114 35 0.0 3 2 0 0 10 1 3 3.65171010695e-78 1 0 
114 35 0.0 2 1 1 0 14 2 2 7.194548884e-15 2 0 
114 35 0.0 9 4 2 0 12 12 1 0.169328522843 0 4 
114 35 0.0 5 0 0 0 14 4 2 0.308919204196 2 0 
114 35 2.0 4 8 3 0 33 18 2 1.85838483597e-89 2 5 
114 35 2.0 7 3 1 0 11 6 2 0.219033897687 2 1 
114 35 2.0 11 0 1 0 7 5 2 0.0144067889306 1 1 
114 35 2.0 6 1 0 0 1 4 1 0.574797320699 0 1 
114 35 2.0 10 1 2 0 16 5 2 1.80062721103e-37 3 0 
114 35 2.0 1 4 1 0 7 10 1 0.190342420582 0 3 
114 35 2.0 8 3 1 0 10 2 3 0.254444657383 2 0 
114 35 2.0 3 2 0 0 10 1 3 5.48689095708e-55 1 0 
114 35 2.0 2 1 1 0 14 2 2 2.18327344904e-08 2 0 
114 35 2.0 9 4 2 0 12 12 1 0.108915543484 0 4 
114 35 2.0 5 0 0 0 14 4 2 0.393600614598 2 0 
114 36 0.0 4 8 3 0 33 18 2 2.80900055006e-42 2 5 
114 36 0.0 7 3 1 0 11 6 2 0.233876454515 2 1 
114 36 0.0 11 0 1 0 7 5 2 0.0159711356762 1 1 
114 36 0.0 6 1 0 0 1 4 1 0.411292151505 0 1 
114 36 0.0 10 1 2 0 16 5 2 5.22696109099e-44 3 0 
114 36 0.0 1 4 1 0 7 10 1 0.266977839942 0 3 
114 36 0.0 8 3 1 0 10 2 3 2.03497759926e-20 2 0 
114 36 0.0 3 2 0 0 10 1 3 4.03277711395e-78 1 0 
114 36 0.0 2 1 1 0 14 2 2 6.85977104557e-14 2 0 
114 36 0.0 9 4 2 0 12 12 1 0.16932849064 0 4 
114 36 0.0 5 0 0 0 14 4 2 0.3089192131 2 0 
114 36 2.0 4 8 3 0 33 18 2 2.45565560183e-88 2 5 
114 36 2.0 7 3 1 0 11 6 2 0.219033897687 2 1 
114 36 2.0 11 0 1 0 7 5 2 0.0144068311931 1 1 
114 36 2.0 6 1 0 0 1 4 1 0.574797320699 0 1 
114 36 2.0 10 1 2 0 16 5 2 5.33924887445e-38 3 0 
114 36 2.0 1 4 1 0 7 10 1 0.190342584144 0 3 
114 36 2.0 8 3 1 0 10 2 3 0.254444657383 2 0 
114 36 2.0 3 2 0 0 10 1 3 5.38653091818e-55 1 0 
114 36 2.0 2 1 1 0 14 2 2 3.39634436108e-09 2 0 
114 36 2.0 9 4 2 0 12 12 1 0.108915375654 0 4 
114 36 2.0 5 0 0 0 14 4 2 0.393600503017 2 0 
114 37 0.0 4 8 3 0 33 18 2 1.03733857258e-43 2 5 
114 37 0.0 7 3 1 0 11 6 2 0.233876454515 2 1 
114 37 0.0 11 0 1 0 7 5 2 0.0159711369277 1 1 
114 37 0.0 6 1 0 0 1 4 1 0.411292151505 0 1 
114 37 0.0 10 1 2 0 16 5 2 1.57488728657e-43 3 0 
114 37 0.0 1 4 1 0 7 10 1 0.26697784308 0 3 
114 37 0.0 8 3 1 0 10 2 3 2.26852962025e-20 2 0 
114 37 0.0 3 2 0 0 10 1 3 6.09442610289e-78 1 0 
114 37 0.0 2 1 1 0 14 2 2 4.00769407297e-14 2 0 
114 37 0.0 9 4 2 0 12 12 1 0.169328495947 0 4 
114 37 0.0 5 0 0 0 14 4 2 0.308919237897 2 0 
114 37 2.0 4 8 3 0 33 18 2 4.13371038551e-87 2 5 
114 37 2.0 7 3 1 0 11 6 2 0.219033897687 2 1 
114 37 2.0 11 0 1 0 7 5 2 0.0144068154728 1 1 
114 37 2.0 6 1 0 0 1 4 1 0.574797320699 0 1 
114 37 2.0 10 1 2 0 16 5 2 8.1034280557e-38 3 0 
114 37 2.0 1 4 1 0 7 10 1 0.190342410493 0 3 
114 37 2.0 8 3 1 0 10 2 3 0.254444657383 2 0 
114 37 2.0 3 2 0 0 10 1 3 4.40316022487e-55 1 0 
114 37 2.0 2 1 1 0 14 2 2 3.58718886426e-08 2 0 
114 37 2.0 9 4 2 0 12 12 1 0.108915523427 0 4 
114 37 2.0 5 0 0 0 14 4 2 0.393600556533 2 0 
114 38 0.0 4 8 3 0 33 18 2 5.45851438424e-43 2 5 
114 38 0.0 7 3 1 0 11 6 2 0.233876454515 2 1 
114 38 0.0 11 0 1 0 7 5 2 0.0159711380394 1 1 
114 38 0.0 6 1 0 0 1 4 1 0.411292151505 0 1 
114 38 0.0 10 1 2 0 16 5 2 1.82542047148e-43 3 0 
114 38 0.0 1 4 1 0 7 10 1 0.266977843521 0 3 
114 38 0.0 8 3 1 0 10 2 3 2.61519402192e-20 2 0 
114 38 0.0 3 2 0 0 10 1 3 4.86393436067e-78 1 0 
114 38 0.0 2 1 1 0 14 2 2 7.73913057498e-14 2 0 
114 38 0.0 9 4 2 0 12 12 1 0.169328498335 0 4 
114 38 0.0 5 0 0 0 14 4 2 0.308919257062 2 0 
114 38 2.0 4 8 3 0 33 18 2 1.68779776041e-84 2 5 
114 38 2.0 7 3 1 0 11 6 2 0.219033897687 2 1 
114 38 2.0 11 0 1 0 7 5 2 0.0144068379299 1 1 
114 38 2.0 6 1 0 0 1 4 1 0.574797320699 0 1 
114 38 2.0 10 1 2 0 16 5 2 9.45445926364e-38 3 0 
114 38 2.0 1 4 1 0 7 10 1 0.190342538578 0 3 
114 38 2.0 8 3 1 0 10 2 3 0.254444657383 2 0 
114 38 2.0 3 2 0 0 10 1 3 1.03597582718e-55 1 0 
114 38 2.0 2 1 1 0 14 2 2 2.37726767962e-08 2 0 
114 38 2.0 9 4 2 0 12 12 1 0.108915383637 0 4 
114 38 2.0 5 0 0 0 14 4 2 0.393600416495 2 0 
114 39 0.0 4 8 3 0 33 18 2 3.70323316853e-43 2 5 
114 39 0.0 7 3 1 0 11 6 2 0.233876454515 2 1 
114 39 0.0 11 0 1 0 7 5 2 0.0159711333584 1 1 
114 39 0.0 6 1 0 0 1 4 1 0.411292151505 0 1 
114 39 0.0 10 1 2 0 16 5 2 4.67911174065e-44 3 0 
114 39 0.0 1 4 1 0 7 10 1 0.266977875659 0 3 
114 39 0.0 8 3 1 0 10 2 3 3.02340488938e-20 2 0 
114 39 0.0 3 2 0 0 10 1 3 4.78314110145e-78 1 0 
114 39 0.0 2 1 1 0 14 2 2 1.90168767598e-13 2 0 
114 39 0.0 9 4 2 0 12 12 1 0.169328514755 0 4 
114 39 0.0 5 0 0 0 14 4 2 0.308919187825 2 0 
114 39 2.0 4 8 3 0 33 18 2 1.39325190098e-87 2 5 
114 39 2.0 7 3 1 0 11 6 2 0.219033897687 2 1 
114 39 2.0 11 0 1 0 7 5 2 0.0144067568257 1 1 
114 39 2.0 6 1 0 0 1 4 1 0.574797320699 0 1 
114 39 2.0 10 1 2 0 16 5 2 1.08757775018e-37 3 0 
114 39 2.0 1 4 1 0 7 10 1 0.190342419148 0 3 
114 39 2.0 8 3 1 0 10 2 3 0.254444657383 2 0 
114 39 2.0 3 2 0 0 10 1 3 2.20247023196e-55 1 0 
114 39 2.0 2 1 1 0 14 2 2 1.48827804079e-08 2 0 
114 39 2.0 9 4 2 0 12 12 1 0.108915516299 0 4 
114 39 2.0 5 0 0 0 14 4 2 0.393600558951 2 0 
114 40 0.0 4 8 3 0 33 18 2 1.74038143278e-42 2 5 
114 40 0.0 7 3 1 0 11 6 2 0.233876454515 2 1 
114 40 0.0 11 0 1 0 7 5 2 0.0159711370341 1 1 
114 40 0.0 6 1 0 0 1 4 1 0.411292151505 0 1 
114 40 0.0 10 1 2 0 16 5 2 7.68356856928e-44 3 0 
114 40 0.0 1 4 1 0 7 10 1 0.266977839107 0 3 
114 40 0.0 8 3 1 0 10 2 3 3.05632007988e-20 2 0 
114 40 0.0 3 2 0 0 10 1 3 3.0136628606e-78 1 0 
114 40 0.0 2 1 1 0 14 2 2 5.47686603462e-14 2 0 
114 40 0.0 9 4 2 0 12 12 1 0.169328492822 0 4 
114 40 0.0 5 0 0 0 14 4 2 0.308919237546 2 0 
114 40 2.0 4 8 3 0 33 18 2 2.57462204846e-85 2 5 
114 40 2.0 7 3 1 0 11 6 2 0.219033897687 2 1 
114 40 2.0 11 0 1 0 7 5 2 0.0144068001921 1 1 
114 40 2.0 6 1 0 0 1 4 1 0.574797320699 0 1 
114 40 2.0 10 1 2 0 16 5 2 5.21901127005e-38 3 0 
114 40 2.0 1 4 1 0 7 10 1 0.190342472313 0 3 
114 40 2.0 8 3 1 0 10 2 3 0.254444657383 2 0 
114 40 2.0 3 2 0 0 10 1 3 2.15879942649e-55 1 0 
114 40 2.0 2 1 1 0 14 2 2 2.8393787292e-08 2 0 
114 40 2.0 9 4 2 0 12 12 1 0.108915493464 0 4 
114 40 2.0 5 0 0 0 14 4 2 0.393600600453 2 0 
