106 1 0.0 52 19 12 0 390 114 0 0 0 0 0 0 0 0 33.0 2.19231341897 0.0664337399688 0.262986294925 0.0313350694409 
106 1 2.0 52 19 12 0 390 114 0 0 0 0 0 0 0 0 33.0 2.10656910308 0.0638354273661 0.186062017501 0.0420092505563 
106 2 0.0 52 19 12 0 390 114 0 0 0 0 0 0 0 0 33.0 2.18129625097 0.0660998863929 0.260295824575 0.031422040289 
106 2 2.0 52 19 12 0 390 114 0 0 0 0 0 0 0 0 33.0 2.06330017657 0.0625242477748 0.184066539983 0.0408202670233 
106 3 0.0 52 19 12 0 390 114 0 0 0 0 0 0 0 0 33.0 2.18558939428 0.066229981645 0.262851847348 0.0311189341979 
106 3 2.0 52 19 12 0 390 114 0 0 0 0 0 0 0 0 33.0 2.07263232167 0.0628070400506 0.184558922853 0.0410656324073 
106 4 0.0 52 19 12 0 390 114 0 0 0 0 0 0 0 0 33.0 2.17430961276 0.0658881700837 0.259600274985 0.0312967227799 
106 4 2.0 52 19 12 0 390 114 0 0 0 0 0 0 0 0 33.0 2.08128468343 0.0630692328312 0.183939205935 0.0414853090626 
106 5 0.0 52 19 12 0 390 114 0 0 0 0 0 0 0 0 33.0 2.17767875305 0.0659902652439 0.259968952808 0.0313512138932 
106 5 2.0 52 19 12 0 390 114 0 0 0 0 0 0 0 0 33.0 2.0655768287 0.0625932372334 0.18392754101 0.0409263972734 
106 6 0.0 52 19 12 0 390 114 0 0 0 0 0 0 0 0 33.0 2.18971964544 0.0663551407708 0.263033004762 0.0312340936296 
106 6 2.0 52 19 12 0 390 114 0 0 0 0 0 0 0 0 33.0 2.10873609997 0.0639010939386 0.186122696406 0.0420758077837 
106 7 0.0 52 19 12 0 390 114 0 0 0 0 0 0 0 0 33.0 2.17262176944 0.0658370233164 0.259489116777 0.0312562923412 
106 7 2.0 52 19 12 0 390 114 0 0 0 0 0 0 0 0 33.0 2.06338215267 0.0625267318989 0.183789927909 0.0408725897542 
106 8 0.0 52 19 12 0 390 114 0 0 0 0 0 0 0 0 33.0 2.19111307951 0.0663973660459 0.262477500778 0.0313830562723 
106 8 2.0 52 19 12 0 390 114 0 0 0 0 0 0 0 0 33.0 2.07098372587 0.0627570826021 0.184478990407 0.0410210276369 
106 9 0.0 52 19 12 0 390 114 0 0 0 0 0 0 0 0 33.0 2.177836542 0.0659950467273 0.259863844109 0.0313756186234 
106 9 2.0 52 19 12 0 390 114 0 0 0 0 0 0 0 0 33.0 2.07489641918 0.0628756490662 0.184833887927 0.0410973921268 
106 10 0.0 52 19 12 0 390 114 0 0 0 0 0 0 0 0 33.0 2.17432450839 0.0658886214665 0.261289238141 0.0309956542031 
106 10 2.0 52 19 12 0 390 114 0 0 0 0 0 0 0 0 33.0 2.0660909078 0.0626088153878 0.185070117598 0.0407407257075 
106 1 0.0 52 19 12 0 390 114 0 0 0 0 0 0 0 0 33.0 2.18247746634 0.0661356807981 0.260456499333 0.0314355346311 
106 1 2.0 52 19 12 0 390 114 0 0 0 0 0 0 0 0 33.0 2.07072848953 0.0627493481675 0.184451672017 0.0410167903372 
106 2 0.0 52 19 12 0 390 114 0 0 0 0 0 0 0 0 33.0 2.17144982355 0.0658015098046 0.259734327653 0.0311706494746 
106 2 2.0 52 19 12 0 390 114 0 0 0 0 0 0 0 0 33.0 2.07429419074 0.0628573997195 0.184570489635 0.0411229193774 
106 3 0.0 52 19 12 0 390 114 0 0 0 0 0 0 0 0 33.0 2.17566325366 0.0659291895049 0.259746576439 0.0313189418381 
106 3 2.0 52 19 12 0 390 114 0 0 0 0 0 0 0 0 33.0 2.08105002286 0.0630621219048 0.186173485556 0.0410779498242 
106 4 0.0 52 19 12 0 390 114 0 0 0 0 0 0 0 0 33.0 2.1921088878 0.0664275420547 0.262381017365 0.031435850035 
106 4 2.0 52 19 12 0 390 114 0 0 0 0 0 0 0 0 33.0 2.08849089022 0.0632876027341 0.185116740471 0.0415323995668 
106 5 0.0 52 19 12 0 390 114 0 0 0 0 0 0 0 0 33.0 2.18959440703 0.0663513456676 0.262233305432 0.0313724242811 
106 5 2.0 52 19 12 0 390 114 0 0 0 0 0 0 0 0 33.0 2.13974849782 0.0648408635703 0.188686695992 0.0427255363521 
106 6 0.0 52 19 12 0 390 114 0 0 0 0 0 0 0 0 33.0 2.17348758195 0.0658632600591 0.259536612674 0.0312787328064 
106 6 2.0 52 19 12 0 390 114 0 0 0 0 0 0 0 0 33.0 2.07001774303 0.0627278103949 0.184377937663 0.0410045733827 
106 7 0.0 52 19 12 0 390 114 0 0 0 0 0 0 0 0 33.0 2.17234400352 0.0658286061673 0.259918812921 0.0311696406755 
106 7 2.0 52 19 12 0 390 114 0 0 0 0 0 0 0 0 33.0 2.06575977069 0.0625987809301 0.184245926508 0.0408760763626 
106 8 0.0 52 19 12 0 390 114 0 0 0 0 0 0 0 0 33.0 2.17566930988 0.0659293730267 0.259791021283 0.0313112215524 
106 8 2.0 52 19 12 0 390 114 0 0 0 0 0 0 0 0 33.0 2.12207529158 0.0643053118661 0.186984067582 0.0423983912025 
106 9 0.0 52 19 12 0 390 114 0 0 0 0 0 0 0 0 33.0 2.18334875767 0.0661620835658 0.260588110678 0.0314431501529 
106 9 2.0 52 19 12 0 390 114 0 0 0 0 0 0 0 0 33.0 2.07292939415 0.0628160422471 0.185125032286 0.0409751511687 
106 10 0.0 52 19 12 0 390 114 0 0 0 0 0 0 0 0 33.0 2.18975263581 0.066356140479 0.263156306547 0.0312132536811 
106 10 2.0 52 19 12 0 390 114 0 0 0 0 0 0 0 0 33.0 2.06655706338 0.0626229413146 0.184505634968 0.0408581745907 
106 11 0.0 52 19 12 0 390 114 0 0 0 0 0 0 0 0 33.0 2.17416334121 0.0658837376124 0.259578867091 0.0312953216342 
106 11 2.0 52 19 12 0 390 114 0 0 0 0 0 0 0 0 33.0 2.0632595436 0.0625230164728 0.184595744708 0.0407243150023 
106 12 0.0 52 19 12 0 390 114 0 0 0 0 0 0 0 0 33.0 2.19186116923 0.0664200354311 0.26303787039 0.0313097077599 
106 12 2.0 52 19 12 0 390 114 0 0 0 0 0 0 0 0 33.0 2.0647057301 0.062566840306 0.18498739829 0.0407060263803 
106 13 0.0 52 19 12 0 390 114 0 0 0 0 0 0 0 0 33.0 2.1850764528 0.0662144379636 0.262699843972 0.0311277583194 
106 13 2.0 52 19 12 0 390 114 0 0 0 0 0 0 0 0 33.0 2.06967671184 0.0627174761164 0.184283957168 0.0410091759287 
106 14 0.0 52 19 12 0 390 114 0 0 0 0 0 0 0 0 33.0 2.17854544624 0.0660165286739 0.261694037021 0.0310741164691 
106 14 2.0 52 19 12 0 390 114 0 0 0 0 0 0 0 0 33.0 2.14756331012 0.0650776760642 0.190033910462 0.0427640627789 
106 15 0.0 52 19 12 0 390 114 0 0 0 0 0 0 0 0 33.0 2.18728395644 0.0662813320133 0.261706569091 0.0313839682495 
106 15 2.0 52 19 12 0 390 114 0 0 0 0 0 0 0 0 33.0 2.13465593695 0.0646865435439 0.188087787047 0.0426506072041 
106 16 0.0 52 19 12 0 390 114 0 0 0 0 0 0 0 0 33.0 2.17019631361 0.0657635246549 0.260287480013 0.0310271040553 
106 16 2.0 52 19 12 0 390 114 0 0 0 0 0 0 0 0 33.0 2.07227263263 0.0627961403829 0.184611152425 0.0410434596611 
106 17 0.0 52 19 12 0 390 114 0 0 0 0 0 0 0 0 33.0 2.17115073188 0.0657924464206 0.260599767267 0.0310054248409 
106 17 2.0 52 19 12 0 390 114 0 0 0 0 0 0 0 0 33.0 2.06521873328 0.0625823858569 0.184001659306 0.040900372741 
106 18 0.0 52 19 12 0 390 114 0 0 0 0 0 0 0 0 33.0 2.18891514527 0.0663307619779 0.262054470842 0.0313800996807 
106 18 2.0 52 19 12 0 390 114 0 0 0 0 0 0 0 0 33.0 2.09453315968 0.0634707018083 0.184283174405 0.0418970459875 
106 19 0.0 52 19 12 0 390 114 0 0 0 0 0 0 0 0 33.0 2.17144623724 0.0658014011286 0.260344081041 0.0310616368584 
106 19 2.0 52 19 12 0 390 114 0 0 0 0 0 0 0 0 33.0 2.06803782698 0.0626678129389 0.183581092215 0.0410761559254 
106 20 0.0 52 19 12 0 390 114 0 0 0 0 0 0 0 0 33.0 2.17868830415 0.0660208577017 0.260137417671 0.0313571862786 
106 20 2.0 52 19 12 0 390 114 0 0 0 0 0 0 0 0 33.0 2.14960824308 0.0651396437298 0.190223920085 0.0428031658091 
106 21 0.0 52 19 12 0 390 114 0 0 0 0 0 0 0 0 33.0 2.17169878385 0.0658090540562 0.260622068749 0.0310210157182 
106 21 2.0 52 19 12 0 390 114 0 0 0 0 0 0 0 0 33.0 2.15961078365 0.0654427510198 0.190239364637 0.0431576414454 
106 22 0.0 52 19 12 0 390 114 0 0 0 0 0 0 0 0 33.0 2.16946201942 0.0657412733159 0.259809362276 0.0310862574302 
106 22 2.0 52 19 12 0 390 114 0 0 0 0 0 0 0 0 33.0 2.07099766169 0.0627575048997 0.185534211481 0.0408330930103 
106 23 0.0 52 19 12 0 390 114 0 0 0 0 0 0 0 0 33.0 2.17270318894 0.0658394905739 0.260681553791 0.0310462649995 
106 23 2.0 52 19 12 0 390 114 0 0 0 0 0 0 0 0 33.0 2.06898677868 0.062696569051 0.183813549998 0.0410685367391 
106 24 0.0 52 19 12 0 390 114 0 0 0 0 0 0 0 0 33.0 2.18120051586 0.0660969853291 0.260268977691 0.0314234152645 
106 24 2.0 52 19 12 0 390 114 0 0 0 0 0 0 0 0 33.0 2.07221413583 0.0627943677524 0.184620782035 0.0410396509162 
106 25 0.0 52 19 12 0 390 114 0 0 0 0 0 0 0 0 33.0 2.1803670636 0.0660717291999 0.262167241996 0.0310546733435 
106 25 2.0 52 19 12 0 390 114 0 0 0 0 0 0 0 0 33.0 2.0718858251 0.0627844189425 0.184329855951 0.0410798766197 
106 26 0.0 52 19 12 0 390 114 0 0 0 0 0 0 0 0 33.0 2.18052680044 0.0660765697105 0.260228631341 0.0314065587051 
106 26 2.0 52 19 12 0 390 114 0 0 0 0 0 0 0 0 33.0 2.07267652657 0.0628083795929 0.184700796775 0.0410418765246 
106 27 0.0 52 19 12 0 390 114 0 0 0 0 0 0 0 0 33.0 2.18091998213 0.0660884843069 0.26035217561 0.0313985394313 
106 27 2.0 52 19 12 0 390 114 0 0 0 0 0 0 0 0 33.0 2.07068300204 0.0627479697588 0.184446403643 0.0410161065652 
106 28 0.0 52 19 12 0 390 114 0 0 0 0 0 0 0 0 33.0 2.19084078853 0.0663891148039 0.262686325958 0.0313360413835 
106 28 2.0 52 19 12 0 390 114 0 0 0 0 0 0 0 0 33.0 2.07710850848 0.0629426820752 0.185898848916 0.0409862237108 
106 29 0.0 52 19 12 0 390 114 0 0 0 0 0 0 0 0 33.0 2.1877279068 0.0662947850546 0.262580764236 0.0312437173437 
106 29 2.0 52 19 12 0 390 114 0 0 0 0 0 0 0 0 33.0 2.07320235744 0.0628243138619 0.183053023082 0.0413549015013 
106 30 0.0 52 19 12 0 390 114 0 0 0 0 0 0 0 0 33.0 2.18267788346 0.0661417540444 0.262222458386 0.0311273425548 
106 30 2.0 52 19 12 0 390 114 0 0 0 0 0 0 0 0 33.0 2.0657189317 0.0625975433848 0.184289401864 0.0408668543706 
106 31 0.0 52 19 12 0 390 114 0 0 0 0 0 0 0 0 33.0 2.18885136207 0.0663288291535 0.262609862314 0.0312786446606 
106 31 2.0 52 19 12 0 390 114 0 0 0 0 0 0 0 0 33.0 2.07314705462 0.0628226380187 0.184885749895 0.041025653755 
106 32 0.0 52 19 12 0 390 114 0 0 0 0 0 0 0 0 33.0 2.18614727396 0.0662468870898 0.262521826293 0.0311977908035 
106 32 2.0 52 19 12 0 390 114 0 0 0 0 0 0 0 0 33.0 2.06950207449 0.0627121840753 0.184320012366 0.040996500452 
106 33 0.0 52 19 12 0 390 114 0 0 0 0 0 0 0 0 33.0 2.18522711061 0.0662190033518 0.262928059711 0.0310923861448 
106 33 2.0 52 19 12 0 390 114 0 0 0 0 0 0 0 0 33.0 2.07022867108 0.062734202154 0.185140375902 0.0408759568419 
106 34 0.0 52 19 12 0 390 114 0 0 0 0 0 0 0 0 33.0 2.18924901976 0.0663408793865 0.261805836012 0.0314364228462 
106 34 2.0 52 19 12 0 390 114 0 0 0 0 0 0 0 0 33.0 2.06860727461 0.0626850689276 0.183755816049 0.0410652926559 
106 35 0.0 52 19 12 0 390 114 0 0 0 0 0 0 0 0 33.0 2.21185942608 0.0670260432145 0.262998424765 0.0320309750805 
106 35 2.0 52 19 12 0 390 114 0 0 0 0 0 0 0 0 33.0 2.06743107563 0.0626494265342 0.184901950103 0.040818618754 
106 36 0.0 52 19 12 0 390 114 0 0 0 0 0 0 0 0 33.0 2.18944589009 0.0663468451542 0.262962563067 0.031236895527 
106 36 2.0 52 19 12 0 390 114 0 0 0 0 0 0 0 0 33.0 2.08711955255 0.063246047047 0.18435404428 0.0416196189698 
106 37 0.0 52 19 12 0 390 114 0 0 0 0 0 0 0 0 33.0 2.19844526717 0.0666195535506 0.262983597889 0.031554545633 
106 37 2.0 52 19 12 0 390 114 0 0 0 0 0 0 0 0 33.0 2.07270540351 0.0628092546517 0.184610517766 0.0410590290955 
106 38 0.0 52 19 12 0 390 114 0 0 0 0 0 0 0 0 33.0 2.18535026682 0.0662227353582 0.260899897463 0.0314589564108 
106 38 2.0 52 19 12 0 390 114 0 0 0 0 0 0 0 0 33.0 2.14784927658 0.0650863417146 0.18883621227 0.0429881505441 
106 39 0.0 52 19 12 0 390 114 0 0 0 0 0 0 0 0 33.0 2.1785047 0.0660152939394 0.262017262333 0.0310149424406 
106 39 2.0 52 19 12 0 390 114 0 0 0 0 0 0 0 0 33.0 2.07058221254 0.0627449155314 0.184196876971 0.0410570652744 
106 40 0.0 52 19 12 0 390 114 0 0 0 0 0 0 0 0 33.0 2.18067886254 0.0660811776527 0.26024893352 0.0314083641049 
106 40 2.0 52 19 12 0 390 114 0 0 0 0 0 0 0 0 33.0 2.07017364537 0.0627325347081 0.18480997298 0.0409329921596 
