14 1 0.0 9 0 0 0 10 1 2 0.0461784722475 1 0 
14 1 0.0 8 1 1 0 9 9 2 0.0462056124764 1 1 
14 1 0.0 3 0 4 0 17 26 1 0.354103279483 0 5 
14 1 0.0 2 3 3 0 10 20 1 0.177186061364 0 4 
14 1 0.0 11 1 1 0 5 17 3 9.88555260978e-64 1 1 
14 1 0.0 5 1 0 0 5 19 2 0.116508306126 1 1 
14 1 0.0 10 0 3 0 8 23 2 0.0449516727233 1 2 
14 1 0.0 4 1 1 0 11 20 2 0.0875008412829 2 1 
14 1 0.0 13 3 9 0 22 63 2 5.98448855564e-37 9 0 
14 1 0.0 7 1 2 0 8 25 2 0.0585328006311 1 2 
14 1 0.0 12 3 6 0 15 31 2 3.14846639646e-39 5 1 
14 1 0.0 6 2 3 0 11 25 2 0.0562377780081 1 3 
14 1 0.0 1 2 0 0 4 6 1 0.183349276916 0 2 
14 1 2.0 9 0 0 0 10 1 2 0.0140445147429 1 0 
14 1 2.0 8 1 1 0 9 9 2 0.0138409491322 1 1 
14 1 2.0 3 0 4 0 17 26 1 0.0470991920489 0 5 
14 1 2.0 2 3 3 0 10 20 1 0.0594780618448 0 4 
14 1 2.0 11 1 1 0 5 17 3 3.06197351133e-31 1 1 
14 1 2.0 5 1 0 0 5 19 2 0.118720986617 1 1 
14 1 2.0 10 0 3 0 8 23 2 0.0137259167358 1 2 
14 1 2.0 4 1 1 0 11 20 2 0.0905490912374 2 1 
14 1 2.0 13 3 9 0 22 63 2 2.76556842011e-24 9 0 
14 1 2.0 7 1 2 0 8 25 2 0.0603620973473 1 2 
14 1 2.0 12 3 6 0 15 31 2 7.34983006729e-28 5 1 
14 1 2.0 6 2 3 0 11 25 2 0.0594034051816 1 3 
14 1 2.0 1 2 0 0 4 6 1 0.0695479889176 0 2 
14 2 0.0 9 0 0 0 10 1 2 0.0804000599764 1 0 
14 2 0.0 8 1 1 0 9 9 2 0.0797811775669 1 1 
14 2 0.0 3 0 4 0 17 26 1 0.113373449452 0 5 
14 2 0.0 2 3 3 0 10 20 1 0.166607199021 0 4 
14 2 0.0 11 1 1 0 5 17 3 6.71105206965e-61 1 1 
14 2 0.0 5 1 0 0 5 19 2 0.121475532208 1 1 
14 2 0.0 10 0 3 0 8 23 2 0.0786008778387 1 2 
14 2 0.0 4 1 1 0 11 20 2 0.0918778156504 2 1 
14 2 0.0 13 3 9 0 22 63 2 4.37075404441e-36 9 0 
14 2 0.0 7 1 2 0 8 25 2 0.0614787549742 1 2 
14 2 0.0 12 3 6 0 15 31 2 9.353024518e-39 5 1 
14 2 0.0 6 2 3 0 11 25 2 0.0601259896054 1 3 
14 2 0.0 1 2 0 0 4 6 1 0.173066327617 0 2 
14 2 2.0 9 0 0 0 10 1 2 0.13305396101 1 0 
14 2 2.0 8 1 1 0 9 9 2 0.132691226091 1 1 
14 2 2.0 3 0 4 0 17 26 1 0.0507831600949 0 5 
14 2 2.0 2 3 3 0 10 20 1 0.0658775224519 0 4 
14 2 2.0 11 1 1 0 5 17 3 5.15577335734e-36 1 1 
14 2 2.0 5 1 0 0 5 19 2 0.112984448919 1 1 
14 2 2.0 10 0 3 0 8 23 2 0.121974906283 1 2 
14 2 2.0 4 1 1 0 11 20 2 0.0854025966763 2 1 
14 2 2.0 13 3 9 0 22 63 2 3.246067985e-25 9 0 
14 2 2.0 7 1 2 0 8 25 2 0.0569852747145 1 2 
14 2 2.0 12 3 6 0 15 31 2 8.69272381928e-28 5 1 
14 2 2.0 6 2 3 0 11 25 2 0.0549187612648 1 3 
14 2 2.0 1 2 0 0 4 6 1 0.0771365845259 0 2 
14 3 0.0 9 0 0 0 10 1 2 0.0479780873358 1 0 
14 3 0.0 8 1 1 0 9 9 2 0.0479122237786 1 1 
14 3 0.0 3 0 4 0 17 26 1 0.0705349605803 0 5 
14 3 0.0 2 3 3 0 10 20 1 0.207626904046 0 4 
14 3 0.0 11 1 1 0 5 17 3 2.15771928995e-59 1 1 
14 3 0.0 5 1 0 0 5 19 2 0.109796931388 1 1 
14 3 0.0 10 0 3 0 8 23 2 0.04665197574 1 2 
14 3 0.0 4 1 1 0 11 20 2 0.0808142351666 2 1 
14 3 0.0 13 3 9 0 22 63 2 8.69876150787e-37 9 0 
14 3 0.0 7 1 2 0 8 25 2 0.052414566364 1 2 
14 3 0.0 12 3 6 0 15 31 2 2.54503850296e-39 5 1 
14 3 0.0 6 2 3 0 11 25 2 0.0515860293077 1 3 
14 3 0.0 1 2 0 0 4 6 1 0.211788034986 0 2 
14 3 2.0 9 0 0 0 10 1 2 0.0218948275956 1 0 
14 3 2.0 8 1 1 0 9 9 2 0.0215863083441 1 1 
14 3 2.0 3 0 4 0 17 26 1 0.0254780639367 0 5 
14 3 2.0 2 3 3 0 10 20 1 0.143487012974 0 4 
14 3 2.0 11 1 1 0 5 17 3 3.71891038534e-30 1 1 
14 3 2.0 5 1 0 0 5 19 2 0.118642883247 1 1 
14 3 2.0 10 0 3 0 8 23 2 0.0216394288478 1 2 
14 3 2.0 4 1 1 0 11 20 2 0.085095447293 2 1 
14 3 2.0 13 3 9 0 22 63 2 1.73834529782e-24 9 0 
14 3 2.0 7 1 2 0 8 25 2 0.0533341100902 1 2 
14 3 2.0 12 3 6 0 15 31 2 5.47670384506e-27 5 1 
14 3 2.0 6 2 3 0 11 25 2 0.0526654241376 1 3 
14 3 2.0 1 2 0 0 4 6 1 0.147664958177 0 2 
14 4 0.0 9 0 0 0 10 1 2 0.0310470073491 1 0 
14 4 0.0 8 1 1 0 9 9 2 0.0308226840556 1 1 
14 4 0.0 3 0 4 0 17 26 1 0.0777238109477 0 5 
14 4 0.0 2 3 3 0 10 20 1 0.163527881848 0 4 
14 4 0.0 11 1 1 0 5 17 3 5.26134472004e-62 1 1 
14 4 0.0 5 1 0 0 5 19 2 0.113450377246 1 1 
14 4 0.0 10 0 3 0 8 23 2 0.0304140813778 1 2 
14 4 0.0 4 1 1 0 11 20 2 0.0853517367844 2 1 
14 4 0.0 13 3 9 0 22 63 2 3.9162618563e-36 9 0 
14 4 0.0 7 1 2 0 8 25 2 0.0569832875565 1 2 
14 4 0.0 12 3 6 0 15 31 2 2.08602093508e-39 5 1 
14 4 0.0 6 2 3 0 11 25 2 0.0554131765547 1 3 
14 4 0.0 1 2 0 0 4 6 1 0.171891111587 0 2 
14 4 2.0 9 0 0 0 10 1 2 0.0108856565646 1 0 
14 4 2.0 8 1 1 0 9 9 2 0.0108138502397 1 1 
14 4 2.0 3 0 4 0 17 26 1 0.124913007578 0 5 
14 4 2.0 2 3 3 0 10 20 1 0.180211550491 0 4 
14 4 2.0 11 1 1 0 5 17 3 1.24119952133e-28 1 1 
14 4 2.0 5 1 0 0 5 19 2 0.101144873417 1 1 
14 4 2.0 10 0 3 0 8 23 2 0.010597003415 1 2 
14 4 2.0 4 1 1 0 11 20 2 0.0701412374424 2 1 
14 4 2.0 13 3 9 0 22 63 2 7.17383217285e-25 9 0 
14 4 2.0 7 1 2 0 8 25 2 0.0420153903692 1 2 
14 4 2.0 12 3 6 0 15 31 2 8.56733642267e-28 5 1 
14 4 2.0 6 2 3 0 11 25 2 0.0416062141604 1 3 
14 4 2.0 1 2 0 0 4 6 1 0.187900134414 0 2 
14 5 0.0 9 0 0 0 10 1 2 0.0350853124393 1 0 
14 5 0.0 8 1 1 0 9 9 2 0.0348058210967 1 1 
14 5 0.0 3 0 4 0 17 26 1 0.0733645794801 0 5 
14 5 0.0 2 3 3 0 10 20 1 0.180886946471 0 4 
14 5 0.0 11 1 1 0 5 17 3 1.9084755363e-60 1 1 
14 5 0.0 5 1 0 0 5 19 2 0.124733347689 1 1 
14 5 0.0 10 0 3 0 8 23 2 0.0345080657771 1 2 
14 5 0.0 4 1 1 0 11 20 2 0.0940495356597 2 1 
14 5 0.0 13 3 9 0 22 63 2 4.12661277977e-36 9 0 
14 5 0.0 7 1 2 0 8 25 2 0.062663751854 1 2 
14 5 0.0 12 3 6 0 15 31 2 1.21367855256e-38 5 1 
14 5 0.0 6 2 3 0 11 25 2 0.0613336702916 1 3 
14 5 0.0 1 2 0 0 4 6 1 0.184828893252 0 2 
14 5 2.0 9 0 0 0 10 1 2 0.0298070589177 1 0 
14 5 2.0 8 1 1 0 9 9 2 0.0291425748022 1 1 
14 5 2.0 3 0 4 0 17 26 1 0.34688110477 0 5 
14 5 2.0 2 3 3 0 10 20 1 0.108514762276 0 4 
14 5 2.0 11 1 1 0 5 17 3 1.21243560162e-32 1 1 
14 5 2.0 5 1 0 0 5 19 2 0.173855512284 1 1 
14 5 2.0 10 0 3 0 8 23 2 0.0295836387189 1 2 
14 5 2.0 4 1 1 0 11 20 2 0.132822768402 2 1 
14 5 2.0 13 3 9 0 22 63 2 2.0664843131e-24 9 0 
14 5 2.0 7 1 2 0 8 25 2 0.0887437106869 1 2 
14 5 2.0 12 3 6 0 15 31 2 8.32084795386e-28 5 1 
14 5 2.0 6 2 3 0 11 25 2 0.0870754938645 1 3 
14 5 2.0 1 2 0 0 4 6 1 0.109855266876 0 2 
14 6 0.0 9 0 0 0 10 1 2 0.0231686642725 1 0 
14 6 0.0 8 1 1 0 9 9 2 0.0230870057877 1 1 
14 6 0.0 3 0 4 0 17 26 1 0.11381712679 0 5 
14 6 0.0 2 3 3 0 10 20 1 0.20167588807 0 4 
14 6 0.0 11 1 1 0 5 17 3 5.05662097543e-66 1 1 
14 6 0.0 5 1 0 0 5 19 2 0.104233982706 1 1 
14 6 0.0 10 0 3 0 8 23 2 0.0220829528629 1 2 
14 6 0.0 4 1 1 0 11 20 2 0.0768076068993 2 1 
14 6 0.0 13 3 9 0 22 63 2 6.22750309202e-37 9 0 
14 6 0.0 7 1 2 0 8 25 2 0.0508468416052 1 2 
14 6 0.0 12 3 6 0 15 31 2 8.95773072253e-40 5 1 
14 6 0.0 6 2 3 0 11 25 2 0.0472616839195 1 3 
14 6 0.0 1 2 0 0 4 6 1 0.208073505078 0 2 
14 6 2.0 9 0 0 0 10 1 2 0.155408750928 1 0 
14 6 2.0 8 1 1 0 9 9 2 0.153129635813 1 1 
14 6 2.0 3 0 4 0 17 26 1 0.107692958578 0 5 
14 6 2.0 2 3 3 0 10 20 1 0.137936925649 0 4 
14 6 2.0 11 1 1 0 5 17 3 3.43586309427e-34 1 1 
14 6 2.0 5 1 0 0 5 19 2 0.0819391262681 1 1 
14 6 2.0 10 0 3 0 8 23 2 0.153251580099 1 2 
14 6 2.0 4 1 1 0 11 20 2 0.0572216466844 2 1 
14 6 2.0 13 3 9 0 22 63 2 3.71535902008e-24 9 0 
14 6 2.0 7 1 2 0 8 25 2 0.0348736952626 1 2 
14 6 2.0 12 3 6 0 15 31 2 4.01409208514e-27 5 1 
14 6 2.0 6 2 3 0 11 25 2 0.0338698896178 1 3 
14 6 2.0 1 2 0 0 4 6 1 0.152327105253 0 2 
14 7 0.0 9 0 0 0 10 1 2 0.0877494387057 1 0 
14 7 0.0 8 1 1 0 9 9 2 0.0881741432898 1 1 
14 7 0.0 3 0 4 0 17 26 1 0.159541284357 0 5 
14 7 0.0 2 3 3 0 10 20 1 0.17206623464 0 4 
14 7 0.0 11 1 1 0 5 17 3 1.81462034808e-63 1 1 
14 7 0.0 5 1 0 0 5 19 2 0.121899507084 1 1 
14 7 0.0 10 0 3 0 8 23 2 0.0871520648191 1 2 
14 7 0.0 4 1 1 0 11 20 2 0.0921695034703 2 1 
14 7 0.0 13 3 9 0 22 63 2 1.10063309055e-35 9 0 
14 7 0.0 7 1 2 0 8 25 2 0.0620644897842 1 2 
14 7 0.0 12 3 6 0 15 31 2 1.73785198712e-37 5 1 
14 7 0.0 6 2 3 0 11 25 2 0.0595287040251 1 3 
14 7 0.0 1 2 0 0 4 6 1 0.177716741415 0 2 
14 7 2.0 9 0 0 0 10 1 2 0.123246759444 1 0 
14 7 2.0 8 1 1 0 9 9 2 0.122469883296 1 1 
14 7 2.0 3 0 4 0 17 26 1 0.0386245011449 0 5 
14 7 2.0 2 3 3 0 10 20 1 0.150641819116 0 4 
14 7 2.0 11 1 1 0 5 17 3 3.0636782846e-37 1 1 
14 7 2.0 5 1 0 0 5 19 2 0.179366390785 1 1 
14 7 2.0 10 0 3 0 8 23 2 0.120149769601 1 2 
14 7 2.0 4 1 1 0 11 20 2 0.134618283685 2 1 
14 7 2.0 13 3 9 0 22 63 2 8.10540223084e-25 9 0 
14 7 2.0 7 1 2 0 8 25 2 0.0888902674616 1 2 
14 7 2.0 12 3 6 0 15 31 2 2.61311058068e-27 5 1 
14 7 2.0 6 2 3 0 11 25 2 0.0848364901411 1 3 
14 7 2.0 1 2 0 0 4 6 1 0.14481011675 0 2 
14 8 0.0 9 0 0 0 10 1 2 0.0826402262566 1 0 
14 8 0.0 8 1 1 0 9 9 2 0.0830471150518 1 1 
14 8 0.0 3 0 4 0 17 26 1 0.253171505437 0 5 
14 8 0.0 2 3 3 0 10 20 1 0.193400375598 0 4 
14 8 0.0 11 1 1 0 5 17 3 3.58535420549e-67 1 1 
14 8 0.0 5 1 0 0 5 19 2 0.111835662971 1 1 
14 8 0.0 10 0 3 0 8 23 2 0.0825171455062 1 2 
14 8 0.0 4 1 1 0 11 20 2 0.0836340547923 2 1 
14 8 0.0 13 3 9 0 22 63 2 3.98793453297e-36 9 0 
14 8 0.0 7 1 2 0 8 25 2 0.0566923108965 1 2 
14 8 0.0 12 3 6 0 15 31 2 2.20493163063e-38 5 1 
14 8 0.0 6 2 3 0 11 25 2 0.0511139869647 1 3 
14 8 0.0 1 2 0 0 4 6 1 0.198647619376 0 2 
14 8 2.0 9 0 0 0 10 1 2 0.148188832721 1 0 
14 8 2.0 8 1 1 0 9 9 2 0.14722018162 1 1 
14 8 2.0 3 0 4 0 17 26 1 0.0725714937374 0 5 
14 8 2.0 2 3 3 0 10 20 1 0.169701529048 0 4 
14 8 2.0 11 1 1 0 5 17 3 1.67879743114e-38 1 1 
14 8 2.0 5 1 0 0 5 19 2 0.10761577375 1 1 
14 8 2.0 10 0 3 0 8 23 2 0.143555835284 1 2 
14 8 2.0 4 1 1 0 11 20 2 0.0754856402279 2 1 
14 8 2.0 13 3 9 0 22 63 2 9.09075633934e-25 9 0 
14 8 2.0 7 1 2 0 8 25 2 0.0467374046876 1 2 
14 8 2.0 12 3 6 0 15 31 2 3.51381712673e-27 5 1 
14 8 2.0 6 2 3 0 11 25 2 0.0439644359755 1 3 
14 8 2.0 1 2 0 0 4 6 1 0.176252787629 0 2 
14 9 0.0 9 0 0 0 10 1 2 0.04980966016 1 0 
14 9 0.0 8 1 1 0 9 9 2 0.0497679399321 1 1 
14 9 0.0 3 0 4 0 17 26 1 0.356818010826 0 5 
14 9 0.0 2 3 3 0 10 20 1 0.202851579737 0 4 
14 9 0.0 11 1 1 0 5 17 3 6.52393791034e-64 1 1 
14 9 0.0 5 1 0 0 5 19 2 0.0994221072223 1 1 
14 9 0.0 10 0 3 0 8 23 2 0.048833577574 1 2 
14 9 0.0 4 1 1 0 11 20 2 0.0726611621723 2 1 
14 9 0.0 13 3 9 0 22 63 2 1.74843153487e-36 9 0 
14 9 0.0 7 1 2 0 8 25 2 0.0472897285109 1 2 
14 9 0.0 12 3 6 0 15 31 2 6.96589021863e-39 5 1 
14 9 0.0 6 2 3 0 11 25 2 0.0451647024182 1 3 
14 9 0.0 1 2 0 0 4 6 1 0.210531238791 0 2 
14 9 2.0 9 0 0 0 10 1 2 0.0597871186401 1 0 
14 9 2.0 8 1 1 0 9 9 2 0.0598060681061 1 1 
14 9 2.0 3 0 4 0 17 26 1 0.016457093146 0 5 
14 9 2.0 2 3 3 0 10 20 1 0.0612234458785 0 4 
14 9 2.0 11 1 1 0 5 17 3 3.93190726533e-34 1 1 
14 9 2.0 5 1 0 0 5 19 2 0.112319511396 1 1 
14 9 2.0 10 0 3 0 8 23 2 0.0589841301009 1 2 
14 9 2.0 4 1 1 0 11 20 2 0.0850712941217 2 1 
14 9 2.0 13 3 9 0 22 63 2 6.27141850024e-24 9 0 
14 9 2.0 7 1 2 0 8 25 2 0.0565372348925 1 2 
14 9 2.0 12 3 6 0 15 31 2 3.91350093827e-26 5 1 
14 9 2.0 6 2 3 0 11 25 2 0.055169607224 1 3 
14 9 2.0 1 2 0 0 4 6 1 0.072018669307 0 2 
14 10 0.0 9 0 0 0 10 1 2 0.0208610700935 1 0 
14 10 0.0 8 1 1 0 9 9 2 0.0208342294706 1 1 
14 10 0.0 3 0 4 0 17 26 1 0.220642874235 0 5 
14 10 0.0 2 3 3 0 10 20 1 0.201727277282 0 4 
14 10 0.0 11 1 1 0 5 17 3 8.79340912322e-67 1 1 
14 10 0.0 5 1 0 0 5 19 2 0.0977160978113 1 1 
14 10 0.0 10 0 3 0 8 23 2 0.0202689209075 1 2 
14 10 0.0 4 1 1 0 11 20 2 0.0716087156291 2 1 
14 10 0.0 13 3 9 0 22 63 2 2.81404448862e-36 9 0 
14 10 0.0 7 1 2 0 8 25 2 0.0473025619723 1 2 
14 10 0.0 12 3 6 0 15 31 2 9.3460232257e-39 5 1 
14 10 0.0 6 2 3 0 11 25 2 0.0433514889865 1 3 
14 10 0.0 1 2 0 0 4 6 1 0.209870230535 0 2 
14 10 2.0 9 0 0 0 10 1 2 0.0122912269625 1 0 
14 10 2.0 8 1 1 0 9 9 2 0.0120034880815 1 1 
14 10 2.0 3 0 4 0 17 26 1 0.0638002950444 0 5 
14 10 2.0 2 3 3 0 10 20 1 0.0702498635887 0 4 
14 10 2.0 11 1 1 0 5 17 3 2.05150031916e-35 1 1 
14 10 2.0 5 1 0 0 5 19 2 0.104051550334 1 1 
14 10 2.0 10 0 3 0 8 23 2 0.0120699760902 1 2 
14 10 2.0 4 1 1 0 11 20 2 0.0779304851062 2 1 
14 10 2.0 13 3 9 0 22 63 2 2.58208149469e-24 9 0 
14 10 2.0 7 1 2 0 8 25 2 0.0513966956685 1 2 
14 10 2.0 12 3 6 0 15 31 2 9.46882798756e-29 5 1 
14 10 2.0 6 2 3 0 11 25 2 0.0498643735411 1 3 
14 10 2.0 1 2 0 0 4 6 1 0.0818768638317 0 2 
14 11 0.0 9 0 0 0 10 1 2 0.0807891767041 1 0 
14 11 0.0 8 1 1 0 9 9 2 0.0803962090866 1 1 
14 11 0.0 3 0 4 0 17 26 1 0.114564981646 0 5 
14 11 0.0 2 3 3 0 10 20 1 0.163893184956 0 4 
14 11 0.0 11 1 1 0 5 17 3 4.19069927734e-59 1 1 
14 11 0.0 5 1 0 0 5 19 2 0.0972864360671 1 1 
14 11 0.0 10 0 3 0 8 23 2 0.0787681760254 1 2 
14 11 0.0 4 1 1 0 11 20 2 0.0719391330916 2 1 
14 11 0.0 13 3 9 0 22 63 2 1.65036227322e-36 9 0 
14 11 0.0 7 1 2 0 8 25 2 0.0468993152838 1 2 
14 11 0.0 12 3 6 0 15 31 2 4.46916292167e-40 5 1 
14 11 0.0 6 2 3 0 11 25 2 0.0463686689199 1 3 
14 11 0.0 1 2 0 0 4 6 1 0.175956698757 0 2 
14 11 2.0 9 0 0 0 10 1 2 0.131382254488 1 0 
14 11 2.0 8 1 1 0 9 9 2 0.132161452408 1 1 
14 11 2.0 3 0 4 0 17 26 1 0.0457148067875 0 5 
14 11 2.0 2 3 3 0 10 20 1 0.0814698695111 0 4 
14 11 2.0 11 1 1 0 5 17 3 1.88428456814e-34 1 1 
14 11 2.0 5 1 0 0 5 19 2 0.154011209146 1 1 
14 11 2.0 10 0 3 0 8 23 2 0.130104836666 1 2 
14 11 2.0 4 1 1 0 11 20 2 0.118564001579 2 1 
14 11 2.0 13 3 9 0 22 63 2 7.72524450998e-24 9 0 
14 11 2.0 7 1 2 0 8 25 2 0.0803169649251 1 2 
14 11 2.0 12 3 6 0 15 31 2 3.91731787368e-26 5 1 
14 11 2.0 6 2 3 0 11 25 2 0.0781760491203 1 3 
14 11 2.0 1 2 0 0 4 6 1 0.0886136183886 0 2 
14 12 0.0 9 0 0 0 10 1 2 0.0759269744049 1 0 
14 12 0.0 8 1 1 0 9 9 2 0.076378080555 1 1 
14 12 0.0 3 0 4 0 17 26 1 0.100987906241 0 5 
14 12 0.0 2 3 3 0 10 20 1 0.158214180579 0 4 
14 12 0.0 11 1 1 0 5 17 3 3.84137082488e-69 1 1 
14 12 0.0 5 1 0 0 5 19 2 0.0963985247127 1 1 
14 12 0.0 10 0 3 0 8 23 2 0.0764189674932 1 2 
14 12 0.0 4 1 1 0 11 20 2 0.0725573869896 2 1 
14 12 0.0 13 3 9 0 22 63 2 3.86616764371e-36 9 0 
14 12 0.0 7 1 2 0 8 25 2 0.0502079625814 1 2 
14 12 0.0 12 3 6 0 15 31 2 2.95249049497e-38 5 1 
14 12 0.0 6 2 3 0 11 25 2 0.0425987996655 1 3 
14 12 0.0 1 2 0 0 4 6 1 0.170559817823 0 2 
14 12 2.0 9 0 0 0 10 1 2 0.0107068794329 1 0 
14 12 2.0 8 1 1 0 9 9 2 0.0106620421204 1 1 
14 12 2.0 3 0 4 0 17 26 1 0.127186529467 0 5 
14 12 2.0 2 3 3 0 10 20 1 0.122145364559 0 4 
14 12 2.0 11 1 1 0 5 17 3 1.82570901405e-24 1 1 
14 12 2.0 5 1 0 0 5 19 2 0.167936017187 1 1 
14 12 2.0 10 0 3 0 8 23 2 0.010572697379 1 2 
14 12 2.0 4 1 1 0 11 20 2 0.127621656723 2 1 
14 12 2.0 13 3 9 0 22 63 2 1.6977165068e-24 9 0 
14 12 2.0 7 1 2 0 8 25 2 0.0844327536283 1 2 
14 12 2.0 12 3 6 0 15 31 2 6.19663344186e-27 5 1 
14 12 2.0 6 2 3 0 11 25 2 0.0841339931716 1 3 
14 12 2.0 1 2 0 0 4 6 1 0.122580925679 0 2 
14 13 0.0 9 0 0 0 10 1 2 0.0237999713219 1 0 
14 13 0.0 8 1 1 0 9 9 2 0.0234516295158 1 1 
14 13 0.0 3 0 4 0 17 26 1 0.106082663398 0 5 
14 13 0.0 2 3 3 0 10 20 1 0.142302123316 0 4 
14 13 0.0 11 1 1 0 5 17 3 3.83262324797e-61 1 1 
14 13 0.0 5 1 0 0 5 19 2 0.100572316277 1 1 
14 13 0.0 10 0 3 0 8 23 2 0.0233099934282 1 2 
14 13 0.0 4 1 1 0 11 20 2 0.0754248097875 2 1 
14 13 0.0 13 3 9 0 22 63 2 1.00966292237e-36 9 0 
14 13 0.0 7 1 2 0 8 25 2 0.0500797537871 1 2 
14 13 0.0 12 3 6 0 15 31 2 3.86110745035e-40 5 1 
14 13 0.0 6 2 3 0 11 25 2 0.0489079258167 1 3 
14 13 0.0 1 2 0 0 4 6 1 0.155195648372 0 2 
14 13 2.0 9 0 0 0 10 1 2 0.140113629038 1 0 
14 13 2.0 8 1 1 0 9 9 2 0.139198930196 1 1 
14 13 2.0 3 0 4 0 17 26 1 0.0564261317947 0 5 
14 13 2.0 2 3 3 0 10 20 1 0.161943010922 0 4 
14 13 2.0 11 1 1 0 5 17 3 5.02883483664e-32 1 1 
14 13 2.0 5 1 0 0 5 19 2 0.142234301149 1 1 
14 13 2.0 10 0 3 0 8 23 2 0.135236775205 1 2 
14 13 2.0 4 1 1 0 11 20 2 0.103276293335 2 1 
14 13 2.0 13 3 9 0 22 63 2 9.50180979045e-25 9 0 
14 13 2.0 7 1 2 0 8 25 2 0.065506904732 1 2 
14 13 2.0 12 3 6 0 15 31 2 7.62128373085e-27 5 1 
14 13 2.0 6 2 3 0 11 25 2 0.0643760169647 1 3 
14 13 2.0 1 2 0 0 4 6 1 0.161056659527 0 2 
14 14 0.0 9 0 0 0 10 1 2 0.0841512172175 1 0 
14 14 0.0 8 1 1 0 9 9 2 0.0836914922569 1 1 
14 14 0.0 3 0 4 0 17 26 1 0.233233428468 0 5 
14 14 0.0 2 3 3 0 10 20 1 0.155437183492 0 4 
14 14 0.0 11 1 1 0 5 17 3 9.086145673e-64 1 1 
14 14 0.0 5 1 0 0 5 19 2 0.112385388333 1 1 
14 14 0.0 10 0 3 0 8 23 2 0.0795563765099 1 2 
14 14 0.0 4 1 1 0 11 20 2 0.0848182198711 2 1 
14 14 0.0 13 3 9 0 22 63 2 1.63684753305e-36 9 0 
14 14 0.0 7 1 2 0 8 25 2 0.0570677233885 1 2 
14 14 0.0 12 3 6 0 15 31 2 2.05019742487e-39 5 1 
14 14 0.0 6 2 3 0 11 25 2 0.0547663120201 1 3 
14 14 0.0 1 2 0 0 4 6 1 0.164919441949 0 2 
14 14 2.0 9 0 0 0 10 1 2 0.0685168460352 1 0 
14 14 2.0 8 1 1 0 9 9 2 0.068168127397 1 1 
14 14 2.0 3 0 4 0 17 26 1 0.0177234174934 0 5 
14 14 2.0 2 3 3 0 10 20 1 0.0621800433055 0 4 
14 14 2.0 11 1 1 0 5 17 3 2.92875195303e-34 1 1 
14 14 2.0 5 1 0 0 5 19 2 0.122290434684 1 1 
14 14 2.0 10 0 3 0 8 23 2 0.0660023389817 1 2 
14 14 2.0 4 1 1 0 11 20 2 0.0932020714959 2 1 
14 14 2.0 13 3 9 0 22 63 2 2.36557686606e-24 9 0 
14 14 2.0 7 1 2 0 8 25 2 0.062421096326 1 2 
14 14 2.0 12 3 6 0 15 31 2 2.80020689628e-27 5 1 
14 14 2.0 6 2 3 0 11 25 2 0.0607339355668 1 3 
14 14 2.0 1 2 0 0 4 6 1 0.0722128518895 0 2 
14 15 0.0 9 0 0 0 10 1 2 0.0275047885121 1 0 
14 15 0.0 8 1 1 0 9 9 2 0.0273593712174 1 1 
14 15 0.0 3 0 4 0 17 26 1 0.0851308527495 0 5 
14 15 0.0 2 3 3 0 10 20 1 0.197920248572 0 4 
14 15 0.0 11 1 1 0 5 17 3 1.01822778822e-58 1 1 
14 15 0.0 5 1 0 0 5 19 2 0.115375442156 1 1 
14 15 0.0 10 0 3 0 8 23 2 0.0271874615318 1 2 
14 15 0.0 4 1 1 0 11 20 2 0.0857026982905 2 1 
14 15 0.0 13 3 9 0 22 63 2 1.17422915045e-36 9 0 
14 15 0.0 7 1 2 0 8 25 2 0.0560945490866 1 2 
14 15 0.0 12 3 6 0 15 31 2 1.03141639327e-38 5 1 
14 15 0.0 6 2 3 0 11 25 2 0.0553420199456 1 3 
14 15 0.0 1 2 0 0 4 6 1 0.201956580053 0 2 
14 15 2.0 9 0 0 0 10 1 2 0.0107443805563 1 0 
14 15 2.0 8 1 1 0 9 9 2 0.0107912030618 1 1 
14 15 2.0 3 0 4 0 17 26 1 0.133141164977 0 5 
14 15 2.0 2 3 3 0 10 20 1 0.0890940833933 0 4 
14 15 2.0 11 1 1 0 5 17 3 2.20734293031e-47 1 1 
14 15 2.0 5 1 0 0 5 19 2 0.14590467907 1 1 
14 15 2.0 10 0 3 0 8 23 2 0.010657299191 1 2 
14 15 2.0 4 1 1 0 11 20 2 0.115341403226 2 1 
14 15 2.0 13 3 9 0 22 63 2 7.41160471663e-25 9 0 
14 15 2.0 7 1 2 0 8 25 2 0.0856724823663 1 2 
14 15 2.0 12 3 6 0 15 31 2 5.17998090833e-26 5 1 
14 15 2.0 6 2 3 0 11 25 2 0.0618880149776 1 3 
14 15 2.0 1 2 0 0 4 6 1 0.0958425352783 0 2 
14 16 0.0 9 0 0 0 10 1 2 0.0574475120565 1 0 
14 16 0.0 8 1 1 0 9 9 2 0.0567512016482 1 1 
14 16 0.0 3 0 4 0 17 26 1 0.347962917736 0 5 
14 16 0.0 2 3 3 0 10 20 1 0.192128344752 0 4 
14 16 0.0 11 1 1 0 5 17 3 4.55156035692e-65 1 1 
14 16 0.0 5 1 0 0 5 19 2 0.115142431001 1 1 
14 16 0.0 10 0 3 0 8 23 2 0.0569428903065 1 2 
14 16 0.0 4 1 1 0 11 20 2 0.0859934756445 2 1 
14 16 0.0 13 3 9 0 22 63 2 5.56176569424e-36 9 0 
14 16 0.0 7 1 2 0 8 25 2 0.0575255212373 1 2 
14 16 0.0 12 3 6 0 15 31 2 2.60548323888e-39 5 1 
14 16 0.0 6 2 3 0 11 25 2 0.054165600041 1 3 
14 16 0.0 1 2 0 0 4 6 1 0.196760102229 0 2 
14 16 2.0 9 0 0 0 10 1 2 0.0117234986343 1 0 
14 16 2.0 8 1 1 0 9 9 2 0.0117104233385 1 1 
14 16 2.0 3 0 4 0 17 26 1 0.171145499024 0 5 
14 16 2.0 2 3 3 0 10 20 1 0.197310243812 0 4 
14 16 2.0 11 1 1 0 5 17 3 4.36785130355e-30 1 1 
14 16 2.0 5 1 0 0 5 19 2 0.116096279759 1 1 
14 16 2.0 10 0 3 0 8 23 2 0.0115594164824 1 2 
14 16 2.0 4 1 1 0 11 20 2 0.0806135967232 2 1 
14 16 2.0 13 3 9 0 22 63 2 6.26902300271e-25 9 0 
14 16 2.0 7 1 2 0 8 25 2 0.0483943414653 1 2 
14 16 2.0 12 3 6 0 15 31 2 2.55971350268e-26 5 1 
14 16 2.0 6 2 3 0 11 25 2 0.0476895901922 1 3 
14 16 2.0 1 2 0 0 4 6 1 0.200267500027 0 2 
14 17 0.0 9 0 0 0 10 1 2 0.088381324718 1 0 
14 17 0.0 8 1 1 0 9 9 2 0.0880988701351 1 1 
14 17 0.0 3 0 4 0 17 26 1 0.164092412465 0 5 
14 17 0.0 2 3 3 0 10 20 1 0.153400788341 0 4 
14 17 0.0 11 1 1 0 5 17 3 3.13229059378e-61 1 1 
14 17 0.0 5 1 0 0 5 19 2 0.095796639324 1 1 
14 17 0.0 10 0 3 0 8 23 2 0.0877856425536 1 2 
14 17 0.0 4 1 1 0 11 20 2 0.0711265752744 2 1 
14 17 0.0 13 3 9 0 22 63 2 3.81585608808e-36 9 0 
14 17 0.0 7 1 2 0 8 25 2 0.0467465198127 1 2 
14 17 0.0 12 3 6 0 15 31 2 2.01594872976e-39 5 1 
14 17 0.0 6 2 3 0 11 25 2 0.0456894038417 1 3 
14 17 0.0 1 2 0 0 4 6 1 0.166492061981 0 2 
14 17 2.0 9 0 0 0 10 1 2 0.14773625045 1 0 
14 17 2.0 8 1 1 0 9 9 2 0.146067713861 1 1 
14 17 2.0 3 0 4 0 17 26 1 0.192865426452 0 5 
14 17 2.0 2 3 3 0 10 20 1 0.106306156275 0 4 
14 17 2.0 11 1 1 0 5 17 3 2.63286517952e-35 1 1 
14 17 2.0 5 1 0 0 5 19 2 0.0919454392628 1 1 
14 17 2.0 10 0 3 0 8 23 2 0.145191458786 1 2 
14 17 2.0 4 1 1 0 11 20 2 0.0663391404588 2 1 
14 17 2.0 13 3 9 0 22 63 2 4.83264966434e-24 9 0 
14 17 2.0 7 1 2 0 8 25 2 0.0421407582025 1 2 
14 17 2.0 12 3 6 0 15 31 2 8.56856019754e-28 5 1 
14 17 2.0 6 2 3 0 11 25 2 0.0407838344659 1 3 
14 17 2.0 1 2 0 0 4 6 1 0.119212760851 0 2 
14 18 0.0 9 0 0 0 10 1 2 0.0275091651899 1 0 
14 18 0.0 8 1 1 0 9 9 2 0.0273872549588 1 1 
14 18 0.0 3 0 4 0 17 26 1 0.299978401318 0 5 
14 18 0.0 2 3 3 0 10 20 1 0.185240728107 0 4 
14 18 0.0 11 1 1 0 5 17 3 2.45230929484e-57 1 1 
14 18 0.0 5 1 0 0 5 19 2 0.123571011781 1 1 
14 18 0.0 10 0 3 0 8 23 2 0.0266844206018 1 2 
14 18 0.0 4 1 1 0 11 20 2 0.092885775789 2 1 
14 18 0.0 13 3 9 0 22 63 2 6.71441260039e-37 9 0 
14 18 0.0 7 1 2 0 8 25 2 0.0613363114933 1 2 
14 18 0.0 12 3 6 0 15 31 2 1.52496927399e-39 5 1 
14 18 0.0 6 2 3 0 11 25 2 0.0608688932052 1 3 
14 18 0.0 1 2 0 0 4 6 1 0.188796486074 0 2 
14 18 2.0 9 0 0 0 10 1 2 0.152825227593 1 0 
14 18 2.0 8 1 1 0 9 9 2 0.151981538592 1 1 
14 18 2.0 3 0 4 0 17 26 1 0.16267766494 0 5 
14 18 2.0 2 3 3 0 10 20 1 0.0738362426085 0 4 
14 18 2.0 11 1 1 0 5 17 3 9.27110375483e-36 1 1 
14 18 2.0 5 1 0 0 5 19 2 0.0911953983462 1 1 
14 18 2.0 10 0 3 0 8 23 2 0.148142563627 1 2 
14 18 2.0 4 1 1 0 11 20 2 0.0673142254472 2 1 
14 18 2.0 13 3 9 0 22 63 2 2.73036164305e-24 9 0 
14 18 2.0 7 1 2 0 8 25 2 0.0437410000398 1 2 
14 18 2.0 12 3 6 0 15 31 2 3.68981562377e-27 5 1 
14 18 2.0 6 2 3 0 11 25 2 0.0422654789104 1 3 
14 18 2.0 1 2 0 0 4 6 1 0.0868278922815 0 2 
14 19 0.0 9 0 0 0 10 1 2 0.0303558971587 1 0 
14 19 0.0 8 1 1 0 9 9 2 0.0300497459621 1 1 
14 19 0.0 3 0 4 0 17 26 1 0.325188746843 0 5 
14 19 0.0 2 3 3 0 10 20 1 0.171435999461 0 4 
14 19 0.0 11 1 1 0 5 17 3 1.05319139461e-62 1 1 
14 19 0.0 5 1 0 0 5 19 2 0.116101594072 1 1 
14 19 0.0 10 0 3 0 8 23 2 0.0304116014479 1 2 
14 19 0.0 4 1 1 0 11 20 2 0.0873312395403 2 1 
14 19 0.0 13 3 9 0 22 63 2 8.00200815351e-36 9 0 
14 19 0.0 7 1 2 0 8 25 2 0.0584233794631 1 2 
14 19 0.0 12 3 6 0 15 31 2 3.18695298427e-38 5 1 
14 19 0.0 6 2 3 0 11 25 2 0.0564157669434 1 3 
14 19 0.0 1 2 0 0 4 6 1 0.178376906571 0 2 
14 19 2.0 9 0 0 0 10 1 2 0.0585990027739 1 0 
14 19 2.0 8 1 1 0 9 9 2 0.0580480345318 1 1 
14 19 2.0 3 0 4 0 17 26 1 0.380705079999 0 5 
14 19 2.0 2 3 3 0 10 20 1 0.0734076592119 0 4 
14 19 2.0 11 1 1 0 5 17 3 8.05524436384e-22 1 1 
14 19 2.0 5 1 0 0 5 19 2 0.162732124153 1 1 
14 19 2.0 10 0 3 0 8 23 2 0.0562138086452 1 2 
14 19 2.0 4 1 1 0 11 20 2 0.125768479969 2 1 
14 19 2.0 13 3 9 0 22 63 2 1.63810745347e-24 9 0 
14 19 2.0 7 1 2 0 8 25 2 0.0842828853209 1 2 
14 19 2.0 12 3 6 0 15 31 2 5.68830556756e-28 5 1 
14 19 2.0 6 2 3 0 11 25 2 0.0842579858637 1 3 
14 19 2.0 1 2 0 0 4 6 1 0.0798529294877 0 2 
14 20 0.0 9 0 0 0 10 1 2 0.0315678600597 1 0 
14 20 0.0 8 1 1 0 9 9 2 0.0312517932274 1 1 
14 20 0.0 3 0 4 0 17 26 1 0.0775412764347 0 5 
14 20 0.0 2 3 3 0 10 20 1 0.201610730476 0 4 
14 20 0.0 11 1 1 0 5 17 3 1.3134176969e-60 1 1 
14 20 0.0 5 1 0 0 5 19 2 0.122302219813 1 1 
14 20 0.0 10 0 3 0 8 23 2 0.0308323763979 1 2 
14 20 0.0 4 1 1 0 11 20 2 0.0912951032545 2 1 
14 20 0.0 13 3 9 0 22 63 2 6.17242521505e-36 9 0 
14 20 0.0 7 1 2 0 8 25 2 0.0601745275499 1 2 
14 20 0.0 12 3 6 0 15 31 2 8.13538249553e-39 5 1 
14 20 0.0 6 2 3 0 11 25 2 0.0588551902056 1 3 
14 20 0.0 1 2 0 0 4 6 1 0.203454740039 0 2 
14 20 2.0 9 0 0 0 10 1 2 0.151971334497 1 0 
14 20 2.0 8 1 1 0 9 9 2 0.150687015994 1 1 
14 20 2.0 3 0 4 0 17 26 1 0.0875660989199 0 5 
14 20 2.0 2 3 3 0 10 20 1 0.0675433765058 0 4 
14 20 2.0 11 1 1 0 5 17 3 3.62084455481e-32 1 1 
14 20 2.0 5 1 0 0 5 19 2 0.115563166296 1 1 
14 20 2.0 10 0 3 0 8 23 2 0.150724865521 1 2 
14 20 2.0 4 1 1 0 11 20 2 0.0875020199773 2 1 
14 20 2.0 13 3 9 0 22 63 2 4.86509291139e-24 9 0 
14 20 2.0 7 1 2 0 8 25 2 0.0580626906984 1 2 
14 20 2.0 12 3 6 0 15 31 2 3.49679323978e-27 5 1 
14 20 2.0 6 2 3 0 11 25 2 0.057079735523 1 3 
14 20 2.0 1 2 0 0 4 6 1 0.078031865859 0 2 
14 21 0.0 9 0 0 0 10 1 2 0.0441139489534 1 0 
14 21 0.0 8 1 1 0 9 9 2 0.0440594778483 1 1 
14 21 0.0 3 0 4 0 17 26 1 0.357567583967 0 5 
14 21 0.0 2 3 3 0 10 20 1 0.192643395585 0 4 
14 21 0.0 11 1 1 0 5 17 3 1.94932104388e-59 1 1 
14 21 0.0 5 1 0 0 5 19 2 0.125210032135 1 1 
14 21 0.0 10 0 3 0 8 23 2 0.0432074253706 1 2 
14 21 0.0 4 1 1 0 11 20 2 0.0939839440597 2 1 
14 21 0.0 13 3 9 0 22 63 2 4.02635041571e-36 9 0 
14 21 0.0 7 1 2 0 8 25 2 0.0621857430108 1 2 
14 21 0.0 12 3 6 0 15 31 2 4.42920903286e-39 5 1 
14 21 0.0 6 2 3 0 11 25 2 0.061130389906 1 3 
14 21 0.0 1 2 0 0 4 6 1 0.19497369044 0 2 
14 21 2.0 9 0 0 0 10 1 2 0.0118936478144 1 0 
14 21 2.0 8 1 1 0 9 9 2 0.0118356135063 1 1 
14 21 2.0 3 0 4 0 17 26 1 0.15081770941 0 5 
14 21 2.0 2 3 3 0 10 20 1 0.0687228923943 0 4 
14 21 2.0 11 1 1 0 5 17 3 1.48448489009e-34 1 1 
14 21 2.0 5 1 0 0 5 19 2 0.129905773818 1 1 
14 21 2.0 10 0 3 0 8 23 2 0.0112001010044 1 2 
14 21 2.0 4 1 1 0 11 20 2 0.0992107580431 2 1 
14 21 2.0 13 3 9 0 22 63 2 4.60390188907e-25 9 0 
14 21 2.0 7 1 2 0 8 25 2 0.0666838774443 1 2 
14 21 2.0 12 3 6 0 15 31 2 1.56725209346e-28 5 1 
14 21 2.0 6 2 3 0 11 25 2 0.0648546469394 1 3 
14 21 2.0 1 2 0 0 4 6 1 0.0780016437216 0 2 
14 22 0.0 9 0 0 0 10 1 2 0.0232881054161 1 0 
14 22 0.0 8 1 1 0 9 9 2 0.0232291388508 1 1 
14 22 0.0 3 0 4 0 17 26 1 0.259259225244 0 5 
14 22 0.0 2 3 3 0 10 20 1 0.226144630194 0 4 
14 22 0.0 11 1 1 0 5 17 3 3.34042280471e-56 1 1 
14 22 0.0 5 1 0 0 5 19 2 0.105336341269 1 1 
14 22 0.0 10 0 3 0 8 23 2 0.0226288795205 1 2 
14 22 0.0 4 1 1 0 11 20 2 0.0765491855629 2 1 
14 22 0.0 13 3 9 0 22 63 2 2.11293005142e-36 9 0 
14 22 0.0 7 1 2 0 8 25 2 0.0487128304133 1 2 
14 22 0.0 12 3 6 0 15 31 2 6.7021308442e-39 5 1 
14 22 0.0 6 2 3 0 11 25 2 0.048384662378 1 3 
14 22 0.0 1 2 0 0 4 6 1 0.229625909458 0 2 
14 22 2.0 9 0 0 0 10 1 2 0.0272324277953 1 0 
14 22 2.0 8 1 1 0 9 9 2 0.0269141649531 1 1 
14 22 2.0 3 0 4 0 17 26 1 0.0217381985306 0 5 
14 22 2.0 2 3 3 0 10 20 1 0.18542259931 0 4 
14 22 2.0 11 1 1 0 5 17 3 6.84973875683e-34 1 1 
14 22 2.0 5 1 0 0 5 19 2 0.117445077585 1 1 
14 22 2.0 10 0 3 0 8 23 2 0.0263826603361 1 2 
14 22 2.0 4 1 1 0 11 20 2 0.0825543205546 2 1 
14 22 2.0 13 3 9 0 22 63 2 1.70072249366e-24 9 0 
14 22 2.0 7 1 2 0 8 25 2 0.0505265356469 1 2 
14 22 2.0 12 3 6 0 15 31 2 1.6908775307e-28 5 1 
14 22 2.0 6 2 3 0 11 25 2 0.0492748518283 1 3 
14 22 2.0 1 2 0 0 4 6 1 0.188206769159 0 2 
14 23 0.0 9 0 0 0 10 1 2 0.0586155770091 1 0 
14 23 0.0 8 1 1 0 9 9 2 0.058469454066 1 1 
14 23 0.0 3 0 4 0 17 26 1 0.0785049614947 0 5 
14 23 0.0 2 3 3 0 10 20 1 0.214995291628 0 4 
14 23 0.0 11 1 1 0 5 17 3 1.16911581495e-52 1 1 
14 23 0.0 5 1 0 0 5 19 2 0.122645077533 1 1 
14 23 0.0 10 0 3 0 8 23 2 0.0552227024544 1 2 
14 23 0.0 4 1 1 0 11 20 2 0.091003301475 2 1 
14 23 0.0 13 3 9 0 22 63 2 9.97112112735e-37 9 0 
14 23 0.0 7 1 2 0 8 25 2 0.059022798 1 2 
14 23 0.0 12 3 6 0 15 31 2 4.15007809719e-39 5 1 
14 23 0.0 6 2 3 0 11 25 2 0.0589335080256 1 3 
14 23 0.0 1 2 0 0 4 6 1 0.215039401424 0 2 
14 23 2.0 9 0 0 0 10 1 2 0.0321248807575 1 0 
14 23 2.0 8 1 1 0 9 9 2 0.031900241548 1 1 
14 23 2.0 3 0 4 0 17 26 1 0.0188736062802 0 5 
14 23 2.0 2 3 3 0 10 20 1 0.0750208602829 0 4 
14 23 2.0 11 1 1 0 5 17 3 2.31572939592e-41 1 1 
14 23 2.0 5 1 0 0 5 19 2 0.123586206829 1 1 
14 23 2.0 10 0 3 0 8 23 2 0.0313880876502 1 2 
14 23 2.0 4 1 1 0 11 20 2 0.0939963438395 2 1 
14 23 2.0 13 3 9 0 22 63 2 4.10793933313e-24 9 0 
14 23 2.0 7 1 2 0 8 25 2 0.0643344929423 1 2 
14 23 2.0 12 3 6 0 15 31 2 2.32786026247e-27 5 1 
14 23 2.0 6 2 3 0 11 25 2 0.0585171023823 1 3 
14 23 2.0 1 2 0 0 4 6 1 0.0848362871039 0 2 
14 24 0.0 9 0 0 0 10 1 2 0.0202321062507 1 0 
14 24 0.0 8 1 1 0 9 9 2 0.0201449283833 1 1 
14 24 0.0 3 0 4 0 17 26 1 0.135005833249 0 5 
14 24 0.0 2 3 3 0 10 20 1 0.197299509105 0 4 
14 24 0.0 11 1 1 0 5 17 3 2.27133862576e-60 1 1 
14 24 0.0 5 1 0 0 5 19 2 0.123897897618 1 1 
14 24 0.0 10 0 3 0 8 23 2 0.0199711742742 1 2 
14 24 0.0 4 1 1 0 11 20 2 0.0927365478761 2 1 
14 24 0.0 13 3 9 0 22 63 2 5.90454255565e-36 9 0 
14 24 0.0 7 1 2 0 8 25 2 0.0611933840319 1 2 
14 24 0.0 12 3 6 0 15 31 2 5.03007018654e-39 5 1 
14 24 0.0 6 2 3 0 11 25 2 0.0600987007944 1 3 
14 24 0.0 1 2 0 0 4 6 1 0.199290385104 0 2 
14 24 2.0 9 0 0 0 10 1 2 0.0415864111533 1 0 
14 24 2.0 8 1 1 0 9 9 2 0.0405892546129 1 1 
14 24 2.0 3 0 4 0 17 26 1 0.373507456951 0 5 
14 24 2.0 2 3 3 0 10 20 1 0.0727632296086 0 4 
14 24 2.0 11 1 1 0 5 17 3 6.01832873423e-44 1 1 
14 24 2.0 5 1 0 0 5 19 2 0.120293168176 1 1 
14 24 2.0 10 0 3 0 8 23 2 0.0411519061577 1 2 
14 24 2.0 4 1 1 0 11 20 2 0.0922208359283 2 1 
14 24 2.0 13 3 9 0 22 63 2 1.61860757342e-24 9 0 
14 24 2.0 7 1 2 0 8 25 2 0.0646396859379 1 2 
14 24 2.0 12 3 6 0 15 31 2 8.19124767978e-28 5 1 
14 24 2.0 6 2 3 0 11 25 2 0.0548996333427 1 3 
14 24 2.0 1 2 0 0 4 6 1 0.0829773582952 0 2 
14 25 0.0 9 0 0 0 10 1 2 0.0205195300199 1 0 
14 25 0.0 8 1 1 0 9 9 2 0.0204277262076 1 1 
14 25 0.0 3 0 4 0 17 26 1 0.144468897777 0 5 
14 25 0.0 2 3 3 0 10 20 1 0.18255660759 0 4 
14 25 0.0 11 1 1 0 5 17 3 8.40158626925e-67 1 1 
14 25 0.0 5 1 0 0 5 19 2 0.119296526027 1 1 
14 25 0.0 10 0 3 0 8 23 2 0.0199281687486 1 2 
14 25 0.0 4 1 1 0 11 20 2 0.0901026947359 2 1 
14 25 0.0 13 3 9 0 22 63 2 8.23289812513e-37 9 0 
14 25 0.0 7 1 2 0 8 25 2 0.0615404026059 1 2 
14 25 0.0 12 3 6 0 15 31 2 7.95053071881e-39 5 1 
14 25 0.0 6 2 3 0 11 25 2 0.0560015238917 1 3 
14 25 0.0 1 2 0 0 4 6 1 0.187452873321 0 2 
14 25 2.0 9 0 0 0 10 1 2 0.0314178329514 1 0 
14 25 2.0 8 1 1 0 9 9 2 0.0315650216934 1 1 
14 25 2.0 3 0 4 0 17 26 1 0.353699971538 0 5 
14 25 2.0 2 3 3 0 10 20 1 0.0723427261648 0 4 
14 25 2.0 11 1 1 0 5 17 3 4.32208439587e-33 1 1 
14 25 2.0 5 1 0 0 5 19 2 0.0895763242032 1 1 
14 25 2.0 10 0 3 0 8 23 2 0.0305701408558 1 2 
14 25 2.0 4 1 1 0 11 20 2 0.0660385446305 2 1 
14 25 2.0 13 3 9 0 22 63 2 1.94434006282e-24 9 0 
14 25 2.0 7 1 2 0 8 25 2 0.0426649833719 1 2 
14 25 2.0 12 3 6 0 15 31 2 2.98238526788e-26 5 1 
14 25 2.0 6 2 3 0 11 25 2 0.0416828518318 1 3 
14 25 2.0 1 2 0 0 4 6 1 0.0854482243946 0 2 
14 26 0.0 9 0 0 0 10 1 2 0.088603578884 1 0 
14 26 0.0 8 1 1 0 9 9 2 0.0877061049877 1 1 
14 26 0.0 3 0 4 0 17 26 1 0.190071388933 0 5 
14 26 0.0 2 3 3 0 10 20 1 0.208487039216 0 4 
14 26 0.0 11 1 1 0 5 17 3 2.67646398614e-64 1 1 
14 26 0.0 5 1 0 0 5 19 2 0.11512056443 1 1 
14 26 0.0 10 0 3 0 8 23 2 0.0874622366195 1 2 
14 26 0.0 4 1 1 0 11 20 2 0.0853404938535 2 1 
14 26 0.0 13 3 9 0 22 63 2 4.61900259217e-36 9 0 
14 26 0.0 7 1 2 0 8 25 2 0.0564291493094 1 2 
14 26 0.0 12 3 6 0 15 31 2 1.50157283427e-38 5 1 
14 26 0.0 6 2 3 0 11 25 2 0.0536059962722 1 3 
14 26 0.0 1 2 0 0 4 6 1 0.211155034326 0 2 
14 26 2.0 9 0 0 0 10 1 2 0.134342273704 1 0 
14 26 2.0 8 1 1 0 9 9 2 0.132916166082 1 1 
14 26 2.0 3 0 4 0 17 26 1 0.048505354134 0 5 
14 26 2.0 2 3 3 0 10 20 1 0.0878592153639 0 4 
14 26 2.0 11 1 1 0 5 17 3 5.47011164206e-43 1 1 
14 26 2.0 5 1 0 0 5 19 2 0.156028219225 1 1 
14 26 2.0 10 0 3 0 8 23 2 0.130907048994 1 2 
14 26 2.0 4 1 1 0 11 20 2 0.120986175343 2 1 
14 26 2.0 13 3 9 0 22 63 2 4.33000448529e-24 9 0 
14 26 2.0 7 1 2 0 8 25 2 0.0850718064133 1 2 
14 26 2.0 12 3 6 0 15 31 2 2.50108338908e-27 5 1 
14 26 2.0 6 2 3 0 11 25 2 0.0746222184296 1 3 
14 26 2.0 1 2 0 0 4 6 1 0.0936693237795 0 2 
14 27 0.0 9 0 0 0 10 1 2 0.0880225886466 1 0 
14 27 0.0 8 1 1 0 9 9 2 0.0866045114042 1 1 
14 27 0.0 3 0 4 0 17 26 1 0.164188785853 0 5 
14 27 0.0 2 3 3 0 10 20 1 0.210724946641 0 4 
14 27 0.0 11 1 1 0 5 17 3 1.69269524769e-61 1 1 
14 27 0.0 5 1 0 0 5 19 2 0.116976021211 1 1 
14 27 0.0 10 0 3 0 8 23 2 0.0867149769136 1 2 
14 27 0.0 4 1 1 0 11 20 2 0.08660547992 2 1 
14 27 0.0 13 3 9 0 22 63 2 5.02393954194e-36 9 0 
14 27 0.0 7 1 2 0 8 25 2 0.0567054288438 1 2 
14 27 0.0 12 3 6 0 15 31 2 2.63391158915e-39 5 1 
14 27 0.0 6 2 3 0 11 25 2 0.0551799543048 1 3 
14 27 0.0 1 2 0 0 4 6 1 0.212711124157 0 2 
14 27 2.0 9 0 0 0 10 1 2 0.0109308031165 1 0 
14 27 2.0 8 1 1 0 9 9 2 0.0107565777024 1 1 
14 27 2.0 3 0 4 0 17 26 1 0.123676112181 0 5 
14 27 2.0 2 3 3 0 10 20 1 0.14685225713 0 4 
14 27 2.0 11 1 1 0 5 17 3 3.04301992199e-32 1 1 
14 27 2.0 5 1 0 0 5 19 2 0.185768101059 1 1 
14 27 2.0 10 0 3 0 8 23 2 0.0107201360362 1 2 
14 27 2.0 4 1 1 0 11 20 2 0.139876429294 2 1 
14 27 2.0 13 3 9 0 22 63 2 1.05750794411e-24 9 0 
14 27 2.0 7 1 2 0 8 25 2 0.0916984500271 1 2 
14 27 2.0 12 3 6 0 15 31 2 1.5277207648e-28 5 1 
14 27 2.0 6 2 3 0 11 25 2 0.0899724296138 1 3 
14 27 2.0 1 2 0 0 4 6 1 0.141716520926 0 2 
14 28 0.0 9 0 0 0 10 1 2 0.0286446109547 1 0 
14 28 0.0 8 1 1 0 9 9 2 0.0286439099135 1 1 
14 28 0.0 3 0 4 0 17 26 1 0.0839590476916 0 5 
14 28 0.0 2 3 3 0 10 20 1 0.189236876523 0 4 
14 28 0.0 11 1 1 0 5 17 3 2.43235778727e-64 1 1 
14 28 0.0 5 1 0 0 5 19 2 0.11395345933 1 1 
14 28 0.0 10 0 3 0 8 23 2 0.0278642730187 1 2 
14 28 0.0 4 1 1 0 11 20 2 0.0850026068362 2 1 
14 28 0.0 13 3 9 0 22 63 2 2.57865644984e-36 9 0 
14 28 0.0 7 1 2 0 8 25 2 0.0566134435721 1 2 
14 28 0.0 12 3 6 0 15 31 2 3.4584852294e-39 5 1 
14 28 0.0 6 2 3 0 11 25 2 0.0539054723322 1 3 
14 28 0.0 1 2 0 0 4 6 1 0.194613175225 0 2 
14 28 2.0 9 0 0 0 10 1 2 0.0201962973858 1 0 
14 28 2.0 8 1 1 0 9 9 2 0.0201271131967 1 1 
14 28 2.0 3 0 4 0 17 26 1 0.295692012687 0 5 
14 28 2.0 2 3 3 0 10 20 1 0.185535443817 0 4 
14 28 2.0 11 1 1 0 5 17 3 4.77180206149e-38 1 1 
14 28 2.0 5 1 0 0 5 19 2 0.123490296432 1 1 
14 28 2.0 10 0 3 0 8 23 2 0.0199670904371 1 2 
14 28 2.0 4 1 1 0 11 20 2 0.0873788639263 2 1 
14 28 2.0 13 3 9 0 22 63 2 2.43101716066e-24 9 0 
14 28 2.0 7 1 2 0 8 25 2 0.0543900604501 1 2 
14 28 2.0 12 3 6 0 15 31 2 3.34435817177e-27 5 1 
14 28 2.0 6 2 3 0 11 25 2 0.0516144786216 1 3 
14 28 2.0 1 2 0 0 4 6 1 0.186352125078 0 2 
14 29 0.0 9 0 0 0 10 1 2 0.0879727371983 1 0 
14 29 0.0 8 1 1 0 9 9 2 0.0866976623401 1 1 
14 29 0.0 3 0 4 0 17 26 1 0.15865646902 0 5 
14 29 0.0 2 3 3 0 10 20 1 0.194129317518 0 4 
14 29 0.0 11 1 1 0 5 17 3 5.63145276224e-61 1 1 
14 29 0.0 5 1 0 0 5 19 2 0.0905762752317 1 1 
14 29 0.0 10 0 3 0 8 23 2 0.0869612063198 1 2 
14 29 0.0 4 1 1 0 11 20 2 0.0656732089456 2 1 
14 29 0.0 13 3 9 0 22 63 2 5.40276654089e-36 9 0 
14 29 0.0 7 1 2 0 8 25 2 0.0420039275379 1 2 
14 29 0.0 12 3 6 0 15 31 2 2.81441205061e-39 5 1 
14 29 0.0 6 2 3 0 11 25 2 0.0411205985982 1 3 
14 29 0.0 1 2 0 0 4 6 1 0.205231741018 0 2 
14 29 2.0 9 0 0 0 10 1 2 0.11401938558 1 0 
14 29 2.0 8 1 1 0 9 9 2 0.115449904848 1 1 
14 29 2.0 3 0 4 0 17 26 1 0.0323625870504 0 5 
14 29 2.0 2 3 3 0 10 20 1 0.0635907424112 0 4 
14 29 2.0 11 1 1 0 5 17 3 4.94239298238e-34 1 1 
14 29 2.0 5 1 0 0 5 19 2 0.124463939678 1 1 
14 29 2.0 10 0 3 0 8 23 2 0.114453870114 1 2 
14 29 2.0 4 1 1 0 11 20 2 0.0948697770249 2 1 
14 29 2.0 13 3 9 0 22 63 2 1.11488368929e-23 9 0 
14 29 2.0 7 1 2 0 8 25 2 0.0635220179441 1 2 
14 29 2.0 12 3 6 0 15 31 2 1.50896469011e-25 5 1 
14 29 2.0 6 2 3 0 11 25 2 0.0619054725264 1 3 
14 29 2.0 1 2 0 0 4 6 1 0.0733915657375 0 2 
14 30 0.0 9 0 0 0 10 1 2 0.0230093616864 1 0 
14 30 0.0 8 1 1 0 9 9 2 0.0229950645132 1 1 
14 30 0.0 3 0 4 0 17 26 1 0.258406358759 0 5 
14 30 0.0 2 3 3 0 10 20 1 0.199240134866 0 4 
14 30 0.0 11 1 1 0 5 17 3 8.69794571763e-58 1 1 
14 30 0.0 5 1 0 0 5 19 2 0.0897946531416 1 1 
14 30 0.0 10 0 3 0 8 23 2 0.0224774859026 1 2 
14 30 0.0 4 1 1 0 11 20 2 0.0648750954881 2 1 
14 30 0.0 13 3 9 0 22 63 2 1.25340398382e-36 9 0 
14 30 0.0 7 1 2 0 8 25 2 0.041141514785 1 2 
14 30 0.0 12 3 6 0 15 31 2 8.84859394823e-39 5 1 
14 30 0.0 6 2 3 0 11 25 2 0.0407047973755 1 3 
14 30 0.0 1 2 0 0 4 6 1 0.210153384853 0 2 
14 30 2.0 9 0 0 0 10 1 2 0.0249439334182 1 0 
14 30 2.0 8 1 1 0 9 9 2 0.0246979691542 1 1 
14 30 2.0 3 0 4 0 17 26 1 0.0225847597811 0 5 
14 30 2.0 2 3 3 0 10 20 1 0.168738536769 0 4 
14 30 2.0 11 1 1 0 5 17 3 5.23776522299e-31 1 1 
14 30 2.0 5 1 0 0 5 19 2 0.180382781911 1 1 
14 30 2.0 10 0 3 0 8 23 2 0.0245336405137 1 2 
14 30 2.0 4 1 1 0 11 20 2 0.133506553874 2 1 
14 30 2.0 13 3 9 0 22 63 2 2.92532365226e-24 9 0 
14 30 2.0 7 1 2 0 8 25 2 0.0856919987287 1 2 
14 30 2.0 12 3 6 0 15 31 2 1.7760184246e-27 5 1 
14 30 2.0 6 2 3 0 11 25 2 0.0843263433716 1 3 
14 30 2.0 1 2 0 0 4 6 1 0.159834799725 0 2 
14 31 0.0 9 0 0 0 10 1 2 0.0814268541545 1 0 
14 31 0.0 8 1 1 0 9 9 2 0.0814227936139 1 1 
14 31 0.0 3 0 4 0 17 26 1 0.251278597302 0 5 
14 31 0.0 2 3 3 0 10 20 1 0.158386426215 0 4 
14 31 0.0 11 1 1 0 5 17 3 7.37449491568e-56 1 1 
14 31 0.0 5 1 0 0 5 19 2 0.122343314517 1 1 
14 31 0.0 10 0 3 0 8 23 2 0.0773977342164 1 2 
14 31 0.0 4 1 1 0 11 20 2 0.0928406632098 2 1 
14 31 0.0 13 3 9 0 22 63 2 6.01949825204e-37 9 0 
14 31 0.0 7 1 2 0 8 25 2 0.061873395325 1 2 
14 31 0.0 12 3 6 0 15 31 2 5.97440325725e-39 5 1 
14 31 0.0 6 2 3 0 11 25 2 0.0615286246871 1 3 
14 31 0.0 1 2 0 0 4 6 1 0.165536630087 0 2 
14 31 2.0 9 0 0 0 10 1 2 0.01131186624 1 0 
14 31 2.0 8 1 1 0 9 9 2 0.011359314716 1 1 
14 31 2.0 3 0 4 0 17 26 1 0.157233173909 0 5 
14 31 2.0 2 3 3 0 10 20 1 0.0689448930243 0 4 
14 31 2.0 11 1 1 0 5 17 3 2.65912088652e-38 1 1 
14 31 2.0 5 1 0 0 5 19 2 0.140099212068 1 1 
14 31 2.0 10 0 3 0 8 23 2 0.0111616970651 1 2 
14 31 2.0 4 1 1 0 11 20 2 0.107872728332 2 1 
14 31 2.0 13 3 9 0 22 63 2 3.55784135209e-24 9 0 
14 31 2.0 7 1 2 0 8 25 2 0.0737386258475 1 2 
14 31 2.0 12 3 6 0 15 31 2 2.06643726819e-26 5 1 
14 31 2.0 6 2 3 0 11 25 2 0.0697701724322 1 3 
14 31 2.0 1 2 0 0 4 6 1 0.0774529430713 0 2 
14 32 0.0 9 0 0 0 10 1 2 0.0880939473814 1 0 
14 32 0.0 8 1 1 0 9 9 2 0.0874648997112 1 1 
14 32 0.0 3 0 4 0 17 26 1 0.193078355893 0 5 
14 32 0.0 2 3 3 0 10 20 1 0.187798399801 0 4 
14 32 0.0 11 1 1 0 5 17 3 5.77668081518e-63 1 1 
14 32 0.0 5 1 0 0 5 19 2 0.089588496098 1 1 
14 32 0.0 10 0 3 0 8 23 2 0.0855309842265 1 2 
14 32 0.0 4 1 1 0 11 20 2 0.06512220719 2 1 
14 32 0.0 13 3 9 0 22 63 2 1.98709271596e-36 9 0 
14 32 0.0 7 1 2 0 8 25 2 0.0420358527095 1 2 
14 32 0.0 12 3 6 0 15 31 2 3.93001531337e-39 5 1 
14 32 0.0 6 2 3 0 11 25 2 0.0404567499458 1 3 
14 32 0.0 1 2 0 0 4 6 1 0.199650278259 0 2 
14 32 2.0 9 0 0 0 10 1 2 0.0800384634185 1 0 
14 32 2.0 8 1 1 0 9 9 2 0.0794848908488 1 1 
14 32 2.0 3 0 4 0 17 26 1 0.0194023473065 0 5 
14 32 2.0 2 3 3 0 10 20 1 0.198012496433 0 4 
14 32 2.0 11 1 1 0 5 17 3 1.0526389788e-25 1 1 
14 32 2.0 5 1 0 0 5 19 2 0.113584390947 1 1 
14 32 2.0 10 0 3 0 8 23 2 0.0782991619709 1 2 
14 32 2.0 4 1 1 0 11 20 2 0.0785289289175 2 1 
14 32 2.0 13 3 9 0 22 63 2 2.6128578197e-24 9 0 
14 32 2.0 7 1 2 0 8 25 2 0.0467087800718 1 2 
14 32 2.0 12 3 6 0 15 31 2 2.59931629803e-27 5 1 
14 32 2.0 6 2 3 0 11 25 2 0.0464428864332 1 3 
14 32 2.0 1 2 0 0 4 6 1 0.202146956298 0 2 
14 33 0.0 9 0 0 0 10 1 2 0.0288127367115 1 0 
14 33 0.0 8 1 1 0 9 9 2 0.0282750172745 1 1 
14 33 0.0 3 0 4 0 17 26 1 0.314254662999 0 5 
14 33 0.0 2 3 3 0 10 20 1 0.14998825079 0 4 
14 33 0.0 11 1 1 0 5 17 3 9.36534885526e-69 1 1 
14 33 0.0 5 1 0 0 5 19 2 0.100268446823 1 1 
14 33 0.0 10 0 3 0 8 23 2 0.0284804930884 1 2 
14 33 0.0 4 1 1 0 11 20 2 0.0758694677724 2 1 
14 33 0.0 13 3 9 0 22 63 2 4.72453617859e-36 9 0 
14 33 0.0 7 1 2 0 8 25 2 0.0526065273532 1 2 
14 33 0.0 12 3 6 0 15 31 2 8.5262981456e-40 5 1 
14 33 0.0 6 2 3 0 11 25 2 0.0453945821402 1 3 
14 33 0.0 1 2 0 0 4 6 1 0.162231712992 0 2 
14 33 2.0 9 0 0 0 10 1 2 0.0247542595684 1 0 
14 33 2.0 8 1 1 0 9 9 2 0.0244331762118 1 1 
14 33 2.0 3 0 4 0 17 26 1 0.323951295517 0 5 
14 33 2.0 2 3 3 0 10 20 1 0.104979535351 0 4 
14 33 2.0 11 1 1 0 5 17 3 5.58520731744e-33 1 1 
14 33 2.0 5 1 0 0 5 19 2 0.182849602669 1 1 
14 33 2.0 10 0 3 0 8 23 2 0.0241035145013 1 2 
14 33 2.0 4 1 1 0 11 20 2 0.140589104807 2 1 
14 33 2.0 13 3 9 0 22 63 2 2.36449523266e-24 9 0 
14 33 2.0 7 1 2 0 8 25 2 0.0944608939682 1 2 
14 33 2.0 12 3 6 0 15 31 2 9.46382248247e-28 5 1 
14 33 2.0 6 2 3 0 11 25 2 0.0924835813629 1 3 
14 33 2.0 1 2 0 0 4 6 1 0.105926406991 0 2 
14 34 0.0 9 0 0 0 10 1 2 0.0224374437597 1 0 
14 34 0.0 8 1 1 0 9 9 2 0.0223347265108 1 1 
14 34 0.0 3 0 4 0 17 26 1 0.241167384086 0 5 
14 34 0.0 2 3 3 0 10 20 1 0.164110744631 0 4 
14 34 0.0 11 1 1 0 5 17 3 8.18678079251e-61 1 1 
14 34 0.0 5 1 0 0 5 19 2 0.118879123587 1 1 
14 34 0.0 10 0 3 0 8 23 2 0.0214347763704 1 2 
14 34 0.0 4 1 1 0 11 20 2 0.089815058323 2 1 
14 34 0.0 13 3 9 0 22 63 2 2.19665089312e-36 9 0 
14 34 0.0 7 1 2 0 8 25 2 0.060029945253 1 2 
14 34 0.0 12 3 6 0 15 31 2 8.79645817782e-40 5 1 
14 34 0.0 6 2 3 0 11 25 2 0.0587511610179 1 3 
14 34 0.0 1 2 0 0 4 6 1 0.171283679546 0 2 
14 34 2.0 9 0 0 0 10 1 2 0.0228513623461 1 0 
14 34 2.0 8 1 1 0 9 9 2 0.0225472529759 1 1 
14 34 2.0 3 0 4 0 17 26 1 0.305649513011 0 5 
14 34 2.0 2 3 3 0 10 20 1 0.0838581534981 0 4 
14 34 2.0 11 1 1 0 5 17 3 8.88071403935e-42 1 1 
14 34 2.0 5 1 0 0 5 19 2 0.153403563536 1 1 
14 34 2.0 10 0 3 0 8 23 2 0.0224758323803 1 2 
14 34 2.0 4 1 1 0 11 20 2 0.118833302668 2 1 
14 34 2.0 13 3 9 0 22 63 2 3.22774806258e-25 9 0 
14 34 2.0 7 1 2 0 8 25 2 0.0830780187945 1 2 
14 34 2.0 12 3 6 0 15 31 2 7.2881922694e-28 5 1 
14 34 2.0 6 2 3 0 11 25 2 0.0743502664759 1 3 
14 34 2.0 1 2 0 0 4 6 1 0.0903321756753 0 2 
14 35 0.0 9 0 0 0 10 1 2 0.0222401913999 1 0 
14 35 0.0 8 1 1 0 9 9 2 0.0220968865364 1 1 
14 35 0.0 3 0 4 0 17 26 1 0.11226993289 0 5 
14 35 0.0 2 3 3 0 10 20 1 0.188621632697 0 4 
14 35 0.0 11 1 1 0 5 17 3 5.05163159745e-64 1 1 
14 35 0.0 5 1 0 0 5 19 2 0.100048788597 1 1 
14 35 0.0 10 0 3 0 8 23 2 0.0217040375552 1 2 
14 35 0.0 4 1 1 0 11 20 2 0.0735937844758 2 1 
14 35 0.0 13 3 9 0 22 63 2 4.7296263475e-36 9 0 
14 35 0.0 7 1 2 0 8 25 2 0.0482971390574 1 2 
14 35 0.0 12 3 6 0 15 31 2 1.38127085381e-39 5 1 
14 35 0.0 6 2 3 0 11 25 2 0.046070459287 1 3 
14 35 0.0 1 2 0 0 4 6 1 0.197395159357 0 2 
14 35 2.0 9 0 0 0 10 1 2 0.0717574521247 1 0 
14 35 2.0 8 1 1 0 9 9 2 0.0714596437393 1 1 
14 35 2.0 3 0 4 0 17 26 1 0.0202971522529 0 5 
14 35 2.0 2 3 3 0 10 20 1 0.0823564027834 0 4 
14 35 2.0 11 1 1 0 5 17 3 3.52563312776e-32 1 1 
14 35 2.0 5 1 0 0 5 19 2 0.171195762341 1 1 
14 35 2.0 10 0 3 0 8 23 2 0.065206726151 1 2 
14 35 2.0 4 1 1 0 11 20 2 0.132668866788 2 1 
14 35 2.0 13 3 9 0 22 63 2 3.9210613571e-25 9 0 
14 35 2.0 7 1 2 0 8 25 2 0.0898632928393 1 2 
14 35 2.0 12 3 6 0 15 31 2 4.08586438236e-28 5 1 
14 35 2.0 6 2 3 0 11 25 2 0.0881748206921 1 3 
14 35 2.0 1 2 0 0 4 6 1 0.0869886954323 0 2 
14 36 0.0 9 0 0 0 10 1 2 0.0207638485885 1 0 
14 36 0.0 8 1 1 0 9 9 2 0.0208033684479 1 1 
14 36 0.0 3 0 4 0 17 26 1 0.131440016395 0 5 
14 36 0.0 2 3 3 0 10 20 1 0.197412121534 0 4 
14 36 0.0 11 1 1 0 5 17 3 1.06919263624e-64 1 1 
14 36 0.0 5 1 0 0 5 19 2 0.0936860577019 1 1 
14 36 0.0 10 0 3 0 8 23 2 0.0203417115592 1 2 
14 36 0.0 4 1 1 0 11 20 2 0.0682451764006 2 1 
14 36 0.0 13 3 9 0 22 63 2 3.28697036047e-36 9 0 
14 36 0.0 7 1 2 0 8 25 2 0.0443916316175 1 2 
14 36 0.0 12 3 6 0 15 31 2 2.67540518867e-38 5 1 
14 36 0.0 6 2 3 0 11 25 2 0.0419944359319 1 3 
14 36 0.0 1 2 0 0 4 6 1 0.207216148192 0 2 
14 36 2.0 9 0 0 0 10 1 2 0.0591586889249 1 0 
14 36 2.0 8 1 1 0 9 9 2 0.0591008923228 1 1 
14 36 2.0 3 0 4 0 17 26 1 0.0165351236419 0 5 
14 36 2.0 2 3 3 0 10 20 1 0.0576092414492 0 4 
14 36 2.0 11 1 1 0 5 17 3 4.67346273978e-23 1 1 
14 36 2.0 5 1 0 0 5 19 2 0.122359203467 1 1 
14 36 2.0 10 0 3 0 8 23 2 0.057804068838 1 2 
14 36 2.0 4 1 1 0 11 20 2 0.0936038957036 2 1 
14 36 2.0 13 3 9 0 22 63 2 1.27220623872e-24 9 0 
14 36 2.0 7 1 2 0 8 25 2 0.0621753083218 1 2 
14 36 2.0 12 3 6 0 15 31 2 3.31940063244e-27 5 1 
14 36 2.0 6 2 3 0 11 25 2 0.0620166876381 1 3 
14 36 2.0 1 2 0 0 4 6 1 0.0673365482077 0 2 
14 37 0.0 9 0 0 0 10 1 2 0.088604998191 1 0 
14 37 0.0 8 1 1 0 9 9 2 0.0876174853966 1 1 
14 37 0.0 3 0 4 0 17 26 1 0.169565834261 0 5 
14 37 0.0 2 3 3 0 10 20 1 0.177688307455 0 4 
14 37 0.0 11 1 1 0 5 17 3 9.61943682393e-67 1 1 
14 37 0.0 5 1 0 0 5 19 2 0.092556673129 1 1 
14 37 0.0 10 0 3 0 8 23 2 0.0882741148451 1 2 
14 37 0.0 4 1 1 0 11 20 2 0.0681891615717 2 1 
14 37 0.0 13 3 9 0 22 63 2 5.2035068584e-36 9 0 
14 37 0.0 7 1 2 0 8 25 2 0.0454036285445 1 2 
14 37 0.0 12 3 6 0 15 31 2 8.24327317848e-39 5 1 
14 37 0.0 6 2 3 0 11 25 2 0.0413302877923 1 3 
14 37 0.0 1 2 0 0 4 6 1 0.189478021678 0 2 
14 37 2.0 9 0 0 0 10 1 2 0.0120200258684 1 0 
14 37 2.0 8 1 1 0 9 9 2 0.0119301843738 1 1 
14 37 2.0 3 0 4 0 17 26 1 0.0623090641442 0 5 
14 37 2.0 2 3 3 0 10 20 1 0.158238260725 0 4 
14 37 2.0 11 1 1 0 5 17 3 1.29388082214e-30 1 1 
14 37 2.0 5 1 0 0 5 19 2 0.188947960495 1 1 
14 37 2.0 10 0 3 0 8 23 2 0.0117091867077 1 2 
14 37 2.0 4 1 1 0 11 20 2 0.141308797917 2 1 
14 37 2.0 13 3 9 0 22 63 2 9.39403252331e-25 9 0 
14 37 2.0 7 1 2 0 8 25 2 0.0916265078194 1 2 
14 37 2.0 12 3 6 0 15 31 2 7.25093212092e-27 5 1 
14 37 2.0 6 2 3 0 11 25 2 0.0903153624866 1 3 
14 37 2.0 1 2 0 0 4 6 1 0.150180341209 0 2 
14 38 0.0 9 0 0 0 10 1 2 0.0515936896148 1 0 
14 38 0.0 8 1 1 0 9 9 2 0.0510267465605 1 1 
14 38 0.0 3 0 4 0 17 26 1 0.354643576265 0 5 
14 38 0.0 2 3 3 0 10 20 1 0.169410031975 0 4 
14 38 0.0 11 1 1 0 5 17 3 1.49325117651e-59 1 1 
14 38 0.0 5 1 0 0 5 19 2 0.122881390857 1 1 
14 38 0.0 10 0 3 0 8 23 2 0.0507101308611 1 2 
14 38 0.0 4 1 1 0 11 20 2 0.092932753952 2 1 
14 38 0.0 13 3 9 0 22 63 2 2.84279699058e-36 9 0 
14 38 0.0 7 1 2 0 8 25 2 0.0620123285372 1 2 
14 38 0.0 12 3 6 0 15 31 2 4.61165675746e-39 5 1 
14 38 0.0 6 2 3 0 11 25 2 0.0609962441997 1 3 
14 38 0.0 1 2 0 0 4 6 1 0.17519139338 0 2 
14 38 2.0 9 0 0 0 10 1 2 0.143992817609 1 0 
14 38 2.0 8 1 1 0 9 9 2 0.143796011431 1 1 
14 38 2.0 3 0 4 0 17 26 1 0.20853923821 0 5 
14 38 2.0 2 3 3 0 10 20 1 0.162962955029 0 4 
14 38 2.0 11 1 1 0 5 17 3 1.29814404993e-32 1 1 
14 38 2.0 5 1 0 0 5 19 2 0.103623889891 1 1 
14 38 2.0 10 0 3 0 8 23 2 0.142280655236 1 2 
14 38 2.0 4 1 1 0 11 20 2 0.0728792885842 2 1 
14 38 2.0 13 3 9 0 22 63 2 2.85380682001e-24 9 0 
14 38 2.0 7 1 2 0 8 25 2 0.0446441796807 1 2 
14 38 2.0 12 3 6 0 15 31 2 7.53292891036e-27 5 1 
14 38 2.0 6 2 3 0 11 25 2 0.0437618119903 1 3 
14 38 2.0 1 2 0 0 4 6 1 0.17091481076 0 2 
14 39 0.0 9 0 0 0 10 1 2 0.0417691214015 1 0 
14 39 0.0 8 1 1 0 9 9 2 0.0413852682081 1 1 
14 39 0.0 3 0 4 0 17 26 1 0.353521460442 0 5 
14 39 0.0 2 3 3 0 10 20 1 0.204109139646 0 4 
14 39 0.0 11 1 1 0 5 17 3 1.60351708667e-65 1 1 
14 39 0.0 5 1 0 0 5 19 2 0.102458482663 1 1 
14 39 0.0 10 0 3 0 8 23 2 0.0407220971686 1 2 
14 39 0.0 4 1 1 0 11 20 2 0.0752429865527 2 1 
14 39 0.0 13 3 9 0 22 63 2 2.69995825691e-36 9 0 
14 39 0.0 7 1 2 0 8 25 2 0.0495682405875 1 2 
14 39 0.0 12 3 6 0 15 31 2 2.55412919069e-39 5 1 
14 39 0.0 6 2 3 0 11 25 2 0.0462473735424 1 3 
14 39 0.0 1 2 0 0 4 6 1 0.210634454827 0 2 
14 39 2.0 9 0 0 0 10 1 2 0.0112347729839 1 0 
14 39 2.0 8 1 1 0 9 9 2 0.0112074756453 1 1 
14 39 2.0 3 0 4 0 17 26 1 0.0845584298778 0 5 
14 39 2.0 2 3 3 0 10 20 1 0.179718859145 0 4 
14 39 2.0 11 1 1 0 5 17 3 9.36825494907e-32 1 1 
14 39 2.0 5 1 0 0 5 19 2 0.137232402362 1 1 
14 39 2.0 10 0 3 0 8 23 2 0.0107885191912 1 2 
14 39 2.0 4 1 1 0 11 20 2 0.0981418454408 2 1 
14 39 2.0 13 3 9 0 22 63 2 6.28518377589e-25 9 0 
14 39 2.0 7 1 2 0 8 25 2 0.0610857859199 1 2 
14 39 2.0 12 3 6 0 15 31 2 1.73947116019e-27 5 1 
14 39 2.0 6 2 3 0 11 25 2 0.0600529178376 1 3 
14 39 2.0 1 2 0 0 4 6 1 0.177296226905 0 2 
14 40 0.0 9 0 0 0 10 1 2 0.0449209207807 1 0 
14 40 0.0 8 1 1 0 9 9 2 0.0448612235525 1 1 
14 40 0.0 3 0 4 0 17 26 1 0.360031575198 0 5 
14 40 0.0 2 3 3 0 10 20 1 0.203856708951 0 4 
14 40 0.0 11 1 1 0 5 17 3 8.25409649566e-56 1 1 
14 40 0.0 5 1 0 0 5 19 2 0.0960278510462 1 1 
14 40 0.0 10 0 3 0 8 23 2 0.0446963949288 1 2 
14 40 0.0 4 1 1 0 11 20 2 0.069733656244 2 1 
14 40 0.0 13 3 9 0 22 63 2 3.96456034934e-36 9 0 
14 40 0.0 7 1 2 0 8 25 2 0.0443877111526 1 2 
14 40 0.0 12 3 6 0 15 31 2 6.03593962013e-39 5 1 
14 40 0.0 6 2 3 0 11 25 2 0.0441345129187 1 3 
14 40 0.0 1 2 0 0 4 6 1 0.212257992286 0 2 
14 40 2.0 9 0 0 0 10 1 2 0.0134385721557 1 0 
14 40 2.0 8 1 1 0 9 9 2 0.0132541282859 1 1 
14 40 2.0 3 0 4 0 17 26 1 0.206814796578 0 5 
14 40 2.0 2 3 3 0 10 20 1 0.145789386096 0 4 
14 40 2.0 11 1 1 0 5 17 3 6.03320217464e-38 1 1 
14 40 2.0 5 1 0 0 5 19 2 0.168919607705 1 1 
14 40 2.0 10 0 3 0 8 23 2 0.0131952304205 1 2 
14 40 2.0 4 1 1 0 11 20 2 0.126560134433 2 1 
14 40 2.0 13 3 9 0 22 63 2 1.76835489615e-24 9 0 
14 40 2.0 7 1 2 0 8 25 2 0.0837735142472 1 2 
14 40 2.0 12 3 6 0 15 31 2 2.9499133825e-28 5 1 
14 40 2.0 6 2 3 0 11 25 2 0.0796143289103 1 3 
14 40 2.0 1 2 0 0 4 6 1 0.143076377637 0 2 
