164 1 0.0 7 23 9 0 33 38 3 1.66288173384e-39 4 5 
164 1 0.0 14 9 4 0 19 22 4 2.375633654e-78 4 1 
164 1 0.0 2 12 0 0 9 10 1 0.16779168542 0 3 
164 1 0.0 8 6 0 0 19 12 3 1.46143457248e-42 2 1 
164 1 0.0 16 11 8 0 16 33 4 3.01152222173e-77 7 0 
164 1 0.0 4 20 3 0 29 24 2 0.144995452309 2 5 
164 1 0.0 9 12 6 0 31 30 3 5.02993767591e-45 2 5 
164 1 0.0 11 7 4 0 23 15 3 1.975871727e-54 3 1 
164 1 0.0 1 8 0 0 4 8 1 0.213592343653 0 2 
164 1 0.0 3 11 3 0 13 18 2 0.144995524157 2 3 
164 1 0.0 10 9 3 0 14 8 3 2.80679506513e-37 2 2 
164 1 0.0 13 9 5 0 21 20 3 5.15865216663e-55 4 1 
164 1 0.0 6 8 2 0 15 8 3 1.86660697672e-41 2 1 
164 1 0.0 5 15 1 0 20 19 2 0.00743743063354 1 4 
164 1 0.0 12 2 3 0 8 17 4 1.203421094e-78 1 2 
164 1 0.0 15 3 0 0 5 15 4 3.73689301841e-78 1 1 
164 1 2.0 7 23 9 0 33 38 3 1.9957007131e-06 4 5 
164 1 2.0 14 9 4 0 19 22 4 8.92105371302e-47 4 1 
164 1 2.0 2 12 0 0 9 10 1 0.120226055113 0 3 
164 1 2.0 8 6 0 0 19 12 3 0.00600466117011 2 1 
164 1 2.0 16 11 8 0 16 33 4 3.55638033959e-45 7 0 
164 1 2.0 4 20 3 0 29 24 2 0.171799162162 2 5 
164 1 2.0 9 12 6 0 31 30 3 1.25776992615e-07 2 5 
164 1 2.0 11 7 4 0 23 15 3 1.36236600433e-20 3 1 
164 1 2.0 1 8 0 0 4 8 1 0.15924384217 0 2 
164 1 2.0 3 11 3 0 13 18 2 0.180184625251 2 3 
164 1 2.0 10 9 3 0 14 8 3 0.0212011150242 2 2 
164 1 2.0 13 9 5 0 21 20 3 3.05695712608e-23 4 1 
164 1 2.0 6 8 2 0 15 8 3 0.0166367820155 2 1 
164 1 2.0 5 15 1 0 20 19 2 0.0070051151158 1 4 
164 1 2.0 12 2 3 0 8 17 4 8.94263526413e-49 1 2 
164 1 2.0 15 3 0 0 5 15 4 5.72664500884e-38 1 1 
164 2 0.0 7 23 9 0 33 38 3 1.99385435902e-40 4 5 
164 2 0.0 14 9 4 0 19 22 4 9.78740389017e-78 4 1 
164 2 0.0 2 12 0 0 9 10 1 0.167720371902 0 3 
164 2 0.0 8 6 0 0 19 12 3 3.16155343166e-40 2 1 
164 2 0.0 16 11 8 0 16 33 4 1.89030164537e-77 7 0 
164 2 0.0 4 20 3 0 29 24 2 0.144832568674 2 5 
164 2 0.0 9 12 6 0 31 30 3 1.14770522413e-44 2 5 
164 2 0.0 11 7 4 0 23 15 3 5.66002625735e-53 3 1 
164 2 0.0 1 8 0 0 4 8 1 0.213525412948 0 2 
164 2 0.0 3 11 3 0 13 18 2 0.144832600848 2 3 
164 2 0.0 10 9 3 0 14 8 3 1.30991120858e-38 2 2 
164 2 0.0 13 9 5 0 21 20 3 1.68750092511e-55 4 1 
164 2 0.0 6 8 2 0 15 8 3 4.00702995232e-40 2 1 
164 2 0.0 5 15 1 0 20 19 2 0.00742909567922 1 4 
164 2 0.0 12 2 3 0 8 17 4 8.2482258689e-79 1 2 
164 2 0.0 15 3 0 0 5 15 4 4.34744298165e-78 1 1 
164 2 2.0 7 23 9 0 33 38 3 2.18054083715e-07 4 5 
164 2 2.0 14 9 4 0 19 22 4 3.15703342641e-46 4 1 
164 2 2.0 2 12 0 0 9 10 1 0.122474101835 0 3 
164 2 2.0 8 6 0 0 19 12 3 0.00957199453896 2 1 
164 2 2.0 16 11 8 0 16 33 4 4.28492661895e-45 7 0 
164 2 2.0 4 20 3 0 29 24 2 0.171053244595 2 5 
164 2 2.0 9 12 6 0 31 30 3 5.9201082507e-07 2 5 
164 2 2.0 11 7 4 0 23 15 3 2.02684513649e-20 3 1 
164 2 2.0 1 8 0 0 4 8 1 0.162150817556 0 2 
164 2 2.0 3 11 3 0 13 18 2 0.180179485059 2 3 
164 2 2.0 10 9 3 0 14 8 3 0.0255301806425 2 2 
164 2 2.0 13 9 5 0 21 20 3 9.42063041956e-23 4 1 
164 2 2.0 6 8 2 0 15 8 3 0.0174408307342 2 1 
164 2 2.0 5 15 1 0 20 19 2 0.00713599577581 1 4 
164 2 2.0 12 2 3 0 8 17 4 3.5170775827e-49 1 2 
164 2 2.0 15 3 0 0 5 15 4 4.41578219641e-33 1 1 
164 3 0.0 7 23 9 0 33 38 3 1.09914055373e-39 4 5 
164 3 0.0 14 9 4 0 19 22 4 4.66513308458e-79 4 1 
164 3 0.0 2 12 0 0 9 10 1 0.167829924207 0 3 
164 3 0.0 8 6 0 0 19 12 3 1.064999809e-40 2 1 
164 3 0.0 16 11 8 0 16 33 4 3.65194874543e-77 7 0 
164 3 0.0 4 20 3 0 29 24 2 0.144842878982 2 5 
164 3 0.0 9 12 6 0 31 30 3 7.45440269177e-43 2 5 
164 3 0.0 11 7 4 0 23 15 3 8.41790609457e-54 3 1 
164 3 0.0 1 8 0 0 4 8 1 0.213653717906 0 2 
164 3 0.0 3 11 3 0 13 18 2 0.144842919741 2 3 
164 3 0.0 10 9 3 0 14 8 3 3.9941502762e-37 2 2 
164 3 0.0 13 9 5 0 21 20 3 2.24985468784e-55 4 1 
164 3 0.0 6 8 2 0 15 8 3 1.82783750589e-40 2 1 
164 3 0.0 5 15 1 0 20 19 2 0.00742895224989 1 4 
164 3 0.0 12 2 3 0 8 17 4 6.78975003959e-79 1 2 
164 3 0.0 15 3 0 0 5 15 4 3.16634116304e-78 1 1 
164 3 2.0 7 23 9 0 33 38 3 2.78407278259e-08 4 5 
164 3 2.0 14 9 4 0 19 22 4 6.01802526202e-46 4 1 
164 3 2.0 2 12 0 0 9 10 1 0.122791261514 0 3 
164 3 2.0 8 6 0 0 19 12 3 0.0124499186567 2 1 
164 3 2.0 16 11 8 0 16 33 4 2.57265880006e-45 7 0 
164 3 2.0 4 20 3 0 29 24 2 0.171285957569 2 5 
164 3 2.0 9 12 6 0 31 30 3 9.98025717747e-08 2 5 
164 3 2.0 11 7 4 0 23 15 3 4.8967826734e-20 3 1 
164 3 2.0 1 8 0 0 4 8 1 0.162525331157 0 2 
164 3 2.0 3 11 3 0 13 18 2 0.180717706468 2 3 
164 3 2.0 10 9 3 0 14 8 3 0.0265377176999 2 2 
164 3 2.0 13 9 5 0 21 20 3 7.41303158697e-23 4 1 
164 3 2.0 6 8 2 0 15 8 3 0.0155910123155 2 1 
164 3 2.0 5 15 1 0 20 19 2 0.00718504016468 1 4 
164 3 2.0 12 2 3 0 8 17 4 2.95176882055e-48 1 2 
164 3 2.0 15 3 0 0 5 15 4 1.47205686768e-34 1 1 
164 4 0.0 7 23 9 0 33 38 3 1.59247739264e-39 4 5 
164 4 0.0 14 9 4 0 19 22 4 3.56368650491e-78 4 1 
164 4 0.0 2 12 0 0 9 10 1 0.167901038492 0 3 
164 4 0.0 8 6 0 0 19 12 3 4.42869749847e-41 2 1 
164 4 0.0 16 11 8 0 16 33 4 3.75765735393e-77 7 0 
164 4 0.0 4 20 3 0 29 24 2 0.144857533188 2 5 
164 4 0.0 9 12 6 0 31 30 3 3.39058180536e-44 2 5 
164 4 0.0 11 7 4 0 23 15 3 7.98311702778e-54 3 1 
164 4 0.0 1 8 0 0 4 8 1 0.213736153025 0 2 
164 4 0.0 3 11 3 0 13 18 2 0.144857578716 2 3 
164 4 0.0 10 9 3 0 14 8 3 1.99561282953e-37 2 2 
164 4 0.0 13 9 5 0 21 20 3 1.36997014096e-55 4 1 
164 4 0.0 6 8 2 0 15 8 3 1.12128563808e-40 2 1 
164 4 0.0 5 15 1 0 20 19 2 0.00742928877192 1 4 
164 4 0.0 12 2 3 0 8 17 4 3.42140146778e-79 1 2 
164 4 0.0 15 3 0 0 5 15 4 2.3111252078e-78 1 1 
164 4 2.0 7 23 9 0 33 38 3 7.36422894949e-07 4 5 
164 4 2.0 14 9 4 0 19 22 4 8.82483054542e-47 4 1 
164 4 2.0 2 12 0 0 9 10 1 0.120643371187 0 3 
164 4 2.0 8 6 0 0 19 12 3 0.00843544678638 2 1 
164 4 2.0 16 11 8 0 16 33 4 4.59817870564e-45 7 0 
164 4 2.0 4 20 3 0 29 24 2 0.171590741905 2 5 
164 4 2.0 9 12 6 0 31 30 3 1.20298743046e-07 2 5 
164 4 2.0 11 7 4 0 23 15 3 1.45517111703e-20 3 1 
164 4 2.0 1 8 0 0 4 8 1 0.159738173582 0 2 
164 4 2.0 3 11 3 0 13 18 2 0.180316630531 2 3 
164 4 2.0 10 9 3 0 14 8 3 0.0219965731347 2 2 
164 4 2.0 13 9 5 0 21 20 3 4.28473139045e-23 4 1 
164 4 2.0 6 8 2 0 15 8 3 0.0150211287825 2 1 
164 4 2.0 5 15 1 0 20 19 2 0.00702552158968 1 4 
164 4 2.0 12 2 3 0 8 17 4 7.1655774462e-49 1 2 
164 4 2.0 15 3 0 0 5 15 4 4.30146858024e-37 1 1 
164 5 0.0 7 23 9 0 33 38 3 1.07804022668e-39 4 5 
164 5 0.0 14 9 4 0 19 22 4 4.24236452192e-78 4 1 
164 5 0.0 2 12 0 0 9 10 1 0.167802544325 0 3 
164 5 0.0 8 6 0 0 19 12 3 2.70258597962e-42 2 1 
164 5 0.0 16 11 8 0 16 33 4 3.44278066055e-77 7 0 
164 5 0.0 4 20 3 0 29 24 2 0.144908229723 2 5 
164 5 0.0 9 12 6 0 31 30 3 1.79184952951e-44 2 5 
164 5 0.0 11 7 4 0 23 15 3 1.68108779609e-55 3 1 
164 5 0.0 1 8 0 0 4 8 1 0.213614432614 0 2 
164 5 0.0 3 11 3 0 13 18 2 0.144908298816 2 3 
164 5 0.0 10 9 3 0 14 8 3 1.0331009464e-36 2 2 
164 5 0.0 13 9 5 0 21 20 3 7.07770131673e-55 4 1 
164 5 0.0 6 8 2 0 15 8 3 7.89142052617e-42 2 1 
164 5 0.0 5 15 1 0 20 19 2 0.00743265415329 1 4 
164 5 0.0 12 2 3 0 8 17 4 5.91943626186e-79 1 2 
164 5 0.0 15 3 0 0 5 15 4 3.36252249759e-78 1 1 
164 5 2.0 7 23 9 0 33 38 3 2.98634848193e-09 4 5 
164 5 2.0 14 9 4 0 19 22 4 4.59960370835e-45 4 1 
164 5 2.0 2 12 0 0 9 10 1 0.125397082102 0 3 
164 5 2.0 8 6 0 0 19 12 3 0.0168193217549 2 1 
164 5 2.0 16 11 8 0 16 33 4 1.81526377398e-45 7 0 
164 5 2.0 4 20 3 0 29 24 2 0.170566505684 2 5 
164 5 2.0 9 12 6 0 31 30 3 4.99939463568e-05 2 5 
164 5 2.0 11 7 4 0 23 15 3 3.47420418896e-20 3 1 
164 5 2.0 1 8 0 0 4 8 1 0.16595623124 0 2 
164 5 2.0 3 11 3 0 13 18 2 0.180511734376 2 3 
164 5 2.0 10 9 3 0 14 8 3 0.0310346025941 2 2 
164 5 2.0 13 9 5 0 21 20 3 4.71085764694e-22 4 1 
164 5 2.0 6 8 2 0 15 8 3 0.0156863529421 2 1 
164 5 2.0 5 15 1 0 20 19 2 0.00732846777288 1 4 
164 5 2.0 12 2 3 0 8 17 4 1.33413936173e-48 1 2 
164 5 2.0 15 3 0 0 5 15 4 1.82587944231e-30 1 1 
164 6 0.0 7 23 9 0 33 38 3 3.93838868955e-40 4 5 
164 6 0.0 14 9 4 0 19 22 4 4.52682403641e-78 4 1 
164 6 0.0 2 12 0 0 9 10 1 0.167754762178 0 3 
164 6 0.0 8 6 0 0 19 12 3 4.84416539952e-42 2 1 
164 6 0.0 16 11 8 0 16 33 4 4.2658650491e-77 7 0 
164 6 0.0 4 20 3 0 29 24 2 0.144925066174 2 5 
164 6 0.0 9 12 6 0 31 30 3 2.91539445819e-45 2 5 
164 6 0.0 11 7 4 0 23 15 3 1.25561877485e-54 3 1 
164 6 0.0 1 8 0 0 4 8 1 0.213556206566 0 2 
164 6 0.0 3 11 3 0 13 18 2 0.144925130969 2 3 
164 6 0.0 10 9 3 0 14 8 3 4.45212886352e-36 2 2 
164 6 0.0 13 9 5 0 21 20 3 1.11944843898e-54 4 1 
164 6 0.0 6 8 2 0 15 8 3 1.30304247957e-41 2 1 
164 6 0.0 5 15 1 0 20 19 2 0.00743386802194 1 4 
164 6 0.0 12 2 3 0 8 17 4 6.46168183557e-79 1 2 
164 6 0.0 15 3 0 0 5 15 4 3.45998231425e-78 1 1 
164 6 2.0 7 23 9 0 33 38 3 4.83891259511e-06 4 5 
164 6 2.0 14 9 4 0 19 22 4 3.74201366067e-47 4 1 
164 6 2.0 2 12 0 0 9 10 1 0.116122313394 0 3 
164 6 2.0 8 6 0 0 19 12 3 0.0044875661599 2 1 
164 6 2.0 16 11 8 0 16 33 4 5.01167604388e-45 7 0 
164 6 2.0 4 20 3 0 29 24 2 0.171473063299 2 5 
164 6 2.0 9 12 6 0 31 30 3 6.22418899056e-08 2 5 
164 6 2.0 11 7 4 0 23 15 3 1.4209223491e-20 3 1 
164 6 2.0 1 8 0 0 4 8 1 0.153946067747 0 2 
164 6 2.0 3 11 3 0 13 18 2 0.179233271299 2 3 
164 6 2.0 10 9 3 0 14 8 3 0.0136702283955 2 2 
164 6 2.0 13 9 5 0 21 20 3 1.53140167236e-23 4 1 
164 6 2.0 6 8 2 0 15 8 3 0.0105603907414 2 1 
164 6 2.0 5 15 1 0 20 19 2 0.00671911868119 1 4 
164 6 2.0 12 2 3 0 8 17 4 3.51708965918e-48 1 2 
164 6 2.0 15 3 0 0 5 15 4 6.1659200851e-39 1 1 
164 7 0.0 7 23 9 0 33 38 3 8.73375856847e-40 4 5 
164 7 0.0 14 9 4 0 19 22 4 2.36707604577e-78 4 1 
164 7 0.0 2 12 0 0 9 10 1 0.167823606886 0 3 
164 7 0.0 8 6 0 0 19 12 3 2.57278828202e-43 2 1 
164 7 0.0 16 11 8 0 16 33 4 2.19178941115e-77 7 0 
164 7 0.0 4 20 3 0 29 24 2 0.144941167069 2 5 
164 7 0.0 9 12 6 0 31 30 3 1.19291922585e-46 2 5 
164 7 0.0 11 7 4 0 23 15 3 3.68063779814e-55 3 1 
164 7 0.0 1 8 0 0 4 8 1 0.213635810374 0 2 
164 7 0.0 3 11 3 0 13 18 2 0.144941279067 2 3 
164 7 0.0 10 9 3 0 14 8 3 3.83040882737e-36 2 2 
164 7 0.0 13 9 5 0 21 20 3 1.0681978375e-54 4 1 
164 7 0.0 6 8 2 0 15 8 3 4.43596723314e-43 2 1 
164 7 0.0 5 15 1 0 20 19 2 0.00743429808238 1 4 
164 7 0.0 12 2 3 0 8 17 4 1.28095360496e-78 1 2 
164 7 0.0 15 3 0 0 5 15 4 2.96575005561e-78 1 1 
164 7 2.0 7 23 9 0 33 38 3 8.28509317815e-08 4 5 
164 7 2.0 14 9 4 0 19 22 4 3.5007954225e-45 4 1 
164 7 2.0 2 12 0 0 9 10 1 0.122850123293 0 3 
164 7 2.0 8 6 0 0 19 12 3 0.0148137821174 2 1 
164 7 2.0 16 11 8 0 16 33 4 3.01366677284e-45 7 0 
164 7 2.0 4 20 3 0 29 24 2 0.171348933217 2 5 
164 7 2.0 9 12 6 0 31 30 3 1.11926047955e-06 2 5 
164 7 2.0 11 7 4 0 23 15 3 5.56864343297e-20 3 1 
164 7 2.0 1 8 0 0 4 8 1 0.162576180406 0 2 
164 7 2.0 3 11 3 0 13 18 2 0.180679912023 2 3 
164 7 2.0 10 9 3 0 14 8 3 0.0257577604008 2 2 
164 7 2.0 13 9 5 0 21 20 3 5.99734344289e-23 4 1 
164 7 2.0 6 8 2 0 15 8 3 0.0124446840249 2 1 
164 7 2.0 5 15 1 0 20 19 2 0.0071569109573 1 4 
164 7 2.0 12 2 3 0 8 17 4 9.03182346965e-49 1 2 
164 7 2.0 15 3 0 0 5 15 4 2.58560379649e-36 1 1 
164 8 0.0 7 23 9 0 33 38 3 1.91525838705e-40 4 5 
164 8 0.0 14 9 4 0 19 22 4 4.34650565445e-78 4 1 
164 8 0.0 2 12 0 0 9 10 1 0.167863363614 0 3 
164 8 0.0 8 6 0 0 19 12 3 3.08378748084e-43 2 1 
164 8 0.0 16 11 8 0 16 33 4 2.92587216128e-77 7 0 
164 8 0.0 4 20 3 0 29 24 2 0.144921725292 2 5 
164 8 0.0 9 12 6 0 31 30 3 4.0458542552e-45 2 5 
164 8 0.0 11 7 4 0 23 15 3 3.12373512533e-55 3 1 
164 8 0.0 1 8 0 0 4 8 1 0.213684830041 0 2 
164 8 0.0 3 11 3 0 13 18 2 0.144921837832 2 3 
164 8 0.0 10 9 3 0 14 8 3 3.99667802522e-36 2 2 
164 8 0.0 13 9 5 0 21 20 3 6.67365454124e-55 4 1 
164 8 0.0 6 8 2 0 15 8 3 3.11353999282e-42 2 1 
164 8 0.0 5 15 1 0 20 19 2 0.00743299494295 1 4 
164 8 0.0 12 2 3 0 8 17 4 3.57764103473e-79 1 2 
164 8 0.0 15 3 0 0 5 15 4 4.45520657869e-78 1 1 
164 8 2.0 7 23 9 0 33 38 3 4.0179597001e-06 4 5 
164 8 2.0 14 9 4 0 19 22 4 4.39078800771e-47 4 1 
164 8 2.0 2 12 0 0 9 10 1 0.118668576838 0 3 
164 8 2.0 8 6 0 0 19 12 3 0.0031751808784 2 1 
164 8 2.0 16 11 8 0 16 33 4 4.34194129203e-45 7 0 
164 8 2.0 4 20 3 0 29 24 2 0.171567931687 2 5 
164 8 2.0 9 12 6 0 31 30 3 3.7819788925e-08 2 5 
164 8 2.0 11 7 4 0 23 15 3 2.54215607714e-20 3 1 
164 8 2.0 1 8 0 0 4 8 1 0.157316096447 0 2 
164 8 2.0 3 11 3 0 13 18 2 0.179282877613 2 3 
164 8 2.0 10 9 3 0 14 8 3 0.0180518618305 2 2 
164 8 2.0 13 9 5 0 21 20 3 2.05249871051e-23 4 1 
164 8 2.0 6 8 2 0 15 8 3 0.0162730049663 2 1 
164 8 2.0 5 15 1 0 20 19 2 0.00687981020517 1 4 
164 8 2.0 12 2 3 0 8 17 4 6.59334692032e-49 1 2 
164 8 2.0 15 3 0 0 5 15 4 1.78047036885e-38 1 1 
164 9 0.0 7 23 9 0 33 38 3 2.59912574663e-40 4 5 
164 9 0.0 14 9 4 0 19 22 4 6.11758601279e-78 4 1 
164 9 0.0 2 12 0 0 9 10 1 0.167803728655 0 3 
164 9 0.0 8 6 0 0 19 12 3 4.84411536252e-42 2 1 
164 9 0.0 16 11 8 0 16 33 4 4.11953001032e-77 7 0 
164 9 0.0 4 20 3 0 29 24 2 0.144866573196 2 5 
164 9 0.0 9 12 6 0 31 30 3 4.22786207354e-45 2 5 
164 9 0.0 11 7 4 0 23 15 3 1.45864525046e-54 3 1 
164 9 0.0 1 8 0 0 4 8 1 0.213620256404 0 2 
164 9 0.0 3 11 3 0 13 18 2 0.144866651118 2 3 
164 9 0.0 10 9 3 0 14 8 3 1.98666355231e-36 2 2 
164 9 0.0 13 9 5 0 21 20 3 1.3571514427e-54 4 1 
164 9 0.0 6 8 2 0 15 8 3 8.18092931879e-42 2 1 
164 9 0.0 5 15 1 0 20 19 2 0.00743039903788 1 4 
164 9 0.0 12 2 3 0 8 17 4 3.53498102537e-79 1 2 
164 9 0.0 15 3 0 0 5 15 4 3.23129868403e-78 1 1 
164 9 2.0 7 23 9 0 33 38 3 1.13371174212e-07 4 5 
164 9 2.0 14 9 4 0 19 22 4 7.0313895665e-45 4 1 
164 9 2.0 2 12 0 0 9 10 1 0.122494208589 0 3 
164 9 2.0 8 6 0 0 19 12 3 0.0162253293841 2 1 
164 9 2.0 16 11 8 0 16 33 4 2.07960113378e-45 7 0 
164 9 2.0 4 20 3 0 29 24 2 0.171254192957 2 5 
164 9 2.0 9 12 6 0 31 30 3 3.34813563146e-07 2 5 
164 9 2.0 11 7 4 0 23 15 3 2.58897560735e-19 3 1 
164 9 2.0 1 8 0 0 4 8 1 0.162142461066 0 2 
164 9 2.0 3 11 3 0 13 18 2 0.180430891511 2 3 
164 9 2.0 10 9 3 0 14 8 3 0.0251171685761 2 2 
164 9 2.0 13 9 5 0 21 20 3 3.61678660825e-23 4 1 
164 9 2.0 6 8 2 0 15 8 3 0.0103956157056 2 1 
164 9 2.0 5 15 1 0 20 19 2 0.00712885982626 1 4 
164 9 2.0 12 2 3 0 8 17 4 3.30159317612e-48 1 2 
164 9 2.0 15 3 0 0 5 15 4 2.16098457016e-35 1 1 
164 10 0.0 7 23 9 0 33 38 3 5.9180051066e-40 4 5 
164 10 0.0 14 9 4 0 19 22 4 2.93882664958e-78 4 1 
164 10 0.0 2 12 0 0 9 10 1 0.167857184843 0 3 
164 10 0.0 8 6 0 0 19 12 3 5.41849057726e-43 2 1 
164 10 0.0 16 11 8 0 16 33 4 2.78481024426e-77 7 0 
164 10 0.0 4 20 3 0 29 24 2 0.145057662988 2 5 
164 10 0.0 9 12 6 0 31 30 3 7.2156114358e-46 2 5 
164 10 0.0 11 7 4 0 23 15 3 4.27868638881e-55 3 1 
164 10 0.0 1 8 0 0 4 8 1 0.213663093097 0 2 
164 10 0.0 3 11 3 0 13 18 2 0.145057766192 2 3 
164 10 0.0 10 9 3 0 14 8 3 9.3894866917e-36 2 2 
164 10 0.0 13 9 5 0 21 20 3 7.85141361356e-55 4 1 
164 10 0.0 6 8 2 0 15 8 3 1.2122304195e-42 2 1 
164 10 0.0 5 15 1 0 20 19 2 0.00744036955855 1 4 
164 10 0.0 12 2 3 0 8 17 4 8.30156323748e-79 1 2 
164 10 0.0 15 3 0 0 5 15 4 4.29654965616e-78 1 1 
164 10 2.0 7 23 9 0 33 38 3 6.07297988906e-09 4 5 
164 10 2.0 14 9 4 0 19 22 4 3.41532363768e-46 4 1 
164 10 2.0 2 12 0 0 9 10 1 0.124032304742 0 3 
164 10 2.0 8 6 0 0 19 12 3 0.0125223813766 2 1 
164 10 2.0 16 11 8 0 16 33 4 5.77653576302e-45 7 0 
164 10 2.0 4 20 3 0 29 24 2 0.170493854406 2 5 
164 10 2.0 9 12 6 0 31 30 3 2.84703998245e-07 2 5 
164 10 2.0 11 7 4 0 23 15 3 7.66494361016e-21 3 1 
164 10 2.0 1 8 0 0 4 8 1 0.16419296877 0 2 
164 10 2.0 3 11 3 0 13 18 2 0.18003466093 2 3 
164 10 2.0 10 9 3 0 14 8 3 0.0285496125808 2 2 
164 10 2.0 13 9 5 0 21 20 3 3.57320759921e-22 4 1 
164 10 2.0 6 8 2 0 15 8 3 0.01753264172 2 1 
164 10 2.0 5 15 1 0 20 19 2 0.00722835018751 1 4 
164 10 2.0 12 2 3 0 8 17 4 5.62725045406e-49 1 2 
164 10 2.0 15 3 0 0 5 15 4 3.27644639607e-31 1 1 
164 11 0.0 7 23 9 0 33 38 3 3.30602080764e-39 4 5 
164 11 0.0 14 9 4 0 19 22 4 9.55859082562e-78 4 1 
164 11 0.0 2 12 0 0 9 10 1 0.167794240195 0 3 
164 11 0.0 8 6 0 0 19 12 3 2.00388047346e-41 2 1 
164 11 0.0 16 11 8 0 16 33 4 1.55232501566e-77 7 0 
164 11 0.0 4 20 3 0 29 24 2 0.144806185108 2 5 
164 11 0.0 9 12 6 0 31 30 3 5.97038351942e-44 2 5 
164 11 0.0 11 7 4 0 23 15 3 1.20965358836e-53 3 1 
164 11 0.0 1 8 0 0 4 8 1 0.213615466813 0 2 
164 11 0.0 3 11 3 0 13 18 2 0.144806232806 2 3 
164 11 0.0 10 9 3 0 14 8 3 5.93727388977e-38 2 2 
164 11 0.0 13 9 5 0 21 20 3 4.08035574161e-55 4 1 
164 11 0.0 6 8 2 0 15 8 3 6.56018461146e-41 2 1 
164 11 0.0 5 15 1 0 20 19 2 0.00742720019642 1 4 
164 11 0.0 12 2 3 0 8 17 4 6.33629507599e-79 1 2 
164 11 0.0 15 3 0 0 5 15 4 4.76142561118e-78 1 1 
164 11 2.0 7 23 9 0 33 38 3 3.06743453722e-08 4 5 
164 11 2.0 14 9 4 0 19 22 4 9.95092949812e-47 4 1 
164 11 2.0 2 12 0 0 9 10 1 0.122421828219 0 3 
164 11 2.0 8 6 0 0 19 12 3 0.00833968073754 2 1 
164 11 2.0 16 11 8 0 16 33 4 5.30774712506e-45 7 0 
164 11 2.0 4 20 3 0 29 24 2 0.171065996058 2 5 
164 11 2.0 9 12 6 0 31 30 3 7.66273280474e-08 2 5 
164 11 2.0 11 7 4 0 23 15 3 1.45680291446e-20 3 1 
164 11 2.0 1 8 0 0 4 8 1 0.162117078775 0 2 
164 11 2.0 3 11 3 0 13 18 2 0.180046621971 2 3 
164 11 2.0 10 9 3 0 14 8 3 0.0255676222042 2 2 
164 11 2.0 13 9 5 0 21 20 3 1.32821392473e-22 4 1 
164 11 2.0 6 8 2 0 15 8 3 0.0187020453622 2 1 
164 11 2.0 5 15 1 0 20 19 2 0.00713853669722 1 4 
164 11 2.0 12 2 3 0 8 17 4 4.04017237778e-49 1 2 
164 11 2.0 15 3 0 0 5 15 4 4.3006682702e-33 1 1 
164 12 0.0 7 23 9 0 33 38 3 8.83177607194e-41 4 5 
164 12 0.0 14 9 4 0 19 22 4 5.61573929016e-78 4 1 
164 12 0.0 2 12 0 0 9 10 1 0.167889781032 0 3 
164 12 0.0 8 6 0 0 19 12 3 3.32114833239e-39 2 1 
164 12 0.0 16 11 8 0 16 33 4 3.39422343212e-77 7 0 
164 12 0.0 4 20 3 0 29 24 2 0.144797777282 2 5 
164 12 0.0 9 12 6 0 31 30 3 2.98578870882e-42 2 5 
164 12 0.0 11 7 4 0 23 15 3 1.37234287032e-52 3 1 
164 12 0.0 1 8 0 0 4 8 1 0.213729213302 0 2 
164 12 0.0 3 11 3 0 13 18 2 0.144797797668 2 3 
164 12 0.0 10 9 3 0 14 8 3 6.62166220485e-39 2 2 
164 12 0.0 13 9 5 0 21 20 3 9.04074740737e-57 4 1 
164 12 0.0 6 8 2 0 15 8 3 1.245218476e-39 2 1 
164 12 0.0 5 15 1 0 20 19 2 0.00742613592936 1 4 
164 12 0.0 12 2 3 0 8 17 4 4.92494733501e-79 1 2 
164 12 0.0 15 3 0 0 5 15 4 2.7588758807e-78 1 1 
164 12 2.0 7 23 9 0 33 38 3 2.40074949953e-05 4 5 
164 12 2.0 14 9 4 0 19 22 4 5.07866794773e-47 4 1 
164 12 2.0 2 12 0 0 9 10 1 0.117334088064 0 3 
164 12 2.0 8 6 0 0 19 12 3 0.00175478360174 2 1 
164 12 2.0 16 11 8 0 16 33 4 2.03036183858e-45 7 0 
164 12 2.0 4 20 3 0 29 24 2 0.171944742184 2 5 
164 12 2.0 9 12 6 0 31 30 3 3.4205355963e-07 2 5 
164 12 2.0 11 7 4 0 23 15 3 4.20897815632e-20 3 1 
164 12 2.0 1 8 0 0 4 8 1 0.155626847424 0 2 
164 12 2.0 3 11 3 0 13 18 2 0.179163219567 2 3 
164 12 2.0 10 9 3 0 14 8 3 0.0157528224434 2 2 
164 12 2.0 13 9 5 0 21 20 3 7.03335638008e-24 4 1 
164 12 2.0 6 8 2 0 15 8 3 0.0153456922726 2 1 
164 12 2.0 5 15 1 0 20 19 2 0.00681410516397 1 4 
164 12 2.0 12 2 3 0 8 17 4 1.10265401551e-48 1 2 
164 12 2.0 15 3 0 0 5 15 4 3.387165845e-37 1 1 
164 13 0.0 7 23 9 0 33 38 3 4.90546586398e-39 4 5 
164 13 0.0 14 9 4 0 19 22 4 6.95098007828e-78 4 1 
164 13 0.0 2 12 0 0 9 10 1 0.167939533385 0 3 
164 13 0.0 8 6 0 0 19 12 3 1.88376516836e-43 2 1 
164 13 0.0 16 11 8 0 16 33 4 1.8866546754e-77 7 0 
164 13 0.0 4 20 3 0 29 24 2 0.14498664775 2 5 
164 13 0.0 9 12 6 0 31 30 3 3.03000409318e-46 2 5 
164 13 0.0 11 7 4 0 23 15 3 5.01079292176e-55 3 1 
164 13 0.0 1 8 0 0 4 8 1 0.213767889441 0 2 
164 13 0.0 3 11 3 0 13 18 2 0.144986752266 2 3 
164 13 0.0 10 9 3 0 14 8 3 1.43680892591e-36 2 2 
164 13 0.0 13 9 5 0 21 20 3 2.59891229564e-54 4 1 
164 13 0.0 6 8 2 0 15 8 3 1.58372868211e-42 2 1 
164 13 0.0 5 15 1 0 20 19 2 0.00743601091968 1 4 
164 13 0.0 12 2 3 0 8 17 4 7.98087998794e-79 1 2 
164 13 0.0 15 3 0 0 5 15 4 4.93391237373e-78 1 1 
164 13 2.0 7 23 9 0 33 38 3 2.9145053328e-07 4 5 
164 13 2.0 14 9 4 0 19 22 4 7.48553218179e-46 4 1 
164 13 2.0 2 12 0 0 9 10 1 0.122681612022 0 3 
164 13 2.0 8 6 0 0 19 12 3 0.0134265573564 2 1 
164 13 2.0 16 11 8 0 16 33 4 3.95426717294e-45 7 0 
164 13 2.0 4 20 3 0 29 24 2 0.17077547833 2 5 
164 13 2.0 9 12 6 0 31 30 3 7.24054922074e-06 2 5 
164 13 2.0 11 7 4 0 23 15 3 2.97536061604e-20 3 1 
164 13 2.0 1 8 0 0 4 8 1 0.162394545951 0 2 
164 13 2.0 3 11 3 0 13 18 2 0.180149623784 2 3 
164 13 2.0 10 9 3 0 14 8 3 0.0258310080734 2 2 
164 13 2.0 13 9 5 0 21 20 3 7.57712858989e-23 4 1 
164 13 2.0 6 8 2 0 15 8 3 0.0139074333351 2 1 
164 13 2.0 5 15 1 0 20 19 2 0.00713535081962 1 4 
164 13 2.0 12 2 3 0 8 17 4 6.38839542551e-49 1 2 
164 13 2.0 15 3 0 0 5 15 4 3.00070650754e-34 1 1 
164 14 0.0 7 23 9 0 33 38 3 4.16635773316e-40 4 5 
164 14 0.0 14 9 4 0 19 22 4 7.7315728941e-78 4 1 
164 14 0.0 2 12 0 0 9 10 1 0.16785655487 0 3 
164 14 0.0 8 6 0 0 19 12 3 2.19673910039e-44 2 1 
164 14 0.0 16 11 8 0 16 33 4 3.88378005377e-77 7 0 
164 14 0.0 4 20 3 0 29 24 2 0.144935867862 2 5 
164 14 0.0 9 12 6 0 31 30 3 2.07182961815e-47 2 5 
164 14 0.0 11 7 4 0 23 15 3 7.21750608003e-56 3 1 
164 14 0.0 1 8 0 0 4 8 1 0.213675281261 0 2 
164 14 0.0 3 11 3 0 13 18 2 0.144936049013 2 3 
164 14 0.0 10 9 3 0 14 8 3 9.57121859386e-36 2 2 
164 14 0.0 13 9 5 0 21 20 3 2.07692131302e-53 4 1 
164 14 0.0 6 8 2 0 15 8 3 1.28066600001e-43 2 1 
164 14 0.0 5 15 1 0 20 19 2 0.00743380324981 1 4 
164 14 0.0 12 2 3 0 8 17 4 1.81585472697e-79 1 2 
164 14 0.0 15 3 0 0 5 15 4 5.3766832881e-78 1 1 
164 14 2.0 7 23 9 0 33 38 3 5.14906785359e-07 4 5 
164 14 2.0 14 9 4 0 19 22 4 1.60351281463e-46 4 1 
164 14 2.0 2 12 0 0 9 10 1 0.122936237421 0 3 
164 14 2.0 8 6 0 0 19 12 3 0.0102699195046 2 1 
164 14 2.0 16 11 8 0 16 33 4 2.23738309199e-45 7 0 
164 14 2.0 4 20 3 0 29 24 2 0.171324591159 2 5 
164 14 2.0 9 12 6 0 31 30 3 2.92998727686e-06 2 5 
164 14 2.0 11 7 4 0 23 15 3 1.53901334006e-20 3 1 
164 14 2.0 1 8 0 0 4 8 1 0.162723122629 0 2 
164 14 2.0 3 11 3 0 13 18 2 0.180606001169 2 3 
164 14 2.0 10 9 3 0 14 8 3 0.0261681967377 2 2 
164 14 2.0 13 9 5 0 21 20 3 6.86913775198e-23 4 1 
164 14 2.0 6 8 2 0 15 8 3 0.0173888789436 2 1 
164 14 2.0 5 15 1 0 20 19 2 0.0071717239921 1 4 
164 14 2.0 12 2 3 0 8 17 4 2.95205985429e-48 1 2 
164 14 2.0 15 3 0 0 5 15 4 1.46793022865e-33 1 1 
164 15 0.0 7 23 9 0 33 38 3 5.63334942354e-40 4 5 
164 15 0.0 14 9 4 0 19 22 4 4.65380995843e-78 4 1 
164 15 0.0 2 12 0 0 9 10 1 0.167676119635 0 3 
164 15 0.0 8 6 0 0 19 12 3 1.20879826221e-39 2 1 
164 15 0.0 16 11 8 0 16 33 4 3.79854418756e-77 7 0 
164 15 0.0 4 20 3 0 29 24 2 0.144960249159 2 5 
164 15 0.0 9 12 6 0 31 30 3 6.97335597897e-42 2 5 
164 15 0.0 11 7 4 0 23 15 3 5.89022448691e-53 3 1 
164 15 0.0 1 8 0 0 4 8 1 0.213459586547 0 2 
164 15 0.0 3 11 3 0 13 18 2 0.144960268825 2 3 
164 15 0.0 10 9 3 0 14 8 3 9.89772002722e-40 2 2 
164 15 0.0 13 9 5 0 21 20 3 7.67730981854e-57 4 1 
164 15 0.0 6 8 2 0 15 8 3 1.67403920714e-39 2 1 
164 15 0.0 5 15 1 0 20 19 2 0.00743626867117 1 4 
164 15 0.0 12 2 3 0 8 17 4 3.34292151203e-79 1 2 
164 15 0.0 15 3 0 0 5 15 4 3.17482541807e-78 1 1 
164 15 2.0 7 23 9 0 33 38 3 7.09899782483e-07 4 5 
164 15 2.0 14 9 4 0 19 22 4 3.70814476366e-47 4 1 
164 15 2.0 2 12 0 0 9 10 1 0.118423159408 0 3 
164 15 2.0 8 6 0 0 19 12 3 0.00532820751142 2 1 
164 15 2.0 16 11 8 0 16 33 4 3.1667269205e-45 7 0 
164 15 2.0 4 20 3 0 29 24 2 0.171483297182 2 5 
164 15 2.0 9 12 6 0 31 30 3 3.01061503149e-07 2 5 
164 15 2.0 11 7 4 0 23 15 3 2.30021805331e-20 3 1 
164 15 2.0 1 8 0 0 4 8 1 0.156930626361 0 2 
164 15 2.0 3 11 3 0 13 18 2 0.179652395603 2 3 
164 15 2.0 10 9 3 0 14 8 3 0.0179020763808 2 2 
164 15 2.0 13 9 5 0 21 20 3 2.02932587035e-23 4 1 
164 15 2.0 6 8 2 0 15 8 3 0.0140203646522 2 1 
164 15 2.0 5 15 1 0 20 19 2 0.00687143431951 1 4 
164 15 2.0 12 2 3 0 8 17 4 4.63111917758e-49 1 2 
164 15 2.0 15 3 0 0 5 15 4 6.62823760336e-37 1 1 
164 16 0.0 7 23 9 0 33 38 3 1.32142085386e-39 4 5 
164 16 0.0 14 9 4 0 19 22 4 3.97589414239e-78 4 1 
164 16 0.0 2 12 0 0 9 10 1 0.167859291048 0 3 
164 16 0.0 8 6 0 0 19 12 3 2.88915365162e-42 2 1 
164 16 0.0 16 11 8 0 16 33 4 4.11871653274e-77 7 0 
164 16 0.0 4 20 3 0 29 24 2 0.144874272689 2 5 
164 16 0.0 9 12 6 0 31 30 3 1.42392479782e-45 2 5 
164 16 0.0 11 7 4 0 23 15 3 1.01017743403e-54 3 1 
164 16 0.0 1 8 0 0 4 8 1 0.213685063207 0 2 
164 16 0.0 3 11 3 0 13 18 2 0.144874350008 2 3 
164 16 0.0 10 9 3 0 14 8 3 2.4433037093e-36 2 2 
164 16 0.0 13 9 5 0 21 20 3 9.05191032598e-55 4 1 
164 16 0.0 6 8 2 0 15 8 3 8.21102815349e-42 2 1 
164 16 0.0 5 15 1 0 20 19 2 0.0074304594099 1 4 
164 16 0.0 12 2 3 0 8 17 4 2.76114505589e-79 1 2 
164 16 0.0 15 3 0 0 5 15 4 1.7481603082e-78 1 1 
164 16 2.0 7 23 9 0 33 38 3 1.34967546112e-07 4 5 
164 16 2.0 14 9 4 0 19 22 4 8.57947862647e-46 4 1 
164 16 2.0 2 12 0 0 9 10 1 0.123897506792 0 3 
164 16 2.0 8 6 0 0 19 12 3 0.0124572213818 2 1 
164 16 2.0 16 11 8 0 16 33 4 3.76590055241e-45 7 0 
164 16 2.0 4 20 3 0 29 24 2 0.170703059881 2 5 
164 16 2.0 9 12 6 0 31 30 3 2.87778275081e-07 2 5 
164 16 2.0 11 7 4 0 23 15 3 8.6242407137e-21 3 1 
164 16 2.0 1 8 0 0 4 8 1 0.164006882302 0 2 
164 16 2.0 3 11 3 0 13 18 2 0.180247185122 2 3 
164 16 2.0 10 9 3 0 14 8 3 0.0284830821571 2 2 
164 16 2.0 13 9 5 0 21 20 3 2.37334456507e-22 4 1 
164 16 2.0 6 8 2 0 15 8 3 0.0175200956708 2 1 
164 16 2.0 5 15 1 0 20 19 2 0.00723459119353 1 4 
164 16 2.0 12 2 3 0 8 17 4 1.02959313542e-48 1 2 
164 16 2.0 15 3 0 0 5 15 4 3.62159247534e-33 1 1 
164 17 0.0 7 23 9 0 33 38 3 5.65883633657e-40 4 5 
164 17 0.0 14 9 4 0 19 22 4 8.59427408102e-78 4 1 
164 17 0.0 2 12 0 0 9 10 1 0.167853338673 0 3 
164 17 0.0 8 6 0 0 19 12 3 1.43708750242e-42 2 1 
164 17 0.0 16 11 8 0 16 33 4 2.66719002949e-77 7 0 
164 17 0.0 4 20 3 0 29 24 2 0.144901338731 2 5 
164 17 0.0 9 12 6 0 31 30 3 6.60791811976e-47 2 5 
164 17 0.0 11 7 4 0 23 15 3 1.09596339889e-54 3 1 
164 17 0.0 1 8 0 0 4 8 1 0.213675156337 0 2 
164 17 0.0 3 11 3 0 13 18 2 0.144901431816 2 3 
164 17 0.0 10 9 3 0 14 8 3 4.12813744015e-37 2 2 
164 17 0.0 13 9 5 0 21 20 3 3.67957718093e-54 4 1 
164 17 0.0 6 8 2 0 15 8 3 2.87250710405e-42 2 1 
164 17 0.0 5 15 1 0 20 19 2 0.00743195839652 1 4 
164 17 0.0 12 2 3 0 8 17 4 1.7590837799e-78 1 2 
164 17 0.0 15 3 0 0 5 15 4 6.6800455371e-78 1 1 
164 17 2.0 7 23 9 0 33 38 3 2.71072483356e-06 4 5 
164 17 2.0 14 9 4 0 19 22 4 3.93667334438e-47 4 1 
164 17 2.0 2 12 0 0 9 10 1 0.115511349206 0 3 
164 17 2.0 8 6 0 0 19 12 3 0.0046836143933 2 1 
164 17 2.0 16 11 8 0 16 33 4 3.49061712125e-45 7 0 
164 17 2.0 4 20 3 0 29 24 2 0.171447385849 2 5 
164 17 2.0 9 12 6 0 31 30 3 6.34482216988e-08 2 5 
164 17 2.0 11 7 4 0 23 15 3 3.02275487101e-20 3 1 
164 17 2.0 1 8 0 0 4 8 1 0.153143885922 0 2 
164 17 2.0 3 11 3 0 13 18 2 0.179290684985 2 3 
164 17 2.0 10 9 3 0 14 8 3 0.0125349943208 2 2 
164 17 2.0 13 9 5 0 21 20 3 7.48567418144e-24 4 1 
164 17 2.0 6 8 2 0 15 8 3 0.00923839432114 2 1 
164 17 2.0 5 15 1 0 20 19 2 0.00667533928068 1 4 
164 17 2.0 12 2 3 0 8 17 4 3.18130440755e-49 1 2 
164 17 2.0 15 3 0 0 5 15 4 4.31469700918e-40 1 1 
164 18 0.0 7 23 9 0 33 38 3 3.75585542365e-39 4 5 
164 18 0.0 14 9 4 0 19 22 4 5.64631299175e-78 4 1 
164 18 0.0 2 12 0 0 9 10 1 0.167814863532 0 3 
164 18 0.0 8 6 0 0 19 12 3 1.00066453399e-42 2 1 
164 18 0.0 16 11 8 0 16 33 4 3.92809839389e-78 7 0 
164 18 0.0 4 20 3 0 29 24 2 0.145014107641 2 5 
164 18 0.0 9 12 6 0 31 30 3 1.15599682986e-44 2 5 
164 18 0.0 11 7 4 0 23 15 3 1.94031472713e-55 3 1 
164 18 0.0 1 8 0 0 4 8 1 0.213617734919 0 2 
164 18 0.0 3 11 3 0 13 18 2 0.145014226379 2 3 
164 18 0.0 10 9 3 0 14 8 3 1.43640921743e-35 2 2 
164 18 0.0 13 9 5 0 21 20 3 3.25727138385e-54 4 1 
164 18 0.0 6 8 2 0 15 8 3 1.42513319503e-42 2 1 
164 18 0.0 5 15 1 0 20 19 2 0.00743829033282 1 4 
164 18 0.0 12 2 3 0 8 17 4 2.05747677452e-78 1 2 
164 18 0.0 15 3 0 0 5 15 4 1.17159426757e-77 1 1 
164 18 2.0 7 23 9 0 33 38 3 8.35791910233e-10 4 5 
164 18 2.0 14 9 4 0 19 22 4 4.90018842451e-46 4 1 
164 18 2.0 2 12 0 0 9 10 1 0.125392771043 0 3 
164 18 2.0 8 6 0 0 19 12 3 0.01341127617 2 1 
164 18 2.0 16 11 8 0 16 33 4 4.57204732245e-45 7 0 
164 18 2.0 4 20 3 0 29 24 2 0.170413278995 2 5 
164 18 2.0 9 12 6 0 31 30 3 2.08722437845e-07 2 5 
164 18 2.0 11 7 4 0 23 15 3 2.05776287512e-20 3 1 
164 18 2.0 1 8 0 0 4 8 1 0.165958391422 0 2 
164 18 2.0 3 11 3 0 13 18 2 0.180263299237 2 3 
164 18 2.0 10 9 3 0 14 8 3 0.0305487043396 2 2 
164 18 2.0 13 9 5 0 21 20 3 7.18622563259e-22 4 1 
164 18 2.0 6 8 2 0 15 8 3 0.0186445510082 2 1 
164 18 2.0 5 15 1 0 20 19 2 0.00730162520335 1 4 
164 18 2.0 12 2 3 0 8 17 4 9.87375358656e-49 1 2 
164 18 2.0 15 3 0 0 5 15 4 3.81952706277e-29 1 1 
164 19 0.0 7 23 9 0 33 38 3 6.01999558327e-40 4 5 
164 19 0.0 14 9 4 0 19 22 4 1.00593304604e-78 4 1 
164 19 0.0 2 12 0 0 9 10 1 0.167782616798 0 3 
164 19 0.0 8 6 0 0 19 12 3 8.43561657814e-41 2 1 
164 19 0.0 16 11 8 0 16 33 4 2.214833205e-77 7 0 
164 19 0.0 4 20 3 0 29 24 2 0.144920379739 2 5 
164 19 0.0 9 12 6 0 31 30 3 1.48153425385e-43 2 5 
164 19 0.0 11 7 4 0 23 15 3 1.72680556941e-53 3 1 
164 19 0.0 1 8 0 0 4 8 1 0.213589602883 0 2 
164 19 0.0 3 11 3 0 13 18 2 0.144920427569 2 3 
164 19 0.0 10 9 3 0 14 8 3 2.31642649144e-38 2 2 
164 19 0.0 13 9 5 0 21 20 3 2.33290734099e-55 4 1 
164 19 0.0 6 8 2 0 15 8 3 1.95040449411e-40 2 1 
164 19 0.0 5 15 1 0 20 19 2 0.00743343722984 1 4 
164 19 0.0 12 2 3 0 8 17 4 1.84806051324e-78 1 2 
164 19 0.0 15 3 0 0 5 15 4 3.17498007243e-78 1 1 
164 19 2.0 7 23 9 0 33 38 3 5.18509635041e-09 4 5 
164 19 2.0 14 9 4 0 19 22 4 2.11712561565e-46 4 1 
164 19 2.0 2 12 0 0 9 10 1 0.125767276514 0 3 
164 19 2.0 8 6 0 0 19 12 3 0.00933205182647 2 1 
164 19 2.0 16 11 8 0 16 33 4 2.2625706189e-45 7 0 
164 19 2.0 4 20 3 0 29 24 2 0.171146368762 2 5 
164 19 2.0 9 12 6 0 31 30 3 6.91359490345e-06 2 5 
164 19 2.0 11 7 4 0 23 15 3 9.44647126834e-20 3 1 
164 19 2.0 1 8 0 0 4 8 1 0.166526117399 0 2 
164 19 2.0 3 11 3 0 13 18 2 0.180608685125 2 3 
164 19 2.0 10 9 3 0 14 8 3 0.0313382879994 2 2 
164 19 2.0 13 9 5 0 21 20 3 1.85325586347e-21 4 1 
164 19 2.0 6 8 2 0 15 8 3 0.0235070980861 2 1 
164 19 2.0 5 15 1 0 20 19 2 0.00736829730854 1 4 
164 19 2.0 12 2 3 0 8 17 4 1.94675869326e-48 1 2 
164 19 2.0 15 3 0 0 5 15 4 2.67834478521e-26 1 1 
164 20 0.0 7 23 9 0 33 38 3 1.46574711937e-39 4 5 
164 20 0.0 14 9 4 0 19 22 4 3.67942874919e-78 4 1 
164 20 0.0 2 12 0 0 9 10 1 0.167803753414 0 3 
164 20 0.0 8 6 0 0 19 12 3 2.51720429792e-40 2 1 
164 20 0.0 16 11 8 0 16 33 4 2.25975228672e-77 7 0 
164 20 0.0 4 20 3 0 29 24 2 0.144777683494 2 5 
164 20 0.0 9 12 6 0 31 30 3 2.29118250266e-43 2 5 
164 20 0.0 11 7 4 0 23 15 3 1.46593834076e-53 3 1 
164 20 0.0 1 8 0 0 4 8 1 0.21362973404 0 2 
164 20 0.0 3 11 3 0 13 18 2 0.144777715294 2 3 
164 20 0.0 10 9 3 0 14 8 3 3.41553061979e-37 2 2 
164 20 0.0 13 9 5 0 21 20 3 1.30611742322e-55 4 1 
164 20 0.0 6 8 2 0 15 8 3 6.46705288499e-40 2 1 
164 20 0.0 5 15 1 0 20 19 2 0.00742560108963 1 4 
164 20 0.0 12 2 3 0 8 17 4 4.14360800412e-79 1 2 
164 20 0.0 15 3 0 0 5 15 4 2.51166524204e-78 1 1 
164 20 2.0 7 23 9 0 33 38 3 1.29850522791e-05 4 5 
164 20 2.0 14 9 4 0 19 22 4 5.19702024265e-47 4 1 
164 20 2.0 2 12 0 0 9 10 1 0.119102536426 0 3 
164 20 2.0 8 6 0 0 19 12 3 0.00486579005598 2 1 
164 20 2.0 16 11 8 0 16 33 4 4.85574738392e-45 7 0 
164 20 2.0 4 20 3 0 29 24 2 0.171621355353 2 5 
164 20 2.0 9 12 6 0 31 30 3 4.36560232194e-07 2 5 
164 20 2.0 11 7 4 0 23 15 3 1.1198150582e-20 3 1 
164 20 2.0 1 8 0 0 4 8 1 0.157820041304 0 2 
164 20 2.0 3 11 3 0 13 18 2 0.179706931267 2 3 
164 20 2.0 10 9 3 0 14 8 3 0.018993744746 2 2 
164 20 2.0 13 9 5 0 21 20 3 2.07094176519e-23 4 1 
164 20 2.0 6 8 2 0 15 8 3 0.015557440399 2 1 
164 20 2.0 5 15 1 0 20 19 2 0.00691643910473 1 4 
164 20 2.0 12 2 3 0 8 17 4 1.17391809583e-49 1 2 
164 20 2.0 15 3 0 0 5 15 4 4.58535621812e-39 1 1 
164 21 0.0 7 23 9 0 33 38 3 2.68786950457e-39 4 5 
164 21 0.0 14 9 4 0 19 22 4 1.53114920558e-78 4 1 
164 21 0.0 2 12 0 0 9 10 1 0.167847012977 0 3 
164 21 0.0 8 6 0 0 19 12 3 1.25837967501e-42 2 1 
164 21 0.0 16 11 8 0 16 33 4 2.92198840548e-77 7 0 
164 21 0.0 4 20 3 0 29 24 2 0.145038299356 2 5 
164 21 0.0 9 12 6 0 31 30 3 9.72920568929e-46 2 5 
164 21 0.0 11 7 4 0 23 15 3 1.21474064931e-54 3 1 
164 21 0.0 1 8 0 0 4 8 1 0.213653137749 0 2 
164 21 0.0 3 11 3 0 13 18 2 0.145038382681 2 3 
164 21 0.0 10 9 3 0 14 8 3 5.12557141941e-36 2 2 
164 21 0.0 13 9 5 0 21 20 3 9.28596248885e-55 4 1 
164 21 0.0 6 8 2 0 15 8 3 3.08432498184e-42 2 1 
164 21 0.0 5 15 1 0 20 19 2 0.00743938915872 1 4 
164 21 0.0 12 2 3 0 8 17 4 1.44794078094e-78 1 2 
164 21 0.0 15 3 0 0 5 15 4 2.13707722121e-78 1 1 
164 21 2.0 7 23 9 0 33 38 3 0.000642382423791 4 5 
164 21 2.0 14 9 4 0 19 22 4 1.50852896751e-46 4 1 
164 21 2.0 2 12 0 0 9 10 1 0.114308834459 0 3 
164 21 2.0 8 6 0 0 19 12 3 0.00365397969973 2 1 
164 21 2.0 16 11 8 0 16 33 4 1.78417800257e-45 7 0 
164 21 2.0 4 20 3 0 29 24 2 0.171991103566 2 5 
164 21 2.0 9 12 6 0 31 30 3 4.08815137283e-05 2 5 
164 21 2.0 11 7 4 0 23 15 3 6.44137100227e-20 3 1 
164 21 2.0 1 8 0 0 4 8 1 0.151703260248 0 2 
164 21 2.0 3 11 3 0 13 18 2 0.178757258807 2 3 
164 21 2.0 10 9 3 0 14 8 3 0.0103267712152 2 2 
164 21 2.0 13 9 5 0 21 20 3 2.0673244493e-24 4 1 
164 21 2.0 6 8 2 0 15 8 3 0.00785810251044 2 1 
164 21 2.0 5 15 1 0 20 19 2 0.00662956986704 1 4 
164 21 2.0 12 2 3 0 8 17 4 1.64566705407e-48 1 2 
164 21 2.0 15 3 0 0 5 15 4 9.3009271826e-44 1 1 
164 22 0.0 7 23 9 0 33 38 3 8.95536281516e-41 4 5 
164 22 0.0 14 9 4 0 19 22 4 2.26304510606e-78 4 1 
164 22 0.0 2 12 0 0 9 10 1 0.167922711184 0 3 
164 22 0.0 8 6 0 0 19 12 3 7.04492739793e-41 2 1 
164 22 0.0 16 11 8 0 16 33 4 3.72857343011e-77 7 0 
164 22 0.0 4 20 3 0 29 24 2 0.145144930444 2 5 
164 22 0.0 9 12 6 0 31 30 3 3.55287714042e-44 2 5 
164 22 0.0 11 7 4 0 23 15 3 7.09979527624e-54 3 1 
164 22 0.0 1 8 0 0 4 8 1 0.213731216459 0 2 
164 22 0.0 3 11 3 0 13 18 2 0.145144971088 2 3 
164 22 0.0 10 9 3 0 14 8 3 2.25682832091e-38 2 2 
164 22 0.0 13 9 5 0 21 20 3 4.36282356496e-56 4 1 
164 22 0.0 6 8 2 0 15 8 3 5.49056918945e-41 2 1 
164 22 0.0 5 15 1 0 20 19 2 0.00744465808018 1 4 
164 22 0.0 12 2 3 0 8 17 4 1.11418139122e-78 1 2 
164 22 0.0 15 3 0 0 5 15 4 2.28736277717e-78 1 1 
164 22 2.0 7 23 9 0 33 38 3 6.36373176622e-09 4 5 
164 22 2.0 14 9 4 0 19 22 4 1.34578314029e-46 4 1 
164 22 2.0 2 12 0 0 9 10 1 0.124455043298 0 3 
164 22 2.0 8 6 0 0 19 12 3 0.00888587700413 2 1 
164 22 2.0 16 11 8 0 16 33 4 2.24328807283e-45 7 0 
164 22 2.0 4 20 3 0 29 24 2 0.170460061678 2 5 
164 22 2.0 9 12 6 0 31 30 3 2.68813905677e-06 2 5 
164 22 2.0 11 7 4 0 23 15 3 1.13374320246e-20 3 1 
164 22 2.0 1 8 0 0 4 8 1 0.164854035117 0 2 
164 22 2.0 3 11 3 0 13 18 2 0.179743806115 2 3 
164 22 2.0 10 9 3 0 14 8 3 0.0295889356404 2 2 
164 22 2.0 13 9 5 0 21 20 3 6.18913051173e-22 4 1 
164 22 2.0 6 8 2 0 15 8 3 0.0222041712747 2 1 
164 22 2.0 5 15 1 0 20 19 2 0.00726921489972 1 4 
164 22 2.0 12 2 3 0 8 17 4 9.38067093871e-49 1 2 
164 22 2.0 15 3 0 0 5 15 4 1.43031892516e-28 1 1 
164 23 0.0 7 23 9 0 33 38 3 2.10532976342e-40 4 5 
164 23 0.0 14 9 4 0 19 22 4 4.50230463412e-78 4 1 
164 23 0.0 2 12 0 0 9 10 1 0.167855492126 0 3 
164 23 0.0 8 6 0 0 19 12 3 1.54965097463e-40 2 1 
164 23 0.0 16 11 8 0 16 33 4 4.15088056409e-77 7 0 
164 23 0.0 4 20 3 0 29 24 2 0.144946368209 2 5 
164 23 0.0 9 12 6 0 31 30 3 8.95004950694e-44 2 5 
164 23 0.0 11 7 4 0 23 15 3 2.68754094982e-53 3 1 
164 23 0.0 1 8 0 0 4 8 1 0.213672921381 0 2 
164 23 0.0 3 11 3 0 13 18 2 0.14494639861 2 3 
164 23 0.0 10 9 3 0 14 8 3 1.050455681e-38 2 2 
164 23 0.0 13 9 5 0 21 20 3 5.9659276109e-56 4 1 
164 23 0.0 6 8 2 0 15 8 3 1.67524363302e-40 2 1 
164 23 0.0 5 15 1 0 20 19 2 0.00743437303959 1 4 
164 23 0.0 12 2 3 0 8 17 4 3.47611451584e-79 1 2 
164 23 0.0 15 3 0 0 5 15 4 3.066144502e-78 1 1 
164 23 2.0 7 23 9 0 33 38 3 1.58380874661e-08 4 5 
164 23 2.0 14 9 4 0 19 22 4 1.13502214476e-45 4 1 
164 23 2.0 2 12 0 0 9 10 1 0.125485434413 0 3 
164 23 2.0 8 6 0 0 19 12 3 0.0137844149374 2 1 
164 23 2.0 16 11 8 0 16 33 4 3.27679621371e-45 7 0 
164 23 2.0 4 20 3 0 29 24 2 0.170606227876 2 5 
164 23 2.0 9 12 6 0 31 30 3 2.52675001508e-06 2 5 
164 23 2.0 11 7 4 0 23 15 3 1.32004015516e-20 3 1 
164 23 2.0 1 8 0 0 4 8 1 0.166069786179 0 2 
164 23 2.0 3 11 3 0 13 18 2 0.180486876358 2 3 
164 23 2.0 10 9 3 0 14 8 3 0.0307935918455 2 2 
164 23 2.0 13 9 5 0 21 20 3 4.99246877663e-22 4 1 
164 23 2.0 6 8 2 0 15 8 3 0.0185190539763 2 1 
164 23 2.0 5 15 1 0 20 19 2 0.00732017655906 1 4 
164 23 2.0 12 2 3 0 8 17 4 5.94892625122e-49 1 2 
164 23 2.0 15 3 0 0 5 15 4 2.35009511467e-30 1 1 
164 24 0.0 7 23 9 0 33 38 3 2.26950139003e-40 4 5 
164 24 0.0 14 9 4 0 19 22 4 5.92501161805e-78 4 1 
164 24 0.0 2 12 0 0 9 10 1 0.167712527608 0 3 
164 24 0.0 8 6 0 0 19 12 3 4.4339656607e-40 2 1 
164 24 0.0 16 11 8 0 16 33 4 3.23294085749e-77 7 0 
164 24 0.0 4 20 3 0 29 24 2 0.14492744378 2 5 
164 24 0.0 9 12 6 0 31 30 3 1.10038303158e-43 2 5 
164 24 0.0 11 7 4 0 23 15 3 1.36463963327e-53 3 1 
164 24 0.0 1 8 0 0 4 8 1 0.213506073084 0 2 
164 24 0.0 3 11 3 0 13 18 2 0.144927468553 2 3 
164 24 0.0 10 9 3 0 14 8 3 1.91670573253e-39 2 2 
164 24 0.0 13 9 5 0 21 20 3 6.56994065273e-56 4 1 
164 24 0.0 6 8 2 0 15 8 3 4.95842921432e-40 2 1 
164 24 0.0 5 15 1 0 20 19 2 0.00743426554401 1 4 
164 24 0.0 12 2 3 0 8 17 4 7.54885011823e-79 1 2 
164 24 0.0 15 3 0 0 5 15 4 3.64534172949e-78 1 1 
164 24 2.0 7 23 9 0 33 38 3 1.34117896079e-08 4 5 
164 24 2.0 14 9 4 0 19 22 4 2.3329144448e-46 4 1 
164 24 2.0 2 12 0 0 9 10 1 0.122615461957 0 3 
164 24 2.0 8 6 0 0 19 12 3 0.0095949400328 2 1 
164 24 2.0 16 11 8 0 16 33 4 5.8480329692e-45 7 0 
164 24 2.0 4 20 3 0 29 24 2 0.171183591858 2 5 
164 24 2.0 9 12 6 0 31 30 3 1.46541520206e-08 2 5 
164 24 2.0 11 7 4 0 23 15 3 2.29617954473e-20 3 1 
164 24 2.0 1 8 0 0 4 8 1 0.16233145717 0 2 
164 24 2.0 3 11 3 0 13 18 2 0.180353138026 2 3 
164 24 2.0 10 9 3 0 14 8 3 0.0258930720302 2 2 
164 24 2.0 13 9 5 0 21 20 3 1.48270841649e-22 4 1 
164 24 2.0 6 8 2 0 15 8 3 0.017780152356 2 1 
164 24 2.0 5 15 1 0 20 19 2 0.0071554933809 1 4 
164 24 2.0 12 2 3 0 8 17 4 2.84353908092e-49 1 2 
164 24 2.0 15 3 0 0 5 15 4 3.19285721442e-33 1 1 
164 25 0.0 7 23 9 0 33 38 3 9.3728030591e-40 4 5 
164 25 0.0 14 9 4 0 19 22 4 1.28489738684e-77 4 1 
164 25 0.0 2 12 0 0 9 10 1 0.167839348492 0 3 
164 25 0.0 8 6 0 0 19 12 3 1.96620964986e-43 2 1 
164 25 0.0 16 11 8 0 16 33 4 1.59650106293e-77 7 0 
164 25 0.0 4 20 3 0 29 24 2 0.144991459861 2 5 
164 25 0.0 9 12 6 0 31 30 3 7.94285128952e-46 2 5 
164 25 0.0 11 7 4 0 23 15 3 1.40499521222e-54 3 1 
164 25 0.0 1 8 0 0 4 8 1 0.21364905939 0 2 
164 25 0.0 3 11 3 0 13 18 2 0.144991553824 2 3 
164 25 0.0 10 9 3 0 14 8 3 4.13768833078e-37 2 2 
164 25 0.0 13 9 5 0 21 20 3 1.12191356877e-54 4 1 
164 25 0.0 6 8 2 0 15 8 3 4.00872861034e-42 2 1 
164 25 0.0 5 15 1 0 20 19 2 0.00743691093772 1 4 
164 25 0.0 12 2 3 0 8 17 4 9.49043417517e-79 1 2 
164 25 0.0 15 3 0 0 5 15 4 9.44413627544e-78 1 1 
164 25 2.0 7 23 9 0 33 38 3 2.60139058293e-06 4 5 
164 25 2.0 14 9 4 0 19 22 4 2.13762459959e-46 4 1 
164 25 2.0 2 12 0 0 9 10 1 0.120059051491 0 3 
164 25 2.0 8 6 0 0 19 12 3 0.00985805020115 2 1 
164 25 2.0 16 11 8 0 16 33 4 7.21741090308e-45 7 0 
164 25 2.0 4 20 3 0 29 24 2 0.171422965901 2 5 
164 25 2.0 9 12 6 0 31 30 3 8.88677193908e-07 2 5 
164 25 2.0 11 7 4 0 23 15 3 1.6943331123e-20 3 1 
164 25 2.0 1 8 0 0 4 8 1 0.158962001274 0 2 
164 25 2.0 3 11 3 0 13 18 2 0.180195535163 2 3 
164 25 2.0 10 9 3 0 14 8 3 0.0209538846337 2 2 
164 25 2.0 13 9 5 0 21 20 3 5.76406610879e-23 4 1 
164 25 2.0 6 8 2 0 15 8 3 0.0125520029371 2 1 
164 25 2.0 5 15 1 0 20 19 2 0.00697879827259 1 4 
164 25 2.0 12 2 3 0 8 17 4 6.30963830084e-49 1 2 
164 25 2.0 15 3 0 0 5 15 4 9.29962628397e-37 1 1 
164 26 0.0 7 23 9 0 33 38 3 1.1220538832e-39 4 5 
164 26 0.0 14 9 4 0 19 22 4 3.1065950811e-78 4 1 
164 26 0.0 2 12 0 0 9 10 1 0.167757086809 0 3 
164 26 0.0 8 6 0 0 19 12 3 1.16171475516e-42 2 1 
164 26 0.0 16 11 8 0 16 33 4 2.77656226574e-77 7 0 
164 26 0.0 4 20 3 0 29 24 2 0.14490317396 2 5 
164 26 0.0 9 12 6 0 31 30 3 8.87187532107e-46 2 5 
164 26 0.0 11 7 4 0 23 15 3 2.74008977006e-55 3 1 
164 26 0.0 1 8 0 0 4 8 1 0.213561274371 0 2 
164 26 0.0 3 11 3 0 13 18 2 0.1449032922 2 3 
164 26 0.0 10 9 3 0 14 8 3 8.33016379982e-35 2 2 
164 26 0.0 13 9 5 0 21 20 3 5.91564446807e-55 4 1 
164 26 0.0 6 8 2 0 15 8 3 1.35865460988e-42 2 1 
164 26 0.0 5 15 1 0 20 19 2 0.00743267315895 1 4 
164 26 0.0 12 2 3 0 8 17 4 1.41141834924e-78 1 2 
164 26 0.0 15 3 0 0 5 15 4 8.98902408167e-78 1 1 
164 26 2.0 7 23 9 0 33 38 3 2.61405903324e-06 4 5 
164 26 2.0 14 9 4 0 19 22 4 6.17439888922e-47 4 1 
164 26 2.0 2 12 0 0 9 10 1 0.113554949905 0 3 
164 26 2.0 8 6 0 0 19 12 3 0.00362433874295 2 1 
164 26 2.0 16 11 8 0 16 33 4 5.3468350744e-45 7 0 
164 26 2.0 4 20 3 0 29 24 2 0.17155585437 2 5 
164 26 2.0 9 12 6 0 31 30 3 1.0672634168e-06 2 5 
164 26 2.0 11 7 4 0 23 15 3 2.4140700857e-21 3 1 
164 26 2.0 1 8 0 0 4 8 1 0.150627656706 0 2 
164 26 2.0 3 11 3 0 13 18 2 0.179130819882 2 3 
164 26 2.0 10 9 3 0 14 8 3 0.0084866110427 2 2 
164 26 2.0 13 9 5 0 21 20 3 6.55647553516e-24 4 1 
164 26 2.0 6 8 2 0 15 8 3 0.00620657776055 2 1 
164 26 2.0 5 15 1 0 20 19 2 0.00654241589648 1 4 
164 26 2.0 12 2 3 0 8 17 4 8.60752265785e-49 1 2 
164 26 2.0 15 3 0 0 5 15 4 1.04806542449e-39 1 1 
164 27 0.0 7 23 9 0 33 38 3 1.05965861068e-39 4 5 
164 27 0.0 14 9 4 0 19 22 4 2.73024012358e-78 4 1 
164 27 0.0 2 12 0 0 9 10 1 0.167727660754 0 3 
164 27 0.0 8 6 0 0 19 12 3 3.0186157044e-41 2 1 
164 27 0.0 16 11 8 0 16 33 4 3.57493714354e-77 7 0 
164 27 0.0 4 20 3 0 29 24 2 0.14486142236 2 5 
164 27 0.0 9 12 6 0 31 30 3 5.15371534942e-45 2 5 
164 27 0.0 11 7 4 0 23 15 3 4.92252199344e-54 3 1 
164 27 0.0 1 8 0 0 4 8 1 0.213530954666 0 2 
164 27 0.0 3 11 3 0 13 18 2 0.144861474612 2 3 
164 27 0.0 10 9 3 0 14 8 3 8.2907811346e-37 2 2 
164 27 0.0 13 9 5 0 21 20 3 3.12913798945e-55 4 1 
164 27 0.0 6 8 2 0 15 8 3 3.31254552153e-41 2 1 
164 27 0.0 5 15 1 0 20 19 2 0.00743060644903 1 4 
164 27 0.0 12 2 3 0 8 17 4 1.59913641703e-78 1 2 
164 27 0.0 15 3 0 0 5 15 4 3.11195067294e-78 1 1 
164 27 2.0 7 23 9 0 33 38 3 3.95679319658e-08 4 5 
164 27 2.0 14 9 4 0 19 22 4 2.23183196636e-46 4 1 
164 27 2.0 2 12 0 0 9 10 1 0.122223164601 0 3 
164 27 2.0 8 6 0 0 19 12 3 0.0106884853574 2 1 
164 27 2.0 16 11 8 0 16 33 4 7.08715023199e-45 7 0 
164 27 2.0 4 20 3 0 29 24 2 0.17075612922 2 5 
164 27 2.0 9 12 6 0 31 30 3 4.45769617737e-07 2 5 
164 27 2.0 11 7 4 0 23 15 3 9.53499760885e-21 3 1 
164 27 2.0 1 8 0 0 4 8 1 0.161829041382 0 2 
164 27 2.0 3 11 3 0 13 18 2 0.17993577213 2 3 
164 27 2.0 10 9 3 0 14 8 3 0.0252948885466 2 2 
164 27 2.0 13 9 5 0 21 20 3 1.34011780416e-22 4 1 
164 27 2.0 6 8 2 0 15 8 3 0.0161059224882 2 1 
164 27 2.0 5 15 1 0 20 19 2 0.00711496884327 1 4 
164 27 2.0 12 2 3 0 8 17 4 5.68699779799e-49 1 2 
164 27 2.0 15 3 0 0 5 15 4 1.20002805933e-33 1 1 
164 28 0.0 7 23 9 0 33 38 3 1.61944776982e-39 4 5 
164 28 0.0 14 9 4 0 19 22 4 4.60639448944e-78 4 1 
164 28 0.0 2 12 0 0 9 10 1 0.167847988271 0 3 
164 28 0.0 8 6 0 0 19 12 3 1.57129370545e-43 2 1 
164 28 0.0 16 11 8 0 16 33 4 2.42083317748e-77 7 0 
164 28 0.0 4 20 3 0 29 24 2 0.144924608554 2 5 
164 28 0.0 9 12 6 0 31 30 3 8.35718610104e-47 2 5 
164 28 0.0 11 7 4 0 23 15 3 1.41583770005e-55 3 1 
164 28 0.0 1 8 0 0 4 8 1 0.213666360587 0 2 
164 28 0.0 3 11 3 0 13 18 2 0.144924755963 2 3 
164 28 0.0 10 9 3 0 14 8 3 9.0906028302e-35 2 2 
164 28 0.0 13 9 5 0 21 20 3 1.14615673184e-53 4 1 
164 28 0.0 6 8 2 0 15 8 3 2.89616592491e-43 2 1 
164 28 0.0 5 15 1 0 20 19 2 0.0074332494359 1 4 
164 28 0.0 12 2 3 0 8 17 4 8.52444886104e-79 1 2 
164 28 0.0 15 3 0 0 5 15 4 5.80752542868e-78 1 1 
164 28 2.0 7 23 9 0 33 38 3 7.39795214258e-08 4 5 
164 28 2.0 14 9 4 0 19 22 4 1.09875743325e-46 4 1 
164 28 2.0 2 12 0 0 9 10 1 0.121715905845 0 3 
164 28 2.0 8 6 0 0 19 12 3 0.00923270541179 2 1 
164 28 2.0 16 11 8 0 16 33 4 5.03729687087e-45 7 0 
164 28 2.0 4 20 3 0 29 24 2 0.171066599329 2 5 
164 28 2.0 9 12 6 0 31 30 3 3.76871948022e-08 2 5 
164 28 2.0 11 7 4 0 23 15 3 1.19113906092e-20 3 1 
164 28 2.0 1 8 0 0 4 8 1 0.161170576569 0 2 
164 28 2.0 3 11 3 0 13 18 2 0.180046126839 2 3 
164 28 2.0 10 9 3 0 14 8 3 0.0240484067794 2 2 
164 28 2.0 13 9 5 0 21 20 3 7.88251830775e-23 4 1 
164 28 2.0 6 8 2 0 15 8 3 0.0163290810171 2 1 
164 28 2.0 5 15 1 0 20 19 2 0.00708180605603 1 4 
164 28 2.0 12 2 3 0 8 17 4 1.92460241075e-49 1 2 
164 28 2.0 15 3 0 0 5 15 4 3.04135344942e-34 1 1 
164 29 0.0 7 23 9 0 33 38 3 5.76931269321e-40 4 5 
164 29 0.0 14 9 4 0 19 22 4 3.1775915621e-78 4 1 
164 29 0.0 2 12 0 0 9 10 1 0.167885356386 0 3 
164 29 0.0 8 6 0 0 19 12 3 9.22272921543e-44 2 1 
164 29 0.0 16 11 8 0 16 33 4 2.40028575999e-77 7 0 
164 29 0.0 4 20 3 0 29 24 2 0.145014235362 2 5 
164 29 0.0 9 12 6 0 31 30 3 2.94579373059e-46 2 5 
164 29 0.0 11 7 4 0 23 15 3 8.80580937668e-56 3 1 
164 29 0.0 1 8 0 0 4 8 1 0.213700973008 0 2 
164 29 0.0 3 11 3 0 13 18 2 0.145014418555 2 3 
164 29 0.0 10 9 3 0 14 8 3 1.08639847736e-36 2 2 
164 29 0.0 13 9 5 0 21 20 3 5.22062626124e-54 4 1 
164 29 0.0 6 8 2 0 15 8 3 2.23583613118e-43 2 1 
164 29 0.0 5 15 1 0 20 19 2 0.00743784803246 1 4 
164 29 0.0 12 2 3 0 8 17 4 6.12329068702e-79 1 2 
164 29 0.0 15 3 0 0 5 15 4 5.0620050374e-78 1 1 
164 29 2.0 7 23 9 0 33 38 3 7.23328152388e-07 4 5 
164 29 2.0 14 9 4 0 19 22 4 5.32302263681e-46 4 1 
164 29 2.0 2 12 0 0 9 10 1 0.122539142709 0 3 
164 29 2.0 8 6 0 0 19 12 3 0.0116460086697 2 1 
164 29 2.0 16 11 8 0 16 33 4 3.26943624532e-45 7 0 
164 29 2.0 4 20 3 0 29 24 2 0.171197730563 2 5 
164 29 2.0 9 12 6 0 31 30 3 3.20818901485e-06 2 5 
164 29 2.0 11 7 4 0 23 15 3 5.12508639661e-21 3 1 
164 29 2.0 1 8 0 0 4 8 1 0.162203122591 0 2 
164 29 2.0 3 11 3 0 13 18 2 0.180551792228 2 3 
164 29 2.0 10 9 3 0 14 8 3 0.0259234362914 2 2 
164 29 2.0 13 9 5 0 21 20 3 1.31515980755e-22 4 1 
164 29 2.0 6 8 2 0 15 8 3 0.0157758610817 2 1 
164 29 2.0 5 15 1 0 20 19 2 0.00715740015617 1 4 
164 29 2.0 12 2 3 0 8 17 4 4.62355411923e-48 1 2 
164 29 2.0 15 3 0 0 5 15 4 1.01680371256e-33 1 1 
164 30 0.0 7 23 9 0 33 38 3 8.67050685731e-40 4 5 
164 30 0.0 14 9 4 0 19 22 4 8.41429721571e-78 4 1 
164 30 0.0 2 12 0 0 9 10 1 0.167892259445 0 3 
164 30 0.0 8 6 0 0 19 12 3 1.40485050391e-43 2 1 
164 30 0.0 16 11 8 0 16 33 4 2.42424856769e-77 7 0 
164 30 0.0 4 20 3 0 29 24 2 0.1449237103 2 5 
164 30 0.0 9 12 6 0 31 30 3 2.37920795614e-46 2 5 
164 30 0.0 11 7 4 0 23 15 3 3.90238864992e-55 3 1 
164 30 0.0 1 8 0 0 4 8 1 0.213718745025 0 2 
164 30 0.0 3 11 3 0 13 18 2 0.144923845024 2 3 
164 30 0.0 10 9 3 0 14 8 3 2.11928281715e-36 2 2 
164 30 0.0 13 9 5 0 21 20 3 8.19685812028e-54 4 1 
164 30 0.0 6 8 2 0 15 8 3 4.26102507818e-43 2 1 
164 30 0.0 5 15 1 0 20 19 2 0.00743291792683 1 4 
164 30 0.0 12 2 3 0 8 17 4 5.69416596965e-79 1 2 
164 30 0.0 15 3 0 0 5 15 4 7.58867247857e-78 1 1 
164 30 2.0 7 23 9 0 33 38 3 7.68657705087e-08 4 5 
164 30 2.0 14 9 4 0 19 22 4 9.58331257215e-46 4 1 
164 30 2.0 2 12 0 0 9 10 1 0.123981215767 0 3 
164 30 2.0 8 6 0 0 19 12 3 0.0134824023413 2 1 
164 30 2.0 16 11 8 0 16 33 4 2.22709066415e-45 7 0 
164 30 2.0 4 20 3 0 29 24 2 0.170892385624 2 5 
164 30 2.0 9 12 6 0 31 30 3 1.80102130229e-06 2 5 
164 30 2.0 11 7 4 0 23 15 3 3.19638982395e-20 3 1 
164 30 2.0 1 8 0 0 4 8 1 0.164095377243 0 2 
164 30 2.0 3 11 3 0 13 18 2 0.180504668992 2 3 
164 30 2.0 10 9 3 0 14 8 3 0.0286416232409 2 2 
164 30 2.0 13 9 5 0 21 20 3 1.71497839188e-22 4 1 
164 30 2.0 6 8 2 0 15 8 3 0.0166531949996 2 1 
164 30 2.0 5 15 1 0 20 19 2 0.00724892558738 1 4 
164 30 2.0 12 2 3 0 8 17 4 2.29754864751e-48 1 2 
164 30 2.0 15 3 0 0 5 15 4 2.56293529073e-33 1 1 
164 31 0.0 7 23 9 0 33 38 3 3.23789805656e-40 4 5 
164 31 0.0 14 9 4 0 19 22 4 4.56818629287e-78 4 1 
164 31 0.0 2 12 0 0 9 10 1 0.167862895524 0 3 
164 31 0.0 8 6 0 0 19 12 3 1.76283225952e-42 2 1 
164 31 0.0 16 11 8 0 16 33 4 3.32400986727e-77 7 0 
164 31 0.0 4 20 3 0 29 24 2 0.144975269094 2 5 
164 31 0.0 9 12 6 0 31 30 3 1.20133222643e-44 2 5 
164 31 0.0 11 7 4 0 23 15 3 1.28397311453e-54 3 1 
164 31 0.0 1 8 0 0 4 8 1 0.213678590049 0 2 
164 31 0.0 3 11 3 0 13 18 2 0.144975343513 2 3 
164 31 0.0 10 9 3 0 14 8 3 6.60632811158e-37 2 2 
164 31 0.0 13 9 5 0 21 20 3 6.45962080609e-55 4 1 
164 31 0.0 6 8 2 0 15 8 3 7.60383822693e-42 2 1 
164 31 0.0 5 15 1 0 20 19 2 0.00743588610966 1 4 
164 31 0.0 12 2 3 0 8 17 4 1.57744938438e-79 1 2 
164 31 0.0 15 3 0 0 5 15 4 2.92559525817e-78 1 1 
164 31 2.0 7 23 9 0 33 38 3 2.29386514314e-07 4 5 
164 31 2.0 14 9 4 0 19 22 4 4.00214372001e-46 4 1 
164 31 2.0 2 12 0 0 9 10 1 0.120646356929 0 3 
164 31 2.0 8 6 0 0 19 12 3 0.00988198358262 2 1 
164 31 2.0 16 11 8 0 16 33 4 5.72246296006e-45 7 0 
164 31 2.0 4 20 3 0 29 24 2 0.171313224282 2 5 
164 31 2.0 9 12 6 0 31 30 3 2.69296678746e-07 2 5 
164 31 2.0 11 7 4 0 23 15 3 4.59088912893e-21 3 1 
164 31 2.0 1 8 0 0 4 8 1 0.15974480145 0 2 
164 31 2.0 3 11 3 0 13 18 2 0.180144990887 2 3 
164 31 2.0 10 9 3 0 14 8 3 0.0223307028579 2 2 
164 31 2.0 13 9 5 0 21 20 3 1.09735573339e-22 4 1 
164 31 2.0 6 8 2 0 15 8 3 0.0139209879992 2 1 
164 31 2.0 5 15 1 0 20 19 2 0.00702697646638 1 4 
164 31 2.0 12 2 3 0 8 17 4 4.9589765505e-48 1 2 
164 31 2.0 15 3 0 0 5 15 4 7.3070995856e-35 1 1 
164 32 0.0 7 23 9 0 33 38 3 5.03774240953e-41 4 5 
164 32 0.0 14 9 4 0 19 22 4 2.83756393069e-78 4 1 
164 32 0.0 2 12 0 0 9 10 1 0.167766672899 0 3 
164 32 0.0 8 6 0 0 19 12 3 2.4025981958e-42 2 1 
164 32 0.0 16 11 8 0 16 33 4 3.40615799706e-77 7 0 
164 32 0.0 4 20 3 0 29 24 2 0.144994136306 2 5 
164 32 0.0 9 12 6 0 31 30 3 7.32749633228e-45 2 5 
164 32 0.0 11 7 4 0 23 15 3 6.26269170895e-55 3 1 
164 32 0.0 1 8 0 0 4 8 1 0.213562941889 0 2 
164 32 0.0 3 11 3 0 13 18 2 0.144994213383 2 3 
164 32 0.0 10 9 3 0 14 8 3 1.92399353197e-36 2 2 
164 32 0.0 13 9 5 0 21 20 3 5.32881666865e-55 4 1 
164 32 0.0 6 8 2 0 15 8 3 1.47873128029e-41 2 1 
164 32 0.0 5 15 1 0 20 19 2 0.00743751976914 1 4 
164 32 0.0 12 2 3 0 8 17 4 6.43772488569e-79 1 2 
164 32 0.0 15 3 0 0 5 15 4 2.57623331022e-78 1 1 
164 32 2.0 7 23 9 0 33 38 3 3.55396713237e-07 4 5 
164 32 2.0 14 9 4 0 19 22 4 1.85933034861e-46 4 1 
164 32 2.0 2 12 0 0 9 10 1 0.12225725605 0 3 
164 32 2.0 8 6 0 0 19 12 3 0.0100264078022 2 1 
164 32 2.0 16 11 8 0 16 33 4 2.58252037882e-45 7 0 
164 32 2.0 4 20 3 0 29 24 2 0.171127428973 2 5 
164 32 2.0 9 12 6 0 31 30 3 4.26202811032e-06 2 5 
164 32 2.0 11 7 4 0 23 15 3 1.99723273592e-20 3 1 
164 32 2.0 1 8 0 0 4 8 1 0.161862873438 0 2 
164 32 2.0 3 11 3 0 13 18 2 0.180282793847 2 3 
164 32 2.0 10 9 3 0 14 8 3 0.0251704711925 2 2 
164 32 2.0 13 9 5 0 21 20 3 7.48138428939e-23 4 1 
164 32 2.0 6 8 2 0 15 8 3 0.0166537455248 2 1 
164 32 2.0 5 15 1 0 20 19 2 0.00712662273724 1 4 
164 32 2.0 12 2 3 0 8 17 4 7.33999670357e-49 1 2 
164 32 2.0 15 3 0 0 5 15 4 1.20185864155e-34 1 1 
164 33 0.0 7 23 9 0 33 38 3 9.10772786878e-41 4 5 
164 33 0.0 14 9 4 0 19 22 4 9.2678615227e-78 4 1 
164 33 0.0 2 12 0 0 9 10 1 0.167917882363 0 3 
164 33 0.0 8 6 0 0 19 12 3 3.39231051244e-41 2 1 
164 33 0.0 16 11 8 0 16 33 4 1.46201163719e-77 7 0 
164 33 0.0 4 20 3 0 29 24 2 0.145074281758 2 5 
164 33 0.0 9 12 6 0 31 30 3 2.96001534253e-45 2 5 
164 33 0.0 11 7 4 0 23 15 3 9.01919843584e-54 3 1 
164 33 0.0 1 8 0 0 4 8 1 0.213733012941 0 2 
164 33 0.0 3 11 3 0 13 18 2 0.145074341504 2 3 
164 33 0.0 10 9 3 0 14 8 3 2.25286216573e-39 2 2 
164 33 0.0 13 9 5 0 21 20 3 2.96303848467e-55 4 1 
164 33 0.0 6 8 2 0 15 8 3 2.70987157403e-41 2 1 
164 33 0.0 5 15 1 0 20 19 2 0.00744087763908 1 4 
164 33 0.0 12 2 3 0 8 17 4 1.70997223257e-78 1 2 
164 33 0.0 15 3 0 0 5 15 4 6.74824693762e-78 1 1 
164 33 2.0 7 23 9 0 33 38 3 4.5279977193e-07 4 5 
164 33 2.0 14 9 4 0 19 22 4 1.61817329182e-46 4 1 
164 33 2.0 2 12 0 0 9 10 1 0.119120430903 0 3 
164 33 2.0 8 6 0 0 19 12 3 0.00552835052142 2 1 
164 33 2.0 16 11 8 0 16 33 4 4.18174149256e-45 7 0 
164 33 2.0 4 20 3 0 29 24 2 0.171500512434 2 5 
164 33 2.0 9 12 6 0 31 30 3 1.2913537679e-07 2 5 
164 33 2.0 11 7 4 0 23 15 3 2.01412917156e-20 3 1 
164 33 2.0 1 8 0 0 4 8 1 0.157814313394 0 2 
164 33 2.0 3 11 3 0 13 18 2 0.179729177514 2 3 
164 33 2.0 10 9 3 0 14 8 3 0.018769222507 2 2 
164 33 2.0 13 9 5 0 21 20 3 3.12635612391e-23 4 1 
164 33 2.0 6 8 2 0 15 8 3 0.0146755396825 2 1 
164 33 2.0 5 15 1 0 20 19 2 0.00690183915545 1 4 
164 33 2.0 12 2 3 0 8 17 4 1.01233316723e-48 1 2 
164 33 2.0 15 3 0 0 5 15 4 1.46494253406e-36 1 1 
164 34 0.0 7 23 9 0 33 38 3 1.06219512796e-39 4 5 
164 34 0.0 14 9 4 0 19 22 4 6.09126728265e-78 4 1 
164 34 0.0 2 12 0 0 9 10 1 0.167768188669 0 3 
164 34 0.0 8 6 0 0 19 12 3 6.9575858736e-41 2 1 
164 34 0.0 16 11 8 0 16 33 4 3.35338630865e-77 7 0 
164 34 0.0 4 20 3 0 29 24 2 0.14485773202 2 5 
164 34 0.0 9 12 6 0 31 30 3 6.64089402361e-44 2 5 
164 34 0.0 11 7 4 0 23 15 3 3.88510230571e-54 3 1 
164 34 0.0 1 8 0 0 4 8 1 0.213579218579 0 2 
164 34 0.0 3 11 3 0 13 18 2 0.144857777666 2 3 
164 34 0.0 10 9 3 0 14 8 3 1.57155580104e-37 2 2 
164 34 0.0 13 9 5 0 21 20 3 3.40236101267e-55 4 1 
164 34 0.0 6 8 2 0 15 8 3 8.95753999501e-41 2 1 
164 34 0.0 5 15 1 0 20 19 2 0.00743014823376 1 4 
164 34 0.0 12 2 3 0 8 17 4 8.86473211142e-79 1 2 
164 34 0.0 15 3 0 0 5 15 4 3.30096576421e-78 1 1 
164 34 2.0 7 23 9 0 33 38 3 2.35237340854e-09 4 5 
164 34 2.0 14 9 4 0 19 22 4 1.73382592176e-45 4 1 
164 34 2.0 2 12 0 0 9 10 1 0.125850093874 0 3 
164 34 2.0 8 6 0 0 19 12 3 0.0158935871274 2 1 
164 34 2.0 16 11 8 0 16 33 4 2.38952189882e-45 7 0 
164 34 2.0 4 20 3 0 29 24 2 0.169968505579 2 5 
164 34 2.0 9 12 6 0 31 30 3 3.74234163911e-06 2 5 
164 34 2.0 11 7 4 0 23 15 3 5.47377426018e-21 3 1 
164 34 2.0 1 8 0 0 4 8 1 0.166579497065 0 2 
164 34 2.0 3 11 3 0 13 18 2 0.179988067808 2 3 
164 34 2.0 10 9 3 0 14 8 3 0.0318565415268 2 2 
164 34 2.0 13 9 5 0 21 20 3 1.13422465799e-21 4 1 
164 34 2.0 6 8 2 0 15 8 3 0.0174536033498 2 1 
164 34 2.0 5 15 1 0 20 19 2 0.00733315731515 1 4 
164 34 2.0 12 2 3 0 8 17 4 4.53993459511e-48 1 2 
164 34 2.0 15 3 0 0 5 15 4 8.38674637725e-29 1 1 
164 35 0.0 7 23 9 0 33 38 3 9.9950413705e-40 4 5 
164 35 0.0 14 9 4 0 19 22 4 3.40942587697e-78 4 1 
164 35 0.0 2 12 0 0 9 10 1 0.167742587232 0 3 
164 35 0.0 8 6 0 0 19 12 3 8.33463320299e-42 2 1 
164 35 0.0 16 11 8 0 16 33 4 4.79450349884e-77 7 0 
164 35 0.0 4 20 3 0 29 24 2 0.14488849669 2 5 
164 35 0.0 9 12 6 0 31 30 3 4.25739307153e-44 2 5 
164 35 0.0 11 7 4 0 23 15 3 1.92697540475e-54 3 1 
164 35 0.0 1 8 0 0 4 8 1 0.213545710221 0 2 
164 35 0.0 3 11 3 0 13 18 2 0.144888553522 2 3 
164 35 0.0 10 9 3 0 14 8 3 1.59694540409e-37 2 2 
164 35 0.0 13 9 5 0 21 20 3 3.53438523138e-55 4 1 
164 35 0.0 6 8 2 0 15 8 3 3.70284257017e-41 2 1 
164 35 0.0 5 15 1 0 20 19 2 0.00743197223664 1 4 
164 35 0.0 12 2 3 0 8 17 4 2.24224262332e-79 1 2 
164 35 0.0 15 3 0 0 5 15 4 1.89967880568e-78 1 1 
164 35 2.0 7 23 9 0 33 38 3 1.10590642346e-06 4 5 
164 35 2.0 14 9 4 0 19 22 4 3.48015334898e-46 4 1 
164 35 2.0 2 12 0 0 9 10 1 0.121509536875 0 3 
164 35 2.0 8 6 0 0 19 12 3 0.00795397142825 2 1 
164 35 2.0 16 11 8 0 16 33 4 3.10221343143e-45 7 0 
164 35 2.0 4 20 3 0 29 24 2 0.17136122924 2 5 
164 35 2.0 9 12 6 0 31 30 3 1.64174539052e-06 2 5 
164 35 2.0 11 7 4 0 23 15 3 3.81938553422e-20 3 1 
164 35 2.0 1 8 0 0 4 8 1 0.160907062358 0 2 
164 35 2.0 3 11 3 0 13 18 2 0.180170688907 2 3 
164 35 2.0 10 9 3 0 14 8 3 0.0235204362885 2 2 
164 35 2.0 13 9 5 0 21 20 3 4.67636723694e-23 4 1 
164 35 2.0 6 8 2 0 15 8 3 0.0170626424101 2 1 
164 35 2.0 5 15 1 0 20 19 2 0.00707428319083 1 4 
164 35 2.0 12 2 3 0 8 17 4 7.86494266825e-49 1 2 
164 35 2.0 15 3 0 0 5 15 4 3.66967866523e-34 1 1 
164 36 0.0 7 23 9 0 33 38 3 1.53744620279e-39 4 5 
164 36 0.0 14 9 4 0 19 22 4 1.2549558706e-78 4 1 
164 36 0.0 2 12 0 0 9 10 1 0.167882480568 0 3 
164 36 0.0 8 6 0 0 19 12 3 1.90591321913e-41 2 1 
164 36 0.0 16 11 8 0 16 33 4 3.455783058e-77 7 0 
164 36 0.0 4 20 3 0 29 24 2 0.144890482267 2 5 
164 36 0.0 9 12 6 0 31 30 3 3.35551333887e-44 2 5 
164 36 0.0 11 7 4 0 23 15 3 7.21893525587e-54 3 1 
164 36 0.0 1 8 0 0 4 8 1 0.213710732372 0 2 
164 36 0.0 3 11 3 0 13 18 2 0.144890532716 2 3 
164 36 0.0 10 9 3 0 14 8 3 3.44474119612e-37 2 2 
164 36 0.0 13 9 5 0 21 20 3 3.51680569349e-55 4 1 
164 36 0.0 6 8 2 0 15 8 3 1.92249326069e-41 2 1 
164 36 0.0 5 15 1 0 20 19 2 0.00743118533641 1 4 
164 36 0.0 12 2 3 0 8 17 4 1.31231796971e-78 1 2 
164 36 0.0 15 3 0 0 5 15 4 2.86487481433e-78 1 1 
164 36 2.0 7 23 9 0 33 38 3 1.5428024514e-07 4 5 
164 36 2.0 14 9 4 0 19 22 4 3.67651068816e-46 4 1 
164 36 2.0 2 12 0 0 9 10 1 0.122038471665 0 3 
164 36 2.0 8 6 0 0 19 12 3 0.0110509961355 2 1 
164 36 2.0 16 11 8 0 16 33 4 3.26862625995e-45 7 0 
164 36 2.0 4 20 3 0 29 24 2 0.171458205571 2 5 
164 36 2.0 9 12 6 0 31 30 3 4.56447179951e-07 2 5 
164 36 2.0 11 7 4 0 23 15 3 4.85716442727e-21 3 1 
164 36 2.0 1 8 0 0 4 8 1 0.161522228042 0 2 
164 36 2.0 3 11 3 0 13 18 2 0.180541999806 2 3 
164 36 2.0 10 9 3 0 14 8 3 0.0239915241275 2 2 
164 36 2.0 13 9 5 0 21 20 3 9.57579618792e-23 4 1 
164 36 2.0 6 8 2 0 15 8 3 0.0144465886547 2 1 
164 36 2.0 5 15 1 0 20 19 2 0.00709492023691 1 4 
164 36 2.0 12 2 3 0 8 17 4 2.89040559404e-48 1 2 
164 36 2.0 15 3 0 0 5 15 4 1.47645870403e-34 1 1 
164 37 0.0 7 23 9 0 33 38 3 2.00857770154e-40 4 5 
164 37 0.0 14 9 4 0 19 22 4 4.87677057961e-78 4 1 
164 37 0.0 2 12 0 0 9 10 1 0.167817012182 0 3 
164 37 0.0 8 6 0 0 19 12 3 3.10870956106e-42 2 1 
164 37 0.0 16 11 8 0 16 33 4 3.66561998553e-77 7 0 
164 37 0.0 4 20 3 0 29 24 2 0.145015362835 2 5 
164 37 0.0 9 12 6 0 31 30 3 1.558147905e-44 2 5 
164 37 0.0 11 7 4 0 23 15 3 7.35379140343e-55 3 1 
164 37 0.0 1 8 0 0 4 8 1 0.213620146381 0 2 
164 37 0.0 3 11 3 0 13 18 2 0.145015425744 2 3 
164 37 0.0 10 9 3 0 14 8 3 3.66451837591e-37 2 2 
164 37 0.0 13 9 5 0 21 20 3 4.90481648564e-55 4 1 
164 37 0.0 6 8 2 0 15 8 3 9.12455518782e-42 2 1 
164 37 0.0 5 15 1 0 20 19 2 0.0074383432564 1 4 
164 37 0.0 12 2 3 0 8 17 4 2.19609845803e-79 1 2 
164 37 0.0 15 3 0 0 5 15 4 2.24473675152e-78 1 1 
164 37 2.0 7 23 9 0 33 38 3 8.10975349358e-06 4 5 
164 37 2.0 14 9 4 0 19 22 4 2.15337387696e-46 4 1 
164 37 2.0 2 12 0 0 9 10 1 0.115922434674 0 3 
164 37 2.0 8 6 0 0 19 12 3 0.00429890593405 2 1 
164 37 2.0 16 11 8 0 16 33 4 2.12647718117e-45 7 0 
164 37 2.0 4 20 3 0 29 24 2 0.171319704447 2 5 
164 37 2.0 9 12 6 0 31 30 3 7.94629779458e-07 2 5 
164 37 2.0 11 7 4 0 23 15 3 6.88733717108e-20 3 1 
164 37 2.0 1 8 0 0 4 8 1 0.153712226651 0 2 
164 37 2.0 3 11 3 0 13 18 2 0.179090924179 2 3 
164 37 2.0 10 9 3 0 14 8 3 0.013997415473 2 2 
164 37 2.0 13 9 5 0 21 20 3 4.26399965176e-24 4 1 
164 37 2.0 6 8 2 0 15 8 3 0.0110777593828 2 1 
164 37 2.0 5 15 1 0 20 19 2 0.00672494035385 1 4 
164 37 2.0 12 2 3 0 8 17 4 7.27480199912e-49 1 2 
164 37 2.0 15 3 0 0 5 15 4 1.85082939627e-40 1 1 
164 38 0.0 7 23 9 0 33 38 3 1.05778898137e-39 4 5 
164 38 0.0 14 9 4 0 19 22 4 4.59999769344e-78 4 1 
164 38 0.0 2 12 0 0 9 10 1 0.167900201291 0 3 
164 38 0.0 8 6 0 0 19 12 3 2.99257502089e-44 2 1 
164 38 0.0 16 11 8 0 16 33 4 4.2576095442e-77 7 0 
164 38 0.0 4 20 3 0 29 24 2 0.144925505533 2 5 
164 38 0.0 9 12 6 0 31 30 3 3.82207249942e-47 2 5 
164 38 0.0 11 7 4 0 23 15 3 7.25134132959e-56 3 1 
164 38 0.0 1 8 0 0 4 8 1 0.21372793234 0 2 
164 38 0.0 3 11 3 0 13 18 2 0.14492565691 2 3 
164 38 0.0 10 9 3 0 14 8 3 3.89898327946e-35 2 2 
164 38 0.0 13 9 5 0 21 20 3 6.22992038505e-54 4 1 
164 38 0.0 6 8 2 0 15 8 3 1.73308111463e-43 2 1 
164 38 0.0 5 15 1 0 20 19 2 0.00743296428615 1 4 
164 38 0.0 12 2 3 0 8 17 4 3.39905155452e-79 1 2 
164 38 0.0 15 3 0 0 5 15 4 3.59350442559e-78 1 1 
164 38 2.0 7 23 9 0 33 38 3 2.17867414949e-07 4 5 
164 38 2.0 14 9 4 0 19 22 4 2.09364200834e-46 4 1 
164 38 2.0 2 12 0 0 9 10 1 0.121829352809 0 3 
164 38 2.0 8 6 0 0 19 12 3 0.0105037345166 2 1 
164 38 2.0 16 11 8 0 16 33 4 2.79935393413e-45 7 0 
164 38 2.0 4 20 3 0 29 24 2 0.171229768383 2 5 
164 38 2.0 9 12 6 0 31 30 3 2.08836419395e-07 2 5 
164 38 2.0 11 7 4 0 23 15 3 7.40317067439e-20 3 1 
164 38 2.0 1 8 0 0 4 8 1 0.161279268234 0 2 
164 38 2.0 3 11 3 0 13 18 2 0.180301117501 2 3 
164 38 2.0 10 9 3 0 14 8 3 0.0239930208367 2 2 
164 38 2.0 13 9 5 0 21 20 3 6.43670289492e-23 4 1 
164 38 2.0 6 8 2 0 15 8 3 0.0149991510829 2 1 
164 38 2.0 5 15 1 0 20 19 2 0.00708576715018 1 4 
164 38 2.0 12 2 3 0 8 17 4 4.4030020415e-48 1 2 
164 38 2.0 15 3 0 0 5 15 4 4.18723457445e-34 1 1 
164 39 0.0 7 23 9 0 33 38 3 5.07446120954e-40 4 5 
164 39 0.0 14 9 4 0 19 22 4 4.3386080355e-78 4 1 
164 39 0.0 2 12 0 0 9 10 1 0.167691485974 0 3 
164 39 0.0 8 6 0 0 19 12 3 6.18776877563e-41 2 1 
164 39 0.0 16 11 8 0 16 33 4 1.17025047653e-77 7 0 
164 39 0.0 4 20 3 0 29 24 2 0.144993562043 2 5 
164 39 0.0 9 12 6 0 31 30 3 3.58875837367e-43 2 5 
164 39 0.0 11 7 4 0 23 15 3 1.360022871e-53 3 1 
164 39 0.0 1 8 0 0 4 8 1 0.213474198867 0 2 
164 39 0.0 3 11 3 0 13 18 2 0.144993605743 2 3 
164 39 0.0 10 9 3 0 14 8 3 2.4958894518e-38 2 2 
164 39 0.0 13 9 5 0 21 20 3 2.47494880986e-55 4 1 
164 39 0.0 6 8 2 0 15 8 3 9.06698707243e-42 2 1 
164 39 0.0 5 15 1 0 20 19 2 0.0074379687503 1 4 
164 39 0.0 12 2 3 0 8 17 4 1.74159983247e-78 1 2 
164 39 0.0 15 3 0 0 5 15 4 4.92321133147e-78 1 1 
164 39 2.0 7 23 9 0 33 38 3 1.4656237742e-09 4 5 
164 39 2.0 14 9 4 0 19 22 4 5.61069294328e-46 4 1 
164 39 2.0 2 12 0 0 9 10 1 0.123694611933 0 3 
164 39 2.0 8 6 0 0 19 12 3 0.0107278461754 2 1 
164 39 2.0 16 11 8 0 16 33 4 2.36127478059e-45 7 0 
164 39 2.0 4 20 3 0 29 24 2 0.17116425445 2 5 
164 39 2.0 9 12 6 0 31 30 3 2.76040660141e-06 2 5 
164 39 2.0 11 7 4 0 23 15 3 7.32632044055e-20 3 1 
164 39 2.0 1 8 0 0 4 8 1 0.163757453787 0 2 
164 39 2.0 3 11 3 0 13 18 2 0.18055334546 2 3 
164 39 2.0 10 9 3 0 14 8 3 0.028333784444 2 2 
164 39 2.0 13 9 5 0 21 20 3 2.42813319374e-22 4 1 
164 39 2.0 6 8 2 0 15 8 3 0.0191080351165 2 1 
164 39 2.0 5 15 1 0 20 19 2 0.00725062054255 1 4 
164 39 2.0 12 2 3 0 8 17 4 9.89141289386e-49 1 2 
164 39 2.0 15 3 0 0 5 15 4 1.79082805365e-31 1 1 
164 40 0.0 7 23 9 0 33 38 3 4.03190177165e-40 4 5 
164 40 0.0 14 9 4 0 19 22 4 3.8082258178e-78 4 1 
164 40 0.0 2 12 0 0 9 10 1 0.167753331258 0 3 
164 40 0.0 8 6 0 0 19 12 3 1.6693992963e-41 2 1 
164 40 0.0 16 11 8 0 16 33 4 3.61393455277e-77 7 0 
164 40 0.0 4 20 3 0 29 24 2 0.144841785174 2 5 
164 40 0.0 9 12 6 0 31 30 3 9.53156844572e-45 2 5 
164 40 0.0 11 7 4 0 23 15 3 6.2931140047e-54 3 1 
164 40 0.0 1 8 0 0 4 8 1 0.213563362743 0 2 
164 40 0.0 3 11 3 0 13 18 2 0.144841838067 2 3 
164 40 0.0 10 9 3 0 14 8 3 8.37361069326e-38 2 2 
164 40 0.0 13 9 5 0 21 20 3 3.93213744352e-55 4 1 
164 40 0.0 6 8 2 0 15 8 3 4.46389417113e-41 2 1 
164 40 0.0 5 15 1 0 20 19 2 0.00742938273138 1 4 
164 40 0.0 12 2 3 0 8 17 4 5.0454126808e-79 1 2 
164 40 0.0 15 3 0 0 5 15 4 2.32306247994e-78 1 1 
164 40 2.0 7 23 9 0 33 38 3 5.24791147017e-11 4 5 
164 40 2.0 14 9 4 0 19 22 4 7.04747125744e-45 4 1 
164 40 2.0 2 12 0 0 9 10 1 0.126733652517 0 3 
164 40 2.0 8 6 0 0 19 12 3 0.0173363803339 2 1 
164 40 2.0 16 11 8 0 16 33 4 2.97787816743e-45 7 0 
164 40 2.0 4 20 3 0 29 24 2 0.170451789196 2 5 
164 40 2.0 9 12 6 0 31 30 3 2.14095316305e-07 2 5 
164 40 2.0 11 7 4 0 23 15 3 3.53470634832e-20 3 1 
164 40 2.0 1 8 0 0 4 8 1 0.167693656614 0 2 
164 40 2.0 3 11 3 0 13 18 2 0.18061628954 2 3 
164 40 2.0 10 9 3 0 14 8 3 0.0330110049334 2 2 
164 40 2.0 13 9 5 0 21 20 3 9.92333775809e-22 4 1 
164 40 2.0 6 8 2 0 15 8 3 0.0171555598874 2 1 
164 40 2.0 5 15 1 0 20 19 2 0.00739988582545 1 4 
164 40 2.0 12 2 3 0 8 17 4 2.85920528216e-49 1 2 
164 40 2.0 15 3 0 0 5 15 4 8.70492220459e-28 1 1 
