168 1 0.0 4 5 4 0 21 19 2 0.0671227338295 1 5 
168 1 0.0 7 3 1 0 15 12 3 5.18304366039e-41 2 1 
168 1 0.0 6 3 1 0 15 12 3 5.17412969071e-41 2 1 
168 1 0.0 10 5 4 0 10 17 3 3.58398009038e-70 5 0 
168 1 0.0 1 8 0 0 4 4 1 0.22452815872 0 2 
168 1 0.0 8 1 1 0 9 9 3 1.68374868614e-47 1 1 
168 1 0.0 3 2 0 0 3 7 2 0.149599369866 1 1 
168 1 0.0 2 1 0 0 1 2 1 0.191750671871 0 1 
168 1 0.0 9 5 1 0 17 17 3 2.14735955954e-28 3 1 
168 1 0.0 5 6 0 0 13 15 2 0.0671841443729 1 3 
168 1 2.0 4 5 4 0 21 19 2 0.0849856570816 1 5 
168 1 2.0 7 3 1 0 15 12 3 0.000378379953813 2 1 
168 1 2.0 6 3 1 0 15 12 3 0.00117560364799 2 1 
168 1 2.0 10 5 4 0 10 17 3 1.59966696764e-12 5 0 
168 1 2.0 1 8 0 0 4 4 1 0.22992197994 0 2 
168 1 2.0 8 1 1 0 9 9 3 2.7032783683e-14 1 1 
168 1 2.0 3 2 0 0 3 7 2 0.180137043822 1 1 
168 1 2.0 2 1 0 0 1 2 1 0.249533903669 0 1 
168 1 2.0 9 5 1 0 17 17 3 0.344350111081 3 1 
168 1 2.0 5 6 0 0 13 15 2 0.0849873487357 1 3 
168 2 0.0 4 5 4 0 21 19 2 0.0727865137749 1 5 
168 2 0.0 7 3 1 0 15 12 3 1.4808435248e-40 2 1 
168 2 0.0 6 3 1 0 15 12 3 1.82262630487e-40 2 1 
168 2 0.0 10 5 4 0 10 17 3 6.15620977344e-71 5 0 
168 2 0.0 1 8 0 0 4 4 1 0.213013715959 0 2 
168 2 0.0 8 1 1 0 9 9 3 5.36027629646e-51 1 1 
168 2 0.0 3 2 0 0 3 7 2 0.149737439315 1 1 
168 2 0.0 2 1 0 0 1 2 1 0.191715366501 0 1 
168 2 0.0 9 5 1 0 17 17 3 2.24319307648e-28 3 1 
168 2 0.0 5 6 0 0 13 15 2 0.0729268105641 1 3 
168 2 2.0 4 5 4 0 21 19 2 0.0852295754366 1 5 
168 2 2.0 7 3 1 0 15 12 3 0.000313773426167 2 1 
168 2 2.0 6 3 1 0 15 12 3 0.00088722115175 2 1 
168 2 2.0 10 5 4 0 10 17 3 2.6267020139e-11 5 0 
168 2 2.0 1 8 0 0 4 4 1 0.229382532354 0 2 
168 2 2.0 8 1 1 0 9 9 3 1.78011521655e-10 1 1 
168 2 2.0 3 2 0 0 3 7 2 0.180433097047 1 1 
168 2 2.0 2 1 0 0 1 2 1 0.249223481794 0 1 
168 2 2.0 9 5 1 0 17 17 3 0.344705262278 3 1 
168 2 2.0 5 6 0 0 13 15 2 0.0852303021879 1 3 
168 3 0.0 4 5 4 0 21 19 2 0.0656332293027 1 5 
168 3 0.0 7 3 1 0 15 12 3 3.75146840543e-40 2 1 
168 3 0.0 6 3 1 0 15 12 3 6.15801945876e-40 2 1 
168 3 0.0 10 5 4 0 10 17 3 2.3870290326e-71 5 0 
168 3 0.0 1 8 0 0 4 4 1 0.206339714924 0 2 
168 3 0.0 8 1 1 0 9 9 3 5.66245848216e-51 1 1 
168 3 0.0 3 2 0 0 3 7 2 0.14932627618 1 1 
168 3 0.0 2 1 0 0 1 2 1 0.191711194949 0 1 
168 3 0.0 9 5 1 0 17 17 3 1.31713124469e-28 3 1 
168 3 0.0 5 6 0 0 13 15 2 0.0657717927975 1 3 
168 3 2.0 4 5 4 0 21 19 2 0.0847304753626 1 5 
168 3 2.0 7 3 1 0 15 12 3 0.000756314204598 2 1 
168 3 2.0 6 3 1 0 15 12 3 0.000523492465772 2 1 
168 3 2.0 10 5 4 0 10 17 3 2.88609542322e-12 5 0 
168 3 2.0 1 8 0 0 4 4 1 0.230711355992 0 2 
168 3 2.0 8 1 1 0 9 9 3 1.22314374252e-13 1 1 
168 3 2.0 3 2 0 0 3 7 2 0.179975841545 1 1 
168 3 2.0 2 1 0 0 1 2 1 0.250345167046 0 1 
168 3 2.0 9 5 1 0 17 17 3 0.343312222802 3 1 
168 3 2.0 5 6 0 0 13 15 2 0.0847317986295 1 3 
168 4 0.0 4 5 4 0 21 19 2 0.0724653928832 1 5 
168 4 0.0 7 3 1 0 15 12 3 1.12444577977e-40 2 1 
168 4 0.0 6 3 1 0 15 12 3 3.86082716577e-40 2 1 
168 4 0.0 10 5 4 0 10 17 3 5.99484568384e-72 5 0 
168 4 0.0 1 8 0 0 4 4 1 0.196386419908 0 2 
168 4 0.0 8 1 1 0 9 9 3 6.56381308597e-55 1 1 
168 4 0.0 3 2 0 0 3 7 2 0.149694744911 1 1 
168 4 0.0 2 1 0 0 1 2 1 0.191460680512 0 1 
168 4 0.0 9 5 1 0 17 17 3 2.35609228176e-28 3 1 
168 4 0.0 5 6 0 0 13 15 2 0.0728207525238 1 3 
168 4 2.0 4 5 4 0 21 19 2 0.0846221702138 1 5 
168 4 2.0 7 3 1 0 15 12 3 0.0010701622054 2 1 
168 4 2.0 6 3 1 0 15 12 3 0.00105738378705 2 1 
168 4 2.0 10 5 4 0 10 17 3 4.34950972912e-12 5 0 
168 4 2.0 1 8 0 0 4 4 1 0.232698811098 0 2 
168 4 2.0 8 1 1 0 9 9 3 9.15785893334e-15 1 1 
168 4 2.0 3 2 0 0 3 7 2 0.180092068384 1 1 
168 4 2.0 2 1 0 0 1 2 1 0.251296367705 0 1 
168 4 2.0 9 5 1 0 17 17 3 0.342126134332 3 1 
168 4 2.0 5 6 0 0 13 15 2 0.0846240041467 1 3 
168 5 0.0 4 5 4 0 21 19 2 0.0733139759716 1 5 
168 5 0.0 7 3 1 0 15 12 3 4.95957320195e-41 2 1 
168 5 0.0 6 3 1 0 15 12 3 2.6381008501e-40 2 1 
168 5 0.0 10 5 4 0 10 17 3 3.34948811474e-71 5 0 
168 5 0.0 1 8 0 0 4 4 1 0.204056326832 0 2 
168 5 0.0 8 1 1 0 9 9 3 1.79038316467e-51 1 1 
168 5 0.0 3 2 0 0 3 7 2 0.149760758865 1 1 
168 5 0.0 2 1 0 0 1 2 1 0.191732740044 0 1 
168 5 0.0 9 5 1 0 17 17 3 2.31533629013e-28 3 1 
168 5 0.0 5 6 0 0 13 15 2 0.0734831834729 1 3 
168 5 2.0 4 5 4 0 21 19 2 0.0862407417633 1 5 
168 5 2.0 7 3 1 0 15 12 3 0.00139464888061 2 1 
168 5 2.0 6 3 1 0 15 12 3 0.00117922735493 2 1 
168 5 2.0 10 5 4 0 10 17 3 3.95890120662e-12 5 0 
168 5 2.0 1 8 0 0 4 4 1 0.23291571801 0 2 
168 5 2.0 8 1 1 0 9 9 3 1.60709428718e-14 1 1 
168 5 2.0 3 2 0 0 3 7 2 0.182369770481 1 1 
168 5 2.0 2 1 0 0 1 2 1 0.250406612095 0 1 
168 5 2.0 9 5 1 0 17 17 3 0.343131968994 3 1 
168 5 2.0 5 6 0 0 13 15 2 0.0862423579197 1 3 
168 6 0.0 4 5 4 0 21 19 2 0.0713737518942 1 5 
168 6 0.0 7 3 1 0 15 12 3 7.25042226663e-41 2 1 
168 6 0.0 6 3 1 0 15 12 3 5.03116913533e-41 2 1 
168 6 0.0 10 5 4 0 10 17 3 6.47401596672e-72 5 0 
168 6 0.0 1 8 0 0 4 4 1 0.156160198922 0 2 
168 6 0.0 8 1 1 0 9 9 3 4.05082800969e-55 1 1 
168 6 0.0 3 2 0 0 3 7 2 0.149620634135 1 1 
168 6 0.0 2 1 0 0 1 2 1 0.191569548576 0 1 
168 6 0.0 9 5 1 0 17 17 3 1.27949111842e-28 3 1 
168 6 0.0 5 6 0 0 13 15 2 0.0717417009532 1 3 
168 6 2.0 4 5 4 0 21 19 2 0.0859390291832 1 5 
168 6 2.0 7 3 1 0 15 12 3 0.00113133184607 2 1 
168 6 2.0 6 3 1 0 15 12 3 0.00117438307193 2 1 
168 6 2.0 10 5 4 0 10 17 3 2.21199411736e-13 5 0 
168 6 2.0 1 8 0 0 4 4 1 0.23223736707 0 2 
168 6 2.0 8 1 1 0 9 9 3 7.64349097405e-19 1 1 
168 6 2.0 3 2 0 0 3 7 2 0.181857997457 1 1 
168 6 2.0 2 1 0 0 1 2 1 0.250237313104 0 1 
168 6 2.0 9 5 1 0 17 17 3 0.343381854581 3 1 
168 6 2.0 5 6 0 0 13 15 2 0.0859453253643 1 3 
168 7 0.0 4 5 4 0 21 19 2 0.0610378662754 1 5 
168 7 0.0 7 3 1 0 15 12 3 1.97318208258e-41 2 1 
168 7 0.0 6 3 1 0 15 12 3 8.24182263472e-41 2 1 
168 7 0.0 10 5 4 0 10 17 3 2.14603964476e-71 5 0 
168 7 0.0 1 8 0 0 4 4 1 0.163330690505 0 2 
168 7 0.0 8 1 1 0 9 9 3 2.4426901217e-52 1 1 
168 7 0.0 3 2 0 0 3 7 2 0.14979614872 1 1 
168 7 0.0 2 1 0 0 1 2 1 0.191487954925 0 1 
168 7 0.0 9 5 1 0 17 17 3 6.09119080902e-29 3 1 
168 7 0.0 5 6 0 0 13 15 2 0.0612058516207 1 3 
168 7 2.0 4 5 4 0 21 19 2 0.0849467553589 1 5 
168 7 2.0 7 3 1 0 15 12 3 0.00160343631854 2 1 
168 7 2.0 6 3 1 0 15 12 3 0.00136238911014 2 1 
168 7 2.0 10 5 4 0 10 17 3 6.06261228204e-14 5 0 
168 7 2.0 1 8 0 0 4 4 1 0.230930833016 0 2 
168 7 2.0 8 1 1 0 9 9 3 9.33163269382e-20 1 1 
168 7 2.0 3 2 0 0 3 7 2 0.1800672874 1 1 
168 7 2.0 2 1 0 0 1 2 1 0.249508832836 0 1 
168 7 2.0 9 5 1 0 17 17 3 0.344462714056 3 1 
168 7 2.0 5 6 0 0 13 15 2 0.0849528315526 1 3 
168 8 0.0 4 5 4 0 21 19 2 0.0627978070447 1 5 
168 8 0.0 7 3 1 0 15 12 3 2.63515596703e-40 2 1 
168 8 0.0 6 3 1 0 15 12 3 3.90293517601e-40 2 1 
168 8 0.0 10 5 4 0 10 17 3 2.15541238782e-71 5 0 
168 8 0.0 1 8 0 0 4 4 1 0.199868778355 0 2 
168 8 0.0 8 1 1 0 9 9 3 3.35133830135e-51 1 1 
168 8 0.0 3 2 0 0 3 7 2 0.149638317176 1 1 
168 8 0.0 2 1 0 0 1 2 1 0.191560098678 0 1 
168 8 0.0 9 5 1 0 17 17 3 3.68991365252e-28 3 1 
168 8 0.0 5 6 0 0 13 15 2 0.0629522253418 1 3 
168 8 2.0 4 5 4 0 21 19 2 0.0859210904819 1 5 
168 8 2.0 7 3 1 0 15 12 3 0.000206690592146 2 1 
168 8 2.0 6 3 1 0 15 12 3 0.000151010675041 2 1 
168 8 2.0 10 5 4 0 10 17 3 4.23813540293e-13 5 0 
168 8 2.0 1 8 0 0 4 4 1 0.23223395072 0 2 
168 8 2.0 8 1 1 0 9 9 3 4.46629223352e-12 1 1 
168 8 2.0 3 2 0 0 3 7 2 0.182175612551 1 1 
168 8 2.0 2 1 0 0 1 2 1 0.251298249806 0 1 
168 8 2.0 9 5 1 0 17 17 3 0.341914916549 3 1 
168 8 2.0 5 6 0 0 13 15 2 0.0859220877802 1 3 
168 9 0.0 4 5 4 0 21 19 2 0.0534597059407 1 5 
168 9 0.0 7 3 1 0 15 12 3 5.58110288101e-42 2 1 
168 9 0.0 6 3 1 0 15 12 3 3.82834898605e-41 2 1 
168 9 0.0 10 5 4 0 10 17 3 1.08193934083e-69 5 0 
168 9 0.0 1 8 0 0 4 4 1 0.162765792886 0 2 
168 9 0.0 8 1 1 0 9 9 3 2.2221455997e-45 1 1 
168 9 0.0 3 2 0 0 3 7 2 0.149743360048 1 1 
168 9 0.0 2 1 0 0 1 2 1 0.191582383561 0 1 
168 9 0.0 9 5 1 0 17 17 3 1.2299610997e-28 3 1 
168 9 0.0 5 6 0 0 13 15 2 0.0534859845139 1 3 
168 9 2.0 4 5 4 0 21 19 2 0.085083503526 1 5 
168 9 2.0 7 3 1 0 15 12 3 0.000788392249727 2 1 
168 9 2.0 6 3 1 0 15 12 3 0.000858866193623 2 1 
168 9 2.0 10 5 4 0 10 17 3 2.73347798285e-12 5 0 
168 9 2.0 1 8 0 0 4 4 1 0.230771166191 0 2 
168 9 2.0 8 1 1 0 9 9 3 3.85258026777e-16 1 1 
168 9 2.0 3 2 0 0 3 7 2 0.180435082506 1 1 
168 9 2.0 2 1 0 0 1 2 1 0.250018357916 0 1 
168 9 2.0 9 5 1 0 17 17 3 0.343727201139 3 1 
168 9 2.0 5 6 0 0 13 15 2 0.0850860539445 1 3 
168 10 0.0 4 5 4 0 21 19 2 0.0662408563066 1 5 
168 10 0.0 7 3 1 0 15 12 3 3.24062511414e-40 2 1 
168 10 0.0 6 3 1 0 15 12 3 8.73319929257e-41 2 1 
168 10 0.0 10 5 4 0 10 17 3 1.95725521659e-71 5 0 
168 10 0.0 1 8 0 0 4 4 1 0.202212981723 0 2 
168 10 0.0 8 1 1 0 9 9 3 1.56717876548e-52 1 1 
168 10 0.0 3 2 0 0 3 7 2 0.149764565151 1 1 
168 10 0.0 2 1 0 0 1 2 1 0.1916769292 0 1 
168 10 0.0 9 5 1 0 17 17 3 1.3379534957e-28 3 1 
168 10 0.0 5 6 0 0 13 15 2 0.0664336536076 1 3 
168 10 2.0 4 5 4 0 21 19 2 0.0853555883626 1 5 
168 10 2.0 7 3 1 0 15 12 3 0.00111594191287 2 1 
168 10 2.0 6 3 1 0 15 12 3 0.000588900104613 2 1 
168 10 2.0 10 5 4 0 10 17 3 1.70211101963e-11 5 0 
168 10 2.0 1 8 0 0 4 4 1 0.231830371207 0 2 
168 10 2.0 8 1 1 0 9 9 3 3.61216439323e-15 1 1 
168 10 2.0 3 2 0 0 3 7 2 0.181034035341 1 1 
168 10 2.0 2 1 0 0 1 2 1 0.250573447634 0 1 
168 10 2.0 9 5 1 0 17 17 3 0.342987633629 3 1 
168 10 2.0 5 6 0 0 13 15 2 0.0853577777986 1 3 
168 11 0.0 4 5 4 0 21 19 2 0.0681646542579 1 5 
168 11 0.0 7 3 1 0 15 12 3 2.45676778744e-40 2 1 
168 11 0.0 6 3 1 0 15 12 3 2.39470936509e-40 2 1 
168 11 0.0 10 5 4 0 10 17 3 3.43908453253e-71 5 0 
168 11 0.0 1 8 0 0 4 4 1 0.207357279333 0 2 
168 11 0.0 8 1 1 0 9 9 3 4.3794827514e-52 1 1 
168 11 0.0 3 2 0 0 3 7 2 0.149656078543 1 1 
168 11 0.0 2 1 0 0 1 2 1 0.191684601995 0 1 
168 11 0.0 9 5 1 0 17 17 3 2.39046138598e-28 3 1 
168 11 0.0 5 6 0 0 13 15 2 0.0683361761113 1 3 
168 11 2.0 4 5 4 0 21 19 2 0.0859421880551 1 5 
168 11 2.0 7 3 1 0 15 12 3 0.00184437804801 2 1 
168 11 2.0 6 3 1 0 15 12 3 0.00150717748194 2 1 
168 11 2.0 10 5 4 0 10 17 3 4.4321679014e-12 5 0 
168 11 2.0 1 8 0 0 4 4 1 0.232689474225 0 2 
168 11 2.0 8 1 1 0 9 9 3 1.22098437773e-17 1 1 
168 11 2.0 3 2 0 0 3 7 2 0.181764822967 1 1 
168 11 2.0 2 1 0 0 1 2 1 0.250002309726 0 1 
168 11 2.0 9 5 1 0 17 17 3 0.343745281749 3 1 
168 11 2.0 5 6 0 0 13 15 2 0.0859455230078 1 3 
168 12 0.0 4 5 4 0 21 19 2 0.0596652310996 1 5 
168 12 0.0 7 3 1 0 15 12 3 1.29024042722e-40 2 1 
168 12 0.0 6 3 1 0 15 12 3 2.10607246666e-41 2 1 
168 12 0.0 10 5 4 0 10 17 3 3.89728468277e-71 5 0 
168 12 0.0 1 8 0 0 4 4 1 0.190355050869 0 2 
168 12 0.0 8 1 1 0 9 9 3 3.87862583176e-51 1 1 
168 12 0.0 3 2 0 0 3 7 2 0.14978138748 1 1 
168 12 0.0 2 1 0 0 1 2 1 0.191640898585 0 1 
168 12 0.0 9 5 1 0 17 17 3 5.35359285156e-29 3 1 
168 12 0.0 5 6 0 0 13 15 2 0.0597928781984 1 3 
168 12 2.0 4 5 4 0 21 19 2 0.0858729649563 1 5 
168 12 2.0 7 3 1 0 15 12 3 0.000786809166403 2 1 
168 12 2.0 6 3 1 0 15 12 3 0.000139108324883 2 1 
168 12 2.0 10 5 4 0 10 17 3 1.6349630087e-13 5 0 
168 12 2.0 1 8 0 0 4 4 1 0.229806854591 0 2 
168 12 2.0 8 1 1 0 9 9 3 8.44378310701e-19 1 1 
168 12 2.0 3 2 0 0 3 7 2 0.181503875475 1 1 
168 12 2.0 2 1 0 0 1 2 1 0.249342590335 0 1 
168 12 2.0 9 5 1 0 17 17 3 0.344478039214 3 1 
168 12 2.0 5 6 0 0 13 15 2 0.085878554856 1 3 
168 13 0.0 4 5 4 0 21 19 2 0.0623505111933 1 5 
168 13 0.0 7 3 1 0 15 12 3 4.37236562222e-41 2 1 
168 13 0.0 6 3 1 0 15 12 3 8.0919519782e-41 2 1 
168 13 0.0 10 5 4 0 10 17 3 3.14311725095e-71 5 0 
168 13 0.0 1 8 0 0 4 4 1 0.150339154161 0 2 
168 13 0.0 8 1 1 0 9 9 3 6.60103547075e-51 1 1 
168 13 0.0 3 2 0 0 3 7 2 0.149737882217 1 1 
168 13 0.0 2 1 0 0 1 2 1 0.191534076596 0 1 
168 13 0.0 9 5 1 0 17 17 3 9.02525864114e-29 3 1 
168 13 0.0 5 6 0 0 13 15 2 0.062477413483 1 3 
168 13 2.0 4 5 4 0 21 19 2 0.0847353991559 1 5 
168 13 2.0 7 3 1 0 15 12 3 0.000448078318526 2 1 
168 13 2.0 6 3 1 0 15 12 3 0.000691305125612 2 1 
168 13 2.0 10 5 4 0 10 17 3 1.44731275542e-12 5 0 
168 13 2.0 1 8 0 0 4 4 1 0.230248686305 0 2 
168 13 2.0 8 1 1 0 9 9 3 8.96296536978e-14 1 1 
168 13 2.0 3 2 0 0 3 7 2 0.179908968052 1 1 
168 13 2.0 2 1 0 0 1 2 1 0.25010241253 0 1 
168 13 2.0 9 5 1 0 17 17 3 0.343618163302 3 1 
168 13 2.0 5 6 0 0 13 15 2 0.0847367446762 1 3 
168 14 0.0 4 5 4 0 21 19 2 0.0611696532914 1 5 
168 14 0.0 7 3 1 0 15 12 3 2.3915131004e-40 2 1 
168 14 0.0 6 3 1 0 15 12 3 1.26220269398e-40 2 1 
168 14 0.0 10 5 4 0 10 17 3 4.72441199979e-71 5 0 
168 14 0.0 1 8 0 0 4 4 1 0.202069590457 0 2 
168 14 0.0 8 1 1 0 9 9 3 9.49921955864e-51 1 1 
168 14 0.0 3 2 0 0 3 7 2 0.149800411044 1 1 
168 14 0.0 2 1 0 0 1 2 1 0.191577362508 0 1 
168 14 0.0 9 5 1 0 17 17 3 1.89529905701e-28 3 1 
168 14 0.0 5 6 0 0 13 15 2 0.0612879331754 1 3 
168 14 2.0 4 5 4 0 21 19 2 0.0853566855153 1 5 
168 14 2.0 7 3 1 0 15 12 3 0.00141559917377 2 1 
168 14 2.0 6 3 1 0 15 12 3 0.000910975176637 2 1 
168 14 2.0 10 5 4 0 10 17 3 6.21639028312e-11 5 0 
168 14 2.0 1 8 0 0 4 4 1 0.232102057556 0 2 
168 14 2.0 8 1 1 0 9 9 3 9.70684464483e-13 1 1 
168 14 2.0 3 2 0 0 3 7 2 0.180989147481 1 1 
168 14 2.0 2 1 0 0 1 2 1 0.250429574237 0 1 
168 14 2.0 9 5 1 0 17 17 3 0.343205774736 3 1 
168 14 2.0 5 6 0 0 13 15 2 0.0853577052112 1 3 
168 15 0.0 4 5 4 0 21 19 2 0.0627488215945 1 5 
168 15 0.0 7 3 1 0 15 12 3 8.57603883398e-41 2 1 
168 15 0.0 6 3 1 0 15 12 3 1.13436235208e-40 2 1 
168 15 0.0 10 5 4 0 10 17 3 1.07557310949e-70 5 0 
168 15 0.0 1 8 0 0 4 4 1 0.215126615715 0 2 
168 15 0.0 8 1 1 0 9 9 3 2.38159476464e-48 1 1 
168 15 0.0 3 2 0 0 3 7 2 0.149755116194 1 1 
168 15 0.0 2 1 0 0 1 2 1 0.191839883345 0 1 
168 15 0.0 9 5 1 0 17 17 3 1.53518995971e-28 3 1 
168 15 0.0 5 6 0 0 13 15 2 0.0628290133531 1 3 
168 15 2.0 4 5 4 0 21 19 2 0.085629085414 1 5 
168 15 2.0 7 3 1 0 15 12 3 0.00162469361761 2 1 
168 15 2.0 6 3 1 0 15 12 3 0.00059324677867 2 1 
168 15 2.0 10 5 4 0 10 17 3 8.72570045138e-14 5 0 
168 15 2.0 1 8 0 0 4 4 1 0.230943827595 0 2 
168 15 2.0 8 1 1 0 9 9 3 4.50110786666e-19 1 1 
168 15 2.0 3 2 0 0 3 7 2 0.181162221306 1 1 
168 15 2.0 2 1 0 0 1 2 1 0.249562880453 0 1 
168 15 2.0 9 5 1 0 17 17 3 0.344289899298 3 1 
168 15 2.0 5 6 0 0 13 15 2 0.0856347481531 1 3 
168 16 0.0 4 5 4 0 21 19 2 0.0707499704983 1 5 
168 16 0.0 7 3 1 0 15 12 3 1.33156744007e-41 2 1 
168 16 0.0 6 3 1 0 15 12 3 1.70359764706e-40 2 1 
168 16 0.0 10 5 4 0 10 17 3 1.53372446036e-70 5 0 
168 16 0.0 1 8 0 0 4 4 1 0.220157140336 0 2 
168 16 0.0 8 1 1 0 9 9 3 6.3193158818e-49 1 1 
168 16 0.0 3 2 0 0 3 7 2 0.149715915337 1 1 
168 16 0.0 2 1 0 0 1 2 1 0.191884627343 0 1 
168 16 0.0 9 5 1 0 17 17 3 1.26947860664e-28 3 1 
168 16 0.0 5 6 0 0 13 15 2 0.0708349038217 1 3 
168 16 2.0 4 5 4 0 21 19 2 0.0855952873834 1 5 
168 16 2.0 7 3 1 0 15 12 3 0.00116472361722 2 1 
168 16 2.0 6 3 1 0 15 12 3 0.000944583962584 2 1 
168 16 2.0 10 5 4 0 10 17 3 2.26737702866e-14 5 0 
168 16 2.0 1 8 0 0 4 4 1 0.231665875733 0 2 
168 16 2.0 8 1 1 0 9 9 3 1.27484527389e-18 1 1 
168 16 2.0 3 2 0 0 3 7 2 0.181281143449 1 1 
168 16 2.0 2 1 0 0 1 2 1 0.250120838243 0 1 
168 16 2.0 9 5 1 0 17 17 3 0.343562875563 3 1 
168 16 2.0 5 6 0 0 13 15 2 0.0856004903773 1 3 
168 17 0.0 4 5 4 0 21 19 2 0.0706825517431 1 5 
168 17 0.0 7 3 1 0 15 12 3 7.51391707505e-41 2 1 
168 17 0.0 6 3 1 0 15 12 3 1.03550507683e-40 2 1 
168 17 0.0 10 5 4 0 10 17 3 5.49783393476e-71 5 0 
168 17 0.0 1 8 0 0 4 4 1 0.219010350624 0 2 
168 17 0.0 8 1 1 0 9 9 3 4.94270537334e-50 1 1 
168 17 0.0 3 2 0 0 3 7 2 0.149814686872 1 1 
168 17 0.0 2 1 0 0 1 2 1 0.191661461656 0 1 
168 17 0.0 9 5 1 0 17 17 3 1.10450054614e-28 3 1 
168 17 0.0 5 6 0 0 13 15 2 0.070797275514 1 3 
168 17 2.0 4 5 4 0 21 19 2 0.0851251094145 1 5 
168 17 2.0 7 3 1 0 15 12 3 0.000268300362915 2 1 
168 17 2.0 6 3 1 0 15 12 3 0.00124484224909 2 1 
168 17 2.0 10 5 4 0 10 17 3 1.48091601533e-12 5 0 
168 17 2.0 1 8 0 0 4 4 1 0.230830270465 0 2 
168 17 2.0 8 1 1 0 9 9 3 1.685167481e-16 1 1 
168 17 2.0 3 2 0 0 3 7 2 0.180529249136 1 1 
168 17 2.0 2 1 0 0 1 2 1 0.250109995073 0 1 
168 17 2.0 9 5 1 0 17 17 3 0.343601119608 3 1 
168 17 2.0 5 6 0 0 13 15 2 0.0851277335958 1 3 
168 18 0.0 4 5 4 0 21 19 2 0.0835253570837 1 5 
168 18 0.0 7 3 1 0 15 12 3 7.42099171391e-41 2 1 
168 18 0.0 6 3 1 0 15 12 3 3.04880323637e-40 2 1 
168 18 0.0 10 5 4 0 10 17 3 1.53942509099e-70 5 0 
168 18 0.0 1 8 0 0 4 4 1 0.178629682942 0 2 
168 18 0.0 8 1 1 0 9 9 3 9.41280764778e-49 1 1 
168 18 0.0 3 2 0 0 3 7 2 0.149602302667 1 1 
168 18 0.0 2 1 0 0 1 2 1 0.191769744628 0 1 
168 18 0.0 9 5 1 0 17 17 3 3.99907715591e-28 3 1 
168 18 0.0 5 6 0 0 13 15 2 0.0836229085282 1 3 
168 18 2.0 4 5 4 0 21 19 2 0.0844596027117 1 5 
168 18 2.0 7 3 1 0 15 12 3 0.00111926650833 2 1 
168 18 2.0 6 3 1 0 15 12 3 0.00124008813192 2 1 
168 18 2.0 10 5 4 0 10 17 3 6.49278717856e-13 5 0 
168 18 2.0 1 8 0 0 4 4 1 0.230979755861 0 2 
168 18 2.0 8 1 1 0 9 9 3 6.19014690786e-17 1 1 
168 18 2.0 3 2 0 0 3 7 2 0.179474437307 1 1 
168 18 2.0 2 1 0 0 1 2 1 0.250092879562 0 1 
168 18 2.0 9 5 1 0 17 17 3 0.343706503932 3 1 
168 18 2.0 5 6 0 0 13 15 2 0.0844625484729 1 3 
168 19 0.0 4 5 4 0 21 19 2 0.0616870883959 1 5 
168 19 0.0 7 3 1 0 15 12 3 4.31017967766e-41 2 1 
168 19 0.0 6 3 1 0 15 12 3 1.57267173331e-40 2 1 
168 19 0.0 10 5 4 0 10 17 3 1.65044509277e-70 5 0 
168 19 0.0 1 8 0 0 4 4 1 0.212167924093 0 2 
168 19 0.0 8 1 1 0 9 9 3 8.78617722991e-48 1 1 
168 19 0.0 3 2 0 0 3 7 2 0.149485092585 1 1 
168 19 0.0 2 1 0 0 1 2 1 0.191717566364 0 1 
168 19 0.0 9 5 1 0 17 17 3 2.37670106534e-28 3 1 
168 19 0.0 5 6 0 0 13 15 2 0.0617461761669 1 3 
168 19 2.0 4 5 4 0 21 19 2 0.0864089219082 1 5 
168 19 2.0 7 3 1 0 15 12 3 0.000534027656975 2 1 
168 19 2.0 6 3 1 0 15 12 3 0.000178163911664 2 1 
168 19 2.0 10 5 4 0 10 17 3 3.06443367062e-13 5 0 
168 19 2.0 1 8 0 0 4 4 1 0.229024064172 0 2 
168 19 2.0 8 1 1 0 9 9 3 2.02415853647e-14 1 1 
168 19 2.0 3 2 0 0 3 7 2 0.182149767523 1 1 
168 19 2.0 2 1 0 0 1 2 1 0.248641635902 0 1 
168 19 2.0 9 5 1 0 17 17 3 0.345286148988 3 1 
168 19 2.0 5 6 0 0 13 15 2 0.0864106401084 1 3 
168 20 0.0 4 5 4 0 21 19 2 0.0599291576216 1 5 
168 20 0.0 7 3 1 0 15 12 3 2.4548196624e-40 2 1 
168 20 0.0 6 3 1 0 15 12 3 1.59327543539e-40 2 1 
168 20 0.0 10 5 4 0 10 17 3 1.79741966419e-71 5 0 
168 20 0.0 1 8 0 0 4 4 1 0.173669838819 0 2 
168 20 0.0 8 1 1 0 9 9 3 3.02476561755e-52 1 1 
168 20 0.0 3 2 0 0 3 7 2 0.14979302846 1 1 
168 20 0.0 2 1 0 0 1 2 1 0.191590213131 0 1 
168 20 0.0 9 5 1 0 17 17 3 1.21235778761e-28 3 1 
168 20 0.0 5 6 0 0 13 15 2 0.0600964651505 1 3 
168 20 2.0 4 5 4 0 21 19 2 0.0853328560317 1 5 
168 20 2.0 7 3 1 0 15 12 3 0.00210634191661 2 1 
168 20 2.0 6 3 1 0 15 12 3 0.00191015870179 2 1 
168 20 2.0 10 5 4 0 10 17 3 6.97130149045e-13 5 0 
168 20 2.0 1 8 0 0 4 4 1 0.233840622972 0 2 
168 20 2.0 8 1 1 0 9 9 3 2.40593933336e-19 1 1 
168 20 2.0 3 2 0 0 3 7 2 0.181023087529 1 1 
168 20 2.0 2 1 0 0 1 2 1 0.250716363668 0 1 
168 20 2.0 9 5 1 0 17 17 3 0.342913669518 3 1 
168 20 2.0 5 6 0 0 13 15 2 0.0853379229397 1 3 
168 21 0.0 4 5 4 0 21 19 2 0.0777184190864 1 5 
168 21 0.0 7 3 1 0 15 12 3 8.57276121665e-41 2 1 
168 21 0.0 6 3 1 0 15 12 3 1.73080192999e-40 2 1 
168 21 0.0 10 5 4 0 10 17 3 5.80263328667e-71 5 0 
168 21 0.0 1 8 0 0 4 4 1 0.205737509353 0 2 
168 21 0.0 8 1 1 0 9 9 3 1.73390036322e-50 1 1 
168 21 0.0 3 2 0 0 3 7 2 0.149555859421 1 1 
168 21 0.0 2 1 0 0 1 2 1 0.191746783105 0 1 
168 21 0.0 9 5 1 0 17 17 3 3.24950227618e-28 3 1 
168 21 0.0 5 6 0 0 13 15 2 0.0778671124424 1 3 
168 21 2.0 4 5 4 0 21 19 2 0.0850154268835 1 5 
168 21 2.0 7 3 1 0 15 12 3 0.00120901069298 2 1 
168 21 2.0 6 3 1 0 15 12 3 0.000689258186776 2 1 
168 21 2.0 10 5 4 0 10 17 3 1.04494061876e-12 5 0 
168 21 2.0 1 8 0 0 4 4 1 0.231779754637 0 2 
168 21 2.0 8 1 1 0 9 9 3 7.27798689171e-18 1 1 
168 21 2.0 3 2 0 0 3 7 2 0.180504623863 1 1 
168 21 2.0 2 1 0 0 1 2 1 0.250603945614 0 1 
168 21 2.0 9 5 1 0 17 17 3 0.342988392666 3 1 
168 21 2.0 5 6 0 0 13 15 2 0.0850190205238 1 3 
168 22 0.0 4 5 4 0 21 19 2 0.0537904305591 1 5 
168 22 0.0 7 3 1 0 15 12 3 2.66036838734e-41 2 1 
168 22 0.0 6 3 1 0 15 12 3 4.0238524609e-41 2 1 
168 22 0.0 10 5 4 0 10 17 3 6.58734819612e-70 5 0 
168 22 0.0 1 8 0 0 4 4 1 0.161428253916 0 2 
168 22 0.0 8 1 1 0 9 9 3 6.05254297334e-46 1 1 
168 22 0.0 3 2 0 0 3 7 2 0.149515948061 1 1 
168 22 0.0 2 1 0 0 1 2 1 0.191914503922 0 1 
168 22 0.0 9 5 1 0 17 17 3 6.31658294689e-29 3 1 
168 22 0.0 5 6 0 0 13 15 2 0.053825084497 1 3 
168 22 2.0 4 5 4 0 21 19 2 0.0853066458114 1 5 
168 22 2.0 7 3 1 0 15 12 3 0.000973639446046 2 1 
168 22 2.0 6 3 1 0 15 12 3 0.00112514205364 2 1 
168 22 2.0 10 5 4 0 10 17 3 1.08515723027e-12 5 0 
168 22 2.0 1 8 0 0 4 4 1 0.230180930368 0 2 
168 22 2.0 8 1 1 0 9 9 3 7.38380097132e-16 1 1 
168 22 2.0 3 2 0 0 3 7 2 0.180561072856 1 1 
168 22 2.0 2 1 0 0 1 2 1 0.249269596591 0 1 
168 22 2.0 9 5 1 0 17 17 3 0.344692027906 3 1 
168 22 2.0 5 6 0 0 13 15 2 0.085309010917 1 3 
168 23 0.0 4 5 4 0 21 19 2 0.0642918523414 1 5 
168 23 0.0 7 3 1 0 15 12 3 1.86094319634e-40 2 1 
168 23 0.0 6 3 1 0 15 12 3 1.97738217345e-40 2 1 
168 23 0.0 10 5 4 0 10 17 3 8.19489980996e-72 5 0 
168 23 0.0 1 8 0 0 4 4 1 0.190395771082 0 2 
168 23 0.0 8 1 1 0 9 9 3 9.65189465987e-55 1 1 
168 23 0.0 3 2 0 0 3 7 2 0.149759182693 1 1 
168 23 0.0 2 1 0 0 1 2 1 0.191497340418 0 1 
168 23 0.0 9 5 1 0 17 17 3 1.07087357744e-28 3 1 
168 23 0.0 5 6 0 0 13 15 2 0.0645931993527 1 3 
168 23 2.0 4 5 4 0 21 19 2 0.085182920224 1 5 
168 23 2.0 7 3 1 0 15 12 3 0.00145353249114 2 1 
168 23 2.0 6 3 1 0 15 12 3 0.00161697166772 2 1 
168 23 2.0 10 5 4 0 10 17 3 2.88010098993e-12 5 0 
168 23 2.0 1 8 0 0 4 4 1 0.232765570897 0 2 
168 23 2.0 8 1 1 0 9 9 3 1.28684850806e-17 1 1 
168 23 2.0 3 2 0 0 3 7 2 0.180749872595 1 1 
168 23 2.0 2 1 0 0 1 2 1 0.250570213588 0 1 
168 23 2.0 9 5 1 0 17 17 3 0.343075548472 3 1 
168 23 2.0 5 6 0 0 13 15 2 0.0851865214932 1 3 
168 24 0.0 4 5 4 0 21 19 2 0.0760786305859 1 5 
168 24 0.0 7 3 1 0 15 12 3 1.489290753e-40 2 1 
168 24 0.0 6 3 1 0 15 12 3 4.57415453578e-40 2 1 
168 24 0.0 10 5 4 0 10 17 3 2.05164242306e-71 5 0 
168 24 0.0 1 8 0 0 4 4 1 0.200064323053 0 2 
168 24 0.0 8 1 1 0 9 9 3 1.90219983828e-51 1 1 
168 24 0.0 3 2 0 0 3 7 2 0.149771888653 1 1 
168 24 0.0 2 1 0 0 1 2 1 0.191625696884 0 1 
168 24 0.0 9 5 1 0 17 17 3 4.40904269207e-28 3 1 
168 24 0.0 5 6 0 0 13 15 2 0.0762710011207 1 3 
168 24 2.0 4 5 4 0 21 19 2 0.0849449114411 1 5 
168 24 2.0 7 3 1 0 15 12 3 0.000838946122822 2 1 
168 24 2.0 6 3 1 0 15 12 3 0.00143246227891 2 1 
168 24 2.0 10 5 4 0 10 17 3 1.06109486546e-12 5 0 
168 24 2.0 1 8 0 0 4 4 1 0.231735427731 0 2 
168 24 2.0 8 1 1 0 9 9 3 2.21796564008e-18 1 1 
168 24 2.0 3 2 0 0 3 7 2 0.180333678469 1 1 
168 24 2.0 2 1 0 0 1 2 1 0.250413303751 0 1 
168 24 2.0 9 5 1 0 17 17 3 0.34326073481 3 1 
168 24 2.0 5 6 0 0 13 15 2 0.0849491827408 1 3 
168 25 0.0 4 5 4 0 21 19 2 0.0591539940934 1 5 
168 25 0.0 7 3 1 0 15 12 3 5.73275610555e-41 2 1 
168 25 0.0 6 3 1 0 15 12 3 5.53367259579e-41 2 1 
168 25 0.0 10 5 4 0 10 17 3 2.53004532984e-70 5 0 
168 25 0.0 1 8 0 0 4 4 1 0.144639219026 0 2 
168 25 0.0 8 1 1 0 9 9 3 6.59989501344e-49 1 1 
168 25 0.0 3 2 0 0 3 7 2 0.149728141157 1 1 
168 25 0.0 2 1 0 0 1 2 1 0.191589076449 0 1 
168 25 0.0 9 5 1 0 17 17 3 7.8129847289e-29 3 1 
168 25 0.0 5 6 0 0 13 15 2 0.0592185665658 1 3 
168 25 2.0 4 5 4 0 21 19 2 0.0854753798718 1 5 
168 25 2.0 7 3 1 0 15 12 3 0.00255627102657 2 1 
168 25 2.0 6 3 1 0 15 12 3 0.00223684098243 2 1 
168 25 2.0 10 5 4 0 10 17 3 2.17472810484e-10 5 0 
168 25 2.0 1 8 0 0 4 4 1 0.232328153287 0 2 
168 25 2.0 8 1 1 0 9 9 3 2.15259448398e-15 1 1 
168 25 2.0 3 2 0 0 3 7 2 0.180803974195 1 1 
168 25 2.0 2 1 0 0 1 2 1 0.249259089492 0 1 
168 25 2.0 9 5 1 0 17 17 3 0.344842427437 3 1 
168 25 2.0 5 6 0 0 13 15 2 0.0854775671407 1 3 
168 26 0.0 4 5 4 0 21 19 2 0.0648794619978 1 5 
168 26 0.0 7 3 1 0 15 12 3 1.13129030226e-40 2 1 
168 26 0.0 6 3 1 0 15 12 3 1.14243628157e-40 2 1 
168 26 0.0 10 5 4 0 10 17 3 5.78160569336e-71 5 0 
168 26 0.0 1 8 0 0 4 4 1 0.210786677221 0 2 
168 26 0.0 8 1 1 0 9 9 3 4.57972587041e-51 1 1 
168 26 0.0 3 2 0 0 3 7 2 0.14972300901 1 1 
168 26 0.0 2 1 0 0 1 2 1 0.191471036974 0 1 
168 26 0.0 9 5 1 0 17 17 3 1.05454707713e-28 3 1 
168 26 0.0 5 6 0 0 13 15 2 0.0650050977078 1 3 
168 26 2.0 4 5 4 0 21 19 2 0.0868352042006 1 5 
168 26 2.0 7 3 1 0 15 12 3 0.000547597313536 2 1 
168 26 2.0 6 3 1 0 15 12 3 0.00025212616087 2 1 
168 26 2.0 10 5 4 0 10 17 3 1.57610951065e-13 5 0 
168 26 2.0 1 8 0 0 4 4 1 0.230270618752 0 2 
168 26 2.0 8 1 1 0 9 9 3 4.12679951929e-13 1 1 
168 26 2.0 3 2 0 0 3 7 2 0.183009651912 1 1 
168 26 2.0 2 1 0 0 1 2 1 0.249235824502 0 1 
168 26 2.0 9 5 1 0 17 17 3 0.344458243676 3 1 
168 26 2.0 5 6 0 0 13 15 2 0.0868365289081 1 3 
168 27 0.0 4 5 4 0 21 19 2 0.0680503953334 1 5 
168 27 0.0 7 3 1 0 15 12 3 5.52564005099e-41 2 1 
168 27 0.0 6 3 1 0 15 12 3 2.97260140853e-40 2 1 
168 27 0.0 10 5 4 0 10 17 3 1.47067997936e-70 5 0 
168 27 0.0 1 8 0 0 4 4 1 0.217916917507 0 2 
168 27 0.0 8 1 1 0 9 9 3 1.86701066604e-48 1 1 
168 27 0.0 3 2 0 0 3 7 2 0.149624881023 1 1 
168 27 0.0 2 1 0 0 1 2 1 0.191625798518 0 1 
168 27 0.0 9 5 1 0 17 17 3 2.72496044529e-28 3 1 
168 27 0.0 5 6 0 0 13 15 2 0.068126635328 1 3 
168 27 2.0 4 5 4 0 21 19 2 0.0849608596405 1 5 
168 27 2.0 7 3 1 0 15 12 3 0.000961170506053 2 1 
168 27 2.0 6 3 1 0 15 12 3 0.000782353771 2 1 
168 27 2.0 10 5 4 0 10 17 3 2.3689056744e-12 5 0 
168 27 2.0 1 8 0 0 4 4 1 0.230343552809 0 2 
168 27 2.0 8 1 1 0 9 9 3 6.60744479438e-17 1 1 
168 27 2.0 3 2 0 0 3 7 2 0.180157554694 1 1 
168 27 2.0 2 1 0 0 1 2 1 0.249735628022 0 1 
168 27 2.0 9 5 1 0 17 17 3 0.344103620228 3 1 
168 27 2.0 5 6 0 0 13 15 2 0.0849633359959 1 3 
168 28 0.0 4 5 4 0 21 19 2 0.0836154470325 1 5 
168 28 0.0 7 3 1 0 15 12 3 2.35468897217e-41 2 1 
168 28 0.0 6 3 1 0 15 12 3 6.04998261675e-41 2 1 
168 28 0.0 10 5 4 0 10 17 3 1.86867781322e-70 5 0 
168 28 0.0 1 8 0 0 4 4 1 0.140487697996 0 2 
168 28 0.0 8 1 1 0 9 9 3 7.63932446195e-46 1 1 
168 28 0.0 3 2 0 0 3 7 2 0.149742893366 1 1 
168 28 0.0 2 1 0 0 1 2 1 0.191489530716 0 1 
168 28 0.0 9 5 1 0 17 17 3 1.47204166583e-28 3 1 
168 28 0.0 5 6 0 0 13 15 2 0.0836676374668 1 3 
168 28 2.0 4 5 4 0 21 19 2 0.0846669656116 1 5 
168 28 2.0 7 3 1 0 15 12 3 0.00093197544374 2 1 
168 28 2.0 6 3 1 0 15 12 3 0.00146973688561 2 1 
168 28 2.0 10 5 4 0 10 17 3 3.89789007702e-13 5 0 
168 28 2.0 1 8 0 0 4 4 1 0.232913417377 0 2 
168 28 2.0 8 1 1 0 9 9 3 1.22936461549e-16 1 1 
168 28 2.0 3 2 0 0 3 7 2 0.180156132572 1 1 
168 28 2.0 2 1 0 0 1 2 1 0.251270347963 0 1 
168 28 2.0 9 5 1 0 17 17 3 0.342168510189 3 1 
168 28 2.0 5 6 0 0 13 15 2 0.0846697555977 1 3 
168 29 0.0 4 5 4 0 21 19 2 0.0579270867702 1 5 
168 29 0.0 7 3 1 0 15 12 3 8.04455234611e-41 2 1 
168 29 0.0 6 3 1 0 15 12 3 7.9322569643e-41 2 1 
168 29 0.0 10 5 4 0 10 17 3 9.18052368719e-71 5 0 
168 29 0.0 1 8 0 0 4 4 1 0.18913191467 0 2 
168 29 0.0 8 1 1 0 9 9 3 1.61606513012e-50 1 1 
168 29 0.0 3 2 0 0 3 7 2 0.149808558514 1 1 
168 29 0.0 2 1 0 0 1 2 1 0.191773704139 0 1 
168 29 0.0 9 5 1 0 17 17 3 5.63389148756e-29 3 1 
168 29 0.0 5 6 0 0 13 15 2 0.0580275633607 1 3 
168 29 2.0 4 5 4 0 21 19 2 0.0852987380925 1 5 
168 29 2.0 7 3 1 0 15 12 3 0.00101814417395 2 1 
168 29 2.0 6 3 1 0 15 12 3 0.0012268004549 2 1 
168 29 2.0 10 5 4 0 10 17 3 1.93170209005e-11 5 0 
168 29 2.0 1 8 0 0 4 4 1 0.232674417168 0 2 
168 29 2.0 8 1 1 0 9 9 3 1.21781210135e-14 1 1 
168 29 2.0 3 2 0 0 3 7 2 0.181032367945 1 1 
168 29 2.0 2 1 0 0 1 2 1 0.25088596038 0 1 
168 29 2.0 9 5 1 0 17 17 3 0.342611644054 3 1 
168 29 2.0 5 6 0 0 13 15 2 0.0853004145224 1 3 
168 30 0.0 4 5 4 0 21 19 2 0.0579269587807 1 5 
168 30 0.0 7 3 1 0 15 12 3 9.81359576424e-41 2 1 
168 30 0.0 6 3 1 0 15 12 3 3.36327078498e-40 2 1 
168 30 0.0 10 5 4 0 10 17 3 1.88545596142e-71 5 0 
168 30 0.0 1 8 0 0 4 4 1 0.168478757629 0 2 
168 30 0.0 8 1 1 0 9 9 3 1.06857131855e-49 1 1 
168 30 0.0 3 2 0 0 3 7 2 0.149716361835 1 1 
168 30 0.0 2 1 0 0 1 2 1 0.191474883479 0 1 
168 30 0.0 9 5 1 0 17 17 3 2.61492853664e-28 3 1 
168 30 0.0 5 6 0 0 13 15 2 0.0580299716011 1 3 
168 30 2.0 4 5 4 0 21 19 2 0.0867081248636 1 5 
168 30 2.0 7 3 1 0 15 12 3 5.18862606751e-05 2 1 
168 30 2.0 6 3 1 0 15 12 3 0.000148218744619 2 1 
168 30 2.0 10 5 4 0 10 17 3 3.10360588382e-13 5 0 
168 30 2.0 1 8 0 0 4 4 1 0.231311520406 0 2 
168 30 2.0 8 1 1 0 9 9 3 2.6516528596e-08 1 1 
168 30 2.0 3 2 0 0 3 7 2 0.183166230002 1 1 
168 30 2.0 2 1 0 0 1 2 1 0.250334470647 0 1 
168 30 2.0 9 5 1 0 17 17 3 0.34302725947 3 1 
168 30 2.0 5 6 0 0 13 15 2 0.0867088023501 1 3 
168 31 0.0 4 5 4 0 21 19 2 0.0592700049025 1 5 
168 31 0.0 7 3 1 0 15 12 3 1.29934767699e-40 2 1 
168 31 0.0 6 3 1 0 15 12 3 4.26558789824e-41 2 1 
168 31 0.0 10 5 4 0 10 17 3 7.20970525452e-71 5 0 
168 31 0.0 1 8 0 0 4 4 1 0.192730486795 0 2 
168 31 0.0 8 1 1 0 9 9 3 1.50013040346e-48 1 1 
168 31 0.0 3 2 0 0 3 7 2 0.149739877203 1 1 
168 31 0.0 2 1 0 0 1 2 1 0.191820005373 0 1 
168 31 0.0 9 5 1 0 17 17 3 7.06583469358e-29 3 1 
168 31 0.0 5 6 0 0 13 15 2 0.0593452868249 1 3 
168 31 2.0 4 5 4 0 21 19 2 0.0848194259506 1 5 
168 31 2.0 7 3 1 0 15 12 3 0.000200922822732 2 1 
168 31 2.0 6 3 1 0 15 12 3 0.000241989486982 2 1 
168 31 2.0 10 5 4 0 10 17 3 1.77278778726e-15 5 0 
168 31 2.0 1 8 0 0 4 4 1 0.232259951881 0 2 
168 31 2.0 8 1 1 0 9 9 3 2.06125342577e-17 1 1 
168 31 2.0 3 2 0 0 3 7 2 0.180565818451 1 1 
168 31 2.0 2 1 0 0 1 2 1 0.251830400607 0 1 
168 31 2.0 9 5 1 0 17 17 3 0.341351887126 3 1 
168 31 2.0 5 6 0 0 13 15 2 0.0848230286095 1 3 
168 32 0.0 4 5 4 0 21 19 2 0.09233827274 1 5 
168 32 0.0 7 3 1 0 15 12 3 9.7798864552e-42 2 1 
168 32 0.0 6 3 1 0 15 12 3 2.06033812765e-41 2 1 
168 32 0.0 10 5 4 0 10 17 3 7.03860609974e-70 5 0 
168 32 0.0 1 8 0 0 4 4 1 0.16648589762 0 2 
168 32 0.0 8 1 1 0 9 9 3 8.66825454511e-46 1 1 
168 32 0.0 3 2 0 0 3 7 2 0.149618816226 1 1 
168 32 0.0 2 1 0 0 1 2 1 0.191539561021 0 1 
168 32 0.0 9 5 1 0 17 17 3 4.21691143271e-29 3 1 
168 32 0.0 5 6 0 0 13 15 2 0.0923851544335 1 3 
168 32 2.0 4 5 4 0 21 19 2 0.0849297156597 1 5 
168 32 2.0 7 3 1 0 15 12 3 0.00112153612934 2 1 
168 32 2.0 6 3 1 0 15 12 3 0.0016787760993 2 1 
168 32 2.0 10 5 4 0 10 17 3 8.54286319589e-13 5 0 
168 32 2.0 1 8 0 0 4 4 1 0.23163731648 0 2 
168 32 2.0 8 1 1 0 9 9 3 3.3243779285e-20 1 1 
168 32 2.0 3 2 0 0 3 7 2 0.180212505823 1 1 
168 32 2.0 2 1 0 0 1 2 1 0.250074096576 0 1 
168 32 2.0 9 5 1 0 17 17 3 0.343725028001 3 1 
168 32 2.0 5 6 0 0 13 15 2 0.0849373453209 1 3 
168 33 0.0 4 5 4 0 21 19 2 0.063107261172 1 5 
168 33 0.0 7 3 1 0 15 12 3 6.03822375334e-41 2 1 
168 33 0.0 6 3 1 0 15 12 3 1.35195779764e-40 2 1 
168 33 0.0 10 5 4 0 10 17 3 1.31785031965e-70 5 0 
168 33 0.0 1 8 0 0 4 4 1 0.211298968696 0 2 
168 33 0.0 8 1 1 0 9 9 3 1.12542572306e-49 1 1 
168 33 0.0 3 2 0 0 3 7 2 0.149699446754 1 1 
168 33 0.0 2 1 0 0 1 2 1 0.19166239942 0 1 
168 33 0.0 9 5 1 0 17 17 3 1.56909733714e-28 3 1 
168 33 0.0 5 6 0 0 13 15 2 0.0631968490006 1 3 
168 33 2.0 4 5 4 0 21 19 2 0.0856956324077 1 5 
168 33 2.0 7 3 1 0 15 12 3 0.0021019242385 2 1 
168 33 2.0 6 3 1 0 15 12 3 0.00178451199318 2 1 
168 33 2.0 10 5 4 0 10 17 3 3.5014854539e-11 5 0 
168 33 2.0 1 8 0 0 4 4 1 0.232237377414 0 2 
168 33 2.0 8 1 1 0 9 9 3 1.67592459328e-16 1 1 
168 33 2.0 3 2 0 0 3 7 2 0.181238197999 1 1 
168 33 2.0 2 1 0 0 1 2 1 0.249548842785 0 1 
168 33 2.0 9 5 1 0 17 17 3 0.344393653216 3 1 
168 33 2.0 5 6 0 0 13 15 2 0.0856981976219 1 3 
168 34 0.0 4 5 4 0 21 19 2 0.061918977291 1 5 
168 34 0.0 7 3 1 0 15 12 3 6.85859044466e-41 2 1 
168 34 0.0 6 3 1 0 15 12 3 1.5680857045e-40 2 1 
168 34 0.0 10 5 4 0 10 17 3 3.07532116362e-71 5 0 
168 34 0.0 1 8 0 0 4 4 1 0.196994664603 0 2 
168 34 0.0 8 1 1 0 9 9 3 7.27026837521e-52 1 1 
168 34 0.0 3 2 0 0 3 7 2 0.149613525243 1 1 
168 34 0.0 2 1 0 0 1 2 1 0.191718103294 0 1 
168 34 0.0 9 5 1 0 17 17 3 2.78607267149e-28 3 1 
168 34 0.0 5 6 0 0 13 15 2 0.0620732388822 1 3 
168 34 2.0 4 5 4 0 21 19 2 0.0845575732136 1 5 
168 34 2.0 7 3 1 0 15 12 3 0.0012749232196 2 1 
168 34 2.0 6 3 1 0 15 12 3 0.00157708954797 2 1 
168 34 2.0 10 5 4 0 10 17 3 3.70711076805e-12 5 0 
168 34 2.0 1 8 0 0 4 4 1 0.231815156573 0 2 
168 34 2.0 8 1 1 0 9 9 3 6.1049182349e-16 1 1 
168 34 2.0 3 2 0 0 3 7 2 0.179706723916 1 1 
168 34 2.0 2 1 0 0 1 2 1 0.250348127502 0 1 
168 34 2.0 9 5 1 0 17 17 3 0.34339567995 3 1 
168 34 2.0 5 6 0 0 13 15 2 0.0845601407271 1 3 
168 35 0.0 4 5 4 0 21 19 2 0.0727240870006 1 5 
168 35 0.0 7 3 1 0 15 12 3 6.04689670254e-41 2 1 
168 35 0.0 6 3 1 0 15 12 3 1.36684705929e-40 2 1 
168 35 0.0 10 5 4 0 10 17 3 2.00501470344e-70 5 0 
168 35 0.0 1 8 0 0 4 4 1 0.222262719087 0 2 
168 35 0.0 8 1 1 0 9 9 3 2.46754589904e-48 1 1 
168 35 0.0 3 2 0 0 3 7 2 0.1497519541 1 1 
168 35 0.0 2 1 0 0 1 2 1 0.191649422242 0 1 
168 35 0.0 9 5 1 0 17 17 3 2.35773090899e-28 3 1 
168 35 0.0 5 6 0 0 13 15 2 0.072805896029 1 3 
168 35 2.0 4 5 4 0 21 19 2 0.085229821293 1 5 
168 35 2.0 7 3 1 0 15 12 3 0.00146535842573 2 1 
168 35 2.0 6 3 1 0 15 12 3 0.0013609557202 2 1 
168 35 2.0 10 5 4 0 10 17 3 1.90305641774e-12 5 0 
168 35 2.0 1 8 0 0 4 4 1 0.232485067438 0 2 
168 35 2.0 8 1 1 0 9 9 3 4.70404525693e-16 1 1 
168 35 2.0 3 2 0 0 3 7 2 0.18079729485 1 1 
168 35 2.0 2 1 0 0 1 2 1 0.250485979898 0 1 
168 35 2.0 9 5 1 0 17 17 3 0.343167745637 3 1 
168 35 2.0 5 6 0 0 13 15 2 0.0852321893534 1 3 
168 36 0.0 4 5 4 0 21 19 2 0.0564592814974 1 5 
168 36 0.0 7 3 1 0 15 12 3 1.70538544873e-40 2 1 
168 36 0.0 6 3 1 0 15 12 3 2.20391968257e-40 2 1 
168 36 0.0 10 5 4 0 10 17 3 8.80922419024e-71 5 0 
168 36 0.0 1 8 0 0 4 4 1 0.170669430706 0 2 
168 36 0.0 8 1 1 0 9 9 3 2.87911299125e-49 1 1 
168 36 0.0 3 2 0 0 3 7 2 0.149701236069 1 1 
168 36 0.0 2 1 0 0 1 2 1 0.191356406632 0 1 
168 36 0.0 9 5 1 0 17 17 3 1.22405412003e-28 3 1 
168 36 0.0 5 6 0 0 13 15 2 0.0565415855511 1 3 
168 36 2.0 4 5 4 0 21 19 2 0.0863461827161 1 5 
168 36 2.0 7 3 1 0 15 12 3 0.00101991339567 2 1 
168 36 2.0 6 3 1 0 15 12 3 0.000836688723988 2 1 
168 36 2.0 10 5 4 0 10 17 3 4.99075557041e-11 5 0 
168 36 2.0 1 8 0 0 4 4 1 0.231426832834 0 2 
168 36 2.0 8 1 1 0 9 9 3 6.71864349288e-10 1 1 
168 36 2.0 3 2 0 0 3 7 2 0.182345014079 1 1 
168 36 2.0 2 1 0 0 1 2 1 0.249722455958 0 1 
168 36 2.0 9 5 1 0 17 17 3 0.343969115284 3 1 
168 36 2.0 5 6 0 0 13 15 2 0.0863467752661 1 3 
168 37 0.0 4 5 4 0 21 19 2 0.0552546388816 1 5 
168 37 0.0 7 3 1 0 15 12 3 1.12463463222e-40 2 1 
168 37 0.0 6 3 1 0 15 12 3 3.06938477724e-41 2 1 
168 37 0.0 10 5 4 0 10 17 3 2.39493653342e-70 5 0 
168 37 0.0 1 8 0 0 4 4 1 0.18853308604 0 2 
168 37 0.0 8 1 1 0 9 9 3 1.43875240199e-47 1 1 
168 37 0.0 3 2 0 0 3 7 2 0.149710121721 1 1 
168 37 0.0 2 1 0 0 1 2 1 0.191881550515 0 1 
168 37 0.0 9 5 1 0 17 17 3 1.08115655166e-28 3 1 
168 37 0.0 5 6 0 0 13 15 2 0.0553102069272 1 3 
168 37 2.0 4 5 4 0 21 19 2 0.086161307206 1 5 
168 37 2.0 7 3 1 0 15 12 3 0.000439303196363 2 1 
168 37 2.0 6 3 1 0 15 12 3 0.000148041029006 2 1 
168 37 2.0 10 5 4 0 10 17 3 2.69031189777e-13 5 0 
168 37 2.0 1 8 0 0 4 4 1 0.229501153797 0 2 
168 37 2.0 8 1 1 0 9 9 3 9.82436467049e-16 1 1 
168 37 2.0 3 2 0 0 3 7 2 0.181915261813 1 1 
168 37 2.0 2 1 0 0 1 2 1 0.249159838616 0 1 
168 37 2.0 9 5 1 0 17 17 3 0.344652309409 3 1 
168 37 2.0 5 6 0 0 13 15 2 0.0861633480526 1 3 
168 38 0.0 4 5 4 0 21 19 2 0.0710927834906 1 5 
168 38 0.0 7 3 1 0 15 12 3 1.52984188213e-40 2 1 
168 38 0.0 6 3 1 0 15 12 3 2.21671727722e-41 2 1 
168 38 0.0 10 5 4 0 10 17 3 4.15338404749e-72 5 0 
168 38 0.0 1 8 0 0 4 4 1 0.155733620764 0 2 
168 38 0.0 8 1 1 0 9 9 3 1.81114531774e-54 1 1 
168 38 0.0 3 2 0 0 3 7 2 0.149670247121 1 1 
168 38 0.0 2 1 0 0 1 2 1 0.191412693103 0 1 
168 38 0.0 9 5 1 0 17 17 3 1.64697692543e-28 3 1 
168 38 0.0 5 6 0 0 13 15 2 0.0714409592315 1 3 
168 38 2.0 4 5 4 0 21 19 2 0.0857163170875 1 5 
168 38 2.0 7 3 1 0 15 12 3 0.00172163348904 2 1 
168 38 2.0 6 3 1 0 15 12 3 0.00118292141668 2 1 
168 38 2.0 10 5 4 0 10 17 3 9.58498775854e-12 5 0 
168 38 2.0 1 8 0 0 4 4 1 0.232154810888 0 2 
168 38 2.0 8 1 1 0 9 9 3 1.29382575952e-16 1 1 
168 38 2.0 3 2 0 0 3 7 2 0.181412927203 1 1 
168 38 2.0 2 1 0 0 1 2 1 0.249987120005 0 1 
168 38 2.0 9 5 1 0 17 17 3 0.34377079288 3 1 
168 38 2.0 5 6 0 0 13 15 2 0.0857187061761 1 3 
168 39 0.0 4 5 4 0 21 19 2 0.0539745888329 1 5 
168 39 0.0 7 3 1 0 15 12 3 3.99865621172e-41 2 1 
168 39 0.0 6 3 1 0 15 12 3 3.97053224468e-41 2 1 
168 39 0.0 10 5 4 0 10 17 3 7.72346607654e-70 5 0 
168 39 0.0 1 8 0 0 4 4 1 0.157764345413 0 2 
168 39 0.0 8 1 1 0 9 9 3 1.60178743695e-45 1 1 
168 39 0.0 3 2 0 0 3 7 2 0.149373139149 1 1 
168 39 0.0 2 1 0 0 1 2 1 0.191776934326 0 1 
168 39 0.0 9 5 1 0 17 17 3 1.57101234904e-29 3 1 
168 39 0.0 5 6 0 0 13 15 2 0.0540050645887 1 3 
168 39 2.0 4 5 4 0 21 19 2 0.0860776795391 1 5 
168 39 2.0 7 3 1 0 15 12 3 0.000347553054464 2 1 
168 39 2.0 6 3 1 0 15 12 3 0.000338562661741 2 1 
168 39 2.0 10 5 4 0 10 17 3 2.75650356996e-14 5 0 
168 39 2.0 1 8 0 0 4 4 1 0.23249240534 0 2 
168 39 2.0 8 1 1 0 9 9 3 1.92601313263e-15 1 1 
168 39 2.0 3 2 0 0 3 7 2 0.182405270039 1 1 
168 39 2.0 2 1 0 0 1 2 1 0.25120993867 0 1 
168 39 2.0 9 5 1 0 17 17 3 0.342017013182 3 1 
168 39 2.0 5 6 0 0 13 15 2 0.0860798190064 1 3 
168 40 0.0 4 5 4 0 21 19 2 0.0642480098994 1 5 
168 40 0.0 7 3 1 0 15 12 3 1.31736831753e-40 2 1 
168 40 0.0 6 3 1 0 15 12 3 9.72284664167e-41 2 1 
168 40 0.0 10 5 4 0 10 17 3 3.68293703669e-71 5 0 
168 40 0.0 1 8 0 0 4 4 1 0.207022379944 0 2 
168 40 0.0 8 1 1 0 9 9 3 4.82839449127e-51 1 1 
168 40 0.0 3 2 0 0 3 7 2 0.149746135653 1 1 
168 40 0.0 2 1 0 0 1 2 1 0.19190934531 0 1 
168 40 0.0 9 5 1 0 17 17 3 5.53821653527e-29 3 1 
168 40 0.0 5 6 0 0 13 15 2 0.0643845083495 1 3 
168 40 2.0 4 5 4 0 21 19 2 0.0851302758688 1 5 
168 40 2.0 7 3 1 0 15 12 3 0.00151495632957 2 1 
168 40 2.0 6 3 1 0 15 12 3 0.00140870013621 2 1 
168 40 2.0 10 5 4 0 10 17 3 4.93334409575e-12 5 0 
168 40 2.0 1 8 0 0 4 4 1 0.232532953588 0 2 
168 40 2.0 8 1 1 0 9 9 3 1.07218973947e-18 1 1 
168 40 2.0 3 2 0 0 3 7 2 0.180653223405 1 1 
168 40 2.0 2 1 0 0 1 2 1 0.250515102299 0 1 
168 40 2.0 9 5 1 0 17 17 3 0.343143662228 3 1 
168 40 2.0 5 6 0 0 13 15 2 0.0851351215667 1 3 
