108 1 0.0 2 3 3 0 32 10 2 6.20692979982e-27 4 0 
108 1 0.0 6 13 12 0 35 21 2 2.07715611032e-40 5 3 
108 1 0.0 5 9 4 0 26 8 3 2.22087844338e-60 4 0 
108 1 0.0 11 9 8 0 33 32 2 0.0697199951849 2 5 
108 1 0.0 10 5 1 0 31 28 2 0.0697302968771 2 3 
108 1 0.0 4 11 2 0 26 12 3 2.97719623565e-59 4 0 
108 1 0.0 7 11 12 0 34 28 2 6.07014818365e-16 4 4 
108 1 0.0 13 19 2 0 21 20 1 0.137412157032 0 5 
108 1 0.0 8 9 4 0 41 36 2 0.0696659325898 2 5 
108 1 0.0 12 15 9 0 31 24 1 0.137412157032 0 7 
108 1 0.0 9 9 6 0 28 28 2 0.0697420693374 2 4 
108 1 0.0 1 6 1 0 14 2 3 1.80464013589e-61 2 0 
108 1 0.0 3 10 2 0 38 21 3 2.96348738135e-47 5 0 
108 1 2.0 2 3 3 0 32 10 2 3.3665595776e-15 4 0 
108 1 2.0 6 13 12 0 35 21 2 4.75288807986e-28 5 3 
108 1 2.0 5 9 4 0 26 8 3 1.10192469558e-28 4 0 
108 1 2.0 11 9 8 0 33 32 2 0.0589452318603 2 5 
108 1 2.0 10 5 1 0 31 28 2 0.0589591565579 2 3 
108 1 2.0 4 11 2 0 26 12 3 1.93817951757e-27 4 0 
108 1 2.0 7 11 12 0 34 28 2 1.3437907774e-09 4 4 
108 1 2.0 13 19 2 0 21 20 1 0.142992324153 0 5 
108 1 2.0 8 9 4 0 41 36 2 0.0589524393815 2 5 
108 1 2.0 12 15 9 0 31 24 1 0.142992324054 0 7 
108 1 2.0 9 9 6 0 28 28 2 0.0589508093908 2 4 
108 1 2.0 1 6 1 0 14 2 3 8.97614449515e-30 2 0 
108 1 2.0 3 10 2 0 38 21 3 7.99345615125e-13 5 0 
108 2 0.0 2 3 3 0 32 10 2 7.94126230845e-27 4 0 
108 2 0.0 6 13 12 0 35 21 2 5.89357160099e-38 5 3 
108 2 0.0 5 9 4 0 26 8 3 2.69352563926e-60 4 0 
108 2 0.0 11 9 8 0 33 32 2 0.0772295173423 2 5 
108 2 0.0 10 5 1 0 31 28 2 0.0772877884113 2 3 
108 2 0.0 4 11 2 0 26 12 3 2.24494824395e-58 4 0 
108 2 0.0 7 11 12 0 34 28 2 2.23030691013e-16 4 4 
108 2 0.0 13 19 2 0 21 20 1 0.135593615998 0 5 
108 2 0.0 8 9 4 0 41 36 2 0.0772406634301 2 5 
108 2 0.0 12 15 9 0 31 24 1 0.135593615998 0 7 
108 2 0.0 9 9 6 0 28 28 2 0.0772852227998 2 4 
108 2 0.0 1 6 1 0 14 2 3 2.05033665754e-60 2 0 
108 2 0.0 3 10 2 0 38 21 3 3.2742724e-47 5 0 
108 2 2.0 2 3 3 0 32 10 2 5.21361846274e-15 4 0 
108 2 2.0 6 13 12 0 35 21 2 4.90277447591e-27 5 3 
108 2 2.0 5 9 4 0 26 8 3 6.51100674654e-29 4 0 
108 2 2.0 11 9 8 0 33 32 2 0.113523341681 2 5 
108 2 2.0 10 5 1 0 31 28 2 0.11353522433 2 3 
108 2 2.0 4 11 2 0 26 12 3 1.43637417071e-28 4 0 
108 2 2.0 7 11 12 0 34 28 2 1.7480273985e-09 4 4 
108 2 2.0 13 19 2 0 21 20 1 0.072283358454 0 5 
108 2 2.0 8 9 4 0 41 36 2 0.113543538827 2 5 
108 2 2.0 12 15 9 0 31 24 1 0.0722833584211 0 7 
108 2 2.0 9 9 6 0 28 28 2 0.113549697992 2 4 
108 2 2.0 1 6 1 0 14 2 3 3.50792754293e-29 2 0 
108 2 2.0 3 10 2 0 38 21 3 5.48199996035e-13 5 0 
108 3 0.0 2 3 3 0 32 10 2 3.47592792418e-26 4 0 
108 3 0.0 6 13 12 0 35 21 2 1.74375756035e-38 5 3 
108 3 0.0 5 9 4 0 26 8 3 2.09913168618e-58 4 0 
108 3 0.0 11 9 8 0 33 32 2 0.0685834312815 2 5 
108 3 0.0 10 5 1 0 31 28 2 0.0685834361908 2 3 
108 3 0.0 4 11 2 0 26 12 3 2.12632193249e-58 4 0 
108 3 0.0 7 11 12 0 34 28 2 1.1718368199e-16 4 4 
108 3 0.0 13 19 2 0 21 20 1 0.132210871094 0 5 
108 3 0.0 8 9 4 0 41 36 2 0.0685120342348 2 5 
108 3 0.0 12 15 9 0 31 24 1 0.132210871094 0 7 
108 3 0.0 9 9 6 0 28 28 2 0.06856391615 2 4 
108 3 0.0 1 6 1 0 14 2 3 1.06601534851e-61 2 0 
108 3 0.0 3 10 2 0 38 21 3 4.66316176011e-47 5 0 
108 3 2.0 2 3 3 0 32 10 2 1.80533440456e-14 4 0 
108 3 2.0 6 13 12 0 35 21 2 7.32483508328e-28 5 3 
108 3 2.0 5 9 4 0 26 8 3 3.90947232364e-30 4 0 
108 3 2.0 11 9 8 0 33 32 2 0.0875797412529 2 5 
108 3 2.0 10 5 1 0 31 28 2 0.0876332071541 2 3 
108 3 2.0 4 11 2 0 26 12 3 3.75070757361e-27 4 0 
108 3 2.0 7 11 12 0 34 28 2 4.80197596575e-09 4 4 
108 3 2.0 13 19 2 0 21 20 1 0.213086353006 0 5 
108 3 2.0 8 9 4 0 41 36 2 0.0875859609955 2 5 
108 3 2.0 12 15 9 0 31 24 1 0.213086352865 0 7 
108 3 2.0 9 9 6 0 28 28 2 0.0875964374158 2 4 
108 3 2.0 1 6 1 0 14 2 3 6.92963300381e-32 2 0 
108 3 2.0 3 10 2 0 38 21 3 2.86311804127e-13 5 0 
108 4 0.0 2 3 3 0 32 10 2 1.26481416718e-26 4 0 
108 4 0.0 6 13 12 0 35 21 2 1.53479006302e-38 5 3 
108 4 0.0 5 9 4 0 26 8 3 4.91666784346e-60 4 0 
108 4 0.0 11 9 8 0 33 32 2 0.08132145687 2 5 
108 4 0.0 10 5 1 0 31 28 2 0.0813624545111 2 3 
108 4 0.0 4 11 2 0 26 12 3 2.05016642816e-58 4 0 
108 4 0.0 7 11 12 0 34 28 2 7.91583718785e-17 4 4 
108 4 0.0 13 19 2 0 21 20 1 0.232968932733 0 5 
108 4 0.0 8 9 4 0 41 36 2 0.0813034926673 2 5 
108 4 0.0 12 15 9 0 31 24 1 0.232968932733 0 7 
108 4 0.0 9 9 6 0 28 28 2 0.0813511567735 2 4 
108 4 0.0 1 6 1 0 14 2 3 1.08363464494e-60 2 0 
108 4 0.0 3 10 2 0 38 21 3 1.48814939919e-47 5 0 
108 4 2.0 2 3 3 0 32 10 2 6.89042088683e-12 4 0 
108 4 2.0 6 13 12 0 35 21 2 2.63167335626e-29 5 3 
108 4 2.0 5 9 4 0 26 8 3 9.81877155551e-32 4 0 
108 4 2.0 11 9 8 0 33 32 2 0.0617930006968 2 5 
108 4 2.0 10 5 1 0 31 28 2 0.0618318661385 2 3 
108 4 2.0 4 11 2 0 26 12 3 9.54196126683e-31 4 0 
108 4 2.0 7 11 12 0 34 28 2 1.13184282911e-07 4 4 
108 4 2.0 13 19 2 0 21 20 1 0.0835098307503 0 5 
108 4 2.0 8 9 4 0 41 36 2 0.0614542485357 2 5 
108 4 2.0 12 15 9 0 31 24 1 0.0835098287742 0 7 
108 4 2.0 9 9 6 0 28 28 2 0.0617967865129 2 4 
108 4 2.0 1 6 1 0 14 2 3 2.74758119687e-39 2 0 
108 4 2.0 3 10 2 0 38 21 3 1.72252321394e-12 5 0 
108 5 0.0 2 3 3 0 32 10 2 1.15109546625e-26 4 0 
108 5 0.0 6 13 12 0 35 21 2 5.72835413973e-39 5 3 
108 5 0.0 5 9 4 0 26 8 3 3.38949225333e-59 4 0 
108 5 0.0 11 9 8 0 33 32 2 0.0729451776625 2 5 
108 5 0.0 10 5 1 0 31 28 2 0.0729597687765 2 3 
108 5 0.0 4 11 2 0 26 12 3 5.32126957094e-59 4 0 
108 5 0.0 7 11 12 0 34 28 2 3.8736697333e-16 4 4 
108 5 0.0 13 19 2 0 21 20 1 0.131815960155 0 5 
108 5 0.0 8 9 4 0 41 36 2 0.0729280842851 2 5 
108 5 0.0 12 15 9 0 31 24 1 0.131815960155 0 7 
108 5 0.0 9 9 6 0 28 28 2 0.0729651171972 2 4 
108 5 0.0 1 6 1 0 14 2 3 4.13831013194e-60 2 0 
108 5 0.0 3 10 2 0 38 21 3 6.21540899392e-47 5 0 
108 5 2.0 2 3 3 0 32 10 2 3.14382745547e-13 4 0 
108 5 2.0 6 13 12 0 35 21 2 4.21777610624e-30 5 3 
108 5 2.0 5 9 4 0 26 8 3 4.10151979873e-32 4 0 
108 5 2.0 11 9 8 0 33 32 2 0.0520439749756 2 5 
108 5 2.0 10 5 1 0 31 28 2 0.0520790275502 2 3 
108 5 2.0 4 11 2 0 26 12 3 6.6679104317e-29 4 0 
108 5 2.0 7 11 12 0 34 28 2 1.7396778975e-08 4 4 
108 5 2.0 13 19 2 0 21 20 1 0.163064694578 0 5 
108 5 2.0 8 9 4 0 41 36 2 0.0519685490271 2 5 
108 5 2.0 12 15 9 0 31 24 1 0.163064693985 0 7 
108 5 2.0 9 9 6 0 28 28 2 0.0520603065692 2 4 
108 5 2.0 1 6 1 0 14 2 3 1.19859833666e-35 2 0 
108 5 2.0 3 10 2 0 38 21 3 1.87020276469e-13 5 0 
108 6 0.0 2 3 3 0 32 10 2 1.84160419923e-26 4 0 
108 6 0.0 6 13 12 0 35 21 2 2.63195408571e-38 5 3 
108 6 0.0 5 9 4 0 26 8 3 6.00905876822e-60 4 0 
108 6 0.0 11 9 8 0 33 32 2 0.0639917934823 2 5 
108 6 0.0 10 5 1 0 31 28 2 0.0640154808059 2 3 
108 6 0.0 4 11 2 0 26 12 3 9.19624223462e-59 4 0 
108 6 0.0 7 11 12 0 34 28 2 2.95009983108e-16 4 4 
108 6 0.0 13 19 2 0 21 20 1 0.136834847443 0 5 
108 6 0.0 8 9 4 0 41 36 2 0.0639843727757 2 5 
108 6 0.0 12 15 9 0 31 24 1 0.136834847443 0 7 
108 6 0.0 9 9 6 0 28 28 2 0.0640267573346 2 4 
108 6 0.0 1 6 1 0 14 2 3 2.04985908655e-60 2 0 
108 6 0.0 3 10 2 0 38 21 3 7.24541901648e-47 5 0 
108 6 2.0 2 3 3 0 32 10 2 5.56336186028e-14 4 0 
108 6 2.0 6 13 12 0 35 21 2 6.0119377235e-29 5 3 
108 6 2.0 5 9 4 0 26 8 3 4.55268261681e-32 4 0 
108 6 2.0 11 9 8 0 33 32 2 0.110051792823 2 5 
108 6 2.0 10 5 1 0 31 28 2 0.110136534809 2 3 
108 6 2.0 4 11 2 0 26 12 3 2.15842350782e-27 4 0 
108 6 2.0 7 11 12 0 34 28 2 4.36011107044e-09 4 4 
108 6 2.0 13 19 2 0 21 20 1 0.0766227022736 0 5 
108 6 2.0 8 9 4 0 41 36 2 0.110067688911 2 5 
108 6 2.0 12 15 9 0 31 24 1 0.0766227021836 0 7 
108 6 2.0 9 9 6 0 28 28 2 0.110122315376 2 4 
108 6 2.0 1 6 1 0 14 2 3 1.02202829289e-32 2 0 
108 6 2.0 3 10 2 0 38 21 3 9.24422069955e-13 5 0 
108 7 0.0 2 3 3 0 32 10 2 3.92057681687e-27 4 0 
108 7 0.0 6 13 12 0 35 21 2 6.40856299885e-38 5 3 
108 7 0.0 5 9 4 0 26 8 3 2.08543157829e-59 4 0 
108 7 0.0 11 9 8 0 33 32 2 0.0921811812154 2 5 
108 7 0.0 10 5 1 0 31 28 2 0.0921973024978 2 3 
108 7 0.0 4 11 2 0 26 12 3 9.01962143835e-59 4 0 
108 7 0.0 7 11 12 0 34 28 2 7.71119506991e-17 4 4 
108 7 0.0 13 19 2 0 21 20 1 0.172247328824 0 5 
108 7 0.0 8 9 4 0 41 36 2 0.0921711083902 2 5 
108 7 0.0 12 15 9 0 31 24 1 0.172247328824 0 7 
108 7 0.0 9 9 6 0 28 28 2 0.092218948661 2 4 
108 7 0.0 1 6 1 0 14 2 3 1.60919045983e-60 2 0 
108 7 0.0 3 10 2 0 38 21 3 2.50664788679e-47 5 0 
108 7 2.0 2 3 3 0 32 10 2 5.57820027121e-14 4 0 
108 7 2.0 6 13 12 0 35 21 2 7.06092799041e-29 5 3 
108 7 2.0 5 9 4 0 26 8 3 5.52834430558e-31 4 0 
108 7 2.0 11 9 8 0 33 32 2 0.0624000676433 2 5 
108 7 2.0 10 5 1 0 31 28 2 0.0624291125529 2 3 
108 7 2.0 4 11 2 0 26 12 3 3.31531014696e-29 4 0 
108 7 2.0 7 11 12 0 34 28 2 8.04371128485e-09 4 4 
108 7 2.0 13 19 2 0 21 20 1 0.194489871722 0 5 
108 7 2.0 8 9 4 0 41 36 2 0.0623767741896 2 5 
108 7 2.0 12 15 9 0 31 24 1 0.194489871454 0 7 
108 7 2.0 9 9 6 0 28 28 2 0.0624183275116 2 4 
108 7 2.0 1 6 1 0 14 2 3 1.74706569431e-33 2 0 
108 7 2.0 3 10 2 0 38 21 3 1.66035511106e-13 5 0 
108 8 0.0 2 3 3 0 32 10 2 5.24752661908e-26 4 0 
108 8 0.0 6 13 12 0 35 21 2 1.33864591858e-39 5 3 
108 8 0.0 5 9 4 0 26 8 3 1.34119736938e-60 4 0 
108 8 0.0 11 9 8 0 33 32 2 0.0604317900817 2 5 
108 8 0.0 10 5 1 0 31 28 2 0.0604657838362 2 3 
108 8 0.0 4 11 2 0 26 12 3 1.42141034424e-58 4 0 
108 8 0.0 7 11 12 0 34 28 2 1.31709642304e-16 4 4 
108 8 0.0 13 19 2 0 21 20 1 0.144374458276 0 5 
108 8 0.0 8 9 4 0 41 36 2 0.0603982538199 2 5 
108 8 0.0 12 15 9 0 31 24 1 0.144374458276 0 7 
108 8 0.0 9 9 6 0 28 28 2 0.0604697931607 2 4 
108 8 0.0 1 6 1 0 14 2 3 8.42893585514e-62 2 0 
108 8 0.0 3 10 2 0 38 21 3 8.48516116332e-47 5 0 
108 8 2.0 2 3 3 0 32 10 2 1.41217358336e-12 4 0 
108 8 2.0 6 13 12 0 35 21 2 1.43783951756e-28 5 3 
108 8 2.0 5 9 4 0 26 8 3 4.04001928163e-31 4 0 
108 8 2.0 11 9 8 0 33 32 2 0.0866025820308 2 5 
108 8 2.0 10 5 1 0 31 28 2 0.0866612461957 2 3 
108 8 2.0 4 11 2 0 26 12 3 1.5454650966e-29 4 0 
108 8 2.0 7 11 12 0 34 28 2 7.11231016204e-08 4 4 
108 8 2.0 13 19 2 0 21 20 1 0.0644226778651 0 5 
108 8 2.0 8 9 4 0 41 36 2 0.0864163829154 2 5 
108 8 2.0 12 15 9 0 31 24 1 0.0644226774105 0 7 
108 8 2.0 9 9 6 0 28 28 2 0.0866090604036 2 4 
108 8 2.0 1 6 1 0 14 2 3 1.07233786536e-36 2 0 
108 8 2.0 3 10 2 0 38 21 3 1.39228679165e-12 5 0 
108 9 0.0 2 3 3 0 32 10 2 7.4826048558e-27 4 0 
108 9 0.0 6 13 12 0 35 21 2 1.87742595995e-38 5 3 
108 9 0.0 5 9 4 0 26 8 3 8.73918467961e-60 4 0 
108 9 0.0 11 9 8 0 33 32 2 0.0633596751571 2 5 
108 9 0.0 10 5 1 0 31 28 2 0.06340199324 2 3 
108 9 0.0 4 11 2 0 26 12 3 3.2021305346e-58 4 0 
108 9 0.0 7 11 12 0 34 28 2 7.55355678169e-17 4 4 
108 9 0.0 13 19 2 0 21 20 1 0.138275696354 0 5 
108 9 0.0 8 9 4 0 41 36 2 0.0633896419223 2 5 
108 9 0.0 12 15 9 0 31 24 1 0.138275696354 0 7 
108 9 0.0 9 9 6 0 28 28 2 0.0634155049667 2 4 
108 9 0.0 1 6 1 0 14 2 3 9.13493699489e-60 2 0 
108 9 0.0 3 10 2 0 38 21 3 3.87177983324e-47 5 0 
108 9 2.0 2 3 3 0 32 10 2 1.37886934137e-13 4 0 
108 9 2.0 6 13 12 0 35 21 2 5.84259755665e-29 5 3 
108 9 2.0 5 9 4 0 26 8 3 4.88727946996e-31 4 0 
108 9 2.0 11 9 8 0 33 32 2 0.0652616653751 2 5 
108 9 2.0 10 5 1 0 31 28 2 0.06529397166 2 3 
108 9 2.0 4 11 2 0 26 12 3 2.40705991983e-29 4 0 
108 9 2.0 7 11 12 0 34 28 2 1.62593539237e-08 4 4 
108 9 2.0 13 19 2 0 21 20 1 0.197878123066 0 5 
108 9 2.0 8 9 4 0 41 36 2 0.0651890060429 2 5 
108 9 2.0 12 15 9 0 31 24 1 0.19787812268 0 7 
108 9 2.0 9 9 6 0 28 28 2 0.0652703515028 2 4 
108 9 2.0 1 6 1 0 14 2 3 6.32626902933e-35 2 0 
108 9 2.0 3 10 2 0 38 21 3 1.69028817962e-13 5 0 
108 10 0.0 2 3 3 0 32 10 2 1.44150028408e-26 4 0 
108 10 0.0 6 13 12 0 35 21 2 3.81972679159e-39 5 3 
108 10 0.0 5 9 4 0 26 8 3 3.54778654174e-60 4 0 
108 10 0.0 11 9 8 0 33 32 2 0.0750001425571 2 5 
108 10 0.0 10 5 1 0 31 28 2 0.074986599013 2 3 
108 10 0.0 4 11 2 0 26 12 3 6.15066663088e-61 4 0 
108 10 0.0 7 11 12 0 34 28 2 3.92988138718e-15 4 4 
108 10 0.0 13 19 2 0 21 20 1 0.232542786989 0 5 
108 10 0.0 8 9 4 0 41 36 2 0.0747793618971 2 5 
108 10 0.0 12 15 9 0 31 24 1 0.232542786989 0 7 
108 10 0.0 9 9 6 0 28 28 2 0.0750017740783 2 4 
108 10 0.0 1 6 1 0 14 2 3 9.91924205363e-64 2 0 
108 10 0.0 3 10 2 0 38 21 3 6.0105375413e-48 5 0 
108 10 2.0 2 3 3 0 32 10 2 3.40231498501e-13 4 0 
108 10 2.0 6 13 12 0 35 21 2 1.66186969424e-28 5 3 
108 10 2.0 5 9 4 0 26 8 3 3.36277730539e-31 4 0 
108 10 2.0 11 9 8 0 33 32 2 0.119524339677 2 5 
108 10 2.0 10 5 1 0 31 28 2 0.119600564924 2 3 
108 10 2.0 4 11 2 0 26 12 3 1.57990769388e-29 4 0 
108 10 2.0 7 11 12 0 34 28 2 3.82493440292e-08 4 4 
108 10 2.0 13 19 2 0 21 20 1 0.178244621863 0 5 
108 10 2.0 8 9 4 0 41 36 2 0.119370871399 2 5 
108 10 2.0 12 15 9 0 31 24 1 0.178244621346 0 7 
108 10 2.0 9 9 6 0 28 28 2 0.11954471897 2 4 
108 10 2.0 1 6 1 0 14 2 3 1.02379297214e-35 2 0 
108 10 2.0 3 10 2 0 38 21 3 1.31481661145e-13 5 0 
108 11 0.0 2 3 3 0 32 10 2 4.22301355735e-27 4 0 
108 11 0.0 6 13 12 0 35 21 2 4.2017352937e-38 5 3 
108 11 0.0 5 9 4 0 26 8 3 1.96907105388e-59 4 0 
108 11 0.0 11 9 8 0 33 32 2 0.0880345436563 2 5 
108 11 0.0 10 5 1 0 31 28 2 0.0880242072258 2 3 
108 11 0.0 4 11 2 0 26 12 3 2.05500626847e-59 4 0 
108 11 0.0 7 11 12 0 34 28 2 9.82573159123e-17 4 4 
108 11 0.0 13 19 2 0 21 20 1 0.216040373611 0 5 
108 11 0.0 8 9 4 0 41 36 2 0.0879849751535 2 5 
108 11 0.0 12 15 9 0 31 24 1 0.216040373611 0 7 
108 11 0.0 9 9 6 0 28 28 2 0.0880518419124 2 4 
108 11 0.0 1 6 1 0 14 2 3 6.27117711254e-61 2 0 
108 11 0.0 3 10 2 0 38 21 3 7.42796684519e-48 5 0 
108 11 2.0 2 3 3 0 32 10 2 1.10417613297e-14 4 0 
108 11 2.0 6 13 12 0 35 21 2 1.88566753042e-27 5 3 
108 11 2.0 5 9 4 0 26 8 3 5.31622350384e-30 4 0 
108 11 2.0 11 9 8 0 33 32 2 0.100078075646 2 5 
108 11 2.0 10 5 1 0 31 28 2 0.100128494609 2 3 
108 11 2.0 4 11 2 0 26 12 3 7.34652039552e-28 4 0 
108 11 2.0 7 11 12 0 34 28 2 4.30713741965e-09 4 4 
108 11 2.0 13 19 2 0 21 20 1 0.0540348264733 0 5 
108 11 2.0 8 9 4 0 41 36 2 0.100109400688 2 5 
108 11 2.0 12 15 9 0 31 24 1 0.0540348264604 0 7 
108 11 2.0 9 9 6 0 28 28 2 0.100125739517 2 4 
108 11 2.0 1 6 1 0 14 2 3 2.06629622885e-30 2 0 
108 11 2.0 3 10 2 0 38 21 3 7.8957223205e-14 5 0 
108 12 0.0 2 3 3 0 32 10 2 1.17090666803e-27 4 0 
108 12 0.0 6 13 12 0 35 21 2 5.04212946637e-39 5 3 
108 12 0.0 5 9 4 0 26 8 3 1.13870730557e-59 4 0 
108 12 0.0 11 9 8 0 33 32 2 0.0886390621636 2 5 
108 12 0.0 10 5 1 0 31 28 2 0.0887874074673 2 3 
108 12 0.0 4 11 2 0 26 12 3 1.27080957249e-56 4 0 
108 12 0.0 7 11 12 0 34 28 2 7.4013479991e-18 4 4 
108 12 0.0 13 19 2 0 21 20 1 0.156754255576 0 5 
108 12 0.0 8 9 4 0 41 36 2 0.0887789995132 2 5 
108 12 0.0 12 15 9 0 31 24 1 0.156754255576 0 7 
108 12 0.0 9 9 6 0 28 28 2 0.088781734669 2 4 
108 12 0.0 1 6 1 0 14 2 3 1.35529252343e-57 2 0 
108 12 0.0 3 10 2 0 38 21 3 4.36391732576e-47 5 0 
108 12 2.0 2 3 3 0 32 10 2 6.95846385594e-13 4 0 
108 12 2.0 6 13 12 0 35 21 2 6.15547577258e-29 5 3 
108 12 2.0 5 9 4 0 26 8 3 1.10650860646e-31 4 0 
108 12 2.0 11 9 8 0 33 32 2 0.129366904317 2 5 
108 12 2.0 10 5 1 0 31 28 2 0.129460300965 2 3 
108 12 2.0 4 11 2 0 26 12 3 2.84307937588e-29 4 0 
108 12 2.0 7 11 12 0 34 28 2 4.67641096649e-08 4 4 
108 12 2.0 13 19 2 0 21 20 1 0.108836231653 0 5 
108 12 2.0 8 9 4 0 41 36 2 0.129204639645 2 5 
108 12 2.0 12 15 9 0 31 24 1 0.108836231112 0 7 
108 12 2.0 9 9 6 0 28 28 2 0.129394276779 2 4 
108 12 2.0 1 6 1 0 14 2 3 6.27763451932e-36 2 0 
108 12 2.0 3 10 2 0 38 21 3 6.8936869153e-13 5 0 
108 13 0.0 2 3 3 0 32 10 2 1.95787543825e-26 4 0 
108 13 0.0 6 13 12 0 35 21 2 1.47573391308e-38 5 3 
108 13 0.0 5 9 4 0 26 8 3 1.69638389992e-60 4 0 
108 13 0.0 11 9 8 0 33 32 2 0.0793043536047 2 5 
108 13 0.0 10 5 1 0 31 28 2 0.079379925852 2 3 
108 13 0.0 4 11 2 0 26 12 3 9.59618317319e-58 4 0 
108 13 0.0 7 11 12 0 34 28 2 2.65254811495e-17 4 4 
108 13 0.0 13 19 2 0 21 20 1 0.138429260252 0 5 
108 13 0.0 8 9 4 0 41 36 2 0.07933774896 2 5 
108 13 0.0 12 15 9 0 31 24 1 0.138429260252 0 7 
108 13 0.0 9 9 6 0 28 28 2 0.0793838598279 2 4 
108 13 0.0 1 6 1 0 14 2 3 9.41038715266e-61 2 0 
108 13 0.0 3 10 2 0 38 21 3 2.88734197236e-47 5 0 
108 13 2.0 2 3 3 0 32 10 2 7.0306631828e-14 4 0 
108 13 2.0 6 13 12 0 35 21 2 5.09240157532e-29 5 3 
108 13 2.0 5 9 4 0 26 8 3 1.40512033055e-29 4 0 
108 13 2.0 11 9 8 0 33 32 2 0.115715969727 2 5 
108 13 2.0 10 5 1 0 31 28 2 0.1157390799 2 3 
108 13 2.0 4 11 2 0 26 12 3 1.44802690893e-28 4 0 
108 13 2.0 7 11 12 0 34 28 2 9.25779242722e-09 4 4 
108 13 2.0 13 19 2 0 21 20 1 0.0724738904638 0 5 
108 13 2.0 8 9 4 0 41 36 2 0.115655828823 2 5 
108 13 2.0 12 15 9 0 31 24 1 0.0724738903917 0 7 
108 13 2.0 9 9 6 0 28 28 2 0.115720889457 2 4 
108 13 2.0 1 6 1 0 14 2 3 6.33289966993e-33 2 0 
108 13 2.0 3 10 2 0 38 21 3 4.76960513127e-13 5 0 
108 14 0.0 2 3 3 0 32 10 2 9.68811442636e-26 4 0 
108 14 0.0 6 13 12 0 35 21 2 3.43346976972e-38 5 3 
108 14 0.0 5 9 4 0 26 8 3 3.86427654989e-60 4 0 
108 14 0.0 11 9 8 0 33 32 2 0.0825728087247 2 5 
108 14 0.0 10 5 1 0 31 28 2 0.0825934386194 2 3 
108 14 0.0 4 11 2 0 26 12 3 3.80697049843e-59 4 0 
108 14 0.0 7 11 12 0 34 28 2 1.3260004177e-16 4 4 
108 14 0.0 13 19 2 0 21 20 1 0.22739771956 0 5 
108 14 0.0 8 9 4 0 41 36 2 0.0824913893276 2 5 
108 14 0.0 12 15 9 0 31 24 1 0.22739771956 0 7 
108 14 0.0 9 9 6 0 28 28 2 0.0826042349559 2 4 
108 14 0.0 1 6 1 0 14 2 3 2.0717084555e-62 2 0 
108 14 0.0 3 10 2 0 38 21 3 8.99825183836e-48 5 0 
108 14 2.0 2 3 3 0 32 10 2 5.0643639972e-16 4 0 
108 14 2.0 6 13 12 0 35 21 2 1.81016928584e-26 5 3 
108 14 2.0 5 9 4 0 26 8 3 6.20597872966e-28 4 0 
108 14 2.0 11 9 8 0 33 32 2 0.0614567081547 2 5 
108 14 2.0 10 5 1 0 31 28 2 0.0614791251046 2 3 
108 14 2.0 4 11 2 0 26 12 3 3.622252135e-27 4 0 
108 14 2.0 7 11 12 0 34 28 2 1.32466866489e-09 4 4 
108 14 2.0 13 19 2 0 21 20 1 0.0768621939206 0 5 
108 14 2.0 8 9 4 0 41 36 2 0.0614884186668 2 5 
108 14 2.0 12 15 9 0 31 24 1 0.0768621938932 0 7 
108 14 2.0 9 9 6 0 28 28 2 0.0614778570758 2 4 
108 14 2.0 1 6 1 0 14 2 3 1.16057368374e-26 2 0 
108 14 2.0 3 10 2 0 38 21 3 7.23657391504e-13 5 0 
108 15 0.0 2 3 3 0 32 10 2 7.22497603285e-25 4 0 
108 15 0.0 6 13 12 0 35 21 2 1.19612435064e-39 5 3 
108 15 0.0 5 9 4 0 26 8 3 4.28036215822e-61 4 0 
108 15 0.0 11 9 8 0 33 32 2 0.0703710163932 2 5 
108 15 0.0 10 5 1 0 31 28 2 0.0703746520587 2 3 
108 15 0.0 4 11 2 0 26 12 3 1.30100075261e-60 4 0 
108 15 0.0 7 11 12 0 34 28 2 1.34697011908e-15 4 4 
108 15 0.0 13 19 2 0 21 20 1 0.140200916452 0 5 
108 15 0.0 8 9 4 0 41 36 2 0.0698681289518 2 5 
108 15 0.0 12 15 9 0 31 24 1 0.140200916452 0 7 
108 15 0.0 9 9 6 0 28 28 2 0.0703782163496 2 4 
108 15 0.0 1 6 1 0 14 2 3 9.5414362746e-66 2 0 
108 15 0.0 3 10 2 0 38 21 3 8.15724230711e-47 5 0 
108 15 2.0 2 3 3 0 32 10 2 1.7383867348e-13 4 0 
108 15 2.0 6 13 12 0 35 21 2 1.20889120853e-28 5 3 
108 15 2.0 5 9 4 0 26 8 3 1.17044417011e-30 4 0 
108 15 2.0 11 9 8 0 33 32 2 0.0651449847396 2 5 
108 15 2.0 10 5 1 0 31 28 2 0.0651813402315 2 3 
108 15 2.0 4 11 2 0 26 12 3 1.23788474613e-29 4 0 
108 15 2.0 7 11 12 0 34 28 2 2.38790580836e-08 4 4 
108 15 2.0 13 19 2 0 21 20 1 0.198219101878 0 5 
108 15 2.0 8 9 4 0 41 36 2 0.0650716570689 2 5 
108 15 2.0 12 15 9 0 31 24 1 0.198219101416 0 7 
108 15 2.0 9 9 6 0 28 28 2 0.0651526422209 2 4 
108 15 2.0 1 6 1 0 14 2 3 3.95854480473e-35 2 0 
108 15 2.0 3 10 2 0 38 21 3 1.83361552692e-13 5 0 
108 16 0.0 2 3 3 0 32 10 2 9.78778017626e-25 4 0 
108 16 0.0 6 13 12 0 35 21 2 3.68033878594e-38 5 3 
108 16 0.0 5 9 4 0 26 8 3 5.91056042247e-61 4 0 
108 16 0.0 11 9 8 0 33 32 2 0.0842907924045 2 5 
108 16 0.0 10 5 1 0 31 28 2 0.084292666009 2 3 
108 16 0.0 4 11 2 0 26 12 3 2.11579961334e-60 4 0 
108 16 0.0 7 11 12 0 34 28 2 1.42241990778e-15 4 4 
108 16 0.0 13 19 2 0 21 20 1 0.152092178006 0 5 
108 16 0.0 8 9 4 0 41 36 2 0.083908580534 2 5 
108 16 0.0 12 15 9 0 31 24 1 0.152092178006 0 7 
108 16 0.0 9 9 6 0 28 28 2 0.0843016457474 2 4 
108 16 0.0 1 6 1 0 14 2 3 3.11682099285e-65 2 0 
108 16 0.0 3 10 2 0 38 21 3 4.16517841443e-47 5 0 
108 16 2.0 2 3 3 0 32 10 2 4.65355192416e-12 4 0 
108 16 2.0 6 13 12 0 35 21 2 4.7562631572e-29 5 3 
108 16 2.0 5 9 4 0 26 8 3 3.05263409946e-31 4 0 
108 16 2.0 11 9 8 0 33 32 2 0.117810261686 2 5 
108 16 2.0 10 5 1 0 31 28 2 0.117858427516 2 3 
108 16 2.0 4 11 2 0 26 12 3 2.29806205658e-30 4 0 
108 16 2.0 7 11 12 0 34 28 2 9.17068969612e-08 4 4 
108 16 2.0 13 19 2 0 21 20 1 0.08224272537 0 5 
108 16 2.0 8 9 4 0 41 36 2 0.117335229059 2 5 
108 16 2.0 12 15 9 0 31 24 1 0.0822427242558 0 7 
108 16 2.0 9 9 6 0 28 28 2 0.11781629988 2 4 
108 16 2.0 1 6 1 0 14 2 3 3.15122953485e-38 2 0 
108 16 2.0 3 10 2 0 38 21 3 7.07006337336e-13 5 0 
108 17 0.0 2 3 3 0 32 10 2 7.54209661407e-26 4 0 
108 17 0.0 6 13 12 0 35 21 2 1.78584593894e-38 5 3 
108 17 0.0 5 9 4 0 26 8 3 3.83648652984e-61 4 0 
108 17 0.0 11 9 8 0 33 32 2 0.0775246726957 2 5 
108 17 0.0 10 5 1 0 31 28 2 0.0775685880845 2 3 
108 17 0.0 4 11 2 0 26 12 3 1.287161853e-58 4 0 
108 17 0.0 7 11 12 0 34 28 2 8.90168222056e-16 4 4 
108 17 0.0 13 19 2 0 21 20 1 0.139398775305 0 5 
108 17 0.0 8 9 4 0 41 36 2 0.0774969518462 2 5 
108 17 0.0 12 15 9 0 31 24 1 0.139398775305 0 7 
108 17 0.0 9 9 6 0 28 28 2 0.0775731410883 2 4 
108 17 0.0 1 6 1 0 14 2 3 3.28692642547e-61 2 0 
108 17 0.0 3 10 2 0 38 21 3 2.55144773007e-47 5 0 
108 17 2.0 2 3 3 0 32 10 2 7.11341201456e-16 4 0 
108 17 2.0 6 13 12 0 35 21 2 3.30999603852e-27 5 3 
108 17 2.0 5 9 4 0 26 8 3 1.19549709039e-27 4 0 
108 17 2.0 11 9 8 0 33 32 2 0.0432201267593 2 5 
108 17 2.0 10 5 1 0 31 28 2 0.0432264900658 2 3 
108 17 2.0 4 11 2 0 26 12 3 1.23754928862e-26 4 0 
108 17 2.0 7 11 12 0 34 28 2 7.83590128035e-11 4 4 
108 17 2.0 13 19 2 0 21 20 1 0.0990228997055 0 5 
108 17 2.0 8 9 4 0 41 36 2 0.0432310148489 2 5 
108 17 2.0 12 15 9 0 31 24 1 0.099022899682 0 7 
108 17 2.0 9 9 6 0 28 28 2 0.0432150817711 2 4 
108 17 2.0 1 6 1 0 14 2 3 7.98124402682e-27 2 0 
108 17 2.0 3 10 2 0 38 21 3 8.92969128336e-14 5 0 
108 18 0.0 2 3 3 0 32 10 2 3.48471747417e-26 4 0 
108 18 0.0 6 13 12 0 35 21 2 1.48123799022e-38 5 3 
108 18 0.0 5 9 4 0 26 8 3 3.92079569267e-60 4 0 
108 18 0.0 11 9 8 0 33 32 2 0.0582079704443 2 5 
108 18 0.0 10 5 1 0 31 28 2 0.0582134352582 2 3 
108 18 0.0 4 11 2 0 26 12 3 1.09225653964e-59 4 0 
108 18 0.0 7 11 12 0 34 28 2 1.01912838052e-15 4 4 
108 18 0.0 13 19 2 0 21 20 1 0.152330678896 0 5 
108 18 0.0 8 9 4 0 41 36 2 0.0581107082376 2 5 
108 18 0.0 12 15 9 0 31 24 1 0.152330678896 0 7 
108 18 0.0 9 9 6 0 28 28 2 0.0582192283977 2 4 
108 18 0.0 1 6 1 0 14 2 3 7.93299540352e-63 2 0 
108 18 0.0 3 10 2 0 38 21 3 7.94623324386e-47 5 0 
108 18 2.0 2 3 3 0 32 10 2 4.29815608306e-14 4 0 
108 18 2.0 6 13 12 0 35 21 2 1.35929737865e-29 5 3 
108 18 2.0 5 9 4 0 26 8 3 6.798286143e-30 4 0 
108 18 2.0 11 9 8 0 33 32 2 0.0521882212781 2 5 
108 18 2.0 10 5 1 0 31 28 2 0.0522050337582 2 3 
108 18 2.0 4 11 2 0 26 12 3 4.18873950807e-28 4 0 
108 18 2.0 7 11 12 0 34 28 2 4.76111519342e-09 4 4 
108 18 2.0 13 19 2 0 21 20 1 0.0981344118732 0 5 
108 18 2.0 8 9 4 0 41 36 2 0.0521729336838 2 5 
108 18 2.0 12 15 9 0 31 24 1 0.098134411713 0 7 
108 18 2.0 9 9 6 0 28 28 2 0.0521945932607 2 4 
108 18 2.0 1 6 1 0 14 2 3 1.72913013962e-32 2 0 
108 18 2.0 3 10 2 0 38 21 3 6.86029105136e-13 5 0 
108 19 0.0 2 3 3 0 32 10 2 8.05805324999e-28 4 0 
108 19 0.0 6 13 12 0 35 21 2 1.46737150411e-38 5 3 
108 19 0.0 5 9 4 0 26 8 3 1.96509338871e-59 4 0 
108 19 0.0 11 9 8 0 33 32 2 0.0696128724282 2 5 
108 19 0.0 10 5 1 0 31 28 2 0.0696341603066 2 3 
108 19 0.0 4 11 2 0 26 12 3 2.09655317806e-58 4 0 
108 19 0.0 7 11 12 0 34 28 2 3.31388016081e-17 4 4 
108 19 0.0 13 19 2 0 21 20 1 0.133832953763 0 5 
108 19 0.0 8 9 4 0 41 36 2 0.069622346668 2 5 
108 19 0.0 12 15 9 0 31 24 1 0.133832953763 0 7 
108 19 0.0 9 9 6 0 28 28 2 0.0696502729766 2 4 
108 19 0.0 1 6 1 0 14 2 3 9.12800215154e-60 2 0 
108 19 0.0 3 10 2 0 38 21 3 9.31919629369e-48 5 0 
108 19 2.0 2 3 3 0 32 10 2 4.14765268722e-15 4 0 
108 19 2.0 6 13 12 0 35 21 2 2.3084479754e-27 5 3 
108 19 2.0 5 9 4 0 26 8 3 7.80664370114e-29 4 0 
108 19 2.0 11 9 8 0 33 32 2 0.114995225558 2 5 
108 19 2.0 10 5 1 0 31 28 2 0.115019477594 2 3 
108 19 2.0 4 11 2 0 26 12 3 4.90312720144e-28 4 0 
108 19 2.0 7 11 12 0 34 28 2 1.81478900502e-09 4 4 
108 19 2.0 13 19 2 0 21 20 1 0.0724105560036 0 5 
108 19 2.0 8 9 4 0 41 36 2 0.115021261674 2 5 
108 19 2.0 12 15 9 0 31 24 1 0.0724105559771 0 7 
108 19 2.0 9 9 6 0 28 28 2 0.115023758551 2 4 
108 19 2.0 1 6 1 0 14 2 3 4.15721053985e-29 2 0 
108 19 2.0 3 10 2 0 38 21 3 5.58269299315e-13 5 0 
108 20 0.0 2 3 3 0 32 10 2 2.91872203985e-26 4 0 
108 20 0.0 6 13 12 0 35 21 2 1.25693842154e-38 5 3 
108 20 0.0 5 9 4 0 26 8 3 2.86770096192e-60 4 0 
108 20 0.0 11 9 8 0 33 32 2 0.0664285892499 2 5 
108 20 0.0 10 5 1 0 31 28 2 0.0664579740061 2 3 
108 20 0.0 4 11 2 0 26 12 3 9.9405783187e-59 4 0 
108 20 0.0 7 11 12 0 34 28 2 2.60382160181e-16 4 4 
108 20 0.0 13 19 2 0 21 20 1 0.134523390558 0 5 
108 20 0.0 8 9 4 0 41 36 2 0.0663993812644 2 5 
108 20 0.0 12 15 9 0 31 24 1 0.134523390558 0 7 
108 20 0.0 9 9 6 0 28 28 2 0.0664630310566 2 4 
108 20 0.0 1 6 1 0 14 2 3 3.70323637133e-61 2 0 
108 20 0.0 3 10 2 0 38 21 3 7.00895202556e-47 5 0 
108 20 2.0 2 3 3 0 32 10 2 1.24801874299e-15 4 0 
108 20 2.0 6 13 12 0 35 21 2 1.5213868392e-27 5 3 
108 20 2.0 5 9 4 0 26 8 3 1.39254344825e-30 4 0 
108 20 2.0 11 9 8 0 33 32 2 0.093674869739 2 5 
108 20 2.0 10 5 1 0 31 28 2 0.0937883421869 2 3 
108 20 2.0 4 11 2 0 26 12 3 5.94809870571e-27 4 0 
108 20 2.0 7 11 12 0 34 28 2 2.14449006786e-10 4 4 
108 20 2.0 13 19 2 0 21 20 1 0.206215281115 0 5 
108 20 2.0 8 9 4 0 41 36 2 0.0937899897876 2 5 
108 20 2.0 12 15 9 0 31 24 1 0.206215281064 0 7 
108 20 2.0 9 9 6 0 28 28 2 0.0937951799258 2 4 
108 20 2.0 1 6 1 0 14 2 3 4.31075669935e-28 2 0 
108 20 2.0 3 10 2 0 38 21 3 1.61456695085e-13 5 0 
108 21 0.0 2 3 3 0 32 10 2 4.22470594709e-26 4 0 
108 21 0.0 6 13 12 0 35 21 2 5.80118121445e-39 5 3 
108 21 0.0 5 9 4 0 26 8 3 1.24886182233e-59 4 0 
108 21 0.0 11 9 8 0 33 32 2 0.0606011481062 2 5 
108 21 0.0 10 5 1 0 31 28 2 0.0606046083691 2 3 
108 21 0.0 4 11 2 0 26 12 3 1.12896480506e-59 4 0 
108 21 0.0 7 11 12 0 34 28 2 2.36597144271e-16 4 4 
108 21 0.0 13 19 2 0 21 20 1 0.141652934024 0 5 
108 21 0.0 8 9 4 0 41 36 2 0.0605224919821 2 5 
108 21 0.0 12 15 9 0 31 24 1 0.141652934024 0 7 
108 21 0.0 9 9 6 0 28 28 2 0.0606103517965 2 4 
108 21 0.0 1 6 1 0 14 2 3 3.38569815903e-62 2 0 
108 21 0.0 3 10 2 0 38 21 3 5.54481403209e-47 5 0 
108 21 2.0 2 3 3 0 32 10 2 2.24252444391e-14 4 0 
108 21 2.0 6 13 12 0 35 21 2 1.35662648481e-27 5 3 
108 21 2.0 5 9 4 0 26 8 3 1.1833682106e-30 4 0 
108 21 2.0 11 9 8 0 33 32 2 0.0616447301335 2 5 
108 21 2.0 10 5 1 0 31 28 2 0.0616780144635 2 3 
108 21 2.0 4 11 2 0 26 12 3 1.49763508454e-27 4 0 
108 21 2.0 7 11 12 0 34 28 2 2.16061773216e-09 4 4 
108 21 2.0 13 19 2 0 21 20 1 0.0561880410823 0 5 
108 21 2.0 8 9 4 0 41 36 2 0.0616499778835 2 5 
108 21 2.0 12 15 9 0 31 24 1 0.0561880410567 0 7 
108 21 2.0 9 9 6 0 28 28 2 0.0616689564923 2 4 
108 21 2.0 1 6 1 0 14 2 3 2.47578385976e-31 2 0 
108 21 2.0 3 10 2 0 38 21 3 1.44214652376e-13 5 0 
108 22 0.0 2 3 3 0 32 10 2 7.33490320338e-27 4 0 
108 22 0.0 6 13 12 0 35 21 2 4.58727308981e-37 5 3 
108 22 0.0 5 9 4 0 26 8 3 1.80291804492e-59 4 0 
108 22 0.0 11 9 8 0 33 32 2 0.0891154252418 2 5 
108 22 0.0 10 5 1 0 31 28 2 0.089148225584 2 3 
108 22 0.0 4 11 2 0 26 12 3 1.24780958007e-58 4 0 
108 22 0.0 7 11 12 0 34 28 2 1.32691098866e-16 4 4 
108 22 0.0 13 19 2 0 21 20 1 0.212140772427 0 5 
108 22 0.0 8 9 4 0 41 36 2 0.0891349762536 2 5 
108 22 0.0 12 15 9 0 31 24 1 0.212140772427 0 7 
108 22 0.0 9 9 6 0 28 28 2 0.089167356087 2 4 
108 22 0.0 1 6 1 0 14 2 3 7.44123566285e-60 2 0 
108 22 0.0 3 10 2 0 38 21 3 5.9572213203e-48 5 0 
108 22 2.0 2 3 3 0 32 10 2 9.27641820776e-12 4 0 
108 22 2.0 6 13 12 0 35 21 2 9.34609182897e-29 5 3 
108 22 2.0 5 9 4 0 26 8 3 8.62334598142e-33 4 0 
108 22 2.0 11 9 8 0 33 32 2 0.0747000086821 2 5 
108 22 2.0 10 5 1 0 31 28 2 0.0747660352124 2 3 
108 22 2.0 4 11 2 0 26 12 3 4.66856787576e-30 4 0 
108 22 2.0 7 11 12 0 34 28 2 1.49526131008e-07 4 4 
108 22 2.0 13 19 2 0 21 20 1 0.0741434500368 0 5 
108 22 2.0 8 9 4 0 41 36 2 0.0743288631894 2 5 
108 22 2.0 12 15 9 0 31 24 1 0.0741434478697 0 7 
108 22 2.0 9 9 6 0 28 28 2 0.0747101866884 2 4 
108 22 2.0 1 6 1 0 14 2 3 3.73875128439e-39 2 0 
108 22 2.0 3 10 2 0 38 21 3 1.81573633146e-12 5 0 
108 23 0.0 2 3 3 0 32 10 2 1.33547844262e-26 4 0 
108 23 0.0 6 13 12 0 35 21 2 3.09010958676e-39 5 3 
108 23 0.0 5 9 4 0 26 8 3 1.74251724113e-58 4 0 
108 23 0.0 11 9 8 0 33 32 2 0.0726921548039 2 5 
108 23 0.0 10 5 1 0 31 28 2 0.0726901594506 2 3 
108 23 0.0 4 11 2 0 26 12 3 1.57822745918e-58 4 0 
108 23 0.0 7 11 12 0 34 28 2 2.38807296539e-16 4 4 
108 23 0.0 13 19 2 0 21 20 1 0.133062613136 0 5 
108 23 0.0 8 9 4 0 41 36 2 0.0726304723143 2 5 
108 23 0.0 12 15 9 0 31 24 1 0.133062613136 0 7 
108 23 0.0 9 9 6 0 28 28 2 0.0726698607201 2 4 
108 23 0.0 1 6 1 0 14 2 3 4.93169420179e-61 2 0 
108 23 0.0 3 10 2 0 38 21 3 3.05954414347e-47 5 0 
108 23 2.0 2 3 3 0 32 10 2 1.84306272332e-14 4 0 
108 23 2.0 6 13 12 0 35 21 2 1.76050664106e-27 5 3 
108 23 2.0 5 9 4 0 26 8 3 9.26852430424e-31 4 0 
108 23 2.0 11 9 8 0 33 32 2 0.0630263579882 2 5 
108 23 2.0 10 5 1 0 31 28 2 0.0630632877913 2 3 
108 23 2.0 4 11 2 0 26 12 3 2.49006555614e-28 4 0 
108 23 2.0 7 11 12 0 34 28 2 2.11094700574e-09 4 4 
108 23 2.0 13 19 2 0 21 20 1 0.0570221998818 0 5 
108 23 2.0 8 9 4 0 41 36 2 0.0630492164595 2 5 
108 23 2.0 12 15 9 0 31 24 1 0.057022199848 0 7 
108 23 2.0 9 9 6 0 28 28 2 0.0630648154022 2 4 
108 23 2.0 1 6 1 0 14 2 3 7.85630671743e-31 2 0 
108 23 2.0 3 10 2 0 38 21 3 9.94484602034e-14 5 0 
108 24 0.0 2 3 3 0 32 10 2 5.90318293025e-27 4 0 
108 24 0.0 6 13 12 0 35 21 2 2.60052671181e-38 5 3 
108 24 0.0 5 9 4 0 26 8 3 7.22283553665e-60 4 0 
108 24 0.0 11 9 8 0 33 32 2 0.0559150680264 2 5 
108 24 0.0 10 5 1 0 31 28 2 0.0559451189079 2 3 
108 24 0.0 4 11 2 0 26 12 3 7.47595395604e-58 4 0 
108 24 0.0 7 11 12 0 34 28 2 1.23991380187e-17 4 4 
108 24 0.0 13 19 2 0 21 20 1 0.189177212166 0 5 
108 24 0.0 8 9 4 0 41 36 2 0.0559164489087 2 5 
108 24 0.0 12 15 9 0 31 24 1 0.189177212166 0 7 
108 24 0.0 9 9 6 0 28 28 2 0.0559477669077 2 4 
108 24 0.0 1 6 1 0 14 2 3 1.12259539489e-60 2 0 
108 24 0.0 3 10 2 0 38 21 3 4.95491267586e-47 5 0 
108 24 2.0 2 3 3 0 32 10 2 5.52093760559e-14 4 0 
108 24 2.0 6 13 12 0 35 21 2 4.96548294822e-28 5 3 
108 24 2.0 5 9 4 0 26 8 3 7.94748941421e-30 4 0 
108 24 2.0 11 9 8 0 33 32 2 0.13196896939 2 5 
108 24 2.0 10 5 1 0 31 28 2 0.132051231761 2 3 
108 24 2.0 4 11 2 0 26 12 3 2.99549294394e-28 4 0 
108 24 2.0 7 11 12 0 34 28 2 1.52039247053e-08 4 4 
108 24 2.0 13 19 2 0 21 20 1 0.104072094863 0 5 
108 24 2.0 8 9 4 0 41 36 2 0.13196715197 2 5 
108 24 2.0 12 15 9 0 31 24 1 0.104072094736 0 7 
108 24 2.0 9 9 6 0 28 28 2 0.131986183924 2 4 
108 24 2.0 1 6 1 0 14 2 3 1.13612086125e-32 2 0 
108 24 2.0 3 10 2 0 38 21 3 5.31553137722e-13 5 0 
108 25 0.0 2 3 3 0 32 10 2 1.60487343994e-26 4 0 
108 25 0.0 6 13 12 0 35 21 2 1.0206501693e-38 5 3 
108 25 0.0 5 9 4 0 26 8 3 2.13919104142e-59 4 0 
108 25 0.0 11 9 8 0 33 32 2 0.0796465404372 2 5 
108 25 0.0 10 5 1 0 31 28 2 0.0796678486265 2 3 
108 25 0.0 4 11 2 0 26 12 3 2.58038250886e-58 4 0 
108 25 0.0 7 11 12 0 34 28 2 1.1076087707e-16 4 4 
108 25 0.0 13 19 2 0 21 20 1 0.136109016626 0 5 
108 25 0.0 8 9 4 0 41 36 2 0.0796294082276 2 5 
108 25 0.0 12 15 9 0 31 24 1 0.136109016626 0 7 
108 25 0.0 9 9 6 0 28 28 2 0.0796750255569 2 4 
108 25 0.0 1 6 1 0 14 2 3 2.00139179783e-60 2 0 
108 25 0.0 3 10 2 0 38 21 3 4.26010179552e-47 5 0 
108 25 2.0 2 3 3 0 32 10 2 2.93638092926e-15 4 0 
108 25 2.0 6 13 12 0 35 21 2 3.10510715661e-28 5 3 
108 25 2.0 5 9 4 0 26 8 3 3.37427126853e-29 4 0 
108 25 2.0 11 9 8 0 33 32 2 0.131036304243 2 5 
108 25 2.0 10 5 1 0 31 28 2 0.131075529973 2 3 
108 25 2.0 4 11 2 0 26 12 3 1.97754439843e-27 4 0 
108 25 2.0 7 11 12 0 34 28 2 5.51379453298e-10 4 4 
108 25 2.0 13 19 2 0 21 20 1 0.0899805057862 0 5 
108 25 2.0 8 9 4 0 41 36 2 0.131077011504 2 5 
108 25 2.0 12 15 9 0 31 24 1 0.0899805057581 0 7 
108 25 2.0 9 9 6 0 28 28 2 0.131078904447 2 4 
108 25 2.0 1 6 1 0 14 2 3 2.43405586808e-28 2 0 
108 25 2.0 3 10 2 0 38 21 3 3.22220450037e-13 5 0 
108 26 0.0 2 3 3 0 32 10 2 1.06214556771e-26 4 0 
108 26 0.0 6 13 12 0 35 21 2 3.23541737703e-39 5 3 
108 26 0.0 5 9 4 0 26 8 3 6.57541776337e-61 4 0 
108 26 0.0 11 9 8 0 33 32 2 0.0693816505542 2 5 
108 26 0.0 10 5 1 0 31 28 2 0.0694402879185 2 3 
108 26 0.0 4 11 2 0 26 12 3 6.81924424696e-59 4 0 
108 26 0.0 7 11 12 0 34 28 2 1.16694144646e-16 4 4 
108 26 0.0 13 19 2 0 21 20 1 0.237574155736 0 5 
108 26 0.0 8 9 4 0 41 36 2 0.0693701982445 2 5 
108 26 0.0 12 15 9 0 31 24 1 0.237574155736 0 7 
108 26 0.0 9 9 6 0 28 28 2 0.0694437406671 2 4 
108 26 0.0 1 6 1 0 14 2 3 1.7090983697e-61 2 0 
108 26 0.0 3 10 2 0 38 21 3 1.4072797709e-47 5 0 
108 26 2.0 2 3 3 0 32 10 2 2.10529115776e-14 4 0 
108 26 2.0 6 13 12 0 35 21 2 1.04430166791e-28 5 3 
108 26 2.0 5 9 4 0 26 8 3 5.63249592859e-32 4 0 
108 26 2.0 11 9 8 0 33 32 2 0.109317968391 2 5 
108 26 2.0 10 5 1 0 31 28 2 0.109453160714 2 3 
108 26 2.0 4 11 2 0 26 12 3 1.06999784686e-26 4 0 
108 26 2.0 7 11 12 0 34 28 2 1.64488546497e-09 4 4 
108 26 2.0 13 19 2 0 21 20 1 0.0756765368293 0 5 
108 26 2.0 8 9 4 0 41 36 2 0.109419233427 2 5 
108 26 2.0 12 15 9 0 31 24 1 0.0756765367608 0 7 
108 26 2.0 9 9 6 0 28 28 2 0.109443122744 2 4 
108 26 2.0 1 6 1 0 14 2 3 1.00192219509e-30 2 0 
108 26 2.0 3 10 2 0 38 21 3 7.52323144448e-13 5 0 
108 27 0.0 2 3 3 0 32 10 2 2.46449775915e-25 4 0 
108 27 0.0 6 13 12 0 35 21 2 5.55083480867e-39 5 3 
108 27 0.0 5 9 4 0 26 8 3 3.27237503829e-60 4 0 
108 27 0.0 11 9 8 0 33 32 2 0.078742003632 2 5 
108 27 0.0 10 5 1 0 31 28 2 0.0787439941169 2 3 
108 27 0.0 4 11 2 0 26 12 3 2.70805707524e-60 4 0 
108 27 0.0 7 11 12 0 34 28 2 2.1609273809e-15 4 4 
108 27 0.0 13 19 2 0 21 20 1 0.140487836799 0 5 
108 27 0.0 8 9 4 0 41 36 2 0.0785258110622 2 5 
108 27 0.0 12 15 9 0 31 24 1 0.140487836799 0 7 
108 27 0.0 9 9 6 0 28 28 2 0.0787535901622 2 4 
108 27 0.0 1 6 1 0 14 2 3 1.30450249059e-63 2 0 
108 27 0.0 3 10 2 0 38 21 3 2.70206264104e-47 5 0 
108 27 2.0 2 3 3 0 32 10 2 4.20268632751e-14 4 0 
108 27 2.0 6 13 12 0 35 21 2 3.83219743066e-28 5 3 
108 27 2.0 5 9 4 0 26 8 3 3.03482469131e-29 4 0 
108 27 2.0 11 9 8 0 33 32 2 0.138204315064 2 5 
108 27 2.0 10 5 1 0 31 28 2 0.138255476671 2 3 
108 27 2.0 4 11 2 0 26 12 3 2.07954100684e-28 4 0 
108 27 2.0 7 11 12 0 34 28 2 1.34984779931e-08 4 4 
108 27 2.0 13 19 2 0 21 20 1 0.126733768397 0 5 
108 27 2.0 8 9 4 0 41 36 2 0.138172829119 2 5 
108 27 2.0 12 15 9 0 31 24 1 0.126733768291 0 7 
108 27 2.0 9 9 6 0 28 28 2 0.138203079592 2 4 
108 27 2.0 1 6 1 0 14 2 3 2.36320872916e-32 2 0 
108 27 2.0 3 10 2 0 38 21 3 3.93929499383e-13 5 0 
108 28 0.0 2 3 3 0 32 10 2 8.55925685533e-28 4 0 
108 28 0.0 6 13 12 0 35 21 2 2.74714043123e-38 5 3 
108 28 0.0 5 9 4 0 26 8 3 1.72693506274e-59 4 0 
108 28 0.0 11 9 8 0 33 32 2 0.0827627321037 2 5 
108 28 0.0 10 5 1 0 31 28 2 0.0828357494862 2 3 
108 28 0.0 4 11 2 0 26 12 3 1.11745623595e-57 4 0 
108 28 0.0 7 11 12 0 34 28 2 2.35779522724e-17 4 4 
108 28 0.0 13 19 2 0 21 20 1 0.140314367434 0 5 
108 28 0.0 8 9 4 0 41 36 2 0.0828309797001 2 5 
108 28 0.0 12 15 9 0 31 24 1 0.140314367434 0 7 
108 28 0.0 9 9 6 0 28 28 2 0.0828362336665 2 4 
108 28 0.0 1 6 1 0 14 2 3 1.40302476223e-57 2 0 
108 28 0.0 3 10 2 0 38 21 3 1.81603355373e-47 5 0 
108 28 2.0 2 3 3 0 32 10 2 4.68687065812e-13 4 0 
108 28 2.0 6 13 12 0 35 21 2 2.14049360879e-28 5 3 
108 28 2.0 5 9 4 0 26 8 3 1.98873624261e-31 4 0 
108 28 2.0 11 9 8 0 33 32 2 0.131122730695 2 5 
108 28 2.0 10 5 1 0 31 28 2 0.131185354658 2 3 
108 28 2.0 4 11 2 0 26 12 3 3.99992446097e-29 4 0 
108 28 2.0 7 11 12 0 34 28 2 2.86271773813e-08 4 4 
108 28 2.0 13 19 2 0 21 20 1 0.101510763816 0 5 
108 28 2.0 8 9 4 0 41 36 2 0.130955689939 2 5 
108 28 2.0 12 15 9 0 31 24 1 0.101510763486 0 7 
108 28 2.0 9 9 6 0 28 28 2 0.131149251124 2 4 
108 28 2.0 1 6 1 0 14 2 3 1.8119729356e-35 2 0 
108 28 2.0 3 10 2 0 38 21 3 5.07254886036e-13 5 0 
108 29 0.0 2 3 3 0 32 10 2 7.87046242742e-27 4 0 
108 29 0.0 6 13 12 0 35 21 2 1.05973396001e-39 5 3 
108 29 0.0 5 9 4 0 26 8 3 7.13953852499e-61 4 0 
108 29 0.0 11 9 8 0 33 32 2 0.0581547456522 2 5 
108 29 0.0 10 5 1 0 31 28 2 0.0581703655207 2 3 
108 29 0.0 4 11 2 0 26 12 3 4.25991304337e-59 4 0 
108 29 0.0 7 11 12 0 34 28 2 3.64284381764e-16 4 4 
108 29 0.0 13 19 2 0 21 20 1 0.157768174947 0 5 
108 29 0.0 8 9 4 0 41 36 2 0.0580811356874 2 5 
108 29 0.0 12 15 9 0 31 24 1 0.157768174947 0 7 
108 29 0.0 9 9 6 0 28 28 2 0.0581762891303 2 4 
108 29 0.0 1 6 1 0 14 2 3 1.5176370438e-62 2 0 
108 29 0.0 3 10 2 0 38 21 3 7.88317141584e-47 5 0 
108 29 2.0 2 3 3 0 32 10 2 2.83166836161e-15 4 0 
108 29 2.0 6 13 12 0 35 21 2 2.65678285789e-27 5 3 
108 29 2.0 5 9 4 0 26 8 3 6.42481131896e-29 4 0 
108 29 2.0 11 9 8 0 33 32 2 0.0744261193838 2 5 
108 29 2.0 10 5 1 0 31 28 2 0.0744365984152 2 3 
108 29 2.0 4 11 2 0 26 12 3 5.58690156903e-28 4 0 
108 29 2.0 7 11 12 0 34 28 2 4.42129810216e-10 4 4 
108 29 2.0 13 19 2 0 21 20 1 0.062181766452 0 5 
108 29 2.0 8 9 4 0 41 36 2 0.0744401819785 2 5 
108 29 2.0 12 15 9 0 31 24 1 0.0621817664308 0 7 
108 29 2.0 9 9 6 0 28 28 2 0.0744456844405 2 4 
108 29 2.0 1 6 1 0 14 2 3 1.30950393207e-28 2 0 
108 29 2.0 3 10 2 0 38 21 3 7.31203154725e-13 5 0 
108 30 0.0 2 3 3 0 32 10 2 1.81372946252e-26 4 0 
108 30 0.0 6 13 12 0 35 21 2 1.15937281456e-37 5 3 
108 30 0.0 5 9 4 0 26 8 3 1.30746599032e-59 4 0 
108 30 0.0 11 9 8 0 33 32 2 0.0557071598344 2 5 
108 30 0.0 10 5 1 0 31 28 2 0.0557258637444 2 3 
108 30 0.0 4 11 2 0 26 12 3 6.37004556269e-59 4 0 
108 30 0.0 7 11 12 0 34 28 2 2.24238789663e-16 4 4 
108 30 0.0 13 19 2 0 21 20 1 0.166319993662 0 5 
108 30 0.0 8 9 4 0 41 36 2 0.0556941239732 2 5 
108 30 0.0 12 15 9 0 31 24 1 0.166319993662 0 7 
108 30 0.0 9 9 6 0 28 28 2 0.0557336177055 2 4 
108 30 0.0 1 6 1 0 14 2 3 3.93214283811e-61 2 0 
108 30 0.0 3 10 2 0 38 21 3 3.50670554636e-47 5 0 
108 30 2.0 2 3 3 0 32 10 2 2.41269319024e-13 4 0 
108 30 2.0 6 13 12 0 35 21 2 2.28773594874e-29 5 3 
108 30 2.0 5 9 4 0 26 8 3 6.45947959103e-32 4 0 
108 30 2.0 11 9 8 0 33 32 2 0.118778480393 2 5 
108 30 2.0 10 5 1 0 31 28 2 0.118836042916 2 3 
108 30 2.0 4 11 2 0 26 12 3 7.14411496184e-28 4 0 
108 30 2.0 7 11 12 0 34 28 2 8.83022723286e-09 4 4 
108 30 2.0 13 19 2 0 21 20 1 0.0829609786605 0 5 
108 30 2.0 8 9 4 0 41 36 2 0.118694580281 2 5 
108 30 2.0 12 15 9 0 31 24 1 0.0829609784534 0 7 
108 30 2.0 9 9 6 0 28 28 2 0.118817381955 2 4 
108 30 2.0 1 6 1 0 14 2 3 2.70855136092e-34 2 0 
108 30 2.0 3 10 2 0 38 21 3 8.94466248959e-13 5 0 
108 31 0.0 2 3 3 0 32 10 2 2.38560870441e-27 4 0 
108 31 0.0 6 13 12 0 35 21 2 2.12516818021e-37 5 3 
108 31 0.0 5 9 4 0 26 8 3 3.96433847872e-59 4 0 
108 31 0.0 11 9 8 0 33 32 2 0.0631553060655 2 5 
108 31 0.0 10 5 1 0 31 28 2 0.0631653983349 2 3 
108 31 0.0 4 11 2 0 26 12 3 5.90069038341e-59 4 0 
108 31 0.0 7 11 12 0 34 28 2 1.27353617494e-16 4 4 
108 31 0.0 13 19 2 0 21 20 1 0.236379859252 0 5 
108 31 0.0 8 9 4 0 41 36 2 0.0631682377275 2 5 
108 31 0.0 12 15 9 0 31 24 1 0.236379859252 0 7 
108 31 0.0 9 9 6 0 28 28 2 0.0631903480244 2 4 
108 31 0.0 1 6 1 0 14 2 3 1.34672538182e-59 2 0 
108 31 0.0 3 10 2 0 38 21 3 9.66700488713e-48 5 0 
108 31 2.0 2 3 3 0 32 10 2 4.95164085367e-15 4 0 
108 31 2.0 6 13 12 0 35 21 2 1.17682341382e-27 5 3 
108 31 2.0 5 9 4 0 26 8 3 6.54861103565e-29 4 0 
108 31 2.0 11 9 8 0 33 32 2 0.120992185535 2 5 
108 31 2.0 10 5 1 0 31 28 2 0.121012936798 2 3 
108 31 2.0 4 11 2 0 26 12 3 2.34194732197e-28 4 0 
108 31 2.0 7 11 12 0 34 28 2 2.94824482017e-09 4 4 
108 31 2.0 13 19 2 0 21 20 1 0.187359842167 0 5 
108 31 2.0 8 9 4 0 41 36 2 0.121006466066 2 5 
108 31 2.0 12 15 9 0 31 24 1 0.187359842105 0 7 
108 31 2.0 9 9 6 0 28 28 2 0.121013786732 2 4 
108 31 2.0 1 6 1 0 14 2 3 6.71138895537e-30 2 0 
108 31 2.0 3 10 2 0 38 21 3 1.77349626425e-13 5 0 
108 32 0.0 2 3 3 0 32 10 2 2.57722926298e-27 4 0 
108 32 0.0 6 13 12 0 35 21 2 1.83165995783e-39 5 3 
108 32 0.0 5 9 4 0 26 8 3 2.94550481091e-59 4 0 
108 32 0.0 11 9 8 0 33 32 2 0.0871081048489 2 5 
108 32 0.0 10 5 1 0 31 28 2 0.0871481885055 2 3 
108 32 0.0 4 11 2 0 26 12 3 2.25650389001e-57 4 0 
108 32 0.0 7 11 12 0 34 28 2 2.41387307329e-17 4 4 
108 32 0.0 13 19 2 0 21 20 1 0.150048423155 0 5 
108 32 0.0 8 9 4 0 41 36 2 0.0871031733785 2 5 
108 32 0.0 12 15 9 0 31 24 1 0.150048423155 0 7 
108 32 0.0 9 9 6 0 28 28 2 0.0871290901338 2 4 
108 32 0.0 1 6 1 0 14 2 3 1.00823856241e-59 2 0 
108 32 0.0 3 10 2 0 38 21 3 1.67997074768e-47 5 0 
108 32 2.0 2 3 3 0 32 10 2 2.77458279056e-15 4 0 
108 32 2.0 6 13 12 0 35 21 2 6.32546329579e-27 5 3 
108 32 2.0 5 9 4 0 26 8 3 2.60874433181e-28 4 0 
108 32 2.0 11 9 8 0 33 32 2 0.041859738994 2 5 
108 32 2.0 10 5 1 0 31 28 2 0.0418694776832 2 3 
108 32 2.0 4 11 2 0 26 12 3 3.72239019692e-28 4 0 
108 32 2.0 7 11 12 0 34 28 2 3.55779617913e-09 4 4 
108 32 2.0 13 19 2 0 21 20 1 0.11514663098 0 5 
108 32 2.0 8 9 4 0 41 36 2 0.0418700877551 2 5 
108 32 2.0 12 15 9 0 31 24 1 0.115146630951 0 7 
108 32 2.0 9 9 6 0 28 28 2 0.041862849555 2 4 
108 32 2.0 1 6 1 0 14 2 3 2.4542256538e-29 2 0 
108 32 2.0 3 10 2 0 38 21 3 1.18393531134e-13 5 0 
108 33 0.0 2 3 3 0 32 10 2 2.09926370308e-26 4 0 
108 33 0.0 6 13 12 0 35 21 2 4.42096153916e-38 5 3 
108 33 0.0 5 9 4 0 26 8 3 1.08319147191e-59 4 0 
108 33 0.0 11 9 8 0 33 32 2 0.0772689188228 2 5 
108 33 0.0 10 5 1 0 31 28 2 0.0772651220833 2 3 
108 33 0.0 4 11 2 0 26 12 3 3.16840945291e-60 4 0 
108 33 0.0 7 11 12 0 34 28 2 5.84082372495e-16 4 4 
108 33 0.0 13 19 2 0 21 20 1 0.136092797985 0 5 
108 33 0.0 8 9 4 0 41 36 2 0.0771756072176 2 5 
108 33 0.0 12 15 9 0 31 24 1 0.136092797985 0 7 
108 33 0.0 9 9 6 0 28 28 2 0.0772837209159 2 4 
108 33 0.0 1 6 1 0 14 2 3 2.57204691479e-62 2 0 
108 33 0.0 3 10 2 0 38 21 3 5.82443484288e-47 5 0 
108 33 2.0 2 3 3 0 32 10 2 2.08546696544e-14 4 0 
108 33 2.0 6 13 12 0 35 21 2 2.09130525909e-28 5 3 
108 33 2.0 5 9 4 0 26 8 3 5.88588265793e-31 4 0 
108 33 2.0 11 9 8 0 33 32 2 0.0441236301764 2 5 
108 33 2.0 10 5 1 0 31 28 2 0.0441515137695 2 3 
108 33 2.0 4 11 2 0 26 12 3 8.00345684443e-28 4 0 
108 33 2.0 7 11 12 0 34 28 2 2.43042768537e-09 4 4 
108 33 2.0 13 19 2 0 21 20 1 0.0915881861336 0 5 
108 33 2.0 8 9 4 0 41 36 2 0.0441302984239 2 5 
108 33 2.0 12 15 9 0 31 24 1 0.0915881860744 0 7 
108 33 2.0 9 9 6 0 28 28 2 0.0441462580629 2 4 
108 33 2.0 1 6 1 0 14 2 3 1.43888254889e-31 2 0 
108 33 2.0 3 10 2 0 38 21 3 1.75327556158e-13 5 0 
108 34 0.0 2 3 3 0 32 10 2 2.89310113179e-25 4 0 
108 34 0.0 6 13 12 0 35 21 2 5.50520001392e-40 5 3 
108 34 0.0 5 9 4 0 26 8 3 7.35399093045e-61 4 0 
108 34 0.0 11 9 8 0 33 32 2 0.0691176289864 2 5 
108 34 0.0 10 5 1 0 31 28 2 0.0691321078043 2 3 
108 34 0.0 4 11 2 0 26 12 3 7.0367901873e-60 4 0 
108 34 0.0 7 11 12 0 34 28 2 2.74889359003e-15 4 4 
108 34 0.0 13 19 2 0 21 20 1 0.139454046102 0 5 
108 34 0.0 8 9 4 0 41 36 2 0.0689336533982 2 5 
108 34 0.0 12 15 9 0 31 24 1 0.139454046102 0 7 
108 34 0.0 9 9 6 0 28 28 2 0.0691393929161 2 4 
108 34 0.0 1 6 1 0 14 2 3 6.77921631027e-64 2 0 
108 34 0.0 3 10 2 0 38 21 3 1.93061912337e-47 5 0 
108 34 2.0 2 3 3 0 32 10 2 6.50723844111e-14 4 0 
108 34 2.0 6 13 12 0 35 21 2 3.5501020551e-29 5 3 
108 34 2.0 5 9 4 0 26 8 3 4.51456084589e-30 4 0 
108 34 2.0 11 9 8 0 33 32 2 0.0572944759145 2 5 
108 34 2.0 10 5 1 0 31 28 2 0.0573179694368 2 3 
108 34 2.0 4 11 2 0 26 12 3 4.19897627609e-28 4 0 
108 34 2.0 7 11 12 0 34 28 2 6.88759427626e-09 4 4 
108 34 2.0 13 19 2 0 21 20 1 0.13967609019 0 5 
108 34 2.0 8 9 4 0 41 36 2 0.0572711481088 2 5 
108 34 2.0 12 15 9 0 31 24 1 0.139676089867 0 7 
108 34 2.0 9 9 6 0 28 28 2 0.0573005224089 2 4 
108 34 2.0 1 6 1 0 14 2 3 1.81920483269e-33 2 0 
108 34 2.0 3 10 2 0 38 21 3 1.00432177389e-12 5 0 
108 35 0.0 2 3 3 0 32 10 2 1.54283868832e-26 4 0 
108 35 0.0 6 13 12 0 35 21 2 2.92916665531e-38 5 3 
108 35 0.0 5 9 4 0 26 8 3 4.67859894589e-60 4 0 
108 35 0.0 11 9 8 0 33 32 2 0.0690026976547 2 5 
108 35 0.0 10 5 1 0 31 28 2 0.0690161757843 2 3 
108 35 0.0 4 11 2 0 26 12 3 2.873793143e-59 4 0 
108 35 0.0 7 11 12 0 34 28 2 1.36922836742e-16 4 4 
108 35 0.0 13 19 2 0 21 20 1 0.134120491583 0 5 
108 35 0.0 8 9 4 0 41 36 2 0.0689315097455 2 5 
108 35 0.0 12 15 9 0 31 24 1 0.134120491583 0 7 
108 35 0.0 9 9 6 0 28 28 2 0.0690260468253 2 4 
108 35 0.0 1 6 1 0 14 2 3 9.77628092432e-63 2 0 
108 35 0.0 3 10 2 0 38 21 3 5.51253064918e-47 5 0 
108 35 2.0 2 3 3 0 32 10 2 4.05658669755e-14 4 0 
108 35 2.0 6 13 12 0 35 21 2 1.14517858264e-25 5 3 
108 35 2.0 5 9 4 0 26 8 3 1.0516281313e-29 4 0 
108 35 2.0 11 9 8 0 33 32 2 0.100543085157 2 5 
108 35 2.0 10 5 1 0 31 28 2 0.100591033074 2 3 
108 35 2.0 4 11 2 0 26 12 3 5.04932095363e-29 4 0 
108 35 2.0 7 11 12 0 34 28 2 2.24934522544e-08 4 4 
108 35 2.0 13 19 2 0 21 20 1 0.0538075213876 0 5 
108 35 2.0 8 9 4 0 41 36 2 0.10052992157 2 5 
108 35 2.0 12 15 9 0 31 24 1 0.0538075213654 0 7 
108 35 2.0 9 9 6 0 28 28 2 0.10055776787 2 4 
108 35 2.0 1 6 1 0 14 2 3 2.62059515791e-32 2 0 
108 35 2.0 3 10 2 0 38 21 3 1.4828803067e-13 5 0 
108 36 0.0 2 3 3 0 32 10 2 1.59081776379e-26 4 0 
108 36 0.0 6 13 12 0 35 21 2 5.8026222089e-40 5 3 
108 36 0.0 5 9 4 0 26 8 3 3.12195192567e-61 4 0 
108 36 0.0 11 9 8 0 33 32 2 0.0760737668701 2 5 
108 36 0.0 10 5 1 0 31 28 2 0.0761929827263 2 3 
108 36 0.0 4 11 2 0 26 12 3 9.82811703807e-58 4 0 
108 36 0.0 7 11 12 0 34 28 2 3.50033015245e-17 4 4 
108 36 0.0 13 19 2 0 21 20 1 0.139214977056 0 5 
108 36 0.0 8 9 4 0 41 36 2 0.0761335083632 2 5 
108 36 0.0 12 15 9 0 31 24 1 0.139214977056 0 7 
108 36 0.0 9 9 6 0 28 28 2 0.0761931175553 2 4 
108 36 0.0 1 6 1 0 14 2 3 8.26177463798e-61 2 0 
108 36 0.0 3 10 2 0 38 21 3 3.57165653048e-47 5 0 
108 36 2.0 2 3 3 0 32 10 2 1.56962891908e-15 4 0 
108 36 2.0 6 13 12 0 35 21 2 7.24832486408e-27 5 3 
108 36 2.0 5 9 4 0 26 8 3 3.79523514788e-27 4 0 
108 36 2.0 11 9 8 0 33 32 2 0.119927947542 2 5 
108 36 2.0 10 5 1 0 31 28 2 0.11998711283 2 3 
108 36 2.0 4 11 2 0 26 12 3 3.21338995984e-26 4 0 
108 36 2.0 7 11 12 0 34 28 2 2.74534346552e-09 4 4 
108 36 2.0 13 19 2 0 21 20 1 0.0769981953424 0 5 
108 36 2.0 8 9 4 0 41 36 2 0.119988534734 2 5 
108 36 2.0 12 15 9 0 31 24 1 0.0769981953224 0 7 
108 36 2.0 9 9 6 0 28 28 2 0.119930990734 2 4 
108 36 2.0 1 6 1 0 14 2 3 1.07882304977e-27 2 0 
108 36 2.0 3 10 2 0 38 21 3 1.03380133585e-12 5 0 
108 37 0.0 2 3 3 0 32 10 2 3.67799684724e-26 4 0 
108 37 0.0 6 13 12 0 35 21 2 1.89693043355e-40 5 3 
108 37 0.0 5 9 4 0 26 8 3 1.38711026426e-61 4 0 
108 37 0.0 11 9 8 0 33 32 2 0.0883004038572 2 5 
108 37 0.0 10 5 1 0 31 28 2 0.0883308790595 2 3 
108 37 0.0 4 11 2 0 26 12 3 1.52180707124e-59 4 0 
108 37 0.0 7 11 12 0 34 28 2 4.07683122534e-16 4 4 
108 37 0.0 13 19 2 0 21 20 1 0.191696620807 0 5 
108 37 0.0 8 9 4 0 41 36 2 0.0880226952263 2 5 
108 37 0.0 12 15 9 0 31 24 1 0.191696620807 0 7 
108 37 0.0 9 9 6 0 28 28 2 0.088330730876 2 4 
108 37 0.0 1 6 1 0 14 2 3 4.40917275986e-64 2 0 
108 37 0.0 3 10 2 0 38 21 3 1.3638300686e-47 5 0 
108 37 2.0 2 3 3 0 32 10 2 6.24263014813e-15 4 0 
108 37 2.0 6 13 12 0 35 21 2 1.13869601454e-27 5 3 
108 37 2.0 5 9 4 0 26 8 3 3.55818935128e-29 4 0 
108 37 2.0 11 9 8 0 33 32 2 0.0869573536481 2 5 
108 37 2.0 10 5 1 0 31 28 2 0.0870063505442 2 3 
108 37 2.0 4 11 2 0 26 12 3 1.96636261685e-27 4 0 
108 37 2.0 7 11 12 0 34 28 2 4.84063374276e-09 4 4 
108 37 2.0 13 19 2 0 21 20 1 0.216926025465 0 5 
108 37 2.0 8 9 4 0 41 36 2 0.0869819821511 2 5 
108 37 2.0 12 15 9 0 31 24 1 0.216926025386 0 7 
108 37 2.0 9 9 6 0 28 28 2 0.0869649443789 2 4 
108 37 2.0 1 6 1 0 14 2 3 1.54646204913e-30 2 0 
108 37 2.0 3 10 2 0 38 21 3 2.2278851982e-13 5 0 
108 38 0.0 2 3 3 0 32 10 2 2.71709469477e-26 4 0 
108 38 0.0 6 13 12 0 35 21 2 4.81342941197e-39 5 3 
108 38 0.0 5 9 4 0 26 8 3 2.13387909753e-61 4 0 
108 38 0.0 11 9 8 0 33 32 2 0.0897479605176 2 5 
108 38 0.0 10 5 1 0 31 28 2 0.0898709324871 2 3 
108 38 0.0 4 11 2 0 26 12 3 1.55870939161e-57 4 0 
108 38 0.0 7 11 12 0 34 28 2 1.03726936428e-17 4 4 
108 38 0.0 13 19 2 0 21 20 1 0.180841779968 0 5 
108 38 0.0 8 9 4 0 41 36 2 0.0897711835243 2 5 
108 38 0.0 12 15 9 0 31 24 1 0.180841779968 0 7 
108 38 0.0 9 9 6 0 28 28 2 0.0898655682395 2 4 
108 38 0.0 1 6 1 0 14 2 3 7.87191487647e-62 2 0 
108 38 0.0 3 10 2 0 38 21 3 3.07719683495e-47 5 0 
108 38 2.0 2 3 3 0 32 10 2 3.67278729553e-14 4 0 
108 38 2.0 6 13 12 0 35 21 2 7.60431489655e-28 5 3 
108 38 2.0 5 9 4 0 26 8 3 6.56730321085e-30 4 0 
108 38 2.0 11 9 8 0 33 32 2 0.109360391802 2 5 
108 38 2.0 10 5 1 0 31 28 2 0.109407530094 2 3 
108 38 2.0 4 11 2 0 26 12 3 2.37641341074e-29 4 0 
108 38 2.0 7 11 12 0 34 28 2 1.37726202993e-08 4 4 
108 38 2.0 13 19 2 0 21 20 1 0.195918795918 0 5 
108 38 2.0 8 9 4 0 41 36 2 0.109343629558 2 5 
108 38 2.0 12 15 9 0 31 24 1 0.195918795728 0 7 
108 38 2.0 9 9 6 0 28 28 2 0.109377109358 2 4 
108 38 2.0 1 6 1 0 14 2 3 9.1651672229e-33 2 0 
108 38 2.0 3 10 2 0 38 21 3 2.07439347535e-13 5 0 
108 39 0.0 2 3 3 0 32 10 2 3.16534455238e-27 4 0 
108 39 0.0 6 13 12 0 35 21 2 1.06832153541e-37 5 3 
108 39 0.0 5 9 4 0 26 8 3 2.10061516205e-58 4 0 
108 39 0.0 11 9 8 0 33 32 2 0.0562938088545 2 5 
108 39 0.0 10 5 1 0 31 28 2 0.0562880898581 2 3 
108 39 0.0 4 11 2 0 26 12 3 1.08670164273e-58 4 0 
108 39 0.0 7 11 12 0 34 28 2 2.84134367172e-17 4 4 
108 39 0.0 13 19 2 0 21 20 1 0.149864021324 0 5 
108 39 0.0 8 9 4 0 41 36 2 0.0562907946098 2 5 
108 39 0.0 12 15 9 0 31 24 1 0.149864021324 0 7 
108 39 0.0 9 9 6 0 28 28 2 0.0563072871179 2 4 
108 39 0.0 1 6 1 0 14 2 3 3.29438277754e-59 2 0 
108 39 0.0 3 10 2 0 38 21 3 4.60280683027e-47 5 0 
108 39 2.0 2 3 3 0 32 10 2 2.38734982769e-14 4 0 
108 39 2.0 6 13 12 0 35 21 2 8.01765811738e-27 5 3 
108 39 2.0 5 9 4 0 26 8 3 4.56722043389e-31 4 0 
108 39 2.0 11 9 8 0 33 32 2 0.0566847741389 2 5 
108 39 2.0 10 5 1 0 31 28 2 0.0567211287364 2 3 
108 39 2.0 4 11 2 0 26 12 3 6.86042346814e-28 4 0 
108 39 2.0 7 11 12 0 34 28 2 1.4133350077e-09 4 4 
108 39 2.0 13 19 2 0 21 20 1 0.0603686913736 0 5 
108 39 2.0 8 9 4 0 41 36 2 0.0566975547492 2 5 
108 39 2.0 12 15 9 0 31 24 1 0.0603686913421 0 7 
108 39 2.0 9 9 6 0 28 28 2 0.0567206995313 2 4 
108 39 2.0 1 6 1 0 14 2 3 9.56736828759e-32 2 0 
108 39 2.0 3 10 2 0 38 21 3 1.75081740679e-13 5 0 
108 40 0.0 2 3 3 0 32 10 2 6.74036356964e-25 4 0 
108 40 0.0 6 13 12 0 35 21 2 5.59277959799e-40 5 3 
108 40 0.0 5 9 4 0 26 8 3 3.81896296543e-62 4 0 
108 40 0.0 11 9 8 0 33 32 2 0.0587234188668 2 5 
108 40 0.0 10 5 1 0 31 28 2 0.058760372984 2 3 
108 40 0.0 4 11 2 0 26 12 3 6.14697967549e-59 4 0 
108 40 0.0 7 11 12 0 34 28 2 7.29980392054e-16 4 4 
108 40 0.0 13 19 2 0 21 20 1 0.172861331638 0 5 
108 40 0.0 8 9 4 0 41 36 2 0.0585542167385 2 5 
108 40 0.0 12 15 9 0 31 24 1 0.172861331638 0 7 
108 40 0.0 9 9 6 0 28 28 2 0.0587608500542 2 4 
108 40 0.0 1 6 1 0 14 2 3 2.89387363138e-64 2 0 
108 40 0.0 3 10 2 0 38 21 3 1.19411222561e-46 5 0 
108 40 2.0 2 3 3 0 32 10 2 2.01828708955e-15 4 0 
108 40 2.0 6 13 12 0 35 21 2 4.38043002517e-27 5 3 
108 40 2.0 5 9 4 0 26 8 3 6.90504008955e-29 4 0 
108 40 2.0 11 9 8 0 33 32 2 0.0584905787617 2 5 
108 40 2.0 10 5 1 0 31 28 2 0.058512565804 2 3 
108 40 2.0 4 11 2 0 26 12 3 1.67310046038e-27 4 0 
108 40 2.0 7 11 12 0 34 28 2 2.24641552824e-09 4 4 
108 40 2.0 13 19 2 0 21 20 1 0.194592077214 0 5 
108 40 2.0 8 9 4 0 41 36 2 0.0585083364833 2 5 
108 40 2.0 12 15 9 0 31 24 1 0.194592077167 0 7 
108 40 2.0 9 9 6 0 28 28 2 0.0585033811093 2 4 
108 40 2.0 1 6 1 0 14 2 3 8.91207318614e-30 2 0 
108 40 2.0 3 10 2 0 38 21 3 5.61646266607e-14 5 0 
