113 1 0.0 4 7 3 0 25 19 2 0.000708384168154 1 5 
113 1 0.0 7 2 1 0 10 2 3 3.57725650642e-48 2 0 
113 1 0.0 13 13 1 0 12 34 3 4.43459551697e-57 6 0 
113 1 0.0 12 3 4 0 17 13 2 1.63538437642e-18 3 1 
113 1 0.0 8 5 4 0 26 19 2 6.14196985384e-19 3 2 
113 1 0.0 9 2 1 0 15 14 2 0.112184710019 2 1 
113 1 0.0 1 5 5 0 15 14 1 0.232184956218 0 5 
113 1 0.0 3 6 5 0 25 15 2 0.117507077569 1 5 
113 1 0.0 2 5 2 0 5 6 1 0.370045185244 0 3 
113 1 0.0 11 2 1 0 19 14 2 0.0517335763776 2 1 
113 1 0.0 5 1 2 0 13 4 2 0.112184305448 2 1 
113 1 0.0 10 4 1 0 29 19 2 1.7832850546e-18 3 1 
113 1 0.0 6 2 0 0 11 13 3 1.34856201114e-34 1 1 
113 1 2.0 4 7 3 0 25 19 2 2.84009432856e-23 1 5 
113 1 2.0 7 2 1 0 10 2 3 1.61753173357e-09 2 0 
113 1 2.0 13 13 1 0 12 34 3 3.77002619682e-06 6 0 
113 1 2.0 12 3 4 0 17 13 2 1.93368637188e-08 3 1 
113 1 2.0 8 5 4 0 26 19 2 4.21083991312e-09 3 2 
113 1 2.0 9 2 1 0 15 14 2 0.151139599062 2 1 
113 1 2.0 1 5 5 0 15 14 1 0.285966104932 0 5 
113 1 2.0 3 6 5 0 25 15 2 4.08775999822e-07 1 5 
113 1 2.0 2 5 2 0 5 6 1 0.247194912375 0 3 
113 1 2.0 11 2 1 0 19 14 2 0.33169525783 2 1 
113 1 2.0 5 1 2 0 13 4 2 0.151154576768 2 1 
113 1 2.0 10 4 1 0 29 19 2 8.4408671897e-09 3 1 
113 1 2.0 6 2 0 0 11 13 3 7.01845662392e-54 1 1 
113 2 0.0 4 7 3 0 25 19 2 0.00232322814319 1 5 
113 2 0.0 7 2 1 0 10 2 3 1.00759855493e-48 2 0 
113 2 0.0 13 13 1 0 12 34 3 1.96613498638e-57 6 0 
113 2 0.0 12 3 4 0 17 13 2 2.84747463758e-18 3 1 
113 2 0.0 8 5 4 0 26 19 2 1.39910162489e-18 3 2 
113 2 0.0 9 2 1 0 15 14 2 0.111033737393 2 1 
113 2 0.0 1 5 5 0 15 14 1 0.232363005815 0 5 
113 2 0.0 3 6 5 0 25 15 2 0.117371566464 1 5 
113 2 0.0 2 5 2 0 5 6 1 0.36810619435 0 3 
113 2 0.0 11 2 1 0 19 14 2 0.0519561590113 2 1 
113 2 0.0 5 1 2 0 13 4 2 0.111032791089 2 1 
113 2 0.0 10 4 1 0 29 19 2 2.24669307758e-18 3 1 
113 2 0.0 6 2 0 0 11 13 3 3.26916429604e-35 1 1 
113 2 2.0 4 7 3 0 25 19 2 3.42217101638e-23 1 5 
113 2 2.0 7 2 1 0 10 2 3 1.87911177521e-09 2 0 
113 2 2.0 13 13 1 0 12 34 3 4.81728553979e-06 6 0 
113 2 2.0 12 3 4 0 17 13 2 4.28958002359e-08 3 1 
113 2 2.0 8 5 4 0 26 19 2 4.35841900698e-10 3 2 
113 2 2.0 9 2 1 0 15 14 2 0.151137538608 2 1 
113 2 2.0 1 5 5 0 15 14 1 0.285966739655 0 5 
113 2 2.0 3 6 5 0 25 15 2 2.54604917645e-07 1 5 
113 2 2.0 2 5 2 0 5 6 1 0.247195124642 0 3 
113 2 2.0 11 2 1 0 19 14 2 0.331695443988 2 1 
113 2 2.0 5 1 2 0 13 4 2 0.151156608428 2 1 
113 2 2.0 10 4 1 0 29 19 2 1.35542257191e-08 3 1 
113 2 2.0 6 2 0 0 11 13 3 1.06433434058e-53 1 1 
113 3 0.0 4 7 3 0 25 19 2 0.000725604427779 1 5 
113 3 0.0 7 2 1 0 10 2 3 7.95046786701e-49 2 0 
113 3 0.0 13 13 1 0 12 34 3 1.57278002366e-52 6 0 
113 3 0.0 12 3 4 0 17 13 2 8.57178253536e-16 3 1 
113 3 0.0 8 5 4 0 26 19 2 1.18655313469e-16 3 2 
113 3 0.0 9 2 1 0 15 14 2 0.112172417168 2 1 
113 3 0.0 1 5 5 0 15 14 1 0.241276677617 0 5 
113 3 0.0 3 6 5 0 25 15 2 0.110626369848 1 5 
113 3 0.0 2 5 2 0 5 6 1 0.370024499694 0 3 
113 3 0.0 11 2 1 0 19 14 2 0.0630685529675 2 1 
113 3 0.0 5 1 2 0 13 4 2 0.112172067267 2 1 
113 3 0.0 10 4 1 0 29 19 2 1.06329294766e-15 3 1 
113 3 0.0 6 2 0 0 11 13 3 7.23141984565e-54 1 1 
113 3 2.0 4 7 3 0 25 19 2 4.87609570168e-24 1 5 
113 3 2.0 7 2 1 0 10 2 3 2.61291048748e-09 2 0 
113 3 2.0 13 13 1 0 12 34 3 7.05029584603e-06 6 0 
113 3 2.0 12 3 4 0 17 13 2 4.31345810301e-08 3 1 
113 3 2.0 8 5 4 0 26 19 2 1.60012359112e-09 3 2 
113 3 2.0 9 2 1 0 15 14 2 0.151133045509 2 1 
113 3 2.0 1 5 5 0 15 14 1 0.285967821334 0 5 
113 3 2.0 3 6 5 0 25 15 2 1.84460485531e-07 1 5 
113 3 2.0 2 5 2 0 5 6 1 0.247195574463 0 3 
113 3 2.0 11 2 1 0 19 14 2 0.331695321697 2 1 
113 3 2.0 5 1 2 0 13 4 2 0.15116104513 2 1 
113 3 2.0 10 4 1 0 29 19 2 3.75692813614e-08 3 1 
113 3 2.0 6 2 0 0 11 13 3 3.85298454397e-56 1 1 
113 4 0.0 4 7 3 0 25 19 2 0.00143698680106 1 5 
113 4 0.0 7 2 1 0 10 2 3 1.45123476254e-46 2 0 
113 4 0.0 13 13 1 0 12 34 3 1.6205238783e-60 6 0 
113 4 0.0 12 3 4 0 17 13 2 3.70165448777e-19 3 1 
113 4 0.0 8 5 4 0 26 19 2 5.21552246256e-20 3 2 
113 4 0.0 9 2 1 0 15 14 2 0.111665303686 2 1 
113 4 0.0 1 5 5 0 15 14 1 0.229975440732 0 5 
113 4 0.0 3 6 5 0 25 15 2 0.119192748224 1 5 
113 4 0.0 2 5 2 0 5 6 1 0.369170128957 0 3 
113 4 0.0 11 2 1 0 19 14 2 0.0489613096271 2 1 
113 4 0.0 5 1 2 0 13 4 2 0.11166536714 2 1 
113 4 0.0 10 4 1 0 29 19 2 9.05136905293e-19 3 1 
113 4 0.0 6 2 0 0 11 13 3 5.03358522586e-26 1 1 
113 4 2.0 4 7 3 0 25 19 2 9.47378757456e-24 1 5 
113 4 2.0 7 2 1 0 10 2 3 1.18083736396e-08 2 0 
113 4 2.0 13 13 1 0 12 34 3 1.00024208766e-05 6 0 
113 4 2.0 12 3 4 0 17 13 2 4.29615572645e-08 3 1 
113 4 2.0 8 5 4 0 26 19 2 9.5278991828e-09 3 2 
113 4 2.0 9 2 1 0 15 14 2 0.151127330202 2 1 
113 4 2.0 1 5 5 0 15 14 1 0.285969338376 0 5 
113 4 2.0 3 6 5 0 25 15 2 1.14210861278e-08 1 5 
113 4 2.0 2 5 2 0 5 6 1 0.247196175723 0 3 
113 4 2.0 11 2 1 0 19 14 2 0.331695343934 2 1 
113 4 2.0 5 1 2 0 13 4 2 0.151166682493 2 1 
113 4 2.0 10 4 1 0 29 19 2 5.17235971625e-08 3 1 
113 4 2.0 6 2 0 0 11 13 3 9.42832917566e-57 1 1 
113 5 0.0 4 7 3 0 25 19 2 6.33870906763e-05 1 5 
113 5 0.0 7 2 1 0 10 2 3 1.0280150813e-47 2 0 
113 5 0.0 13 13 1 0 12 34 3 1.75698430557e-59 6 0 
113 5 0.0 12 3 4 0 17 13 2 9.09811292978e-19 3 1 
113 5 0.0 8 5 4 0 26 19 2 9.73067879685e-20 3 2 
113 5 0.0 9 2 1 0 15 14 2 0.112643729159 2 1 
113 5 0.0 1 5 5 0 15 14 1 0.231272269074 0 5 
113 5 0.0 3 6 5 0 25 15 2 0.118204868636 1 5 
113 5 0.0 2 5 2 0 5 6 1 0.37082011615 0 3 
113 5 0.0 11 2 1 0 19 14 2 0.0505873437168 2 1 
113 5 0.0 5 1 2 0 13 4 2 0.112643767146 2 1 
113 5 0.0 10 4 1 0 29 19 2 5.60751101001e-19 3 1 
113 5 0.0 6 2 0 0 11 13 3 6.27363275235e-31 1 1 
113 5 2.0 4 7 3 0 25 19 2 1.13127948533e-24 1 5 
113 5 2.0 7 2 1 0 10 2 3 7.62329805793e-09 2 0 
113 5 2.0 13 13 1 0 12 34 3 8.72007631949e-06 6 0 
113 5 2.0 12 3 4 0 17 13 2 4.28605789655e-08 3 1 
113 5 2.0 8 5 4 0 26 19 2 3.49056703914e-09 3 2 
113 5 2.0 9 2 1 0 15 14 2 0.151129782156 2 1 
113 5 2.0 1 5 5 0 15 14 1 0.285968709239 0 5 
113 5 2.0 3 6 5 0 25 15 2 6.00406976537e-08 1 5 
113 5 2.0 2 5 2 0 5 6 1 0.247195910464 0 3 
113 5 2.0 11 2 1 0 19 14 2 0.331695404334 2 1 
113 5 2.0 5 1 2 0 13 4 2 0.151164263994 2 1 
113 5 2.0 10 4 1 0 29 19 2 3.61612947264e-08 3 1 
113 5 2.0 6 2 0 0 11 13 3 5.41890717611e-57 1 1 
113 6 0.0 4 7 3 0 25 19 2 0.000121098412244 1 5 
113 6 0.0 7 2 1 0 10 2 3 1.31544695666e-45 2 0 
113 6 0.0 13 13 1 0 12 34 3 1.33236738268e-60 6 0 
113 6 0.0 12 3 4 0 17 13 2 3.526391984e-19 3 1 
113 6 0.0 8 5 4 0 26 19 2 3.2598823961e-20 3 2 
113 6 0.0 9 2 1 0 15 14 2 0.112602379581 2 1 
113 6 0.0 1 5 5 0 15 14 1 0.230421885176 0 5 
113 6 0.0 3 6 5 0 25 15 2 0.118849293728 1 5 
113 6 0.0 2 5 2 0 5 6 1 0.370750767839 0 3 
113 6 0.0 11 2 1 0 19 14 2 0.04952882777 2 1 
113 6 0.0 5 1 2 0 13 4 2 0.112602962925 2 1 
113 6 0.0 10 4 1 0 29 19 2 2.6353349938e-19 3 1 
113 6 0.0 6 2 0 0 11 13 3 4.75619035627e-28 1 1 
113 6 2.0 4 7 3 0 25 19 2 1.41726356874e-24 1 5 
113 6 2.0 7 2 1 0 10 2 3 5.13923114518e-12 2 0 
113 6 2.0 13 13 1 0 12 34 3 4.49526976835e-06 6 0 
113 6 2.0 12 3 4 0 17 13 2 5.00844961387e-08 3 1 
113 6 2.0 8 5 4 0 26 19 2 9.90125575096e-10 3 2 
113 6 2.0 9 2 1 0 15 14 2 0.151138150977 2 1 
113 6 2.0 1 5 5 0 15 14 1 0.285966164416 0 5 
113 6 2.0 3 6 5 0 25 15 2 6.57903387928e-07 1 5 
113 6 2.0 2 5 2 0 5 6 1 0.24719505718 0 3 
113 6 2.0 11 2 1 0 19 14 2 0.331694619413 2 1 
113 6 2.0 5 1 2 0 13 4 2 0.151156007337 2 1 
113 6 2.0 10 4 1 0 29 19 2 7.31653413686e-09 3 1 
113 6 2.0 6 2 0 0 11 13 3 8.15686121214e-51 1 1 
113 7 0.0 4 7 3 0 25 19 2 0.000447937571502 1 5 
113 7 0.0 7 2 1 0 10 2 3 4.42257356934e-50 2 0 
113 7 0.0 13 13 1 0 12 34 3 8.30945608505e-55 6 0 
113 7 0.0 12 3 4 0 17 13 2 2.03786639358e-17 3 1 
113 7 0.0 8 5 4 0 26 19 2 1.56353162079e-18 3 2 
113 7 0.0 9 2 1 0 15 14 2 0.112370444543 2 1 
113 7 0.0 1 5 5 0 15 14 1 0.234746916431 0 5 
113 7 0.0 3 6 5 0 25 15 2 0.115558342288 1 5 
113 7 0.0 2 5 2 0 5 6 1 0.370358065763 0 3 
113 7 0.0 11 2 1 0 19 14 2 0.0549380244364 2 1 
113 7 0.0 5 1 2 0 13 4 2 0.112369530235 2 1 
113 7 0.0 10 4 1 0 29 19 2 1.50793727198e-17 3 1 
113 7 0.0 6 2 0 0 11 13 3 1.56709719695e-42 1 1 
113 7 2.0 4 7 3 0 25 19 2 6.610627966e-24 1 5 
113 7 2.0 7 2 1 0 10 2 3 2.27687692715e-08 2 0 
113 7 2.0 13 13 1 0 12 34 3 8.42698244886e-06 6 0 
113 7 2.0 12 3 4 0 17 13 2 4.52828205818e-08 3 1 
113 7 2.0 8 5 4 0 26 19 2 2.85998390286e-09 3 2 
113 7 2.0 9 2 1 0 15 14 2 0.151130702486 2 1 
113 7 2.0 1 5 5 0 15 14 1 0.285968552957 0 5 
113 7 2.0 3 6 5 0 25 15 2 8.24219806793e-08 1 5 
113 7 2.0 2 5 2 0 5 6 1 0.247195864635 0 3 
113 7 2.0 11 2 1 0 19 14 2 0.331695389957 2 1 
113 7 2.0 5 1 2 0 13 4 2 0.151163348884 2 1 
113 7 2.0 10 4 1 0 29 19 2 3.31813095105e-08 3 1 
113 7 2.0 6 2 0 0 11 13 3 3.84753000356e-57 1 1 
113 8 0.0 4 7 3 0 25 19 2 0.00178948372728 1 5 
113 8 0.0 7 2 1 0 10 2 3 2.97821992607e-48 2 0 
113 8 0.0 13 13 1 0 12 34 3 7.46266389692e-61 6 0 
113 8 0.0 12 3 4 0 17 13 2 9.47741857625e-20 3 1 
113 8 0.0 8 5 4 0 26 19 2 1.87489459517e-19 3 2 
113 8 0.0 9 2 1 0 15 14 2 0.111414278932 2 1 
113 8 0.0 1 5 5 0 15 14 1 0.229211951454 0 5 
113 8 0.0 3 6 5 0 25 15 2 0.119769002546 1 5 
113 8 0.0 2 5 2 0 5 6 1 0.368746897809 0 3 
113 8 0.0 11 2 1 0 19 14 2 0.0480071482584 2 1 
113 8 0.0 5 1 2 0 13 4 2 0.111413736822 2 1 
113 8 0.0 10 4 1 0 29 19 2 6.3579833366e-20 3 1 
113 8 0.0 6 2 0 0 11 13 3 3.83900036828e-24 1 1 
113 8 2.0 4 7 3 0 25 19 2 8.8291779544e-25 1 5 
113 8 2.0 7 2 1 0 10 2 3 1.03585132225e-08 2 0 
113 8 2.0 13 13 1 0 12 34 3 9.10332931401e-06 6 0 
113 8 2.0 12 3 4 0 17 13 2 4.56663888819e-08 3 1 
113 8 2.0 8 5 4 0 26 19 2 6.00740954509e-10 3 2 
113 8 2.0 9 2 1 0 15 14 2 0.151129068625 2 1 
113 8 2.0 1 5 5 0 15 14 1 0.285968934887 0 5 
113 8 2.0 3 6 5 0 25 15 2 1.1087813854e-08 1 5 
113 8 2.0 2 5 2 0 5 6 1 0.247195990235 0 3 
113 8 2.0 11 2 1 0 19 14 2 0.331695467884 2 1 
113 8 2.0 5 1 2 0 13 4 2 0.151164966491 2 1 
113 8 2.0 10 4 1 0 29 19 2 3.52230975572e-08 3 1 
113 8 2.0 6 2 0 0 11 13 3 6.62153944994e-57 1 1 
113 9 0.0 4 7 3 0 25 19 2 0.000926986146857 1 5 
113 9 0.0 7 2 1 0 10 2 3 9.9239922627e-50 2 0 
113 9 0.0 13 13 1 0 12 34 3 1.68392639812e-57 6 0 
113 9 0.0 12 3 4 0 17 13 2 8.84700979663e-19 3 1 
113 9 0.0 8 5 4 0 26 19 2 1.33003716073e-19 3 2 
113 9 0.0 9 2 1 0 15 14 2 0.11202931411 2 1 
113 9 0.0 1 5 5 0 15 14 1 0.231599332708 0 5 
113 9 0.0 3 6 5 0 25 15 2 0.117953504592 1 5 
113 9 0.0 2 5 2 0 5 6 1 0.369782607425 0 3 
113 9 0.0 11 2 1 0 19 14 2 0.0510004019058 2 1 
113 9 0.0 5 1 2 0 13 4 2 0.112028257489 2 1 
113 9 0.0 10 4 1 0 29 19 2 5.27135932081e-19 3 1 
113 9 0.0 6 2 0 0 11 13 3 9.59218360697e-33 1 1 
113 9 2.0 4 7 3 0 25 19 2 3.9301750363e-24 1 5 
113 9 2.0 7 2 1 0 10 2 3 1.30420189201e-08 2 0 
113 9 2.0 13 13 1 0 12 34 3 1.00756115537e-05 6 0 
113 9 2.0 12 3 4 0 17 13 2 5.15396737481e-08 3 1 
113 9 2.0 8 5 4 0 26 19 2 2.09425401873e-09 3 2 
113 9 2.0 9 2 1 0 15 14 2 0.151127157082 2 1 
113 9 2.0 1 5 5 0 15 14 1 0.28596936403 0 5 
113 9 2.0 3 6 5 0 25 15 2 1.90994714537e-08 1 5 
113 9 2.0 2 5 2 0 5 6 1 0.24719619087 0 3 
113 9 2.0 11 2 1 0 19 14 2 0.33169532579 2 1 
113 9 2.0 5 1 2 0 13 4 2 0.151166852684 2 1 
113 9 2.0 10 4 1 0 29 19 2 4.50582771841e-08 3 1 
113 9 2.0 6 2 0 0 11 13 3 2.59952900945e-57 1 1 
113 10 0.0 4 7 3 0 25 19 2 0.000189102062518 1 5 
113 10 0.0 7 2 1 0 10 2 3 1.21240784717e-48 2 0 
113 10 0.0 13 13 1 0 12 34 3 1.63370594978e-59 6 0 
113 10 0.0 12 3 4 0 17 13 2 1.6929168396e-19 3 1 
113 10 0.0 8 5 4 0 26 19 2 2.05914854613e-19 3 2 
113 10 0.0 9 2 1 0 15 14 2 0.11255432134 2 1 
113 10 0.0 1 5 5 0 15 14 1 0.230934775399 0 5 
113 10 0.0 3 6 5 0 25 15 2 0.118459488803 1 5 
113 10 0.0 2 5 2 0 5 6 1 0.370669054665 0 3 
113 10 0.0 11 2 1 0 19 14 2 0.0501693053437 2 1 
113 10 0.0 5 1 2 0 13 4 2 0.112554208958 2 1 
113 10 0.0 10 4 1 0 29 19 2 3.65078348873e-19 3 1 
113 10 0.0 6 2 0 0 11 13 3 1.80680918859e-30 1 1 
113 10 2.0 4 7 3 0 25 19 2 1.08690854565e-23 1 5 
113 10 2.0 7 2 1 0 10 2 3 2.14918645418e-10 2 0 
113 10 2.0 13 13 1 0 12 34 3 1.69871842073e-06 6 0 
113 10 2.0 12 3 4 0 17 13 2 2.44390892772e-08 3 1 
113 10 2.0 8 5 4 0 26 19 2 1.30818786064e-09 3 2 
113 10 2.0 9 2 1 0 15 14 2 0.151143753618 2 1 
113 10 2.0 1 5 5 0 15 14 1 0.285965086206 0 5 
113 10 2.0 3 6 5 0 25 15 2 4.8482198597e-07 1 5 
113 10 2.0 2 5 2 0 5 6 1 0.247194494052 0 3 
113 10 2.0 11 2 1 0 19 14 2 0.33169531606 2 1 
113 10 2.0 5 1 2 0 13 4 2 0.151150477103 2 1 
113 10 2.0 10 4 1 0 29 19 2 1.12312752282e-08 3 1 
113 10 2.0 6 2 0 0 11 13 3 3.21689092007e-51 1 1 
113 11 0.0 4 7 3 0 25 19 2 2.89458811251e-05 1 5 
113 11 0.0 7 2 1 0 10 2 3 1.24723927541e-48 2 0 
113 11 0.0 13 13 1 0 12 34 3 7.23491475861e-54 6 0 
113 11 0.0 12 3 4 0 17 13 2 1.4503905475e-16 3 1 
113 11 0.0 8 5 4 0 26 19 2 4.37673939368e-17 3 2 
113 11 0.0 9 2 1 0 15 14 2 0.112668356516 2 1 
113 11 0.0 1 5 5 0 15 14 1 0.238193530701 0 5 
113 11 0.0 3 6 5 0 25 15 2 0.112948912165 1 5 
113 11 0.0 2 5 2 0 5 6 1 0.370861503183 0 3 
113 11 0.0 11 2 1 0 19 14 2 0.0592363671153 2 1 
113 11 0.0 5 1 2 0 13 4 2 0.112668165294 2 1 
113 11 0.0 10 4 1 0 29 19 2 1.80430901788e-16 3 1 
113 11 0.0 6 2 0 0 11 13 3 1.13185051955e-49 1 1 
113 11 2.0 4 7 3 0 25 19 2 2.02709903969e-24 1 5 
113 11 2.0 7 2 1 0 10 2 3 2.06455902983e-08 2 0 
113 11 2.0 13 13 1 0 12 34 3 7.12271954755e-06 6 0 
113 11 2.0 12 3 4 0 17 13 2 3.68893153384e-08 3 1 
113 11 2.0 8 5 4 0 26 19 2 6.37581976587e-09 3 2 
113 11 2.0 9 2 1 0 15 14 2 0.15113329338 2 1 
113 11 2.0 1 5 5 0 15 14 1 0.285968002309 0 5 
113 11 2.0 3 6 5 0 25 15 2 4.70356610206e-08 1 5 
113 11 2.0 2 5 2 0 5 6 1 0.247195596861 0 3 
113 11 2.0 11 2 1 0 19 14 2 0.33169562257 2 1 
113 11 2.0 5 1 2 0 13 4 2 0.151160792873 2 1 
113 11 2.0 10 4 1 0 29 19 2 2.43271574513e-08 3 1 
113 11 2.0 6 2 0 0 11 13 3 1.18751118182e-56 1 1 
113 12 0.0 4 7 3 0 25 19 2 0.000401034301819 1 5 
113 12 0.0 7 2 1 0 10 2 3 3.1663312226e-49 2 0 
113 12 0.0 13 13 1 0 12 34 3 1.06548488612e-56 6 0 
113 12 0.0 12 3 4 0 17 13 2 2.14808577264e-18 3 1 
113 12 0.0 8 5 4 0 26 19 2 2.70972412494e-19 3 2 
113 12 0.0 9 2 1 0 15 14 2 0.11240370359 2 1 
113 12 0.0 1 5 5 0 15 14 1 0.232638585294 0 5 
113 12 0.0 3 6 5 0 25 15 2 0.117161566542 1 5 
113 12 0.0 2 5 2 0 5 6 1 0.370414416432 0 3 
113 12 0.0 11 2 1 0 19 14 2 0.0523013030117 2 1 
113 12 0.0 5 1 2 0 13 4 2 0.112403064767 2 1 
113 12 0.0 10 4 1 0 29 19 2 2.8771170572e-18 3 1 
113 12 0.0 6 2 0 0 11 13 3 1.79004189646e-36 1 1 
113 12 2.0 4 7 3 0 25 19 2 3.16735856079e-24 1 5 
113 12 2.0 7 2 1 0 10 2 3 2.3424086015e-09 2 0 
113 12 2.0 13 13 1 0 12 34 3 9.54323140166e-06 6 0 
113 12 2.0 12 3 4 0 17 13 2 5.73123453084e-08 3 1 
113 12 2.0 8 5 4 0 26 19 2 1.63018191797e-09 3 2 
113 12 2.0 9 2 1 0 15 14 2 0.151128031842 2 1 
113 12 2.0 1 5 5 0 15 14 1 0.285969133396 0 5 
113 12 2.0 3 6 5 0 25 15 2 1.06091909143e-08 1 5 
113 12 2.0 2 5 2 0 5 6 1 0.247196073022 0 3 
113 12 2.0 11 2 1 0 19 14 2 0.33169541213 2 1 
113 12 2.0 5 1 2 0 13 4 2 0.151165993799 2 1 
113 12 2.0 10 4 1 0 29 19 2 3.05053359249e-08 3 1 
113 12 2.0 6 2 0 0 11 13 3 6.98727544218e-57 1 1 
113 13 0.0 4 7 3 0 25 19 2 0.00276554997091 1 5 
113 13 0.0 7 2 1 0 10 2 3 3.53287792335e-51 2 0 
113 13 0.0 13 13 1 0 12 34 3 2.82454970896e-57 6 0 
113 13 0.0 12 3 4 0 17 13 2 2.82267676372e-18 3 1 
113 13 0.0 8 5 4 0 26 19 2 1.10521349178e-18 3 2 
113 13 0.0 9 2 1 0 15 14 2 0.110719180575 2 1 
113 13 0.0 1 5 5 0 15 14 1 0.232386489838 0 5 
113 13 0.0 3 6 5 0 25 15 2 0.117353220295 1 5 
113 13 0.0 2 5 2 0 5 6 1 0.367575364267 0 3 
113 13 0.0 11 2 1 0 19 14 2 0.0519860586942 2 1 
113 13 0.0 5 1 2 0 13 4 2 0.11071595111 2 1 
113 13 0.0 10 4 1 0 29 19 2 1.83810130772e-17 3 1 
113 13 0.0 6 2 0 0 11 13 3 2.22366607084e-35 1 1 
113 13 2.0 4 7 3 0 25 19 2 1.04117760689e-25 1 5 
113 13 2.0 7 2 1 0 10 2 3 8.32775099693e-10 2 0 
113 13 2.0 13 13 1 0 12 34 3 6.75706392715e-06 6 0 
113 13 2.0 12 3 4 0 17 13 2 7.02362744588e-08 3 1 
113 13 2.0 8 5 4 0 26 19 2 4.07544135674e-09 3 2 
113 13 2.0 9 2 1 0 15 14 2 0.151133629075 2 1 
113 13 2.0 1 5 5 0 15 14 1 0.285967787368 0 5 
113 13 2.0 3 6 5 0 25 15 2 8.99999506712e-08 1 5 
113 13 2.0 2 5 2 0 5 6 1 0.247195510828 0 3 
113 13 2.0 11 2 1 0 19 14 2 0.331695538539 2 1 
113 13 2.0 5 1 2 0 13 4 2 0.151160472258 2 1 
113 13 2.0 10 4 1 0 29 19 2 2.23683416619e-08 3 1 
113 13 2.0 6 2 0 0 11 13 3 2.4197066173e-55 1 1 
113 14 0.0 4 7 3 0 25 19 2 0.000108316130085 1 5 
113 14 0.0 7 2 1 0 10 2 3 3.444843382e-49 2 0 
113 14 0.0 13 13 1 0 12 34 3 3.50536248104e-57 6 0 
113 14 0.0 12 3 4 0 17 13 2 1.48416874856e-18 3 1 
113 14 0.0 8 5 4 0 26 19 2 6.02861226122e-20 3 2 
113 14 0.0 9 2 1 0 15 14 2 0.112612075795 2 1 
113 14 0.0 1 5 5 0 15 14 1 0.231943352308 0 5 
113 14 0.0 3 6 5 0 25 15 2 0.117691421395 1 5 
113 14 0.0 2 5 2 0 5 6 1 0.370766127369 0 3 
113 14 0.0 11 2 1 0 19 14 2 0.0514309297997 2 1 
113 14 0.0 5 1 2 0 13 4 2 0.112611463141 2 1 
113 14 0.0 10 4 1 0 29 19 2 1.15274491566e-18 3 1 
113 14 0.0 6 2 0 0 11 13 3 1.40223981626e-33 1 1 
113 14 2.0 4 7 3 0 25 19 2 2.65637390494e-25 1 5 
113 14 2.0 7 2 1 0 10 2 3 2.31934625912e-08 2 0 
113 14 2.0 13 13 1 0 12 34 3 8.14059885826e-06 6 0 
113 14 2.0 12 3 4 0 17 13 2 6.85897264542e-08 3 1 
113 14 2.0 8 5 4 0 26 19 2 9.14671128502e-10 3 2 
113 14 2.0 9 2 1 0 15 14 2 0.151131277143 2 1 
113 14 2.0 1 5 5 0 15 14 1 0.285968454687 0 5 
113 14 2.0 3 6 5 0 25 15 2 4.94566286085e-08 1 5 
113 14 2.0 2 5 2 0 5 6 1 0.247195805898 0 3 
113 14 2.0 11 2 1 0 19 14 2 0.331695458571 2 1 
113 14 2.0 5 1 2 0 13 4 2 0.151162781583 2 1 
113 14 2.0 10 4 1 0 29 19 2 4.11288720018e-08 3 1 
113 14 2.0 6 2 0 0 11 13 3 1.67628381628e-56 1 1 
113 15 0.0 4 7 3 0 25 19 2 7.41096183344e-05 1 5 
113 15 0.0 7 2 1 0 10 2 3 1.39528849518e-49 2 0 
113 15 0.0 13 13 1 0 12 34 3 4.88287495203e-56 6 0 
113 15 0.0 12 3 4 0 17 13 2 1.85904588403e-18 3 1 
113 15 0.0 8 5 4 0 26 19 2 2.9273866013e-18 3 2 
113 15 0.0 9 2 1 0 15 14 2 0.112636496505 2 1 
113 15 0.0 1 5 5 0 15 14 1 0.232961621311 0 5 
113 15 0.0 3 6 5 0 25 15 2 0.116915555113 1 5 
113 15 0.0 2 5 2 0 5 6 1 0.370807231352 0 3 
113 15 0.0 11 2 1 0 19 14 2 0.0527057005822 2 1 
113 15 0.0 5 1 2 0 13 4 2 0.112635736371 2 1 
113 15 0.0 10 4 1 0 29 19 2 5.79935619451e-18 3 1 
113 15 0.0 6 2 0 0 11 13 3 1.76085145426e-37 1 1 
113 15 2.0 4 7 3 0 25 19 2 1.13612823452e-23 1 5 
113 15 2.0 7 2 1 0 10 2 3 2.14454915009e-09 2 0 
113 15 2.0 13 13 1 0 12 34 3 2.90094655159e-06 6 0 
113 15 2.0 12 3 4 0 17 13 2 1.05406341364e-08 3 1 
113 15 2.0 8 5 4 0 26 19 2 2.63814213651e-09 3 2 
113 15 2.0 9 2 1 0 15 14 2 0.151141385315 2 1 
113 15 2.0 1 5 5 0 15 14 1 0.285965832998 0 5 
113 15 2.0 3 6 5 0 25 15 2 2.94555733545e-07 1 5 
113 15 2.0 2 5 2 0 5 6 1 0.247194738545 0 3 
113 15 2.0 11 2 1 0 19 14 2 0.331695592584 2 1 
113 15 2.0 5 1 2 0 13 4 2 0.151152812668 2 1 
113 15 2.0 10 4 1 0 29 19 2 2.13917367362e-08 3 1 
113 15 2.0 6 2 0 0 11 13 3 8.22444697265e-53 1 1 
113 16 0.0 4 7 3 0 25 19 2 0.000378741295151 1 5 
113 16 0.0 7 2 1 0 10 2 3 8.16839201227e-49 2 0 
113 16 0.0 13 13 1 0 12 34 3 3.66454063452e-59 6 0 
113 16 0.0 12 3 4 0 17 13 2 3.12411578391e-19 3 1 
113 16 0.0 8 5 4 0 26 19 2 1.7523359625e-20 3 2 
113 16 0.0 9 2 1 0 15 14 2 0.112419501827 2 1 
113 16 0.0 1 5 5 0 15 14 1 0.23054848733 0 5 
113 16 0.0 3 6 5 0 25 15 2 0.118753890151 1 5 
113 16 0.0 2 5 2 0 5 6 1 0.370441200267 0 3 
113 16 0.0 11 2 1 0 19 14 2 0.0496830689182 2 1 
113 16 0.0 5 1 2 0 13 4 2 0.112419012099 2 1 
113 16 0.0 10 4 1 0 29 19 2 1.00524335888e-19 3 1 
113 16 0.0 6 2 0 0 11 13 3 3.06117565546e-28 1 1 
113 16 2.0 4 7 3 0 25 19 2 3.73134385204e-24 1 5 
113 16 2.0 7 2 1 0 10 2 3 2.81911781527e-10 2 0 
113 16 2.0 13 13 1 0 12 34 3 7.87880624835e-06 6 0 
113 16 2.0 12 3 4 0 17 13 2 6.61149804454e-08 3 1 
113 16 2.0 8 5 4 0 26 19 2 1.21360979471e-09 3 2 
113 16 2.0 9 2 1 0 15 14 2 0.151131352836 2 1 
113 16 2.0 1 5 5 0 15 14 1 0.285968222148 0 5 
113 16 2.0 3 6 5 0 25 15 2 1.57773109383e-07 1 5 
113 16 2.0 2 5 2 0 5 6 1 0.247195736747 0 3 
113 16 2.0 11 2 1 0 19 14 2 0.331695267173 2 1 
113 16 2.0 5 1 2 0 13 4 2 0.151162720089 2 1 
113 16 2.0 10 4 1 0 29 19 2 3.38758697091e-08 3 1 
113 16 2.0 6 2 0 0 11 13 3 1.13888171081e-55 1 1 
113 17 0.0 4 7 3 0 25 19 2 0.00207303172844 1 5 
113 17 0.0 7 2 1 0 10 2 3 7.9413182134e-48 2 0 
113 17 0.0 13 13 1 0 12 34 3 5.5918684062e-58 6 0 
113 17 0.0 12 3 4 0 17 13 2 2.4562457504e-18 3 1 
113 17 0.0 8 5 4 0 26 19 2 2.32706303923e-18 3 2 
113 17 0.0 9 2 1 0 15 14 2 0.111211865109 2 1 
113 17 0.0 1 5 5 0 15 14 1 0.232644112713 0 5 
113 17 0.0 3 6 5 0 25 15 2 0.11715733841 1 5 
113 17 0.0 2 5 2 0 5 6 1 0.368406506949 0 3 
113 17 0.0 11 2 1 0 19 14 2 0.0523082149379 2 1 
113 17 0.0 5 1 2 0 13 4 2 0.111211672071 2 1 
113 17 0.0 10 4 1 0 29 19 2 8.40691236266e-18 3 1 
113 17 0.0 6 2 0 0 11 13 3 1.35225877105e-36 1 1 
113 17 2.0 4 7 3 0 25 19 2 2.20365745825e-25 1 5 
113 17 2.0 7 2 1 0 10 2 3 4.26647239171e-09 2 0 
113 17 2.0 13 13 1 0 12 34 3 6.53565868935e-06 6 0 
113 17 2.0 12 3 4 0 17 13 2 7.16607387834e-08 3 1 
113 17 2.0 8 5 4 0 26 19 2 1.54346322878e-09 3 2 
113 17 2.0 9 2 1 0 15 14 2 0.151134154982 2 1 
113 17 2.0 1 5 5 0 15 14 1 0.285967768291 0 5 
113 17 2.0 3 6 5 0 25 15 2 1.08911201985e-08 1 5 
113 17 2.0 2 5 2 0 5 6 1 0.24719547143 0 3 
113 17 2.0 11 2 1 0 19 14 2 0.331695704009 2 1 
113 17 2.0 5 1 2 0 13 4 2 0.151159947184 2 1 
113 17 2.0 10 4 1 0 29 19 2 4.76150684257e-08 3 1 
113 17 2.0 6 2 0 0 11 13 3 1.559703371e-56 1 1 
113 18 0.0 4 7 3 0 25 19 2 0.0017863587899 1 5 
113 18 0.0 7 2 1 0 10 2 3 2.10108910482e-48 2 0 
113 18 0.0 13 13 1 0 12 34 3 1.1247895514e-58 6 0 
113 18 0.0 12 3 4 0 17 13 2 8.22351459621e-19 3 1 
113 18 0.0 8 5 4 0 26 19 2 5.46786244052e-19 3 2 
113 18 0.0 9 2 1 0 15 14 2 0.111416490199 2 1 
113 18 0.0 1 5 5 0 15 14 1 0.231465106933 0 5 
113 18 0.0 3 6 5 0 25 15 2 0.118056463404 1 5 
113 18 0.0 2 5 2 0 5 6 1 0.36875064948 0 3 
113 18 0.0 11 2 1 0 19 14 2 0.0508319185824 2 1 
113 18 0.0 5 1 2 0 13 4 2 0.111415982536 2 1 
113 18 0.0 10 4 1 0 29 19 2 2.77246830328e-18 3 1 
113 18 0.0 6 2 0 0 11 13 3 9.90085553418e-32 1 1 
113 18 2.0 4 7 3 0 25 19 2 4.39711096144e-25 1 5 
113 18 2.0 7 2 1 0 10 2 3 1.09072501065e-08 2 0 
113 18 2.0 13 13 1 0 12 34 3 6.41272516251e-06 6 0 
113 18 2.0 12 3 4 0 17 13 2 2.00600718963e-08 3 1 
113 18 2.0 8 5 4 0 26 19 2 4.21916877378e-09 3 2 
113 18 2.0 9 2 1 0 15 14 2 0.151134498178 2 1 
113 18 2.0 1 5 5 0 15 14 1 0.285967539426 0 5 
113 18 2.0 3 6 5 0 25 15 2 1.80470884724e-07 1 5 
113 18 2.0 2 5 2 0 5 6 1 0.2471954503 0 3 
113 18 2.0 11 2 1 0 19 14 2 0.331695419476 2 1 
113 18 2.0 5 1 2 0 13 4 2 0.151159606897 2 1 
113 18 2.0 10 4 1 0 29 19 2 4.02150560809e-08 3 1 
113 18 2.0 6 2 0 0 11 13 3 1.6175003002e-55 1 1 
113 19 0.0 4 7 3 0 25 19 2 0.00351695087141 1 5 
113 19 0.0 7 2 1 0 10 2 3 2.36701323185e-49 2 0 
113 19 0.0 13 13 1 0 12 34 3 2.2785940335e-59 6 0 
113 19 0.0 12 3 4 0 17 13 2 2.05894870245e-19 3 1 
113 19 0.0 8 5 4 0 26 19 2 3.82797221246e-19 3 2 
113 19 0.0 9 2 1 0 15 14 2 0.110181871623 2 1 
113 19 0.0 1 5 5 0 15 14 1 0.23050418177 0 5 
113 19 0.0 3 6 5 0 25 15 2 0.118786703778 1 5 
113 19 0.0 2 5 2 0 5 6 1 0.366673872672 0 3 
113 19 0.0 11 2 1 0 19 14 2 0.0496320684611 2 1 
113 19 0.0 5 1 2 0 13 4 2 0.110179962257 2 1 
113 19 0.0 10 4 1 0 29 19 2 7.12167988714e-19 3 1 
113 19 0.0 6 2 0 0 11 13 3 2.39001419406e-28 1 1 
113 19 2.0 4 7 3 0 25 19 2 2.34630993365e-24 1 5 
113 19 2.0 7 2 1 0 10 2 3 5.44982260506e-09 2 0 
113 19 2.0 13 13 1 0 12 34 3 6.29344482312e-06 6 0 
113 19 2.0 12 3 4 0 17 13 2 2.85878096344e-08 3 1 
113 19 2.0 8 5 4 0 26 19 2 4.08800068848e-09 3 2 
113 19 2.0 9 2 1 0 15 14 2 0.151134596114 2 1 
113 19 2.0 1 5 5 0 15 14 1 0.285967379727 0 5 
113 19 2.0 3 6 5 0 25 15 2 2.80759825036e-07 1 5 
113 19 2.0 2 5 2 0 5 6 1 0.247195422233 0 3 
113 19 2.0 11 2 1 0 19 14 2 0.331695228043 2 1 
113 19 2.0 5 1 2 0 13 4 2 0.151159512834 2 1 
113 19 2.0 10 4 1 0 29 19 2 2.38158940901e-08 3 1 
113 19 2.0 6 2 0 0 11 13 3 6.8120122118e-56 1 1 
113 20 0.0 4 7 3 0 25 19 2 0.000296821733054 1 5 
113 20 0.0 7 2 1 0 10 2 3 1.02640016929e-49 2 0 
113 20 0.0 13 13 1 0 12 34 3 7.99365752181e-55 6 0 
113 20 0.0 12 3 4 0 17 13 2 2.93687773175e-17 3 1 
113 20 0.0 8 5 4 0 26 19 2 2.31111630702e-18 3 2 
113 20 0.0 9 2 1 0 15 14 2 0.112478017383 2 1 
113 20 0.0 1 5 5 0 15 14 1 0.234766153717 0 5 
113 20 0.0 3 6 5 0 25 15 2 0.115543743538 1 5 
113 20 0.0 2 5 2 0 5 6 1 0.370539624961 0 3 
113 20 0.0 11 2 1 0 19 14 2 0.0549620563604 2 1 
113 20 0.0 5 1 2 0 13 4 2 0.112477144264 2 1 
113 20 0.0 10 4 1 0 29 19 2 3.60733529198e-17 3 1 
113 20 0.0 6 2 0 0 11 13 3 1.42234553178e-42 1 1 
113 20 2.0 4 7 3 0 25 19 2 1.46436085312e-24 1 5 
113 20 2.0 7 2 1 0 10 2 3 2.03840831184e-09 2 0 
113 20 2.0 13 13 1 0 12 34 3 5.23265068695e-06 6 0 
113 20 2.0 12 3 4 0 17 13 2 7.81868784487e-08 3 1 
113 20 2.0 8 5 4 0 26 19 2 4.73315573565e-10 3 2 
113 20 2.0 9 2 1 0 15 14 2 0.151136714786 2 1 
113 20 2.0 1 5 5 0 15 14 1 0.2859671948 0 5 
113 20 2.0 3 6 5 0 25 15 2 2.4501491785e-10 1 5 
113 20 2.0 2 5 2 0 5 6 1 0.247195204067 0 3 
113 20 2.0 11 2 1 0 19 14 2 0.33169590908 2 1 
113 20 2.0 5 1 2 0 13 4 2 0.151157428886 2 1 
113 20 2.0 10 4 1 0 29 19 2 5.82615993298e-09 3 1 
113 20 2.0 6 2 0 0 11 13 3 3.29551954209e-56 1 1 
113 21 0.0 4 7 3 0 25 19 2 0.000119664472371 1 5 
113 21 0.0 7 2 1 0 10 2 3 1.56384596406e-50 2 0 
113 21 0.0 13 13 1 0 12 34 3 1.47332420546e-55 6 0 
113 21 0.0 12 3 4 0 17 13 2 1.16561598755e-17 3 1 
113 21 0.0 8 5 4 0 26 19 2 3.15718768891e-19 3 2 
113 21 0.0 9 2 1 0 15 14 2 0.112604263873 2 1 
113 21 0.0 1 5 5 0 15 14 1 0.234069745309 0 5 
113 21 0.0 3 6 5 0 25 15 2 0.116072667886 1 5 
113 21 0.0 2 5 2 0 5 6 1 0.370752490894 0 3 
113 21 0.0 11 2 1 0 19 14 2 0.0540917851051 2 1 
113 21 0.0 5 1 2 0 13 4 2 0.112603119956 2 1 
113 21 0.0 10 4 1 0 29 19 2 1.5825623921e-17 3 1 
113 21 0.0 6 2 0 0 11 13 3 1.03998516448e-40 1 1 
113 21 2.0 4 7 3 0 25 19 2 1.62817266968e-23 1 5 
113 21 2.0 7 2 1 0 10 2 3 2.16163728096e-08 2 0 
113 21 2.0 13 13 1 0 12 34 3 6.62516778928e-06 6 0 
113 21 2.0 12 3 4 0 17 13 2 4.0266948365e-08 3 1 
113 21 2.0 8 5 4 0 26 19 2 4.18654739077e-10 3 2 
113 21 2.0 9 2 1 0 15 14 2 0.15113428202 2 1 
113 21 2.0 1 5 5 0 15 14 1 0.285967616715 0 5 
113 21 2.0 3 6 5 0 25 15 2 1.98839051537e-07 1 5 
113 21 2.0 2 5 2 0 5 6 1 0.247195499827 0 3 
113 21 2.0 11 2 1 0 19 14 2 0.331695363537 2 1 
113 21 2.0 5 1 2 0 13 4 2 0.15115981671 2 1 
113 21 2.0 10 4 1 0 29 19 2 1.818770136e-08 3 1 
113 21 2.0 6 2 0 0 11 13 3 5.36570883257e-56 1 1 
113 22 0.0 4 7 3 0 25 19 2 0.000729977527603 1 5 
113 22 0.0 7 2 1 0 10 2 3 5.91622540335e-47 2 0 
113 22 0.0 13 13 1 0 12 34 3 1.56540655504e-59 6 0 
113 22 0.0 12 3 4 0 17 13 2 2.48630934193e-19 3 1 
113 22 0.0 8 5 4 0 26 19 2 2.65994556591e-20 3 2 
113 22 0.0 9 2 1 0 15 14 2 0.112169100882 2 1 
113 22 0.0 1 5 5 0 15 14 1 0.230670434637 0 5 
113 22 0.0 3 6 5 0 25 15 2 0.118661215499 1 5 
113 22 0.0 2 5 2 0 5 6 1 0.370019246613 0 3 
113 22 0.0 11 2 1 0 19 14 2 0.049835767975 2 1 
113 22 0.0 5 1 2 0 13 4 2 0.1121691538 2 1 
113 22 0.0 10 4 1 0 29 19 2 5.68408983154e-19 3 1 
113 22 0.0 6 2 0 0 11 13 3 5.94700766535e-29 1 1 
113 22 2.0 4 7 3 0 25 19 2 4.45903434842e-25 1 5 
113 22 2.0 7 2 1 0 10 2 3 3.81439446209e-10 2 0 
113 22 2.0 13 13 1 0 12 34 3 2.30731595867e-06 6 0 
113 22 2.0 12 3 4 0 17 13 2 2.63651298061e-08 3 1 
113 22 2.0 8 5 4 0 26 19 2 7.05416795799e-09 3 2 
113 22 2.0 9 2 1 0 15 14 2 0.151142532365 2 1 
113 22 2.0 1 5 5 0 15 14 1 0.285965423322 0 5 
113 22 2.0 3 6 5 0 25 15 2 4.24895029039e-07 1 5 
113 22 2.0 2 5 2 0 5 6 1 0.247194616346 0 3 
113 22 2.0 11 2 1 0 19 14 2 0.33169535978 2 1 
113 22 2.0 5 1 2 0 13 4 2 0.151151682395 2 1 
113 22 2.0 10 4 1 0 29 19 2 1.92339548142e-08 3 1 
113 22 2.0 6 2 0 0 11 13 3 3.72730281382e-51 1 1 
113 23 0.0 4 7 3 0 25 19 2 0.00478557743672 1 5 
113 23 0.0 7 2 1 0 10 2 3 1.27198681696e-48 2 0 
113 23 0.0 13 13 1 0 12 34 3 3.16936079222e-57 6 0 
113 23 0.0 12 3 4 0 17 13 2 1.09021058682e-17 3 1 
113 23 0.0 8 5 4 0 26 19 2 1.03692637107e-16 3 2 
113 23 0.0 9 2 1 0 15 14 2 0.109275185472 2 1 
113 23 0.0 1 5 5 0 15 14 1 0.233314244837 0 5 
113 23 0.0 3 6 5 0 25 15 2 0.116647101913 1 5 
113 23 0.0 2 5 2 0 5 6 1 0.365152568969 0 3 
113 23 0.0 11 2 1 0 19 14 2 0.0531470094972 2 1 
113 23 0.0 5 1 2 0 13 4 2 0.109272562292 2 1 
113 23 0.0 10 4 1 0 29 19 2 4.99012264918e-16 3 1 
113 23 0.0 6 2 0 0 11 13 3 2.71856846876e-38 1 1 
113 23 2.0 4 7 3 0 25 19 2 2.17031919893e-24 1 5 
113 23 2.0 7 2 1 0 10 2 3 1.63426461237e-08 2 0 
113 23 2.0 13 13 1 0 12 34 3 7.66625622804e-06 6 0 
113 23 2.0 12 3 4 0 17 13 2 4.94371395827e-08 3 1 
113 23 2.0 8 5 4 0 26 19 2 8.18103223027e-09 3 2 
113 23 2.0 9 2 1 0 15 14 2 0.151132075274 2 1 
113 23 2.0 1 5 5 0 15 14 1 0.285968122342 0 5 
113 23 2.0 3 6 5 0 25 15 2 1.61511682975e-07 1 5 
113 23 2.0 2 5 2 0 5 6 1 0.247195707625 0 3 
113 23 2.0 11 2 1 0 19 14 2 0.331695285299 2 1 
113 23 2.0 5 1 2 0 13 4 2 0.151161996947 2 1 
113 23 2.0 10 4 1 0 29 19 2 4.09524411604e-08 3 1 
113 23 2.0 6 2 0 0 11 13 3 3.83995800148e-56 1 1 
113 24 0.0 4 7 3 0 25 19 2 0.000877333322421 1 5 
113 24 0.0 7 2 1 0 10 2 3 7.93000281585e-49 2 0 
113 24 0.0 13 13 1 0 12 34 3 2.90538787633e-56 6 0 
113 24 0.0 12 3 4 0 17 13 2 1.22167494411e-17 3 1 
113 24 0.0 8 5 4 0 26 19 2 1.08351700976e-18 3 2 
113 24 0.0 9 2 1 0 15 14 2 0.112064447946 2 1 
113 24 0.0 1 5 5 0 15 14 1 0.233700630802 0 5 
113 24 0.0 3 6 5 0 25 15 2 0.116353244324 1 5 
113 24 0.0 2 5 2 0 5 6 1 0.369842246144 0 3 
113 24 0.0 11 2 1 0 19 14 2 0.0536302710473 2 1 
113 24 0.0 5 1 2 0 13 4 2 0.11206387117 2 1 
113 24 0.0 10 4 1 0 29 19 2 1.01228884061e-17 3 1 
113 24 0.0 6 2 0 0 11 13 3 9.89959899553e-40 1 1 
113 24 2.0 4 7 3 0 25 19 2 3.13563166809e-24 1 5 
113 24 2.0 7 2 1 0 10 2 3 1.02309099903e-09 2 0 
113 24 2.0 13 13 1 0 12 34 3 5.2855712312e-06 6 0 
113 24 2.0 12 3 4 0 17 13 2 5.64886004918e-08 3 1 
113 24 2.0 8 5 4 0 26 19 2 2.88168647933e-10 3 2 
113 24 2.0 9 2 1 0 15 14 2 0.151136551648 2 1 
113 24 2.0 1 5 5 0 15 14 1 0.285966949906 0 5 
113 24 2.0 3 6 5 0 25 15 2 2.50799318458e-07 1 5 
113 24 2.0 2 5 2 0 5 6 1 0.247195215934 0 3 
113 24 2.0 11 2 1 0 19 14 2 0.33169535224 2 1 
113 24 2.0 5 1 2 0 13 4 2 0.151157584427 2 1 
113 24 2.0 10 4 1 0 29 19 2 4.38983946503e-08 3 1 
113 24 2.0 6 2 0 0 11 13 3 2.80805523703e-55 1 1 
113 25 0.0 4 7 3 0 25 19 2 0.000144373771384 1 5 
113 25 0.0 7 2 1 0 10 2 3 6.94201660604e-50 2 0 
113 25 0.0 13 13 1 0 12 34 3 2.97346339528e-54 6 0 
113 25 0.0 12 3 4 0 17 13 2 3.25529816871e-17 3 1 
113 25 0.0 8 5 4 0 26 19 2 9.62235840501e-18 3 2 
113 25 0.0 9 2 1 0 15 14 2 0.112586486949 2 1 
113 25 0.0 1 5 5 0 15 14 1 0.235805337562 0 5 
113 25 0.0 3 6 5 0 25 15 2 0.114755529704 1 5 
113 25 0.0 2 5 2 0 5 6 1 0.370722799828 0 3 
113 25 0.0 11 2 1 0 19 14 2 0.0562595826211 2 1 
113 25 0.0 5 1 2 0 13 4 2 0.112585720846 2 1 
113 25 0.0 10 4 1 0 29 19 2 3.50127172752e-17 3 1 
113 25 0.0 6 2 0 0 11 13 3 3.39801722446e-45 1 1 
113 25 2.0 4 7 3 0 25 19 2 4.36207272144e-26 1 5 
113 25 2.0 7 2 1 0 10 2 3 1.29687441784e-10 2 0 
113 25 2.0 13 13 1 0 12 34 3 1.25678788372e-05 6 0 
113 25 2.0 12 3 4 0 17 13 2 2.46296516957e-08 3 1 
113 25 2.0 8 5 4 0 26 19 2 8.69396700484e-09 3 2 
113 25 2.0 9 2 1 0 15 14 2 0.151121857215 2 1 
113 25 2.0 1 5 5 0 15 14 1 0.285970425891 0 5 
113 25 2.0 3 6 5 0 25 15 2 8.32922641322e-08 1 5 
113 25 2.0 2 5 2 0 5 6 1 0.247196682632 0 3 
113 25 2.0 11 2 1 0 19 14 2 0.331694940253 2 1 
113 25 2.0 5 1 2 0 13 4 2 0.151172088911 2 1 
113 25 2.0 10 4 1 0 29 19 2 4.53361608739e-08 3 1 
113 25 2.0 6 2 0 0 11 13 3 4.04576490808e-57 1 1 
113 26 0.0 4 7 3 0 25 19 2 0.000956657558125 1 5 
113 26 0.0 7 2 1 0 10 2 3 2.85717749929e-49 2 0 
113 26 0.0 13 13 1 0 12 34 3 6.07569713742e-56 6 0 
113 26 0.0 12 3 4 0 17 13 2 9.46793517485e-18 3 1 
113 26 0.0 8 5 4 0 26 19 2 1.09989793212e-18 3 2 
113 26 0.0 9 2 1 0 15 14 2 0.112008076825 2 1 
113 26 0.0 1 5 5 0 15 14 1 0.233342596496 0 5 
113 26 0.0 3 6 5 0 25 15 2 0.116625560842 1 5 
113 26 0.0 2 5 2 0 5 6 1 0.369746969419 0 3 
113 26 0.0 11 2 1 0 19 14 2 0.0531824346166 2 1 
113 26 0.0 5 1 2 0 13 4 2 0.11200721575 2 1 
113 26 0.0 10 4 1 0 29 19 2 1.22658189379e-17 3 1 
113 26 0.0 6 2 0 0 11 13 3 7.85175484523e-39 1 1 
113 26 2.0 4 7 3 0 25 19 2 8.17369185773e-25 1 5 
113 26 2.0 7 2 1 0 10 2 3 6.09658024064e-09 2 0 
113 26 2.0 13 13 1 0 12 34 3 4.00700263057e-06 6 0 
113 26 2.0 12 3 4 0 17 13 2 2.57879480484e-08 3 1 
113 26 2.0 8 5 4 0 26 19 2 2.71719274137e-09 3 2 
113 26 2.0 9 2 1 0 15 14 2 0.15113921129 2 1 
113 26 2.0 1 5 5 0 15 14 1 0.285966235893 0 5 
113 26 2.0 3 6 5 0 25 15 2 3.84315022377e-07 1 5 
113 26 2.0 2 5 2 0 5 6 1 0.247194963574 0 3 
113 26 2.0 11 2 1 0 19 14 2 0.331695264274 2 1 
113 26 2.0 5 1 2 0 13 4 2 0.151154958043 2 1 
113 26 2.0 10 4 1 0 29 19 2 2.1220189426e-08 3 1 
113 26 2.0 6 2 0 0 11 13 3 5.01427777101e-54 1 1 
113 27 0.0 4 7 3 0 25 19 2 0.00156881282135 1 5 
113 27 0.0 7 2 1 0 10 2 3 1.67049558172e-50 2 0 
113 27 0.0 13 13 1 0 12 34 3 1.57252878766e-58 6 0 
113 27 0.0 12 3 4 0 17 13 2 1.50084162128e-19 3 1 
113 27 0.0 8 5 4 0 26 19 2 2.40086695383e-19 3 2 
113 27 0.0 9 2 1 0 15 14 2 0.11157211321 2 1 
113 27 0.0 1 5 5 0 15 14 1 0.230970473124 0 5 
113 27 0.0 3 6 5 0 25 15 2 0.118433876653 1 5 
113 27 0.0 2 5 2 0 5 6 1 0.369011840872 0 3 
113 27 0.0 11 2 1 0 19 14 2 0.0502132651628 2 1 
113 27 0.0 5 1 2 0 13 4 2 0.111570599 2 1 
113 27 0.0 10 4 1 0 29 19 2 1.40908756105e-18 3 1 
113 27 0.0 6 2 0 0 11 13 3 5.87201982665e-30 1 1 
113 27 2.0 4 7 3 0 25 19 2 1.96240780073e-25 1 5 
113 27 2.0 7 2 1 0 10 2 3 6.91869528844e-10 2 0 
113 27 2.0 13 13 1 0 12 34 3 2.53686080016e-06 6 0 
113 27 2.0 12 3 4 0 17 13 2 3.6450002603e-08 3 1 
113 27 2.0 8 5 4 0 26 19 2 1.69345301821e-09 3 2 
113 27 2.0 9 2 1 0 15 14 2 0.151142078104 2 1 
113 27 2.0 1 5 5 0 15 14 1 0.285965568386 0 5 
113 27 2.0 3 6 5 0 25 15 2 3.84369181729e-07 1 5 
113 27 2.0 2 5 2 0 5 6 1 0.247194662946 0 3 
113 27 2.0 11 2 1 0 19 14 2 0.331695404341 2 1 
113 27 2.0 5 1 2 0 13 4 2 0.151152130536 2 1 
113 27 2.0 10 4 1 0 29 19 2 2.9438691639e-08 3 1 
113 27 2.0 6 2 0 0 11 13 3 1.9460676395e-52 1 1 
113 28 0.0 4 7 3 0 25 19 2 0.000381862677728 1 5 
113 28 0.0 7 2 1 0 10 2 3 1.56189449365e-50 2 0 
113 28 0.0 13 13 1 0 12 34 3 2.80905215877e-58 6 0 
113 28 0.0 12 3 4 0 17 13 2 6.73887118747e-19 3 1 
113 28 0.0 8 5 4 0 26 19 2 1.28954246617e-19 3 2 
113 28 0.0 9 2 1 0 15 14 2 0.112417648863 2 1 
113 28 0.0 1 5 5 0 15 14 1 0.23077375299 0 5 
113 28 0.0 3 6 5 0 25 15 2 0.118582163088 1 5 
113 28 0.0 2 5 2 0 5 6 1 0.370437450076 0 3 
113 28 0.0 11 2 1 0 19 14 2 0.0499665051841 2 1 
113 28 0.0 5 1 2 0 13 4 2 0.112416420217 2 1 
113 28 0.0 10 4 1 0 29 19 2 6.20088457801e-19 3 1 
113 28 0.0 6 2 0 0 11 13 3 5.88135048484e-29 1 1 
113 28 2.0 4 7 3 0 25 19 2 1.5901970138e-23 1 5 
113 28 2.0 7 2 1 0 10 2 3 2.1765816706e-08 2 0 
113 28 2.0 13 13 1 0 12 34 3 9.49089695234e-06 6 0 
113 28 2.0 12 3 4 0 17 13 2 4.17320768845e-08 3 1 
113 28 2.0 8 5 4 0 26 19 2 3.20794309488e-09 3 2 
113 28 2.0 9 2 1 0 15 14 2 0.151128563023 2 1 
113 28 2.0 1 5 5 0 15 14 1 0.285969078606 0 5 
113 28 2.0 3 6 5 0 25 15 2 3.99101938203e-08 1 5 
113 28 2.0 2 5 2 0 5 6 1 0.247196079269 0 3 
113 28 2.0 11 2 1 0 19 14 2 0.331695356219 2 1 
113 28 2.0 5 1 2 0 13 4 2 0.151165460414 2 1 
113 28 2.0 10 4 1 0 29 19 2 4.38560787547e-08 3 1 
113 28 2.0 6 2 0 0 11 13 3 6.95949374823e-57 1 1 
113 29 0.0 4 7 3 0 25 19 2 0.000832534374468 1 5 
113 29 0.0 7 2 1 0 10 2 3 1.69440701297e-46 2 0 
113 29 0.0 13 13 1 0 12 34 3 1.95877675856e-57 6 0 
113 29 0.0 12 3 4 0 17 13 2 5.03682480231e-18 3 1 
113 29 0.0 8 5 4 0 26 19 2 7.45484162541e-19 3 2 
113 29 0.0 9 2 1 0 15 14 2 0.112095930225 2 1 
113 29 0.0 1 5 5 0 15 14 1 0.232937884884 0 5 
113 29 0.0 3 6 5 0 25 15 2 0.116933619288 1 5 
113 29 0.0 2 5 2 0 5 6 1 0.369896056158 0 3 
113 29 0.0 11 2 1 0 19 14 2 0.0526759815361 2 1 
113 29 0.0 5 1 2 0 13 4 2 0.112096216982 2 1 
113 29 0.0 10 4 1 0 29 19 2 5.333736021e-18 3 1 
113 29 0.0 6 2 0 0 11 13 3 1.20353930989e-37 1 1 
113 29 2.0 4 7 3 0 25 19 2 5.42198467301e-24 1 5 
113 29 2.0 7 2 1 0 10 2 3 1.93599614603e-08 2 0 
113 29 2.0 13 13 1 0 12 34 3 9.04574662414e-06 6 0 
113 29 2.0 12 3 4 0 17 13 2 5.70279032179e-08 3 1 
113 29 2.0 8 5 4 0 26 19 2 6.12662718238e-10 3 2 
113 29 2.0 9 2 1 0 15 14 2 0.151129398158 2 1 
113 29 2.0 1 5 5 0 15 14 1 0.28596891904 0 5 
113 29 2.0 3 6 5 0 25 15 2 9.06137693004e-10 1 5 
113 29 2.0 2 5 2 0 5 6 1 0.247195984672 0 3 
113 29 2.0 11 2 1 0 19 14 2 0.331695490353 2 1 
113 29 2.0 5 1 2 0 13 4 2 0.151164636689 2 1 
113 29 2.0 10 4 1 0 29 19 2 2.87425248094e-08 3 1 
113 29 2.0 6 2 0 0 11 13 3 1.06214450218e-56 1 1 
113 30 0.0 4 7 3 0 25 19 2 0.00333639123061 1 5 
113 30 0.0 7 2 1 0 10 2 3 4.71100681574e-47 2 0 
113 30 0.0 13 13 1 0 12 34 3 2.62292787346e-58 6 0 
113 30 0.0 12 3 4 0 17 13 2 7.87117169187e-19 3 1 
113 30 0.0 8 5 4 0 26 19 2 4.39750533199e-18 3 2 
113 30 0.0 9 2 1 0 15 14 2 0.110310136733 2 1 
113 30 0.0 1 5 5 0 15 14 1 0.23236901518 0 5 
113 30 0.0 3 6 5 0 25 15 2 0.117366726586 1 5 
113 30 0.0 2 5 2 0 5 6 1 0.3668904688 0 3 
113 30 0.0 11 2 1 0 19 14 2 0.0519638506784 2 1 
113 30 0.0 5 1 2 0 13 4 2 0.110309688144 2 1 
113 30 0.0 10 4 1 0 29 19 2 3.27901363627e-17 3 1 
113 30 0.0 6 2 0 0 11 13 3 3.12577472912e-35 1 1 
113 30 2.0 4 7 3 0 25 19 2 1.62537793427e-23 1 5 
113 30 2.0 7 2 1 0 10 2 3 2.33205067714e-08 2 0 
113 30 2.0 13 13 1 0 12 34 3 7.14022265531e-06 6 0 
113 30 2.0 12 3 4 0 17 13 2 5.26477836075e-08 3 1 
113 30 2.0 8 5 4 0 26 19 2 1.75447421529e-10 3 2 
113 30 2.0 9 2 1 0 15 14 2 0.151133349123 2 1 
113 30 2.0 1 5 5 0 15 14 1 0.285967928863 0 5 
113 30 2.0 3 6 5 0 25 15 2 1.23738669942e-07 1 5 
113 30 2.0 2 5 2 0 5 6 1 0.247195606909 0 3 
113 30 2.0 11 2 1 0 19 14 2 0.331695460029 2 1 
113 30 2.0 5 1 2 0 13 4 2 0.151160736827 2 1 
113 30 2.0 10 4 1 0 29 19 2 1.2492642796e-08 3 1 
113 30 2.0 6 2 0 0 11 13 3 1.00223977369e-55 1 1 
113 31 0.0 4 7 3 0 25 19 2 0.000131208907362 1 5 
113 31 0.0 7 2 1 0 10 2 3 7.02689225825e-49 2 0 
113 31 0.0 13 13 1 0 12 34 3 2.46167779779e-59 6 0 
113 31 0.0 12 3 4 0 17 13 2 2.20175407092e-19 3 1 
113 31 0.0 8 5 4 0 26 19 2 1.75048612514e-19 3 2 
113 31 0.0 9 2 1 0 15 14 2 0.11259568754 2 1 
113 31 0.0 1 5 5 0 15 14 1 0.230709801351 0 5 
113 31 0.0 3 6 5 0 25 15 2 0.118630429872 1 5 
113 31 0.0 2 5 2 0 5 6 1 0.370738618876 0 3 
113 31 0.0 11 2 1 0 19 14 2 0.0498882639812 2 1 
113 31 0.0 5 1 2 0 13 4 2 0.112595261813 2 1 
113 31 0.0 10 4 1 0 29 19 2 8.50628469009e-20 3 1 
113 31 0.0 6 2 0 0 11 13 3 5.27138103722e-29 1 1 
113 31 2.0 4 7 3 0 25 19 2 6.77255941051e-25 1 5 
113 31 2.0 7 2 1 0 10 2 3 3.82749667e-09 2 0 
113 31 2.0 13 13 1 0 12 34 3 7.6764306334e-06 6 0 
113 31 2.0 12 3 4 0 17 13 2 4.82302644661e-08 3 1 
113 31 2.0 8 5 4 0 26 19 2 1.66505795028e-09 3 2 
113 31 2.0 9 2 1 0 15 14 2 0.151131837961 2 1 
113 31 2.0 1 5 5 0 15 14 1 0.285968294126 0 5 
113 31 2.0 3 6 5 0 25 15 2 5.07124605684e-09 1 5 
113 31 2.0 2 5 2 0 5 6 1 0.247195698545 0 3 
113 31 2.0 11 2 1 0 19 14 2 0.331695622426 2 1 
113 31 2.0 5 1 2 0 13 4 2 0.151162235722 2 1 
113 31 2.0 10 4 1 0 29 19 2 4.38057848332e-08 3 1 
113 31 2.0 6 2 0 0 11 13 3 1.13854103114e-56 1 1 
113 32 0.0 4 7 3 0 25 19 2 0.000469093984323 1 5 
113 32 0.0 7 2 1 0 10 2 3 9.792438198e-50 2 0 
113 32 0.0 13 13 1 0 12 34 3 2.6451243795e-58 6 0 
113 32 0.0 12 3 4 0 17 13 2 6.04909933444e-19 3 1 
113 32 0.0 8 5 4 0 26 19 2 3.31275124662e-20 3 2 
113 32 0.0 9 2 1 0 15 14 2 0.112355362468 2 1 
113 32 0.0 1 5 5 0 15 14 1 0.231273873812 0 5 
113 32 0.0 3 6 5 0 25 15 2 0.11820128928 1 5 
113 32 0.0 2 5 2 0 5 6 1 0.37033264843 0 3 
113 32 0.0 11 2 1 0 19 14 2 0.0505931098318 2 1 
113 32 0.0 5 1 2 0 13 4 2 0.11235448291 2 1 
113 32 0.0 10 4 1 0 29 19 2 5.37169610656e-19 3 1 
113 32 0.0 6 2 0 0 11 13 3 7.68354898964e-31 1 1 
113 32 2.0 4 7 3 0 25 19 2 9.60053694471e-25 1 5 
113 32 2.0 7 2 1 0 10 2 3 4.19969079537e-09 2 0 
113 32 2.0 13 13 1 0 12 34 3 6.65656712097e-06 6 0 
113 32 2.0 12 3 4 0 17 13 2 4.4804790647e-08 3 1 
113 32 2.0 8 5 4 0 26 19 2 3.11720021561e-09 3 2 
113 32 2.0 9 2 1 0 15 14 2 0.151133869548 2 1 
113 32 2.0 1 5 5 0 15 14 1 0.285967627114 0 5 
113 32 2.0 3 6 5 0 25 15 2 2.00728146604e-07 1 5 
113 32 2.0 2 5 2 0 5 6 1 0.247195494885 0 3 
113 32 2.0 11 2 1 0 19 14 2 0.331695340615 2 1 
113 32 2.0 5 1 2 0 13 4 2 0.151160230049 2 1 
113 32 2.0 10 4 1 0 29 19 2 2.48331988934e-08 3 1 
113 32 2.0 6 2 0 0 11 13 3 1.62727781937e-55 1 1 
113 33 0.0 4 7 3 0 25 19 2 0.00102133625591 1 5 
113 33 0.0 7 2 1 0 10 2 3 3.09280702658e-49 2 0 
113 33 0.0 13 13 1 0 12 34 3 3.53618236602e-57 6 0 
113 33 0.0 12 3 4 0 17 13 2 2.11773829058e-18 3 1 
113 33 0.0 8 5 4 0 26 19 2 1.82606197623e-19 3 2 
113 33 0.0 9 2 1 0 15 14 2 0.111961888613 2 1 
113 33 0.0 1 5 5 0 15 14 1 0.232278987344 0 5 
113 33 0.0 3 6 5 0 25 15 2 0.117435587036 1 5 
113 33 0.0 2 5 2 0 5 6 1 0.369669286495 0 3 
113 33 0.0 11 2 1 0 19 14 2 0.0518511334255 2 1 
113 33 0.0 5 1 2 0 13 4 2 0.111961237872 2 1 
113 33 0.0 10 4 1 0 29 19 2 3.73716500263e-18 3 1 
113 33 0.0 6 2 0 0 11 13 3 4.99598890144e-35 1 1 
113 33 2.0 4 7 3 0 25 19 2 1.6105520026e-24 1 5 
113 33 2.0 7 2 1 0 10 2 3 7.06217478277e-10 2 0 
113 33 2.0 13 13 1 0 12 34 3 3.86552829222e-06 6 0 
113 33 2.0 12 3 4 0 17 13 2 3.85841121696e-08 3 1 
113 33 2.0 8 5 4 0 26 19 2 1.95935431598e-09 3 2 
113 33 2.0 9 2 1 0 15 14 2 0.15113940397 2 1 
113 33 2.0 1 5 5 0 15 14 1 0.285966172425 0 5 
113 33 2.0 3 6 5 0 25 15 2 3.83848754905e-07 1 5 
113 33 2.0 2 5 2 0 5 6 1 0.247194930664 0 3 
113 33 2.0 11 2 1 0 19 14 2 0.331695281046 2 1 
113 33 2.0 5 1 2 0 13 4 2 0.151154769591 2 1 
113 33 2.0 10 4 1 0 29 19 2 8.84744537728e-09 3 1 
113 33 2.0 6 2 0 0 11 13 3 3.97474051074e-53 1 1 
113 34 0.0 4 7 3 0 25 19 2 0.000564002505766 1 5 
113 34 0.0 7 2 1 0 10 2 3 9.90862371246e-50 2 0 
113 34 0.0 13 13 1 0 12 34 3 5.36364415249e-61 6 0 
113 34 0.0 12 3 4 0 17 13 2 6.14406445189e-20 3 1 
113 34 0.0 8 5 4 0 26 19 2 2.48799858536e-20 3 2 
113 34 0.0 9 2 1 0 15 14 2 0.112287798203 2 1 
113 34 0.0 1 5 5 0 15 14 1 0.227933973517 0 5 
113 34 0.0 3 6 5 0 25 15 2 0.12075893564 1 5 
113 34 0.0 2 5 2 0 5 6 1 0.370218628839 0 3 
113 34 0.0 11 2 1 0 19 14 2 0.0464256845168 2 1 
113 34 0.0 5 1 2 0 13 4 2 0.112286876537 2 1 
113 34 0.0 10 4 1 0 29 19 2 6.26754625667e-20 3 1 
113 34 0.0 6 2 0 0 11 13 3 7.74185413566e-23 1 1 
113 34 2.0 4 7 3 0 25 19 2 1.26917098821e-23 1 5 
113 34 2.0 7 2 1 0 10 2 3 9.56732044001e-10 2 0 
113 34 2.0 13 13 1 0 12 34 3 1.04386976983e-06 6 0 
113 34 2.0 12 3 4 0 17 13 2 1.59306203909e-08 3 1 
113 34 2.0 8 5 4 0 26 19 2 1.81079942978e-10 3 2 
113 34 2.0 9 2 1 0 15 14 2 0.151145071935 2 1 
113 34 2.0 1 5 5 0 15 14 1 0.285964737975 0 5 
113 34 2.0 3 6 5 0 25 15 2 5.35677532058e-07 1 5 
113 34 2.0 2 5 2 0 5 6 1 0.247194363097 0 3 
113 34 2.0 11 2 1 0 19 14 2 0.331695297982 2 1 
113 34 2.0 5 1 2 0 13 4 2 0.151149176961 2 1 
113 34 2.0 10 4 1 0 29 19 2 4.02134339403e-09 3 1 
113 34 2.0 6 2 0 0 11 13 3 4.29233759631e-50 1 1 
113 35 0.0 4 7 3 0 25 19 2 0.00101517790463 1 5 
113 35 0.0 7 2 1 0 10 2 3 1.49683447298e-48 2 0 
113 35 0.0 13 13 1 0 12 34 3 1.92436837738e-60 6 0 
113 35 0.0 12 3 4 0 17 13 2 1.94794417279e-19 3 1 
113 35 0.0 8 5 4 0 26 19 2 5.98548350902e-20 3 2 
113 35 0.0 9 2 1 0 15 14 2 0.111966134934 2 1 
113 35 0.0 1 5 5 0 15 14 1 0.229896258768 0 5 
113 35 0.0 3 6 5 0 25 15 2 0.119248306047 1 5 
113 35 0.0 2 5 2 0 5 6 1 0.369676682922 0 3 
113 35 0.0 11 2 1 0 19 14 2 0.0488683495191 2 1 
113 35 0.0 5 1 2 0 13 4 2 0.111965767389 2 1 
113 35 0.0 10 4 1 0 29 19 2 3.11778745612e-19 3 1 
113 35 0.0 6 2 0 0 11 13 3 1.11013106219e-26 1 1 
113 35 2.0 4 7 3 0 25 19 2 1.82129827805e-23 1 5 
113 35 2.0 7 2 1 0 10 2 3 1.2768921551e-09 2 0 
113 35 2.0 13 13 1 0 12 34 3 6.95341815552e-06 6 0 
113 35 2.0 12 3 4 0 17 13 2 3.96763043828e-08 3 1 
113 35 2.0 8 5 4 0 26 19 2 1.82540901454e-09 3 2 
113 35 2.0 9 2 1 0 15 14 2 0.151133213777 2 1 
113 35 2.0 1 5 5 0 15 14 1 0.28596774447 0 5 
113 35 2.0 3 6 5 0 25 15 2 2.17859590137e-07 1 5 
113 35 2.0 2 5 2 0 5 6 1 0.247195550537 0 3 
113 35 2.0 11 2 1 0 19 14 2 0.331695282952 2 1 
113 35 2.0 5 1 2 0 13 4 2 0.151160880514 2 1 
113 35 2.0 10 4 1 0 29 19 2 2.12995448496e-08 3 1 
113 35 2.0 6 2 0 0 11 13 3 1.54513418815e-55 1 1 
113 36 0.0 4 7 3 0 25 19 2 0.000321994199537 1 5 
113 36 0.0 7 2 1 0 10 2 3 2.17823638859e-47 2 0 
113 36 0.0 13 13 1 0 12 34 3 3.5580610264e-57 6 0 
113 36 0.0 12 3 4 0 17 13 2 1.31920789739e-18 3 1 
113 36 0.0 8 5 4 0 26 19 2 5.1644112982e-19 3 2 
113 36 0.0 9 2 1 0 15 14 2 0.112459633923 2 1 
113 36 0.0 1 5 5 0 15 14 1 0.23269167896 0 5 
113 36 0.0 3 6 5 0 25 15 2 0.117121086949 1 5 
113 36 0.0 2 5 2 0 5 6 1 0.370509380284 0 3 
113 36 0.0 11 2 1 0 19 14 2 0.0523678928036 2 1 
113 36 0.0 5 1 2 0 13 4 2 0.112459685055 2 1 
113 36 0.0 10 4 1 0 29 19 2 1.06736189293e-18 3 1 
113 36 0.0 6 2 0 0 11 13 3 1.58164222717e-36 1 1 
113 36 2.0 4 7 3 0 25 19 2 6.79279465488e-23 1 5 
113 36 2.0 7 2 1 0 10 2 3 1.66095997522e-08 2 0 
113 36 2.0 13 13 1 0 12 34 3 6.08556626419e-06 6 0 
113 36 2.0 12 3 4 0 17 13 2 4.3389783282e-08 3 1 
113 36 2.0 8 5 4 0 26 19 2 3.00412604673e-09 3 2 
113 36 2.0 9 2 1 0 15 14 2 0.151135260785 2 1 
113 36 2.0 1 5 5 0 15 14 1 0.285967348055 0 5 
113 36 2.0 3 6 5 0 25 15 2 2.21730783293e-07 1 5 
113 36 2.0 2 5 2 0 5 6 1 0.247195390127 0 3 
113 36 2.0 11 2 1 0 19 14 2 0.331695372273 2 1 
113 36 2.0 5 1 2 0 13 4 2 0.15115885355 2 1 
113 36 2.0 10 4 1 0 29 19 2 1.36654474601e-08 3 1 
113 36 2.0 6 2 0 0 11 13 3 1.61335510184e-55 1 1 
113 37 0.0 4 7 3 0 25 19 2 0.000629734473859 1 5 
113 37 0.0 7 2 1 0 10 2 3 1.15924799887e-49 2 0 
113 37 0.0 13 13 1 0 12 34 3 8.41550839628e-59 6 0 
113 37 0.0 12 3 4 0 17 13 2 1.64459822051e-19 3 1 
113 37 0.0 8 5 4 0 26 19 2 6.07242428518e-20 3 2 
113 37 0.0 9 2 1 0 15 14 2 0.112240971764 2 1 
113 37 0.0 1 5 5 0 15 14 1 0.23055433913 0 5 
113 37 0.0 3 6 5 0 25 15 2 0.1187495952 1 5 
113 37 0.0 2 5 2 0 5 6 1 0.370139664308 0 3 
113 37 0.0 11 2 1 0 19 14 2 0.0496899922552 2 1 
113 37 0.0 5 1 2 0 13 4 2 0.112240077619 2 1 
113 37 0.0 10 4 1 0 29 19 2 1.06864800564e-19 3 1 
113 37 0.0 6 2 0 0 11 13 3 5.52302078727e-28 1 1 
113 37 2.0 4 7 3 0 25 19 2 6.08742179162e-24 1 5 
113 37 2.0 7 2 1 0 10 2 3 2.76171897869e-08 2 0 
113 37 2.0 13 13 1 0 12 34 3 8.8720778115e-06 6 0 
113 37 2.0 12 3 4 0 17 13 2 3.15237483865e-08 3 1 
113 37 2.0 8 5 4 0 26 19 2 6.57302939892e-09 3 2 
113 37 2.0 9 2 1 0 15 14 2 0.151129886996 2 1 
113 37 2.0 1 5 5 0 15 14 1 0.285968757393 0 5 
113 37 2.0 3 6 5 0 25 15 2 8.05066471752e-08 1 5 
113 37 2.0 2 5 2 0 5 6 1 0.247195957478 0 3 
113 37 2.0 11 2 1 0 19 14 2 0.331695354346 2 1 
113 37 2.0 5 1 2 0 13 4 2 0.151164151703 2 1 
113 37 2.0 10 4 1 0 29 19 2 3.53591906461e-08 3 1 
113 37 2.0 6 2 0 0 11 13 3 9.65246071457e-57 1 1 
113 38 0.0 4 7 3 0 25 19 2 0.00163804841171 1 5 
113 38 0.0 7 2 1 0 10 2 3 1.52938198058e-50 2 0 
113 38 0.0 13 13 1 0 12 34 3 1.99189901166e-59 6 0 
113 38 0.0 12 3 4 0 17 13 2 1.76284378433e-19 3 1 
113 38 0.0 8 5 4 0 26 19 2 2.58408037695e-20 3 2 
113 38 0.0 9 2 1 0 15 14 2 0.111522859301 2 1 
113 38 0.0 1 5 5 0 15 14 1 0.229816524914 0 5 
113 38 0.0 3 6 5 0 25 15 2 0.119307778486 1 5 
113 38 0.0 2 5 2 0 5 6 1 0.368928711626 0 3 
113 38 0.0 11 2 1 0 19 14 2 0.048771195758 2 1 
113 38 0.0 5 1 2 0 13 4 2 0.111521125121 2 1 
113 38 0.0 10 4 1 0 29 19 2 2.51166139037e-19 3 1 
113 38 0.0 6 2 0 0 11 13 3 3.60224456032e-26 1 1 
113 38 2.0 4 7 3 0 25 19 2 1.91369319801e-24 1 5 
113 38 2.0 7 2 1 0 10 2 3 6.6875073435e-09 2 0 
113 38 2.0 13 13 1 0 12 34 3 6.76466458367e-06 6 0 
113 38 2.0 12 3 4 0 17 13 2 4.19832654381e-08 3 1 
113 38 2.0 8 5 4 0 26 19 2 2.53881556296e-09 3 2 
113 38 2.0 9 2 1 0 15 14 2 0.151133715052 2 1 
113 38 2.0 1 5 5 0 15 14 1 0.285967753959 0 5 
113 38 2.0 3 6 5 0 25 15 2 1.27341103289e-07 1 5 
113 38 2.0 2 5 2 0 5 6 1 0.24719551639 0 3 
113 38 2.0 11 2 1 0 19 14 2 0.331695483319 2 1 
113 38 2.0 5 1 2 0 13 4 2 0.151160381883 2 1 
113 38 2.0 10 4 1 0 29 19 2 2.9706525544e-08 3 1 
113 38 2.0 6 2 0 0 11 13 3 4.67273222993e-56 1 1 
113 39 0.0 4 7 3 0 25 19 2 0.00230503212688 1 5 
113 39 0.0 7 2 1 0 10 2 3 5.14306518323e-50 2 0 
113 39 0.0 13 13 1 0 12 34 3 6.45544474304e-60 6 0 
113 39 0.0 12 3 4 0 17 13 2 4.61779006824e-20 3 1 
113 39 0.0 8 5 4 0 26 19 2 2.08562694965e-19 3 2 
113 39 0.0 9 2 1 0 15 14 2 0.111047129724 2 1 
113 39 0.0 1 5 5 0 15 14 1 0.229601363067 0 5 
113 39 0.0 3 6 5 0 25 15 2 0.119470894204 1 5 
113 39 0.0 2 5 2 0 5 6 1 0.368128033888 0 3 
113 39 0.0 11 2 1 0 19 14 2 0.0485003722884 2 1 
113 39 0.0 5 1 2 0 13 4 2 0.111045366241 2 1 
113 39 0.0 10 4 1 0 29 19 2 1.2367141664e-19 3 1 
113 39 0.0 6 2 0 0 11 13 3 1.50600799758e-25 1 1 
113 39 2.0 4 7 3 0 25 19 2 6.11919319495e-24 1 5 
113 39 2.0 7 2 1 0 10 2 3 1.91622363957e-09 2 0 
113 39 2.0 13 13 1 0 12 34 3 3.20901674881e-06 6 0 
113 39 2.0 12 3 4 0 17 13 2 4.47205781515e-08 3 1 
113 39 2.0 8 5 4 0 26 19 2 7.06702362635e-10 3 2 
113 39 2.0 9 2 1 0 15 14 2 0.151140737216 2 1 
113 39 2.0 1 5 5 0 15 14 1 0.285965876231 0 5 
113 39 2.0 3 6 5 0 25 15 2 3.80858853428e-07 1 5 
113 39 2.0 2 5 2 0 5 6 1 0.247194799104 0 3 
113 39 2.0 11 2 1 0 19 14 2 0.331695338643 2 1 
113 39 2.0 5 1 2 0 13 4 2 0.151153453194 2 1 
113 39 2.0 10 4 1 0 29 19 2 2.21226270896e-08 3 1 
113 39 2.0 6 2 0 0 11 13 3 6.33172315082e-53 1 1 
113 40 0.0 4 7 3 0 25 19 2 0.000335019646757 1 5 
113 40 0.0 7 2 1 0 10 2 3 3.46167360213e-48 2 0 
113 40 0.0 13 13 1 0 12 34 3 4.53560056017e-58 6 0 
113 40 0.0 12 3 4 0 17 13 2 1.02555975148e-18 3 1 
113 40 0.0 8 5 4 0 26 19 2 1.0334654063e-19 3 2 
113 40 0.0 9 2 1 0 15 14 2 0.11245051549 2 1 
113 40 0.0 1 5 5 0 15 14 1 0.232214773853 0 5 
113 40 0.0 3 6 5 0 25 15 2 0.117484579899 1 5 
113 40 0.0 2 5 2 0 5 6 1 0.370493730393 0 3 
113 40 0.0 11 2 1 0 19 14 2 0.051770637075 2 1 
113 40 0.0 5 1 2 0 13 4 2 0.112450256359 2 1 
113 40 0.0 10 4 1 0 29 19 2 2.15860614646e-18 3 1 
113 40 0.0 6 2 0 0 11 13 3 1.34101492899e-34 1 1 
113 40 2.0 4 7 3 0 25 19 2 1.19502104831e-24 1 5 
113 40 2.0 7 2 1 0 10 2 3 4.49306099679e-10 2 0 
113 40 2.0 13 13 1 0 12 34 3 3.2927224972e-06 6 0 
113 40 2.0 12 3 4 0 17 13 2 4.55901621713e-08 3 1 
113 40 2.0 8 5 4 0 26 19 2 1.68895619043e-09 3 2 
113 40 2.0 9 2 1 0 15 14 2 0.151140565045 2 1 
113 40 2.0 1 5 5 0 15 14 1 0.285966102754 0 5 
113 40 2.0 3 6 5 0 25 15 2 2.02273067966e-07 1 5 
113 40 2.0 2 5 2 0 5 6 1 0.247194814136 0 3 
113 40 2.0 11 2 1 0 19 14 2 0.33169569678 2 1 
113 40 2.0 5 1 2 0 13 4 2 0.151153623835 2 1 
113 40 2.0 10 4 1 0 29 19 2 3.16247491312e-08 3 1 
113 40 2.0 6 2 0 0 11 13 3 4.31565572972e-53 1 1 
