101 1 0.0 18 6 1 0 22 24 3 2.94999267492e-79 2 2 
101 1 0.0 20 4 0 0 18 23 3 9.39664036862e-79 1 2 
101 1 0.0 21 8 0 0 24 25 4 7.18688764765e-78 5 0 
101 1 0.0 22 8 1 0 34 34 3 1.72888259376e-75 6 0 
101 1 0.0 1 9 1 0 2 4 1 0.192352728965 0 2 
101 1 0.0 3 9 1 0 11 7 2 0.149277031918 1 3 
101 1 0.0 2 6 0 0 4 4 1 0.180012999551 0 2 
101 1 0.0 5 0 0 0 4 1 2 0.0747192314461 1 0 
101 1 0.0 4 22 4 0 51 16 2 0.000433628479281 2 7 
101 1 0.0 7 1 0 0 6 1 3 1.72535290942e-09 1 0 
101 1 0.0 6 7 3 0 34 21 2 0.0687493166141 1 6 
101 1 0.0 9 2 0 0 14 1 3 9.77758127763e-78 1 0 
101 1 0.0 8 1 0 0 6 1 3 1.02607031678e-09 1 0 
101 1 0.0 11 8 3 0 17 7 3 3.73792235266e-79 1 3 
101 1 0.0 10 2 0 0 14 1 3 4.66673561066e-78 1 0 
101 1 0.0 13 2 3 0 22 25 3 1.40144492312e-69 1 4 
101 1 0.0 12 6 1 0 22 24 3 1.06589729467e-78 2 2 
101 1 0.0 15 1 1 0 18 2 3 5.18881800934e-72 2 0 
101 1 0.0 14 1 1 0 18 2 3 4.66651803001e-72 2 0 
101 1 0.0 17 1 0 0 12 1 3 7.97761367027e-67 1 0 
101 1 0.0 16 1 0 0 12 1 3 1.61013502745e-66 1 0 
101 1 0.0 19 6 1 0 22 24 3 3.59143078709e-79 2 2 
101 1 2.0 18 6 1 0 22 24 3 1.02543943705e-25 2 2 
101 1 2.0 20 4 0 0 18 23 3 0.00307409337735 1 2 
101 1 2.0 21 8 0 0 24 25 4 1.79584285877e-45 5 0 
101 1 2.0 22 8 1 0 34 34 3 1.6690105418e-54 6 0 
101 1 2.0 1 9 1 0 2 4 1 0.598334549166 0 2 
101 1 2.0 3 9 1 0 11 7 2 0.0536405585611 1 3 
101 1 2.0 2 6 0 0 4 4 1 0.125626398542 0 2 
101 1 2.0 5 0 0 0 4 1 2 0.1765354945 1 0 
101 1 2.0 4 22 4 0 51 16 2 0.100043621976 2 7 
101 1 2.0 7 1 0 0 6 1 3 0.0823356267722 1 0 
101 1 2.0 6 7 3 0 34 21 2 0.00327506470244 1 6 
101 1 2.0 9 2 0 0 14 1 3 0.0134373400629 1 0 
101 1 2.0 8 1 0 0 6 1 3 0.0820587635119 1 0 
101 1 2.0 11 8 3 0 17 7 3 0.0050487991638 1 3 
101 1 2.0 10 2 0 0 14 1 3 0.0130486494629 1 0 
101 1 2.0 13 2 3 0 22 25 3 1.20084391666e-59 1 4 
101 1 2.0 12 6 1 0 22 24 3 2.43849930416e-25 2 2 
101 1 2.0 15 1 1 0 18 2 3 4.18376257407e-55 2 0 
101 1 2.0 14 1 1 0 18 2 3 1.49826593169e-55 2 0 
101 1 2.0 17 1 0 0 12 1 3 6.99766148826e-55 1 0 
101 1 2.0 16 1 0 0 12 1 3 6.23731610435e-55 1 0 
101 1 2.0 19 6 1 0 22 24 3 2.27038290942e-25 2 2 
101 2 0.0 18 6 1 0 22 24 3 2.89593191776e-74 2 2 
101 2 0.0 20 4 0 0 18 23 3 9.45944349399e-71 1 2 
101 2 0.0 21 8 0 0 24 25 4 1.36022558848e-77 5 0 
101 2 0.0 22 8 1 0 34 34 3 7.11581149824e-77 6 0 
101 2 0.0 1 9 1 0 2 4 1 0.215468370106 0 2 
101 2 0.0 3 9 1 0 11 7 2 0.130234275878 1 3 
101 2 0.0 2 6 0 0 4 4 1 0.180079540309 0 2 
101 2 0.0 5 0 0 0 4 1 2 0.0908979668771 1 0 
101 2 0.0 4 22 4 0 51 16 2 0.0308371867148 2 7 
101 2 0.0 7 1 0 0 6 1 3 2.77066019394e-13 1 0 
101 2 0.0 6 7 3 0 34 21 2 0.0509588256721 1 6 
101 2 0.0 9 2 0 0 14 1 3 7.14329513487e-69 1 0 
101 2 0.0 8 1 0 0 6 1 3 1.57864596534e-12 1 0 
101 2 0.0 11 8 3 0 17 7 3 1.10770116854e-69 1 3 
101 2 0.0 10 2 0 0 14 1 3 6.3049606751e-69 1 0 
101 2 0.0 13 2 3 0 22 25 3 1.07858606485e-77 1 4 
101 2 0.0 12 6 1 0 22 24 3 7.12334930857e-75 2 2 
101 2 0.0 15 1 1 0 18 2 3 6.30086055447e-76 2 0 
101 2 0.0 14 1 1 0 18 2 3 3.43093684621e-76 2 0 
101 2 0.0 17 1 0 0 12 1 3 2.49059800843e-74 1 0 
101 2 0.0 16 1 0 0 12 1 3 3.42811962807e-74 1 0 
101 2 0.0 19 6 1 0 22 24 3 4.41311410544e-74 2 2 
101 2 2.0 18 6 1 0 22 24 3 1.79969464117e-25 2 2 
101 2 2.0 20 4 0 0 18 23 3 0.00648616323854 1 2 
101 2 2.0 21 8 0 0 24 25 4 1.04042592298e-45 5 0 
101 2 2.0 22 8 1 0 34 34 3 1.14700229755e-54 6 0 
101 2 2.0 1 9 1 0 2 4 1 0.404063740044 0 2 
101 2 2.0 3 9 1 0 11 7 2 0.0709355827321 1 3 
101 2 2.0 2 6 0 0 4 4 1 0.125568006592 0 2 
101 2 2.0 5 0 0 0 4 1 2 0.177307100908 1 0 
101 2 2.0 4 22 4 0 51 16 2 0.23775062467 2 7 
101 2 2.0 7 1 0 0 6 1 3 0.0575332148989 1 0 
101 2 2.0 6 7 3 0 34 21 2 0.00265313364891 1 6 
101 2 2.0 9 2 0 0 14 1 3 0.0584141791061 1 0 
101 2 2.0 8 1 0 0 6 1 3 0.0574129676001 1 0 
101 2 2.0 11 8 3 0 17 7 3 0.0170752716843 1 3 
101 2 2.0 10 2 0 0 14 1 3 0.0586059502493 1 0 
101 2 2.0 13 2 3 0 22 25 3 8.13728423546e-59 1 4 
101 2 2.0 12 6 1 0 22 24 3 1.90143682506e-25 2 2 
101 2 2.0 15 1 1 0 18 2 3 1.27004064014e-55 2 0 
101 2 2.0 14 1 1 0 18 2 3 1.84065412892e-55 2 0 
101 2 2.0 17 1 0 0 12 1 3 6.37354329677e-55 1 0 
101 2 2.0 16 1 0 0 12 1 3 5.80119695709e-55 1 0 
101 2 2.0 19 6 1 0 22 24 3 1.44344464132e-25 2 2 
101 3 0.0 18 6 1 0 22 24 3 9.0043492383e-78 2 2 
101 3 0.0 20 4 0 0 18 23 3 1.25196268984e-76 1 2 
101 3 0.0 21 8 0 0 24 25 4 7.46315915058e-78 5 0 
101 3 0.0 22 8 1 0 34 34 3 5.30806307659e-76 6 0 
101 3 0.0 1 9 1 0 2 4 1 0.198326066428 0 2 
101 3 0.0 3 9 1 0 11 7 2 0.143787836407 1 3 
101 3 0.0 2 6 0 0 4 4 1 0.181315202459 0 2 
101 3 0.0 5 0 0 0 4 1 2 0.075145871245 1 0 
101 3 0.0 4 22 4 0 51 16 2 0.00870446629784 2 7 
101 3 0.0 7 1 0 0 6 1 3 4.5310303193e-11 1 0 
101 3 0.0 6 7 3 0 34 21 2 0.0670606616268 1 6 
101 3 0.0 9 2 0 0 14 1 3 2.64490971202e-76 1 0 
101 3 0.0 8 1 0 0 6 1 3 4.90758589684e-11 1 0 
101 3 0.0 11 8 3 0 17 7 3 3.78468882699e-77 1 3 
101 3 0.0 10 2 0 0 14 1 3 4.29773255152e-77 1 0 
101 3 0.0 13 2 3 0 22 25 3 3.74799432136e-71 1 4 
101 3 0.0 12 6 1 0 22 24 3 3.10155100793e-78 2 2 
101 3 0.0 15 1 1 0 18 2 3 1.43119051561e-72 2 0 
101 3 0.0 14 1 1 0 18 2 3 1.90241308416e-72 2 0 
101 3 0.0 17 1 0 0 12 1 3 5.08376915565e-68 1 0 
101 3 0.0 16 1 0 0 12 1 3 3.50540900698e-68 1 0 
101 3 0.0 19 6 1 0 22 24 3 1.36178087168e-77 2 2 
101 3 2.0 18 6 1 0 22 24 3 1.22509605118e-25 2 2 
101 3 2.0 20 4 0 0 18 23 3 0.0179759595722 1 2 
101 3 2.0 21 8 0 0 24 25 4 2.2618301863e-45 5 0 
101 3 2.0 22 8 1 0 34 34 3 2.22721842823e-50 6 0 
101 3 2.0 1 9 1 0 2 4 1 0.437003528499 0 2 
101 3 2.0 3 9 1 0 11 7 2 0.0758104237113 1 3 
101 3 2.0 2 6 0 0 4 4 1 0.128189798996 0 2 
101 3 2.0 5 0 0 0 4 1 2 0.0891803365567 1 0 
101 3 2.0 4 22 4 0 51 16 2 0.226997315868 2 7 
101 3 2.0 7 1 0 0 6 1 3 0.0627675251238 1 0 
101 3 2.0 6 7 3 0 34 21 2 0.0879959581093 1 6 
101 3 2.0 9 2 0 0 14 1 3 0.0523647680559 1 0 
101 3 2.0 8 1 0 0 6 1 3 0.0629391984673 1 0 
101 3 2.0 11 8 3 0 17 7 3 0.00361838514614 1 3 
101 3 2.0 10 2 0 0 14 1 3 0.0510473186995 1 0 
101 3 2.0 13 2 3 0 22 25 3 3.82085415837e-36 1 4 
101 3 2.0 12 6 1 0 22 24 3 2.16884658413e-25 2 2 
101 3 2.0 15 1 1 0 18 2 3 6.77720878201e-42 2 0 
101 3 2.0 14 1 1 0 18 2 3 2.31230296147e-42 2 0 
101 3 2.0 17 1 0 0 12 1 3 2.69830810877e-31 1 0 
101 3 2.0 16 1 0 0 12 1 3 3.31261928659e-31 1 0 
101 3 2.0 19 6 1 0 22 24 3 6.37334457439e-26 2 2 
101 4 0.0 18 6 1 0 22 24 3 1.48307717161e-78 2 2 
101 4 0.0 20 4 0 0 18 23 3 7.79389795322e-79 1 2 
101 4 0.0 21 8 0 0 24 25 4 1.31277128113e-77 5 0 
101 4 0.0 22 8 1 0 34 34 3 2.27097985842e-75 6 0 
101 4 0.0 1 9 1 0 2 4 1 0.1947836747 0 2 
101 4 0.0 3 9 1 0 11 7 2 0.14711188078 1 3 
101 4 0.0 2 6 0 0 4 4 1 0.18026629093 0 2 
101 4 0.0 5 0 0 0 4 1 2 0.0735039184409 1 0 
101 4 0.0 4 22 4 0 51 16 2 0.00366950167978 2 7 
101 4 0.0 7 1 0 0 6 1 3 4.37655870965e-10 1 0 
101 4 0.0 6 7 3 0 34 21 2 0.0690872717428 1 6 
101 4 0.0 9 2 0 0 14 1 3 3.85238033419e-77 1 0 
101 4 0.0 8 1 0 0 6 1 3 4.31516076003e-10 1 0 
101 4 0.0 11 8 3 0 17 7 3 1.62773809919e-78 1 3 
101 4 0.0 10 2 0 0 14 1 3 1.29425292827e-77 1 0 
101 4 0.0 13 2 3 0 22 25 3 4.55805905094e-69 1 4 
101 4 0.0 12 6 1 0 22 24 3 1.38585342907e-78 2 2 
101 4 0.0 15 1 1 0 18 2 3 3.96956326375e-71 2 0 
101 4 0.0 14 1 1 0 18 2 3 2.61267395179e-71 2 0 
101 4 0.0 17 1 0 0 12 1 3 3.66583384377e-65 1 0 
101 4 0.0 16 1 0 0 12 1 3 8.7137632002e-66 1 0 
101 4 0.0 19 6 1 0 22 24 3 6.27913925284e-79 2 2 
101 4 2.0 18 6 1 0 22 24 3 6.60758370703e-25 2 2 
101 4 2.0 20 4 0 0 18 23 3 0.00826571464773 1 2 
101 4 2.0 21 8 0 0 24 25 4 1.42746751328e-45 5 0 
101 4 2.0 22 8 1 0 34 34 3 4.36385325357e-53 6 0 
101 4 2.0 1 9 1 0 2 4 1 0.545611511247 0 2 
101 4 2.0 3 9 1 0 11 7 2 0.0744720161442 1 3 
101 4 2.0 2 6 0 0 4 4 1 0.116351555191 0 2 
101 4 2.0 5 0 0 0 4 1 2 0.102230633328 1 0 
101 4 2.0 4 22 4 0 51 16 2 0.200628996264 2 7 
101 4 2.0 7 1 0 0 6 1 3 0.0648092101928 1 0 
101 4 2.0 6 7 3 0 34 21 2 0.064042144356 1 6 
101 4 2.0 9 2 0 0 14 1 3 0.0211196437237 1 0 
101 4 2.0 8 1 0 0 6 1 3 0.0647884267327 1 0 
101 4 2.0 11 8 3 0 17 7 3 0.00656609035092 1 3 
101 4 2.0 10 2 0 0 14 1 3 0.0194107249967 1 0 
101 4 2.0 13 2 3 0 22 25 3 5.26646733358e-55 1 4 
101 4 2.0 12 6 1 0 22 24 3 1.13002908783e-25 2 2 
101 4 2.0 15 1 1 0 18 2 3 4.47710973026e-52 2 0 
101 4 2.0 14 1 1 0 18 2 3 6.12098588427e-52 2 0 
101 4 2.0 17 1 0 0 12 1 3 9.67229641482e-50 1 0 
101 4 2.0 16 1 0 0 12 1 3 2.2766254337e-49 1 0 
101 4 2.0 19 6 1 0 22 24 3 1.11856379658e-24 2 2 
101 5 0.0 18 6 1 0 22 24 3 3.6214159669e-79 2 2 
101 5 0.0 20 4 0 0 18 23 3 3.03788575902e-79 1 2 
101 5 0.0 21 8 0 0 24 25 4 1.35147903402e-77 5 0 
101 5 0.0 22 8 1 0 34 34 3 2.60779546306e-76 6 0 
101 5 0.0 1 9 1 0 2 4 1 0.191785046541 0 2 
101 5 0.0 3 9 1 0 11 7 2 0.14985318929 1 3 
101 5 0.0 2 6 0 0 4 4 1 0.17894344443 0 2 
101 5 0.0 5 0 0 0 4 1 2 0.0813358306829 1 0 
101 5 0.0 4 22 4 0 51 16 2 5.95727220546e-05 2 7 
101 5 0.0 7 1 0 0 6 1 3 6.0030913318e-09 1 0 
101 5 0.0 6 7 3 0 34 21 2 0.0613942824246 1 6 
101 5 0.0 9 2 0 0 14 1 3 7.40007887496e-78 1 0 
101 5 0.0 8 1 0 0 6 1 3 2.23745163316e-09 1 0 
101 5 0.0 11 8 3 0 17 7 3 1.18448044345e-79 1 3 
101 5 0.0 10 2 0 0 14 1 3 3.65005769333e-78 1 0 
101 5 0.0 13 2 3 0 22 25 3 1.50072277184e-74 1 4 
101 5 0.0 12 6 1 0 22 24 3 6.02424280799e-79 2 2 
101 5 0.0 15 1 1 0 18 2 3 2.0098616153e-74 2 0 
101 5 0.0 14 1 1 0 18 2 3 7.66264400403e-75 2 0 
101 5 0.0 17 1 0 0 12 1 3 9.95288909373e-72 1 0 
101 5 0.0 16 1 0 0 12 1 3 1.74380325145e-71 1 0 
101 5 0.0 19 6 1 0 22 24 3 3.60347614808e-79 2 2 
101 5 2.0 18 6 1 0 22 24 3 2.47319692757e-25 2 2 
101 5 2.0 20 4 0 0 18 23 3 0.00643469511961 1 2 
101 5 2.0 21 8 0 0 24 25 4 8.0427670129e-46 5 0 
101 5 2.0 22 8 1 0 34 34 3 4.41910742386e-55 6 0 
101 5 2.0 1 9 1 0 2 4 1 0.422739092043 0 2 
101 5 2.0 3 9 1 0 11 7 2 0.0727652193476 1 3 
101 5 2.0 2 6 0 0 4 4 1 0.126957837328 0 2 
101 5 2.0 5 0 0 0 4 1 2 0.176662025726 1 0 
101 5 2.0 4 22 4 0 51 16 2 0.20202657623 2 7 
101 5 2.0 7 1 0 0 6 1 3 0.0620753343379 1 0 
101 5 2.0 6 7 3 0 34 21 2 0.00257197635998 1 6 
101 5 2.0 9 2 0 0 14 1 3 0.0727194755766 1 0 
101 5 2.0 8 1 0 0 6 1 3 0.0620978795667 1 0 
101 5 2.0 11 8 3 0 17 7 3 0.0024841368521 1 3 
101 5 2.0 10 2 0 0 14 1 3 0.0732761225356 1 0 
101 5 2.0 13 2 3 0 22 25 3 9.09984203343e-61 1 4 
101 5 2.0 12 6 1 0 22 24 3 1.48473942256e-25 2 2 
101 5 2.0 15 1 1 0 18 2 3 4.33293756663e-55 2 0 
101 5 2.0 14 1 1 0 18 2 3 5.01293760853e-55 2 0 
101 5 2.0 17 1 0 0 12 1 3 4.41588621471e-55 1 0 
101 5 2.0 16 1 0 0 12 1 3 4.32050408008e-55 1 0 
101 5 2.0 19 6 1 0 22 24 3 1.72738845829e-25 2 2 
101 6 0.0 18 6 1 0 22 24 3 2.17520836663e-78 2 2 
101 6 0.0 20 4 0 0 18 23 3 2.04928459422e-78 1 2 
101 6 0.0 21 8 0 0 24 25 4 9.20966574558e-78 5 0 
101 6 0.0 22 8 1 0 34 34 3 2.46066139951e-76 6 0 
101 6 0.0 1 9 1 0 2 4 1 0.195331235098 0 2 
101 6 0.0 3 9 1 0 11 7 2 0.146561760151 1 3 
101 6 0.0 2 6 0 0 4 4 1 0.179610643655 0 2 
101 6 0.0 5 0 0 0 4 1 2 0.0787163803987 1 0 
101 6 0.0 4 22 4 0 51 16 2 0.00510955579808 2 7 
101 6 0.0 7 1 0 0 6 1 3 2.71262258327e-09 1 0 
101 6 0.0 6 7 3 0 34 21 2 0.0637778171602 1 6 
101 6 0.0 9 2 0 0 14 1 3 8.03684711529e-77 1 0 
101 6 0.0 8 1 0 0 6 1 3 2.20728376971e-09 1 0 
101 6 0.0 11 8 3 0 17 7 3 6.93092421208e-79 1 3 
101 6 0.0 10 2 0 0 14 1 3 4.86954643266e-77 1 0 
101 6 0.0 13 2 3 0 22 25 3 1.53307178707e-74 1 4 
101 6 0.0 12 6 1 0 22 24 3 9.78873773488e-79 2 2 
101 6 0.0 15 1 1 0 18 2 3 8.88757903847e-74 2 0 
101 6 0.0 14 1 1 0 18 2 3 9.19974758633e-74 2 0 
101 6 0.0 17 1 0 0 12 1 3 1.95099898421e-70 1 0 
101 6 0.0 16 1 0 0 12 1 3 3.11814668022e-71 1 0 
101 6 0.0 19 6 1 0 22 24 3 1.22961421948e-78 2 2 
101 6 2.0 18 6 1 0 22 24 3 7.21912595072e-25 2 2 
101 6 2.0 20 4 0 0 18 23 3 0.00249364526421 1 2 
101 6 2.0 21 8 0 0 24 25 4 9.74825131703e-46 5 0 
101 6 2.0 22 8 1 0 34 34 3 1.42259904379e-52 6 0 
101 6 2.0 1 9 1 0 2 4 1 0.533628310443 0 2 
101 6 2.0 3 9 1 0 11 7 2 0.0463531995605 1 3 
101 6 2.0 2 6 0 0 4 4 1 0.11628789312 0 2 
101 6 2.0 5 0 0 0 4 1 2 0.0866050197034 1 0 
101 6 2.0 4 22 4 0 51 16 2 0.0596041055014 2 7 
101 6 2.0 7 1 0 0 6 1 3 0.107840202613 1 0 
101 6 2.0 6 7 3 0 34 21 2 0.0760522845403 1 6 
101 6 2.0 9 2 0 0 14 1 3 0.0144363443088 1 0 
101 6 2.0 8 1 0 0 6 1 3 0.107784924533 1 0 
101 6 2.0 11 8 3 0 17 7 3 0.00576985088462 1 3 
101 6 2.0 10 2 0 0 14 1 3 0.014545106516 1 0 
101 6 2.0 13 2 3 0 22 25 3 1.18794567723e-48 1 4 
101 6 2.0 12 6 1 0 22 24 3 1.89629592444e-25 2 2 
101 6 2.0 15 1 1 0 18 2 3 1.06058130745e-48 2 0 
101 6 2.0 14 1 1 0 18 2 3 1.32537210442e-48 2 0 
101 6 2.0 17 1 0 0 12 1 3 2.85905520636e-43 1 0 
101 6 2.0 16 1 0 0 12 1 3 1.02635898111e-43 1 0 
101 6 2.0 19 6 1 0 22 24 3 8.39028114673e-25 2 2 
101 7 0.0 18 6 1 0 22 24 3 2.08785238829e-78 2 2 
101 7 0.0 20 4 0 0 18 23 3 4.443697568e-78 1 2 
101 7 0.0 21 8 0 0 24 25 4 1.15945105878e-77 5 0 
101 7 0.0 22 8 1 0 34 34 3 2.95559497138e-77 6 0 
101 7 0.0 1 9 1 0 2 4 1 0.195234164885 0 2 
101 7 0.0 3 9 1 0 11 7 2 0.146953803649 1 3 
101 7 0.0 2 6 0 0 4 4 1 0.179519095006 0 2 
101 7 0.0 5 0 0 0 4 1 2 0.090758022925 1 0 
101 7 0.0 4 22 4 0 51 16 2 0.00461124809515 2 7 
101 7 0.0 7 1 0 0 6 1 3 8.68547881634e-10 1 0 
101 7 0.0 6 7 3 0 34 21 2 0.0507967736319 1 6 
101 7 0.0 9 2 0 0 14 1 3 2.80549965922e-77 1 0 
101 7 0.0 8 1 0 0 6 1 3 2.37023374796e-09 1 0 
101 7 0.0 11 8 3 0 17 7 3 1.79714479506e-79 1 3 
101 7 0.0 10 2 0 0 14 1 3 9.11485317088e-78 1 0 
101 7 0.0 13 2 3 0 22 25 3 5.26594835353e-77 1 4 
101 7 0.0 12 6 1 0 22 24 3 5.12804878723e-78 2 2 
101 7 0.0 15 1 1 0 18 2 3 9.08913587477e-76 2 0 
101 7 0.0 14 1 1 0 18 2 3 3.53739662644e-76 2 0 
101 7 0.0 17 1 0 0 12 1 3 2.94023960342e-74 1 0 
101 7 0.0 16 1 0 0 12 1 3 3.21764228085e-74 1 0 
101 7 0.0 19 6 1 0 22 24 3 3.98466775638e-78 2 2 
101 7 2.0 18 6 1 0 22 24 3 7.26614866192e-26 2 2 
101 7 2.0 20 4 0 0 18 23 3 0.00180402595133 1 2 
101 7 2.0 21 8 0 0 24 25 4 9.17137878186e-46 5 0 
101 7 2.0 22 8 1 0 34 34 3 1.59522069574e-54 6 0 
101 7 2.0 1 9 1 0 2 4 1 0.481431949992 0 2 
101 7 2.0 3 9 1 0 11 7 2 0.0587404774623 1 3 
101 7 2.0 2 6 0 0 4 4 1 0.121896571495 0 2 
101 7 2.0 5 0 0 0 4 1 2 0.156689489179 1 0 
101 7 2.0 4 22 4 0 51 16 2 0.0539219907482 2 7 
101 7 2.0 7 1 0 0 6 1 3 0.125974031755 1 0 
101 7 2.0 6 7 3 0 34 21 2 0.0193471376933 1 6 
101 7 2.0 9 2 0 0 14 1 3 0.0216689488387 1 0 
101 7 2.0 8 1 0 0 6 1 3 0.127002212336 1 0 
101 7 2.0 11 8 3 0 17 7 3 0.00517191777563 1 3 
101 7 2.0 10 2 0 0 14 1 3 0.0217927277101 1 0 
101 7 2.0 13 2 3 0 22 25 3 1.55816632187e-58 1 4 
101 7 2.0 12 6 1 0 22 24 3 8.27956303892e-26 2 2 
101 7 2.0 15 1 1 0 18 2 3 4.10789053691e-55 2 0 
101 7 2.0 14 1 1 0 18 2 3 4.0466221061e-55 2 0 
101 7 2.0 17 1 0 0 12 1 3 2.62840697338e-54 1 0 
101 7 2.0 16 1 0 0 12 1 3 3.18528845156e-54 1 0 
101 7 2.0 19 6 1 0 22 24 3 1.38254640411e-26 2 2 
101 8 0.0 18 6 1 0 22 24 3 3.28738759032e-77 2 2 
101 8 0.0 20 4 0 0 18 23 3 2.32977854894e-75 1 2 
101 8 0.0 21 8 0 0 24 25 4 1.50532842782e-77 5 0 
101 8 0.0 22 8 1 0 34 34 3 9.07766760961e-77 6 0 
101 8 0.0 1 9 1 0 2 4 1 0.204523967495 0 2 
101 8 0.0 3 9 1 0 11 7 2 0.139460507183 1 3 
101 8 0.0 2 6 0 0 4 4 1 0.18011745576 0 2 
101 8 0.0 5 0 0 0 4 1 2 0.0902875625823 1 0 
101 8 0.0 4 22 4 0 51 16 2 0.016274241425 2 7 
101 8 0.0 7 1 0 0 6 1 3 2.89454057541e-11 1 0 
101 8 0.0 6 7 3 0 34 21 2 0.0517437043713 1 6 
101 8 0.0 9 2 0 0 14 1 3 3.35526375609e-74 1 0 
101 8 0.0 8 1 0 0 6 1 3 3.61207669642e-11 1 0 
101 8 0.0 11 8 3 0 17 7 3 7.41914448615e-76 1 3 
101 8 0.0 10 2 0 0 14 1 3 1.99898269992e-74 1 0 
101 8 0.0 13 2 3 0 22 25 3 2.27742538949e-76 1 4 
101 8 0.0 12 6 1 0 22 24 3 1.54192589598e-77 2 2 
101 8 0.0 15 1 1 0 18 2 3 2.58429515349e-76 2 0 
101 8 0.0 14 1 1 0 18 2 3 1.92754321451e-76 2 0 
101 8 0.0 17 1 0 0 12 1 3 1.03299734126e-73 1 0 
101 8 0.0 16 1 0 0 12 1 3 5.71631255225e-74 1 0 
101 8 0.0 19 6 1 0 22 24 3 6.27317590719e-78 2 2 
101 8 2.0 18 6 1 0 22 24 3 3.90406307124e-24 2 2 
101 8 2.0 20 4 0 0 18 23 3 0.00432863849609 1 2 
101 8 2.0 21 8 0 0 24 25 4 3.75422273278e-45 5 0 
101 8 2.0 22 8 1 0 34 34 3 2.10340050406e-53 6 0 
101 8 2.0 1 9 1 0 2 4 1 0.607043735508 0 2 
101 8 2.0 3 9 1 0 11 7 2 0.052965327732 1 3 
101 8 2.0 2 6 0 0 4 4 1 0.115279167759 0 2 
101 8 2.0 5 0 0 0 4 1 2 0.10767253877 1 0 
101 8 2.0 4 22 4 0 51 16 2 0.102642574571 2 7 
101 8 2.0 7 1 0 0 6 1 3 0.0764705079129 1 0 
101 8 2.0 6 7 3 0 34 21 2 0.0608698980043 1 6 
101 8 2.0 9 2 0 0 14 1 3 0.0094323606928 1 0 
101 8 2.0 8 1 0 0 6 1 3 0.0762054177664 1 0 
101 8 2.0 11 8 3 0 17 7 3 0.00568156174458 1 3 
101 8 2.0 10 2 0 0 14 1 3 0.00977932398693 1 0 
101 8 2.0 13 2 3 0 22 25 3 6.68184806747e-57 1 4 
101 8 2.0 12 6 1 0 22 24 3 2.06718944242e-24 2 2 
101 8 2.0 15 1 1 0 18 2 3 1.90382167012e-52 2 0 
101 8 2.0 14 1 1 0 18 2 3 2.53297626523e-52 2 0 
101 8 2.0 17 1 0 0 12 1 3 3.05363892265e-50 1 0 
101 8 2.0 16 1 0 0 12 1 3 7.09979299449e-51 1 0 
101 8 2.0 19 6 1 0 22 24 3 1.34485647585e-24 2 2 
101 9 0.0 18 6 1 0 22 24 3 3.16359124589e-78 2 2 
101 9 0.0 20 4 0 0 18 23 3 2.53240368456e-77 1 2 
101 9 0.0 21 8 0 0 24 25 4 1.66868476064e-77 5 0 
101 9 0.0 22 8 1 0 34 34 3 5.51659988998e-78 6 0 
101 9 0.0 1 9 1 0 2 4 1 0.196910567324 0 2 
101 9 0.0 3 9 1 0 11 7 2 0.145086723818 1 3 
101 9 0.0 2 6 0 0 4 4 1 0.182033543848 0 2 
101 9 0.0 5 0 0 0 4 1 2 0.111470072705 1 0 
101 9 0.0 4 22 4 0 51 16 2 0.00681264017529 2 7 
101 9 0.0 7 1 0 0 6 1 3 3.71305837584e-09 1 0 
101 9 0.0 6 7 3 0 34 21 2 0.0322289671334 1 6 
101 9 0.0 9 2 0 0 14 1 3 3.40428023322e-77 1 0 
101 9 0.0 8 1 0 0 6 1 3 7.30593153334e-09 1 0 
101 9 0.0 11 8 3 0 17 7 3 1.71817380623e-78 1 3 
101 9 0.0 10 2 0 0 14 1 3 8.08068146217e-77 1 0 
101 9 0.0 13 2 3 0 22 25 3 6.56962574208e-78 1 4 
101 9 0.0 12 6 1 0 22 24 3 7.53615594347e-78 2 2 
101 9 0.0 15 1 1 0 18 2 3 3.63476525505e-77 2 0 
101 9 0.0 14 1 1 0 18 2 3 1.06366067846e-77 2 0 
101 9 0.0 17 1 0 0 12 1 3 3.04497027227e-76 1 0 
101 9 0.0 16 1 0 0 12 1 3 2.26933391513e-76 1 0 
101 9 0.0 19 6 1 0 22 24 3 1.03506031775e-77 2 2 
101 9 2.0 18 6 1 0 22 24 3 3.39896949801e-25 2 2 
101 9 2.0 20 4 0 0 18 23 3 0.0534478738033 1 2 
101 9 2.0 21 8 0 0 24 25 4 1.8926766483e-45 5 0 
101 9 2.0 22 8 1 0 34 34 3 3.14686262914e-53 6 0 
101 9 2.0 1 9 1 0 2 4 1 0.410832827747 0 2 
101 9 2.0 3 9 1 0 11 7 2 0.072710510238 1 3 
101 9 2.0 2 6 0 0 4 4 1 0.116137338844 0 2 
101 9 2.0 5 0 0 0 4 1 2 0.115664876363 1 0 
101 9 2.0 4 22 4 0 51 16 2 0.0823961807551 2 7 
101 9 2.0 7 1 0 0 6 1 3 0.0439647922225 1 0 
101 9 2.0 6 7 3 0 34 21 2 0.0538833580954 1 6 
101 9 2.0 9 2 0 0 14 1 3 0.0938360569686 1 0 
101 9 2.0 8 1 0 0 6 1 3 0.0440511210054 1 0 
101 9 2.0 11 8 3 0 17 7 3 0.00305895947807 1 3 
101 9 2.0 10 2 0 0 14 1 3 0.0945209477469 1 0 
101 9 2.0 13 2 3 0 22 25 3 1.94751218108e-54 1 4 
101 9 2.0 12 6 1 0 22 24 3 4.60212408155e-25 2 2 
101 9 2.0 15 1 1 0 18 2 3 1.50874820674e-53 2 0 
101 9 2.0 14 1 1 0 18 2 3 1.35715007801e-53 2 0 
101 9 2.0 17 1 0 0 12 1 3 2.67220460391e-51 1 0 
101 9 2.0 16 1 0 0 12 1 3 1.80818771656e-51 1 0 
101 9 2.0 19 6 1 0 22 24 3 5.57839712453e-25 2 2 
101 10 0.0 18 6 1 0 22 24 3 1.19972867221e-78 2 2 
101 10 0.0 20 4 0 0 18 23 3 9.16430914879e-78 1 2 
101 10 0.0 21 8 0 0 24 25 4 1.93240812255e-77 5 0 
101 10 0.0 22 8 1 0 34 34 3 4.92384862415e-78 6 0 
101 10 0.0 1 9 1 0 2 4 1 0.196010310698 0 2 
101 10 0.0 3 9 1 0 11 7 2 0.145679900784 1 3 
101 10 0.0 2 6 0 0 4 4 1 0.189772616911 0 2 
101 10 0.0 5 0 0 0 4 1 2 0.144099410135 1 0 
101 10 0.0 4 22 4 0 51 16 2 0.0056888473168 2 7 
101 10 0.0 7 1 0 0 6 1 3 9.00265008627e-11 1 0 
101 10 0.0 6 7 3 0 34 21 2 0.00435859342335 1 6 
101 10 0.0 9 2 0 0 14 1 3 4.01666339021e-77 1 0 
101 10 0.0 8 1 0 0 6 1 3 7.52605729886e-11 1 0 
101 10 0.0 11 8 3 0 17 7 3 8.50748637728e-78 1 3 
101 10 0.0 10 2 0 0 14 1 3 3.93333398065e-77 1 0 
101 10 0.0 13 2 3 0 22 25 3 1.78975717309e-80 1 4 
101 10 0.0 12 6 1 0 22 24 3 3.48972581633e-78 2 2 
101 10 0.0 15 1 1 0 18 2 3 3.17302975147e-78 2 0 
101 10 0.0 14 1 1 0 18 2 3 9.64992433127e-78 2 0 
101 10 0.0 17 1 0 0 12 1 3 1.31752270029e-77 1 0 
101 10 0.0 16 1 0 0 12 1 3 1.22172129684e-77 1 0 
101 10 0.0 19 6 1 0 22 24 3 1.51470517177e-78 2 2 
101 10 2.0 18 6 1 0 22 24 3 5.22760009288e-25 2 2 
101 10 2.0 20 4 0 0 18 23 3 0.0258402708495 1 2 
101 10 2.0 21 8 0 0 24 25 4 4.56070911336e-45 5 0 
101 10 2.0 22 8 1 0 34 34 3 6.64980198808e-54 6 0 
101 10 2.0 1 9 1 0 2 4 1 0.38755292817 0 2 
101 10 2.0 3 9 1 0 11 7 2 0.0669918506332 1 3 
101 10 2.0 2 6 0 0 4 4 1 0.117470923092 0 2 
101 10 2.0 5 0 0 0 4 1 2 0.106088043722 1 0 
101 10 2.0 4 22 4 0 51 16 2 0.229532101003 2 7 
101 10 2.0 7 1 0 0 6 1 3 0.0548178309329 1 0 
101 10 2.0 6 7 3 0 34 21 2 0.0603606541046 1 6 
101 10 2.0 9 2 0 0 14 1 3 0.0564816202377 1 0 
101 10 2.0 8 1 0 0 6 1 3 0.0548911623586 1 0 
101 10 2.0 11 8 3 0 17 7 3 0.0184720546922 1 3 
101 10 2.0 10 2 0 0 14 1 3 0.0599712897853 1 0 
101 10 2.0 13 2 3 0 22 25 3 3.793518907e-55 1 4 
101 10 2.0 12 6 1 0 22 24 3 1.63005150265e-24 2 2 
101 10 2.0 15 1 1 0 18 2 3 7.20340209361e-53 2 0 
101 10 2.0 14 1 1 0 18 2 3 2.05232139155e-52 2 0 
101 10 2.0 17 1 0 0 12 1 3 1.23154929172e-50 1 0 
101 10 2.0 16 1 0 0 12 1 3 3.87742407031e-50 1 0 
101 10 2.0 19 6 1 0 22 24 3 5.52587654718e-25 2 2 
101 11 0.0 18 6 1 0 22 24 3 2.31326588303e-78 2 2 
101 11 0.0 20 4 0 0 18 23 3 5.8254314802e-78 1 2 
101 11 0.0 21 8 0 0 24 25 4 4.03275094705e-78 5 0 
101 11 0.0 22 8 1 0 34 34 3 8.50577901514e-77 6 0 
101 11 0.0 1 9 1 0 2 4 1 0.194905050013 0 2 
101 11 0.0 3 9 1 0 11 7 2 0.147328533446 1 3 
101 11 0.0 2 6 0 0 4 4 1 0.1798270094 0 2 
101 11 0.0 5 0 0 0 4 1 2 0.0881271181239 1 0 
101 11 0.0 4 22 4 0 51 16 2 0.00395602306838 2 7 
101 11 0.0 7 1 0 0 6 1 3 9.89578559056e-10 1 0 
101 11 0.0 6 7 3 0 34 21 2 0.0534334938873 1 6 
101 11 0.0 9 2 0 0 14 1 3 4.296731002e-77 1 0 
101 11 0.0 8 1 0 0 6 1 3 1.11482339695e-09 1 0 
101 11 0.0 11 8 3 0 17 7 3 1.69960346214e-79 1 3 
101 11 0.0 10 2 0 0 14 1 3 9.23405291866e-78 1 0 
101 11 0.0 13 2 3 0 22 25 3 3.46602930909e-76 1 4 
101 11 0.0 12 6 1 0 22 24 3 2.5399135348e-79 2 2 
101 11 0.0 15 1 1 0 18 2 3 1.09423657142e-75 2 0 
101 11 0.0 14 1 1 0 18 2 3 8.22423543922e-76 2 0 
101 11 0.0 17 1 0 0 12 1 3 1.31880106726e-73 1 0 
101 11 0.0 16 1 0 0 12 1 3 8.07794917699e-74 1 0 
101 11 0.0 19 6 1 0 22 24 3 2.84973132724e-78 2 2 
101 11 2.0 18 6 1 0 22 24 3 4.59977826566e-24 2 2 
101 11 2.0 20 4 0 0 18 23 3 0.00728822038983 1 2 
101 11 2.0 21 8 0 0 24 25 4 9.8599498462e-46 5 0 
101 11 2.0 22 8 1 0 34 34 3 7.19016914306e-54 6 0 
101 11 2.0 1 9 1 0 2 4 1 0.430719600545 0 2 
101 11 2.0 3 9 1 0 11 7 2 0.0769632813053 1 3 
101 11 2.0 2 6 0 0 4 4 1 0.116594791548 0 2 
101 11 2.0 5 0 0 0 4 1 2 0.111969436989 1 0 
101 11 2.0 4 22 4 0 51 16 2 0.244860388254 2 7 
101 11 2.0 7 1 0 0 6 1 3 0.0582586562504 1 0 
101 11 2.0 6 7 3 0 34 21 2 0.05848709886 1 6 
101 11 2.0 9 2 0 0 14 1 3 0.0406242372941 1 0 
101 11 2.0 8 1 0 0 6 1 3 0.0579737796814 1 0 
101 11 2.0 11 8 3 0 17 7 3 0.0285790538622 1 3 
101 11 2.0 10 2 0 0 14 1 3 0.043348231468 1 0 
101 11 2.0 13 2 3 0 22 25 3 7.69068019094e-56 1 4 
101 11 2.0 12 6 1 0 22 24 3 1.48042688046e-23 2 2 
101 11 2.0 15 1 1 0 18 2 3 8.22511209921e-53 2 0 
101 11 2.0 14 1 1 0 18 2 3 1.95586257538e-53 2 0 
101 11 2.0 17 1 0 0 12 1 3 1.17887877855e-50 1 0 
101 11 2.0 16 1 0 0 12 1 3 4.39386148751e-51 1 0 
101 11 2.0 19 6 1 0 22 24 3 2.43279623125e-23 2 2 
101 12 0.0 18 6 1 0 22 24 3 1.16710925648e-79 2 2 
101 12 0.0 20 4 0 0 18 23 3 1.38460664042e-78 1 2 
101 12 0.0 21 8 0 0 24 25 4 2.35515615886e-78 5 0 
101 12 0.0 22 8 1 0 34 34 3 2.10762922806e-77 6 0 
101 12 0.0 1 9 1 0 2 4 1 0.191957023111 0 2 
101 12 0.0 3 9 1 0 11 7 2 0.149784142604 1 3 
101 12 0.0 2 6 0 0 4 4 1 0.187923617688 0 2 
101 12 0.0 5 0 0 0 4 1 2 0.137231381694 1 0 
101 12 0.0 4 22 4 0 51 16 2 2.69455513536e-06 2 7 
101 12 0.0 7 1 0 0 6 1 3 4.89240308783e-10 1 0 
101 12 0.0 6 7 3 0 34 21 2 0.0105452514481 1 6 
101 12 0.0 9 2 0 0 14 1 3 3.7091210503e-78 1 0 
101 12 0.0 8 1 0 0 6 1 3 3.10570609611e-09 1 0 
101 12 0.0 11 8 3 0 17 7 3 1.51861547045e-79 1 3 
101 12 0.0 10 2 0 0 14 1 3 8.100327374e-78 1 0 
101 12 0.0 13 2 3 0 22 25 3 7.21941788096e-80 1 4 
101 12 0.0 12 6 1 0 22 24 3 5.24457048038e-79 2 2 
101 12 0.0 15 1 1 0 18 2 3 6.38345773886e-78 2 0 
101 12 0.0 14 1 1 0 18 2 3 7.45431692137e-78 2 0 
101 12 0.0 17 1 0 0 12 1 3 2.11713643389e-77 1 0 
101 12 0.0 16 1 0 0 12 1 3 1.84636499464e-77 1 0 
101 12 0.0 19 6 1 0 22 24 3 9.07931812098e-79 2 2 
101 12 2.0 18 6 1 0 22 24 3 6.23641955309e-25 2 2 
101 12 2.0 20 4 0 0 18 23 3 0.00706314189268 1 2 
101 12 2.0 21 8 0 0 24 25 4 1.36042341445e-45 5 0 
101 12 2.0 22 8 1 0 34 34 3 9.97394901638e-54 6 0 
101 12 2.0 1 9 1 0 2 4 1 0.338220415978 0 2 
101 12 2.0 3 9 1 0 11 7 2 0.101208366569 1 3 
101 12 2.0 2 6 0 0 4 4 1 0.115589106834 0 2 
101 12 2.0 5 0 0 0 4 1 2 0.10917626684 1 0 
101 12 2.0 4 22 4 0 51 16 2 0.0333758199476 2 7 
101 12 2.0 7 1 0 0 6 1 3 0.156535083369 1 0 
101 12 2.0 6 7 3 0 34 21 2 0.0587266274064 1 6 
101 12 2.0 9 2 0 0 14 1 3 0.0197217296327 1 0 
101 12 2.0 8 1 0 0 6 1 3 0.156191071395 1 0 
101 12 2.0 11 8 3 0 17 7 3 0.00958165031685 1 3 
101 12 2.0 10 2 0 0 14 1 3 0.020147358942 1 0 
101 12 2.0 13 2 3 0 22 25 3 2.18036226818e-56 1 4 
101 12 2.0 12 6 1 0 22 24 3 2.90036463692e-24 2 2 
101 12 2.0 15 1 1 0 18 2 3 1.06045425479e-52 2 0 
101 12 2.0 14 1 1 0 18 2 3 8.94007239725e-53 2 0 
101 12 2.0 17 1 0 0 12 1 3 1.31029321852e-50 1 0 
101 12 2.0 16 1 0 0 12 1 3 8.21726494641e-51 1 0 
101 12 2.0 19 6 1 0 22 24 3 3.72420378298e-25 2 2 
101 13 0.0 18 6 1 0 22 24 3 1.36854219531e-78 2 2 
101 13 0.0 20 4 0 0 18 23 3 9.28983332482e-79 1 2 
101 13 0.0 21 8 0 0 24 25 4 1.07510968162e-77 5 0 
101 13 0.0 22 8 1 0 34 34 3 2.59639269422e-77 6 0 
101 13 0.0 1 9 1 0 2 4 1 0.192059100462 0 2 
101 13 0.0 3 9 1 0 11 7 2 0.149622365098 1 3 
101 13 0.0 2 6 0 0 4 4 1 0.184390108984 0 2 
101 13 0.0 5 0 0 0 4 1 2 0.122694457274 1 0 
101 13 0.0 4 22 4 0 51 16 2 4.54587849225e-05 2 7 
101 13 0.0 7 1 0 0 6 1 3 1.148614265e-09 1 0 
101 13 0.0 6 7 3 0 34 21 2 0.0228923715617 1 6 
101 13 0.0 9 2 0 0 14 1 3 2.24198948992e-78 1 0 
101 13 0.0 8 1 0 0 6 1 3 2.83975684263e-09 1 0 
101 13 0.0 11 8 3 0 17 7 3 4.65967478919e-80 1 3 
101 13 0.0 10 2 0 0 14 1 3 7.64479913548e-78 1 0 
101 13 0.0 13 2 3 0 22 25 3 5.89268236897e-80 1 4 
101 13 0.0 12 6 1 0 22 24 3 4.61073191945e-79 2 2 
101 13 0.0 15 1 1 0 18 2 3 2.23818845497e-77 2 0 
101 13 0.0 14 1 1 0 18 2 3 7.62502207416e-78 2 0 
101 13 0.0 17 1 0 0 12 1 3 6.10337248122e-77 1 0 
101 13 0.0 16 1 0 0 12 1 3 8.58461271271e-77 1 0 
101 13 0.0 19 6 1 0 22 24 3 1.00734132999e-78 2 2 
101 13 2.0 18 6 1 0 22 24 3 1.26593755893e-25 2 2 
101 13 2.0 20 4 0 0 18 23 3 0.0166692098835 1 2 
101 13 2.0 21 8 0 0 24 25 4 1.53175384786e-45 5 0 
101 13 2.0 22 8 1 0 34 34 3 3.42392943997e-52 6 0 
101 13 2.0 1 9 1 0 2 4 1 0.460197151558 0 2 
101 13 2.0 3 9 1 0 11 7 2 0.1621672941 1 3 
101 13 2.0 2 6 0 0 4 4 1 0.111355422347 0 2 
101 13 2.0 5 0 0 0 4 1 2 0.0844859431101 1 0 
101 13 2.0 4 22 4 0 51 16 2 0.0388395219163 2 7 
101 13 2.0 7 1 0 0 6 1 3 0.0613660962582 1 0 
101 13 2.0 6 7 3 0 34 21 2 0.0779384124419 1 6 
101 13 2.0 9 2 0 0 14 1 3 0.0663292910331 1 0 
101 13 2.0 8 1 0 0 6 1 3 0.0614598068686 1 0 
101 13 2.0 11 8 3 0 17 7 3 0.00446325741663 1 3 
101 13 2.0 10 2 0 0 14 1 3 0.0674805132214 1 0 
101 13 2.0 13 2 3 0 22 25 3 5.22525947422e-46 1 4 
101 13 2.0 12 6 1 0 22 24 3 1.91824018686e-25 2 2 
101 13 2.0 15 1 1 0 18 2 3 4.89268622666e-47 2 0 
101 13 2.0 14 1 1 0 18 2 3 1.90584406383e-47 2 0 
101 13 2.0 17 1 0 0 12 1 3 1.03149831149e-40 1 0 
101 13 2.0 16 1 0 0 12 1 3 2.69884139136e-41 1 0 
101 13 2.0 19 6 1 0 22 24 3 2.75814209641e-25 2 2 
101 14 0.0 18 6 1 0 22 24 3 4.84148717923e-79 2 2 
101 14 0.0 20 4 0 0 18 23 3 5.99774496721e-79 1 2 
101 14 0.0 21 8 0 0 24 25 4 1.61322327207e-77 5 0 
101 14 0.0 22 8 1 0 34 34 3 1.71002048078e-75 6 0 
101 14 0.0 1 9 1 0 2 4 1 0.191656666594 0 2 
101 14 0.0 3 9 1 0 11 7 2 0.149894667914 1 3 
101 14 0.0 2 6 0 0 4 4 1 0.17915186302 0 2 
101 14 0.0 5 0 0 0 4 1 2 0.0729384013664 1 0 
101 14 0.0 4 22 4 0 51 16 2 4.42306044142e-06 2 7 
101 14 0.0 7 1 0 0 6 1 3 8.3163138896e-09 1 0 
101 14 0.0 6 7 3 0 34 21 2 0.0672864403622 1 6 
101 14 0.0 9 2 0 0 14 1 3 2.57518820961e-78 1 0 
101 14 0.0 8 1 0 0 6 1 3 1.51084227099e-09 1 0 
101 14 0.0 11 8 3 0 17 7 3 8.5847875877e-80 1 3 
101 14 0.0 10 2 0 0 14 1 3 6.86161022677e-78 1 0 
101 14 0.0 13 2 3 0 22 25 3 3.76451978635e-70 1 4 
101 14 0.0 12 6 1 0 22 24 3 7.39893276647e-79 2 2 
101 14 0.0 15 1 1 0 18 2 3 1.09446043079e-71 2 0 
101 14 0.0 14 1 1 0 18 2 3 7.16630788699e-72 2 0 
101 14 0.0 17 1 0 0 12 1 3 8.69146260647e-67 1 0 
101 14 0.0 16 1 0 0 12 1 3 2.44478955094e-66 1 0 
101 14 0.0 19 6 1 0 22 24 3 4.84154606689e-79 2 2 
101 14 2.0 18 6 1 0 22 24 3 8.64073052956e-24 2 2 
101 14 2.0 20 4 0 0 18 23 3 0.00563491749832 1 2 
101 14 2.0 21 8 0 0 24 25 4 1.90423327074e-45 5 0 
101 14 2.0 22 8 1 0 34 34 3 4.43843354348e-52 6 0 
101 14 2.0 1 9 1 0 2 4 1 0.559517732989 0 2 
101 14 2.0 3 9 1 0 11 7 2 0.0742214111059 1 3 
101 14 2.0 2 6 0 0 4 4 1 0.117588906749 0 2 
101 14 2.0 5 0 0 0 4 1 2 0.0878977131381 1 0 
101 14 2.0 4 22 4 0 51 16 2 0.192187265013 2 7 
101 14 2.0 7 1 0 0 6 1 3 0.0656145298644 1 0 
101 14 2.0 6 7 3 0 34 21 2 0.0783144719753 1 6 
101 14 2.0 9 2 0 0 14 1 3 0.0145716793372 1 0 
101 14 2.0 8 1 0 0 6 1 3 0.0656523737512 1 0 
101 14 2.0 11 8 3 0 17 7 3 0.00912840722716 1 3 
101 14 2.0 10 2 0 0 14 1 3 0.0148215485058 1 0 
101 14 2.0 13 2 3 0 22 25 3 1.11279560404e-46 1 4 
101 14 2.0 12 6 1 0 22 24 3 9.14755964565e-24 2 2 
101 14 2.0 15 1 1 0 18 2 3 3.08969344385e-48 2 0 
101 14 2.0 14 1 1 0 18 2 3 4.57383309187e-49 2 0 
101 14 2.0 17 1 0 0 12 1 3 3.69734226394e-42 1 0 
101 14 2.0 16 1 0 0 12 1 3 3.85546896261e-43 1 0 
101 14 2.0 19 6 1 0 22 24 3 3.45064663997e-24 2 2 
101 15 0.0 18 6 1 0 22 24 3 1.09288452462e-78 2 2 
101 15 0.0 20 4 0 0 18 23 3 5.66173337384e-79 1 2 
101 15 0.0 21 8 0 0 24 25 4 1.03426700995e-77 5 0 
101 15 0.0 22 8 1 0 34 34 3 2.06153303357e-77 6 0 
101 15 0.0 1 9 1 0 2 4 1 0.19338286535 0 2 
101 15 0.0 3 9 1 0 11 7 2 0.148183527829 1 3 
101 15 0.0 2 6 0 0 4 4 1 0.182363042787 0 2 
101 15 0.0 5 0 0 0 4 1 2 0.113592609023 1 0 
101 15 0.0 4 22 4 0 51 16 2 0.00190722946335 2 7 
101 15 0.0 7 1 0 0 6 1 3 6.34914660098e-10 1 0 
101 15 0.0 6 7 3 0 34 21 2 0.0309464195934 1 6 
101 15 0.0 9 2 0 0 14 1 3 9.96019760724e-78 1 0 
101 15 0.0 8 1 0 0 6 1 3 5.82586633125e-10 1 0 
101 15 0.0 11 8 3 0 17 7 3 1.17123396016e-79 1 3 
101 15 0.0 10 2 0 0 14 1 3 1.50811587027e-77 1 0 
101 15 0.0 13 2 3 0 22 25 3 3.23545572759e-80 1 4 
101 15 0.0 12 6 1 0 22 24 3 6.65972186004e-79 2 2 
101 15 0.0 15 1 1 0 18 2 3 4.45094595698e-77 2 0 
101 15 0.0 14 1 1 0 18 2 3 5.08062452466e-77 2 0 
101 15 0.0 17 1 0 0 12 1 3 2.33308135033e-76 1 0 
101 15 0.0 16 1 0 0 12 1 3 9.16072650418e-77 1 0 
101 15 0.0 19 6 1 0 22 24 3 6.17081583305e-79 2 2 
101 15 2.0 18 6 1 0 22 24 3 1.41064481647e-25 2 2 
101 15 2.0 20 4 0 0 18 23 3 0.00752023247297 1 2 
101 15 2.0 21 8 0 0 24 25 4 1.67179031558e-44 5 0 
101 15 2.0 22 8 1 0 34 34 3 8.56167752779e-54 6 0 
101 15 2.0 1 9 1 0 2 4 1 0.599528721046 0 2 
101 15 2.0 3 9 1 0 11 7 2 0.0626716350548 1 3 
101 15 2.0 2 6 0 0 4 4 1 0.126900988233 0 2 
101 15 2.0 5 0 0 0 4 1 2 0.180677100546 1 0 
101 15 2.0 4 22 4 0 51 16 2 0.136682053482 2 7 
101 15 2.0 7 1 0 0 6 1 3 0.071783636487 1 0 
101 15 2.0 6 7 3 0 34 21 2 0.000110283462492 1 6 
101 15 2.0 9 2 0 0 14 1 3 0.011565404851 1 0 
101 15 2.0 8 1 0 0 6 1 3 0.0717517007608 1 0 
101 15 2.0 11 8 3 0 17 7 3 0.00347531488852 1 3 
101 15 2.0 10 2 0 0 14 1 3 0.01082584441 1 0 
101 15 2.0 13 2 3 0 22 25 3 6.62022778887e-61 1 4 
101 15 2.0 12 6 1 0 22 24 3 3.09257305067e-25 2 2 
101 15 2.0 15 1 1 0 18 2 3 2.15765134121e-55 2 0 
101 15 2.0 14 1 1 0 18 2 3 5.7587783608e-55 2 0 
101 15 2.0 17 1 0 0 12 1 3 5.70072266438e-55 1 0 
101 15 2.0 16 1 0 0 12 1 3 4.77981438534e-55 1 0 
101 15 2.0 19 6 1 0 22 24 3 5.20457395897e-26 2 2 
101 16 0.0 18 6 1 0 22 24 3 1.29923679043e-78 2 2 
101 16 0.0 20 4 0 0 18 23 3 1.31683179109e-78 1 2 
101 16 0.0 21 8 0 0 24 25 4 8.54215968479e-78 5 0 
101 16 0.0 22 8 1 0 34 34 3 1.10853414828e-74 6 0 
101 16 0.0 1 9 1 0 2 4 1 0.191995468127 0 2 
101 16 0.0 3 9 1 0 11 7 2 0.149492777276 1 3 
101 16 0.0 2 6 0 0 4 4 1 0.175519491025 0 2 
101 16 0.0 5 0 0 0 4 1 2 0.0735457571347 1 0 
101 16 0.0 4 22 4 0 51 16 2 1.6060924663e-07 2 7 
101 16 0.0 7 1 0 0 6 1 3 3.99317484342e-10 1 0 
101 16 0.0 6 7 3 0 34 21 2 0.0712898780158 1 6 
101 16 0.0 9 2 0 0 14 1 3 7.18839887698e-78 1 0 
101 16 0.0 8 1 0 0 6 1 3 1.32140903819e-09 1 0 
101 16 0.0 11 8 3 0 17 7 3 1.3622612752e-80 1 3 
101 16 0.0 10 2 0 0 14 1 3 5.82667311519e-78 1 0 
101 16 0.0 13 2 3 0 22 25 3 3.94936351596e-66 1 4 
101 16 0.0 12 6 1 0 22 24 3 6.17789408197e-79 2 2 
101 16 0.0 15 1 1 0 18 2 3 2.06973204628e-69 2 0 
101 16 0.0 14 1 1 0 18 2 3 1.90797045932e-69 2 0 
101 16 0.0 17 1 0 0 12 1 3 5.20945583252e-63 1 0 
101 16 0.0 16 1 0 0 12 1 3 5.21520911296e-63 1 0 
101 16 0.0 19 6 1 0 22 24 3 1.04840049065e-78 2 2 
101 16 2.0 18 6 1 0 22 24 3 4.01732793939e-25 2 2 
101 16 2.0 20 4 0 0 18 23 3 0.00826753712839 1 2 
101 16 2.0 21 8 0 0 24 25 4 9.79880376234e-46 5 0 
101 16 2.0 22 8 1 0 34 34 3 1.41323294334e-52 6 0 
101 16 2.0 1 9 1 0 2 4 1 0.388583405318 0 2 
101 16 2.0 3 9 1 0 11 7 2 0.0663306860247 1 3 
101 16 2.0 2 6 0 0 4 4 1 0.113634513848 0 2 
101 16 2.0 5 0 0 0 4 1 2 0.0866105686023 1 0 
101 16 2.0 4 22 4 0 51 16 2 0.189079477254 2 7 
101 16 2.0 7 1 0 0 6 1 3 0.0532806816435 1 0 
101 16 2.0 6 7 3 0 34 21 2 0.0762559931482 1 6 
101 16 2.0 9 2 0 0 14 1 3 0.0817442948372 1 0 
101 16 2.0 8 1 0 0 6 1 3 0.053051665624 1 0 
101 16 2.0 11 8 3 0 17 7 3 0.0234141812101 1 3 
101 16 2.0 10 2 0 0 14 1 3 0.0810411543328 1 0 
101 16 2.0 13 2 3 0 22 25 3 5.77209144026e-48 1 4 
101 16 2.0 12 6 1 0 22 24 3 3.98936696001e-25 2 2 
101 16 2.0 15 1 1 0 18 2 3 1.60315708594e-48 2 0 
101 16 2.0 14 1 1 0 18 2 3 5.67740421941e-49 2 0 
101 16 2.0 17 1 0 0 12 1 3 2.67861342166e-43 1 0 
101 16 2.0 16 1 0 0 12 1 3 4.38054992743e-43 1 0 
101 16 2.0 19 6 1 0 22 24 3 3.3804944783e-25 2 2 
101 17 0.0 18 6 1 0 22 24 3 5.80604762309e-79 2 2 
101 17 0.0 20 4 0 0 18 23 3 4.54892986361e-79 1 2 
101 17 0.0 21 8 0 0 24 25 4 1.76029431331e-77 5 0 
101 17 0.0 22 8 1 0 34 34 3 6.44697350523e-77 6 0 
101 17 0.0 1 9 1 0 2 4 1 0.194376973679 0 2 
101 17 0.0 3 9 1 0 11 7 2 0.147570728748 1 3 
101 17 0.0 2 6 0 0 4 4 1 0.179912286266 0 2 
101 17 0.0 5 0 0 0 4 1 2 0.0826531847381 1 0 
101 17 0.0 4 22 4 0 51 16 2 0.00307666824059 2 7 
101 17 0.0 7 1 0 0 6 1 3 7.42102376828e-10 1 0 
101 17 0.0 6 7 3 0 34 21 2 0.0587320521029 1 6 
101 17 0.0 9 2 0 0 14 1 3 2.00864241102e-77 1 0 
101 17 0.0 8 1 0 0 6 1 3 5.29398635752e-10 1 0 
101 17 0.0 11 8 3 0 17 7 3 3.9041026497e-79 1 3 
101 17 0.0 10 2 0 0 14 1 3 3.18753630934e-77 1 0 
101 17 0.0 13 2 3 0 22 25 3 4.94106893333e-75 1 4 
101 17 0.0 12 6 1 0 22 24 3 5.51737169157e-79 2 2 
101 17 0.0 15 1 1 0 18 2 3 2.28405006484e-75 2 0 
101 17 0.0 14 1 1 0 18 2 3 8.97462992584e-75 2 0 
101 17 0.0 17 1 0 0 12 1 3 1.86558572046e-72 1 0 
101 17 0.0 16 1 0 0 12 1 3 3.52960214384e-72 1 0 
101 17 0.0 19 6 1 0 22 24 3 1.56564917705e-78 2 2 
101 17 2.0 18 6 1 0 22 24 3 1.42121953074e-24 2 2 
101 17 2.0 20 4 0 0 18 23 3 0.00919077250419 1 2 
101 17 2.0 21 8 0 0 24 25 4 1.03080112359e-45 5 0 
101 17 2.0 22 8 1 0 34 34 3 1.43608653949e-54 6 0 
101 17 2.0 1 9 1 0 2 4 1 0.452365905105 0 2 
101 17 2.0 3 9 1 0 11 7 2 0.11303595277 1 3 
101 17 2.0 2 6 0 0 4 4 1 0.126356438567 0 2 
101 17 2.0 5 0 0 0 4 1 2 0.176026012078 1 0 
101 17 2.0 4 22 4 0 51 16 2 0.0451307645782 2 7 
101 17 2.0 7 1 0 0 6 1 3 0.0483289589852 1 0 
101 17 2.0 6 7 3 0 34 21 2 0.00361725241367 1 6 
101 17 2.0 9 2 0 0 14 1 3 0.0795590059437 1 0 
101 17 2.0 8 1 0 0 6 1 3 0.0483294677121 1 0 
101 17 2.0 11 8 3 0 17 7 3 0.0386965749172 1 3 
101 17 2.0 10 2 0 0 14 1 3 0.0763101004386 1 0 
101 17 2.0 13 2 3 0 22 25 3 3.04670346582e-61 1 4 
101 17 2.0 12 6 1 0 22 24 3 1.40966026752e-24 2 2 
101 17 2.0 15 1 1 0 18 2 3 2.47996971234e-55 2 0 
101 17 2.0 14 1 1 0 18 2 3 6.87240827715e-55 2 0 
101 17 2.0 17 1 0 0 12 1 3 5.1345421807e-55 1 0 
101 17 2.0 16 1 0 0 12 1 3 4.58993086439e-55 1 0 
101 17 2.0 19 6 1 0 22 24 3 3.67615252717e-25 2 2 
101 18 0.0 18 6 1 0 22 24 3 5.12692070315e-78 2 2 
101 18 0.0 20 4 0 0 18 23 3 1.04174521856e-78 1 2 
101 18 0.0 21 8 0 0 24 25 4 1.24497218132e-77 5 0 
101 18 0.0 22 8 1 0 34 34 3 2.12000274551e-77 6 0 
101 18 0.0 1 9 1 0 2 4 1 0.193959807508 0 2 
101 18 0.0 3 9 1 0 11 7 2 0.148031845648 1 3 
101 18 0.0 2 6 0 0 4 4 1 0.179998644032 0 2 
101 18 0.0 5 0 0 0 4 1 2 0.0863442287983 1 0 
101 18 0.0 4 22 4 0 51 16 2 0.00291620990626 2 7 
101 18 0.0 7 1 0 0 6 1 3 3.0909240266e-09 1 0 
101 18 0.0 6 7 3 0 34 21 2 0.0556033827449 1 6 
101 18 0.0 9 2 0 0 14 1 3 2.60198302276e-77 1 0 
101 18 0.0 8 1 0 0 6 1 3 1.22440160504e-09 1 0 
101 18 0.0 11 8 3 0 17 7 3 5.6810383607e-80 1 3 
101 18 0.0 10 2 0 0 14 1 3 6.87455274809e-78 1 0 
101 18 0.0 13 2 3 0 22 25 3 6.04431735994e-76 1 4 
101 18 0.0 12 6 1 0 22 24 3 1.82193209359e-78 2 2 
101 18 0.0 15 1 1 0 18 2 3 2.61627677266e-75 2 0 
101 18 0.0 14 1 1 0 18 2 3 2.05238061168e-75 2 0 
101 18 0.0 17 1 0 0 12 1 3 2.77177748902e-73 1 0 
101 18 0.0 16 1 0 0 12 1 3 3.46903238269e-73 1 0 
101 18 0.0 19 6 1 0 22 24 3 4.50377338181e-78 2 2 
101 18 2.0 18 6 1 0 22 24 3 3.55969965584e-26 2 2 
101 18 2.0 20 4 0 0 18 23 3 0.00279049423456 1 2 
101 18 2.0 21 8 0 0 24 25 4 9.3347789608e-46 5 0 
101 18 2.0 22 8 1 0 34 34 3 2.65688192261e-54 6 0 
101 18 2.0 1 9 1 0 2 4 1 0.448761460686 0 2 
101 18 2.0 3 9 1 0 11 7 2 0.0773967726723 1 3 
101 18 2.0 2 6 0 0 4 4 1 0.118965615258 0 2 
101 18 2.0 5 0 0 0 4 1 2 0.137124045375 1 0 
101 18 2.0 4 22 4 0 51 16 2 0.2249685749 2 7 
101 18 2.0 7 1 0 0 6 1 3 0.0633857089869 1 0 
101 18 2.0 6 7 3 0 34 21 2 0.0338157523107 1 6 
101 18 2.0 9 2 0 0 14 1 3 0.0528921643049 1 0 
101 18 2.0 8 1 0 0 6 1 3 0.0631899054136 1 0 
101 18 2.0 11 8 3 0 17 7 3 0.00857220435115 1 3 
101 18 2.0 10 2 0 0 14 1 3 0.0525143147263 1 0 
101 18 2.0 13 2 3 0 22 25 3 1.04506018944e-59 1 4 
101 18 2.0 12 6 1 0 22 24 3 4.14117742559e-26 2 2 
101 18 2.0 15 1 1 0 18 2 3 2.27671837092e-54 2 0 
101 18 2.0 14 1 1 0 18 2 3 3.28045344288e-54 2 0 
101 18 2.0 17 1 0 0 12 1 3 9.11331651019e-54 1 0 
101 18 2.0 16 1 0 0 12 1 3 2.20047464241e-53 1 0 
101 18 2.0 19 6 1 0 22 24 3 3.53649486209e-26 2 2 
101 19 0.0 18 6 1 0 22 24 3 2.23155042228e-78 2 2 
101 19 0.0 20 4 0 0 18 23 3 3.06182232002e-79 1 2 
101 19 0.0 21 8 0 0 24 25 4 1.93342762494e-77 5 0 
101 19 0.0 22 8 1 0 34 34 3 1.83237243446e-76 6 0 
101 19 0.0 1 9 1 0 2 4 1 0.193864793759 0 2 
101 19 0.0 3 9 1 0 11 7 2 0.148185677703 1 3 
101 19 0.0 2 6 0 0 4 4 1 0.18156242551 0 2 
101 19 0.0 5 0 0 0 4 1 2 0.0743089501695 1 0 
101 19 0.0 4 22 4 0 51 16 2 0.00261770810538 2 7 
101 19 0.0 7 1 0 0 6 1 3 1.76587756289e-09 1 0 
101 19 0.0 6 7 3 0 34 21 2 0.0668690936052 1 6 
101 19 0.0 9 2 0 0 14 1 3 4.27010667258e-78 1 0 
101 19 0.0 8 1 0 0 6 1 3 1.62684273503e-09 1 0 
101 19 0.0 11 8 3 0 17 7 3 1.85099676858e-79 1 3 
101 19 0.0 10 2 0 0 14 1 3 2.55454442583e-77 1 0 
101 19 0.0 13 2 3 0 22 25 3 4.62408190459e-72 1 4 
101 19 0.0 12 6 1 0 22 24 3 1.12468485455e-78 2 2 
101 19 0.0 15 1 1 0 18 2 3 3.02327412981e-72 2 0 
101 19 0.0 14 1 1 0 18 2 3 2.35372046087e-72 2 0 
101 19 0.0 17 1 0 0 12 1 3 4.02052458263e-68 1 0 
101 19 0.0 16 1 0 0 12 1 3 1.66656267831e-67 1 0 
101 19 0.0 19 6 1 0 22 24 3 1.0514303344e-78 2 2 
101 19 2.0 18 6 1 0 22 24 3 1.15124895554e-24 2 2 
101 19 2.0 20 4 0 0 18 23 3 0.0113872718089 1 2 
101 19 2.0 21 8 0 0 24 25 4 3.28833908585e-45 5 0 
101 19 2.0 22 8 1 0 34 34 3 1.67983635776e-53 6 0 
101 19 2.0 1 9 1 0 2 4 1 0.325120241957 0 2 
101 19 2.0 3 9 1 0 11 7 2 0.196613817648 1 3 
101 19 2.0 2 6 0 0 4 4 1 0.116210057213 0 2 
101 19 2.0 5 0 0 0 4 1 2 0.112976826758 1 0 
101 19 2.0 4 22 4 0 51 16 2 0.0307529688784 2 7 
101 19 2.0 7 1 0 0 6 1 3 0.127993436295 1 0 
101 19 2.0 6 7 3 0 34 21 2 0.055532580159 1 6 
101 19 2.0 9 2 0 0 14 1 3 0.0256969436273 1 0 
101 19 2.0 8 1 0 0 6 1 3 0.127700314802 1 0 
101 19 2.0 11 8 3 0 17 7 3 0.0147128217922 1 3 
101 19 2.0 10 2 0 0 14 1 3 0.0257204720976 1 0 
101 19 2.0 13 2 3 0 22 25 3 5.97064899995e-56 1 4 
101 19 2.0 12 6 1 0 22 24 3 4.63019772826e-24 2 2 
101 19 2.0 15 1 1 0 18 2 3 4.56198428313e-53 2 0 
101 19 2.0 14 1 1 0 18 2 3 7.07410589213e-54 2 0 
101 19 2.0 17 1 0 0 12 1 3 5.4560092912e-51 1 0 
101 19 2.0 16 1 0 0 12 1 3 3.87024735301e-51 1 0 
101 19 2.0 19 6 1 0 22 24 3 2.56130079968e-24 2 2 
101 20 0.0 18 6 1 0 22 24 3 1.34106310728e-79 2 2 
101 20 0.0 20 4 0 0 18 23 3 2.73022735207e-79 1 2 
101 20 0.0 21 8 0 0 24 25 4 1.52326043158e-77 5 0 
101 20 0.0 22 8 1 0 34 34 3 1.28282484682e-76 6 0 
101 20 0.0 1 9 1 0 2 4 1 0.192038133412 0 2 
101 20 0.0 3 9 1 0 11 7 2 0.149598488917 1 3 
101 20 0.0 2 6 0 0 4 4 1 0.179397811206 0 2 
101 20 0.0 5 0 0 0 4 1 2 0.0868168336144 1 0 
101 20 0.0 4 22 4 0 51 16 2 1.34050978316e-05 2 7 
101 20 0.0 7 1 0 0 6 1 3 8.45715257812e-10 1 0 
101 20 0.0 6 7 3 0 34 21 2 0.0551176223185 1 6 
101 20 0.0 9 2 0 0 14 1 3 4.76114838051e-78 1 0 
101 20 0.0 8 1 0 0 6 1 3 1.52886430522e-09 1 0 
101 20 0.0 11 8 3 0 17 7 3 3.79533128806e-80 1 3 
101 20 0.0 10 2 0 0 14 1 3 5.61716723839e-78 1 0 
101 20 0.0 13 2 3 0 22 25 3 4.07824897788e-77 1 4 
101 20 0.0 12 6 1 0 22 24 3 3.17571380417e-79 2 2 
101 20 0.0 15 1 1 0 18 2 3 1.46324755874e-75 2 0 
101 20 0.0 14 1 1 0 18 2 3 2.66094442989e-75 2 0 
101 20 0.0 17 1 0 0 12 1 3 3.80676277835e-73 1 0 
101 20 0.0 16 1 0 0 12 1 3 1.3097274242e-73 1 0 
101 20 0.0 19 6 1 0 22 24 3 3.6827204703e-79 2 2 
101 20 2.0 18 6 1 0 22 24 3 9.54597136957e-24 2 2 
101 20 2.0 20 4 0 0 18 23 3 0.0320716042681 1 2 
101 20 2.0 21 8 0 0 24 25 4 1.10441816506e-44 5 0 
101 20 2.0 22 8 1 0 34 34 3 2.17409906973e-54 6 0 
101 20 2.0 1 9 1 0 2 4 1 0.367373794929 0 2 
101 20 2.0 3 9 1 0 11 7 2 0.0646139890124 1 3 
101 20 2.0 2 6 0 0 4 4 1 0.119915120077 0 2 
101 20 2.0 5 0 0 0 4 1 2 0.148019530634 1 0 
101 20 2.0 4 22 4 0 51 16 2 0.219445975365 2 7 
101 20 2.0 7 1 0 0 6 1 3 0.0521788017163 1 0 
101 20 2.0 6 7 3 0 34 21 2 0.0257485080527 1 6 
101 20 2.0 9 2 0 0 14 1 3 0.0552638241455 1 0 
101 20 2.0 8 1 0 0 6 1 3 0.0521917251282 1 0 
101 20 2.0 11 8 3 0 17 7 3 0.034865409083 1 3 
101 20 2.0 10 2 0 0 14 1 3 0.0565042531336 1 0 
101 20 2.0 13 2 3 0 22 25 3 3.31446065994e-58 1 4 
101 20 2.0 12 6 1 0 22 24 3 1.02507727205e-23 2 2 
101 20 2.0 15 1 1 0 18 2 3 3.03459612375e-55 2 0 
101 20 2.0 14 1 1 0 18 2 3 1.80067649138e-54 2 0 
101 20 2.0 17 1 0 0 12 1 3 5.68994765207e-54 1 0 
101 20 2.0 16 1 0 0 12 1 3 7.29786893983e-54 1 0 
101 20 2.0 19 6 1 0 22 24 3 4.33933548097e-23 2 2 
101 21 0.0 18 6 1 0 22 24 3 4.35926491006e-79 2 2 
101 21 0.0 20 4 0 0 18 23 3 1.59217737623e-79 1 2 
101 21 0.0 21 8 0 0 24 25 4 1.44044664052e-77 5 0 
101 21 0.0 22 8 1 0 34 34 3 5.29022601906e-76 6 0 
101 21 0.0 1 9 1 0 2 4 1 0.192817908626 0 2 
101 21 0.0 3 9 1 0 11 7 2 0.149070800036 1 3 
101 21 0.0 2 6 0 0 4 4 1 0.18053025637 0 2 
101 21 0.0 5 0 0 0 4 1 2 0.0768959399658 1 0 
101 21 0.0 4 22 4 0 51 16 2 0.00115285491647 2 7 
101 21 0.0 7 1 0 0 6 1 3 2.41312396022e-09 1 0 
101 21 0.0 6 7 3 0 34 21 2 0.064111410014 1 6 
101 21 0.0 9 2 0 0 14 1 3 1.21269432094e-77 1 0 
101 21 0.0 8 1 0 0 6 1 3 1.31243018359e-09 1 0 
101 21 0.0 11 8 3 0 17 7 3 7.54615237925e-80 1 3 
101 21 0.0 10 2 0 0 14 1 3 5.59663862043e-78 1 0 
101 21 0.0 13 2 3 0 22 25 3 6.59203766142e-73 1 4 
101 21 0.0 12 6 1 0 22 24 3 6.32571461868e-79 2 2 
101 21 0.0 15 1 1 0 18 2 3 7.34211326974e-74 2 0 
101 21 0.0 14 1 1 0 18 2 3 3.62221379861e-74 2 0 
101 21 0.0 17 1 0 0 12 1 3 2.87162245206e-70 1 0 
101 21 0.0 16 1 0 0 12 1 3 1.2704861845e-69 1 0 
101 21 0.0 19 6 1 0 22 24 3 5.38299852854e-79 2 2 
101 21 2.0 18 6 1 0 22 24 3 2.55066407432e-23 2 2 
101 21 2.0 20 4 0 0 18 23 3 0.00678664665662 1 2 
101 21 2.0 21 8 0 0 24 25 4 1.52823566593e-45 5 0 
101 21 2.0 22 8 1 0 34 34 3 1.59709525359e-54 6 0 
101 21 2.0 1 9 1 0 2 4 1 0.34797660894 0 2 
101 21 2.0 3 9 1 0 11 7 2 0.0868025666768 1 3 
101 21 2.0 2 6 0 0 4 4 1 0.124728932209 0 2 
101 21 2.0 5 0 0 0 4 1 2 0.173550239333 1 0 
101 21 2.0 4 22 4 0 51 16 2 0.0335198787899 2 7 
101 21 2.0 7 1 0 0 6 1 3 0.156175697249 1 0 
101 21 2.0 6 7 3 0 34 21 2 0.00456986900381 1 6 
101 21 2.0 9 2 0 0 14 1 3 0.0177705438858 1 0 
101 21 2.0 8 1 0 0 6 1 3 0.155836995373 1 0 
101 21 2.0 11 8 3 0 17 7 3 0.0106085897919 1 3 
101 21 2.0 10 2 0 0 14 1 3 0.0170607009339 1 0 
101 21 2.0 13 2 3 0 22 25 3 1.55082529292e-59 1 4 
101 21 2.0 12 6 1 0 22 24 3 3.57507482809e-24 2 2 
101 21 2.0 15 1 1 0 18 2 3 7.18162977208e-55 2 0 
101 21 2.0 14 1 1 0 18 2 3 1.58784689466e-55 2 0 
101 21 2.0 17 1 0 0 12 1 3 4.91183096914e-55 1 0 
101 21 2.0 16 1 0 0 12 1 3 6.28660865364e-55 1 0 
101 21 2.0 19 6 1 0 22 24 3 9.57130797119e-24 2 2 
101 22 0.0 18 6 1 0 22 24 3 8.42478101402e-79 2 2 
101 22 0.0 20 4 0 0 18 23 3 1.0870944186e-78 1 2 
101 22 0.0 21 8 0 0 24 25 4 1.02580927925e-77 5 0 
101 22 0.0 22 8 1 0 34 34 3 2.2497973306e-77 6 0 
101 22 0.0 1 9 1 0 2 4 1 0.1919917229 0 2 
101 22 0.0 3 9 1 0 11 7 2 0.149752224814 1 3 
101 22 0.0 2 6 0 0 4 4 1 0.184116120278 0 2 
101 22 0.0 5 0 0 0 4 1 2 0.125288040073 1 0 
101 22 0.0 4 22 4 0 51 16 2 3.78693109489e-05 2 7 
101 22 0.0 7 1 0 0 6 1 3 3.34081319539e-10 1 0 
101 22 0.0 6 7 3 0 34 21 2 0.020382997638 1 6 
101 22 0.0 9 2 0 0 14 1 3 5.73225224357e-78 1 0 
101 22 0.0 8 1 0 0 6 1 3 4.20600225486e-09 1 0 
101 22 0.0 11 8 3 0 17 7 3 5.39264218367e-80 1 3 
101 22 0.0 10 2 0 0 14 1 3 2.818477521e-78 1 0 
101 22 0.0 13 2 3 0 22 25 3 5.18987572125e-81 1 4 
101 22 0.0 12 6 1 0 22 24 3 5.32132070179e-79 2 2 
101 22 0.0 15 1 1 0 18 2 3 1.36216963768e-77 2 0 
101 22 0.0 14 1 1 0 18 2 3 2.79364979403e-77 2 0 
101 22 0.0 17 1 0 0 12 1 3 3.75768398778e-77 1 0 
101 22 0.0 16 1 0 0 12 1 3 5.6278348578e-77 1 0 
101 22 0.0 19 6 1 0 22 24 3 8.22511762201e-79 2 2 
101 22 2.0 18 6 1 0 22 24 3 5.28983359347e-26 2 2 
101 22 2.0 20 4 0 0 18 23 3 0.00206878572215 1 2 
101 22 2.0 21 8 0 0 24 25 4 1.21267567484e-45 5 0 
101 22 2.0 22 8 1 0 34 34 3 1.97918526521e-54 6 0 
101 22 2.0 1 9 1 0 2 4 1 0.586681889963 0 2 
101 22 2.0 3 9 1 0 11 7 2 0.0601592304427 1 3 
101 22 2.0 2 6 0 0 4 4 1 0.123533692327 0 2 
101 22 2.0 5 0 0 0 4 1 2 0.164346282392 1 0 
101 22 2.0 4 22 4 0 51 16 2 0.126876883334 2 7 
101 22 2.0 7 1 0 0 6 1 3 0.0794556159881 1 0 
101 22 2.0 6 7 3 0 34 21 2 0.0131723659198 1 6 
101 22 2.0 9 2 0 0 14 1 3 0.0179159873727 1 0 
101 22 2.0 8 1 0 0 6 1 3 0.0794053193617 1 0 
101 22 2.0 11 8 3 0 17 7 3 0.0041072784838 1 3 
101 22 2.0 10 2 0 0 14 1 3 0.0176275041871 1 0 
101 22 2.0 13 2 3 0 22 25 3 3.93672638802e-60 1 4 
101 22 2.0 12 6 1 0 22 24 3 4.44392569257e-26 2 2 
101 22 2.0 15 1 1 0 18 2 3 1.877854458e-55 2 0 
101 22 2.0 14 1 1 0 18 2 3 8.83583789685e-55 2 0 
101 22 2.0 17 1 0 0 12 1 3 6.98910963388e-55 1 0 
101 22 2.0 16 1 0 0 12 1 3 1.48212375001e-54 1 0 
101 22 2.0 19 6 1 0 22 24 3 5.26770791876e-26 2 2 
101 23 0.0 18 6 1 0 22 24 3 6.68636332229e-79 2 2 
101 23 0.0 20 4 0 0 18 23 3 4.56444677828e-79 1 2 
101 23 0.0 21 8 0 0 24 25 4 1.96050355887e-77 5 0 
101 23 0.0 22 8 1 0 34 34 3 1.26891737261e-74 6 0 
101 23 0.0 1 9 1 0 2 4 1 0.192481421497 0 2 
101 23 0.0 3 9 1 0 11 7 2 0.149124809924 1 3 
101 23 0.0 2 6 0 0 4 4 1 0.175325941886 0 2 
101 23 0.0 5 0 0 0 4 1 2 0.072906469871 1 0 
101 23 0.0 4 22 4 0 51 16 2 0.000962053354386 2 7 
101 23 0.0 7 1 0 0 6 1 3 2.80686395086e-08 1 0 
101 23 0.0 6 7 3 0 34 21 2 0.0711437714768 1 6 
101 23 0.0 9 2 0 0 14 1 3 1.22705671776e-78 1 0 
101 23 0.0 8 1 0 0 6 1 3 4.63748334671e-08 1 0 
101 23 0.0 11 8 3 0 17 7 3 5.18988304521e-80 1 3 
101 23 0.0 10 2 0 0 14 1 3 1.03763275539e-77 1 0 
101 23 0.0 13 2 3 0 22 25 3 1.17662414745e-63 1 4 
101 23 0.0 12 6 1 0 22 24 3 7.16570606127e-79 2 2 
101 23 0.0 15 1 1 0 18 2 3 3.81869503974e-69 2 0 
101 23 0.0 14 1 1 0 18 2 3 2.13344360227e-69 2 0 
101 23 0.0 17 1 0 0 12 1 3 1.20124988142e-61 1 0 
101 23 0.0 16 1 0 0 12 1 3 1.57343617825e-61 1 0 
101 23 0.0 19 6 1 0 22 24 3 9.4727768657e-79 2 2 
101 23 2.0 18 6 1 0 22 24 3 2.2959256318e-24 2 2 
101 23 2.0 20 4 0 0 18 23 3 0.00372314195761 1 2 
101 23 2.0 21 8 0 0 24 25 4 1.29379537055e-45 5 0 
101 23 2.0 22 8 1 0 34 34 3 1.38960634638e-54 6 0 
101 23 2.0 1 9 1 0 2 4 1 0.54251412065 0 2 
101 23 2.0 3 9 1 0 11 7 2 0.0768932111904 1 3 
101 23 2.0 2 6 0 0 4 4 1 0.126451611101 0 2 
101 23 2.0 5 0 0 0 4 1 2 0.179696805694 1 0 
101 23 2.0 4 22 4 0 51 16 2 0.205860728566 2 7 
101 23 2.0 7 1 0 0 6 1 3 0.0644505258602 1 0 
101 23 2.0 6 7 3 0 34 21 2 0.000874432661725 1 6 
101 23 2.0 9 2 0 0 14 1 3 0.0183032668864 1 0 
101 23 2.0 8 1 0 0 6 1 3 0.0644257247572 1 0 
101 23 2.0 11 8 3 0 17 7 3 0.0113641728685 1 3 
101 23 2.0 10 2 0 0 14 1 3 0.0177372577279 1 0 
101 23 2.0 13 2 3 0 22 25 3 1.43794871088e-62 1 4 
101 23 2.0 12 6 1 0 22 24 3 1.49367241993e-24 2 2 
101 23 2.0 15 1 1 0 18 2 3 5.70010294197e-55 2 0 
101 23 2.0 14 1 1 0 18 2 3 5.03823217722e-55 2 0 
101 23 2.0 17 1 0 0 12 1 3 4.21685370997e-55 1 0 
101 23 2.0 16 1 0 0 12 1 3 4.03826004955e-55 1 0 
101 23 2.0 19 6 1 0 22 24 3 4.74943523888e-24 2 2 
101 24 0.0 18 6 1 0 22 24 3 4.7672807869e-79 2 2 
101 24 0.0 20 4 0 0 18 23 3 9.08455544205e-80 1 2 
101 24 0.0 21 8 0 0 24 25 4 8.34754570617e-78 5 0 
101 24 0.0 22 8 1 0 34 34 3 8.72523073049e-77 6 0 
101 24 0.0 1 9 1 0 2 4 1 0.191616545951 0 2 
101 24 0.0 3 9 1 0 11 7 2 0.149867873429 1 3 
101 24 0.0 2 6 0 0 4 4 1 0.179566493549 0 2 
101 24 0.0 5 0 0 0 4 1 2 0.0863513084987 1 0 
101 24 0.0 4 22 4 0 51 16 2 3.90993050817e-05 2 7 
101 24 0.0 7 1 0 0 6 1 3 1.03642906327e-09 1 0 
101 24 0.0 6 7 3 0 34 21 2 0.0549449491885 1 6 
101 24 0.0 9 2 0 0 14 1 3 7.49632969976e-78 1 0 
101 24 0.0 8 1 0 0 6 1 3 9.78558885369e-09 1 0 
101 24 0.0 11 8 3 0 17 7 3 1.73178353873e-79 1 3 
101 24 0.0 10 2 0 0 14 1 3 6.10513882939e-78 1 0 
101 24 0.0 13 2 3 0 22 25 3 6.0371784224e-76 1 4 
101 24 0.0 12 6 1 0 22 24 3 1.42365008036e-78 2 2 
101 24 0.0 15 1 1 0 18 2 3 6.29315311451e-76 2 0 
101 24 0.0 14 1 1 0 18 2 3 2.57190053289e-75 2 0 
101 24 0.0 17 1 0 0 12 1 3 7.29614798402e-74 1 0 
101 24 0.0 16 1 0 0 12 1 3 3.83230695342e-73 1 0 
101 24 0.0 19 6 1 0 22 24 3 8.49089563978e-79 2 2 
101 24 2.0 18 6 1 0 22 24 3 4.87988702327e-25 2 2 
101 24 2.0 20 4 0 0 18 23 3 0.00361834906198 1 2 
101 24 2.0 21 8 0 0 24 25 4 1.55254347057e-45 5 0 
101 24 2.0 22 8 1 0 34 34 3 2.25120398654e-54 6 0 
101 24 2.0 1 9 1 0 2 4 1 0.588618485457 0 2 
101 24 2.0 3 9 1 0 11 7 2 0.0526541476301 1 3 
101 24 2.0 2 6 0 0 4 4 1 0.118034189722 0 2 
101 24 2.0 5 0 0 0 4 1 2 0.125177274271 1 0 
101 24 2.0 4 22 4 0 51 16 2 0.0973566486718 2 7 
101 24 2.0 7 1 0 0 6 1 3 0.0872988880544 1 0 
101 24 2.0 6 7 3 0 34 21 2 0.0450005537455 1 6 
101 24 2.0 9 2 0 0 14 1 3 0.0148248698135 1 0 
101 24 2.0 8 1 0 0 6 1 3 0.0871071249609 1 0 
101 24 2.0 11 8 3 0 17 7 3 0.00563430935721 1 3 
101 24 2.0 10 2 0 0 14 1 3 0.014620850686 1 0 
101 24 2.0 13 2 3 0 22 25 3 1.31891511362e-57 1 4 
101 24 2.0 12 6 1 0 22 24 3 5.53300370373e-25 2 2 
101 24 2.0 15 1 1 0 18 2 3 4.84428555907e-54 2 0 
101 24 2.0 14 1 1 0 18 2 3 1.21281396282e-53 2 0 
101 24 2.0 17 1 0 0 12 1 3 1.33656560233e-52 1 0 
101 24 2.0 16 1 0 0 12 1 3 1.72250080659e-52 1 0 
101 24 2.0 19 6 1 0 22 24 3 2.68895117674e-25 2 2 
101 25 0.0 18 6 1 0 22 24 3 1.27999487124e-75 2 2 
101 25 0.0 20 4 0 0 18 23 3 7.28411813738e-73 1 2 
101 25 0.0 21 8 0 0 24 25 4 1.44308265043e-77 5 0 
101 25 0.0 22 8 1 0 34 34 3 3.4550824589e-76 6 0 
101 25 0.0 1 9 1 0 2 4 1 0.209855017463 0 2 
101 25 0.0 3 9 1 0 11 7 2 0.13484761548 1 3 
101 25 0.0 2 6 0 0 4 4 1 0.179325728222 0 2 
101 25 0.0 5 0 0 0 4 1 2 0.0791107954314 1 0 
101 25 0.0 4 22 4 0 51 16 2 0.0237094607727 2 7 
101 25 0.0 7 1 0 0 6 1 3 1.42026283152e-11 1 0 
101 25 0.0 6 7 3 0 34 21 2 0.0635404144973 1 6 
101 25 0.0 9 2 0 0 14 1 3 1.88084103366e-72 1 0 
101 25 0.0 8 1 0 0 6 1 3 8.01449444165e-12 1 0 
101 25 0.0 11 8 3 0 17 7 3 1.04503846915e-73 1 3 
101 25 0.0 10 2 0 0 14 1 3 7.26545739341e-72 1 0 
101 25 0.0 13 2 3 0 22 25 3 6.21489702976e-75 1 4 
101 25 0.0 12 6 1 0 22 24 3 1.58109777624e-75 2 2 
101 25 0.0 15 1 1 0 18 2 3 6.50307269339e-74 2 0 
101 25 0.0 14 1 1 0 18 2 3 5.80340525223e-74 2 0 
101 25 0.0 17 1 0 0 12 1 3 6.37391558198e-71 1 0 
101 25 0.0 16 1 0 0 12 1 3 1.98361199766e-70 1 0 
101 25 0.0 19 6 1 0 22 24 3 6.3207898273e-76 2 2 
101 25 2.0 18 6 1 0 22 24 3 1.07949756909e-25 2 2 
101 25 2.0 20 4 0 0 18 23 3 0.00611471640649 1 2 
101 25 2.0 21 8 0 0 24 25 4 2.66848359616e-45 5 0 
101 25 2.0 22 8 1 0 34 34 3 6.5842060246e-54 6 0 
101 25 2.0 1 9 1 0 2 4 1 0.562921904622 0 2 
101 25 2.0 3 9 1 0 11 7 2 0.0467643829598 1 3 
101 25 2.0 2 6 0 0 4 4 1 0.122827591805 0 2 
101 25 2.0 5 0 0 0 4 1 2 0.163952531434 1 0 
101 25 2.0 4 22 4 0 51 16 2 0.0690493580983 2 7 
101 25 2.0 7 1 0 0 6 1 3 0.0979298521483 1 0 
101 25 2.0 6 7 3 0 34 21 2 0.0132524080758 1 6 
101 25 2.0 9 2 0 0 14 1 3 0.0126735994556 1 0 
101 25 2.0 8 1 0 0 6 1 3 0.0979388236169 1 0 
101 25 2.0 11 8 3 0 17 7 3 0.00231622384778 1 3 
101 25 2.0 10 2 0 0 14 1 3 0.0128149887021 1 0 
101 25 2.0 13 2 3 0 22 25 3 7.69508145712e-60 1 4 
101 25 2.0 12 6 1 0 22 24 3 4.30833384002e-26 2 2 
101 25 2.0 15 1 1 0 18 2 3 4.2775119829e-55 2 0 
101 25 2.0 14 1 1 0 18 2 3 9.80928959317e-55 2 0 
101 25 2.0 17 1 0 0 12 1 3 1.45076472886e-54 1 0 
101 25 2.0 16 1 0 0 12 1 3 7.32923204393e-55 1 0 
101 25 2.0 19 6 1 0 22 24 3 1.02445602013e-25 2 2 
101 26 0.0 18 6 1 0 22 24 3 4.67296797333e-79 2 2 
101 26 0.0 20 4 0 0 18 23 3 2.33108230271e-78 1 2 
101 26 0.0 21 8 0 0 24 25 4 3.9524573299e-78 5 0 
101 26 0.0 22 8 1 0 34 34 3 2.72067171235e-77 6 0 
101 26 0.0 1 9 1 0 2 4 1 0.192396493802 0 2 
101 26 0.0 3 9 1 0 11 7 2 0.14938214949 1 3 
101 26 0.0 2 6 0 0 4 4 1 0.18398021796 0 2 
101 26 0.0 5 0 0 0 4 1 2 0.120891261661 1 0 
101 26 0.0 4 22 4 0 51 16 2 0.000502463748067 2 7 
101 26 0.0 7 1 0 0 6 1 3 2.0477132222e-09 1 0 
101 26 0.0 6 7 3 0 34 21 2 0.0241713372935 1 6 
101 26 0.0 9 2 0 0 14 1 3 2.13222382806e-78 1 0 
101 26 0.0 8 1 0 0 6 1 3 1.38302056279e-09 1 0 
101 26 0.0 11 8 3 0 17 7 3 1.67007297205e-79 1 3 
101 26 0.0 10 2 0 0 14 1 3 9.85088152764e-78 1 0 
101 26 0.0 13 2 3 0 22 25 3 2.71680266439e-80 1 4 
101 26 0.0 12 6 1 0 22 24 3 2.04147247837e-78 2 2 
101 26 0.0 15 1 1 0 18 2 3 2.14271576161e-77 2 0 
101 26 0.0 14 1 1 0 18 2 3 3.68788360668e-77 2 0 
101 26 0.0 17 1 0 0 12 1 3 4.85668815397e-77 1 0 
101 26 0.0 16 1 0 0 12 1 3 7.59150376181e-77 1 0 
101 26 0.0 19 6 1 0 22 24 3 5.18619002871e-79 2 2 
101 26 2.0 18 6 1 0 22 24 3 1.16537020642e-25 2 2 
101 26 2.0 20 4 0 0 18 23 3 0.0239376650388 1 2 
101 26 2.0 21 8 0 0 24 25 4 1.88446742836e-44 5 0 
101 26 2.0 22 8 1 0 34 34 3 6.9898682925e-53 6 0 
101 26 2.0 1 9 1 0 2 4 1 0.387764317567 0 2 
101 26 2.0 3 9 1 0 11 7 2 0.223433460882 1 3 
101 26 2.0 2 6 0 0 4 4 1 0.1151745143 0 2 
101 26 2.0 5 0 0 0 4 1 2 0.104490295584 1 0 
101 26 2.0 4 22 4 0 51 16 2 0.0299819854501 2 7 
101 26 2.0 7 1 0 0 6 1 3 0.0850525498018 1 0 
101 26 2.0 6 7 3 0 34 21 2 0.0650385882129 1 6 
101 26 2.0 9 2 0 0 14 1 3 0.0380863963067 1 0 
101 26 2.0 8 1 0 0 6 1 3 0.0850699495461 1 0 
101 26 2.0 11 8 3 0 17 7 3 0.00511106850864 1 3 
101 26 2.0 10 2 0 0 14 1 3 0.0393010701114 1 0 
101 26 2.0 13 2 3 0 22 25 3 4.9810620742e-55 1 4 
101 26 2.0 12 6 1 0 22 24 3 1.26233793458e-25 2 2 
101 26 2.0 15 1 1 0 18 2 3 1.3779403093e-52 2 0 
101 26 2.0 14 1 1 0 18 2 3 4.34032467769e-52 2 0 
101 26 2.0 17 1 0 0 12 1 3 2.23322558286e-49 1 0 
101 26 2.0 16 1 0 0 12 1 3 1.08097322646e-49 1 0 
101 26 2.0 19 6 1 0 22 24 3 1.43682935757e-25 2 2 
101 27 0.0 18 6 1 0 22 24 3 1.74176587962e-73 2 2 
101 27 0.0 20 4 0 0 18 23 3 3.73461663013e-68 1 2 
101 27 0.0 21 8 0 0 24 25 4 1.18019334791e-77 5 0 
101 27 0.0 22 8 1 0 34 34 3 5.76600002525e-77 6 0 
101 27 0.0 1 9 1 0 2 4 1 0.218262109517 0 2 
101 27 0.0 3 9 1 0 11 7 2 0.128241975333 1 3 
101 27 0.0 2 6 0 0 4 4 1 0.178856124621 0 2 
101 27 0.0 5 0 0 0 4 1 2 0.0920335589492 1 0 
101 27 0.0 4 22 4 0 51 16 2 0.0340665643862 2 7 
101 27 0.0 7 1 0 0 6 1 3 1.81785448246e-13 1 0 
101 27 0.0 6 7 3 0 34 21 2 0.0496653837309 1 6 
101 27 0.0 9 2 0 0 14 1 3 4.56619853606e-67 1 0 
101 27 0.0 8 1 0 0 6 1 3 4.74453657412e-13 1 0 
101 27 0.0 11 8 3 0 17 7 3 4.87128501186e-68 1 3 
101 27 0.0 10 2 0 0 14 1 3 9.04265987325e-67 1 0 
101 27 0.0 13 2 3 0 22 25 3 9.72445558744e-78 1 4 
101 27 0.0 12 6 1 0 22 24 3 3.3909261757e-73 2 2 
101 27 0.0 15 1 1 0 18 2 3 4.99316929923e-76 2 0 
101 27 0.0 14 1 1 0 18 2 3 3.38937567355e-76 2 0 
101 27 0.0 17 1 0 0 12 1 3 2.05500202951e-74 1 0 
101 27 0.0 16 1 0 0 12 1 3 2.08253421804e-74 1 0 
101 27 0.0 19 6 1 0 22 24 3 5.66668566345e-74 2 2 
101 27 2.0 18 6 1 0 22 24 3 4.49431008614e-25 2 2 
101 27 2.0 20 4 0 0 18 23 3 0.0145106157529 1 2 
101 27 2.0 21 8 0 0 24 25 4 7.29022420708e-44 5 0 
101 27 2.0 22 8 1 0 34 34 3 1.04633366844e-50 6 0 
101 27 2.0 1 9 1 0 2 4 1 0.334206734485 0 2 
101 27 2.0 3 9 1 0 11 7 2 0.109109831348 1 3 
101 27 2.0 2 6 0 0 4 4 1 0.112675877468 0 2 
101 27 2.0 5 0 0 0 4 1 2 0.0874621059076 1 0 
101 27 2.0 4 22 4 0 51 16 2 0.0329851022753 2 7 
101 27 2.0 7 1 0 0 6 1 3 0.156515186679 1 0 
101 27 2.0 6 7 3 0 34 21 2 0.0834665553995 1 6 
101 27 2.0 9 2 0 0 14 1 3 0.0187866857939 1 0 
101 27 2.0 8 1 0 0 6 1 3 0.156503526522 1 0 
101 27 2.0 11 8 3 0 17 7 3 0.00598012041527 1 3 
101 27 2.0 10 2 0 0 14 1 3 0.019004507518 1 0 
101 27 2.0 13 2 3 0 22 25 3 8.14399825517e-43 1 4 
101 27 2.0 12 6 1 0 22 24 3 2.54775008994e-25 2 2 
101 27 2.0 15 1 1 0 18 2 3 1.09354718221e-45 2 0 
101 27 2.0 14 1 1 0 18 2 3 6.03069594007e-46 2 0 
101 27 2.0 17 1 0 0 12 1 3 9.74396356092e-38 1 0 
101 27 2.0 16 1 0 0 12 1 3 9.04786051305e-38 1 0 
101 27 2.0 19 6 1 0 22 24 3 6.82772559673e-25 2 2 
101 28 0.0 18 6 1 0 22 24 3 2.75123056073e-79 2 2 
101 28 0.0 20 4 0 0 18 23 3 1.61438789439e-79 1 2 
101 28 0.0 21 8 0 0 24 25 4 1.0656585494e-77 5 0 
101 28 0.0 22 8 1 0 34 34 3 1.41319885883e-77 6 0 
101 28 0.0 1 9 1 0 2 4 1 0.191548160192 0 2 
101 28 0.0 3 9 1 0 11 7 2 0.149733812606 1 3 
101 28 0.0 2 6 0 0 4 4 1 0.181415224888 0 2 
101 28 0.0 5 0 0 0 4 1 2 0.104519060286 1 0 
101 28 0.0 4 22 4 0 51 16 2 0.000170217370668 2 7 
101 28 0.0 7 1 0 0 6 1 3 4.64063994379e-09 1 0 
101 28 0.0 6 7 3 0 34 21 2 0.0387590481625 1 6 
101 28 0.0 9 2 0 0 14 1 3 6.83476735504e-78 1 0 
101 28 0.0 8 1 0 0 6 1 3 6.44541032331e-09 1 0 
101 28 0.0 11 8 3 0 17 7 3 5.58242044986e-80 1 3 
101 28 0.0 10 2 0 0 14 1 3 7.97337727813e-78 1 0 
101 28 0.0 13 2 3 0 22 25 3 8.84594373176e-79 1 4 
101 28 0.0 12 6 1 0 22 24 3 8.92686241176e-79 2 2 
101 28 0.0 15 1 1 0 18 2 3 1.15097206326e-76 2 0 
101 28 0.0 14 1 1 0 18 2 3 4.59859196952e-77 2 0 
101 28 0.0 17 1 0 0 12 1 3 5.80954441373e-76 1 0 
101 28 0.0 16 1 0 0 12 1 3 8.04127822093e-76 1 0 
101 28 0.0 19 6 1 0 22 24 3 1.22523388957e-78 2 2 
101 28 2.0 18 6 1 0 22 24 3 4.36800984669e-25 2 2 
101 28 2.0 20 4 0 0 18 23 3 0.00340257336996 1 2 
101 28 2.0 21 8 0 0 24 25 4 9.30614060428e-46 5 0 
101 28 2.0 22 8 1 0 34 34 3 1.12720025055e-54 6 0 
101 28 2.0 1 9 1 0 2 4 1 0.478860354939 0 2 
101 28 2.0 3 9 1 0 11 7 2 0.0785129765417 1 3 
101 28 2.0 2 6 0 0 4 4 1 0.12728766557 0 2 
101 28 2.0 5 0 0 0 4 1 2 0.17777005598 1 0 
101 28 2.0 4 22 4 0 51 16 2 0.238219942203 2 7 
101 28 2.0 7 1 0 0 6 1 3 0.0628485073076 1 0 
101 28 2.0 6 7 3 0 34 21 2 0.00130878832039 1 6 
101 28 2.0 9 2 0 0 14 1 3 0.0332720109168 1 0 
101 28 2.0 8 1 0 0 6 1 3 0.0629209543804 1 0 
101 28 2.0 11 8 3 0 17 7 3 0.0130746057424 1 3 
101 28 2.0 10 2 0 0 14 1 3 0.0322026511997 1 0 
101 28 2.0 13 2 3 0 22 25 3 3.92511239622e-60 1 4 
101 28 2.0 12 6 1 0 22 24 3 3.8902179855e-25 2 2 
101 28 2.0 15 1 1 0 18 2 3 3.06072949749e-55 2 0 
101 28 2.0 14 1 1 0 18 2 3 2.38901144003e-55 2 0 
101 28 2.0 17 1 0 0 12 1 3 4.52276438174e-55 1 0 
101 28 2.0 16 1 0 0 12 1 3 4.8473846705e-55 1 0 
101 28 2.0 19 6 1 0 22 24 3 2.26505728431e-25 2 2 
101 29 0.0 18 6 1 0 22 24 3 5.25883781129e-79 2 2 
101 29 0.0 20 4 0 0 18 23 3 5.19717871473e-79 1 2 
101 29 0.0 21 8 0 0 24 25 4 6.99329691722e-78 5 0 
101 29 0.0 22 8 1 0 34 34 3 2.10028984446e-77 6 0 
101 29 0.0 1 9 1 0 2 4 1 0.192608581722 0 2 
101 29 0.0 3 9 1 0 11 7 2 0.148897857534 1 3 
101 29 0.0 2 6 0 0 4 4 1 0.1843403979 0 2 
101 29 0.0 5 0 0 0 4 1 2 0.12253026068 1 0 
101 29 0.0 4 22 4 0 51 16 2 0.00100845831133 2 7 
101 29 0.0 7 1 0 0 6 1 3 1.5265214347e-08 1 0 
101 29 0.0 6 7 3 0 34 21 2 0.0229273548913 1 6 
101 29 0.0 9 2 0 0 14 1 3 1.15032991391e-77 1 0 
101 29 0.0 8 1 0 0 6 1 3 2.46288904692e-08 1 0 
101 29 0.0 11 8 3 0 17 7 3 2.29130452872e-79 1 3 
101 29 0.0 10 2 0 0 14 1 3 5.30163218971e-78 1 0 
101 29 0.0 13 2 3 0 22 25 3 1.40652781522e-80 1 4 
101 29 0.0 12 6 1 0 22 24 3 2.21937111593e-79 2 2 
101 29 0.0 15 1 1 0 18 2 3 1.85991381202e-77 2 0 
101 29 0.0 14 1 1 0 18 2 3 3.08292927442e-77 2 0 
101 29 0.0 17 1 0 0 12 1 3 9.823287635e-77 1 0 
101 29 0.0 16 1 0 0 12 1 3 5.51281309236e-77 1 0 
101 29 0.0 19 6 1 0 22 24 3 7.04643159726e-79 2 2 
101 29 2.0 18 6 1 0 22 24 3 3.56796753272e-24 2 2 
101 29 2.0 20 4 0 0 18 23 3 0.00494317826594 1 2 
101 29 2.0 21 8 0 0 24 25 4 4.11322842563e-45 5 0 
101 29 2.0 22 8 1 0 34 34 3 5.86298151026e-54 6 0 
101 29 2.0 1 9 1 0 2 4 1 0.606930695167 0 2 
101 29 2.0 3 9 1 0 11 7 2 0.0596530749382 1 3 
101 29 2.0 2 6 0 0 4 4 1 0.119220432337 0 2 
101 29 2.0 5 0 0 0 4 1 2 0.141390976711 1 0 
101 29 2.0 4 22 4 0 51 16 2 0.125769456309 2 7 
101 29 2.0 7 1 0 0 6 1 3 0.070672337206 1 0 
101 29 2.0 6 7 3 0 34 21 2 0.0310179642552 1 6 
101 29 2.0 9 2 0 0 14 1 3 0.00963969226468 1 0 
101 29 2.0 8 1 0 0 6 1 3 0.0707236924041 1 0 
101 29 2.0 11 8 3 0 17 7 3 0.00628269421529 1 3 
101 29 2.0 10 2 0 0 14 1 3 0.00888718971137 1 0 
101 29 2.0 13 2 3 0 22 25 3 5.03330848378e-59 1 4 
101 29 2.0 12 6 1 0 22 24 3 2.89244354686e-24 2 2 
101 29 2.0 15 1 1 0 18 2 3 2.24842584397e-54 2 0 
101 29 2.0 14 1 1 0 18 2 3 2.20001965738e-54 2 0 
101 29 2.0 17 1 0 0 12 1 3 8.82999117986e-54 1 0 
101 29 2.0 16 1 0 0 12 1 3 1.4048652735e-53 1 0 
101 29 2.0 19 6 1 0 22 24 3 1.06137871058e-23 2 2 
101 30 0.0 18 6 1 0 22 24 3 3.79705680958e-79 2 2 
101 30 0.0 20 4 0 0 18 23 3 3.5645125604e-79 1 2 
101 30 0.0 21 8 0 0 24 25 4 1.08680534527e-77 5 0 
101 30 0.0 22 8 1 0 34 34 3 1.4723907012e-77 6 0 
101 30 0.0 1 9 1 0 2 4 1 0.191686100127 0 2 
101 30 0.0 3 9 1 0 11 7 2 0.149105492126 1 3 
101 30 0.0 2 6 0 0 4 4 1 0.190117337385 0 2 
101 30 0.0 5 0 0 0 4 1 2 0.146281112674 1 0 
101 30 0.0 4 22 4 0 51 16 2 0.000257322163736 2 7 
101 30 0.0 7 1 0 0 6 1 3 3.20942247612e-10 1 0 
101 30 0.0 6 7 3 0 34 21 2 0.00263061316276 1 6 
101 30 0.0 9 2 0 0 14 1 3 8.19260644157e-78 1 0 
101 30 0.0 8 1 0 0 6 1 3 3.46967719298e-10 1 0 
101 30 0.0 11 8 3 0 17 7 3 6.52924131613e-79 1 3 
101 30 0.0 10 2 0 0 14 1 3 6.56272332667e-78 1 0 
101 30 0.0 13 2 3 0 22 25 3 1.14042239629e-80 1 4 
101 30 0.0 12 6 1 0 22 24 3 2.83314625623e-79 2 2 
101 30 0.0 15 1 1 0 18 2 3 4.40106510491e-78 2 0 
101 30 0.0 14 1 1 0 18 2 3 5.50580966146e-78 2 0 
101 30 0.0 17 1 0 0 12 1 3 1.0553918047e-77 1 0 
101 30 0.0 16 1 0 0 12 1 3 1.10322333375e-77 1 0 
101 30 0.0 19 6 1 0 22 24 3 8.09808166838e-80 2 2 
101 30 2.0 18 6 1 0 22 24 3 1.43002425434e-25 2 2 
101 30 2.0 20 4 0 0 18 23 3 0.00631285299572 1 2 
101 30 2.0 21 8 0 0 24 25 4 1.43735344565e-45 5 0 
101 30 2.0 22 8 1 0 34 34 3 3.64923602816e-53 6 0 
101 30 2.0 1 9 1 0 2 4 1 0.592436576302 0 2 
101 30 2.0 3 9 1 0 11 7 2 0.0536004125802 1 3 
101 30 2.0 2 6 0 0 4 4 1 0.115317179808 0 2 
101 30 2.0 5 0 0 0 4 1 2 0.107018503866 1 0 
101 30 2.0 4 22 4 0 51 16 2 0.0988172172015 2 7 
101 30 2.0 7 1 0 0 6 1 3 0.0846819285615 1 0 
101 30 2.0 6 7 3 0 34 21 2 0.0622912319165 1 6 
101 30 2.0 9 2 0 0 14 1 3 0.0147538923672 1 0 
101 30 2.0 8 1 0 0 6 1 3 0.084690377816 1 0 
101 30 2.0 11 8 3 0 17 7 3 0.0013151589312 1 3 
101 30 2.0 10 2 0 0 14 1 3 0.0141034331099 1 0 
101 30 2.0 13 2 3 0 22 25 3 3.34940090032e-55 1 4 
101 30 2.0 12 6 1 0 22 24 3 6.87126601991e-26 2 2 
101 30 2.0 15 1 1 0 18 2 3 1.54329505006e-52 2 0 
101 30 2.0 14 1 1 0 18 2 3 2.80315837903e-52 2 0 
101 30 2.0 17 1 0 0 12 1 3 2.10322921541e-50 1 0 
101 30 2.0 16 1 0 0 12 1 3 3.65081582838e-50 1 0 
101 30 2.0 19 6 1 0 22 24 3 1.23638756795e-25 2 2 
101 31 0.0 18 6 1 0 22 24 3 1.07689187031e-78 2 2 
101 31 0.0 20 4 0 0 18 23 3 1.52667655012e-78 1 2 
101 31 0.0 21 8 0 0 24 25 4 1.11978044871e-77 5 0 
101 31 0.0 22 8 1 0 34 34 3 3.51676537892e-76 6 0 
101 31 0.0 1 9 1 0 2 4 1 0.193486894736 0 2 
101 31 0.0 3 9 1 0 11 7 2 0.147884422542 1 3 
101 31 0.0 2 6 0 0 4 4 1 0.179177156965 0 2 
101 31 0.0 5 0 0 0 4 1 2 0.0784474275439 1 0 
101 31 0.0 4 22 4 0 51 16 2 0.00224094443274 2 7 
101 31 0.0 7 1 0 0 6 1 3 3.02435769679e-10 1 0 
101 31 0.0 6 7 3 0 34 21 2 0.0642231096668 1 6 
101 31 0.0 9 2 0 0 14 1 3 1.55176691544e-77 1 0 
101 31 0.0 8 1 0 0 6 1 3 4.28495535729e-10 1 0 
101 31 0.0 11 8 3 0 17 7 3 2.56791292087e-80 1 3 
101 31 0.0 10 2 0 0 14 1 3 1.01941612639e-77 1 0 
101 31 0.0 13 2 3 0 22 25 3 8.45730542894e-73 1 4 
101 31 0.0 12 6 1 0 22 24 3 1.41122977599e-78 2 2 
101 31 0.0 15 1 1 0 18 2 3 5.58819137397e-74 2 0 
101 31 0.0 14 1 1 0 18 2 3 2.54935438513e-74 2 0 
101 31 0.0 17 1 0 0 12 1 3 2.71836391693e-70 1 0 
101 31 0.0 16 1 0 0 12 1 3 6.68906419403e-70 1 0 
101 31 0.0 19 6 1 0 22 24 3 8.15211254491e-79 2 2 
101 31 2.0 18 6 1 0 22 24 3 1.87708497968e-24 2 2 
101 31 2.0 20 4 0 0 18 23 3 0.00485365563524 1 2 
101 31 2.0 21 8 0 0 24 25 4 3.83076374926e-45 5 0 
101 31 2.0 22 8 1 0 34 34 3 2.30651307084e-50 6 0 
101 31 2.0 1 9 1 0 2 4 1 0.574455824019 0 2 
101 31 2.0 3 9 1 0 11 7 2 0.0450223854313 1 3 
101 31 2.0 2 6 0 0 4 4 1 0.118064359329 0 2 
101 31 2.0 5 0 0 0 4 1 2 0.0855365111984 1 0 
101 31 2.0 4 22 4 0 51 16 2 0.0703317010844 2 7 
101 31 2.0 7 1 0 0 6 1 3 0.0919032511092 1 0 
101 31 2.0 6 7 3 0 34 21 2 0.0838532927674 1 6 
101 31 2.0 9 2 0 0 14 1 3 0.0104823550579 1 0 
101 31 2.0 8 1 0 0 6 1 3 0.0919855845763 1 0 
101 31 2.0 11 8 3 0 17 7 3 0.00434221598567 1 3 
101 31 2.0 10 2 0 0 14 1 3 0.0107293491987 1 0 
101 31 2.0 13 2 3 0 22 25 3 1.37555055311e-37 1 4 
101 31 2.0 12 6 1 0 22 24 3 1.72678358502e-24 2 2 
101 31 2.0 15 1 1 0 18 2 3 3.43309401447e-43 2 0 
101 31 2.0 14 1 1 0 18 2 3 2.09612920657e-43 2 0 
101 31 2.0 17 1 0 0 12 1 3 3.16256006756e-33 1 0 
101 31 2.0 16 1 0 0 12 1 3 4.1348847617e-33 1 0 
101 31 2.0 19 6 1 0 22 24 3 9.63205761105e-25 2 2 
101 32 0.0 18 6 1 0 22 24 3 4.94332384011e-79 2 2 
101 32 0.0 20 4 0 0 18 23 3 3.00081839779e-79 1 2 
101 32 0.0 21 8 0 0 24 25 4 1.83003077789e-77 5 0 
101 32 0.0 22 8 1 0 34 34 3 2.90531695364e-76 6 0 
101 32 0.0 1 9 1 0 2 4 1 0.191878855841 0 2 
101 32 0.0 3 9 1 0 11 7 2 0.149360888427 1 3 
101 32 0.0 2 6 0 0 4 4 1 0.179570873608 0 2 
101 32 0.0 5 0 0 0 4 1 2 0.0790813546107 1 0 
101 32 0.0 4 22 4 0 51 16 2 3.65500406033e-06 2 7 
101 32 0.0 7 1 0 0 6 1 3 5.34541531269e-10 1 0 
101 32 0.0 6 7 3 0 34 21 2 0.0635148266991 1 6 
101 32 0.0 9 2 0 0 14 1 3 7.73105438296e-78 1 0 
101 32 0.0 8 1 0 0 6 1 3 9.6151248788e-10 1 0 
101 32 0.0 11 8 3 0 17 7 3 7.27014767955e-80 1 3 
101 32 0.0 10 2 0 0 14 1 3 5.89088832599e-78 1 0 
101 32 0.0 13 2 3 0 22 25 3 1.38452546295e-74 1 4 
101 32 0.0 12 6 1 0 22 24 3 4.05878956974e-79 2 2 
101 32 0.0 15 1 1 0 18 2 3 5.72327919968e-74 2 0 
101 32 0.0 14 1 1 0 18 2 3 3.02567693694e-74 2 0 
101 32 0.0 17 1 0 0 12 1 3 2.14442784739e-70 1 0 
101 32 0.0 16 1 0 0 12 1 3 4.69992383177e-71 1 0 
101 32 0.0 19 6 1 0 22 24 3 3.83016067387e-79 2 2 
101 32 2.0 18 6 1 0 22 24 3 2.90948237737e-25 2 2 
101 32 2.0 20 4 0 0 18 23 3 0.00418971788129 1 2 
101 32 2.0 21 8 0 0 24 25 4 2.01423205321e-45 5 0 
101 32 2.0 22 8 1 0 34 34 3 9.76525071695e-55 6 0 
101 32 2.0 1 9 1 0 2 4 1 0.600404141325 0 2 
101 32 2.0 3 9 1 0 11 7 2 0.0552156510653 1 3 
101 32 2.0 2 6 0 0 4 4 1 0.125842945396 0 2 
101 32 2.0 5 0 0 0 4 1 2 0.175975837655 1 0 
101 32 2.0 4 22 4 0 51 16 2 0.109806003491 2 7 
101 32 2.0 7 1 0 0 6 1 3 0.0795829959436 1 0 
101 32 2.0 6 7 3 0 34 21 2 0.00242275196079 1 6 
101 32 2.0 9 2 0 0 14 1 3 0.0136284070866 1 0 
101 32 2.0 8 1 0 0 6 1 3 0.07961547008 1 0 
101 32 2.0 11 8 3 0 17 7 3 0.00614543634475 1 3 
101 32 2.0 10 2 0 0 14 1 3 0.0142840279367 1 0 
101 32 2.0 13 2 3 0 22 25 3 7.4806646293e-61 1 4 
101 32 2.0 12 6 1 0 22 24 3 8.54613312547e-25 2 2 
101 32 2.0 15 1 1 0 18 2 3 3.65653944527e-55 2 0 
101 32 2.0 14 1 1 0 18 2 3 5.50196988554e-55 2 0 
101 32 2.0 17 1 0 0 12 1 3 5.38075787877e-55 1 0 
101 32 2.0 16 1 0 0 12 1 3 3.95145313483e-55 1 0 
101 32 2.0 19 6 1 0 22 24 3 4.51815355985e-25 2 2 
101 33 0.0 18 6 1 0 22 24 3 1.9371887026e-78 2 2 
101 33 0.0 20 4 0 0 18 23 3 5.28662023569e-78 1 2 
101 33 0.0 21 8 0 0 24 25 4 7.34868344158e-78 5 0 
101 33 0.0 22 8 1 0 34 34 3 1.17220852618e-76 6 0 
101 33 0.0 1 9 1 0 2 4 1 0.194845324375 0 2 
101 33 0.0 3 9 1 0 11 7 2 0.146930599404 1 3 
101 33 0.0 2 6 0 0 4 4 1 0.18006032754 0 2 
101 33 0.0 5 0 0 0 4 1 2 0.0888413748308 1 0 
101 33 0.0 4 22 4 0 51 16 2 0.0038478316762 2 7 
101 33 0.0 7 1 0 0 6 1 3 4.05021301607e-10 1 0 
101 33 0.0 6 7 3 0 34 21 2 0.0531368814412 1 6 
101 33 0.0 9 2 0 0 14 1 3 2.57228830624e-77 1 0 
101 33 0.0 8 1 0 0 6 1 3 3.20610141389e-10 1 0 
101 33 0.0 11 8 3 0 17 7 3 1.05077460651e-78 1 3 
101 33 0.0 10 2 0 0 14 1 3 1.80042807459e-77 1 0 
101 33 0.0 13 2 3 0 22 25 3 8.41297081759e-77 1 4 
101 33 0.0 12 6 1 0 22 24 3 3.21675497858e-79 2 2 
101 33 0.0 15 1 1 0 18 2 3 9.54002808637e-76 2 0 
101 33 0.0 14 1 1 0 18 2 3 5.84837371282e-76 2 0 
101 33 0.0 17 1 0 0 12 1 3 9.01020274165e-74 1 0 
101 33 0.0 16 1 0 0 12 1 3 1.15682825214e-73 1 0 
101 33 0.0 19 6 1 0 22 24 3 1.37542433311e-78 2 2 
101 33 2.0 18 6 1 0 22 24 3 6.3458479572e-24 2 2 
101 33 2.0 20 4 0 0 18 23 3 0.00300615560839 1 2 
101 33 2.0 21 8 0 0 24 25 4 6.30446142628e-46 5 0 
101 33 2.0 22 8 1 0 34 34 3 2.21609096623e-54 6 0 
101 33 2.0 1 9 1 0 2 4 1 0.516060473386 0 2 
101 33 2.0 3 9 1 0 11 7 2 0.0455652846391 1 3 
101 33 2.0 2 6 0 0 4 4 1 0.120475148546 0 2 
101 33 2.0 5 0 0 0 4 1 2 0.151383221187 1 0 
101 33 2.0 4 22 4 0 51 16 2 0.0535241475985 2 7 
101 33 2.0 7 1 0 0 6 1 3 0.113363397939 1 0 
101 33 2.0 6 7 3 0 34 21 2 0.0224945127654 1 6 
101 33 2.0 9 2 0 0 14 1 3 0.0133782862967 1 0 
101 33 2.0 8 1 0 0 6 1 3 0.113519779222 1 0 
101 33 2.0 11 8 3 0 17 7 3 0.00807799808653 1 3 
101 33 2.0 10 2 0 0 14 1 3 0.012812656289 1 0 
101 33 2.0 13 2 3 0 22 25 3 1.56905751627e-58 1 4 
101 33 2.0 12 6 1 0 22 24 3 2.23082537911e-23 2 2 
101 33 2.0 15 1 1 0 18 2 3 1.32618680229e-54 2 0 
101 33 2.0 14 1 1 0 18 2 3 3.63564099588e-55 2 0 
101 33 2.0 17 1 0 0 12 1 3 2.72445409422e-54 1 0 
101 33 2.0 16 1 0 0 12 1 3 4.11808562071e-54 1 0 
101 33 2.0 19 6 1 0 22 24 3 2.2307431643e-24 2 2 
101 34 0.0 18 6 1 0 22 24 3 3.17896838516e-79 2 2 
101 34 0.0 20 4 0 0 18 23 3 2.572616317e-79 1 2 
101 34 0.0 21 8 0 0 24 25 4 1.86224486415e-77 5 0 
101 34 0.0 22 8 1 0 34 34 3 1.54442080728e-77 6 0 
101 34 0.0 1 9 1 0 2 4 1 0.191817644903 0 2 
101 34 0.0 3 9 1 0 11 7 2 0.149293370409 1 3 
101 34 0.0 2 6 0 0 4 4 1 0.191586244788 0 2 
101 34 0.0 5 0 0 0 4 1 2 0.148678516225 1 0 
101 34 0.0 4 22 4 0 51 16 2 3.53681493581e-05 2 7 
101 34 0.0 7 1 0 0 6 1 3 6.00463482813e-10 1 0 
101 34 0.0 6 7 3 0 34 21 2 0.000668240672379 1 6 
101 34 0.0 9 2 0 0 14 1 3 7.24116814413e-78 1 0 
101 34 0.0 8 1 0 0 6 1 3 7.7927933412e-10 1 0 
101 34 0.0 11 8 3 0 17 7 3 3.24930615656e-79 1 3 
101 34 0.0 10 2 0 0 14 1 3 8.89152542004e-78 1 0 
101 34 0.0 13 2 3 0 22 25 3 1.44118388611e-82 1 4 
101 34 0.0 12 6 1 0 22 24 3 3.60201527413e-80 2 2 
101 34 0.0 15 1 1 0 18 2 3 9.19212752436e-78 2 0 
101 34 0.0 14 1 1 0 18 2 3 9.17161909293e-78 2 0 
101 34 0.0 17 1 0 0 12 1 3 8.66023742001e-78 1 0 
101 34 0.0 16 1 0 0 12 1 3 8.56343774525e-78 1 0 
101 34 0.0 19 6 1 0 22 24 3 4.8461745102e-79 2 2 
101 34 2.0 18 6 1 0 22 24 3 1.56076937841e-25 2 2 
101 34 2.0 20 4 0 0 18 23 3 0.0288825330321 1 2 
101 34 2.0 21 8 0 0 24 25 4 7.21711842484e-46 5 0 
101 34 2.0 22 8 1 0 34 34 3 2.26352441701e-53 6 0 
101 34 2.0 1 9 1 0 2 4 1 0.402275308908 0 2 
101 34 2.0 3 9 1 0 11 7 2 0.0704244360558 1 3 
101 34 2.0 2 6 0 0 4 4 1 0.116478003526 0 2 
101 34 2.0 5 0 0 0 4 1 2 0.10621896292 1 0 
101 34 2.0 4 22 4 0 51 16 2 0.131712660119 2 7 
101 34 2.0 7 1 0 0 6 1 3 0.0531198079014 1 0 
101 34 2.0 6 7 3 0 34 21 2 0.0642678273925 1 6 
101 34 2.0 9 2 0 0 14 1 3 0.0948059152327 1 0 
101 34 2.0 8 1 0 0 6 1 3 0.0533633364527 1 0 
101 34 2.0 11 8 3 0 17 7 3 0.00694028539833 1 3 
101 34 2.0 10 2 0 0 14 1 3 0.0946276470052 1 0 
101 34 2.0 13 2 3 0 22 25 3 1.30015559543e-54 1 4 
101 34 2.0 12 6 1 0 22 24 3 1.10634548971e-25 2 2 
101 34 2.0 15 1 1 0 18 2 3 2.81450049211e-52 2 0 
101 34 2.0 14 1 1 0 18 2 3 1.60074368567e-52 2 0 
101 34 2.0 17 1 0 0 12 1 3 6.68272635944e-50 1 0 
101 34 2.0 16 1 0 0 12 1 3 1.09750898386e-49 1 0 
101 34 2.0 19 6 1 0 22 24 3 3.11467045335e-25 2 2 
101 35 0.0 18 6 1 0 22 24 3 3.36836337064e-79 2 2 
101 35 0.0 20 4 0 0 18 23 3 4.43120322357e-79 1 2 
101 35 0.0 21 8 0 0 24 25 4 1.25198566671e-77 5 0 
101 35 0.0 22 8 1 0 34 34 3 1.89780427071e-76 6 0 
101 35 0.0 1 9 1 0 2 4 1 0.191482114544 0 2 
101 35 0.0 3 9 1 0 11 7 2 0.149828274706 1 3 
101 35 0.0 2 6 0 0 4 4 1 0.178921215036 0 2 
101 35 0.0 5 0 0 0 4 1 2 0.0822393885584 1 0 
101 35 0.0 4 22 4 0 51 16 2 4.44279898602e-05 2 7 
101 35 0.0 7 1 0 0 6 1 3 1.89612490116e-09 1 0 
101 35 0.0 6 7 3 0 34 21 2 0.0601002661451 1 6 
101 35 0.0 9 2 0 0 14 1 3 3.85048113935e-78 1 0 
101 35 0.0 8 1 0 0 6 1 3 8.42371468209e-09 1 0 
101 35 0.0 11 8 3 0 17 7 3 1.08471101441e-79 1 3 
101 35 0.0 10 2 0 0 14 1 3 8.86647652969e-78 1 0 
101 35 0.0 13 2 3 0 22 25 3 8.45021135053e-75 1 4 
101 35 0.0 12 6 1 0 22 24 3 1.80571461681e-79 2 2 
101 35 0.0 15 1 1 0 18 2 3 6.74478295997e-75 2 0 
101 35 0.0 14 1 1 0 18 2 3 7.67809761689e-75 2 0 
101 35 0.0 17 1 0 0 12 1 3 3.38551720029e-72 1 0 
101 35 0.0 16 1 0 0 12 1 3 9.76596100008e-72 1 0 
101 35 0.0 19 6 1 0 22 24 3 5.04198310459e-79 2 2 
101 35 2.0 18 6 1 0 22 24 3 4.09672384038e-24 2 2 
101 35 2.0 20 4 0 0 18 23 3 0.00383390717412 1 2 
101 35 2.0 21 8 0 0 24 25 4 1.69625561633e-45 5 0 
101 35 2.0 22 8 1 0 34 34 3 5.10543071513e-54 6 0 
101 35 2.0 1 9 1 0 2 4 1 0.604304231383 0 2 
101 35 2.0 3 9 1 0 11 7 2 0.0594199700042 1 3 
101 35 2.0 2 6 0 0 4 4 1 0.117004417916 0 2 
101 35 2.0 5 0 0 0 4 1 2 0.125499331845 1 0 
101 35 2.0 4 22 4 0 51 16 2 0.126294038757 2 7 
101 35 2.0 7 1 0 0 6 1 3 0.0731389137631 1 0 
101 35 2.0 6 7 3 0 34 21 2 0.0449498330976 1 6 
101 35 2.0 9 2 0 0 14 1 3 0.0117642633256 1 0 
101 35 2.0 8 1 0 0 6 1 3 0.0733213887721 1 0 
101 35 2.0 11 8 3 0 17 7 3 0.00704507274871 1 3 
101 35 2.0 10 2 0 0 14 1 3 0.0113536691411 1 0 
101 35 2.0 13 2 3 0 22 25 3 9.1979768467e-58 1 4 
101 35 2.0 12 6 1 0 22 24 3 2.51092990857e-24 2 2 
101 35 2.0 15 1 1 0 18 2 3 1.32910899124e-53 2 0 
101 35 2.0 14 1 1 0 18 2 3 4.75331305174e-54 2 0 
101 35 2.0 17 1 0 0 12 1 3 2.59005770796e-52 1 0 
101 35 2.0 16 1 0 0 12 1 3 2.05737522003e-53 1 0 
101 35 2.0 19 6 1 0 22 24 3 6.36352709161e-25 2 2 
101 36 0.0 18 6 1 0 22 24 3 4.09559002663e-79 2 2 
101 36 0.0 20 4 0 0 18 23 3 3.22029621281e-78 1 2 
101 36 0.0 21 8 0 0 24 25 4 8.46558635769e-78 5 0 
101 36 0.0 22 8 1 0 34 34 3 1.78285991252e-77 6 0 
101 36 0.0 1 9 1 0 2 4 1 0.19272758156 0 2 
101 36 0.0 3 9 1 0 11 7 2 0.14858167193 1 3 
101 36 0.0 2 6 0 0 4 4 1 0.185993927859 0 2 
101 36 0.0 5 0 0 0 4 1 2 0.129684738453 1 0 
101 36 0.0 4 22 4 0 51 16 2 0.00183487757639 2 7 
101 36 0.0 7 1 0 0 6 1 3 4.74291576972e-09 1 0 
101 36 0.0 6 7 3 0 34 21 2 0.0168750845469 1 6 
101 36 0.0 9 2 0 0 14 1 3 1.22034837351e-77 1 0 
101 36 0.0 8 1 0 0 6 1 3 7.14635679475e-09 1 0 
101 36 0.0 11 8 3 0 17 7 3 3.63782942565e-80 1 3 
101 36 0.0 10 2 0 0 14 1 3 2.47001559155e-78 1 0 
101 36 0.0 13 2 3 0 22 25 3 1.75469251525e-80 1 4 
101 36 0.0 12 6 1 0 22 24 3 1.7388554372e-78 2 2 
101 36 0.0 15 1 1 0 18 2 3 1.59627060205e-77 2 0 
101 36 0.0 14 1 1 0 18 2 3 1.58501279956e-77 2 0 
101 36 0.0 17 1 0 0 12 1 3 3.3282917343e-77 1 0 
101 36 0.0 16 1 0 0 12 1 3 1.67381732815e-77 1 0 
101 36 0.0 19 6 1 0 22 24 3 1.15670300228e-78 2 2 
101 36 2.0 18 6 1 0 22 24 3 1.43593826171e-25 2 2 
101 36 2.0 20 4 0 0 18 23 3 0.00667813307559 1 2 
101 36 2.0 21 8 0 0 24 25 4 8.33367715312e-45 5 0 
101 36 2.0 22 8 1 0 34 34 3 1.21627558815e-50 6 0 
101 36 2.0 1 9 1 0 2 4 1 0.500958909524 0 2 
101 36 2.0 3 9 1 0 11 7 2 0.0450696675582 1 3 
101 36 2.0 2 6 0 0 4 4 1 0.123405983398 0 2 
101 36 2.0 5 0 0 0 4 1 2 0.0818295024179 1 0 
101 36 2.0 4 22 4 0 51 16 2 0.0496458702003 2 7 
101 36 2.0 7 1 0 0 6 1 3 0.115618122984 1 0 
101 36 2.0 6 7 3 0 34 21 2 0.0796690130466 1 6 
101 36 2.0 9 2 0 0 14 1 3 0.0127925066454 1 0 
101 36 2.0 8 1 0 0 6 1 3 0.11558133943 1 0 
101 36 2.0 11 8 3 0 17 7 3 0.00314673878055 1 3 
101 36 2.0 10 2 0 0 14 1 3 0.0131484346441 1 0 
101 36 2.0 13 2 3 0 22 25 3 1.04921295939e-39 1 4 
101 36 2.0 12 6 1 0 22 24 3 8.76349866742e-26 2 2 
101 36 2.0 15 1 1 0 18 2 3 5.95237129228e-44 2 0 
101 36 2.0 14 1 1 0 18 2 3 1.91795193174e-44 2 0 
101 36 2.0 17 1 0 0 12 1 3 8.29058234639e-35 1 0 
101 36 2.0 16 1 0 0 12 1 3 5.06501907457e-35 1 0 
101 36 2.0 19 6 1 0 22 24 3 1.56316879118e-25 2 2 
101 37 0.0 18 6 1 0 22 24 3 3.25721510674e-79 2 2 
101 37 0.0 20 4 0 0 18 23 3 6.75580531448e-79 1 2 
101 37 0.0 21 8 0 0 24 25 4 1.67048473262e-77 5 0 
101 37 0.0 22 8 1 0 34 34 3 2.32844675238e-77 6 0 
101 37 0.0 1 9 1 0 2 4 1 0.192160017913 0 2 
101 37 0.0 3 9 1 0 11 7 2 0.149287177353 1 3 
101 37 0.0 2 6 0 0 4 4 1 0.17901450244 0 2 
101 37 0.0 5 0 0 0 4 1 2 0.0872220411229 1 0 
101 37 0.0 4 22 4 0 51 16 2 0.000251727425469 2 7 
101 37 0.0 7 1 0 0 6 1 3 5.76554189735e-10 1 0 
101 37 0.0 6 7 3 0 34 21 2 0.0539847586386 1 6 
101 37 0.0 9 2 0 0 14 1 3 5.44493816051e-78 1 0 
101 37 0.0 8 1 0 0 6 1 3 8.43931620181e-10 1 0 
101 37 0.0 11 8 3 0 17 7 3 3.34234773956e-79 1 3 
101 37 0.0 10 2 0 0 14 1 3 2.80414686563e-78 1 0 
101 37 0.0 13 2 3 0 22 25 3 2.51910348717e-77 1 4 
101 37 0.0 12 6 1 0 22 24 3 5.78197611116e-79 2 2 
101 37 0.0 15 1 1 0 18 2 3 2.42724926676e-75 2 0 
101 37 0.0 14 1 1 0 18 2 3 1.94859745913e-75 2 0 
101 37 0.0 17 1 0 0 12 1 3 2.62437936622e-73 1 0 
101 37 0.0 16 1 0 0 12 1 3 2.93351964825e-74 1 0 
101 37 0.0 19 6 1 0 22 24 3 1.81893678037e-78 2 2 
101 37 2.0 18 6 1 0 22 24 3 1.46342398614e-25 2 2 
101 37 2.0 20 4 0 0 18 23 3 0.00871487175228 1 2 
101 37 2.0 21 8 0 0 24 25 4 5.67698948794e-45 5 0 
101 37 2.0 22 8 1 0 34 34 3 4.74050177953e-54 6 0 
101 37 2.0 1 9 1 0 2 4 1 0.591219190665 0 2 
101 37 2.0 3 9 1 0 11 7 2 0.0637001907571 1 3 
101 37 2.0 2 6 0 0 4 4 1 0.119336648532 0 2 
101 37 2.0 5 0 0 0 4 1 2 0.139660743501 1 0 
101 37 2.0 4 22 4 0 51 16 2 0.139110812444 2 7 
101 37 2.0 7 1 0 0 6 1 3 0.0735831621713 1 0 
101 37 2.0 6 7 3 0 34 21 2 0.0317173681352 1 6 
101 37 2.0 9 2 0 0 14 1 3 0.0174613349755 1 0 
101 37 2.0 8 1 0 0 6 1 3 0.0735309887471 1 0 
101 37 2.0 11 8 3 0 17 7 3 0.000929485421278 1 3 
101 37 2.0 10 2 0 0 14 1 3 0.0161632713608 1 0 
101 37 2.0 13 2 3 0 22 25 3 9.29157764123e-58 1 4 
101 37 2.0 12 6 1 0 22 24 3 5.95568725832e-26 2 2 
101 37 2.0 15 1 1 0 18 2 3 1.78768000801e-54 2 0 
101 37 2.0 14 1 1 0 18 2 3 1.42881410801e-54 2 0 
101 37 2.0 17 1 0 0 12 1 3 2.05910749188e-53 1 0 
101 37 2.0 16 1 0 0 12 1 3 1.06684283397e-53 1 0 
101 37 2.0 19 6 1 0 22 24 3 1.17812606745e-25 2 2 
101 38 0.0 18 6 1 0 22 24 3 1.27032875194e-78 2 2 
101 38 0.0 20 4 0 0 18 23 3 9.67610309402e-79 1 2 
101 38 0.0 21 8 0 0 24 25 4 1.22387224069e-77 5 0 
101 38 0.0 22 8 1 0 34 34 3 4.04916207071e-76 6 0 
101 38 0.0 1 9 1 0 2 4 1 0.192131350254 0 2 
101 38 0.0 3 9 1 0 11 7 2 0.149339346892 1 3 
101 38 0.0 2 6 0 0 4 4 1 0.181365040755 0 2 
101 38 0.0 5 0 0 0 4 1 2 0.0751084257241 1 0 
101 38 0.0 4 22 4 0 51 16 2 0.000198332373198 2 7 
101 38 0.0 7 1 0 0 6 1 3 6.82079397919e-10 1 0 
101 38 0.0 6 7 3 0 34 21 2 0.0671157127898 1 6 
101 38 0.0 9 2 0 0 14 1 3 4.42564707177e-78 1 0 
101 38 0.0 8 1 0 0 6 1 3 1.7893305405e-09 1 0 
101 38 0.0 11 8 3 0 17 7 3 7.29031382676e-80 1 3 
101 38 0.0 10 2 0 0 14 1 3 7.90977147637e-78 1 0 
101 38 0.0 13 2 3 0 22 25 3 3.53646589137e-71 1 4 
101 38 0.0 12 6 1 0 22 24 3 4.27483725304e-79 2 2 
101 38 0.0 15 1 1 0 18 2 3 1.26969865221e-72 2 0 
101 38 0.0 14 1 1 0 18 2 3 1.96684485601e-72 2 0 
101 38 0.0 17 1 0 0 12 1 3 4.50085522258e-68 1 0 
101 38 0.0 16 1 0 0 12 1 3 2.75941229736e-68 1 0 
101 38 0.0 19 6 1 0 22 24 3 2.97447223202e-79 2 2 
101 38 2.0 18 6 1 0 22 24 3 7.14743276534e-24 2 2 
101 38 2.0 20 4 0 0 18 23 3 0.00787682883663 1 2 
101 38 2.0 21 8 0 0 24 25 4 1.88482148002e-45 5 0 
101 38 2.0 22 8 1 0 34 34 3 3.38303972497e-54 6 0 
101 38 2.0 1 9 1 0 2 4 1 0.325981947447 0 2 
101 38 2.0 3 9 1 0 11 7 2 0.116395772998 1 3 
101 38 2.0 2 6 0 0 4 4 1 0.123917990931 0 2 
101 38 2.0 5 0 0 0 4 1 2 0.165703692446 1 0 
101 38 2.0 4 22 4 0 51 16 2 0.0321752056509 2 7 
101 38 2.0 7 1 0 0 6 1 3 0.155994720234 1 0 
101 38 2.0 6 7 3 0 34 21 2 0.0110155115076 1 6 
101 38 2.0 9 2 0 0 14 1 3 0.0191675235056 1 0 
101 38 2.0 8 1 0 0 6 1 3 0.155904027896 1 0 
101 38 2.0 11 8 3 0 17 7 3 0.0127150815565 1 3 
101 38 2.0 10 2 0 0 14 1 3 0.019240690924 1 0 
101 38 2.0 13 2 3 0 22 25 3 2.3372649673e-59 1 4 
101 38 2.0 12 6 1 0 22 24 3 1.28103000079e-23 2 2 
101 38 2.0 15 1 1 0 18 2 3 2.40434274309e-55 2 0 
101 38 2.0 14 1 1 0 18 2 3 7.30465714584e-55 2 0 
101 38 2.0 17 1 0 0 12 1 3 1.02077973574e-54 1 0 
101 38 2.0 16 1 0 0 12 1 3 1.3319071003e-54 1 0 
101 38 2.0 19 6 1 0 22 24 3 1.87957205469e-23 2 2 
101 39 0.0 18 6 1 0 22 24 3 5.14347402374e-79 2 2 
101 39 0.0 20 4 0 0 18 23 3 1.98289035382e-79 1 2 
101 39 0.0 21 8 0 0 24 25 4 6.16552825501e-78 5 0 
101 39 0.0 22 8 1 0 34 34 3 6.87513150355e-76 6 0 
101 39 0.0 1 9 1 0 2 4 1 0.191451835324 0 2 
101 39 0.0 3 9 1 0 11 7 2 0.14985462784 1 3 
101 39 0.0 2 6 0 0 4 4 1 0.179613808076 0 2 
101 39 0.0 5 0 0 0 4 1 2 0.076633106189 1 0 
101 39 0.0 4 22 4 0 51 16 2 3.91169558546e-06 2 7 
101 39 0.0 7 1 0 0 6 1 3 2.9227826043e-09 1 0 
101 39 0.0 6 7 3 0 34 21 2 0.0663694435414 1 6 
101 39 0.0 9 2 0 0 14 1 3 6.95361518365e-78 1 0 
101 39 0.0 8 1 0 0 6 1 3 7.32365921302e-09 1 0 
101 39 0.0 11 8 3 0 17 7 3 3.59938375569e-81 1 3 
101 39 0.0 10 2 0 0 14 1 3 5.87945698232e-78 1 0 
101 39 0.0 13 2 3 0 22 25 3 7.87247944459e-72 1 4 
101 39 0.0 12 6 1 0 22 24 3 1.1761253524e-78 2 2 
101 39 0.0 15 1 1 0 18 2 3 4.21298845774e-73 2 0 
101 39 0.0 14 1 1 0 18 2 3 4.02942754119e-73 2 0 
101 39 0.0 17 1 0 0 12 1 3 5.80869231712e-69 1 0 
101 39 0.0 16 1 0 0 12 1 3 4.43925090412e-69 1 0 
101 39 0.0 19 6 1 0 22 24 3 1.19373186081e-78 2 2 
101 39 2.0 18 6 1 0 22 24 3 9.15012091589e-26 2 2 
101 39 2.0 20 4 0 0 18 23 3 0.00279159043344 1 2 
101 39 2.0 21 8 0 0 24 25 4 7.77588794318e-46 5 0 
101 39 2.0 22 8 1 0 34 34 3 5.31981653201e-54 6 0 
101 39 2.0 1 9 1 0 2 4 1 0.531863794632 0 2 
101 39 2.0 3 9 1 0 11 7 2 0.0519766863649 1 3 
101 39 2.0 2 6 0 0 4 4 1 0.115850292188 0 2 
101 39 2.0 5 0 0 0 4 1 2 0.112007708677 1 0 
101 39 2.0 4 22 4 0 51 16 2 0.0567541822545 2 7 
101 39 2.0 7 1 0 0 6 1 3 0.111429188169 1 0 
101 39 2.0 6 7 3 0 34 21 2 0.0575995709088 1 6 
101 39 2.0 9 2 0 0 14 1 3 0.0162796692473 1 0 
101 39 2.0 8 1 0 0 6 1 3 0.111021690821 1 0 
101 39 2.0 11 8 3 0 17 7 3 0.00541060939679 1 3 
101 39 2.0 10 2 0 0 14 1 3 0.0159931031848 1 0 
101 39 2.0 13 2 3 0 22 25 3 3.01150740282e-56 1 4 
101 39 2.0 12 6 1 0 22 24 3 1.32164787805e-25 2 2 
101 39 2.0 15 1 1 0 18 2 3 7.35220628603e-53 2 0 
101 39 2.0 14 1 1 0 18 2 3 4.919960188e-53 2 0 
101 39 2.0 17 1 0 0 12 1 3 4.91353938201e-51 1 0 
101 39 2.0 16 1 0 0 12 1 3 4.85654349209e-51 1 0 
101 39 2.0 19 6 1 0 22 24 3 6.13981363868e-25 2 2 
101 40 0.0 18 6 1 0 22 24 3 5.61998865696e-79 2 2 
101 40 0.0 20 4 0 0 18 23 3 6.4797669938e-79 1 2 
101 40 0.0 21 8 0 0 24 25 4 1.99685724578e-77 5 0 
101 40 0.0 22 8 1 0 34 34 3 1.51609852542e-76 6 0 
101 40 0.0 1 9 1 0 2 4 1 0.191994881862 0 2 
101 40 0.0 3 9 1 0 11 7 2 0.149424650289 1 3 
101 40 0.0 2 6 0 0 4 4 1 0.178090989302 0 2 
101 40 0.0 5 0 0 0 4 1 2 0.0765683726923 1 0 
101 40 0.0 4 22 4 0 51 16 2 3.6798254141e-05 2 7 
101 40 0.0 7 1 0 0 6 1 3 1.44145000275e-09 1 0 
101 40 0.0 6 7 3 0 34 21 2 0.0665685108668 1 6 
101 40 0.0 9 2 0 0 14 1 3 8.95114507765e-78 1 0 
101 40 0.0 8 1 0 0 6 1 3 8.06940097203e-10 1 0 
101 40 0.0 11 8 3 0 17 7 3 2.18006308415e-80 1 3 
101 40 0.0 10 2 0 0 14 1 3 5.8976643236e-78 1 0 
101 40 0.0 13 2 3 0 22 25 3 1.51224009294e-71 1 4 
101 40 0.0 12 6 1 0 22 24 3 1.14461259672e-78 2 2 
101 40 0.0 15 1 1 0 18 2 3 1.53117009957e-73 2 0 
101 40 0.0 14 1 1 0 18 2 3 6.58418088282e-73 2 0 
101 40 0.0 17 1 0 0 12 1 3 4.82673814647e-69 1 0 
101 40 0.0 16 1 0 0 12 1 3 1.61001251259e-68 1 0 
101 40 0.0 19 6 1 0 22 24 3 4.59815442871e-79 2 2 
101 40 2.0 18 6 1 0 22 24 3 9.02387475264e-25 2 2 
101 40 2.0 20 4 0 0 18 23 3 0.0423945976296 1 2 
101 40 2.0 21 8 0 0 24 25 4 3.32811445911e-45 5 0 
101 40 2.0 22 8 1 0 34 34 3 4.41339522511e-52 6 0 
101 40 2.0 1 9 1 0 2 4 1 0.383759531051 0 2 
101 40 2.0 3 9 1 0 11 7 2 0.0643744621259 1 3 
101 40 2.0 2 6 0 0 4 4 1 0.112421896453 0 2 
101 40 2.0 5 0 0 0 4 1 2 0.0856675147489 1 0 
101 40 2.0 4 22 4 0 51 16 2 0.137057935976 2 7 
101 40 2.0 7 1 0 0 6 1 3 0.0480106515923 1 0 
101 40 2.0 6 7 3 0 34 21 2 0.0779154637377 1 6 
101 40 2.0 9 2 0 0 14 1 3 0.0891720366424 1 0 
101 40 2.0 8 1 0 0 6 1 3 0.0479995308757 1 0 
101 40 2.0 11 8 3 0 17 7 3 0.0137367824905 1 3 
101 40 2.0 10 2 0 0 14 1 3 0.0895798510737 1 0 
101 40 2.0 13 2 3 0 22 25 3 1.3487558904e-44 1 4 
101 40 2.0 12 6 1 0 22 24 3 3.27708009357e-24 2 2 
101 40 2.0 15 1 1 0 18 2 3 8.70672134613e-48 2 0 
101 40 2.0 14 1 1 0 18 2 3 3.01820116328e-48 2 0 
101 40 2.0 17 1 0 0 12 1 3 2.68886554944e-41 1 0 
101 40 2.0 16 1 0 0 12 1 3 1.37461755774e-41 1 0 
101 40 2.0 19 6 1 0 22 24 3 2.00352651944e-24 2 2 
