105 1 0.0 6 11 13 0 46 48 2 5.32054502035e-22 4 4 
105 1 0.0 14 23 12 0 14 25 3 7.85770913965e-53 7 0 
105 1 0.0 1 14 20 0 60 34 1 0.168076841403 0 10 
105 1 0.0 9 10 10 0 45 40 2 1.26824648802e-21 4 3 
105 1 0.0 3 14 10 0 36 35 2 0.00645719934265 1 6 
105 1 0.0 7 5 4 0 35 38 2 0.308335526523 2 3 
105 1 0.0 2 17 4 0 41 50 1 0.268034366196 0 7 
105 1 0.0 11 14 30 0 31 46 2 5.11304412952e-47 8 3 
105 1 0.0 10 8 3 0 54 40 2 1.19136989701e-21 4 2 
105 1 0.0 8 7 7 0 46 34 2 1.88045844788e-21 4 2 
105 1 0.0 4 11 8 0 29 33 2 0.00977133901899 1 5 
105 1 0.0 13 28 15 0 17 48 3 2.22477763807e-56 8 1 
105 1 0.0 12 16 18 0 22 30 2 7.44199622812e-37 6 2 
105 1 0.0 5 8 11 0 40 45 2 4.81961281372e-09 3 4 
105 1 2.0 6 11 13 0 46 48 2 1.77995340268e-17 4 4 
105 1 2.0 14 23 12 0 14 25 3 8.50874855906e-19 7 0 
105 1 2.0 1 14 20 0 60 34 1 0.108611210463 0 10 
105 1 2.0 9 10 10 0 45 40 2 3.45428410279e-17 4 3 
105 1 2.0 3 14 10 0 36 35 2 0.00165279296968 1 6 
105 1 2.0 7 5 4 0 35 38 2 0.393408055317 2 3 
105 1 2.0 2 17 4 0 41 50 1 0.190604755444 0 7 
105 1 2.0 11 14 30 0 31 46 2 1.35016408359e-39 8 3 
105 1 2.0 10 8 3 0 54 40 2 3.9187188481e-17 4 2 
105 1 2.0 8 7 7 0 46 34 2 2.64094487729e-16 4 2 
105 1 2.0 4 11 8 0 29 33 2 0.0128171875883 1 5 
105 1 2.0 13 28 15 0 17 48 3 1.28353861835e-23 8 1 
105 1 2.0 12 16 18 0 22 30 2 3.40032495357e-21 6 2 
105 1 2.0 5 8 11 0 40 45 2 7.22821396711e-06 3 4 
105 2 0.0 6 11 13 0 46 48 2 8.5017508752e-22 4 4 
105 2 0.0 14 23 12 0 14 25 3 2.26889818793e-53 7 0 
105 2 0.0 1 14 20 0 60 34 1 0.168074618523 0 10 
105 2 0.0 9 10 10 0 45 40 2 1.33868773374e-21 4 3 
105 2 0.0 3 14 10 0 36 35 2 0.00649005400263 1 6 
105 2 0.0 7 5 4 0 35 38 2 0.308334560899 2 3 
105 2 0.0 2 17 4 0 41 50 1 0.268036253454 0 7 
105 2 0.0 11 14 30 0 31 46 2 3.8741493491e-46 8 3 
105 2 0.0 10 8 3 0 54 40 2 1.84500337484e-21 4 2 
105 2 0.0 8 7 7 0 46 34 2 2.93881033015e-21 4 2 
105 2 0.0 4 11 8 0 29 33 2 0.00973891471013 1 5 
105 2 0.0 13 28 15 0 17 48 3 3.59428492862e-56 8 1 
105 2 0.0 12 16 18 0 22 30 2 1.41517623925e-36 6 2 
105 2 0.0 5 8 11 0 40 45 2 9.39344013663e-09 3 4 
105 2 2.0 6 11 13 0 46 48 2 2.67840043505e-17 4 4 
105 2 2.0 14 23 12 0 14 25 3 4.91503829277e-19 7 0 
105 2 2.0 1 14 20 0 60 34 1 0.10848391035 0 10 
105 2 2.0 9 10 10 0 45 40 2 9.92621527197e-17 4 3 
105 2 2.0 3 14 10 0 36 35 2 0.00250418900559 1 6 
105 2 2.0 7 5 4 0 35 38 2 0.393332637534 2 3 
105 2 2.0 2 17 4 0 41 50 1 0.190715684232 0 7 
105 2 2.0 11 14 30 0 31 46 2 4.12307395919e-39 8 3 
105 2 2.0 10 8 3 0 54 40 2 2.08306017872e-17 4 2 
105 2 2.0 8 7 7 0 46 34 2 1.80837653384e-16 4 2 
105 2 2.0 4 11 8 0 29 33 2 0.011990956288 1 5 
105 2 2.0 13 28 15 0 17 48 3 3.27468325585e-23 8 1 
105 2 2.0 12 16 18 0 22 30 2 4.15260007242e-21 6 2 
105 2 2.0 5 8 11 0 40 45 2 7.29243478181e-06 3 4 
105 3 0.0 6 11 13 0 46 48 2 1.40820568641e-22 4 4 
105 3 0.0 14 23 12 0 14 25 3 7.17348403152e-53 7 0 
105 3 0.0 1 14 20 0 60 34 1 0.168038781383 0 10 
105 3 0.0 9 10 10 0 45 40 2 1.73866142025e-21 4 3 
105 3 0.0 3 14 10 0 36 35 2 0.00716461651852 1 6 
105 3 0.0 7 5 4 0 35 38 2 0.308318207607 2 3 
105 3 0.0 2 17 4 0 41 50 1 0.268067080493 0 7 
105 3 0.0 11 14 30 0 31 46 2 7.24182539168e-47 8 3 
105 3 0.0 10 8 3 0 54 40 2 2.80896856407e-21 4 2 
105 3 0.0 8 7 7 0 46 34 2 1.38435864003e-21 4 2 
105 3 0.0 4 11 8 0 29 33 2 0.00907124466949 1 5 
105 3 0.0 13 28 15 0 17 48 3 2.90561674667e-56 8 1 
105 3 0.0 12 16 18 0 22 30 2 2.01252811381e-36 6 2 
105 3 0.0 5 8 11 0 40 45 2 5.22005655554e-09 3 4 
105 3 2.0 6 11 13 0 46 48 2 8.61518090913e-18 4 4 
105 3 2.0 14 23 12 0 14 25 3 3.02185726987e-19 7 0 
105 3 2.0 1 14 20 0 60 34 1 0.108603938392 0 10 
105 3 2.0 9 10 10 0 45 40 2 1.49197932567e-16 4 3 
105 3 2.0 3 14 10 0 36 35 2 0.00169874274691 1 6 
105 3 2.0 7 5 4 0 35 38 2 0.393400765626 2 3 
105 3 2.0 2 17 4 0 41 50 1 0.19061056408 0 7 
105 3 2.0 11 14 30 0 31 46 2 1.4458097988e-38 8 3 
105 3 2.0 10 8 3 0 54 40 2 8.3912592079e-17 4 2 
105 3 2.0 8 7 7 0 46 34 2 2.50055358384e-16 4 2 
105 3 2.0 4 11 8 0 29 33 2 0.0127726199882 1 5 
105 3 2.0 13 28 15 0 17 48 3 1.61379589708e-23 8 1 
105 3 2.0 12 16 18 0 22 30 2 4.88203035818e-21 6 2 
105 3 2.0 5 8 11 0 40 45 2 9.58087855067e-06 3 4 
105 4 0.0 6 11 13 0 46 48 2 3.55825875519e-22 4 4 
105 4 0.0 14 23 12 0 14 25 3 3.7221968291e-53 7 0 
105 4 0.0 1 14 20 0 60 34 1 0.168291464804 0 10 
105 4 0.0 9 10 10 0 45 40 2 8.79400735955e-22 4 3 
105 4 0.0 3 14 10 0 36 35 2 0.0044714931302 1 6 
105 4 0.0 7 5 4 0 35 38 2 0.308433409107 2 3 
105 4 0.0 2 17 4 0 41 50 1 0.267850694078 0 7 
105 4 0.0 11 14 30 0 31 46 2 4.66905256934e-47 8 3 
105 4 0.0 10 8 3 0 54 40 2 1.89476827609e-21 4 2 
105 4 0.0 8 7 7 0 46 34 2 2.48175696403e-21 4 2 
105 4 0.0 4 11 8 0 29 33 2 0.0117151668074 1 5 
105 4 0.0 13 28 15 0 17 48 3 5.53415260806e-56 8 1 
105 4 0.0 12 16 18 0 22 30 2 1.29923816348e-36 6 2 
105 4 0.0 5 8 11 0 40 45 2 6.52299769387e-10 3 4 
105 4 2.0 6 11 13 0 46 48 2 2.13736789415e-17 4 4 
105 4 2.0 14 23 12 0 14 25 3 5.21959096599e-19 7 0 
105 4 2.0 1 14 20 0 60 34 1 0.108604860801 0 10 
105 4 2.0 9 10 10 0 45 40 2 2.03134410274e-16 4 3 
105 4 2.0 3 14 10 0 36 35 2 0.00169116672897 1 6 
105 4 2.0 7 5 4 0 35 38 2 0.393406905254 2 3 
105 4 2.0 2 17 4 0 41 50 1 0.190610643509 0 7 
105 4 2.0 11 14 30 0 31 46 2 6.99268477415e-39 8 3 
105 4 2.0 10 8 3 0 54 40 2 2.21440375643e-17 4 2 
105 4 2.0 8 7 7 0 46 34 2 2.01005814389e-16 4 2 
105 4 2.0 4 11 8 0 29 33 2 0.0127801421783 1 5 
105 4 2.0 13 28 15 0 17 48 3 6.44595818444e-24 8 1 
105 4 2.0 12 16 18 0 22 30 2 2.68969307064e-21 6 2 
105 4 2.0 5 8 11 0 40 45 2 4.9251386248e-06 3 4 
105 5 0.0 6 11 13 0 46 48 2 1.61791144881e-21 4 4 
105 5 0.0 14 23 12 0 14 25 3 5.29055068085e-53 7 0 
105 5 0.0 1 14 20 0 60 34 1 0.16841474819 0 10 
105 5 0.0 9 10 10 0 45 40 2 2.85381175511e-21 4 3 
105 5 0.0 3 14 10 0 36 35 2 0.00371188921569 1 6 
105 5 0.0 7 5 4 0 35 38 2 0.308489987441 2 3 
105 5 0.0 2 17 4 0 41 50 1 0.2677456429 0 7 
105 5 0.0 11 14 30 0 31 46 2 4.48778037393e-46 8 3 
105 5 0.0 10 8 3 0 54 40 2 1.69252697266e-21 4 2 
105 5 0.0 8 7 7 0 46 34 2 5.19336387224e-21 4 2 
105 5 0.0 4 11 8 0 29 33 2 0.0124502713047 1 5 
105 5 0.0 13 28 15 0 17 48 3 2.47717743477e-56 8 1 
105 5 0.0 12 16 18 0 22 30 2 5.11166857194e-37 6 2 
105 5 0.0 5 8 11 0 40 45 2 1.27534084428e-09 3 4 
105 5 2.0 6 11 13 0 46 48 2 2.16306126015e-18 4 4 
105 5 2.0 14 23 12 0 14 25 3 1.39842357302e-18 7 0 
105 5 2.0 1 14 20 0 60 34 1 0.108272593104 0 10 
105 5 2.0 9 10 10 0 45 40 2 8.37372414048e-17 4 3 
105 5 2.0 3 14 10 0 36 35 2 0.00441241709187 1 6 
105 5 2.0 7 5 4 0 35 38 2 0.393206257929 2 3 
105 5 2.0 2 17 4 0 41 50 1 0.190900544738 0 7 
105 5 2.0 11 14 30 0 31 46 2 1.67490434287e-39 8 3 
105 5 2.0 10 8 3 0 54 40 2 7.42066123206e-18 4 2 
105 5 2.0 8 7 7 0 46 34 2 1.01612121643e-16 4 2 
105 5 2.0 4 11 8 0 29 33 2 0.0101225647357 1 5 
105 5 2.0 13 28 15 0 17 48 3 2.13056798495e-23 8 1 
105 5 2.0 12 16 18 0 22 30 2 1.9358342345e-21 6 2 
105 5 2.0 5 8 11 0 40 45 2 9.99490888594e-06 3 4 
105 6 0.0 6 11 13 0 46 48 2 9.78629434158e-22 4 4 
105 6 0.0 14 23 12 0 14 25 3 3.64284712458e-53 7 0 
105 6 0.0 1 14 20 0 60 34 1 0.168077905503 0 10 
105 6 0.0 9 10 10 0 45 40 2 1.33290752974e-21 4 3 
105 6 0.0 3 14 10 0 36 35 2 0.00644151262508 1 6 
105 6 0.0 7 5 4 0 35 38 2 0.308335994909 2 3 
105 6 0.0 2 17 4 0 41 50 1 0.268033432592 0 7 
105 6 0.0 11 14 30 0 31 46 2 9.63440134962e-47 8 3 
105 6 0.0 10 8 3 0 54 40 2 3.42084422825e-22 4 2 
105 6 0.0 8 7 7 0 46 34 2 4.89699314999e-21 4 2 
105 6 0.0 4 11 8 0 29 33 2 0.00978681739303 1 5 
105 6 0.0 13 28 15 0 17 48 3 1.50137754974e-56 8 1 
105 6 0.0 12 16 18 0 22 30 2 1.93361006769e-36 6 2 
105 6 0.0 5 8 11 0 40 45 2 2.44197259475e-09 3 4 
105 6 2.0 6 11 13 0 46 48 2 1.57561611968e-17 4 4 
105 6 2.0 14 23 12 0 14 25 3 6.27089937668e-19 7 0 
105 6 2.0 1 14 20 0 60 34 1 0.108629977615 0 10 
105 6 2.0 9 10 10 0 45 40 2 1.30936954038e-16 4 3 
105 6 2.0 3 14 10 0 36 35 2 0.00153887638646 1 6 
105 6 2.0 7 5 4 0 35 38 2 0.393416230989 2 3 
105 6 2.0 2 17 4 0 41 50 1 0.190587915925 0 7 
105 6 2.0 11 14 30 0 31 46 2 1.03766257998e-38 8 3 
105 6 2.0 10 8 3 0 54 40 2 2.68098464826e-17 4 2 
105 6 2.0 8 7 7 0 46 34 2 2.25168838303e-16 4 2 
105 6 2.0 4 11 8 0 29 33 2 0.0129272575097 1 5 
105 6 2.0 13 28 15 0 17 48 3 3.0798474848e-23 8 1 
105 6 2.0 12 16 18 0 22 30 2 3.38631203547e-21 6 2 
105 6 2.0 5 8 11 0 40 45 2 9.85056696818e-06 3 4 
105 7 0.0 6 11 13 0 46 48 2 1.67549953018e-21 4 4 
105 7 0.0 14 23 12 0 14 25 3 2.02021912999e-53 7 0 
105 7 0.0 1 14 20 0 60 34 1 0.168092579395 0 10 
105 7 0.0 9 10 10 0 45 40 2 2.95711042667e-21 4 3 
105 7 0.0 3 14 10 0 36 35 2 0.00624034710754 1 6 
105 7 0.0 7 5 4 0 35 38 2 0.3083426896 2 3 
105 7 0.0 2 17 4 0 41 50 1 0.268020842986 0 7 
105 7 0.0 11 14 30 0 31 46 2 9.71809815769e-47 8 3 
105 7 0.0 10 8 3 0 54 40 2 6.32907247025e-22 4 2 
105 7 0.0 8 7 7 0 46 34 2 8.34079275931e-21 4 2 
105 7 0.0 4 11 8 0 29 33 2 0.00998515288325 1 5 
105 7 0.0 13 28 15 0 17 48 3 1.03112491936e-56 8 1 
105 7 0.0 12 16 18 0 22 30 2 3.6787671892e-36 6 2 
105 7 0.0 5 8 11 0 40 45 2 2.59243419486e-09 3 4 
105 7 2.0 6 11 13 0 46 48 2 6.55524615098e-18 4 4 
105 7 2.0 14 23 12 0 14 25 3 5.60032822975e-19 7 0 
105 7 2.0 1 14 20 0 60 34 1 0.108659112942 0 10 
105 7 2.0 9 10 10 0 45 40 2 1.77650529309e-16 4 3 
105 7 2.0 3 14 10 0 36 35 2 0.00136287949574 1 6 
105 7 2.0 7 5 4 0 35 38 2 0.39343925054 2 3 
105 7 2.0 2 17 4 0 41 50 1 0.190563493516 0 7 
105 7 2.0 11 14 30 0 31 46 2 1.68420133692e-39 8 3 
105 7 2.0 10 8 3 0 54 40 2 3.35085848829e-17 4 2 
105 7 2.0 8 7 7 0 46 34 2 2.54261911821e-16 4 2 
105 7 2.0 4 11 8 0 29 33 2 0.0130974996614 1 5 
105 7 2.0 13 28 15 0 17 48 3 1.53174596788e-23 8 1 
105 7 2.0 12 16 18 0 22 30 2 1.81215570268e-21 6 2 
105 7 2.0 5 8 11 0 40 45 2 5.03240479773e-06 3 4 
105 8 0.0 6 11 13 0 46 48 2 1.12577073855e-21 4 4 
105 8 0.0 14 23 12 0 14 25 3 3.84998163168e-53 7 0 
105 8 0.0 1 14 20 0 60 34 1 0.168201246213 0 10 
105 8 0.0 9 10 10 0 45 40 2 4.56473631131e-21 4 3 
105 8 0.0 3 14 10 0 36 35 2 0.00514344433339 1 6 
105 8 0.0 7 5 4 0 35 38 2 0.308392171099 2 3 
105 8 0.0 2 17 4 0 41 50 1 0.267927774345 0 7 
105 8 0.0 11 14 30 0 31 46 2 4.30239161732e-46 8 3 
105 8 0.0 10 8 3 0 54 40 2 4.01137828583e-21 4 2 
105 8 0.0 8 7 7 0 46 34 2 8.52504044672e-21 4 2 
105 8 0.0 4 11 8 0 29 33 2 0.0110609403321 1 5 
105 8 0.0 13 28 15 0 17 48 3 1.30728364501e-56 8 1 
105 8 0.0 12 16 18 0 22 30 2 1.39219668645e-36 6 2 
105 8 0.0 5 8 11 0 40 45 2 6.99881305895e-09 3 4 
105 8 2.0 6 11 13 0 46 48 2 3.07462476217e-17 4 4 
105 8 2.0 14 23 12 0 14 25 3 5.13623342747e-19 7 0 
105 8 2.0 1 14 20 0 60 34 1 0.108656012167 0 10 
105 8 2.0 9 10 10 0 45 40 2 1.3142945114e-16 4 3 
105 8 2.0 3 14 10 0 36 35 2 0.00138217066322 1 6 
105 8 2.0 7 5 4 0 35 38 2 0.393434240519 2 3 
105 8 2.0 2 17 4 0 41 50 1 0.190565700148 0 7 
105 8 2.0 11 14 30 0 31 46 2 6.46588528453e-39 8 3 
105 8 2.0 10 8 3 0 54 40 2 1.03751054082e-16 4 2 
105 8 2.0 8 7 7 0 46 34 2 3.42492215273e-16 4 2 
105 8 2.0 4 11 8 0 29 33 2 0.0130787591637 1 5 
105 8 2.0 13 28 15 0 17 48 3 2.18225376136e-23 8 1 
105 8 2.0 12 16 18 0 22 30 2 2.24064467976e-21 6 2 
105 8 2.0 5 8 11 0 40 45 2 7.69689244163e-06 3 4 
105 9 0.0 6 11 13 0 46 48 2 1.65318662033e-22 4 4 
105 9 0.0 14 23 12 0 14 25 3 2.16932058171e-53 7 0 
105 9 0.0 1 14 20 0 60 34 1 0.168377323009 0 10 
105 9 0.0 9 10 10 0 45 40 2 1.57915161614e-21 4 3 
105 9 0.0 3 14 10 0 36 35 2 0.00392852317134 1 6 
105 9 0.0 7 5 4 0 35 38 2 0.308472857523 2 3 
105 9 0.0 2 17 4 0 41 50 1 0.267777523536 0 7 
105 9 0.0 11 14 30 0 31 46 2 2.37137817719e-46 8 3 
105 9 0.0 10 8 3 0 54 40 2 1.34533717565e-21 4 2 
105 9 0.0 8 7 7 0 46 34 2 1.86881600149e-21 4 2 
105 9 0.0 4 11 8 0 29 33 2 0.012241116402 1 5 
105 9 0.0 13 28 15 0 17 48 3 3.89599088494e-56 8 1 
105 9 0.0 12 16 18 0 22 30 2 9.01584487169e-37 6 2 
105 9 0.0 5 8 11 0 40 45 2 3.42906425336e-09 3 4 
105 9 2.0 6 11 13 0 46 48 2 2.83853511886e-18 4 4 
105 9 2.0 14 23 12 0 14 25 3 4.70228201314e-19 7 0 
105 9 2.0 1 14 20 0 60 34 1 0.108310807823 0 10 
105 9 2.0 9 10 10 0 45 40 2 1.64261643596e-16 4 3 
105 9 2.0 3 14 10 0 36 35 2 0.00398749429316 1 6 
105 9 2.0 7 5 4 0 35 38 2 0.393224010136 2 3 
105 9 2.0 2 17 4 0 41 50 1 0.190866331802 0 7 
105 9 2.0 11 14 30 0 31 46 2 6.37696638294e-39 8 3 
105 9 2.0 10 8 3 0 54 40 2 6.97250938305e-17 4 2 
105 9 2.0 8 7 7 0 46 34 2 3.2154950139e-16 4 2 
105 9 2.0 4 11 8 0 29 33 2 0.010540292791 1 5 
105 9 2.0 13 28 15 0 17 48 3 9.05471246219e-24 8 1 
105 9 2.0 12 16 18 0 22 30 2 1.96156550526e-21 6 2 
105 9 2.0 5 8 11 0 40 45 2 1.3559992631e-05 3 4 
105 10 0.0 6 11 13 0 46 48 2 1.66474008217e-22 4 4 
105 10 0.0 14 23 12 0 14 25 3 6.45410444354e-53 7 0 
105 10 0.0 1 14 20 0 60 34 1 0.168738962015 0 10 
105 10 0.0 9 10 10 0 45 40 2 3.19124954149e-21 4 3 
105 10 0.0 3 14 10 0 36 35 2 0.00214459175131 1 6 
105 10 0.0 7 5 4 0 35 38 2 0.30864043501 2 3 
105 10 0.0 2 17 4 0 41 50 1 0.267471038948 0 7 
105 10 0.0 11 14 30 0 31 46 2 1.81122058487e-46 8 3 
105 10 0.0 10 8 3 0 54 40 2 2.01020231155e-21 4 2 
105 10 0.0 8 7 7 0 46 34 2 5.10633843109e-22 4 2 
105 10 0.0 4 11 8 0 29 33 2 0.0139516700736 1 5 
105 10 0.0 13 28 15 0 17 48 3 2.05113653116e-56 8 1 
105 10 0.0 12 16 18 0 22 30 2 1.45806246289e-36 6 2 
105 10 0.0 5 8 11 0 40 45 2 2.18339183449e-09 3 4 
105 10 2.0 6 11 13 0 46 48 2 1.46215725729e-17 4 4 
105 10 2.0 14 23 12 0 14 25 3 1.6259017282e-18 7 0 
105 10 2.0 1 14 20 0 60 34 1 0.108632612089 0 10 
105 10 2.0 9 10 10 0 45 40 2 3.81764256516e-17 4 3 
105 10 2.0 3 14 10 0 36 35 2 0.00152198623125 1 6 
105 10 2.0 7 5 4 0 35 38 2 0.393422546373 2 3 
105 10 2.0 2 17 4 0 41 50 1 0.190586312465 0 7 
105 10 2.0 11 14 30 0 31 46 2 1.12181804787e-39 8 3 
105 10 2.0 10 8 3 0 54 40 2 2.89967279638e-17 4 2 
105 10 2.0 8 7 7 0 46 34 2 2.91375543929e-17 4 2 
105 10 2.0 4 11 8 0 29 33 2 0.0129437930264 1 5 
105 10 2.0 13 28 15 0 17 48 3 6.67666557375e-24 8 1 
105 10 2.0 12 16 18 0 22 30 2 1.03877797365e-20 6 2 
105 10 2.0 5 8 11 0 40 45 2 5.75027179407e-06 3 4 
105 11 0.0 6 11 13 0 46 48 2 4.27226729422e-22 4 4 
105 11 0.0 14 23 12 0 14 25 3 4.89905259796e-53 7 0 
105 11 0.0 1 14 20 0 60 34 1 0.168054164585 0 10 
105 11 0.0 9 10 10 0 45 40 2 1.52853874676e-21 4 3 
105 11 0.0 3 14 10 0 36 35 2 0.00683145856036 1 6 
105 11 0.0 7 5 4 0 35 38 2 0.308325252751 2 3 
105 11 0.0 2 17 4 0 41 50 1 0.268053848526 0 7 
105 11 0.0 11 14 30 0 31 46 2 1.20889054288e-46 8 3 
105 11 0.0 10 8 3 0 54 40 2 6.05766851422e-22 4 2 
105 11 0.0 8 7 7 0 46 34 2 2.63261587281e-21 4 2 
105 11 0.0 4 11 8 0 29 33 2 0.00940145001662 1 5 
105 11 0.0 13 28 15 0 17 48 3 2.58859187798e-56 8 1 
105 11 0.0 12 16 18 0 22 30 2 5.7775280781e-37 6 2 
105 11 0.0 5 8 11 0 40 45 2 4.00265555139e-09 3 4 
105 11 2.0 6 11 13 0 46 48 2 5.09006127477e-18 4 4 
105 11 2.0 14 23 12 0 14 25 3 9.56248161389e-19 7 0 
105 11 2.0 1 14 20 0 60 34 1 0.108730741059 0 10 
105 11 2.0 9 10 10 0 45 40 2 6.79442065518e-17 4 3 
105 11 2.0 3 14 10 0 36 35 2 0.000954818288472 1 6 
105 11 2.0 7 5 4 0 35 38 2 0.393476855173 2 3 
105 11 2.0 2 17 4 0 41 50 1 0.190500430129 0 7 
105 11 2.0 11 14 30 0 31 46 2 1.18578779609e-39 8 3 
105 11 2.0 10 8 3 0 54 40 2 1.857939853e-17 4 2 
105 11 2.0 8 7 7 0 46 34 2 1.58696809416e-16 4 2 
105 11 2.0 4 11 8 0 29 33 2 0.0134904555682 1 5 
105 11 2.0 13 28 15 0 17 48 3 3.06819314907e-23 8 1 
105 11 2.0 12 16 18 0 22 30 2 2.66020734845e-21 6 2 
105 11 2.0 5 8 11 0 40 45 2 9.97299188636e-06 3 4 
105 12 0.0 6 11 13 0 46 48 2 9.83131431198e-22 4 4 
105 12 0.0 14 23 12 0 14 25 3 3.95811535748e-53 7 0 
105 12 0.0 1 14 20 0 60 34 1 0.168226121504 0 10 
105 12 0.0 9 10 10 0 45 40 2 2.37278678399e-21 4 3 
105 12 0.0 3 14 10 0 36 35 2 0.00494436499835 1 6 
105 12 0.0 7 5 4 0 35 38 2 0.308403420431 2 3 
105 12 0.0 2 17 4 0 41 50 1 0.267906533196 0 7 
105 12 0.0 11 14 30 0 31 46 2 8.85696795749e-47 8 3 
105 12 0.0 10 8 3 0 54 40 2 8.01786512695e-22 4 2 
105 12 0.0 8 7 7 0 46 34 2 3.82208550705e-21 4 2 
105 12 0.0 4 11 8 0 29 33 2 0.0112551441472 1 5 
105 12 0.0 13 28 15 0 17 48 3 3.82643127348e-56 8 1 
105 12 0.0 12 16 18 0 22 30 2 8.48723059785e-37 6 2 
105 12 0.0 5 8 11 0 40 45 2 2.68833275362e-09 3 4 
105 12 2.0 6 11 13 0 46 48 2 1.26639505319e-17 4 4 
105 12 2.0 14 23 12 0 14 25 3 4.33973230083e-19 7 0 
105 12 2.0 1 14 20 0 60 34 1 0.10815274765 0 10 
105 12 2.0 9 10 10 0 45 40 2 1.78956804016e-16 4 3 
105 12 2.0 3 14 10 0 36 35 2 0.0069337117187 1 6 
105 12 2.0 7 5 4 0 35 38 2 0.393144459738 2 3 
105 12 2.0 2 17 4 0 41 50 1 0.191007417332 0 7 
105 12 2.0 11 14 30 0 31 46 2 3.20889090172e-39 8 3 
105 12 2.0 10 8 3 0 54 40 2 5.45915884156e-17 4 2 
105 12 2.0 8 7 7 0 46 34 2 3.70492321687e-16 4 2 
105 12 2.0 4 11 8 0 29 33 2 0.00762310572935 1 5 
105 12 2.0 13 28 15 0 17 48 3 7.66866249233e-24 8 1 
105 12 2.0 12 16 18 0 22 30 2 2.13930829369e-21 6 2 
105 12 2.0 5 8 11 0 40 45 2 4.12167491091e-06 3 4 
105 13 0.0 6 11 13 0 46 48 2 6.49652788138e-22 4 4 
105 13 0.0 14 23 12 0 14 25 3 1.17558325771e-53 7 0 
105 13 0.0 1 14 20 0 60 34 1 0.168022583717 0 10 
105 13 0.0 9 10 10 0 45 40 2 1.48662836971e-21 4 3 
105 13 0.0 3 14 10 0 36 35 2 0.00847777401433 1 6 
105 13 0.0 7 5 4 0 35 38 2 0.308310966589 2 3 
105 13 0.0 2 17 4 0 41 50 1 0.268080930471 0 7 
105 13 0.0 11 14 30 0 31 46 2 1.57439843811e-46 8 3 
105 13 0.0 10 8 3 0 54 40 2 1.13359801645e-21 4 2 
105 13 0.0 8 7 7 0 46 34 2 4.56444421675e-21 4 2 
105 13 0.0 4 11 8 0 29 33 2 0.00776119694699 1 5 
105 13 0.0 13 28 15 0 17 48 3 2.75044371756e-56 8 1 
105 13 0.0 12 16 18 0 22 30 2 3.49140679664e-36 6 2 
105 13 0.0 5 8 11 0 40 45 2 1.64087407578e-08 3 4 
105 13 2.0 6 11 13 0 46 48 2 2.06984347723e-17 4 4 
105 13 2.0 14 23 12 0 14 25 3 1.04655832977e-18 7 0 
105 13 2.0 1 14 20 0 60 34 1 0.10817497543 0 10 
105 13 2.0 9 10 10 0 45 40 2 7.89384115125e-17 4 3 
105 13 2.0 3 14 10 0 36 35 2 0.00607733111226 1 6 
105 13 2.0 7 5 4 0 35 38 2 0.393140631083 2 3 
105 13 2.0 2 17 4 0 41 50 1 0.190985033251 0 7 
105 13 2.0 11 14 30 0 31 46 2 3.42447239399e-39 8 3 
105 13 2.0 10 8 3 0 54 40 2 5.22244732459e-17 4 2 
105 13 2.0 8 7 7 0 46 34 2 1.47096335819e-16 4 2 
105 13 2.0 4 11 8 0 29 33 2 0.00847490935422 1 5 
105 13 2.0 13 28 15 0 17 48 3 1.08960892574e-23 8 1 
105 13 2.0 12 16 18 0 22 30 2 1.2713349429e-21 6 2 
105 13 2.0 5 8 11 0 40 45 2 1.81686409693e-05 3 4 
105 14 0.0 6 11 13 0 46 48 2 1.13700166088e-21 4 4 
105 14 0.0 14 23 12 0 14 25 3 3.35008404433e-53 7 0 
105 14 0.0 1 14 20 0 60 34 1 0.168276031098 0 10 
105 14 0.0 9 10 10 0 45 40 2 4.12293636206e-21 4 3 
105 14 0.0 3 14 10 0 36 35 2 0.00457767738223 1 6 
105 14 0.0 7 5 4 0 35 38 2 0.308426370954 2 3 
105 14 0.0 2 17 4 0 41 50 1 0.267863876327 0 7 
105 14 0.0 11 14 30 0 31 46 2 3.9536799653e-47 8 3 
105 14 0.0 10 8 3 0 54 40 2 2.4926911351e-21 4 2 
105 14 0.0 8 7 7 0 46 34 2 4.86588398526e-21 4 2 
105 14 0.0 4 11 8 0 29 33 2 0.0116120296118 1 5 
105 14 0.0 13 28 15 0 17 48 3 1.36726474431e-56 8 1 
105 14 0.0 12 16 18 0 22 30 2 1.51232771037e-36 6 2 
105 14 0.0 5 8 11 0 40 45 2 1.85120216433e-09 3 4 
105 14 2.0 6 11 13 0 46 48 2 9.36018328469e-18 4 4 
105 14 2.0 14 23 12 0 14 25 3 4.71678731183e-19 7 0 
105 14 2.0 1 14 20 0 60 34 1 0.108246772507 0 10 
105 14 2.0 9 10 10 0 45 40 2 1.47420403339e-16 4 3 
105 14 2.0 3 14 10 0 36 35 2 0.00472760050954 1 6 
105 14 2.0 7 5 4 0 35 38 2 0.393195608432 2 3 
105 14 2.0 2 17 4 0 41 50 1 0.190924106837 0 7 
105 14 2.0 11 14 30 0 31 46 2 5.72292060838e-39 8 3 
105 14 2.0 10 8 3 0 54 40 2 1.02848437755e-16 4 2 
105 14 2.0 8 7 7 0 46 34 2 2.99307514381e-16 4 2 
105 14 2.0 4 11 8 0 29 33 2 0.00981218675949 1 5 
105 14 2.0 13 28 15 0 17 48 3 9.30754043632e-24 8 1 
105 14 2.0 12 16 18 0 22 30 2 5.45325394785e-21 6 2 
105 14 2.0 5 8 11 0 40 45 2 6.41521197371e-06 3 4 
105 15 0.0 6 11 13 0 46 48 2 2.88981269345e-22 4 4 
105 15 0.0 14 23 12 0 14 25 3 6.66901607997e-53 7 0 
105 15 0.0 1 14 20 0 60 34 1 0.168111843156 0 10 
105 15 0.0 9 10 10 0 45 40 2 3.44314175035e-22 4 3 
105 15 0.0 3 14 10 0 36 35 2 0.00600510537693 1 6 
105 15 0.0 7 5 4 0 35 38 2 0.308351416054 2 3 
105 15 0.0 2 17 4 0 41 50 1 0.268004384054 0 7 
105 15 0.0 11 14 30 0 31 46 2 1.47442263475e-47 8 3 
105 15 0.0 10 8 3 0 54 40 2 7.75599743028e-22 4 2 
105 15 0.0 8 7 7 0 46 34 2 2.43539506086e-21 4 2 
105 15 0.0 4 11 8 0 29 33 2 0.0102166714614 1 5 
105 15 0.0 13 28 15 0 17 48 3 1.30138512426e-56 8 1 
105 15 0.0 12 16 18 0 22 30 2 1.14900046437e-36 6 2 
105 15 0.0 5 8 11 0 40 45 2 8.52489571377e-10 3 4 
105 15 2.0 6 11 13 0 46 48 2 2.45683010795e-17 4 4 
105 15 2.0 14 23 12 0 14 25 3 1.02088371427e-18 7 0 
105 15 2.0 1 14 20 0 60 34 1 0.108644114016 0 10 
105 15 2.0 9 10 10 0 45 40 2 2.8455277339e-17 4 3 
105 15 2.0 3 14 10 0 36 35 2 0.00145315518899 1 6 
105 15 2.0 7 5 4 0 35 38 2 0.393426674298 2 3 
105 15 2.0 2 17 4 0 41 50 1 0.190575892564 0 7 
105 15 2.0 11 14 30 0 31 46 2 8.81878449576e-39 8 3 
105 15 2.0 10 8 3 0 54 40 2 3.05308826992e-17 4 2 
105 15 2.0 8 7 7 0 46 34 2 1.51083329065e-16 4 2 
105 15 2.0 4 11 8 0 29 33 2 0.0130101685819 1 5 
105 15 2.0 13 28 15 0 17 48 3 1.9116454972e-23 8 1 
105 15 2.0 12 16 18 0 22 30 2 7.91972372844e-22 6 2 
105 15 2.0 5 8 11 0 40 45 2 8.21048576979e-06 3 4 
105 16 0.0 6 11 13 0 46 48 2 7.70495953369e-22 4 4 
105 16 0.0 14 23 12 0 14 25 3 1.39332640402e-53 7 0 
105 16 0.0 1 14 20 0 60 34 1 0.168412196678 0 10 
105 16 0.0 9 10 10 0 45 40 2 5.074469119e-22 4 3 
105 16 0.0 3 14 10 0 36 35 2 0.00372659005478 1 6 
105 16 0.0 7 5 4 0 35 38 2 0.308488930786 2 3 
105 16 0.0 2 17 4 0 41 50 1 0.267747890551 0 7 
105 16 0.0 11 14 30 0 31 46 2 1.16770455661e-46 8 3 
105 16 0.0 10 8 3 0 54 40 2 2.19042527528e-21 4 2 
105 16 0.0 8 7 7 0 46 34 2 3.42849677173e-21 4 2 
105 16 0.0 4 11 8 0 29 33 2 0.0124360968947 1 5 
105 16 0.0 13 28 15 0 17 48 3 7.28425897655e-57 8 1 
105 16 0.0 12 16 18 0 22 30 2 9.52545675309e-37 6 2 
105 16 0.0 5 8 11 0 40 45 2 5.40679685515e-09 3 4 
105 16 2.0 6 11 13 0 46 48 2 1.54449162195e-17 4 4 
105 16 2.0 14 23 12 0 14 25 3 3.6137201969e-19 7 0 
105 16 2.0 1 14 20 0 60 34 1 0.108778615864 0 10 
105 16 2.0 9 10 10 0 45 40 2 1.69037917932e-16 4 3 
105 16 2.0 3 14 10 0 36 35 2 0.000695065495123 1 6 
105 16 2.0 7 5 4 0 35 38 2 0.393508739226 2 3 
105 16 2.0 2 17 4 0 41 50 1 0.190459413571 0 7 
105 16 2.0 11 14 30 0 31 46 2 1.11698026237e-38 8 3 
105 16 2.0 10 8 3 0 54 40 2 8.6523347148e-17 4 2 
105 16 2.0 8 7 7 0 46 34 2 3.86709985144e-16 4 2 
105 16 2.0 4 11 8 0 29 33 2 0.0137406404625 1 5 
105 16 2.0 13 28 15 0 17 48 3 7.45464710104e-24 8 1 
105 16 2.0 12 16 18 0 22 30 2 5.2224547458e-21 6 2 
105 16 2.0 5 8 11 0 40 45 2 6.99744251508e-06 3 4 
105 17 0.0 6 11 13 0 46 48 2 3.28907658713e-21 4 4 
105 17 0.0 14 23 12 0 14 25 3 2.15072599607e-53 7 0 
105 17 0.0 1 14 20 0 60 34 1 0.168116775695 0 10 
105 17 0.0 9 10 10 0 45 40 2 3.38796984731e-21 4 3 
105 17 0.0 3 14 10 0 36 35 2 0.0059483837673 1 6 
105 17 0.0 7 5 4 0 35 38 2 0.308353697879 2 3 
105 17 0.0 2 17 4 0 41 50 1 0.268000066227 0 7 
105 17 0.0 11 14 30 0 31 46 2 3.3111787391e-46 8 3 
105 17 0.0 10 8 3 0 54 40 2 6.34062646646e-21 4 2 
105 17 0.0 8 7 7 0 46 34 2 8.64379264423e-21 4 2 
105 17 0.0 4 11 8 0 29 33 2 0.0102724351339 1 5 
105 17 0.0 13 28 15 0 17 48 3 1.20221897508e-56 8 1 
105 17 0.0 12 16 18 0 22 30 2 1.75899497028e-36 6 2 
105 17 0.0 5 8 11 0 40 45 2 1.28463840616e-08 3 4 
105 17 2.0 6 11 13 0 46 48 2 2.89838599781e-17 4 4 
105 17 2.0 14 23 12 0 14 25 3 4.01062417978e-19 7 0 
105 17 2.0 1 14 20 0 60 34 1 0.108716222196 0 10 
105 17 2.0 9 10 10 0 45 40 2 2.41539126567e-16 4 3 
105 17 2.0 3 14 10 0 36 35 2 0.00103544425647 1 6 
105 17 2.0 7 5 4 0 35 38 2 0.393471800475 2 3 
105 17 2.0 2 17 4 0 41 50 1 0.190513590703 0 7 
105 17 2.0 11 14 30 0 31 46 2 1.88846662545e-39 8 3 
105 17 2.0 10 8 3 0 54 40 2 2.48229722044e-17 4 2 
105 17 2.0 8 7 7 0 46 34 2 1.68171065465e-16 4 2 
105 17 2.0 4 11 8 0 29 33 2 0.013413202452 1 5 
105 17 2.0 13 28 15 0 17 48 3 7.24606448321e-24 8 1 
105 17 2.0 12 16 18 0 22 30 2 1.92953973444e-21 6 2 
105 17 2.0 5 8 11 0 40 45 2 6.40984121251e-06 3 4 
105 18 0.0 6 11 13 0 46 48 2 1.32815196355e-21 4 4 
105 18 0.0 14 23 12 0 14 25 3 1.8080621701e-53 7 0 
105 18 0.0 1 14 20 0 60 34 1 0.168195955305 0 10 
105 18 0.0 9 10 10 0 45 40 2 2.75131900351e-21 4 3 
105 18 0.0 3 14 10 0 36 35 2 0.00518790715938 1 6 
105 18 0.0 7 5 4 0 35 38 2 0.308389784281 2 3 
105 18 0.0 2 17 4 0 41 50 1 0.26793240114 0 7 
105 18 0.0 11 14 30 0 31 46 2 4.30017446417e-46 8 3 
105 18 0.0 10 8 3 0 54 40 2 3.62041195565e-21 4 2 
105 18 0.0 8 7 7 0 46 34 2 6.60684268726e-21 4 2 
105 18 0.0 4 11 8 0 29 33 2 0.0110175220744 1 5 
105 18 0.0 13 28 15 0 17 48 3 1.34877517745e-56 8 1 
105 18 0.0 12 16 18 0 22 30 2 2.68810448075e-37 6 2 
105 18 0.0 5 8 11 0 40 45 2 4.64482952906e-09 3 4 
105 18 2.0 6 11 13 0 46 48 2 5.88696519346e-18 4 4 
105 18 2.0 14 23 12 0 14 25 3 8.61679205449e-19 7 0 
105 18 2.0 1 14 20 0 60 34 1 0.108686395919 0 10 
105 18 2.0 9 10 10 0 45 40 2 5.04045029116e-17 4 3 
105 18 2.0 3 14 10 0 36 35 2 0.00120623535075 1 6 
105 18 2.0 7 5 4 0 35 38 2 0.393451685259 2 3 
105 18 2.0 2 17 4 0 41 50 1 0.190539098176 0 7 
105 18 2.0 11 14 30 0 31 46 2 2.00627896638e-39 8 3 
105 18 2.0 10 8 3 0 54 40 2 3.89525493665e-17 4 2 
105 18 2.0 8 7 7 0 46 34 2 8.54938009463e-17 4 2 
105 18 2.0 4 11 8 0 29 33 2 0.0132482611645 1 5 
105 18 2.0 13 28 15 0 17 48 3 2.02418999312e-23 8 1 
105 18 2.0 12 16 18 0 22 30 2 9.85417819287e-21 6 2 
105 18 2.0 5 8 11 0 40 45 2 8.57720310589e-06 3 4 
105 19 0.0 6 11 13 0 46 48 2 6.64683487474e-22 4 4 
105 19 0.0 14 23 12 0 14 25 3 5.73653820844e-53 7 0 
105 19 0.0 1 14 20 0 60 34 1 0.168220688514 0 10 
105 19 0.0 9 10 10 0 45 40 2 1.56568859375e-21 4 3 
105 19 0.0 3 14 10 0 36 35 2 0.00498684734236 1 6 
105 19 0.0 7 5 4 0 35 38 2 0.308401031263 2 3 
105 19 0.0 2 17 4 0 41 50 1 0.267911170281 0 7 
105 19 0.0 11 14 30 0 31 46 2 1.53240324286e-46 8 3 
105 19 0.0 10 8 3 0 54 40 2 1.76139013829e-21 4 2 
105 19 0.0 8 7 7 0 46 34 2 2.0356353446e-21 4 2 
105 19 0.0 4 11 8 0 29 33 2 0.011213733521 1 5 
105 19 0.0 13 28 15 0 17 48 3 1.22700393232e-56 8 1 
105 19 0.0 12 16 18 0 22 30 2 1.05496514278e-36 6 2 
105 19 0.0 5 8 11 0 40 45 2 5.5427902071e-09 3 4 
105 19 2.0 6 11 13 0 46 48 2 1.20512903897e-17 4 4 
105 19 2.0 14 23 12 0 14 25 3 1.43763147958e-18 7 0 
105 19 2.0 1 14 20 0 60 34 1 0.108182032448 0 10 
105 19 2.0 9 10 10 0 45 40 2 1.3544168542e-16 4 3 
105 19 2.0 3 14 10 0 36 35 2 0.00587856121191 1 6 
105 19 2.0 7 5 4 0 35 38 2 0.393149234509 2 3 
105 19 2.0 2 17 4 0 41 50 1 0.19097949569 0 7 
105 19 2.0 11 14 30 0 31 46 2 1.19209167062e-39 8 3 
105 19 2.0 10 8 3 0 54 40 2 2.72967815246e-17 4 2 
105 19 2.0 8 7 7 0 46 34 2 4.48152794301e-17 4 2 
105 19 2.0 4 11 8 0 29 33 2 0.00867264663396 1 5 
105 19 2.0 13 28 15 0 17 48 3 8.05288316054e-24 8 1 
105 19 2.0 12 16 18 0 22 30 2 1.83426440046e-21 6 2 
105 19 2.0 5 8 11 0 40 45 2 1.4195592896e-05 3 4 
105 20 0.0 6 11 13 0 46 48 2 9.4404512734e-23 4 4 
105 20 0.0 14 23 12 0 14 25 3 4.73775733481e-53 7 0 
105 20 0.0 1 14 20 0 60 34 1 0.16878631325 0 10 
105 20 0.0 9 10 10 0 45 40 2 1.61128957958e-21 4 3 
105 20 0.0 3 14 10 0 36 35 2 0.00194715651999 1 6 
105 20 0.0 7 5 4 0 35 38 2 0.308662625209 2 3 
105 20 0.0 2 17 4 0 41 50 1 0.267431099229 0 7 
105 20 0.0 11 14 30 0 31 46 2 6.81692336085e-47 8 3 
105 20 0.0 10 8 3 0 54 40 2 1.06361145209e-21 4 2 
105 20 0.0 8 7 7 0 46 34 2 4.17061685263e-21 4 2 
105 20 0.0 4 11 8 0 29 33 2 0.0141393039756 1 5 
105 20 0.0 13 28 15 0 17 48 3 1.84069239076e-56 8 1 
105 20 0.0 12 16 18 0 22 30 2 7.1485209352e-37 6 2 
105 20 0.0 5 8 11 0 40 45 2 2.23958064203e-09 3 4 
105 20 2.0 6 11 13 0 46 48 2 1.55014980468e-17 4 4 
105 20 2.0 14 23 12 0 14 25 3 6.2245595635e-19 7 0 
105 20 2.0 1 14 20 0 60 34 1 0.108758696133 0 10 
105 20 2.0 9 10 10 0 45 40 2 4.24851874511e-17 4 3 
105 20 2.0 3 14 10 0 36 35 2 0.000803675440047 1 6 
105 20 2.0 7 5 4 0 35 38 2 0.393495562357 2 3 
105 20 2.0 2 17 4 0 41 50 1 0.190476378277 0 7 
105 20 2.0 11 14 30 0 31 46 2 3.15112836083e-39 8 3 
105 20 2.0 10 8 3 0 54 40 2 1.0147639109e-17 4 2 
105 20 2.0 8 7 7 0 46 34 2 1.43686862819e-16 4 2 
105 20 2.0 4 11 8 0 29 33 2 0.0136361419857 1 5 
105 20 2.0 13 28 15 0 17 48 3 3.30779725501e-23 8 1 
105 20 2.0 12 16 18 0 22 30 2 2.43406257522e-21 6 2 
105 20 2.0 5 8 11 0 40 45 2 8.09471584824e-06 3 4 
105 21 0.0 6 11 13 0 46 48 2 1.42760071763e-22 4 4 
105 21 0.0 14 23 12 0 14 25 3 2.6004872375e-53 7 0 
105 21 0.0 1 14 20 0 60 34 1 0.168192178679 0 10 
105 21 0.0 9 10 10 0 45 40 2 1.95676156091e-21 4 3 
105 21 0.0 3 14 10 0 36 35 2 0.00521928587993 1 6 
105 21 0.0 7 5 4 0 35 38 2 0.308388036829 2 3 
105 21 0.0 2 17 4 0 41 50 1 0.267935520929 0 7 
105 21 0.0 11 14 30 0 31 46 2 1.21061752353e-46 8 3 
105 21 0.0 10 8 3 0 54 40 2 1.46357538153e-21 4 2 
105 21 0.0 8 7 7 0 46 34 2 3.35571229041e-21 4 2 
105 21 0.0 4 11 8 0 29 33 2 0.0109868690759 1 5 
105 21 0.0 13 28 15 0 17 48 3 1.3085816802e-56 8 1 
105 21 0.0 12 16 18 0 22 30 2 4.97979763073e-37 6 2 
105 21 0.0 5 8 11 0 40 45 2 1.87084715466e-09 3 4 
105 21 2.0 6 11 13 0 46 48 2 3.72062101029e-18 4 4 
105 21 2.0 14 23 12 0 14 25 3 8.63195175759e-19 7 0 
105 21 2.0 1 14 20 0 60 34 1 0.108248384444 0 10 
105 21 2.0 9 10 10 0 45 40 2 1.12889196812e-16 4 3 
105 21 2.0 3 14 10 0 36 35 2 0.00470185005598 1 6 
105 21 2.0 7 5 4 0 35 38 2 0.393198892117 2 3 
105 21 2.0 2 17 4 0 41 50 1 0.190923080109 0 7 
105 21 2.0 11 14 30 0 31 46 2 3.33339036869e-39 8 3 
105 21 2.0 10 8 3 0 54 40 2 3.0972368731e-17 4 2 
105 21 2.0 8 7 7 0 46 34 2 1.390908717e-16 4 2 
105 21 2.0 4 11 8 0 29 33 2 0.00983771475812 1 5 
105 21 2.0 13 28 15 0 17 48 3 1.384017104e-23 8 1 
105 21 2.0 12 16 18 0 22 30 2 1.05032817003e-21 6 2 
105 21 2.0 5 8 11 0 40 45 2 4.4845757267e-06 3 4 
105 22 0.0 6 11 13 0 46 48 2 3.24416067884e-22 4 4 
105 22 0.0 14 23 12 0 14 25 3 2.99231274156e-53 7 0 
105 22 0.0 1 14 20 0 60 34 1 0.168062039984 0 10 
105 22 0.0 9 10 10 0 45 40 2 9.54604831354e-22 4 3 
105 22 0.0 3 14 10 0 36 35 2 0.0066910251095 1 6 
105 22 0.0 7 5 4 0 35 38 2 0.30832882918 2 3 
105 22 0.0 2 17 4 0 41 50 1 0.268047139324 0 7 
105 22 0.0 11 14 30 0 31 46 2 8.67997409142e-47 8 3 
105 22 0.0 10 8 3 0 54 40 2 5.89760637527e-22 4 2 
105 22 0.0 8 7 7 0 46 34 2 5.69563547516e-22 4 2 
105 22 0.0 4 11 8 0 29 33 2 0.00954037195665 1 5 
105 22 0.0 13 28 15 0 17 48 3 4.01869756312e-56 8 1 
105 22 0.0 12 16 18 0 22 30 2 1.29253546128e-36 6 2 
105 22 0.0 5 8 11 0 40 45 2 3.86642283965e-09 3 4 
105 22 2.0 6 11 13 0 46 48 2 2.06944003556e-17 4 4 
105 22 2.0 14 23 12 0 14 25 3 1.02094581794e-18 7 0 
105 22 2.0 1 14 20 0 60 34 1 0.108207957093 0 10 
105 22 2.0 9 10 10 0 45 40 2 2.96636253261e-17 4 3 
105 22 2.0 3 14 10 0 36 35 2 0.00534898768288 1 6 
105 22 2.0 7 5 4 0 35 38 2 0.393162392008 2 3 
105 22 2.0 2 17 4 0 41 50 1 0.19095635416 0 7 
105 22 2.0 11 14 30 0 31 46 2 5.45337960533e-40 8 3 
105 22 2.0 10 8 3 0 54 40 2 3.65007884406e-17 4 2 
105 22 2.0 8 7 7 0 46 34 2 1.73750764612e-16 4 2 
105 22 2.0 4 11 8 0 29 33 2 0.0091975408995 1 5 
105 22 2.0 13 28 15 0 17 48 3 2.55908629077e-23 8 1 
105 22 2.0 12 16 18 0 22 30 2 4.54715189045e-21 6 2 
105 22 2.0 5 8 11 0 40 45 2 1.5644335551e-05 3 4 
105 23 0.0 6 11 13 0 46 48 2 1.75341450463e-21 4 4 
105 23 0.0 14 23 12 0 14 25 3 2.98019928505e-53 7 0 
105 23 0.0 1 14 20 0 60 34 1 0.16870701773 0 10 
105 23 0.0 9 10 10 0 45 40 2 6.163014869e-21 4 3 
105 23 0.0 3 14 10 0 36 35 2 0.00228119634489 1 6 
105 23 0.0 7 5 4 0 35 38 2 0.308625574634 2 3 
105 23 0.0 2 17 4 0 41 50 1 0.267497945067 0 7 
105 23 0.0 11 14 30 0 31 46 2 5.57321178268e-46 8 3 
105 23 0.0 10 8 3 0 54 40 2 1.42510452759e-21 4 2 
105 23 0.0 8 7 7 0 46 34 2 1.17458825282e-20 4 2 
105 23 0.0 4 11 8 0 29 33 2 0.0138216528177 1 5 
105 23 0.0 13 28 15 0 17 48 3 2.72186695817e-56 8 1 
105 23 0.0 12 16 18 0 22 30 2 1.30533093395e-36 6 2 
105 23 0.0 5 8 11 0 40 45 2 6.7930881579e-09 3 4 
105 23 2.0 6 11 13 0 46 48 2 3.89752299166e-18 4 4 
105 23 2.0 14 23 12 0 14 25 3 2.09006541465e-18 7 0 
105 23 2.0 1 14 20 0 60 34 1 0.108308241123 0 10 
105 23 2.0 9 10 10 0 45 40 2 2.75734172508e-17 4 3 
105 23 2.0 3 14 10 0 36 35 2 0.00400965151922 1 6 
105 23 2.0 7 5 4 0 35 38 2 0.393226561353 2 3 
105 23 2.0 2 17 4 0 41 50 1 0.190869183528 0 7 
105 23 2.0 11 14 30 0 31 46 2 9.09530109352e-40 8 3 
105 23 2.0 10 8 3 0 54 40 2 5.8541064628e-17 4 2 
105 23 2.0 8 7 7 0 46 34 2 5.04348881473e-17 4 2 
105 23 2.0 4 11 8 0 29 33 2 0.010518762481 1 5 
105 23 2.0 13 28 15 0 17 48 3 1.62485832038e-23 8 1 
105 23 2.0 12 16 18 0 22 30 2 1.05557908843e-21 6 2 
105 23 2.0 5 8 11 0 40 45 2 1.02798148501e-05 3 4 
105 24 0.0 6 11 13 0 46 48 2 1.12315588446e-21 4 4 
105 24 0.0 14 23 12 0 14 25 3 2.52980001109e-53 7 0 
105 24 0.0 1 14 20 0 60 34 1 0.168065247317 0 10 
105 24 0.0 9 10 10 0 45 40 2 4.81752075205e-21 4 3 
105 24 0.0 3 14 10 0 36 35 2 0.00663708603707 1 6 
105 24 0.0 7 5 4 0 35 38 2 0.308330326263 2 3 
105 24 0.0 2 17 4 0 41 50 1 0.268044350116 0 7 
105 24 0.0 11 14 30 0 31 46 2 1.7152007698e-46 8 3 
105 24 0.0 10 8 3 0 54 40 2 1.94618148438e-21 4 2 
105 24 0.0 8 7 7 0 46 34 2 5.36431592641e-21 4 2 
105 24 0.0 4 11 8 0 29 33 2 0.00959369402891 1 5 
105 24 0.0 13 28 15 0 17 48 3 3.40982863397e-57 8 1 
105 24 0.0 12 16 18 0 22 30 2 1.75626939287e-36 6 2 
105 24 0.0 5 8 11 0 40 45 2 5.31021474209e-09 3 4 
105 24 2.0 6 11 13 0 46 48 2 2.31180463687e-17 4 4 
105 24 2.0 14 23 12 0 14 25 3 5.38757494754e-19 7 0 
105 24 2.0 1 14 20 0 60 34 1 0.108676000976 0 10 
105 24 2.0 9 10 10 0 45 40 2 1.31223455604e-16 4 3 
105 24 2.0 3 14 10 0 36 35 2 0.00126588214629 1 6 
105 24 2.0 7 5 4 0 35 38 2 0.393443149825 2 3 
105 24 2.0 2 17 4 0 41 50 1 0.190547762175 0 7 
105 24 2.0 11 14 30 0 31 46 2 4.47793817465e-39 8 3 
105 24 2.0 10 8 3 0 54 40 2 7.53490650634e-17 4 2 
105 24 2.0 8 7 7 0 46 34 2 2.92189489101e-16 4 2 
105 24 2.0 4 11 8 0 29 33 2 0.0131909200303 1 5 
105 24 2.0 13 28 15 0 17 48 3 1.61779576148e-23 8 1 
105 24 2.0 12 16 18 0 22 30 2 2.25905042717e-21 6 2 
105 24 2.0 5 8 11 0 40 45 2 1.03914175739e-05 3 4 
105 25 0.0 6 11 13 0 46 48 2 1.67257760751e-21 4 4 
105 25 0.0 14 23 12 0 14 25 3 2.1256882578e-53 7 0 
105 25 0.0 1 14 20 0 60 34 1 0.16817383935 0 10 
105 25 0.0 9 10 10 0 45 40 2 4.30050382904e-21 4 3 
105 25 0.0 3 14 10 0 36 35 2 0.00537906809716 1 6 
105 25 0.0 7 5 4 0 35 38 2 0.308379576839 2 3 
105 25 0.0 2 17 4 0 41 50 1 0.267951230891 0 7 
105 25 0.0 11 14 30 0 31 46 2 1.01379060587e-46 8 3 
105 25 0.0 10 8 3 0 54 40 2 7.86959120257e-22 4 2 
105 25 0.0 8 7 7 0 46 34 2 6.8039957558e-21 4 2 
105 25 0.0 4 11 8 0 29 33 2 0.0108306594047 1 5 
105 25 0.0 13 28 15 0 17 48 3 2.78063659635e-56 8 1 
105 25 0.0 12 16 18 0 22 30 2 8.53976360169e-37 6 2 
105 25 0.0 5 8 11 0 40 45 2 6.11491318992e-09 3 4 
105 25 2.0 6 11 13 0 46 48 2 2.03014939463e-17 4 4 
105 25 2.0 14 23 12 0 14 25 3 3.64223679369e-19 7 0 
105 25 2.0 1 14 20 0 60 34 1 0.108411633655 0 10 
105 25 2.0 9 10 10 0 45 40 2 1.32858587206e-16 4 3 
105 25 2.0 3 14 10 0 36 35 2 0.00305831876771 1 6 
105 25 2.0 7 5 4 0 35 38 2 0.393287686286 2 3 
105 25 2.0 2 17 4 0 41 50 1 0.190778669986 0 7 
105 25 2.0 11 14 30 0 31 46 2 1.39796404298e-38 8 3 
105 25 2.0 10 8 3 0 54 40 2 7.25998017437e-17 4 2 
105 25 2.0 8 7 7 0 46 34 2 3.41902301906e-16 4 2 
105 25 2.0 4 11 8 0 29 33 2 0.0114506664026 1 5 
105 25 2.0 13 28 15 0 17 48 3 8.58985320665e-24 8 1 
105 25 2.0 12 16 18 0 22 30 2 1.76853715901e-21 6 2 
105 25 2.0 5 8 11 0 40 45 2 9.32570585606e-06 3 4 
105 26 0.0 6 11 13 0 46 48 2 4.02808511047e-22 4 4 
105 26 0.0 14 23 12 0 14 25 3 4.58689724029e-53 7 0 
105 26 0.0 1 14 20 0 60 34 1 0.168024594864 0 10 
105 26 0.0 9 10 10 0 45 40 2 2.64239243927e-22 4 3 
105 26 0.0 3 14 10 0 36 35 2 0.00764527636556 1 6 
105 26 0.0 7 5 4 0 35 38 2 0.308311837839 2 3 
105 26 0.0 2 17 4 0 41 50 1 0.268079254502 0 7 
105 26 0.0 11 14 30 0 31 46 2 4.77273314546e-47 8 3 
105 26 0.0 10 8 3 0 54 40 2 2.362603839e-22 4 2 
105 26 0.0 8 7 7 0 46 34 2 1.9575992627e-21 4 2 
105 26 0.0 4 11 8 0 29 33 2 0.00859331009133 1 5 
105 26 0.0 13 28 15 0 17 48 3 7.22924278172e-56 8 1 
105 26 0.0 12 16 18 0 22 30 2 1.64462761239e-36 6 2 
105 26 0.0 5 8 11 0 40 45 2 3.1439698902e-09 3 4 
105 26 2.0 6 11 13 0 46 48 2 2.7365926461e-17 4 4 
105 26 2.0 14 23 12 0 14 25 3 6.77394318656e-19 7 0 
105 26 2.0 1 14 20 0 60 34 1 0.108343950019 0 10 
105 26 2.0 9 10 10 0 45 40 2 6.95782065939e-17 4 3 
105 26 2.0 3 14 10 0 36 35 2 0.00365813623798 1 6 
105 26 2.0 7 5 4 0 35 38 2 0.393242913227 2 3 
105 26 2.0 2 17 4 0 41 50 1 0.190837149578 0 7 
105 26 2.0 11 14 30 0 31 46 2 2.54017896489e-39 8 3 
105 26 2.0 10 8 3 0 54 40 2 2.73999109673e-17 4 2 
105 26 2.0 8 7 7 0 46 34 2 2.437160831e-16 4 2 
105 26 2.0 4 11 8 0 29 33 2 0.0108634819127 1 5 
105 26 2.0 13 28 15 0 17 48 3 1.31844371358e-23 8 1 
105 26 2.0 12 16 18 0 22 30 2 1.94523841579e-21 6 2 
105 26 2.0 5 8 11 0 40 45 2 1.39395836472e-05 3 4 
105 27 0.0 6 11 13 0 46 48 2 3.64709437959e-22 4 4 
105 27 0.0 14 23 12 0 14 25 3 3.84647231138e-53 7 0 
105 27 0.0 1 14 20 0 60 34 1 0.168481237065 0 10 
105 27 0.0 9 10 10 0 45 40 2 1.95558037687e-22 4 3 
105 27 0.0 3 14 10 0 36 35 2 0.00335058155741 1 6 
105 27 0.0 7 5 4 0 35 38 2 0.308520752605 2 3 
105 27 0.0 2 17 4 0 41 50 1 0.267689147087 0 7 
105 27 0.0 11 14 30 0 31 46 2 1.38340357696e-46 8 3 
105 27 0.0 10 8 3 0 54 40 2 1.0152419049e-21 4 2 
105 27 0.0 8 7 7 0 46 34 2 1.94892977204e-21 4 2 
105 27 0.0 4 11 8 0 29 33 2 0.0127982465664 1 5 
105 27 0.0 13 28 15 0 17 48 3 1.41507694944e-56 8 1 
105 27 0.0 12 16 18 0 22 30 2 1.33082144133e-36 6 2 
105 27 0.0 5 8 11 0 40 45 2 3.21809716493e-09 3 4 
105 27 2.0 6 11 13 0 46 48 2 1.11267847286e-17 4 4 
105 27 2.0 14 23 12 0 14 25 3 5.23483497243e-19 7 0 
105 27 2.0 1 14 20 0 60 34 1 0.10837141635 0 10 
105 27 2.0 9 10 10 0 45 40 2 1.27509972012e-16 4 3 
105 27 2.0 3 14 10 0 36 35 2 0.00339999797595 1 6 
105 27 2.0 7 5 4 0 35 38 2 0.39326455727 2 3 
105 27 2.0 2 17 4 0 41 50 1 0.190813941206 0 7 
105 27 2.0 11 14 30 0 31 46 2 4.6315232042e-39 8 3 
105 27 2.0 10 8 3 0 54 40 2 3.85346544945e-17 4 2 
105 27 2.0 8 7 7 0 46 34 2 2.36938633459e-16 4 2 
105 27 2.0 4 11 8 0 29 33 2 0.0111166418882 1 5 
105 27 2.0 13 28 15 0 17 48 3 1.13858483476e-23 8 1 
105 27 2.0 12 16 18 0 22 30 2 2.11344144753e-21 6 2 
105 27 2.0 5 8 11 0 40 45 2 9.00224524555e-06 3 4 
105 28 0.0 6 11 13 0 46 48 2 8.58489345606e-22 4 4 
105 28 0.0 14 23 12 0 14 25 3 3.77954607409e-53 7 0 
105 28 0.0 1 14 20 0 60 34 1 0.168477132188 0 10 
105 28 0.0 9 10 10 0 45 40 2 3.42290337021e-21 4 3 
105 28 0.0 3 14 10 0 36 35 2 0.00337209491164 1 6 
105 28 0.0 7 5 4 0 35 38 2 0.308518862272 2 3 
105 28 0.0 2 17 4 0 41 50 1 0.267692617021 0 7 
105 28 0.0 11 14 30 0 31 46 2 3.468838719e-46 8 3 
105 28 0.0 10 8 3 0 54 40 2 1.00815871234e-21 4 2 
105 28 0.0 8 7 7 0 46 34 2 1.056254073e-21 4 2 
105 28 0.0 4 11 8 0 29 33 2 0.0127775583844 1 5 
105 28 0.0 13 28 15 0 17 48 3 7.8385294712e-57 8 1 
105 28 0.0 12 16 18 0 22 30 2 7.16155101492e-37 6 2 
105 28 0.0 5 8 11 0 40 45 2 3.87221002944e-09 3 4 
105 28 2.0 6 11 13 0 46 48 2 1.16683076013e-17 4 4 
105 28 2.0 14 23 12 0 14 25 3 3.64718445912e-19 7 0 
105 28 2.0 1 14 20 0 60 34 1 0.108756317507 0 10 
105 28 2.0 9 10 10 0 45 40 2 4.40035060554e-17 4 3 
105 28 2.0 3 14 10 0 36 35 2 0.00081524404774 1 6 
105 28 2.0 7 5 4 0 35 38 2 0.393492193531 2 3 
105 28 2.0 2 17 4 0 41 50 1 0.190478252083 0 7 
105 28 2.0 11 14 30 0 31 46 2 2.2305695346e-38 8 3 
105 28 2.0 10 8 3 0 54 40 2 8.69504174272e-17 4 2 
105 28 2.0 8 7 7 0 46 34 2 2.17524480971e-16 4 2 
105 28 2.0 4 11 8 0 29 33 2 0.0136250166632 1 5 
105 28 2.0 13 28 15 0 17 48 3 1.66146829687e-23 8 1 
105 28 2.0 12 16 18 0 22 30 2 8.67179321046e-21 6 2 
105 28 2.0 5 8 11 0 40 45 2 9.59428143983e-06 3 4 
105 29 0.0 6 11 13 0 46 48 2 9.26984699639e-22 4 4 
105 29 0.0 14 23 12 0 14 25 3 1.23354318586e-53 7 0 
105 29 0.0 1 14 20 0 60 34 1 0.168164527377 0 10 
105 29 0.0 9 10 10 0 45 40 2 1.28681204174e-21 4 3 
105 29 0.0 3 14 10 0 36 35 2 0.00546411249315 1 6 
105 29 0.0 7 5 4 0 35 38 2 0.308375450995 2 3 
105 29 0.0 2 17 4 0 41 50 1 0.267959257951 0 7 
105 29 0.0 11 14 30 0 31 46 2 2.46643340478e-46 8 3 
105 29 0.0 10 8 3 0 54 40 2 2.26548095833e-21 4 2 
105 29 0.0 8 7 7 0 46 34 2 8.86975757425e-22 4 2 
105 29 0.0 4 11 8 0 29 33 2 0.0107474426876 1 5 
105 29 0.0 13 28 15 0 17 48 3 3.48501900201e-56 8 1 
105 29 0.0 12 16 18 0 22 30 2 9.07402241232e-37 6 2 
105 29 0.0 5 8 11 0 40 45 2 5.64970445407e-09 3 4 
105 29 2.0 6 11 13 0 46 48 2 5.73841464471e-18 4 4 
105 29 2.0 14 23 12 0 14 25 3 7.43524370366e-19 7 0 
105 29 2.0 1 14 20 0 60 34 1 0.108524106452 0 10 
105 29 2.0 9 10 10 0 45 40 2 1.41604788239e-16 4 3 
105 29 2.0 3 14 10 0 36 35 2 0.00221947775196 1 6 
105 29 2.0 7 5 4 0 35 38 2 0.393354899798 2 3 
105 29 2.0 2 17 4 0 41 50 1 0.190680467921 0 7 
105 29 2.0 11 14 30 0 31 46 2 1.24313071939e-39 8 3 
105 29 2.0 10 8 3 0 54 40 2 5.20815412506e-17 4 2 
105 29 2.0 8 7 7 0 46 34 2 2.3961725222e-16 4 2 
105 29 2.0 4 11 8 0 29 33 2 0.0122677719225 1 5 
105 29 2.0 13 28 15 0 17 48 3 9.14170777937e-24 8 1 
105 29 2.0 12 16 18 0 22 30 2 2.18065477582e-21 6 2 
105 29 2.0 5 8 11 0 40 45 2 8.44917807556e-06 3 4 
105 30 0.0 6 11 13 0 46 48 2 9.05320690193e-23 4 4 
105 30 0.0 14 23 12 0 14 25 3 3.79001025165e-53 7 0 
105 30 0.0 1 14 20 0 60 34 1 0.168437367551 0 10 
105 30 0.0 9 10 10 0 45 40 2 2.04818211252e-21 4 3 
105 30 0.0 3 14 10 0 36 35 2 0.003585810513 1 6 
105 30 0.0 7 5 4 0 35 38 2 0.308500468596 2 3 
105 30 0.0 2 17 4 0 41 50 1 0.267726381432 0 7 
105 30 0.0 11 14 30 0 31 46 2 1.44047971024e-46 8 3 
105 30 0.0 10 8 3 0 54 40 2 6.50284844811e-22 4 2 
105 30 0.0 8 7 7 0 46 34 2 4.19468719929e-21 4 2 
105 30 0.0 4 11 8 0 29 33 2 0.0125718235927 1 5 
105 30 0.0 13 28 15 0 17 48 3 2.17637693649e-56 8 1 
105 30 0.0 12 16 18 0 22 30 2 2.11989752538e-36 6 2 
105 30 0.0 5 8 11 0 40 45 2 2.50884999474e-09 3 4 
105 30 2.0 6 11 13 0 46 48 2 8.94166855267e-18 4 4 
105 30 2.0 14 23 12 0 14 25 3 8.88921600119e-19 7 0 
105 30 2.0 1 14 20 0 60 34 1 0.108712066584 0 10 
105 30 2.0 9 10 10 0 45 40 2 4.5107090386e-17 4 3 
105 30 2.0 3 14 10 0 36 35 2 0.00106058425853 1 6 
105 30 2.0 7 5 4 0 35 38 2 0.393465716323 2 3 
105 30 2.0 2 17 4 0 41 50 1 0.190516535699 0 7 
105 30 2.0 11 14 30 0 31 46 2 8.00478428564e-39 8 3 
105 30 2.0 10 8 3 0 54 40 2 5.75124461582e-17 4 2 
105 30 2.0 8 7 7 0 46 34 2 1.59026177888e-16 4 2 
105 30 2.0 4 11 8 0 29 33 2 0.0133888819029 1 5 
105 30 2.0 13 28 15 0 17 48 3 3.59440147751e-23 8 1 
105 30 2.0 12 16 18 0 22 30 2 1.59545686918e-21 6 2 
105 30 2.0 5 8 11 0 40 45 2 9.53623651228e-06 3 4 
105 31 0.0 6 11 13 0 46 48 2 8.05190453808e-22 4 4 
105 31 0.0 14 23 12 0 14 25 3 7.10681540058e-54 7 0 
105 31 0.0 1 14 20 0 60 34 1 0.168587412846 0 10 
105 31 0.0 9 10 10 0 45 40 2 1.92682221604e-21 4 3 
105 31 0.0 3 14 10 0 36 35 2 0.00282252997271 1 6 
105 31 0.0 7 5 4 0 35 38 2 0.308569934974 2 3 
105 31 0.0 2 17 4 0 41 50 1 0.267599238435 0 7 
105 31 0.0 11 14 30 0 31 46 2 2.56443089077e-46 8 3 
105 31 0.0 10 8 3 0 54 40 2 4.05100775002e-21 4 2 
105 31 0.0 8 7 7 0 46 34 2 2.24004438551e-21 4 2 
105 31 0.0 4 11 8 0 29 33 2 0.0133048196267 1 5 
105 31 0.0 13 28 15 0 17 48 3 9.93926182388e-57 8 1 
105 31 0.0 12 16 18 0 22 30 2 2.67217002416e-36 6 2 
105 31 0.0 5 8 11 0 40 45 2 2.69773277622e-09 3 4 
105 31 2.0 6 11 13 0 46 48 2 2.18892538345e-18 4 4 
105 31 2.0 14 23 12 0 14 25 3 1.48408059604e-18 7 0 
105 31 2.0 1 14 20 0 60 34 1 0.108538432558 0 10 
105 31 2.0 9 10 10 0 45 40 2 4.0375054529e-17 4 3 
105 31 2.0 3 14 10 0 36 35 2 0.00212130345397 1 6 
105 31 2.0 7 5 4 0 35 38 2 0.393364908441 2 3 
105 31 2.0 2 17 4 0 41 50 1 0.190668185911 0 7 
105 31 2.0 11 14 30 0 31 46 2 1.5524919143e-39 8 3 
105 31 2.0 10 8 3 0 54 40 2 1.15617068451e-17 4 2 
105 31 2.0 8 7 7 0 46 34 2 7.21284371083e-17 4 2 
105 31 2.0 4 11 8 0 29 33 2 0.0123628644412 1 5 
105 31 2.0 13 28 15 0 17 48 3 1.93365491017e-23 8 1 
105 31 2.0 12 16 18 0 22 30 2 1.00021919811e-21 6 2 
105 31 2.0 5 8 11 0 40 45 2 7.51453146667e-06 3 4 
105 32 0.0 6 11 13 0 46 48 2 2.26386487556e-22 4 4 
105 32 0.0 14 23 12 0 14 25 3 1.13841952731e-53 7 0 
105 32 0.0 1 14 20 0 60 34 1 0.168215648931 0 10 
105 32 0.0 9 10 10 0 45 40 2 1.51399044779e-21 4 3 
105 32 0.0 3 14 10 0 36 35 2 0.00502724321246 1 6 
105 32 0.0 7 5 4 0 35 38 2 0.308398707856 2 3 
105 32 0.0 2 17 4 0 41 50 1 0.267915628159 0 7 
105 32 0.0 11 14 30 0 31 46 2 1.2606883292e-46 8 3 
105 32 0.0 10 8 3 0 54 40 2 4.91390309677e-21 4 2 
105 32 0.0 8 7 7 0 46 34 2 1.74648948614e-21 4 2 
105 32 0.0 4 11 8 0 29 33 2 0.0111743356642 1 5 
105 32 0.0 13 28 15 0 17 48 3 1.15853671525e-56 8 1 
105 32 0.0 12 16 18 0 22 30 2 2.45476680537e-36 6 2 
105 32 0.0 5 8 11 0 40 45 2 4.29949115482e-09 3 4 
105 32 2.0 6 11 13 0 46 48 2 5.19195399327e-17 4 4 
105 32 2.0 14 23 12 0 14 25 3 2.09800675071e-19 7 0 
105 32 2.0 1 14 20 0 60 34 1 0.108195123916 0 10 
105 32 2.0 9 10 10 0 45 40 2 2.51307804718e-16 4 3 
105 32 2.0 3 14 10 0 36 35 2 0.00557009242829 1 6 
105 32 2.0 7 5 4 0 35 38 2 0.393160493621 2 3 
105 32 2.0 2 17 4 0 41 50 1 0.190968706683 0 7 
105 32 2.0 11 14 30 0 31 46 2 2.0156009097e-38 8 3 
105 32 2.0 10 8 3 0 54 40 2 2.07296843399e-16 4 2 
105 32 2.0 8 7 7 0 46 34 2 4.50214085743e-16 4 2 
105 32 2.0 4 11 8 0 29 33 2 0.00897890116242 1 5 
105 32 2.0 13 28 15 0 17 48 3 3.60126027582e-23 8 1 
105 32 2.0 12 16 18 0 22 30 2 3.8692554198e-21 6 2 
105 32 2.0 5 8 11 0 40 45 2 1.10101238184e-05 3 4 
105 33 0.0 6 11 13 0 46 48 2 9.17111720462e-22 4 4 
105 33 0.0 14 23 12 0 14 25 3 2.92552051827e-53 7 0 
105 33 0.0 1 14 20 0 60 34 1 0.168603511105 0 10 
105 33 0.0 9 10 10 0 45 40 2 2.23826046012e-21 4 3 
105 33 0.0 3 14 10 0 36 35 2 0.00274641443045 1 6 
105 33 0.0 7 5 4 0 35 38 2 0.308577419438 2 3 
105 33 0.0 2 17 4 0 41 50 1 0.267585465348 0 7 
105 33 0.0 11 14 30 0 31 46 2 1.75627505636e-46 8 3 
105 33 0.0 10 8 3 0 54 40 2 1.48831850984e-21 4 2 
105 33 0.0 8 7 7 0 46 34 2 6.73603438876e-22 4 2 
105 33 0.0 4 11 8 0 29 33 2 0.0133776438518 1 5 
105 33 0.0 13 28 15 0 17 48 3 2.25740436217e-56 8 1 
105 33 0.0 12 16 18 0 22 30 2 6.55177425757e-37 6 2 
105 33 0.0 5 8 11 0 40 45 2 3.16914861015e-09 3 4 
105 33 2.0 6 11 13 0 46 48 2 2.24350757963e-17 4 4 
105 33 2.0 14 23 12 0 14 25 3 9.3245305671e-19 7 0 
105 33 2.0 1 14 20 0 60 34 1 0.108161520545 0 10 
105 33 2.0 9 10 10 0 45 40 2 7.58169181788e-17 4 3 
105 33 2.0 3 14 10 0 36 35 2 0.00777551456746 1 6 
105 33 2.0 7 5 4 0 35 38 2 0.393118649931 2 3 
105 33 2.0 2 17 4 0 41 50 1 0.190994213249 0 7 
105 33 2.0 11 14 30 0 31 46 2 6.69882719761e-39 8 3 
105 33 2.0 10 8 3 0 54 40 2 1.15938001459e-16 4 2 
105 33 2.0 8 7 7 0 46 34 2 2.28048676405e-16 4 2 
105 33 2.0 4 11 8 0 29 33 2 0.00677860163424 1 5 
105 33 2.0 13 28 15 0 17 48 3 3.23771075535e-23 8 1 
105 33 2.0 12 16 18 0 22 30 2 8.93722188597e-21 6 2 
105 33 2.0 5 8 11 0 40 45 2 3.00816326815e-05 3 4 
105 34 0.0 6 11 13 0 46 48 2 5.69235627462e-22 4 4 
105 34 0.0 14 23 12 0 14 25 3 1.54586204263e-53 7 0 
105 34 0.0 1 14 20 0 60 34 1 0.168028352205 0 10 
105 34 0.0 9 10 10 0 45 40 2 3.93142194235e-21 4 3 
105 34 0.0 3 14 10 0 36 35 2 0.00748423331208 1 6 
105 34 0.0 7 5 4 0 35 38 2 0.308313593802 2 3 
105 34 0.0 2 17 4 0 41 50 1 0.268076148922 0 7 
105 34 0.0 11 14 30 0 31 46 2 2.30173215243e-46 8 3 
105 34 0.0 10 8 3 0 54 40 2 1.96289389329e-21 4 2 
105 34 0.0 8 7 7 0 46 34 2 2.79905926438e-21 4 2 
105 34 0.0 4 11 8 0 29 33 2 0.0087536471661 1 5 
105 34 0.0 13 28 15 0 17 48 3 6.57213365093e-57 8 1 
105 34 0.0 12 16 18 0 22 30 2 8.7233249426e-37 6 2 
105 34 0.0 5 8 11 0 40 45 2 6.00486675142e-09 3 4 
105 34 2.0 6 11 13 0 46 48 2 6.288635082e-18 4 4 
105 34 2.0 14 23 12 0 14 25 3 1.24792060242e-18 7 0 
105 34 2.0 1 14 20 0 60 34 1 0.108598174151 0 10 
105 34 2.0 9 10 10 0 45 40 2 4.69743142303e-17 4 3 
105 34 2.0 3 14 10 0 36 35 2 0.00173299611129 1 6 
105 34 2.0 7 5 4 0 35 38 2 0.393397980697 2 3 
105 34 2.0 2 17 4 0 41 50 1 0.190615732942 0 7 
105 34 2.0 11 14 30 0 31 46 2 4.78013543819e-40 8 3 
105 34 2.0 10 8 3 0 54 40 2 1.96162880084e-17 4 2 
105 34 2.0 8 7 7 0 46 34 2 7.65440375215e-17 4 2 
105 34 2.0 4 11 8 0 29 33 2 0.0127392317291 1 5 
105 34 2.0 13 28 15 0 17 48 3 2.645755742e-23 8 1 
105 34 2.0 12 16 18 0 22 30 2 2.77980489856e-21 6 2 
105 34 2.0 5 8 11 0 40 45 2 9.57985777989e-06 3 4 
105 35 0.0 6 11 13 0 46 48 2 4.80937898226e-22 4 4 
105 35 0.0 14 23 12 0 14 25 3 4.75505195508e-53 7 0 
105 35 0.0 1 14 20 0 60 34 1 0.168166447393 0 10 
105 35 0.0 9 10 10 0 45 40 2 2.43186308347e-22 4 3 
105 35 0.0 3 14 10 0 36 35 2 0.00544606105811 1 6 
105 35 0.0 7 5 4 0 35 38 2 0.30837627715 2 3 
105 35 0.0 2 17 4 0 41 50 1 0.267957537989 0 7 
105 35 0.0 11 14 30 0 31 46 2 1.05424116432e-46 8 3 
105 35 0.0 10 8 3 0 54 40 2 1.1918984983e-21 4 2 
105 35 0.0 8 7 7 0 46 34 2 2.56803571599e-21 4 2 
105 35 0.0 4 11 8 0 29 33 2 0.0107651098683 1 5 
105 35 0.0 13 28 15 0 17 48 3 2.00738941906e-56 8 1 
105 35 0.0 12 16 18 0 22 30 2 1.32902747936e-36 6 2 
105 35 0.0 5 8 11 0 40 45 2 5.91118217144e-09 3 4 
105 35 2.0 6 11 13 0 46 48 2 2.38085450749e-17 4 4 
105 35 2.0 14 23 12 0 14 25 3 8.18087546697e-19 7 0 
105 35 2.0 1 14 20 0 60 34 1 0.108211616719 0 10 
105 35 2.0 9 10 10 0 45 40 2 1.16860779909e-16 4 3 
105 35 2.0 3 14 10 0 36 35 2 0.00526899284478 1 6 
105 35 2.0 7 5 4 0 35 38 2 0.393169367588 2 3 
105 35 2.0 2 17 4 0 41 50 1 0.190954016105 0 7 
105 35 2.0 11 14 30 0 31 46 2 1.80207634902e-39 8 3 
105 35 2.0 10 8 3 0 54 40 2 2.41823235015e-17 4 2 
105 35 2.0 8 7 7 0 46 34 2 1.72095517697e-16 4 2 
105 35 2.0 4 11 8 0 29 33 2 0.00927705138564 1 5 
105 35 2.0 13 28 15 0 17 48 3 1.33936018924e-23 8 1 
105 35 2.0 12 16 18 0 22 30 2 2.07161011998e-21 6 2 
105 35 2.0 5 8 11 0 40 45 2 1.14903678705e-05 3 4 
105 36 0.0 6 11 13 0 46 48 2 3.82057397804e-22 4 4 
105 36 0.0 14 23 12 0 14 25 3 2.23947383194e-53 7 0 
105 36 0.0 1 14 20 0 60 34 1 0.16803831151 0 10 
105 36 0.0 9 10 10 0 45 40 2 1.97060487072e-21 4 3 
105 36 0.0 3 14 10 0 36 35 2 0.00717639354895 1 6 
105 36 0.0 7 5 4 0 35 38 2 0.308318107749 2 3 
105 36 0.0 2 17 4 0 41 50 1 0.268067448052 0 7 
105 36 0.0 11 14 30 0 31 46 2 1.31741201708e-46 8 3 
105 36 0.0 10 8 3 0 54 40 2 2.16007499547e-21 4 2 
105 36 0.0 8 7 7 0 46 34 2 5.62409721217e-21 4 2 
105 36 0.0 4 11 8 0 29 33 2 0.00905956302819 1 5 
105 36 0.0 13 28 15 0 17 48 3 1.32396273533e-56 8 1 
105 36 0.0 12 16 18 0 22 30 2 1.68684150239e-37 6 2 
105 36 0.0 5 8 11 0 40 45 2 4.32545497215e-09 3 4 
105 36 2.0 6 11 13 0 46 48 2 1.391279922e-17 4 4 
105 36 2.0 14 23 12 0 14 25 3 9.4620388579e-19 7 0 
105 36 2.0 1 14 20 0 60 34 1 0.108552961362 0 10 
105 36 2.0 9 10 10 0 45 40 2 1.04992185854e-16 4 3 
105 36 2.0 3 14 10 0 36 35 2 0.00202591474371 1 6 
105 36 2.0 7 5 4 0 35 38 2 0.393371020668 2 3 
105 36 2.0 2 17 4 0 41 50 1 0.190655091986 0 7 
105 36 2.0 11 14 30 0 31 46 2 1.06130818892e-39 8 3 
105 36 2.0 10 8 3 0 54 40 2 4.76540150625e-17 4 2 
105 36 2.0 8 7 7 0 46 34 2 1.09570994723e-16 4 2 
105 36 2.0 4 11 8 0 29 33 2 0.0124556144911 1 5 
105 36 2.0 13 28 15 0 17 48 3 9.28782394714e-24 8 1 
105 36 2.0 12 16 18 0 22 30 2 2.09273259132e-21 6 2 
105 36 2.0 5 8 11 0 40 45 2 9.34822652334e-06 3 4 
105 37 0.0 6 11 13 0 46 48 2 3.41200755158e-22 4 4 
105 37 0.0 14 23 12 0 14 25 3 5.47218862258e-53 7 0 
105 37 0.0 1 14 20 0 60 34 1 0.168196277945 0 10 
105 37 0.0 9 10 10 0 45 40 2 2.54036981266e-21 4 3 
105 37 0.0 3 14 10 0 36 35 2 0.00518473315135 1 6 
105 37 0.0 7 5 4 0 35 38 2 0.308389889956 2 3 
105 37 0.0 2 17 4 0 41 50 1 0.26793201462 0 7 
105 37 0.0 11 14 30 0 31 46 2 1.37859437806e-46 8 3 
105 37 0.0 10 8 3 0 54 40 2 1.94537038886e-21 4 2 
105 37 0.0 8 7 7 0 46 34 2 4.71740165184e-21 4 2 
105 37 0.0 4 11 8 0 29 33 2 0.0110206200363 1 5 
105 37 0.0 13 28 15 0 17 48 3 2.07006612183e-56 8 1 
105 37 0.0 12 16 18 0 22 30 2 5.65748471897e-37 6 2 
105 37 0.0 5 8 11 0 40 45 2 4.39133450864e-09 3 4 
105 37 2.0 6 11 13 0 46 48 2 2.4488359598e-17 4 4 
105 37 2.0 14 23 12 0 14 25 3 8.07027498057e-19 7 0 
105 37 2.0 1 14 20 0 60 34 1 0.108353375889 0 10 
105 37 2.0 9 10 10 0 45 40 2 2.3930299007e-17 4 3 
105 37 2.0 3 14 10 0 36 35 2 0.00357017058445 1 6 
105 37 2.0 7 5 4 0 35 38 2 0.393247901523 2 3 
105 37 2.0 2 17 4 0 41 50 1 0.190828781425 0 7 
105 37 2.0 11 14 30 0 31 46 2 4.84450805533e-39 8 3 
105 37 2.0 10 8 3 0 54 40 2 8.04832760448e-17 4 2 
105 37 2.0 8 7 7 0 46 34 2 1.92931885324e-16 4 2 
105 37 2.0 4 11 8 0 29 33 2 0.0109497032464 1 5 
105 37 2.0 13 28 15 0 17 48 3 7.97979088948e-24 8 1 
105 37 2.0 12 16 18 0 22 30 2 2.22659750008e-21 6 2 
105 37 2.0 5 8 11 0 40 45 2 1.42322448714e-05 3 4 
105 38 0.0 6 11 13 0 46 48 2 1.76537112182e-22 4 4 
105 38 0.0 14 23 12 0 14 25 3 4.91767972395e-53 7 0 
105 38 0.0 1 14 20 0 60 34 1 0.168076963113 0 10 
105 38 0.0 9 10 10 0 45 40 2 2.96282100797e-21 4 3 
105 38 0.0 3 14 10 0 36 35 2 0.00977287891919 1 6 
105 38 0.0 7 5 4 0 35 38 2 0.308335597346 2 3 
105 38 0.0 2 17 4 0 41 50 1 0.268034274761 0 7 
105 38 0.0 11 14 30 0 31 46 2 1.3345720819e-47 8 3 
105 38 0.0 10 8 3 0 54 40 2 1.1599313006e-21 4 2 
105 38 0.0 8 7 7 0 46 34 2 4.6361127598e-21 4 2 
105 38 0.0 4 11 8 0 29 33 2 0.0064556396587 1 5 
105 38 0.0 13 28 15 0 17 48 3 2.41732429637e-56 8 1 
105 38 0.0 12 16 18 0 22 30 2 9.92194131885e-37 6 2 
105 38 0.0 5 8 11 0 40 45 2 1.50288929247e-08 3 4 
105 38 2.0 6 11 13 0 46 48 2 2.52914622537e-17 4 4 
105 38 2.0 14 23 12 0 14 25 3 7.70211317811e-19 7 0 
105 38 2.0 1 14 20 0 60 34 1 0.108417490913 0 10 
105 38 2.0 9 10 10 0 45 40 2 8.52025040079e-17 4 3 
105 38 2.0 3 14 10 0 36 35 2 0.0030101598934 1 6 
105 38 2.0 7 5 4 0 35 38 2 0.393292141668 2 3 
105 38 2.0 2 17 4 0 41 50 1 0.190773680748 0 7 
105 38 2.0 11 14 30 0 31 46 2 8.914732395e-39 8 3 
105 38 2.0 10 8 3 0 54 40 2 6.31081460823e-17 4 2 
105 38 2.0 8 7 7 0 46 34 2 2.97322449893e-16 4 2 
105 38 2.0 4 11 8 0 29 33 2 0.0114977303832 1 5 
105 38 2.0 13 28 15 0 17 48 3 1.45299457018e-23 8 1 
105 38 2.0 12 16 18 0 22 30 2 1.18959204777e-21 6 2 
105 38 2.0 5 8 11 0 40 45 2 8.62229104995e-06 3 4 
105 39 0.0 6 11 13 0 46 48 2 3.24528793162e-22 4 4 
105 39 0.0 14 23 12 0 14 25 3 1.15502839226e-53 7 0 
105 39 0.0 1 14 20 0 60 34 1 0.16831662355 0 10 
105 39 0.0 9 10 10 0 45 40 2 1.36974236328e-21 4 3 
105 39 0.0 3 14 10 0 36 35 2 0.00430500804767 1 6 
105 39 0.0 7 5 4 0 35 38 2 0.30844494785 2 3 
105 39 0.0 2 17 4 0 41 50 1 0.267829352689 0 7 
105 39 0.0 11 14 30 0 31 46 2 6.71783513598e-47 8 3 
105 39 0.0 10 8 3 0 54 40 2 1.72695773888e-21 4 2 
105 39 0.0 8 7 7 0 46 34 2 1.39529409951e-21 4 2 
105 39 0.0 4 11 8 0 29 33 2 0.0118766910025 1 5 
105 39 0.0 13 28 15 0 17 48 3 2.05978224895e-56 8 1 
105 39 0.0 12 16 18 0 22 30 2 1.0361026693e-36 6 2 
105 39 0.0 5 8 11 0 40 45 2 4.05982763516e-09 3 4 
105 39 2.0 6 11 13 0 46 48 2 4.73149061031e-17 4 4 
105 39 2.0 14 23 12 0 14 25 3 2.6709302822e-19 7 0 
105 39 2.0 1 14 20 0 60 34 1 0.108437263733 0 10 
105 39 2.0 9 10 10 0 45 40 2 8.72711962998e-17 4 3 
105 39 2.0 3 14 10 0 36 35 2 0.00285313293232 1 6 
105 39 2.0 7 5 4 0 35 38 2 0.393302442482 2 3 
105 39 2.0 2 17 4 0 41 50 1 0.190755936912 0 7 
105 39 2.0 11 14 30 0 31 46 2 1.7421284166e-39 8 3 
105 39 2.0 10 8 3 0 54 40 2 1.07935326114e-16 4 2 
105 39 2.0 8 7 7 0 46 34 2 2.67118150347e-16 4 2 
105 39 2.0 4 11 8 0 29 33 2 0.0116509212408 1 5 
105 39 2.0 13 28 15 0 17 48 3 7.87377829069e-24 8 1 
105 39 2.0 12 16 18 0 22 30 2 2.19826982522e-21 6 2 
105 39 2.0 5 8 11 0 40 45 2 9.52350104538e-06 3 4 
105 40 0.0 6 11 13 0 46 48 2 5.88944105699e-22 4 4 
105 40 0.0 14 23 12 0 14 25 3 6.17427486251e-53 7 0 
105 40 0.0 1 14 20 0 60 34 1 0.168021249075 0 10 
105 40 0.0 9 10 10 0 45 40 2 3.73981845929e-22 4 3 
105 40 0.0 3 14 10 0 36 35 2 0.00786629957006 1 6 
105 40 0.0 7 5 4 0 35 38 2 0.308310302781 2 3 
105 40 0.0 2 17 4 0 41 50 1 0.268082091168 0 7 
105 40 0.0 11 14 30 0 31 46 2 8.93720234808e-47 8 3 
105 40 0.0 10 8 3 0 54 40 2 1.71308676575e-21 4 2 
105 40 0.0 8 7 7 0 46 34 2 1.11837656195e-21 4 2 
105 40 0.0 4 11 8 0 29 33 2 0.00837292316039 1 5 
105 40 0.0 13 28 15 0 17 48 3 1.59733855606e-56 8 1 
105 40 0.0 12 16 18 0 22 30 2 8.93553653602e-37 6 2 
105 40 0.0 5 8 11 0 40 45 2 6.66969407984e-09 3 4 
105 40 2.0 6 11 13 0 46 48 2 1.72393430681e-17 4 4 
105 40 2.0 14 23 12 0 14 25 3 6.2554640976e-19 7 0 
105 40 2.0 1 14 20 0 60 34 1 0.10837790353 0 10 
105 40 2.0 9 10 10 0 45 40 2 1.23953319934e-16 4 3 
105 40 2.0 3 14 10 0 36 35 2 0.00333830563243 1 6 
105 40 2.0 7 5 4 0 35 38 2 0.393274163061 2 3 
105 40 2.0 2 17 4 0 41 50 1 0.190809236114 0 7 
105 40 2.0 11 14 30 0 31 46 2 2.64414717432e-39 8 3 
105 40 2.0 10 8 3 0 54 40 2 7.86184486175e-17 4 2 
105 40 2.0 8 7 7 0 46 34 2 2.60440040889e-16 4 2 
105 40 2.0 4 11 8 0 29 33 2 0.0111772432855 1 5 
105 40 2.0 13 28 15 0 17 48 3 1.41890363636e-23 8 1 
105 40 2.0 12 16 18 0 22 30 2 2.22870315805e-21 6 2 
105 40 2.0 5 8 11 0 40 45 2 4.15175258793e-06 3 4 
