110 1 0.0 47 40 13 0 211 103 0 0 0 0 0 0 0 0 25.0 0.312768487854 0.0125107395142 0.180503497901 0.00551104124805 
110 1 2.0 47 40 13 0 211 103 0 0 0 0 0 0 0 0 25.0 0.291430348451 0.011657213938 0.128978453575 0.00676882895317 
110 2 0.0 47 40 13 0 211 103 0 0 0 0 0 0 0 0 25.0 0.323045266784 0.0129218106714 0.193376836736 0.00540285125202 
110 2 2.0 47 40 13 0 211 103 0 0 0 0 0 0 0 0 25.0 0.3218937256 0.012875749024 0.150255330675 0.00715159978856 
110 3 0.0 47 40 13 0 211 103 0 0 0 0 0 0 0 0 25.0 0.315187073582 0.0126074829433 0.183455310804 0.00548882344908 
110 3 2.0 47 40 13 0 211 103 0 0 0 0 0 0 0 0 25.0 0.288413373387 0.0115365349355 0.129205073192 0.00663367917481 
110 4 0.0 47 40 13 0 211 103 0 0 0 0 0 0 0 0 25.0 0.343612278151 0.013744491126 0.201726535111 0.00591190596001 
110 4 2.0 47 40 13 0 211 103 0 0 0 0 0 0 0 0 25.0 0.315020385693 0.0126008154277 0.151350561277 0.00681957601734 
110 5 0.0 47 40 13 0 211 103 0 0 0 0 0 0 0 0 25.0 0.341220268262 0.0136488107305 0.19793842868 0.00597007664923 
110 5 2.0 47 40 13 0 211 103 0 0 0 0 0 0 0 0 25.0 0.273498169224 0.0109399267689 0.121872173982 0.00631774980174 
110 6 0.0 47 40 13 0 211 103 0 0 0 0 0 0 0 0 25.0 0.331559884519 0.0132623953807 0.198560565918 0.00554163827503 
110 6 2.0 47 40 13 0 211 103 0 0 0 0 0 0 0 0 25.0 0.312534489458 0.0125013795783 0.151519341243 0.00670896450899 
110 7 0.0 47 40 13 0 211 103 0 0 0 0 0 0 0 0 25.0 0.339876294412 0.0135950517765 0.196836991327 0.0059599709619 
110 7 2.0 47 40 13 0 211 103 0 0 0 0 0 0 0 0 25.0 0.319539665142 0.0127815866057 0.149014152789 0.00710522968137 
110 8 0.0 47 40 13 0 211 103 0 0 0 0 0 0 0 0 25.0 0.312494311221 0.0124997724489 0.181188775676 0.00547106398105 
110 8 2.0 47 40 13 0 211 103 0 0 0 0 0 0 0 0 25.0 0.295935753466 0.0118374301387 0.128086100289 0.00699373554905 
110 9 0.0 47 40 13 0 211 103 0 0 0 0 0 0 0 0 25.0 0.31837916346 0.0127351665384 0.18878482281 0.00539976419375 
110 9 2.0 47 40 13 0 211 103 0 0 0 0 0 0 0 0 25.0 0.321670766413 0.0128668306565 0.150275050267 0.00714148817274 
110 10 0.0 47 40 13 0 211 103 0 0 0 0 0 0 0 0 25.0 0.323128642903 0.0129251457161 0.193195143432 0.0054138958113 
110 10 2.0 47 40 13 0 211 103 0 0 0 0 0 0 0 0 25.0 0.288582453938 0.0115432981575 0.122170624953 0.00693382620774 
110 1 0.0 47 40 13 0 211 103 0 0 0 0 0 0 0 0 25.0 0.341649810948 0.0136659924379 0.197869440652 0.00599084876232 
110 1 2.0 47 40 13 0 211 103 0 0 0 0 0 0 0 0 25.0 0.299461042971 0.0119784417188 0.132058494633 0.00697510618072 
110 2 0.0 47 40 13 0 211 103 0 0 0 0 0 0 0 0 25.0 0.342398353455 0.0136959341382 0.204358589241 0.00575165684227 
110 2 2.0 47 40 13 0 211 103 0 0 0 0 0 0 0 0 25.0 0.295919547246 0.0118367818898 0.13024578622 0.00690307337609 
110 3 0.0 47 40 13 0 211 103 0 0 0 0 0 0 0 0 25.0 0.32274460431 0.0129097841724 0.192700786478 0.00541849240969 
110 3 2.0 47 40 13 0 211 103 0 0 0 0 0 0 0 0 25.0 0.317855729013 0.0127142291605 0.15640191081 0.00672724242516 
110 4 0.0 47 40 13 0 211 103 0 0 0 0 0 0 0 0 25.0 0.328163519285 0.0131265407714 0.185433362236 0.00594708987707 
110 4 2.0 47 40 13 0 211 103 0 0 0 0 0 0 0 0 25.0 0.302910020558 0.0121164008223 0.135848023796 0.00696091653175 
110 5 0.0 47 40 13 0 211 103 0 0 0 0 0 0 0 0 25.0 0.313869152325 0.012554766093 0.181807673258 0.00550256162781 
110 5 2.0 47 40 13 0 211 103 0 0 0 0 0 0 0 0 25.0 0.288463819761 0.0115385527904 0.127537828993 0.00670524961535 
110 6 0.0 47 40 13 0 211 103 0 0 0 0 0 0 0 0 25.0 0.319937712178 0.0127975084871 0.188164647788 0.00549054434956 
110 6 2.0 47 40 13 0 211 103 0 0 0 0 0 0 0 0 25.0 0.314897140729 0.0125958856292 0.141416674711 0.00722835275075 
110 7 0.0 47 40 13 0 211 103 0 0 0 0 0 0 0 0 25.0 0.326914526342 0.0130765810537 0.197245788377 0.00540286408184 
110 7 2.0 47 40 13 0 211 103 0 0 0 0 0 0 0 0 25.0 0.292877642892 0.0117151057157 0.127137127813 0.00690585479497 
110 8 0.0 47 40 13 0 211 103 0 0 0 0 0 0 0 0 25.0 0.316103529082 0.0126441411633 0.186018187915 0.00542022254861 
110 8 2.0 47 40 13 0 211 103 0 0 0 0 0 0 0 0 25.0 0.309788963503 0.0123915585401 0.142624899486 0.00696516933404 
110 9 0.0 47 40 13 0 211 103 0 0 0 0 0 0 0 0 25.0 0.313746683087 0.0125498673235 0.182227318556 0.00547997352211 
110 9 2.0 47 40 13 0 211 103 0 0 0 0 0 0 0 0 25.0 0.305028860655 0.0122011544262 0.140806505268 0.00684259814111 
110 10 0.0 47 40 13 0 211 103 0 0 0 0 0 0 0 0 25.0 0.325240972938 0.0130096389175 0.190058911217 0.00563258590505 
110 10 2.0 47 40 13 0 211 103 0 0 0 0 0 0 0 0 25.0 0.296815612262 0.0118726244905 0.131339091075 0.00689485504946 
110 11 0.0 47 40 13 0 211 103 0 0 0 0 0 0 0 0 25.0 0.319002959066 0.0127601183626 0.189259295745 0.00540598597171 
110 11 2.0 47 40 13 0 211 103 0 0 0 0 0 0 0 0 25.0 0.305590601929 0.0122236240772 0.13999126844 0.00689997222871 
110 12 0.0 47 40 13 0 211 103 0 0 0 0 0 0 0 0 25.0 0.337747641424 0.013509905657 0.203272024067 0.00560315072319 
110 12 2.0 47 40 13 0 211 103 0 0 0 0 0 0 0 0 25.0 0.322807760802 0.0129123104321 0.15213800137 0.00711123997632 
110 13 0.0 47 40 13 0 211 103 0 0 0 0 0 0 0 0 25.0 0.325380896163 0.0130152358465 0.195160566778 0.0054258470577 
110 13 2.0 47 40 13 0 211 103 0 0 0 0 0 0 0 0 25.0 0.289573188851 0.0115829275541 0.147477672731 0.00592064650502 
110 14 0.0 47 40 13 0 211 103 0 0 0 0 0 0 0 0 25.0 0.329038441666 0.0131615376666 0.199496413523 0.00539758450595 
110 14 2.0 47 40 13 0 211 103 0 0 0 0 0 0 0 0 25.0 0.318256605104 0.0127302642042 0.14804432577 0.00709217830562 
110 15 0.0 47 40 13 0 211 103 0 0 0 0 0 0 0 0 25.0 0.339308420338 0.0135723368135 0.206277975806 0.00554293518886 
110 15 2.0 47 40 13 0 211 103 0 0 0 0 0 0 0 0 25.0 0.298679878324 0.011947195133 0.138875476219 0.00665851675438 
110 16 0.0 47 40 13 0 211 103 0 0 0 0 0 0 0 0 25.0 0.337522850118 0.0135009140047 0.206330763159 0.00546633695663 
110 16 2.0 47 40 13 0 211 103 0 0 0 0 0 0 0 0 25.0 0.27908793229 0.0111635172916 0.121086436391 0.00658339566246 
110 17 0.0 47 40 13 0 211 103 0 0 0 0 0 0 0 0 25.0 0.31969966464 0.0127879865856 0.189878038741 0.00540923441246 
110 17 2.0 47 40 13 0 211 103 0 0 0 0 0 0 0 0 25.0 0.290737582736 0.0116295033095 0.124890954479 0.00691027617741 
110 18 0.0 47 40 13 0 211 103 0 0 0 0 0 0 0 0 25.0 0.338587914613 0.0135435165845 0.204808635337 0.00557413663653 
110 18 2.0 47 40 13 0 211 103 0 0 0 0 0 0 0 0 25.0 0.312585379166 0.0125034151667 0.141618676914 0.00712361259385 
110 19 0.0 47 40 13 0 211 103 0 0 0 0 0 0 0 0 25.0 0.342314969329 0.0136925987732 0.204414717969 0.00574584380666 
110 19 2.0 47 40 13 0 211 103 0 0 0 0 0 0 0 0 25.0 0.272287268685 0.0108914907474 0.137219192508 0.00562783650738 
110 20 0.0 47 40 13 0 211 103 0 0 0 0 0 0 0 0 25.0 0.320954075325 0.012838163013 0.181353709052 0.00581668192807 
110 20 2.0 47 40 13 0 211 103 0 0 0 0 0 0 0 0 25.0 0.309152934649 0.0123661173859 0.139799133799 0.00705640836873 
110 21 0.0 47 40 13 0 211 103 0 0 0 0 0 0 0 0 25.0 0.326965927702 0.0130786371081 0.19668478681 0.00542838087049 
110 21 2.0 47 40 13 0 211 103 0 0 0 0 0 0 0 0 25.0 0.287416369785 0.0114966547914 0.123146008605 0.00684459838249 
110 22 0.0 47 40 13 0 211 103 0 0 0 0 0 0 0 0 25.0 0.323257750961 0.0129303100385 0.184623717515 0.00577641806027 
110 22 2.0 47 40 13 0 211 103 0 0 0 0 0 0 0 0 25.0 0.284043309553 0.0113617323821 0.135253106175 0.00619959180743 
110 23 0.0 47 40 13 0 211 103 0 0 0 0 0 0 0 0 25.0 0.322122458687 0.0128848983475 0.19192201447 0.00542501850903 
110 23 2.0 47 40 13 0 211 103 0 0 0 0 0 0 0 0 25.0 0.289496104895 0.0115798441958 0.128887708051 0.00669201653516 
110 24 0.0 47 40 13 0 211 103 0 0 0 0 0 0 0 0 25.0 0.343320595156 0.0137328238062 0.208631197112 0.00561205825182 
110 24 2.0 47 40 13 0 211 103 0 0 0 0 0 0 0 0 25.0 0.292765617823 0.0117106247129 0.128471834458 0.00684557430689 
110 25 0.0 47 40 13 0 211 103 0 0 0 0 0 0 0 0 25.0 0.328198426081 0.0131279370433 0.187160949377 0.00587656152937 
110 25 2.0 47 40 13 0 211 103 0 0 0 0 0 0 0 0 25.0 0.302506239218 0.0121002495687 0.136221937905 0.00692851255468 
110 26 0.0 47 40 13 0 211 103 0 0 0 0 0 0 0 0 25.0 0.316770114466 0.0126708045786 0.178715778106 0.005752264015 
110 26 2.0 47 40 13 0 211 103 0 0 0 0 0 0 0 0 25.0 0.302333857583 0.0120933543033 0.138817958896 0.00681316244529 
110 27 0.0 47 40 13 0 211 103 0 0 0 0 0 0 0 0 25.0 0.314494772354 0.0125797908941 0.184503572459 0.00541629999561 
110 27 2.0 47 40 13 0 211 103 0 0 0 0 0 0 0 0 25.0 0.299619399155 0.0119847759662 0.134465668947 0.00688140542533 
110 28 0.0 47 40 13 0 211 103 0 0 0 0 0 0 0 0 25.0 0.331375554559 0.0132550221824 0.201311189682 0.00541934853653 
110 28 2.0 47 40 13 0 211 103 0 0 0 0 0 0 0 0 25.0 0.295736766843 0.0118294706737 0.136564367825 0.00663218329242 
110 29 0.0 47 40 13 0 211 103 0 0 0 0 0 0 0 0 25.0 0.317768790681 0.0127107516272 0.187446975438 0.00543007563514 
110 29 2.0 47 40 13 0 211 103 0 0 0 0 0 0 0 0 25.0 0.297316502674 0.011892660107 0.135267795763 0.00675202945464 
110 30 0.0 47 40 13 0 211 103 0 0 0 0 0 0 0 0 25.0 0.32870314071 0.0131481256284 0.188336955767 0.00584859103931 
110 30 2.0 47 40 13 0 211 103 0 0 0 0 0 0 0 0 25.0 0.284214976102 0.0113685990441 0.138097699404 0.00608821986243 
110 31 0.0 47 40 13 0 211 103 0 0 0 0 0 0 0 0 25.0 0.320263000981 0.0128105200392 0.188758959498 0.0054793350618 
110 31 2.0 47 40 13 0 211 103 0 0 0 0 0 0 0 0 25.0 0.270744609241 0.0108297843697 0.131732852991 0.00579215651044 
110 32 0.0 47 40 13 0 211 103 0 0 0 0 0 0 0 0 25.0 0.338203871608 0.0135281548643 0.192781006636 0.00605928604051 
110 32 2.0 47 40 13 0 211 103 0 0 0 0 0 0 0 0 25.0 0.297707611794 0.0119083044718 0.14220246067 0.00647938129686 
110 33 0.0 47 40 13 0 211 103 0 0 0 0 0 0 0 0 25.0 0.335129490463 0.0134051796185 0.203626093438 0.00547930820939 
110 33 2.0 47 40 13 0 211 103 0 0 0 0 0 0 0 0 25.0 0.270781385355 0.0108312554142 0.121567887182 0.00621722909051 
110 34 0.0 47 40 13 0 211 103 0 0 0 0 0 0 0 0 25.0 0.319935522628 0.0127974209051 0.18541125838 0.00560517767703 
110 34 2.0 47 40 13 0 211 103 0 0 0 0 0 0 0 0 25.0 0.268176517172 0.0107270606869 0.123336767339 0.00603498957636 
110 35 0.0 47 40 13 0 211 103 0 0 0 0 0 0 0 0 25.0 0.325334225497 0.0130133690199 0.195526313386 0.00540866300463 
110 35 2.0 47 40 13 0 211 103 0 0 0 0 0 0 0 0 25.0 0.287522482508 0.0115008993003 0.124950058442 0.00677385100273 
110 36 0.0 47 40 13 0 211 103 0 0 0 0 0 0 0 0 25.0 0.34339005728 0.0137356022912 0.207639995069 0.00565625259214 
110 36 2.0 47 40 13 0 211 103 0 0 0 0 0 0 0 0 25.0 0.280148909002 0.0112059563601 0.115850289073 0.00684577583037 
110 37 0.0 47 40 13 0 211 103 0 0 0 0 0 0 0 0 25.0 0.318308688531 0.0127323475412 0.187851008783 0.00543573665614 
110 37 2.0 47 40 13 0 211 103 0 0 0 0 0 0 0 0 25.0 0.310817689609 0.0124327075844 0.139671103657 0.00713110774799 
110 38 0.0 47 40 13 0 211 103 0 0 0 0 0 0 0 0 25.0 0.328642989724 0.013145719589 0.182417347668 0.00609273508566 
110 38 2.0 47 40 13 0 211 103 0 0 0 0 0 0 0 0 25.0 0.266744769847 0.0106697907939 0.119544608646 0.00613334005005 
110 39 0.0 47 40 13 0 211 103 0 0 0 0 0 0 0 0 25.0 0.331852279995 0.0132740911998 0.189025276488 0.00595112514613 
110 39 2.0 47 40 13 0 211 103 0 0 0 0 0 0 0 0 25.0 0.287837744562 0.0115135097825 0.149375620939 0.00576925515095 
110 40 0.0 47 40 13 0 211 103 0 0 0 0 0 0 0 0 25.0 0.34096387906 0.0136385551624 0.200312173558 0.00586048772924 
110 40 2.0 47 40 13 0 211 103 0 0 0 0 0 0 0 0 25.0 0.276237702515 0.0110495081006 0.143139801305 0.00554574588373 
