154 1 0.0 6 9 0 0 6 11 2 0.149835343511 1 2 
154 1 0.0 9 4 3 0 7 21 3 7.43009899787e-09 1 3 
154 1 0.0 1 5 1 0 2 8 1 0.201948071277 0 2 
154 1 0.0 3 2 0 0 1 2 1 0.203441260336 0 1 
154 1 0.0 2 3 2 0 5 20 1 0.190265865746 0 3 
154 1 0.0 11 5 5 0 8 16 3 6.99954693942e-69 2 2 
154 1 0.0 5 0 1 0 5 13 2 0.141522529882 1 1 
154 1 0.0 10 7 3 0 8 20 3 1.54360465906e-68 2 2 
154 1 0.0 8 16 7 0 20 32 2 0.0260034956405 4 4 
154 1 0.0 4 6 1 0 6 9 2 0.141608005425 1 2 
154 1 0.0 13 5 9 0 14 31 2 2.04171436886e-48 7 0 
154 1 0.0 7 4 0 0 5 5 3 2.42474685458e-12 1 1 
154 1 0.0 12 6 7 0 9 16 3 9.71333596847e-73 4 1 
154 1 2.0 6 9 0 0 6 11 2 0.172077070178 1 2 
154 1 2.0 9 4 3 0 7 21 3 0.219535491 1 3 
154 1 2.0 1 5 1 0 2 8 1 0.419180380968 0 2 
154 1 2.0 3 2 0 0 1 2 1 0.424678323739 0 1 
154 1 2.0 2 3 2 0 5 20 1 0.127492458956 0 3 
154 1 2.0 11 5 5 0 8 16 3 0.0869750825242 2 2 
154 1 2.0 5 0 1 0 5 13 2 0.177350752372 1 1 
154 1 2.0 10 7 3 0 8 20 3 0.0837161418517 2 2 
154 1 2.0 8 16 7 0 20 32 2 0.00798436890908 4 4 
154 1 2.0 4 6 1 0 6 9 2 0.164754370369 1 2 
154 1 2.0 13 5 9 0 14 31 2 7.67859274896e-18 7 0 
154 1 2.0 7 4 0 0 5 5 3 0.222726952888 1 1 
154 1 2.0 12 6 7 0 9 16 3 4.94271285852e-06 4 1 
154 2 0.0 6 9 0 0 6 11 2 0.149635844975 1 2 
154 2 0.0 9 4 3 0 7 21 3 5.32260321298e-09 1 3 
154 2 0.0 1 5 1 0 2 8 1 0.200461501266 0 2 
154 2 0.0 3 2 0 0 1 2 1 0.201688808464 0 1 
154 2 0.0 2 3 2 0 5 20 1 0.190202187988 0 3 
154 2 0.0 11 5 5 0 8 16 3 1.99830630839e-73 2 2 
154 2 0.0 5 0 1 0 5 13 2 0.142867020458 1 1 
154 2 0.0 10 7 3 0 8 20 3 6.40813559548e-73 2 2 
154 2 0.0 8 16 7 0 20 32 2 0.0221718008426 4 4 
154 2 0.0 4 6 1 0 6 9 2 0.142558091568 1 2 
154 2 0.0 13 5 9 0 14 31 2 2.52052407575e-49 7 0 
154 2 0.0 7 4 0 0 5 5 3 6.19250655679e-10 1 1 
154 2 0.0 12 6 7 0 9 16 3 1.25230344051e-75 4 1 
154 2 2.0 6 9 0 0 6 11 2 0.164180752211 1 2 
154 2 2.0 9 4 3 0 7 21 3 0.2241751691 1 3 
154 2 2.0 1 5 1 0 2 8 1 0.422088672131 0 2 
154 2 2.0 3 2 0 0 1 2 1 0.419846215761 0 1 
154 2 2.0 2 3 2 0 5 20 1 0.127212749995 0 3 
154 2 2.0 11 5 5 0 8 16 3 0.0883760808779 2 2 
154 2 2.0 5 0 1 0 5 13 2 0.178187115716 1 1 
154 2 2.0 10 7 3 0 8 20 3 0.0841202558528 2 2 
154 2 2.0 8 16 7 0 20 32 2 0.00792541908967 4 4 
154 2 2.0 4 6 1 0 6 9 2 0.162260031364 1 2 
154 2 2.0 13 5 9 0 14 31 2 5.1625890857e-17 7 0 
154 2 2.0 7 4 0 0 5 5 3 0.220801555419 1 1 
154 2 2.0 12 6 7 0 9 16 3 1.23694435817e-05 4 1 
154 3 0.0 6 9 0 0 6 11 2 0.149620374768 1 2 
154 3 0.0 9 4 3 0 7 21 3 2.07528065217e-09 1 3 
154 3 0.0 1 5 1 0 2 8 1 0.197751851711 0 2 
154 3 0.0 3 2 0 0 1 2 1 0.198418126397 0 1 
154 3 0.0 2 3 2 0 5 20 1 0.190861490368 0 3 
154 3 0.0 11 5 5 0 8 16 3 2.89679199014e-76 2 2 
154 3 0.0 5 0 1 0 5 13 2 0.14462250994 1 1 
154 3 0.0 10 7 3 0 8 20 3 4.33245994456e-76 2 2 
154 3 0.0 8 16 7 0 20 32 2 0.0155020309202 4 4 
154 3 0.0 4 6 1 0 6 9 2 0.145004716279 1 2 
154 3 0.0 13 5 9 0 14 31 2 6.32168012713e-50 7 0 
154 3 0.0 7 4 0 0 5 5 3 3.54609421371e-10 1 1 
154 3 0.0 12 6 7 0 9 16 3 1.13907471454e-76 4 1 
154 3 2.0 6 9 0 0 6 11 2 0.170776558498 1 2 
154 3 2.0 9 4 3 0 7 21 3 0.226797840981 1 3 
154 3 2.0 1 5 1 0 2 8 1 0.416531948269 0 2 
154 3 2.0 3 2 0 0 1 2 1 0.415900892753 0 1 
154 3 2.0 2 3 2 0 5 20 1 0.125946683038 0 3 
154 3 2.0 11 5 5 0 8 16 3 0.0872801319584 2 2 
154 3 2.0 5 0 1 0 5 13 2 0.177680381719 1 1 
154 3 2.0 10 7 3 0 8 20 3 0.0835133700947 2 2 
154 3 2.0 8 16 7 0 20 32 2 0.0080348293049 4 4 
154 3 2.0 4 6 1 0 6 9 2 0.166173257783 1 2 
154 3 2.0 13 5 9 0 14 31 2 2.85140243906e-17 7 0 
154 3 2.0 7 4 0 0 5 5 3 0.224896773389 1 1 
154 3 2.0 12 6 7 0 9 16 3 1.81444760006e-05 4 1 
154 4 0.0 6 9 0 0 6 11 2 0.149420808963 1 2 
154 4 0.0 9 4 3 0 7 21 3 1.02590849498e-08 1 3 
154 4 0.0 1 5 1 0 2 8 1 0.198731463176 0 2 
154 4 0.0 3 2 0 0 1 2 1 0.200012774841 0 1 
154 4 0.0 2 3 2 0 5 20 1 0.190681399523 0 3 
154 4 0.0 11 5 5 0 8 16 3 3.60394709707e-75 2 2 
154 4 0.0 5 0 1 0 5 13 2 0.1438250767 1 1 
154 4 0.0 10 7 3 0 8 20 3 4.88361495371e-75 2 2 
154 4 0.0 8 16 7 0 20 32 2 0.018711405679 4 4 
154 4 0.0 4 6 1 0 6 9 2 0.143855796265 1 2 
154 4 0.0 13 5 9 0 14 31 2 1.82711963639e-49 7 0 
154 4 0.0 7 4 0 0 5 5 3 6.3091790359e-10 1 1 
154 4 0.0 12 6 7 0 9 16 3 2.62849538733e-76 4 1 
154 4 2.0 6 9 0 0 6 11 2 0.173259481208 1 2 
154 4 2.0 9 4 3 0 7 21 3 0.225331180261 1 3 
154 4 2.0 1 5 1 0 2 8 1 0.419845751521 0 2 
154 4 2.0 3 2 0 0 1 2 1 0.417242604363 0 1 
154 4 2.0 2 3 2 0 5 20 1 0.126720788137 0 3 
154 4 2.0 11 5 5 0 8 16 3 0.0868612092553 2 2 
154 4 2.0 5 0 1 0 5 13 2 0.178510485914 1 1 
154 4 2.0 10 7 3 0 8 20 3 0.0833164428076 2 2 
154 4 2.0 8 16 7 0 20 32 2 0.00808567047791 4 4 
154 4 2.0 4 6 1 0 6 9 2 0.167052128714 1 2 
154 4 2.0 13 5 9 0 14 31 2 1.5506201088e-17 7 0 
154 4 2.0 7 4 0 0 5 5 3 0.221993696311 1 1 
154 4 2.0 12 6 7 0 9 16 3 1.11095353096e-05 4 1 
154 5 0.0 6 9 0 0 6 11 2 0.149616768385 1 2 
154 5 0.0 9 4 3 0 7 21 3 6.10197726514e-09 1 3 
154 5 0.0 1 5 1 0 2 8 1 0.200041679773 0 2 
154 5 0.0 3 2 0 0 1 2 1 0.201600209402 0 1 
154 5 0.0 2 3 2 0 5 20 1 0.190134353604 0 3 
154 5 0.0 11 5 5 0 8 16 3 1.43895341696e-74 2 2 
154 5 0.0 5 0 1 0 5 13 2 0.143049535941 1 1 
154 5 0.0 10 7 3 0 8 20 3 7.96077490471e-74 2 2 
154 5 0.0 8 16 7 0 20 32 2 0.0214753845418 4 4 
154 5 0.0 4 6 1 0 6 9 2 0.142697473819 1 2 
154 5 0.0 13 5 9 0 14 31 2 1.90332795333e-49 7 0 
154 5 0.0 7 4 0 0 5 5 3 4.31922551901e-10 1 1 
154 5 0.0 12 6 7 0 9 16 3 2.36258932728e-75 4 1 
154 5 2.0 6 9 0 0 6 11 2 0.169033004525 1 2 
154 5 2.0 9 4 3 0 7 21 3 0.223873622041 1 3 
154 5 2.0 1 5 1 0 2 8 1 0.419110971888 0 2 
154 5 2.0 3 2 0 0 1 2 1 0.420019612637 0 1 
154 5 2.0 2 3 2 0 5 20 1 0.126067467266 0 3 
154 5 2.0 11 5 5 0 8 16 3 0.0875084514508 2 2 
154 5 2.0 5 0 1 0 5 13 2 0.17744774519 1 1 
154 5 2.0 10 7 3 0 8 20 3 0.08357910462 2 2 
154 5 2.0 8 16 7 0 20 32 2 0.00786453690229 4 4 
154 5 2.0 4 6 1 0 6 9 2 0.165808130761 1 2 
154 5 2.0 13 5 9 0 14 31 2 5.56937519392e-17 7 0 
154 5 2.0 7 4 0 0 5 5 3 0.223123983855 1 1 
154 5 2.0 12 6 7 0 9 16 3 1.9665788898e-05 4 1 
154 6 0.0 6 9 0 0 6 11 2 0.149498824893 1 2 
154 6 0.0 9 4 3 0 7 21 3 2.68760823e-09 1 3 
154 6 0.0 1 5 1 0 2 8 1 0.199148198484 0 2 
154 6 0.0 3 2 0 0 1 2 1 0.200571223729 0 1 
154 6 0.0 2 3 2 0 5 20 1 0.190597220808 0 3 
154 6 0.0 11 5 5 0 8 16 3 3.29734001185e-75 2 2 
154 6 0.0 5 0 1 0 5 13 2 0.143464077069 1 1 
154 6 0.0 10 7 3 0 8 20 3 1.40920530535e-74 2 2 
154 6 0.0 8 16 7 0 20 32 2 0.019759461737 4 4 
154 6 0.0 4 6 1 0 6 9 2 0.143291015838 1 2 
154 6 0.0 13 5 9 0 14 31 2 1.46671324465e-49 7 0 
154 6 0.0 7 4 0 0 5 5 3 8.16214192388e-10 1 1 
154 6 0.0 12 6 7 0 9 16 3 5.25447768576e-76 4 1 
154 6 2.0 6 9 0 0 6 11 2 0.162026363193 1 2 
154 6 2.0 9 4 3 0 7 21 3 0.225915137426 1 3 
154 6 2.0 1 5 1 0 2 8 1 0.417904484828 0 2 
154 6 2.0 3 2 0 0 1 2 1 0.41787776129 0 1 
154 6 2.0 2 3 2 0 5 20 1 0.125630102143 0 3 
154 6 2.0 11 5 5 0 8 16 3 0.088755954039 2 2 
154 6 2.0 5 0 1 0 5 13 2 0.177221319571 1 1 
154 6 2.0 10 7 3 0 8 20 3 0.0839762734256 2 2 
154 6 2.0 8 16 7 0 20 32 2 0.00798011969918 4 4 
154 6 2.0 4 6 1 0 6 9 2 0.163489579719 1 2 
154 6 2.0 13 5 9 0 14 31 2 2.63266051266e-17 7 0 
154 6 2.0 7 4 0 0 5 5 3 0.224006548655 1 1 
154 6 2.0 12 6 7 0 9 16 3 7.64179879353e-06 4 1 
154 7 0.0 6 9 0 0 6 11 2 0.149671560514 1 2 
154 7 0.0 9 4 3 0 7 21 3 6.68610116106e-09 1 3 
154 7 0.0 1 5 1 0 2 8 1 0.200519751522 0 2 
154 7 0.0 3 2 0 0 1 2 1 0.201817943907 0 1 
154 7 0.0 2 3 2 0 5 20 1 0.190605871601 0 3 
154 7 0.0 11 5 5 0 8 16 3 1.41233758097e-73 2 2 
154 7 0.0 5 0 1 0 5 13 2 0.142444770784 1 1 
154 7 0.0 10 7 3 0 8 20 3 1.6801441722e-72 2 2 
154 7 0.0 8 16 7 0 20 32 2 0.023098267074 4 4 
154 7 0.0 4 6 1 0 6 9 2 0.142429198808 1 2 
154 7 0.0 13 5 9 0 14 31 2 6.14183805657e-49 7 0 
154 7 0.0 7 4 0 0 5 5 3 4.87124521988e-10 1 1 
154 7 0.0 12 6 7 0 9 16 3 2.69363687939e-75 4 1 
154 7 2.0 6 9 0 0 6 11 2 0.170234038298 1 2 
154 7 2.0 9 4 3 0 7 21 3 0.227659037155 1 3 
154 7 2.0 1 5 1 0 2 8 1 0.417238474569 0 2 
154 7 2.0 3 2 0 0 1 2 1 0.41485700772 0 1 
154 7 2.0 2 3 2 0 5 20 1 0.126974803838 0 3 
154 7 2.0 11 5 5 0 8 16 3 0.0873803719087 2 2 
154 7 2.0 5 0 1 0 5 13 2 0.177875237835 1 1 
154 7 2.0 10 7 3 0 8 20 3 0.0838815778142 2 2 
154 7 2.0 8 16 7 0 20 32 2 0.00803838360243 4 4 
154 7 2.0 4 6 1 0 6 9 2 0.1639130462 1 2 
154 7 2.0 13 5 9 0 14 31 2 4.34163561379e-17 7 0 
154 7 2.0 7 4 0 0 5 5 3 0.224471973665 1 1 
154 7 2.0 12 6 7 0 9 16 3 1.94153590574e-05 4 1 
154 8 0.0 6 9 0 0 6 11 2 0.14955992073 1 2 
154 8 0.0 9 4 3 0 7 21 3 8.11798696096e-10 1 3 
154 8 0.0 1 5 1 0 2 8 1 0.201259603251 0 2 
154 8 0.0 3 2 0 0 1 2 1 0.20242377397 0 1 
154 8 0.0 2 3 2 0 5 20 1 0.190252972301 0 3 
154 8 0.0 11 5 5 0 8 16 3 2.43456252279e-72 2 2 
154 8 0.0 5 0 1 0 5 13 2 0.141838571397 1 1 
154 8 0.0 10 7 3 0 8 20 3 1.24516399394e-71 2 2 
154 8 0.0 8 16 7 0 20 32 2 0.0245603739516 4 4 
154 8 0.0 4 6 1 0 6 9 2 0.142005473376 1 2 
154 8 0.0 13 5 9 0 14 31 2 5.78679449706e-49 7 0 
154 8 0.0 7 4 0 0 5 5 3 1.5654510701e-10 1 1 
154 8 0.0 12 6 7 0 9 16 3 1.43401140309e-74 4 1 
154 8 2.0 6 9 0 0 6 11 2 0.163647287019 1 2 
154 8 2.0 9 4 3 0 7 21 3 0.226263526987 1 3 
154 8 2.0 1 5 1 0 2 8 1 0.419127057677 0 2 
154 8 2.0 3 2 0 0 1 2 1 0.417363963083 0 1 
154 8 2.0 2 3 2 0 5 20 1 0.127283159192 0 3 
154 8 2.0 11 5 5 0 8 16 3 0.0884764949844 2 2 
154 8 2.0 5 0 1 0 5 13 2 0.178357736049 1 1 
154 8 2.0 10 7 3 0 8 20 3 0.0839676727518 2 2 
154 8 2.0 8 16 7 0 20 32 2 0.00795093468885 4 4 
154 8 2.0 4 6 1 0 6 9 2 0.163462293529 1 2 
154 8 2.0 13 5 9 0 14 31 2 1.94590293963e-17 7 0 
154 8 2.0 7 4 0 0 5 5 3 0.223110526211 1 1 
154 8 2.0 12 6 7 0 9 16 3 3.15313423929e-06 4 1 
154 9 0.0 6 9 0 0 6 11 2 0.14981021026 1 2 
154 9 0.0 9 4 3 0 7 21 3 1.57249759575e-08 1 3 
154 9 0.0 1 5 1 0 2 8 1 0.202007078512 0 2 
154 9 0.0 3 2 0 0 1 2 1 0.203399810079 0 1 
154 9 0.0 2 3 2 0 5 20 1 0.190322494253 0 3 
154 9 0.0 11 5 5 0 8 16 3 9.61107519986e-68 2 2 
154 9 0.0 5 0 1 0 5 13 2 0.141600999177 1 1 
154 9 0.0 10 7 3 0 8 20 3 4.88684582429e-68 2 2 
154 9 0.0 8 16 7 0 20 32 2 0.0265255575668 4 4 
154 9 0.0 4 6 1 0 6 9 2 0.141395602182 1 2 
154 9 0.0 13 5 9 0 14 31 2 4.68180177404e-48 7 0 
154 9 0.0 7 4 0 0 5 5 3 2.81728927383e-12 1 1 
154 9 0.0 12 6 7 0 9 16 3 1.92179148176e-72 4 1 
154 9 2.0 6 9 0 0 6 11 2 0.167303894564 1 2 
154 9 2.0 9 4 3 0 7 21 3 0.219626329069 1 3 
154 9 2.0 1 5 1 0 2 8 1 0.419824682982 0 2 
154 9 2.0 3 2 0 0 1 2 1 0.42531486319 0 1 
154 9 2.0 2 3 2 0 5 20 1 0.127293070674 0 3 
154 9 2.0 11 5 5 0 8 16 3 0.0877611645228 2 2 
154 9 2.0 5 0 1 0 5 13 2 0.177860200521 1 1 
154 9 2.0 10 7 3 0 8 20 3 0.0838176695726 2 2 
154 9 2.0 8 16 7 0 20 32 2 0.00789055947233 4 4 
154 9 2.0 4 6 1 0 6 9 2 0.164246074639 1 2 
154 9 2.0 13 5 9 0 14 31 2 2.8412291958e-17 7 0 
154 9 2.0 7 4 0 0 5 5 3 0.222484074719 1 1 
154 9 2.0 12 6 7 0 9 16 3 1.51132940834e-05 4 1 
154 10 0.0 6 9 0 0 6 11 2 0.149839923139 1 2 
154 10 0.0 9 4 3 0 7 21 3 7.2161119178e-09 1 3 
154 10 0.0 1 5 1 0 2 8 1 0.201811930796 0 2 
154 10 0.0 3 2 0 0 1 2 1 0.202896831407 0 1 
154 10 0.0 2 3 2 0 5 20 1 0.190149033244 0 3 
154 10 0.0 11 5 5 0 8 16 3 1.05677657659e-70 2 2 
154 10 0.0 5 0 1 0 5 13 2 0.141603297138 1 1 
154 10 0.0 10 7 3 0 8 20 3 9.55261535836e-70 2 2 
154 10 0.0 8 16 7 0 20 32 2 0.0256917026027 4 4 
154 10 0.0 4 6 1 0 6 9 2 0.141799922839 1 2 
154 10 0.0 13 5 9 0 14 31 2 1.22765520954e-48 7 0 
154 10 0.0 7 4 0 0 5 5 3 4.3010491605e-11 1 1 
154 10 0.0 12 6 7 0 9 16 3 9.00914995084e-74 4 1 
154 10 2.0 6 9 0 0 6 11 2 0.16519445095 1 2 
154 10 2.0 9 4 3 0 7 21 3 0.222104823342 1 3 
154 10 2.0 1 5 1 0 2 8 1 0.417675789331 0 2 
154 10 2.0 3 2 0 0 1 2 1 0.422487261314 0 1 
154 10 2.0 2 3 2 0 5 20 1 0.127271137597 0 3 
154 10 2.0 11 5 5 0 8 16 3 0.0881544574786 2 2 
154 10 2.0 5 0 1 0 5 13 2 0.178144320692 1 1 
154 10 2.0 10 7 3 0 8 20 3 0.0836678213791 2 2 
154 10 2.0 8 16 7 0 20 32 2 0.00790729739543 4 4 
154 10 2.0 4 6 1 0 6 9 2 0.165319381677 1 2 
154 10 2.0 13 5 9 0 14 31 2 3.98022504576e-17 7 0 
154 10 2.0 7 4 0 0 5 5 3 0.224213213675 1 1 
154 10 2.0 12 6 7 0 9 16 3 1.91273706895e-05 4 1 
154 11 0.0 6 9 0 0 6 11 2 0.149809726967 1 2 
154 11 0.0 9 4 3 0 7 21 3 7.96652998135e-09 1 3 
154 11 0.0 1 5 1 0 2 8 1 0.20203470062 0 2 
154 11 0.0 3 2 0 0 1 2 1 0.203566771666 0 1 
154 11 0.0 2 3 2 0 5 20 1 0.19038264526 0 3 
154 11 0.0 11 5 5 0 8 16 3 3.04278014433e-65 2 2 
154 11 0.0 5 0 1 0 5 13 2 0.141246712944 1 1 
154 11 0.0 10 7 3 0 8 20 3 4.33616115892e-65 2 2 
154 11 0.0 8 16 7 0 20 32 2 0.0268730459834 4 4 
154 11 0.0 4 6 1 0 6 9 2 0.141368934236 1 2 
154 11 0.0 13 5 9 0 14 31 2 1.10473035305e-47 7 0 
154 11 0.0 7 4 0 0 5 5 3 2.72916058574e-13 1 1 
154 11 0.0 12 6 7 0 9 16 3 2.63118185065e-71 4 1 
154 11 2.0 6 9 0 0 6 11 2 0.164232266837 1 2 
154 11 2.0 9 4 3 0 7 21 3 0.220043855957 1 3 
154 11 2.0 1 5 1 0 2 8 1 0.419060925502 0 2 
154 11 2.0 3 2 0 0 1 2 1 0.425033901234 0 1 
154 11 2.0 2 3 2 0 5 20 1 0.125996822881 0 3 
154 11 2.0 11 5 5 0 8 16 3 0.0883002841839 2 2 
154 11 2.0 5 0 1 0 5 13 2 0.178062736679 1 1 
154 11 2.0 10 7 3 0 8 20 3 0.0840648711013 2 2 
154 11 2.0 8 16 7 0 20 32 2 0.00792360613725 4 4 
154 11 2.0 4 6 1 0 6 9 2 0.162818932817 1 2 
154 11 2.0 13 5 9 0 14 31 2 5.46550477982e-17 7 0 
154 11 2.0 7 4 0 0 5 5 3 0.223145357313 1 1 
154 11 2.0 12 6 7 0 9 16 3 2.66226907886e-05 4 1 
154 12 0.0 6 9 0 0 6 11 2 0.149696570212 1 2 
154 12 0.0 9 4 3 0 7 21 3 6.44098743655e-10 1 3 
154 12 0.0 1 5 1 0 2 8 1 0.200766155845 0 2 
154 12 0.0 3 2 0 0 1 2 1 0.202257820546 0 1 
154 12 0.0 2 3 2 0 5 20 1 0.190335137241 0 3 
154 12 0.0 11 5 5 0 8 16 3 3.8643734288e-73 2 2 
154 12 0.0 5 0 1 0 5 13 2 0.142239044112 1 1 
154 12 0.0 10 7 3 0 8 20 3 1.78903745432e-72 2 2 
154 12 0.0 8 16 7 0 20 32 2 0.0236332195159 4 4 
154 12 0.0 4 6 1 0 6 9 2 0.142138729576 1 2 
154 12 0.0 13 5 9 0 14 31 2 4.66544428675e-49 7 0 
154 12 0.0 7 4 0 0 5 5 3 1.76088433576e-10 1 1 
154 12 0.0 12 6 7 0 9 16 3 3.59099437819e-75 4 1 
154 12 2.0 6 9 0 0 6 11 2 0.167131350051 1 2 
154 12 2.0 9 4 3 0 7 21 3 0.227938364011 1 3 
154 12 2.0 1 5 1 0 2 8 1 0.416865519911 0 2 
154 12 2.0 3 2 0 0 1 2 1 0.414883214217 0 1 
154 12 2.0 2 3 2 0 5 20 1 0.127226073787 0 3 
154 12 2.0 11 5 5 0 8 16 3 0.0878989307897 2 2 
154 12 2.0 5 0 1 0 5 13 2 0.176441809445 1 1 
154 12 2.0 10 7 3 0 8 20 3 0.0836883399063 2 2 
154 12 2.0 8 16 7 0 20 32 2 0.0080194541117 4 4 
154 12 2.0 4 6 1 0 6 9 2 0.165119811138 1 2 
154 12 2.0 13 5 9 0 14 31 2 5.6795445646e-17 7 0 
154 12 2.0 7 4 0 0 5 5 3 0.224734284858 1 1 
154 12 2.0 12 6 7 0 9 16 3 2.51793564871e-05 4 1 
154 13 0.0 6 9 0 0 6 11 2 0.149665423553 1 2 
154 13 0.0 9 4 3 0 7 21 3 1.47726862643e-08 1 3 
154 13 0.0 1 5 1 0 2 8 1 0.200930492066 0 2 
154 13 0.0 3 2 0 0 1 2 1 0.202373377925 0 1 
154 13 0.0 2 3 2 0 5 20 1 0.190365517995 0 3 
154 13 0.0 11 5 5 0 8 16 3 2.68485779295e-73 2 2 
154 13 0.0 5 0 1 0 5 13 2 0.142134370286 1 1 
154 13 0.0 10 7 3 0 8 20 3 1.34155436648e-72 2 2 
154 13 0.0 8 16 7 0 20 32 2 0.0239085055036 4 4 
154 13 0.0 4 6 1 0 6 9 2 0.142349556269 1 2 
154 13 0.0 13 5 9 0 14 31 2 3.28846551342e-49 7 0 
154 13 0.0 7 4 0 0 5 5 3 4.14969141069e-11 1 1 
154 13 0.0 12 6 7 0 9 16 3 1.72040364808e-74 4 1 
154 13 2.0 6 9 0 0 6 11 2 0.16234011817 1 2 
154 13 2.0 9 4 3 0 7 21 3 0.222747944142 1 3 
154 13 2.0 1 5 1 0 2 8 1 0.417831954147 0 2 
154 13 2.0 3 2 0 0 1 2 1 0.421767240934 0 1 
154 13 2.0 2 3 2 0 5 20 1 0.125885891348 0 3 
154 13 2.0 11 5 5 0 8 16 3 0.0886730974809 2 2 
154 13 2.0 5 0 1 0 5 13 2 0.177342388803 1 1 
154 13 2.0 10 7 3 0 8 20 3 0.083622291984 2 2 
154 13 2.0 8 16 7 0 20 32 2 0.00797418979982 4 4 
154 13 2.0 4 6 1 0 6 9 2 0.165590699754 1 2 
154 13 2.0 13 5 9 0 14 31 2 3.21716991397e-17 7 0 
154 13 2.0 7 4 0 0 5 5 3 0.223890579526 1 1 
154 13 2.0 12 6 7 0 9 16 3 1.10213726725e-05 4 1 
154 14 0.0 6 9 0 0 6 11 2 0.149799350601 1 2 
154 14 0.0 9 4 3 0 7 21 3 3.1450671795e-09 1 3 
154 14 0.0 1 5 1 0 2 8 1 0.201872940492 0 2 
154 14 0.0 3 2 0 0 1 2 1 0.203104437444 0 1 
154 14 0.0 2 3 2 0 5 20 1 0.190164586319 0 3 
154 14 0.0 11 5 5 0 8 16 3 1.33113554664e-70 2 2 
154 14 0.0 5 0 1 0 5 13 2 0.141748905658 1 1 
154 14 0.0 10 7 3 0 8 20 3 9.33251186808e-70 2 2 
154 14 0.0 8 16 7 0 20 32 2 0.0258005518176 4 4 
154 14 0.0 4 6 1 0 6 9 2 0.141689922893 1 2 
154 14 0.0 13 5 9 0 14 31 2 8.02945774575e-49 7 0 
154 14 0.0 7 4 0 0 5 5 3 1.18835602756e-11 1 1 
154 14 0.0 12 6 7 0 9 16 3 8.03440480636e-74 4 1 
154 14 2.0 6 9 0 0 6 11 2 0.168411290229 1 2 
154 14 2.0 9 4 3 0 7 21 3 0.221492726046 1 3 
154 14 2.0 1 5 1 0 2 8 1 0.419801823778 0 2 
154 14 2.0 3 2 0 0 1 2 1 0.423010630963 0 1 
154 14 2.0 2 3 2 0 5 20 1 0.12605685932 0 3 
154 14 2.0 11 5 5 0 8 16 3 0.0875886702733 2 2 
154 14 2.0 5 0 1 0 5 13 2 0.17754798216 1 1 
154 14 2.0 10 7 3 0 8 20 3 0.0837211008763 2 2 
154 14 2.0 8 16 7 0 20 32 2 0.00785133873236 4 4 
154 14 2.0 4 6 1 0 6 9 2 0.164907644258 1 2 
154 14 2.0 13 5 9 0 14 31 2 5.04473113967e-17 7 0 
154 14 2.0 7 4 0 0 5 5 3 0.222588447613 1 1 
154 14 2.0 12 6 7 0 9 16 3 1.76129058942e-05 4 1 
154 15 0.0 6 9 0 0 6 11 2 0.149800041227 1 2 
154 15 0.0 9 4 3 0 7 21 3 1.9066348502e-09 1 3 
154 15 0.0 1 5 1 0 2 8 1 0.201597312315 0 2 
154 15 0.0 3 2 0 0 1 2 1 0.202900985768 0 1 
154 15 0.0 2 3 2 0 5 20 1 0.190006056005 0 3 
154 15 0.0 11 5 5 0 8 16 3 1.88949889316e-71 2 2 
154 15 0.0 5 0 1 0 5 13 2 0.141765743715 1 1 
154 15 0.0 10 7 3 0 8 20 3 1.01357587178e-70 2 2 
154 15 0.0 8 16 7 0 20 32 2 0.0249648753767 4 4 
154 15 0.0 4 6 1 0 6 9 2 0.141854053065 1 2 
154 15 0.0 13 5 9 0 14 31 2 4.92546384139e-49 7 0 
154 15 0.0 7 4 0 0 5 5 3 4.16994436857e-11 1 1 
154 15 0.0 12 6 7 0 9 16 3 4.1555201011e-75 4 1 
154 15 2.0 6 9 0 0 6 11 2 0.170518832405 1 2 
154 15 2.0 9 4 3 0 7 21 3 0.228753502079 1 3 
154 15 2.0 1 5 1 0 2 8 1 0.416452937272 0 2 
154 15 2.0 3 2 0 0 1 2 1 0.413418612819 0 1 
154 15 2.0 2 3 2 0 5 20 1 0.126034111092 0 3 
154 15 2.0 11 5 5 0 8 16 3 0.0873485948727 2 2 
154 15 2.0 5 0 1 0 5 13 2 0.176995099408 1 1 
154 15 2.0 10 7 3 0 8 20 3 0.0835016510335 2 2 
154 15 2.0 8 16 7 0 20 32 2 0.00808132141079 4 4 
154 15 2.0 4 6 1 0 6 9 2 0.166234022501 1 2 
154 15 2.0 13 5 9 0 14 31 2 7.96488751798e-18 7 0 
154 15 2.0 7 4 0 0 5 5 3 0.224856389956 1 1 
154 15 2.0 12 6 7 0 9 16 3 4.85330952724e-06 4 1 
154 16 0.0 6 9 0 0 6 11 2 0.149683528177 1 2 
154 16 0.0 9 4 3 0 7 21 3 1.06589086339e-09 1 3 
154 16 0.0 1 5 1 0 2 8 1 0.201649853745 0 2 
154 16 0.0 3 2 0 0 1 2 1 0.20299837604 0 1 
154 16 0.0 2 3 2 0 5 20 1 0.190203373341 0 3 
154 16 0.0 11 5 5 0 8 16 3 3.98069869121e-70 2 2 
154 16 0.0 5 0 1 0 5 13 2 0.141787695665 1 1 
154 16 0.0 10 7 3 0 8 20 3 2.36598913293e-69 2 2 
154 16 0.0 8 16 7 0 20 32 2 0.0258976174405 4 4 
154 16 0.0 4 6 1 0 6 9 2 0.141498543647 1 2 
154 16 0.0 13 5 9 0 14 31 2 8.07720141824e-49 7 0 
154 16 0.0 7 4 0 0 5 5 3 1.97633398439e-11 1 1 
154 16 0.0 12 6 7 0 9 16 3 2.41014623521e-73 4 1 
154 16 2.0 6 9 0 0 6 11 2 0.168951606676 1 2 
154 16 2.0 9 4 3 0 7 21 3 0.225017662312 1 3 
154 16 2.0 1 5 1 0 2 8 1 0.423246040891 0 2 
154 16 2.0 3 2 0 0 1 2 1 0.418434883139 0 1 
154 16 2.0 2 3 2 0 5 20 1 0.126711781173 0 3 
154 16 2.0 11 5 5 0 8 16 3 0.0875648951451 2 2 
154 16 2.0 5 0 1 0 5 13 2 0.178281100432 1 1 
154 16 2.0 10 7 3 0 8 20 3 0.0839720679375 2 2 
154 16 2.0 8 16 7 0 20 32 2 0.0078845159141 4 4 
154 16 2.0 4 6 1 0 6 9 2 0.163070901253 1 2 
154 16 2.0 13 5 9 0 14 31 2 4.27606159409e-17 7 0 
154 16 2.0 7 4 0 0 5 5 3 0.219918703579 1 1 
154 16 2.0 12 6 7 0 9 16 3 2.97957071976e-06 4 1 
154 17 0.0 6 9 0 0 6 11 2 0.149774881439 1 2 
154 17 0.0 9 4 3 0 7 21 3 4.96688845774e-09 1 3 
154 17 0.0 1 5 1 0 2 8 1 0.201868812735 0 2 
154 17 0.0 3 2 0 0 1 2 1 0.203240068434 0 1 
154 17 0.0 2 3 2 0 5 20 1 0.190150877111 0 3 
154 17 0.0 11 5 5 0 8 16 3 4.65220377182e-70 2 2 
154 17 0.0 5 0 1 0 5 13 2 0.141421321772 1 1 
154 17 0.0 10 7 3 0 8 20 3 3.56343746066e-69 2 2 
154 17 0.0 8 16 7 0 20 32 2 0.0258775334096 4 4 
154 17 0.0 4 6 1 0 6 9 2 0.141601559787 1 2 
154 17 0.0 13 5 9 0 14 31 2 1.65645506052e-48 7 0 
154 17 0.0 7 4 0 0 5 5 3 7.22949809259e-12 1 1 
154 17 0.0 12 6 7 0 9 16 3 1.66353180816e-73 4 1 
154 17 2.0 6 9 0 0 6 11 2 0.167793501523 1 2 
154 17 2.0 9 4 3 0 7 21 3 0.228512739952 1 3 
154 17 2.0 1 5 1 0 2 8 1 0.420550553009 0 2 
154 17 2.0 3 2 0 0 1 2 1 0.414036985111 0 1 
154 17 2.0 2 3 2 0 5 20 1 0.127373248228 0 3 
154 17 2.0 11 5 5 0 8 16 3 0.0877934988379 2 2 
154 17 2.0 5 0 1 0 5 13 2 0.177527725887 1 1 
154 17 2.0 10 7 3 0 8 20 3 0.0836156477355 2 2 
154 17 2.0 8 16 7 0 20 32 2 0.0080391800589 4 4 
154 17 2.0 4 6 1 0 6 9 2 0.165318722133 1 2 
154 17 2.0 13 5 9 0 14 31 2 2.34384689993e-17 7 0 
154 17 2.0 7 4 0 0 5 5 3 0.221704160307 1 1 
154 17 2.0 12 6 7 0 9 16 3 2.09513075272e-05 4 1 
154 18 0.0 6 9 0 0 6 11 2 0.149814139272 1 2 
154 18 0.0 9 4 3 0 7 21 3 1.07862370517e-08 1 3 
154 18 0.0 1 5 1 0 2 8 1 0.200218784924 0 2 
154 18 0.0 3 2 0 0 1 2 1 0.201416765877 0 1 
154 18 0.0 2 3 2 0 5 20 1 0.190356799505 0 3 
154 18 0.0 11 5 5 0 8 16 3 6.26618380976e-74 2 2 
154 18 0.0 5 0 1 0 5 13 2 0.142594197697 1 1 
154 18 0.0 10 7 3 0 8 20 3 1.01841841098e-73 2 2 
154 18 0.0 8 16 7 0 20 32 2 0.0219374641418 4 4 
154 18 0.0 4 6 1 0 6 9 2 0.142939310411 1 2 
154 18 0.0 13 5 9 0 14 31 2 5.59516172856e-49 7 0 
154 18 0.0 7 4 0 0 5 5 3 3.24140738065e-10 1 1 
154 18 0.0 12 6 7 0 9 16 3 7.67296542746e-76 4 1 
154 18 2.0 6 9 0 0 6 11 2 0.168939110367 1 2 
154 18 2.0 9 4 3 0 7 21 3 0.221839334657 1 3 
154 18 2.0 1 5 1 0 2 8 1 0.420157550421 0 2 
154 18 2.0 3 2 0 0 1 2 1 0.422402090245 0 1 
154 18 2.0 2 3 2 0 5 20 1 0.127438861013 0 3 
154 18 2.0 11 5 5 0 8 16 3 0.0875152859111 2 2 
154 18 2.0 5 0 1 0 5 13 2 0.177647370672 1 1 
154 18 2.0 10 7 3 0 8 20 3 0.0840854349229 2 2 
154 18 2.0 8 16 7 0 20 32 2 0.00788370271768 4 4 
154 18 2.0 4 6 1 0 6 9 2 0.162574444068 1 2 
154 18 2.0 13 5 9 0 14 31 2 7.87576993384e-17 7 0 
154 18 2.0 7 4 0 0 5 5 3 0.222396087922 1 1 
154 18 2.0 12 6 7 0 9 16 3 2.72532288266e-05 4 1 
154 19 0.0 6 9 0 0 6 11 2 0.149610741358 1 2 
154 19 0.0 9 4 3 0 7 21 3 2.23797443453e-08 1 3 
154 19 0.0 1 5 1 0 2 8 1 0.199601441976 0 2 
154 19 0.0 3 2 0 0 1 2 1 0.201037392092 0 1 
154 19 0.0 2 3 2 0 5 20 1 0.190526470322 0 3 
154 19 0.0 11 5 5 0 8 16 3 4.92604723552e-74 2 2 
154 19 0.0 5 0 1 0 5 13 2 0.14328425736 1 1 
154 19 0.0 10 7 3 0 8 20 3 4.77583090783e-74 2 2 
154 19 0.0 8 16 7 0 20 32 2 0.0208012733053 4 4 
154 19 0.0 4 6 1 0 6 9 2 0.143184845806 1 2 
154 19 0.0 13 5 9 0 14 31 2 3.35329062424e-49 7 0 
154 19 0.0 7 4 0 0 5 5 3 3.17417167006e-10 1 1 
154 19 0.0 12 6 7 0 9 16 3 5.81840946469e-76 4 1 
154 19 2.0 6 9 0 0 6 11 2 0.164264180311 1 2 
154 19 2.0 9 4 3 0 7 21 3 0.223586331278 1 3 
154 19 2.0 1 5 1 0 2 8 1 0.417747525955 0 2 
154 19 2.0 3 2 0 0 1 2 1 0.420710314566 0 1 
154 19 2.0 2 3 2 0 5 20 1 0.127277262884 0 3 
154 19 2.0 11 5 5 0 8 16 3 0.0883276381388 2 2 
154 19 2.0 5 0 1 0 5 13 2 0.178236841108 1 1 
154 19 2.0 10 7 3 0 8 20 3 0.0838245625507 2 2 
154 19 2.0 8 16 7 0 20 32 2 0.0079297192757 4 4 
154 19 2.0 4 6 1 0 6 9 2 0.164357584959 1 2 
154 19 2.0 13 5 9 0 14 31 2 9.82862099327e-17 7 0 
154 19 2.0 7 4 0 0 5 5 3 0.224219295468 1 1 
154 19 2.0 12 6 7 0 9 16 3 3.13620554401e-05 4 1 
154 20 0.0 6 9 0 0 6 11 2 0.149558276823 1 2 
154 20 0.0 9 4 3 0 7 21 3 5.40507995284e-09 1 3 
154 20 0.0 1 5 1 0 2 8 1 0.200348656718 0 2 
154 20 0.0 3 2 0 0 1 2 1 0.201543729953 0 1 
154 20 0.0 2 3 2 0 5 20 1 0.190113673271 0 3 
154 20 0.0 11 5 5 0 8 16 3 6.05505923938e-74 2 2 
154 20 0.0 5 0 1 0 5 13 2 0.142601628781 1 1 
154 20 0.0 10 7 3 0 8 20 3 1.23503575565e-73 2 2 
154 20 0.0 8 16 7 0 20 32 2 0.0220285636376 4 4 
154 20 0.0 4 6 1 0 6 9 2 0.142816067125 1 2 
154 20 0.0 13 5 9 0 14 31 2 4.55546147415e-49 7 0 
154 20 0.0 7 4 0 0 5 5 3 7.37275863413e-11 1 1 
154 20 0.0 12 6 7 0 9 16 3 2.81023372071e-76 4 1 
154 20 2.0 6 9 0 0 6 11 2 0.164288584874 1 2 
154 20 2.0 9 4 3 0 7 21 3 0.220246263259 1 3 
154 20 2.0 1 5 1 0 2 8 1 0.419765402757 0 2 
154 20 2.0 3 2 0 0 1 2 1 0.424778512756 0 1 
154 20 2.0 2 3 2 0 5 20 1 0.126825043781 0 3 
154 20 2.0 11 5 5 0 8 16 3 0.0882942469764 2 2 
154 20 2.0 5 0 1 0 5 13 2 0.178527888809 1 1 
154 20 2.0 10 7 3 0 8 20 3 0.0836249755823 2 2 
154 20 2.0 8 16 7 0 20 32 2 0.00792917513071 4 4 
154 20 2.0 4 6 1 0 6 9 2 0.165441006708 1 2 
154 20 2.0 13 5 9 0 14 31 2 3.97967359293e-17 7 0 
154 20 2.0 7 4 0 0 5 5 3 0.22239828936 1 1 
154 20 2.0 12 6 7 0 9 16 3 1.12371877925e-05 4 1 
154 21 0.0 6 9 0 0 6 11 2 0.149868609812 1 2 
154 21 0.0 9 4 3 0 7 21 3 1.35665468719e-09 1 3 
154 21 0.0 1 5 1 0 2 8 1 0.2020594932 0 2 
154 21 0.0 3 2 0 0 1 2 1 0.203361509007 0 1 
154 21 0.0 2 3 2 0 5 20 1 0.190160228361 0 3 
154 21 0.0 11 5 5 0 8 16 3 1.56772284437e-68 2 2 
154 21 0.0 5 0 1 0 5 13 2 0.141587171252 1 1 
154 21 0.0 10 7 3 0 8 20 3 8.54585529356e-68 2 2 
154 21 0.0 8 16 7 0 20 32 2 0.0263380860379 4 4 
154 21 0.0 4 6 1 0 6 9 2 0.141405483802 1 2 
154 21 0.0 13 5 9 0 14 31 2 1.67216394525e-48 7 0 
154 21 0.0 7 4 0 0 5 5 3 7.01252656161e-12 1 1 
154 21 0.0 12 6 7 0 9 16 3 4.60168074073e-73 4 1 
154 21 2.0 6 9 0 0 6 11 2 0.163078466188 1 2 
154 21 2.0 9 4 3 0 7 21 3 0.224272739209 1 3 
154 21 2.0 1 5 1 0 2 8 1 0.419630772583 0 2 
154 21 2.0 3 2 0 0 1 2 1 0.41992605027 0 1 
154 21 2.0 2 3 2 0 5 20 1 0.125789195169 0 3 
154 21 2.0 11 5 5 0 8 16 3 0.0885490398605 2 2 
154 21 2.0 5 0 1 0 5 13 2 0.17725139575 1 1 
154 21 2.0 10 7 3 0 8 20 3 0.0836186191218 2 2 
154 21 2.0 8 16 7 0 20 32 2 0.00792354433088 4 4 
154 21 2.0 4 6 1 0 6 9 2 0.165565182079 1 2 
154 21 2.0 13 5 9 0 14 31 2 4.06229629945e-17 7 0 
154 21 2.0 7 4 0 0 5 5 3 0.222567744582 1 1 
154 21 2.0 12 6 7 0 9 16 3 8.94144866682e-06 4 1 
154 22 0.0 6 9 0 0 6 11 2 0.14986010669 1 2 
154 22 0.0 9 4 3 0 7 21 3 1.67593159639e-08 1 3 
154 22 0.0 1 5 1 0 2 8 1 0.201089171117 0 2 
154 22 0.0 3 2 0 0 1 2 1 0.202389971062 0 1 
154 22 0.0 2 3 2 0 5 20 1 0.19005708178 0 3 
154 22 0.0 11 5 5 0 8 16 3 7.43035865714e-73 2 2 
154 22 0.0 5 0 1 0 5 13 2 0.142223367581 1 1 
154 22 0.0 10 7 3 0 8 20 3 9.57194393407e-73 2 2 
154 22 0.0 8 16 7 0 20 32 2 0.0236547495423 4 4 
154 22 0.0 4 6 1 0 6 9 2 0.142318330354 1 2 
154 22 0.0 13 5 9 0 14 31 2 5.12776280736e-49 7 0 
154 22 0.0 7 4 0 0 5 5 3 4.39763243839e-11 1 1 
154 22 0.0 12 6 7 0 9 16 3 6.19293271767e-75 4 1 
154 22 2.0 6 9 0 0 6 11 2 0.163653864416 1 2 
154 22 2.0 9 4 3 0 7 21 3 0.223807783864 1 3 
154 22 2.0 1 5 1 0 2 8 1 0.419193523805 0 2 
154 22 2.0 3 2 0 0 1 2 1 0.42038453095 0 1 
154 22 2.0 2 3 2 0 5 20 1 0.127094656134 0 3 
154 22 2.0 11 5 5 0 8 16 3 0.0884472426026 2 2 
154 22 2.0 5 0 1 0 5 13 2 0.17825220862 1 1 
154 22 2.0 10 7 3 0 8 20 3 0.0840845201937 2 2 
154 22 2.0 8 16 7 0 20 32 2 0.0079529074054 4 4 
154 22 2.0 4 6 1 0 6 9 2 0.162668262962 1 2 
154 22 2.0 13 5 9 0 14 31 2 1.85210664182e-17 7 0 
154 22 2.0 7 4 0 0 5 5 3 0.22309321493 1 1 
154 22 2.0 12 6 7 0 9 16 3 3.41962267163e-05 4 1 
154 23 0.0 6 9 0 0 6 11 2 0.14975407142 1 2 
154 23 0.0 9 4 3 0 7 21 3 1.84803078652e-09 1 3 
154 23 0.0 1 5 1 0 2 8 1 0.20210468584 0 2 
154 23 0.0 3 2 0 0 1 2 1 0.203597447885 0 1 
154 23 0.0 2 3 2 0 5 20 1 0.190204556099 0 3 
154 23 0.0 11 5 5 0 8 16 3 1.96294748502e-68 2 2 
154 23 0.0 5 0 1 0 5 13 2 0.141559943655 1 1 
154 23 0.0 10 7 3 0 8 20 3 3.45038256533e-68 2 2 
154 23 0.0 8 16 7 0 20 32 2 0.0264352686703 4 4 
154 23 0.0 4 6 1 0 6 9 2 0.141349263766 1 2 
154 23 0.0 13 5 9 0 14 31 2 3.56035327271e-48 7 0 
154 23 0.0 7 4 0 0 5 5 3 1.89347426686e-12 1 1 
154 23 0.0 12 6 7 0 9 16 3 9.78479138011e-73 4 1 
154 23 2.0 6 9 0 0 6 11 2 0.165299277803 1 2 
154 23 2.0 9 4 3 0 7 21 3 0.220720964753 1 3 
154 23 2.0 1 5 1 0 2 8 1 0.418915355945 0 2 
154 23 2.0 3 2 0 0 1 2 1 0.424130839911 0 1 
154 23 2.0 2 3 2 0 5 20 1 0.126887164745 0 3 
154 23 2.0 11 5 5 0 8 16 3 0.0881283087898 2 2 
154 23 2.0 5 0 1 0 5 13 2 0.178105907903 1 1 
154 23 2.0 10 7 3 0 8 20 3 0.0840420705702 2 2 
154 23 2.0 8 16 7 0 20 32 2 0.00790306854352 4 4 
154 23 2.0 4 6 1 0 6 9 2 0.162974536872 1 2 
154 23 2.0 13 5 9 0 14 31 2 3.85939874923e-17 7 0 
154 23 2.0 7 4 0 0 5 5 3 0.223311701366 1 1 
154 23 2.0 12 6 7 0 9 16 3 1.93862837758e-05 4 1 
154 24 0.0 6 9 0 0 6 11 2 0.149740158377 1 2 
154 24 0.0 9 4 3 0 7 21 3 3.09435548019e-10 1 3 
154 24 0.0 1 5 1 0 2 8 1 0.19363730933 0 2 
154 24 0.0 3 2 0 0 1 2 1 0.193913062804 0 1 
154 24 0.0 2 3 2 0 5 20 1 0.191375107807 0 3 
154 24 0.0 11 5 5 0 8 16 3 2.07931942643e-78 2 2 
154 24 0.0 5 0 1 0 5 13 2 0.14810458055 1 1 
154 24 0.0 10 7 3 0 8 20 3 1.01142193556e-77 2 2 
154 24 0.0 8 16 7 0 20 32 2 0.0053665321716 4 4 
154 24 0.0 4 6 1 0 6 9 2 0.148149840222 1 2 
154 24 0.0 13 5 9 0 14 31 2 6.10822427573e-50 7 0 
154 24 0.0 7 4 0 0 5 5 3 4.35120348556e-09 1 1 
154 24 0.0 12 6 7 0 9 16 3 6.84479451254e-78 4 1 
154 24 2.0 6 9 0 0 6 11 2 0.167089347304 1 2 
154 24 2.0 9 4 3 0 7 21 3 0.223307359235 1 3 
154 24 2.0 1 5 1 0 2 8 1 0.416773386408 0 2 
154 24 2.0 3 2 0 0 1 2 1 0.420674173011 0 1 
154 24 2.0 2 3 2 0 5 20 1 0.126733181173 0 3 
154 24 2.0 11 5 5 0 8 16 3 0.0878862288475 2 2 
154 24 2.0 5 0 1 0 5 13 2 0.177976736366 1 1 
154 24 2.0 10 7 3 0 8 20 3 0.0842825077304 2 2 
154 24 2.0 8 16 7 0 20 32 2 0.00792983791386 4 4 
154 24 2.0 4 6 1 0 6 9 2 0.16157623761 1 2 
154 24 2.0 13 5 9 0 14 31 2 4.68735161084e-17 7 0 
154 24 2.0 7 4 0 0 5 5 3 0.225130163447 1 1 
154 24 2.0 12 6 7 0 9 16 3 8.83705974869e-06 4 1 
154 25 0.0 6 9 0 0 6 11 2 0.149805085639 1 2 
154 25 0.0 9 4 3 0 7 21 3 5.60782025108e-09 1 3 
154 25 0.0 1 5 1 0 2 8 1 0.200927415062 0 2 
154 25 0.0 3 2 0 0 1 2 1 0.202171782952 0 1 
154 25 0.0 2 3 2 0 5 20 1 0.190603413131 0 3 
154 25 0.0 11 5 5 0 8 16 3 9.84208596572e-73 2 2 
154 25 0.0 5 0 1 0 5 13 2 0.142229630448 1 1 
154 25 0.0 10 7 3 0 8 20 3 3.35616706653e-72 2 2 
154 25 0.0 8 16 7 0 20 32 2 0.0236677865664 4 4 
154 25 0.0 4 6 1 0 6 9 2 0.142318594072 1 2 
154 25 0.0 13 5 9 0 14 31 2 5.90893276666e-49 7 0 
154 25 0.0 7 4 0 0 5 5 3 1.86062849993e-10 1 1 
154 25 0.0 12 6 7 0 9 16 3 3.02882631075e-75 4 1 
154 25 2.0 6 9 0 0 6 11 2 0.168123059044 1 2 
154 25 2.0 9 4 3 0 7 21 3 0.221767105671 1 3 
154 25 2.0 1 5 1 0 2 8 1 0.421634643247 0 2 
154 25 2.0 3 2 0 0 1 2 1 0.422414713452 0 1 
154 25 2.0 2 3 2 0 5 20 1 0.127241719862 0 3 
154 25 2.0 11 5 5 0 8 16 3 0.0876672839312 2 2 
154 25 2.0 5 0 1 0 5 13 2 0.177955372679 1 1 
154 25 2.0 10 7 3 0 8 20 3 0.0838853622104 2 2 
154 25 2.0 8 16 7 0 20 32 2 0.00795791214409 4 4 
154 25 2.0 4 6 1 0 6 9 2 0.163573610098 1 2 
154 25 2.0 13 5 9 0 14 31 2 4.86423486753e-17 7 0 
154 25 2.0 7 4 0 0 5 5 3 0.22101273999 1 1 
154 25 2.0 12 6 7 0 9 16 3 4.84763598762e-05 4 1 
154 26 0.0 6 9 0 0 6 11 2 0.149639098809 1 2 
154 26 0.0 9 4 3 0 7 21 3 1.96558423646e-09 1 3 
154 26 0.0 1 5 1 0 2 8 1 0.201876110032 0 2 
154 26 0.0 3 2 0 0 1 2 1 0.203214396387 0 1 
154 26 0.0 2 3 2 0 5 20 1 0.19002231798 0 3 
154 26 0.0 11 5 5 0 8 16 3 6.3361743774e-69 2 2 
154 26 0.0 5 0 1 0 5 13 2 0.141551650268 1 1 
154 26 0.0 10 7 3 0 8 20 3 4.2609716631e-68 2 2 
154 26 0.0 8 16 7 0 20 32 2 0.0261222449574 4 4 
154 26 0.0 4 6 1 0 6 9 2 0.141483947498 1 2 
154 26 0.0 13 5 9 0 14 31 2 8.44387207737e-49 7 0 
154 26 0.0 7 4 0 0 5 5 3 1.42635419866e-11 1 1 
154 26 0.0 12 6 7 0 9 16 3 6.75139028783e-73 4 1 
154 26 2.0 6 9 0 0 6 11 2 0.165096248576 1 2 
154 26 2.0 9 4 3 0 7 21 3 0.222854411653 1 3 
154 26 2.0 1 5 1 0 2 8 1 0.421458491155 0 2 
154 26 2.0 3 2 0 0 1 2 1 0.421657685264 0 1 
154 26 2.0 2 3 2 0 5 20 1 0.125684364266 0 3 
154 26 2.0 11 5 5 0 8 16 3 0.0881761322093 2 2 
154 26 2.0 5 0 1 0 5 13 2 0.178101611554 1 1 
154 26 2.0 10 7 3 0 8 20 3 0.0839574413803 2 2 
154 26 2.0 8 16 7 0 20 32 2 0.00783252616835 4 4 
154 26 2.0 4 6 1 0 6 9 2 0.163447425178 1 2 
154 26 2.0 13 5 9 0 14 31 2 4.0414157696e-17 7 0 
154 26 2.0 7 4 0 0 5 5 3 0.221405264308 1 1 
154 26 2.0 12 6 7 0 9 16 3 7.8077585648e-06 4 1 
154 27 0.0 6 9 0 0 6 11 2 0.149832660047 1 2 
154 27 0.0 9 4 3 0 7 21 3 5.03728904001e-09 1 3 
154 27 0.0 1 5 1 0 2 8 1 0.200990869864 0 2 
154 27 0.0 3 2 0 0 1 2 1 0.202508514694 0 1 
154 27 0.0 2 3 2 0 5 20 1 0.19006915354 0 3 
154 27 0.0 11 5 5 0 8 16 3 3.29614019572e-72 2 2 
154 27 0.0 5 0 1 0 5 13 2 0.142341002054 1 1 
154 27 0.0 10 7 3 0 8 20 3 3.80561569129e-72 2 2 
154 27 0.0 8 16 7 0 20 32 2 0.0238645270083 4 4 
154 27 0.0 4 6 1 0 6 9 2 0.142065963307 1 2 
154 27 0.0 13 5 9 0 14 31 2 1.9436189948e-49 7 0 
154 27 0.0 7 4 0 0 5 5 3 6.6065459986e-11 1 1 
154 27 0.0 12 6 7 0 9 16 3 1.01504811708e-74 4 1 
154 27 2.0 6 9 0 0 6 11 2 0.16278328489 1 2 
154 27 2.0 9 4 3 0 7 21 3 0.222608053023 1 3 
154 27 2.0 1 5 1 0 2 8 1 0.421200012226 0 2 
154 27 2.0 3 2 0 0 1 2 1 0.421731428744 0 1 
154 27 2.0 2 3 2 0 5 20 1 0.126956218182 0 3 
154 27 2.0 11 5 5 0 8 16 3 0.0886078919823 2 2 
154 27 2.0 5 0 1 0 5 13 2 0.178094606802 1 1 
154 27 2.0 10 7 3 0 8 20 3 0.0839812714929 2 2 
154 27 2.0 8 16 7 0 20 32 2 0.00801710143431 4 4 
154 27 2.0 4 6 1 0 6 9 2 0.163067043577 1 2 
154 27 2.0 13 5 9 0 14 31 2 4.8187977091e-17 7 0 
154 27 2.0 7 4 0 0 5 5 3 0.221261421162 1 1 
154 27 2.0 12 6 7 0 9 16 3 3.61101358447e-05 4 1 
154 28 0.0 6 9 0 0 6 11 2 0.149883936136 1 2 
154 28 0.0 9 4 3 0 7 21 3 8.96172224696e-09 1 3 
154 28 0.0 1 5 1 0 2 8 1 0.201586127088 0 2 
154 28 0.0 3 2 0 0 1 2 1 0.203034400297 0 1 
154 28 0.0 2 3 2 0 5 20 1 0.190178914428 0 3 
154 28 0.0 11 5 5 0 8 16 3 2.4308451724e-71 2 2 
154 28 0.0 5 0 1 0 5 13 2 0.141969411344 1 1 
154 28 0.0 10 7 3 0 8 20 3 8.77859390564e-71 2 2 
154 28 0.0 8 16 7 0 20 32 2 0.025109155393 4 4 
154 28 0.0 4 6 1 0 6 9 2 0.141716552005 1 2 
154 28 0.0 13 5 9 0 14 31 2 8.47938416922e-49 7 0 
154 28 0.0 7 4 0 0 5 5 3 6.88229736326e-11 1 1 
154 28 0.0 12 6 7 0 9 16 3 1.80997284908e-74 4 1 
154 28 2.0 6 9 0 0 6 11 2 0.169703881564 1 2 
154 28 2.0 9 4 3 0 7 21 3 0.2229687072 1 3 
154 28 2.0 1 5 1 0 2 8 1 0.420068057941 0 2 
154 28 2.0 3 2 0 0 1 2 1 0.420972686777 0 1 
154 28 2.0 2 3 2 0 5 20 1 0.125894059606 0 3 
154 28 2.0 11 5 5 0 8 16 3 0.0873955085461 2 2 
154 28 2.0 5 0 1 0 5 13 2 0.177286120578 1 1 
154 28 2.0 10 7 3 0 8 20 3 0.0835590300304 2 2 
154 28 2.0 8 16 7 0 20 32 2 0.00788946049478 4 4 
154 28 2.0 4 6 1 0 6 9 2 0.165811516236 1 2 
154 28 2.0 13 5 9 0 14 31 2 5.18772373939e-17 7 0 
154 28 2.0 7 4 0 0 5 5 3 0.222264268632 1 1 
154 28 2.0 12 6 7 0 9 16 3 2.15192675452e-05 4 1 
154 29 0.0 6 9 0 0 6 11 2 0.149878320281 1 2 
154 29 0.0 9 4 3 0 7 21 3 7.98398794383e-09 1 3 
154 29 0.0 1 5 1 0 2 8 1 0.200973382999 0 2 
154 29 0.0 3 2 0 0 1 2 1 0.202424084986 0 1 
154 29 0.0 2 3 2 0 5 20 1 0.190116049242 0 3 
154 29 0.0 11 5 5 0 8 16 3 3.37808979247e-73 2 2 
154 29 0.0 5 0 1 0 5 13 2 0.142404056405 1 1 
154 29 0.0 10 7 3 0 8 20 3 6.54926499342e-73 2 2 
154 29 0.0 8 16 7 0 20 32 2 0.0234977426799 4 4 
154 29 0.0 4 6 1 0 6 9 2 0.142223144411 1 2 
154 29 0.0 13 5 9 0 14 31 2 3.8275516531e-49 7 0 
154 29 0.0 7 4 0 0 5 5 3 1.28356709055e-10 1 1 
154 29 0.0 12 6 7 0 9 16 3 6.79189640879e-75 4 1 
154 29 2.0 6 9 0 0 6 11 2 0.163171788271 1 2 
154 29 2.0 9 4 3 0 7 21 3 0.221482700609 1 3 
154 29 2.0 1 5 1 0 2 8 1 0.421659530993 0 2 
154 29 2.0 3 2 0 0 1 2 1 0.423263616145 0 1 
154 29 2.0 2 3 2 0 5 20 1 0.126270983797 0 3 
154 29 2.0 11 5 5 0 8 16 3 0.0885175496214 2 2 
154 29 2.0 5 0 1 0 5 13 2 0.17847700258 1 1 
154 29 2.0 10 7 3 0 8 20 3 0.083899441296 2 2 
154 29 2.0 8 16 7 0 20 32 2 0.00793359762229 4 4 
154 29 2.0 4 6 1 0 6 9 2 0.163663985718 1 2 
154 29 2.0 13 5 9 0 14 31 2 2.93672426989e-17 7 0 
154 29 2.0 7 4 0 0 5 5 3 0.22097571164 1 1 
154 29 2.0 12 6 7 0 9 16 3 6.25486252716e-06 4 1 
154 30 0.0 6 9 0 0 6 11 2 0.149748711169 1 2 
154 30 0.0 9 4 3 0 7 21 3 1.15688542356e-09 1 3 
154 30 0.0 1 5 1 0 2 8 1 0.200922300832 0 2 
154 30 0.0 3 2 0 0 1 2 1 0.202293447876 0 1 
154 30 0.0 2 3 2 0 5 20 1 0.190491546867 0 3 
154 30 0.0 11 5 5 0 8 16 3 2.12784504163e-73 2 2 
154 30 0.0 5 0 1 0 5 13 2 0.142264409936 1 1 
154 30 0.0 10 7 3 0 8 20 3 2.94472943897e-72 2 2 
154 30 0.0 8 16 7 0 20 32 2 0.0234822468772 4 4 
154 30 0.0 4 6 1 0 6 9 2 0.142231193317 1 2 
154 30 0.0 13 5 9 0 14 31 2 3.7309911731e-49 7 0 
154 30 0.0 7 4 0 0 5 5 3 3.34666320568e-10 1 1 
154 30 0.0 12 6 7 0 9 16 3 5.15592338092e-75 4 1 
154 30 2.0 6 9 0 0 6 11 2 0.161170829634 1 2 
154 30 2.0 9 4 3 0 7 21 3 0.22520218209 1 3 
154 30 2.0 1 5 1 0 2 8 1 0.419873295243 0 2 
154 30 2.0 3 2 0 0 1 2 1 0.418633696084 0 1 
154 30 2.0 2 3 2 0 5 20 1 0.126608195693 0 3 
154 30 2.0 11 5 5 0 8 16 3 0.088913802286 2 2 
154 30 2.0 5 0 1 0 5 13 2 0.178393452399 1 1 
154 30 2.0 10 7 3 0 8 20 3 0.0838645415769 2 2 
154 30 2.0 8 16 7 0 20 32 2 0.00805225326079 4 4 
154 30 2.0 4 6 1 0 6 9 2 0.163957678542 1 2 
154 30 2.0 13 5 9 0 14 31 2 2.33854704126e-17 7 0 
154 30 2.0 7 4 0 0 5 5 3 0.222226781972 1 1 
154 30 2.0 12 6 7 0 9 16 3 8.69387018876e-06 4 1 
154 31 0.0 6 9 0 0 6 11 2 0.149637992341 1 2 
154 31 0.0 9 4 3 0 7 21 3 6.46577404938e-09 1 3 
154 31 0.0 1 5 1 0 2 8 1 0.199943055552 0 2 
154 31 0.0 3 2 0 0 1 2 1 0.200749952418 0 1 
154 31 0.0 2 3 2 0 5 20 1 0.190157918337 0 3 
154 31 0.0 11 5 5 0 8 16 3 8.56130249501e-75 2 2 
154 31 0.0 5 0 1 0 5 13 2 0.14319659825 1 1 
154 31 0.0 10 7 3 0 8 20 3 9.35816346559e-75 2 2 
154 31 0.0 8 16 7 0 20 32 2 0.0209080438051 4 4 
154 31 0.0 4 6 1 0 6 9 2 0.143131413517 1 2 
154 31 0.0 13 5 9 0 14 31 2 3.0280281255e-49 7 0 
154 31 0.0 7 4 0 0 5 5 3 6.36736111761e-11 1 1 
154 31 0.0 12 6 7 0 9 16 3 4.28579345178e-76 4 1 
154 31 2.0 6 9 0 0 6 11 2 0.162703704298 1 2 
154 31 2.0 9 4 3 0 7 21 3 0.225489717275 1 3 
154 31 2.0 1 5 1 0 2 8 1 0.419831315066 0 2 
154 31 2.0 3 2 0 0 1 2 1 0.418342892333 0 1 
154 31 2.0 2 3 2 0 5 20 1 0.126574138403 0 3 
154 31 2.0 11 5 5 0 8 16 3 0.0886371372431 2 2 
154 31 2.0 5 0 1 0 5 13 2 0.17817411825 1 1 
154 31 2.0 10 7 3 0 8 20 3 0.0841001995568 2 2 
154 31 2.0 8 16 7 0 20 32 2 0.00796356157565 4 4 
154 31 2.0 4 6 1 0 6 9 2 0.162596091549 1 2 
154 31 2.0 13 5 9 0 14 31 2 4.69537549303e-17 7 0 
154 31 2.0 7 4 0 0 5 5 3 0.222545883527 1 1 
154 31 2.0 12 6 7 0 9 16 3 1.03918165482e-05 4 1 
154 32 0.0 6 9 0 0 6 11 2 0.149704253223 1 2 
154 32 0.0 9 4 3 0 7 21 3 2.56102057353e-09 1 3 
154 32 0.0 1 5 1 0 2 8 1 0.202084737182 0 2 
154 32 0.0 3 2 0 0 1 2 1 0.203685308323 0 1 
154 32 0.0 2 3 2 0 5 20 1 0.190172450771 0 3 
154 32 0.0 11 5 5 0 8 16 3 6.91110342167e-67 2 2 
154 32 0.0 5 0 1 0 5 13 2 0.141506246483 1 1 
154 32 0.0 10 7 3 0 8 20 3 3.19945720281e-66 2 2 
154 32 0.0 8 16 7 0 20 32 2 0.0266201842749 4 4 
154 32 0.0 4 6 1 0 6 9 2 0.141281068798 1 2 
154 32 0.0 13 5 9 0 14 31 2 2.37729699476e-48 7 0 
154 32 0.0 7 4 0 0 5 5 3 6.79081965713e-13 1 1 
154 32 0.0 12 6 7 0 9 16 3 8.92622719425e-72 4 1 
154 32 2.0 6 9 0 0 6 11 2 0.166790363959 1 2 
154 32 2.0 9 4 3 0 7 21 3 0.222365382382 1 3 
154 32 2.0 1 5 1 0 2 8 1 0.419897933789 0 2 
154 32 2.0 3 2 0 0 1 2 1 0.422043645765 0 1 
154 32 2.0 2 3 2 0 5 20 1 0.12740867018 0 3 
154 32 2.0 11 5 5 0 8 16 3 0.087876312254 2 2 
154 32 2.0 5 0 1 0 5 13 2 0.177755491183 1 1 
154 32 2.0 10 7 3 0 8 20 3 0.0836401253568 2 2 
154 32 2.0 8 16 7 0 20 32 2 0.00787899667401 4 4 
154 32 2.0 4 6 1 0 6 9 2 0.165341980277 1 2 
154 32 2.0 13 5 9 0 14 31 2 5.80811853331e-17 7 0 
154 32 2.0 7 4 0 0 5 5 3 0.222467857575 1 1 
154 32 2.0 12 6 7 0 9 16 3 2.55207317999e-05 4 1 
154 33 0.0 6 9 0 0 6 11 2 0.149649540172 1 2 
154 33 0.0 9 4 3 0 7 21 3 1.36570439898e-08 1 3 
154 33 0.0 1 5 1 0 2 8 1 0.197241377952 0 2 
154 33 0.0 3 2 0 0 1 2 1 0.197971004903 0 1 
154 33 0.0 2 3 2 0 5 20 1 0.190944212343 0 3 
154 33 0.0 11 5 5 0 8 16 3 1.0605504963e-76 2 2 
154 33 0.0 5 0 1 0 5 13 2 0.144915751054 1 1 
154 33 0.0 10 7 3 0 8 20 3 1.47807238736e-76 2 2 
154 33 0.0 8 16 7 0 20 32 2 0.0146581586895 4 4 
154 33 0.0 4 6 1 0 6 9 2 0.145308811952 1 2 
154 33 0.0 13 5 9 0 14 31 2 2.50064156863e-49 7 0 
154 33 0.0 7 4 0 0 5 5 3 6.76245065322e-10 1 1 
154 33 0.0 12 6 7 0 9 16 3 9.11958827603e-77 4 1 
154 33 2.0 6 9 0 0 6 11 2 0.169054825293 1 2 
154 33 2.0 9 4 3 0 7 21 3 0.222154744738 1 3 
154 33 2.0 1 5 1 0 2 8 1 0.4193638398 0 2 
154 33 2.0 3 2 0 0 1 2 1 0.422167806093 0 1 
154 33 2.0 2 3 2 0 5 20 1 0.12584822967 0 3 
154 33 2.0 11 5 5 0 8 16 3 0.0874882544236 2 2 
154 33 2.0 5 0 1 0 5 13 2 0.177706738214 1 1 
154 33 2.0 10 7 3 0 8 20 3 0.0837475124596 2 2 
154 33 2.0 8 16 7 0 20 32 2 0.00783381841864 4 4 
154 33 2.0 4 6 1 0 6 9 2 0.164824690381 1 2 
154 33 2.0 13 5 9 0 14 31 2 2.51963194317e-17 7 0 
154 33 2.0 7 4 0 0 5 5 3 0.222989940411 1 1 
154 33 2.0 12 6 7 0 9 16 3 6.55438247705e-06 4 1 
154 34 0.0 6 9 0 0 6 11 2 0.14977903339 1 2 
154 34 0.0 9 4 3 0 7 21 3 3.9819868524e-09 1 3 
154 34 0.0 1 5 1 0 2 8 1 0.20086753669 0 2 
154 34 0.0 3 2 0 0 1 2 1 0.202194103723 0 1 
154 34 0.0 2 3 2 0 5 20 1 0.190454745233 0 3 
154 34 0.0 11 5 5 0 8 16 3 2.76032482999e-73 2 2 
154 34 0.0 5 0 1 0 5 13 2 0.14211447998 1 1 
154 34 0.0 10 7 3 0 8 20 3 7.65395251016e-73 2 2 
154 34 0.0 8 16 7 0 20 32 2 0.0235394269553 4 4 
154 34 0.0 4 6 1 0 6 9 2 0.142396325719 1 2 
154 34 0.0 13 5 9 0 14 31 2 3.50702757015e-49 7 0 
154 34 0.0 7 4 0 0 5 5 3 1.72101645656e-10 1 1 
154 34 0.0 12 6 7 0 9 16 3 5.5481755677e-75 4 1 
154 34 2.0 6 9 0 0 6 11 2 0.162895082486 1 2 
154 34 2.0 9 4 3 0 7 21 3 0.226834913017 1 3 
154 34 2.0 1 5 1 0 2 8 1 0.421182038236 0 2 
154 34 2.0 3 2 0 0 1 2 1 0.416418561221 0 1 
154 34 2.0 2 3 2 0 5 20 1 0.126332280394 0 3 
154 34 2.0 11 5 5 0 8 16 3 0.0886440890354 2 2 
154 34 2.0 5 0 1 0 5 13 2 0.178044638986 1 1 
154 34 2.0 10 7 3 0 8 20 3 0.0839279814486 2 2 
154 34 2.0 8 16 7 0 20 32 2 0.00806503997982 4 4 
154 34 2.0 4 6 1 0 6 9 2 0.163433414088 1 2 
154 34 2.0 13 5 9 0 14 31 2 2.56378152636e-17 7 0 
154 34 2.0 7 4 0 0 5 5 3 0.221202604196 1 1 
154 34 2.0 12 6 7 0 9 16 3 1.38482460404e-05 4 1 
154 35 0.0 6 9 0 0 6 11 2 0.149587597457 1 2 
154 35 0.0 9 4 3 0 7 21 3 4.22975669119e-09 1 3 
154 35 0.0 1 5 1 0 2 8 1 0.200129385546 0 2 
154 35 0.0 3 2 0 0 1 2 1 0.201310398533 0 1 
154 35 0.0 2 3 2 0 5 20 1 0.190098174672 0 3 
154 35 0.0 11 5 5 0 8 16 3 4.24138546251e-74 2 2 
154 35 0.0 5 0 1 0 5 13 2 0.142658047749 1 1 
154 35 0.0 10 7 3 0 8 20 3 2.34649305691e-73 2 2 
154 35 0.0 8 16 7 0 20 32 2 0.0219385195096 4 4 
154 35 0.0 4 6 1 0 6 9 2 0.142807741461 1 2 
154 35 0.0 13 5 9 0 14 31 2 6.00586186611e-50 7 0 
154 35 0.0 7 4 0 0 5 5 3 2.1711999478e-10 1 1 
154 35 0.0 12 6 7 0 9 16 3 1.29344836901e-75 4 1 
154 35 2.0 6 9 0 0 6 11 2 0.170645796567 1 2 
154 35 2.0 9 4 3 0 7 21 3 0.224280484225 1 3 
154 35 2.0 1 5 1 0 2 8 1 0.42046904082 0 2 
154 35 2.0 3 2 0 0 1 2 1 0.4193308935 0 1 
154 35 2.0 2 3 2 0 5 20 1 0.125698717759 0 3 
154 35 2.0 11 5 5 0 8 16 3 0.0872405103555 2 2 
154 35 2.0 5 0 1 0 5 13 2 0.177616680252 1 1 
154 35 2.0 10 7 3 0 8 20 3 0.0838674827026 2 2 
154 35 2.0 8 16 7 0 20 32 2 0.00785091990248 4 4 
154 35 2.0 4 6 1 0 6 9 2 0.163995860454 1 2 
154 35 2.0 13 5 9 0 14 31 2 3.02320234622e-17 7 0 
154 35 2.0 7 4 0 0 5 5 3 0.222156986831 1 1 
154 35 2.0 12 6 7 0 9 16 3 1.22970873946e-05 4 1 
154 36 0.0 6 9 0 0 6 11 2 0.149574135786 1 2 
154 36 0.0 9 4 3 0 7 21 3 1.4931689997e-08 1 3 
154 36 0.0 1 5 1 0 2 8 1 0.19668312773 0 2 
154 36 0.0 3 2 0 0 1 2 1 0.197281499416 0 1 
154 36 0.0 2 3 2 0 5 20 1 0.191136934033 0 3 
154 36 0.0 11 5 5 0 8 16 3 4.95743966693e-76 2 2 
154 36 0.0 5 0 1 0 5 13 2 0.145423299627 1 1 
154 36 0.0 10 7 3 0 8 20 3 2.88712003637e-76 2 2 
154 36 0.0 8 16 7 0 20 32 2 0.012822855141 4 4 
154 36 0.0 4 6 1 0 6 9 2 0.145629523062 1 2 
154 36 0.0 13 5 9 0 14 31 2 5.73501764124e-50 7 0 
154 36 0.0 7 4 0 0 5 5 3 5.43524636604e-09 1 1 
154 36 0.0 12 6 7 0 9 16 3 7.15186009934e-77 4 1 
154 36 2.0 6 9 0 0 6 11 2 0.17055862951 1 2 
154 36 2.0 9 4 3 0 7 21 3 0.223195990047 1 3 
154 36 2.0 1 5 1 0 2 8 1 0.422421206006 0 2 
154 36 2.0 3 2 0 0 1 2 1 0.420153006796 0 1 
154 36 2.0 2 3 2 0 5 20 1 0.127068243432 0 3 
154 36 2.0 11 5 5 0 8 16 3 0.0872955346754 2 2 
154 36 2.0 5 0 1 0 5 13 2 0.176383841209 1 1 
154 36 2.0 10 7 3 0 8 20 3 0.0835833658986 2 2 
154 36 2.0 8 16 7 0 20 32 2 0.00804625775768 4 4 
154 36 2.0 4 6 1 0 6 9 2 0.165164894218 1 2 
154 36 2.0 13 5 9 0 14 31 2 1.30358166349e-17 7 0 
154 36 2.0 7 4 0 0 5 5 3 0.220087406439 1 1 
154 36 2.0 12 6 7 0 9 16 3 5.41881918446e-05 4 1 
154 37 0.0 6 9 0 0 6 11 2 0.149764461034 1 2 
154 37 0.0 9 4 3 0 7 21 3 5.93070738913e-09 1 3 
154 37 0.0 1 5 1 0 2 8 1 0.201988004836 0 2 
154 37 0.0 3 2 0 0 1 2 1 0.203155997417 0 1 
154 37 0.0 2 3 2 0 5 20 1 0.190057441454 0 3 
154 37 0.0 11 5 5 0 8 16 3 6.17565328215e-69 2 2 
154 37 0.0 5 0 1 0 5 13 2 0.141491017519 1 1 
154 37 0.0 10 7 3 0 8 20 3 1.98769124764e-68 2 2 
154 37 0.0 8 16 7 0 20 32 2 0.0262775979797 4 4 
154 37 0.0 4 6 1 0 6 9 2 0.141545020321 1 2 
154 37 0.0 13 5 9 0 14 31 2 2.808667233e-48 7 0 
154 37 0.0 7 4 0 0 5 5 3 5.74399162688e-12 1 1 
154 37 0.0 12 6 7 0 9 16 3 5.82680912515e-73 4 1 
154 37 2.0 6 9 0 0 6 11 2 0.172491037297 1 2 
154 37 2.0 9 4 3 0 7 21 3 0.221558367731 1 3 
154 37 2.0 1 5 1 0 2 8 1 0.421925812133 0 2 
154 37 2.0 3 2 0 0 1 2 1 0.422051476377 0 1 
154 37 2.0 2 3 2 0 5 20 1 0.127185168751 0 3 
154 37 2.0 11 5 5 0 8 16 3 0.0869461892157 2 2 
154 37 2.0 5 0 1 0 5 13 2 0.177736563327 1 1 
154 37 2.0 10 7 3 0 8 20 3 0.083427829848 2 2 
154 37 2.0 8 16 7 0 20 32 2 0.00800592175682 4 4 
154 37 2.0 4 6 1 0 6 9 2 0.166242307439 1 2 
154 37 2.0 13 5 9 0 14 31 2 1.83856653498e-17 7 0 
154 37 2.0 7 4 0 0 5 5 3 0.220421849667 1 1 
154 37 2.0 12 6 7 0 9 16 3 3.24340213513e-06 4 1 
154 38 0.0 6 9 0 0 6 11 2 0.149526476595 1 2 
154 38 0.0 9 4 3 0 7 21 3 9.71375077725e-09 1 3 
154 38 0.0 1 5 1 0 2 8 1 0.197829410477 0 2 
154 38 0.0 3 2 0 0 1 2 1 0.198489981134 0 1 
154 38 0.0 2 3 2 0 5 20 1 0.190977087752 0 3 
154 38 0.0 11 5 5 0 8 16 3 9.12141125307e-76 2 2 
154 38 0.0 5 0 1 0 5 13 2 0.144624006846 1 1 
154 38 0.0 10 7 3 0 8 20 3 5.95844266706e-76 2 2 
154 38 0.0 8 16 7 0 20 32 2 0.0157935914608 4 4 
154 38 0.0 4 6 1 0 6 9 2 0.144900750706 1 2 
154 38 0.0 13 5 9 0 14 31 2 1.39016162102e-49 7 0 
154 38 0.0 7 4 0 0 5 5 3 7.50209821642e-10 1 1 
154 38 0.0 12 6 7 0 9 16 3 8.33754533771e-77 4 1 
154 38 2.0 6 9 0 0 6 11 2 0.166252032766 1 2 
154 38 2.0 9 4 3 0 7 21 3 0.226305944272 1 3 
154 38 2.0 1 5 1 0 2 8 1 0.420690302659 0 2 
154 38 2.0 3 2 0 0 1 2 1 0.417260705139 0 1 
154 38 2.0 2 3 2 0 5 20 1 0.126089378573 0 3 
154 38 2.0 11 5 5 0 8 16 3 0.0880122889917 2 2 
154 38 2.0 5 0 1 0 5 13 2 0.17731658846 1 1 
154 38 2.0 10 7 3 0 8 20 3 0.0837894283893 2 2 
154 38 2.0 8 16 7 0 20 32 2 0.00786396837956 4 4 
154 38 2.0 4 6 1 0 6 9 2 0.164504663632 1 2 
154 38 2.0 13 5 9 0 14 31 2 2.19731918879e-17 7 0 
154 38 2.0 7 4 0 0 5 5 3 0.221948739881 1 1 
154 38 2.0 12 6 7 0 9 16 3 5.18795453301e-06 4 1 
154 39 0.0 6 9 0 0 6 11 2 0.149744676469 1 2 
154 39 0.0 9 4 3 0 7 21 3 1.55714764388e-08 1 3 
154 39 0.0 1 5 1 0 2 8 1 0.201795805097 0 2 
154 39 0.0 3 2 0 0 1 2 1 0.203068323118 0 1 
154 39 0.0 2 3 2 0 5 20 1 0.190142577745 0 3 
154 39 0.0 11 5 5 0 8 16 3 1.51325159269e-70 2 2 
154 39 0.0 5 0 1 0 5 13 2 0.141700747526 1 1 
154 39 0.0 10 7 3 0 8 20 3 3.72833614258e-70 2 2 
154 39 0.0 8 16 7 0 20 32 2 0.0256083669209 4 4 
154 39 0.0 4 6 1 0 6 9 2 0.141789094266 1 2 
154 39 0.0 13 5 9 0 14 31 2 7.24025489693e-49 7 0 
154 39 0.0 7 4 0 0 5 5 3 1.30540990458e-11 1 1 
154 39 0.0 12 6 7 0 9 16 3 1.37905625784e-73 4 1 
154 39 2.0 6 9 0 0 6 11 2 0.162029357667 1 2 
154 39 2.0 9 4 3 0 7 21 3 0.22289400105 1 3 
154 39 2.0 1 5 1 0 2 8 1 0.420130805246 0 2 
154 39 2.0 3 2 0 0 1 2 1 0.421646283968 0 1 
154 39 2.0 2 3 2 0 5 20 1 0.126480199429 0 3 
154 39 2.0 11 5 5 0 8 16 3 0.0887197077349 2 2 
154 39 2.0 5 0 1 0 5 13 2 0.177084837566 1 1 
154 39 2.0 10 7 3 0 8 20 3 0.0841511699038 2 2 
154 39 2.0 8 16 7 0 20 32 2 0.00791999524333 4 4 
154 39 2.0 4 6 1 0 6 9 2 0.16227123782 1 2 
154 39 2.0 13 5 9 0 14 31 2 3.01946448212e-17 7 0 
154 39 2.0 7 4 0 0 5 5 3 0.222331720964 1 1 
154 39 2.0 12 6 7 0 9 16 3 9.97944689157e-06 4 1 
154 40 0.0 6 9 0 0 6 11 2 0.149581713871 1 2 
154 40 0.0 9 4 3 0 7 21 3 4.64124978554e-09 1 3 
154 40 0.0 1 5 1 0 2 8 1 0.201145387695 0 2 
154 40 0.0 3 2 0 0 1 2 1 0.202253838062 0 1 
154 40 0.0 2 3 2 0 5 20 1 0.19037662655 0 3 
154 40 0.0 11 5 5 0 8 16 3 2.42596625674e-72 2 2 
154 40 0.0 5 0 1 0 5 13 2 0.141948649803 1 1 
154 40 0.0 10 7 3 0 8 20 3 2.2286190757e-71 2 2 
154 40 0.0 8 16 7 0 20 32 2 0.0242636135605 4 4 
154 40 0.0 4 6 1 0 6 9 2 0.142188822398 1 2 
154 40 0.0 13 5 9 0 14 31 2 7.48652608865e-49 7 0 
154 40 0.0 7 4 0 0 5 5 3 1.80755423591e-10 1 1 
154 40 0.0 12 6 7 0 9 16 3 4.93902645851e-75 4 1 
154 40 2.0 6 9 0 0 6 11 2 0.167925857511 1 2 
154 40 2.0 9 4 3 0 7 21 3 0.223220966497 1 3 
154 40 2.0 1 5 1 0 2 8 1 0.422896246442 0 2 
154 40 2.0 3 2 0 0 1 2 1 0.420692544298 0 1 
154 40 2.0 2 3 2 0 5 20 1 0.12669683715 0 3 
154 40 2.0 11 5 5 0 8 16 3 0.0877256741373 2 2 
154 40 2.0 5 0 1 0 5 13 2 0.178202887358 1 1 
154 40 2.0 10 7 3 0 8 20 3 0.0838482060389 2 2 
154 40 2.0 8 16 7 0 20 32 2 0.00791694140786 4 4 
154 40 2.0 4 6 1 0 6 9 2 0.163791160344 1 2 
154 40 2.0 13 5 9 0 14 31 2 3.44349503324e-17 7 0 
154 40 2.0 7 4 0 0 5 5 3 0.220069216026 1 1 
154 40 2.0 12 6 7 0 9 16 3 2.02025435355e-05 4 1 
