103 1 0.0 13 3 0 0 11 7 4 8.88845252132e-79 1 1 
103 1 0.0 5 2 0 0 11 7 3 3.07242053238e-54 1 1 
103 1 0.0 12 9 4 0 14 17 4 1.6255248495e-77 5 0 
103 1 0.0 6 9 11 0 22 17 3 8.71016377811e-63 5 2 
103 1 0.0 14 4 0 0 8 9 4 1.41829743381e-77 3 0 
103 1 0.0 1 9 0 0 4 4 1 0.189336184739 0 2 
103 1 0.0 9 2 0 0 11 11 3 4.40585644746e-54 1 1 
103 1 0.0 8 12 7 0 21 16 3 3.63292521029e-61 3 6 
103 1 0.0 3 12 5 0 8 15 2 0.0648662530841 1 4 
103 1 0.0 2 12 3 0 23 19 2 0.0645905679201 1 5 
103 1 0.0 11 8 1 0 18 16 4 3.33694788855e-79 2 2 
103 1 0.0 7 12 6 0 17 11 3 2.46203594363e-58 4 4 
103 1 0.0 10 9 4 0 13 9 4 3.42789062754e-78 3 1 
103 1 0.0 4 11 7 0 11 10 3 1.258672573e-39 2 3 
103 1 2.0 13 3 0 0 11 7 4 5.08253940479e-49 1 1 
103 1 2.0 5 2 0 0 11 7 3 1.50240733931e-17 1 1 
103 1 2.0 12 9 4 0 14 17 4 6.49179813663e-46 5 0 
103 1 2.0 6 9 11 0 22 17 3 2.19439893775e-32 5 2 
103 1 2.0 14 4 0 0 8 9 4 6.48936367696e-46 3 0 
103 1 2.0 1 9 0 0 4 4 1 0.15148200746 0 2 
103 1 2.0 9 2 0 0 11 11 3 8.86462990526e-18 1 1 
103 1 2.0 8 12 7 0 21 16 3 7.50771701207e-33 3 6 
103 1 2.0 3 12 5 0 8 15 2 0.0581520082269 1 4 
103 1 2.0 2 12 3 0 23 19 2 0.0581004670839 1 5 
103 1 2.0 11 8 1 0 18 16 4 1.59669258166e-50 2 2 
103 1 2.0 7 12 6 0 17 11 3 1.7024363011e-26 4 4 
103 1 2.0 10 9 4 0 13 9 4 1.54308471406e-47 3 1 
103 1 2.0 4 11 7 0 11 10 3 0.000188719478045 2 3 
103 2 0.0 13 3 0 0 11 7 4 3.46243359288e-79 1 1 
103 2 0.0 5 2 0 0 11 7 3 4.16907214097e-51 1 1 
103 2 0.0 12 9 4 0 14 17 4 1.35328215576e-77 5 0 
103 2 0.0 6 9 11 0 22 17 3 1.70794655208e-61 5 2 
103 2 0.0 14 4 0 0 8 9 4 1.85818984372e-77 3 0 
103 2 0.0 1 9 0 0 4 4 1 0.175351372861 0 2 
103 2 0.0 9 2 0 0 11 11 3 4.33936444729e-50 1 1 
103 2 0.0 8 12 7 0 21 16 3 8.82230027545e-63 3 6 
103 2 0.0 3 12 5 0 8 15 2 0.0768976997439 1 4 
103 2 0.0 2 12 3 0 23 19 2 0.076763716655 1 5 
103 2 0.0 11 8 1 0 18 16 4 1.72481314228e-79 2 2 
103 2 0.0 7 12 6 0 17 11 3 2.75710215358e-58 4 4 
103 2 0.0 10 9 4 0 13 9 4 9.40206173368e-79 3 1 
103 2 0.0 4 11 7 0 11 10 3 7.34698211266e-40 2 3 
103 2 2.0 13 3 0 0 11 7 4 3.97559862008e-49 1 1 
103 2 2.0 5 2 0 0 11 7 3 1.7798186546e-21 1 1 
103 2 2.0 12 9 4 0 14 17 4 9.54203453325e-46 5 0 
103 2 2.0 6 9 11 0 22 17 3 1.27394206849e-29 5 2 
103 2 2.0 14 4 0 0 8 9 4 5.57246244649e-46 3 0 
103 2 2.0 1 9 0 0 4 4 1 0.107552196785 0 2 
103 2 2.0 9 2 0 0 11 11 3 5.71630371971e-20 1 1 
103 2 2.0 8 12 7 0 21 16 3 4.62961095071e-28 3 6 
103 2 2.0 3 12 5 0 8 15 2 0.0805869771432 1 4 
103 2 2.0 2 12 3 0 23 19 2 0.0804770110327 1 5 
103 2 2.0 11 8 1 0 18 16 4 1.10627399223e-49 2 2 
103 2 2.0 7 12 6 0 17 11 3 6.81137005915e-24 4 4 
103 2 2.0 10 9 4 0 13 9 4 6.2408774828e-47 3 1 
103 2 2.0 4 11 7 0 11 10 3 0.00120273884331 2 3 
103 3 0.0 13 3 0 0 11 7 4 2.18418881584e-79 1 1 
103 3 0.0 5 2 0 0 11 7 3 1.14814981437e-54 1 1 
103 3 0.0 12 9 4 0 14 17 4 2.2252392021e-77 5 0 
103 3 0.0 6 9 11 0 22 17 3 3.14622052297e-62 5 2 
103 3 0.0 14 4 0 0 8 9 4 1.28043175038e-77 3 0 
103 3 0.0 1 9 0 0 4 4 1 0.191492506963 0 2 
103 3 0.0 9 2 0 0 11 11 3 2.11280559392e-54 1 1 
103 3 0.0 8 12 7 0 21 16 3 2.31001753148e-60 3 6 
103 3 0.0 3 12 5 0 8 15 2 0.0736028547402 1 4 
103 3 0.0 2 12 3 0 23 19 2 0.073281522948 1 5 
103 3 0.0 11 8 1 0 18 16 4 2.39278743705e-79 2 2 
103 3 0.0 7 12 6 0 17 11 3 1.63393595305e-57 4 4 
103 3 0.0 10 9 4 0 13 9 4 1.59548143482e-78 3 1 
103 3 0.0 4 11 7 0 11 10 3 1.9095509552e-39 2 3 
103 3 2.0 13 3 0 0 11 7 4 7.07631193361e-49 1 1 
103 3 2.0 5 2 0 0 11 7 3 2.12853619751e-22 1 1 
103 3 2.0 12 9 4 0 14 17 4 9.2388855972e-46 5 0 
103 3 2.0 6 9 11 0 22 17 3 9.24539022214e-32 5 2 
103 3 2.0 14 4 0 0 8 9 4 4.18298886121e-46 3 0 
103 3 2.0 1 9 0 0 4 4 1 0.110499889446 0 2 
103 3 2.0 9 2 0 0 11 11 3 5.62382095634e-22 1 1 
103 3 2.0 8 12 7 0 21 16 3 1.7615381416e-29 3 6 
103 3 2.0 3 12 5 0 8 15 2 0.0727499776395 1 4 
103 3 2.0 2 12 3 0 23 19 2 0.0726054140987 1 5 
103 3 2.0 11 8 1 0 18 16 4 9.14976592569e-50 2 2 
103 3 2.0 7 12 6 0 17 11 3 2.88395138018e-25 4 4 
103 3 2.0 10 9 4 0 13 9 4 1.44403136719e-47 3 1 
103 3 2.0 4 11 7 0 11 10 3 0.000922591731803 2 3 
103 4 0.0 13 3 0 0 11 7 4 8.04850782806e-79 1 1 
103 4 0.0 5 2 0 0 11 7 3 4.55780701458e-50 1 1 
103 4 0.0 12 9 4 0 14 17 4 3.52244663612e-78 5 0 
103 4 0.0 6 9 11 0 22 17 3 1.45358747595e-61 5 2 
103 4 0.0 14 4 0 0 8 9 4 1.27948174051e-77 3 0 
103 4 0.0 1 9 0 0 4 4 1 0.182765666679 0 2 
103 4 0.0 9 2 0 0 11 11 3 3.35319481135e-50 1 1 
103 4 0.0 8 12 7 0 21 16 3 1.41507427293e-62 3 6 
103 4 0.0 3 12 5 0 8 15 2 0.0795206339205 1 4 
103 4 0.0 2 12 3 0 23 19 2 0.0793903869938 1 5 
103 4 0.0 11 8 1 0 18 16 4 1.28450485296e-79 2 2 
103 4 0.0 7 12 6 0 17 11 3 1.576964844e-58 4 4 
103 4 0.0 10 9 4 0 13 9 4 5.73536421472e-78 3 1 
103 4 0.0 4 11 7 0 11 10 3 1.61026554555e-39 2 3 
103 4 2.0 13 3 0 0 11 7 4 7.6626846691e-49 1 1 
103 4 2.0 5 2 0 0 11 7 3 2.2984296394e-17 1 1 
103 4 2.0 12 9 4 0 14 17 4 1.0939891135e-45 5 0 
103 4 2.0 6 9 11 0 22 17 3 1.86620091154e-32 5 2 
103 4 2.0 14 4 0 0 8 9 4 4.42462336605e-46 3 0 
103 4 2.0 1 9 0 0 4 4 1 0.19098541207 0 2 
103 4 2.0 9 2 0 0 11 11 3 2.93126733125e-17 1 1 
103 4 2.0 8 12 7 0 21 16 3 3.73658041342e-32 3 6 
103 4 2.0 3 12 5 0 8 15 2 0.0993365716431 1 4 
103 4 2.0 2 12 3 0 23 19 2 0.0992493788656 1 5 
103 4 2.0 11 8 1 0 18 16 4 3.23861780311e-50 2 2 
103 4 2.0 7 12 6 0 17 11 3 1.36712262538e-26 4 4 
103 4 2.0 10 9 4 0 13 9 4 5.13171977979e-48 3 1 
103 4 2.0 4 11 7 0 11 10 3 0.000160059691586 2 3 
103 5 0.0 13 3 0 0 11 7 4 4.41826484262e-79 1 1 
103 5 0.0 5 2 0 0 11 7 3 1.19176641266e-57 1 1 
103 5 0.0 12 9 4 0 14 17 4 1.60757530866e-77 5 0 
103 5 0.0 6 9 11 0 22 17 3 4.12777352377e-62 5 2 
103 5 0.0 14 4 0 0 8 9 4 2.55886654381e-77 3 0 
103 5 0.0 1 9 0 0 4 4 1 0.188347034809 0 2 
103 5 0.0 9 2 0 0 11 11 3 1.03747676455e-56 1 1 
103 5 0.0 8 12 7 0 21 16 3 1.16018324883e-61 3 6 
103 5 0.0 3 12 5 0 8 15 2 0.0676899080497 1 4 
103 5 0.0 2 12 3 0 23 19 2 0.0671217973576 1 5 
103 5 0.0 11 8 1 0 18 16 4 1.50412394693e-79 2 2 
103 5 0.0 7 12 6 0 17 11 3 8.66907448287e-59 4 4 
103 5 0.0 10 9 4 0 13 9 4 5.1904061772e-78 3 1 
103 5 0.0 4 11 7 0 11 10 3 5.90295080728e-40 2 3 
103 5 2.0 13 3 0 0 11 7 4 5.97042499128e-49 1 1 
103 5 2.0 5 2 0 0 11 7 3 2.92996131314e-19 1 1 
103 5 2.0 12 9 4 0 14 17 4 1.08408812778e-45 5 0 
103 5 2.0 6 9 11 0 22 17 3 1.71274443872e-31 5 2 
103 5 2.0 14 4 0 0 8 9 4 5.29124498116e-46 3 0 
103 5 2.0 1 9 0 0 4 4 1 0.0764032736257 0 2 
103 5 2.0 9 2 0 0 11 11 3 1.23883396745e-18 1 1 
103 5 2.0 8 12 7 0 21 16 3 4.2875010862e-31 3 6 
103 5 2.0 3 12 5 0 8 15 2 0.0714826510772 1 4 
103 5 2.0 2 12 3 0 23 19 2 0.0714048497421 1 5 
103 5 2.0 11 8 1 0 18 16 4 1.26881017302e-49 2 2 
103 5 2.0 7 12 6 0 17 11 3 1.26258297514e-24 4 4 
103 5 2.0 10 9 4 0 13 9 4 2.37845247355e-47 3 1 
103 5 2.0 4 11 7 0 11 10 3 0.000615605945002 2 3 
103 6 0.0 13 3 0 0 11 7 4 2.63723441055e-79 1 1 
103 6 0.0 5 2 0 0 11 7 3 1.12119593305e-53 1 1 
103 6 0.0 12 9 4 0 14 17 4 3.49866658171e-78 5 0 
103 6 0.0 6 9 11 0 22 17 3 4.12120920621e-62 5 2 
103 6 0.0 14 4 0 0 8 9 4 2.17212197938e-77 3 0 
103 6 0.0 1 9 0 0 4 4 1 0.189492145076 0 2 
103 6 0.0 9 2 0 0 11 11 3 1.67031807819e-52 1 1 
103 6 0.0 8 12 7 0 21 16 3 2.36507733796e-61 3 6 
103 6 0.0 3 12 5 0 8 15 2 0.0756333523393 1 4 
103 6 0.0 2 12 3 0 23 19 2 0.0753883454961 1 5 
103 6 0.0 11 8 1 0 18 16 4 1.20919784159e-79 2 2 
103 6 0.0 7 12 6 0 17 11 3 1.48648853477e-58 4 4 
103 6 0.0 10 9 4 0 13 9 4 4.94982367627e-78 3 1 
103 6 0.0 4 11 7 0 11 10 3 2.13919861355e-39 2 3 
103 6 2.0 13 3 0 0 11 7 4 6.73957140846e-49 1 1 
103 6 2.0 5 2 0 0 11 7 3 4.45082711807e-19 1 1 
103 6 2.0 12 9 4 0 14 17 4 7.5481516591e-46 5 0 
103 6 2.0 6 9 11 0 22 17 3 2.69544134892e-31 5 2 
103 6 2.0 14 4 0 0 8 9 4 6.49335790118e-46 3 0 
103 6 2.0 1 9 0 0 4 4 1 0.107882764661 0 2 
103 6 2.0 9 2 0 0 11 11 3 3.59939042859e-18 1 1 
103 6 2.0 8 12 7 0 21 16 3 3.90446632954e-30 3 6 
103 6 2.0 3 12 5 0 8 15 2 0.0590021465009 1 4 
103 6 2.0 2 12 3 0 23 19 2 0.058944010329 1 5 
103 6 2.0 11 8 1 0 18 16 4 4.49987260544e-50 2 2 
103 6 2.0 7 12 6 0 17 11 3 9.60910051637e-25 4 4 
103 6 2.0 10 9 4 0 13 9 4 2.83482997056e-47 3 1 
103 6 2.0 4 11 7 0 11 10 3 0.000571821540145 2 3 
103 7 0.0 13 3 0 0 11 7 4 5.44546032708e-79 1 1 
103 7 0.0 5 2 0 0 11 7 3 2.27136321008e-52 1 1 
103 7 0.0 12 9 4 0 14 17 4 2.7717967149e-77 5 0 
103 7 0.0 6 9 11 0 22 17 3 1.38183052965e-62 5 2 
103 7 0.0 14 4 0 0 8 9 4 1.88345618313e-77 3 0 
103 7 0.0 1 9 0 0 4 4 1 0.191904915103 0 2 
103 7 0.0 9 2 0 0 11 11 3 3.08452371356e-52 1 1 
103 7 0.0 8 12 7 0 21 16 3 2.67585403845e-63 3 6 
103 7 0.0 3 12 5 0 8 15 2 0.0618450664014 1 4 
103 7 0.0 2 12 3 0 23 19 2 0.0616809296944 1 5 
103 7 0.0 11 8 1 0 18 16 4 1.18109231507e-79 2 2 
103 7 0.0 7 12 6 0 17 11 3 2.03332200574e-58 4 4 
103 7 0.0 10 9 4 0 13 9 4 2.07640753646e-78 3 1 
103 7 0.0 4 11 7 0 11 10 3 3.54337189372e-40 2 3 
103 7 2.0 13 3 0 0 11 7 4 1.13651577727e-48 1 1 
103 7 2.0 5 2 0 0 11 7 3 1.57241564654e-17 1 1 
103 7 2.0 12 9 4 0 14 17 4 6.9193524822e-46 5 0 
103 7 2.0 6 9 11 0 22 17 3 4.03766738041e-32 5 2 
103 7 2.0 14 4 0 0 8 9 4 5.4376452309e-46 3 0 
103 7 2.0 1 9 0 0 4 4 1 0.108382944145 0 2 
103 7 2.0 9 2 0 0 11 11 3 4.85342538358e-17 1 1 
103 7 2.0 8 12 7 0 21 16 3 2.6149055329e-32 3 6 
103 7 2.0 3 12 5 0 8 15 2 0.0816699394954 1 4 
103 7 2.0 2 12 3 0 23 19 2 0.0816075214005 1 5 
103 7 2.0 11 8 1 0 18 16 4 4.45313573253e-49 2 2 
103 7 2.0 7 12 6 0 17 11 3 2.80627548704e-25 4 4 
103 7 2.0 10 9 4 0 13 9 4 5.11183234393e-47 3 1 
103 7 2.0 4 11 7 0 11 10 3 0.000642854206017 2 3 
103 8 0.0 13 3 0 0 11 7 4 3.42020076301e-79 1 1 
103 8 0.0 5 2 0 0 11 7 3 3.93819931598e-53 1 1 
103 8 0.0 12 9 4 0 14 17 4 2.34400696475e-77 5 0 
103 8 0.0 6 9 11 0 22 17 3 9.61640657497e-63 5 2 
103 8 0.0 14 4 0 0 8 9 4 1.0736224265e-77 3 0 
103 8 0.0 1 9 0 0 4 4 1 0.165246509037 0 2 
103 8 0.0 9 2 0 0 11 11 3 1.85378035112e-52 1 1 
103 8 0.0 8 12 7 0 21 16 3 3.54836552602e-62 3 6 
103 8 0.0 3 12 5 0 8 15 2 0.0617655936504 1 4 
103 8 0.0 2 12 3 0 23 19 2 0.0615913432386 1 5 
103 8 0.0 11 8 1 0 18 16 4 4.09258285766e-80 2 2 
103 8 0.0 7 12 6 0 17 11 3 1.71160126835e-58 4 4 
103 8 0.0 10 9 4 0 13 9 4 1.97239668279e-78 3 1 
103 8 0.0 4 11 7 0 11 10 3 1.95696631023e-40 2 3 
103 8 2.0 13 3 0 0 11 7 4 8.65644435066e-49 1 1 
103 8 2.0 5 2 0 0 11 7 3 4.06850781615e-16 1 1 
103 8 2.0 12 9 4 0 14 17 4 6.54265274968e-46 5 0 
103 8 2.0 6 9 11 0 22 17 3 5.70285610843e-31 5 2 
103 8 2.0 14 4 0 0 8 9 4 6.85634844177e-46 3 0 
103 8 2.0 1 9 0 0 4 4 1 0.168616050193 0 2 
103 8 2.0 9 2 0 0 11 11 3 6.92981184028e-16 1 1 
103 8 2.0 8 12 7 0 21 16 3 2.35707730777e-32 3 6 
103 8 2.0 3 12 5 0 8 15 2 0.0907185958076 1 4 
103 8 2.0 2 12 3 0 23 19 2 0.0906661240055 1 5 
103 8 2.0 11 8 1 0 18 16 4 8.90551626364e-50 2 2 
103 8 2.0 7 12 6 0 17 11 3 1.82040990282e-25 4 4 
103 8 2.0 10 9 4 0 13 9 4 5.80239658688e-47 3 1 
103 8 2.0 4 11 7 0 11 10 3 0.000394949109005 2 3 
103 9 0.0 13 3 0 0 11 7 4 3.02070767129e-79 1 1 
103 9 0.0 5 2 0 0 11 7 3 6.87125290604e-59 1 1 
103 9 0.0 12 9 4 0 14 17 4 2.10277618119e-77 5 0 
103 9 0.0 6 9 11 0 22 17 3 3.63438460442e-62 5 2 
103 9 0.0 14 4 0 0 8 9 4 2.14298182893e-77 3 0 
103 9 0.0 1 9 0 0 4 4 1 0.183867374147 0 2 
103 9 0.0 9 2 0 0 11 11 3 5.88221244211e-58 1 1 
103 9 0.0 8 12 7 0 21 16 3 2.45254125364e-60 3 6 
103 9 0.0 3 12 5 0 8 15 2 0.0693717660688 1 4 
103 9 0.0 2 12 3 0 23 19 2 0.0686279952307 1 5 
103 9 0.0 11 8 1 0 18 16 4 1.10059540065e-79 2 2 
103 9 0.0 7 12 6 0 17 11 3 3.90816550714e-58 4 4 
103 9 0.0 10 9 4 0 13 9 4 5.7905113755e-78 3 1 
103 9 0.0 4 11 7 0 11 10 3 1.48394989049e-39 2 3 
103 9 2.0 13 3 0 0 11 7 4 1.07312685607e-48 1 1 
103 9 2.0 5 2 0 0 11 7 3 7.15980218905e-12 1 1 
103 9 2.0 12 9 4 0 14 17 4 6.85113675734e-46 5 0 
103 9 2.0 6 9 11 0 22 17 3 4.46546453309e-32 5 2 
103 9 2.0 14 4 0 0 8 9 4 3.81183124277e-46 3 0 
103 9 2.0 1 9 0 0 4 4 1 0.138912201074 0 2 
103 9 2.0 9 2 0 0 11 11 3 6.21956167878e-11 1 1 
103 9 2.0 8 12 7 0 21 16 3 9.6908743666e-34 3 6 
103 9 2.0 3 12 5 0 8 15 2 0.116341206784 1 4 
103 9 2.0 2 12 3 0 23 19 2 0.116314490536 1 5 
103 9 2.0 11 8 1 0 18 16 4 1.18508184682e-49 2 2 
103 9 2.0 7 12 6 0 17 11 3 2.16049525203e-26 4 4 
103 9 2.0 10 9 4 0 13 9 4 1.28884112552e-47 3 1 
103 9 2.0 4 11 7 0 11 10 3 0.000262252497309 2 3 
103 10 0.0 13 3 0 0 11 7 4 7.91529347923e-79 1 1 
103 10 0.0 5 2 0 0 11 7 3 9.86729314615e-54 1 1 
103 10 0.0 12 9 4 0 14 17 4 2.96616968461e-77 5 0 
103 10 0.0 6 9 11 0 22 17 3 2.40396641734e-62 5 2 
103 10 0.0 14 4 0 0 8 9 4 9.17695675417e-78 3 0 
103 10 0.0 1 9 0 0 4 4 1 0.185869193883 0 2 
103 10 0.0 9 2 0 0 11 11 3 9.72797675804e-54 1 1 
103 10 0.0 8 12 7 0 21 16 3 1.21628754031e-61 3 6 
103 10 0.0 3 12 5 0 8 15 2 0.0762186453485 1 4 
103 10 0.0 2 12 3 0 23 19 2 0.0759257110985 1 5 
103 10 0.0 11 8 1 0 18 16 4 7.21881127681e-79 2 2 
103 10 0.0 7 12 6 0 17 11 3 1.32831023242e-58 4 4 
103 10 0.0 10 9 4 0 13 9 4 2.07800558429e-78 3 1 
103 10 0.0 4 11 7 0 11 10 3 1.53852950086e-39 2 3 
103 10 2.0 13 3 0 0 11 7 4 1.14878793481e-48 1 1 
103 10 2.0 5 2 0 0 11 7 3 6.80376148731e-15 1 1 
103 10 2.0 12 9 4 0 14 17 4 8.01508645664e-46 5 0 
103 10 2.0 6 9 11 0 22 17 3 6.48741948562e-33 5 2 
103 10 2.0 14 4 0 0 8 9 4 5.18087195285e-46 3 0 
103 10 2.0 1 9 0 0 4 4 1 0.0751570268627 0 2 
103 10 2.0 9 2 0 0 11 11 3 1.23049040047e-14 1 1 
103 10 2.0 8 12 7 0 21 16 3 1.30473809319e-35 3 6 
103 10 2.0 3 12 5 0 8 15 2 0.125968494133 1 4 
103 10 2.0 2 12 3 0 23 19 2 0.125890426765 1 5 
103 10 2.0 11 8 1 0 18 16 4 8.4301483743e-50 2 2 
103 10 2.0 7 12 6 0 17 11 3 2.63204155409e-27 4 4 
103 10 2.0 10 9 4 0 13 9 4 2.3956924827e-47 3 1 
103 10 2.0 4 11 7 0 11 10 3 6.46753467326e-05 2 3 
103 11 0.0 13 3 0 0 11 7 4 4.46291513854e-79 1 1 
103 11 0.0 5 2 0 0 11 7 3 7.33067764033e-49 1 1 
103 11 0.0 12 9 4 0 14 17 4 1.9717990056e-77 5 0 
103 11 0.0 6 9 11 0 22 17 3 1.23583894734e-62 5 2 
103 11 0.0 14 4 0 0 8 9 4 1.69167028571e-77 3 0 
103 11 0.0 1 9 0 0 4 4 1 0.183940665865 0 2 
103 11 0.0 9 2 0 0 11 11 3 2.12573286719e-49 1 1 
103 11 0.0 8 12 7 0 21 16 3 1.85468964438e-64 3 6 
103 11 0.0 3 12 5 0 8 15 2 0.0713121152002 1 4 
103 11 0.0 2 12 3 0 23 19 2 0.0712254336709 1 5 
103 11 0.0 11 8 1 0 18 16 4 5.68745867431e-80 2 2 
103 11 0.0 7 12 6 0 17 11 3 5.28901714324e-58 4 4 
103 11 0.0 10 9 4 0 13 9 4 2.99948776315e-78 3 1 
103 11 0.0 4 11 7 0 11 10 3 2.74722439164e-40 2 3 
103 11 2.0 13 3 0 0 11 7 4 2.49923647507e-48 1 1 
103 11 2.0 5 2 0 0 11 7 3 1.72937098761e-20 1 1 
103 11 2.0 12 9 4 0 14 17 4 7.3708312852e-46 5 0 
103 11 2.0 6 9 11 0 22 17 3 2.40468051312e-30 5 2 
103 11 2.0 14 4 0 0 8 9 4 4.68153730371e-46 3 0 
103 11 2.0 1 9 0 0 4 4 1 0.134182336223 0 2 
103 11 2.0 9 2 0 0 11 11 3 3.5802558314e-20 1 1 
103 11 2.0 8 12 7 0 21 16 3 6.13532715359e-30 3 6 
103 11 2.0 3 12 5 0 8 15 2 0.0875846735555 1 4 
103 11 2.0 2 12 3 0 23 19 2 0.0874690998052 1 5 
103 11 2.0 11 8 1 0 18 16 4 4.24585131528e-49 2 2 
103 11 2.0 7 12 6 0 17 11 3 2.59440874279e-24 4 4 
103 11 2.0 10 9 4 0 13 9 4 3.19097057468e-47 3 1 
103 11 2.0 4 11 7 0 11 10 3 0.000875453332894 2 3 
103 12 0.0 13 3 0 0 11 7 4 8.18082106435e-79 1 1 
103 12 0.0 5 2 0 0 11 7 3 1.56073981924e-59 1 1 
103 12 0.0 12 9 4 0 14 17 4 2.38180484695e-77 5 0 
103 12 0.0 6 9 11 0 22 17 3 1.23733941691e-61 5 2 
103 12 0.0 14 4 0 0 8 9 4 9.97658854379e-78 3 0 
103 12 0.0 1 9 0 0 4 4 1 0.171524070715 0 2 
103 12 0.0 9 2 0 0 11 11 3 4.39701372022e-60 1 1 
103 12 0.0 8 12 7 0 21 16 3 7.86679117518e-61 3 6 
103 12 0.0 3 12 5 0 8 15 2 0.0689704007374 1 4 
103 12 0.0 2 12 3 0 23 19 2 0.0678776622413 1 5 
103 12 0.0 11 8 1 0 18 16 4 1.17846078864e-78 2 2 
103 12 0.0 7 12 6 0 17 11 3 1.23468854659e-58 4 4 
103 12 0.0 10 9 4 0 13 9 4 1.71887928743e-78 3 1 
103 12 0.0 4 11 7 0 11 10 3 5.4653175823e-40 2 3 
103 12 2.0 13 3 0 0 11 7 4 3.72423287873e-49 1 1 
103 12 2.0 5 2 0 0 11 7 3 5.61955387452e-20 1 1 
103 12 2.0 12 9 4 0 14 17 4 9.06467223085e-46 5 0 
103 12 2.0 6 9 11 0 22 17 3 5.39236309761e-31 5 2 
103 12 2.0 14 4 0 0 8 9 4 7.19996296108e-46 3 0 
103 12 2.0 1 9 0 0 4 4 1 0.129957079672 0 2 
103 12 2.0 9 2 0 0 11 11 3 3.17692009082e-19 1 1 
103 12 2.0 8 12 7 0 21 16 3 4.13717779169e-30 3 6 
103 12 2.0 3 12 5 0 8 15 2 0.0731614497237 1 4 
103 12 2.0 2 12 3 0 23 19 2 0.0730801253337 1 5 
103 12 2.0 11 8 1 0 18 16 4 2.82705559867e-49 2 2 
103 12 2.0 7 12 6 0 17 11 3 1.34321809268e-24 4 4 
103 12 2.0 10 9 4 0 13 9 4 1.0096856408e-46 3 1 
103 12 2.0 4 11 7 0 11 10 3 0.000676536289475 2 3 
103 13 0.0 13 3 0 0 11 7 4 3.14528829137e-79 1 1 
103 13 0.0 5 2 0 0 11 7 3 1.76330190396e-51 1 1 
103 13 0.0 12 9 4 0 14 17 4 2.22303648433e-77 5 0 
103 13 0.0 6 9 11 0 22 17 3 3.54445008125e-62 5 2 
103 13 0.0 14 4 0 0 8 9 4 7.14010337255e-78 3 0 
103 13 0.0 1 9 0 0 4 4 1 0.170573502985 0 2 
103 13 0.0 9 2 0 0 11 11 3 9.4647177737e-52 1 1 
103 13 0.0 8 12 7 0 21 16 3 1.32119950792e-62 3 6 
103 13 0.0 3 12 5 0 8 15 2 0.0777195658681 1 4 
103 13 0.0 2 12 3 0 23 19 2 0.0775366405703 1 5 
103 13 0.0 11 8 1 0 18 16 4 4.31210464344e-79 2 2 
103 13 0.0 7 12 6 0 17 11 3 1.09821856922e-58 4 4 
103 13 0.0 10 9 4 0 13 9 4 2.88401468458e-78 3 1 
103 13 0.0 4 11 7 0 11 10 3 8.13054960494e-40 2 3 
103 13 2.0 13 3 0 0 11 7 4 1.74315335307e-48 1 1 
103 13 2.0 5 2 0 0 11 7 3 1.81125489139e-19 1 1 
103 13 2.0 12 9 4 0 14 17 4 4.41918178891e-46 5 0 
103 13 2.0 6 9 11 0 22 17 3 4.55497099892e-30 5 2 
103 13 2.0 14 4 0 0 8 9 4 5.91859398831e-46 3 0 
103 13 2.0 1 9 0 0 4 4 1 0.132101958807 0 2 
103 13 2.0 9 2 0 0 11 11 3 1.0988298264e-18 1 1 
103 13 2.0 8 12 7 0 21 16 3 1.12229155385e-29 3 6 
103 13 2.0 3 12 5 0 8 15 2 0.104240549058 1 4 
103 13 2.0 2 12 3 0 23 19 2 0.104127519829 1 5 
103 13 2.0 11 8 1 0 18 16 4 3.40865099804e-49 2 2 
103 13 2.0 7 12 6 0 17 11 3 8.05452771713e-25 4 4 
103 13 2.0 10 9 4 0 13 9 4 2.99690963848e-47 3 1 
103 13 2.0 4 11 7 0 11 10 3 0.000695331762182 2 3 
103 14 0.0 13 3 0 0 11 7 4 7.89315696676e-79 1 1 
103 14 0.0 5 2 0 0 11 7 3 2.21206305498e-51 1 1 
103 14 0.0 12 9 4 0 14 17 4 1.78080739308e-77 5 0 
103 14 0.0 6 9 11 0 22 17 3 2.66920762859e-62 5 2 
103 14 0.0 14 4 0 0 8 9 4 8.7155392991e-78 3 0 
103 14 0.0 1 9 0 0 4 4 1 0.16960636598 0 2 
103 14 0.0 9 2 0 0 11 11 3 5.14363708905e-51 1 1 
103 14 0.0 8 12 7 0 21 16 3 1.05426441277e-62 3 6 
103 14 0.0 3 12 5 0 8 15 2 0.0592011358734 1 4 
103 14 0.0 2 12 3 0 23 19 2 0.059070553172 1 5 
103 14 0.0 11 8 1 0 18 16 4 7.04014060458e-79 2 2 
103 14 0.0 7 12 6 0 17 11 3 1.93371207911e-58 4 4 
103 14 0.0 10 9 4 0 13 9 4 1.67269140841e-78 3 1 
103 14 0.0 4 11 7 0 11 10 3 2.05861037751e-40 2 3 
103 14 2.0 13 3 0 0 11 7 4 2.62244889853e-49 1 1 
103 14 2.0 5 2 0 0 11 7 3 1.08710059367e-16 1 1 
103 14 2.0 12 9 4 0 14 17 4 6.70057892656e-46 5 0 
103 14 2.0 6 9 11 0 22 17 3 2.23998871096e-31 5 2 
103 14 2.0 14 4 0 0 8 9 4 6.69962223637e-46 3 0 
103 14 2.0 1 9 0 0 4 4 1 0.167968066474 0 2 
103 14 2.0 9 2 0 0 11 11 3 1.56661698208e-15 1 1 
103 14 2.0 8 12 7 0 21 16 3 2.03637819474e-30 3 6 
103 14 2.0 3 12 5 0 8 15 2 0.0920891994827 1 4 
103 14 2.0 2 12 3 0 23 19 2 0.0920335737244 1 5 
103 14 2.0 11 8 1 0 18 16 4 5.72044046813e-50 2 2 
103 14 2.0 7 12 6 0 17 11 3 2.06468210941e-25 4 4 
103 14 2.0 10 9 4 0 13 9 4 6.17918615857e-47 3 1 
103 14 2.0 4 11 7 0 11 10 3 0.000400356015967 2 3 
103 15 0.0 13 3 0 0 11 7 4 2.57779288603e-79 1 1 
103 15 0.0 5 2 0 0 11 7 3 1.44741010123e-50 1 1 
103 15 0.0 12 9 4 0 14 17 4 2.25563844877e-77 5 0 
103 15 0.0 6 9 11 0 22 17 3 4.71527147877e-62 5 2 
103 15 0.0 14 4 0 0 8 9 4 2.21584952167e-77 3 0 
103 15 0.0 1 9 0 0 4 4 1 0.166883573515 0 2 
103 15 0.0 9 2 0 0 11 11 3 4.18648959984e-50 1 1 
103 15 0.0 8 12 7 0 21 16 3 1.01657360511e-62 3 6 
103 15 0.0 3 12 5 0 8 15 2 0.0791110246221 1 4 
103 15 0.0 2 12 3 0 23 19 2 0.0789788650213 1 5 
103 15 0.0 11 8 1 0 18 16 4 7.57385176533e-80 2 2 
103 15 0.0 7 12 6 0 17 11 3 9.77830093259e-59 4 4 
103 15 0.0 10 9 4 0 13 9 4 1.48859668563e-78 3 1 
103 15 0.0 4 11 7 0 11 10 3 1.04005132108e-39 2 3 
103 15 2.0 13 3 0 0 11 7 4 5.00894802491e-49 1 1 
103 15 2.0 5 2 0 0 11 7 3 1.43494585908e-13 1 1 
103 15 2.0 12 9 4 0 14 17 4 7.40262743889e-46 5 0 
103 15 2.0 6 9 11 0 22 17 3 1.73630460489e-32 5 2 
103 15 2.0 14 4 0 0 8 9 4 4.69205117536e-46 3 0 
103 15 2.0 1 9 0 0 4 4 1 0.129315100054 0 2 
103 15 2.0 9 2 0 0 11 11 3 2.82371672252e-12 1 1 
103 15 2.0 8 12 7 0 21 16 3 1.62999039355e-32 3 6 
103 15 2.0 3 12 5 0 8 15 2 0.0530113292095 1 4 
103 15 2.0 2 12 3 0 23 19 2 0.0529918430274 1 5 
103 15 2.0 11 8 1 0 18 16 4 1.22686067097e-49 2 2 
103 15 2.0 7 12 6 0 17 11 3 1.43344581158e-25 4 4 
103 15 2.0 10 9 4 0 13 9 4 1.30714290568e-47 3 1 
103 15 2.0 4 11 7 0 11 10 3 0.000218709695214 2 3 
103 16 0.0 13 3 0 0 11 7 4 2.81954161486e-79 1 1 
103 16 0.0 5 2 0 0 11 7 3 3.82526589315e-49 1 1 
103 16 0.0 12 9 4 0 14 17 4 1.75544736114e-77 5 0 
103 16 0.0 6 9 11 0 22 17 3 1.66371202441e-62 5 2 
103 16 0.0 14 4 0 0 8 9 4 2.15069379812e-77 3 0 
103 16 0.0 1 9 0 0 4 4 1 0.209183263547 0 2 
103 16 0.0 9 2 0 0 11 11 3 1.56942461391e-47 1 1 
103 16 0.0 8 12 7 0 21 16 3 8.27483377114e-64 3 6 
103 16 0.0 3 12 5 0 8 15 2 0.0798360621887 1 4 
103 16 0.0 2 12 3 0 23 19 2 0.0797555990564 1 5 
103 16 0.0 11 8 1 0 18 16 4 1.40626284849e-79 2 2 
103 16 0.0 7 12 6 0 17 11 3 1.93156102449e-58 4 4 
103 16 0.0 10 9 4 0 13 9 4 2.80467388315e-78 3 1 
103 16 0.0 4 11 7 0 11 10 3 3.16744633893e-40 2 3 
103 16 2.0 13 3 0 0 11 7 4 6.60394362825e-49 1 1 
103 16 2.0 5 2 0 0 11 7 3 1.62850917701e-11 1 1 
103 16 2.0 12 9 4 0 14 17 4 3.34381359307e-46 5 0 
103 16 2.0 6 9 11 0 22 17 3 7.9454176456e-32 5 2 
103 16 2.0 14 4 0 0 8 9 4 6.13983075138e-46 3 0 
103 16 2.0 1 9 0 0 4 4 1 0.0645811240895 0 2 
103 16 2.0 9 2 0 0 11 11 3 1.57224771576e-10 1 1 
103 16 2.0 8 12 7 0 21 16 3 3.32744361226e-34 3 6 
103 16 2.0 3 12 5 0 8 15 2 0.0959983994017 1 4 
103 16 2.0 2 12 3 0 23 19 2 0.0959755581574 1 5 
103 16 2.0 11 8 1 0 18 16 4 2.05320962016e-49 2 2 
103 16 2.0 7 12 6 0 17 11 3 8.79848279514e-27 4 4 
103 16 2.0 10 9 4 0 13 9 4 1.26259516636e-46 3 1 
103 16 2.0 4 11 7 0 11 10 3 0.000236673825714 2 3 
103 17 0.0 13 3 0 0 11 7 4 2.21509365131e-78 1 1 
103 17 0.0 5 2 0 0 11 7 3 5.90727061668e-50 1 1 
103 17 0.0 12 9 4 0 14 17 4 2.73215020039e-77 5 0 
103 17 0.0 6 9 11 0 22 17 3 1.98142556609e-62 5 2 
103 17 0.0 14 4 0 0 8 9 4 1.13873742482e-77 3 0 
103 17 0.0 1 9 0 0 4 4 1 0.178058661147 0 2 
103 17 0.0 9 2 0 0 11 11 3 3.40587671242e-50 1 1 
103 17 0.0 8 12 7 0 21 16 3 2.33449998842e-64 3 6 
103 17 0.0 3 12 5 0 8 15 2 0.0826985883222 1 4 
103 17 0.0 2 12 3 0 23 19 2 0.0825583397173 1 5 
103 17 0.0 11 8 1 0 18 16 4 1.85034872113e-79 2 2 
103 17 0.0 7 12 6 0 17 11 3 4.88431172103e-59 4 4 
103 17 0.0 10 9 4 0 13 9 4 1.82843148384e-78 3 1 
103 17 0.0 4 11 7 0 11 10 3 3.54549710286e-40 2 3 
103 17 2.0 13 3 0 0 11 7 4 6.49447634706e-49 1 1 
103 17 2.0 5 2 0 0 11 7 3 4.22460334598e-24 1 1 
103 17 2.0 12 9 4 0 14 17 4 4.66905201635e-46 5 0 
103 17 2.0 6 9 11 0 22 17 3 3.87345780296e-32 5 2 
103 17 2.0 14 4 0 0 8 9 4 6.46007420051e-46 3 0 
103 17 2.0 1 9 0 0 4 4 1 0.16044224795 0 2 
103 17 2.0 9 2 0 0 11 11 3 4.10883074519e-23 1 1 
103 17 2.0 8 12 7 0 21 16 3 1.47231129325e-29 3 6 
103 17 2.0 3 12 5 0 8 15 2 0.0912516701389 1 4 
103 17 2.0 2 12 3 0 23 19 2 0.091002903923 1 5 
103 17 2.0 11 8 1 0 18 16 4 1.91986595106e-50 2 2 
103 17 2.0 7 12 6 0 17 11 3 5.27321192046e-26 4 4 
103 17 2.0 10 9 4 0 13 9 4 2.25660451233e-47 3 1 
103 17 2.0 4 11 7 0 11 10 3 0.000579317466824 2 3 
103 18 0.0 13 3 0 0 11 7 4 9.74654153585e-79 1 1 
103 18 0.0 5 2 0 0 11 7 3 1.61806001451e-54 1 1 
103 18 0.0 12 9 4 0 14 17 4 2.04030495639e-77 5 0 
103 18 0.0 6 9 11 0 22 17 3 2.14568124374e-62 5 2 
103 18 0.0 14 4 0 0 8 9 4 6.98043988237e-78 3 0 
103 18 0.0 1 9 0 0 4 4 1 0.191778895187 0 2 
103 18 0.0 9 2 0 0 11 11 3 1.00787454615e-54 1 1 
103 18 0.0 8 12 7 0 21 16 3 1.78560190098e-61 3 6 
103 18 0.0 3 12 5 0 8 15 2 0.0719296057532 1 4 
103 18 0.0 2 12 3 0 23 19 2 0.0715846737763 1 5 
103 18 0.0 11 8 1 0 18 16 4 5.3719811445e-79 2 2 
103 18 0.0 7 12 6 0 17 11 3 2.61208044292e-58 4 4 
103 18 0.0 10 9 4 0 13 9 4 1.2886042484e-78 3 1 
103 18 0.0 4 11 7 0 11 10 3 2.43129571057e-39 2 3 
103 18 2.0 13 3 0 0 11 7 4 9.91194966816e-49 1 1 
103 18 2.0 5 2 0 0 11 7 3 2.66837656554e-19 1 1 
103 18 2.0 12 9 4 0 14 17 4 8.57662639964e-46 5 0 
103 18 2.0 6 9 11 0 22 17 3 4.13455254035e-33 5 2 
103 18 2.0 14 4 0 0 8 9 4 5.15942702123e-46 3 0 
103 18 2.0 1 9 0 0 4 4 1 0.14560983934 0 2 
103 18 2.0 9 2 0 0 11 11 3 1.6050200094e-18 1 1 
103 18 2.0 8 12 7 0 21 16 3 2.4390438801e-32 3 6 
103 18 2.0 3 12 5 0 8 15 2 0.0636401375193 1 4 
103 18 2.0 2 12 3 0 23 19 2 0.0635703199245 1 5 
103 18 2.0 11 8 1 0 18 16 4 6.47579457664e-50 2 2 
103 18 2.0 7 12 6 0 17 11 3 3.3320525672e-26 4 4 
103 18 2.0 10 9 4 0 13 9 4 1.32843008902e-47 3 1 
103 18 2.0 4 11 7 0 11 10 3 0.000308257664847 2 3 
103 19 0.0 13 3 0 0 11 7 4 6.75378712195e-79 1 1 
103 19 0.0 5 2 0 0 11 7 3 6.43581661762e-54 1 1 
103 19 0.0 12 9 4 0 14 17 4 1.67848861392e-77 5 0 
103 19 0.0 6 9 11 0 22 17 3 5.59956048201e-62 5 2 
103 19 0.0 14 4 0 0 8 9 4 1.43780649799e-77 3 0 
103 19 0.0 1 9 0 0 4 4 1 0.196427392994 0 2 
103 19 0.0 9 2 0 0 11 11 3 3.38276022705e-54 1 1 
103 19 0.0 8 12 7 0 21 16 3 2.24015320071e-61 3 6 
103 19 0.0 3 12 5 0 8 15 2 0.067219933387 1 4 
103 19 0.0 2 12 3 0 23 19 2 0.0669401856294 1 5 
103 19 0.0 11 8 1 0 18 16 4 2.55956589776e-79 2 2 
103 19 0.0 7 12 6 0 17 11 3 3.67762179022e-58 4 4 
103 19 0.0 10 9 4 0 13 9 4 3.37653916425e-78 3 1 
103 19 0.0 4 11 7 0 11 10 3 7.46663234342e-40 2 3 
103 19 2.0 13 3 0 0 11 7 4 3.95961473233e-49 1 1 
103 19 2.0 5 2 0 0 11 7 3 1.36403984145e-11 1 1 
103 19 2.0 12 9 4 0 14 17 4 9.92542234274e-46 5 0 
103 19 2.0 6 9 11 0 22 17 3 2.82890999155e-31 5 2 
103 19 2.0 14 4 0 0 8 9 4 6.67038013027e-46 3 0 
103 19 2.0 1 9 0 0 4 4 1 0.109804128491 0 2 
103 19 2.0 9 2 0 0 11 11 3 5.06734076601e-11 1 1 
103 19 2.0 8 12 7 0 21 16 3 4.95054575592e-34 3 6 
103 19 2.0 3 12 5 0 8 15 2 0.110990195984 1 4 
103 19 2.0 2 12 3 0 23 19 2 0.110967874263 1 5 
103 19 2.0 11 8 1 0 18 16 4 3.55855240035e-50 2 2 
103 19 2.0 7 12 6 0 17 11 3 3.05190814539e-25 4 4 
103 19 2.0 10 9 4 0 13 9 4 2.71156403095e-47 3 1 
103 19 2.0 4 11 7 0 11 10 3 0.00042692295967 2 3 
103 20 0.0 13 3 0 0 11 7 4 5.54771472594e-79 1 1 
103 20 0.0 5 2 0 0 11 7 3 2.97979140698e-53 1 1 
103 20 0.0 12 9 4 0 14 17 4 2.8928483291e-77 5 0 
103 20 0.0 6 9 11 0 22 17 3 6.21947431653e-62 5 2 
103 20 0.0 14 4 0 0 8 9 4 1.61763298843e-77 3 0 
103 20 0.0 1 9 0 0 4 4 1 0.187072589035 0 2 
103 20 0.0 9 2 0 0 11 11 3 8.73049237509e-53 1 1 
103 20 0.0 8 12 7 0 21 16 3 2.84558874527e-61 3 6 
103 20 0.0 3 12 5 0 8 15 2 0.0753640251899 1 4 
103 20 0.0 2 12 3 0 23 19 2 0.0751384931751 1 5 
103 20 0.0 11 8 1 0 18 16 4 4.21280864934e-80 2 2 
103 20 0.0 7 12 6 0 17 11 3 1.72644047571e-57 4 4 
103 20 0.0 10 9 4 0 13 9 4 3.04671654645e-78 3 1 
103 20 0.0 4 11 7 0 11 10 3 8.7878821233e-40 2 3 
103 20 2.0 13 3 0 0 11 7 4 3.4745775112e-49 1 1 
103 20 2.0 5 2 0 0 11 7 3 2.57521710016e-14 1 1 
103 20 2.0 12 9 4 0 14 17 4 6.38056251254e-46 5 0 
103 20 2.0 6 9 11 0 22 17 3 1.74179904271e-31 5 2 
103 20 2.0 14 4 0 0 8 9 4 6.33914374195e-46 3 0 
103 20 2.0 1 9 0 0 4 4 1 0.0965595634387 0 2 
103 20 2.0 9 2 0 0 11 11 3 2.29521866848e-14 1 1 
103 20 2.0 8 12 7 0 21 16 3 2.924313498e-31 3 6 
103 20 2.0 3 12 5 0 8 15 2 0.0621878541664 1 4 
103 20 2.0 2 12 3 0 23 19 2 0.0621620739651 1 5 
103 20 2.0 11 8 1 0 18 16 4 4.13707887824e-49 2 2 
103 20 2.0 7 12 6 0 17 11 3 2.36068135334e-25 4 4 
103 20 2.0 10 9 4 0 13 9 4 4.36614961617e-47 3 1 
103 20 2.0 4 11 7 0 11 10 3 0.000452234675672 2 3 
103 21 0.0 13 3 0 0 11 7 4 1.72795562851e-79 1 1 
103 21 0.0 5 2 0 0 11 7 3 2.98605514603e-52 1 1 
103 21 0.0 12 9 4 0 14 17 4 1.95090055556e-77 5 0 
103 21 0.0 6 9 11 0 22 17 3 1.18887740699e-62 5 2 
103 21 0.0 14 4 0 0 8 9 4 1.5108102667e-77 3 0 
103 21 0.0 1 9 0 0 4 4 1 0.195962623124 0 2 
103 21 0.0 9 2 0 0 11 11 3 1.32175166122e-51 1 1 
103 21 0.0 8 12 7 0 21 16 3 4.22326779759e-62 3 6 
103 21 0.0 3 12 5 0 8 15 2 0.0781038161351 1 4 
103 21 0.0 2 12 3 0 23 19 2 0.0779209329174 1 5 
103 21 0.0 11 8 1 0 18 16 4 9.69898240833e-80 2 2 
103 21 0.0 7 12 6 0 17 11 3 1.18277280583e-58 4 4 
103 21 0.0 10 9 4 0 13 9 4 1.87291246737e-78 3 1 
103 21 0.0 4 11 7 0 11 10 3 5.45909299993e-40 2 3 
103 21 2.0 13 3 0 0 11 7 4 1.20680297281e-48 1 1 
103 21 2.0 5 2 0 0 11 7 3 4.73052656168e-22 1 1 
103 21 2.0 12 9 4 0 14 17 4 8.7394279778e-46 5 0 
103 21 2.0 6 9 11 0 22 17 3 1.21607836864e-30 5 2 
103 21 2.0 14 4 0 0 8 9 4 4.22791617163e-46 3 0 
103 21 2.0 1 9 0 0 4 4 1 0.142719530144 0 2 
103 21 2.0 9 2 0 0 11 11 3 8.35624464921e-22 1 1 
103 21 2.0 8 12 7 0 21 16 3 1.57589847514e-28 3 6 
103 21 2.0 3 12 5 0 8 15 2 0.0968933360745 1 4 
103 21 2.0 2 12 3 0 23 19 2 0.0967149142912 1 5 
103 21 2.0 11 8 1 0 18 16 4 3.63542584827e-50 2 2 
103 21 2.0 7 12 6 0 17 11 3 2.85363530662e-24 4 4 
103 21 2.0 10 9 4 0 13 9 4 1.23269213564e-47 3 1 
103 21 2.0 4 11 7 0 11 10 3 0.000875905559055 2 3 
103 22 0.0 13 3 0 0 11 7 4 2.511422945e-79 1 1 
103 22 0.0 5 2 0 0 11 7 3 1.81190556292e-51 1 1 
103 22 0.0 12 9 4 0 14 17 4 2.34335538879e-77 5 0 
103 22 0.0 6 9 11 0 22 17 3 3.23267668236e-62 5 2 
103 22 0.0 14 4 0 0 8 9 4 1.26000392013e-77 3 0 
103 22 0.0 1 9 0 0 4 4 1 0.208936574309 0 2 
103 22 0.0 9 2 0 0 11 11 3 1.42444494318e-50 1 1 
103 22 0.0 8 12 7 0 21 16 3 1.4297407611e-62 3 6 
103 22 0.0 3 12 5 0 8 15 2 0.0721389472149 1 4 
103 22 0.0 2 12 3 0 23 19 2 0.0720013903452 1 5 
103 22 0.0 11 8 1 0 18 16 4 1.03367146559e-79 2 2 
103 22 0.0 7 12 6 0 17 11 3 9.25525307627e-58 4 4 
103 22 0.0 10 9 4 0 13 9 4 2.34002801037e-78 3 1 
103 22 0.0 4 11 7 0 11 10 3 7.53886276128e-40 2 3 
103 22 2.0 13 3 0 0 11 7 4 9.2330490354e-49 1 1 
103 22 2.0 5 2 0 0 11 7 3 1.52698700381e-20 1 1 
103 22 2.0 12 9 4 0 14 17 4 9.04831771635e-46 5 0 
103 22 2.0 6 9 11 0 22 17 3 1.60406257003e-30 5 2 
103 22 2.0 14 4 0 0 8 9 4 5.76178501179e-46 3 0 
103 22 2.0 1 9 0 0 4 4 1 0.124100859962 0 2 
103 22 2.0 9 2 0 0 11 11 3 5.36534479481e-20 1 1 
103 22 2.0 8 12 7 0 21 16 3 2.35125772308e-28 3 6 
103 22 2.0 3 12 5 0 8 15 2 0.10006619276 1 4 
103 22 2.0 2 12 3 0 23 19 2 0.0999384412587 1 5 
103 22 2.0 11 8 1 0 18 16 4 4.36006216946e-50 2 2 
103 22 2.0 7 12 6 0 17 11 3 2.59254835402e-24 4 4 
103 22 2.0 10 9 4 0 13 9 4 1.86186756976e-47 3 1 
103 22 2.0 4 11 7 0 11 10 3 0.000862469312765 2 3 
103 23 0.0 13 3 0 0 11 7 4 9.05198090891e-79 1 1 
103 23 0.0 5 2 0 0 11 7 3 3.07801668179e-55 1 1 
103 23 0.0 12 9 4 0 14 17 4 1.68940093172e-77 5 0 
103 23 0.0 6 9 11 0 22 17 3 5.343925394e-63 5 2 
103 23 0.0 14 4 0 0 8 9 4 1.11835807145e-77 3 0 
103 23 0.0 1 9 0 0 4 4 1 0.185052940063 0 2 
103 23 0.0 9 2 0 0 11 11 3 6.10360296085e-56 1 1 
103 23 0.0 8 12 7 0 21 16 3 9.7876826714e-61 3 6 
103 23 0.0 3 12 5 0 8 15 2 0.0658719024863 1 4 
103 23 0.0 2 12 3 0 23 19 2 0.0655105952023 1 5 
103 23 0.0 11 8 1 0 18 16 4 2.87044486085e-79 2 2 
103 23 0.0 7 12 6 0 17 11 3 4.47356769792e-58 4 4 
103 23 0.0 10 9 4 0 13 9 4 3.12671150653e-78 3 1 
103 23 0.0 4 11 7 0 11 10 3 3.68410542932e-40 2 3 
103 23 2.0 13 3 0 0 11 7 4 6.38093661256e-48 1 1 
103 23 2.0 5 2 0 0 11 7 3 2.74832838025e-15 1 1 
103 23 2.0 12 9 4 0 14 17 4 7.18334381492e-46 5 0 
103 23 2.0 6 9 11 0 22 17 3 2.71208551266e-32 5 2 
103 23 2.0 14 4 0 0 8 9 4 4.97459520703e-46 3 0 
103 23 2.0 1 9 0 0 4 4 1 0.198911968789 0 2 
103 23 2.0 9 2 0 0 11 11 3 3.27828752442e-15 1 1 
103 23 2.0 8 12 7 0 21 16 3 4.74397410483e-34 3 6 
103 23 2.0 3 12 5 0 8 15 2 0.0767941014945 1 4 
103 23 2.0 2 12 3 0 23 19 2 0.0767450787803 1 5 
103 23 2.0 11 8 1 0 18 16 4 1.05694570711e-49 2 2 
103 23 2.0 7 12 6 0 17 11 3 5.23754346644e-26 4 4 
103 23 2.0 10 9 4 0 13 9 4 2.1358514503e-47 3 1 
103 23 2.0 4 11 7 0 11 10 3 0.000111122484718 2 3 
103 24 0.0 13 3 0 0 11 7 4 4.98750476791e-79 1 1 
103 24 0.0 5 2 0 0 11 7 3 1.75211177962e-47 1 1 
103 24 0.0 12 9 4 0 14 17 4 2.4053390531e-77 5 0 
103 24 0.0 6 9 11 0 22 17 3 4.27007330657e-62 5 2 
103 24 0.0 14 4 0 0 8 9 4 1.31422903935e-77 3 0 
103 24 0.0 1 9 0 0 4 4 1 0.159781617448 0 2 
103 24 0.0 9 2 0 0 11 11 3 2.49353261068e-48 1 1 
103 24 0.0 8 12 7 0 21 16 3 2.67110332239e-63 3 6 
103 24 0.0 3 12 5 0 8 15 2 0.0694050854422 1 4 
103 24 0.0 2 12 3 0 23 19 2 0.0693429813627 1 5 
103 24 0.0 11 8 1 0 18 16 4 2.26443240892e-79 2 2 
103 24 0.0 7 12 6 0 17 11 3 2.47594713202e-58 4 4 
103 24 0.0 10 9 4 0 13 9 4 2.36407741293e-78 3 1 
103 24 0.0 4 11 7 0 11 10 3 8.37452510305e-40 2 3 
103 24 2.0 13 3 0 0 11 7 4 2.30935795222e-49 1 1 
103 24 2.0 5 2 0 0 11 7 3 3.53864364861e-17 1 1 
103 24 2.0 12 9 4 0 14 17 4 8.20098380877e-46 5 0 
103 24 2.0 6 9 11 0 22 17 3 1.51135973979e-32 5 2 
103 24 2.0 14 4 0 0 8 9 4 8.22500547919e-46 3 0 
103 24 2.0 1 9 0 0 4 4 1 0.111016621019 0 2 
103 24 2.0 9 2 0 0 11 11 3 3.84953511712e-16 1 1 
103 24 2.0 8 12 7 0 21 16 3 2.67041746452e-32 3 6 
103 24 2.0 3 12 5 0 8 15 2 0.0973639897622 1 4 
103 24 2.0 2 12 3 0 23 19 2 0.0973005354213 1 5 
103 24 2.0 11 8 1 0 18 16 4 7.96540876891e-51 2 2 
103 24 2.0 7 12 6 0 17 11 3 9.92699657457e-26 4 4 
103 24 2.0 10 9 4 0 13 9 4 3.24733307182e-47 3 1 
103 24 2.0 4 11 7 0 11 10 3 0.000583576942309 2 3 
103 25 0.0 13 3 0 0 11 7 4 2.55153010443e-79 1 1 
103 25 0.0 5 2 0 0 11 7 3 3.46358997014e-51 1 1 
103 25 0.0 12 9 4 0 14 17 4 2.48103435718e-77 5 0 
103 25 0.0 6 9 11 0 22 17 3 6.22178607817e-62 5 2 
103 25 0.0 14 4 0 0 8 9 4 2.16230700757e-77 3 0 
103 25 0.0 1 9 0 0 4 4 1 0.206501676101 0 2 
103 25 0.0 9 2 0 0 11 11 3 3.64078347556e-51 1 1 
103 25 0.0 8 12 7 0 21 16 3 1.56498752435e-62 3 6 
103 25 0.0 3 12 5 0 8 15 2 0.0721645392744 1 4 
103 25 0.0 2 12 3 0 23 19 2 0.0720208457437 1 5 
103 25 0.0 11 8 1 0 18 16 4 1.45334922051e-79 2 2 
103 25 0.0 7 12 6 0 17 11 3 5.30702887714e-58 4 4 
103 25 0.0 10 9 4 0 13 9 4 1.92985678135e-78 3 1 
103 25 0.0 4 11 7 0 11 10 3 9.87397255355e-40 2 3 
103 25 2.0 13 3 0 0 11 7 4 7.57632034478e-49 1 1 
103 25 2.0 5 2 0 0 11 7 3 9.45639515093e-22 1 1 
103 25 2.0 12 9 4 0 14 17 4 9.00778505877e-46 5 0 
103 25 2.0 6 9 11 0 22 17 3 3.66645693266e-30 5 2 
103 25 2.0 14 4 0 0 8 9 4 6.85164641785e-46 3 0 
103 25 2.0 1 9 0 0 4 4 1 0.136712929499 0 2 
103 25 2.0 9 2 0 0 11 11 3 1.41275306547e-20 1 1 
103 25 2.0 8 12 7 0 21 16 3 1.19743575643e-28 3 6 
103 25 2.0 3 12 5 0 8 15 2 0.0966428752198 1 4 
103 25 2.0 2 12 3 0 23 19 2 0.0964985627065 1 5 
103 25 2.0 11 8 1 0 18 16 4 2.03697624476e-50 2 2 
103 25 2.0 7 12 6 0 17 11 3 2.79730600034e-24 4 4 
103 25 2.0 10 9 4 0 13 9 4 1.20345182957e-47 3 1 
103 25 2.0 4 11 7 0 11 10 3 0.000893637109625 2 3 
103 26 0.0 13 3 0 0 11 7 4 7.72974346394e-79 1 1 
103 26 0.0 5 2 0 0 11 7 3 2.85043834216e-53 1 1 
103 26 0.0 12 9 4 0 14 17 4 1.83052680117e-77 5 0 
103 26 0.0 6 9 11 0 22 17 3 1.00810725134e-61 5 2 
103 26 0.0 14 4 0 0 8 9 4 1.37303340386e-77 3 0 
103 26 0.0 1 9 0 0 4 4 1 0.166771044933 0 2 
103 26 0.0 9 2 0 0 11 11 3 1.83219556725e-52 1 1 
103 26 0.0 8 12 7 0 21 16 3 4.0364451457e-63 3 6 
103 26 0.0 3 12 5 0 8 15 2 0.0732272506584 1 4 
103 26 0.0 2 12 3 0 23 19 2 0.0730034327444 1 5 
103 26 0.0 11 8 1 0 18 16 4 3.53339344833e-79 2 2 
103 26 0.0 7 12 6 0 17 11 3 3.83344483091e-58 4 4 
103 26 0.0 10 9 4 0 13 9 4 2.79920928897e-78 3 1 
103 26 0.0 4 11 7 0 11 10 3 4.49903054148e-40 2 3 
103 26 2.0 13 3 0 0 11 7 4 5.17704241956e-48 1 1 
103 26 2.0 5 2 0 0 11 7 3 5.29147532133e-20 1 1 
103 26 2.0 12 9 4 0 14 17 4 7.42650164274e-46 5 0 
103 26 2.0 6 9 11 0 22 17 3 1.51766326087e-30 5 2 
103 26 2.0 14 4 0 0 8 9 4 5.54864750207e-46 3 0 
103 26 2.0 1 9 0 0 4 4 1 0.113239313793 0 2 
103 26 2.0 9 2 0 0 11 11 3 7.08338471546e-20 1 1 
103 26 2.0 8 12 7 0 21 16 3 2.84136363178e-30 3 6 
103 26 2.0 3 12 5 0 8 15 2 0.104199185981 1 4 
103 26 2.0 2 12 3 0 23 19 2 0.104068909879 1 5 
103 26 2.0 11 8 1 0 18 16 4 1.1309457319e-49 2 2 
103 26 2.0 7 12 6 0 17 11 3 1.75423861646e-24 4 4 
103 26 2.0 10 9 4 0 13 9 4 1.23110863885e-47 3 1 
103 26 2.0 4 11 7 0 11 10 3 0.000895032750558 2 3 
103 27 0.0 13 3 0 0 11 7 4 4.61833144897e-79 1 1 
103 27 0.0 5 2 0 0 11 7 3 1.65936552735e-45 1 1 
103 27 0.0 12 9 4 0 14 17 4 2.45241461602e-77 5 0 
103 27 0.0 6 9 11 0 22 17 3 9.74013856282e-63 5 2 
103 27 0.0 14 4 0 0 8 9 4 1.48782164327e-77 3 0 
103 27 0.0 1 9 0 0 4 4 1 0.221641683083 0 2 
103 27 0.0 9 2 0 0 11 11 3 8.06544829296e-45 1 1 
103 27 0.0 8 12 7 0 21 16 3 6.08043261266e-65 3 6 
103 27 0.0 3 12 5 0 8 15 2 0.0624347329675 1 4 
103 27 0.0 2 12 3 0 23 19 2 0.0624061672495 1 5 
103 27 0.0 11 8 1 0 18 16 4 8.21358339234e-80 2 2 
103 27 0.0 7 12 6 0 17 11 3 1.28966411232e-58 4 4 
103 27 0.0 10 9 4 0 13 9 4 2.54757166146e-78 3 1 
103 27 0.0 4 11 7 0 11 10 3 1.8196874109e-40 2 3 
103 27 2.0 13 3 0 0 11 7 4 4.60280475536e-49 1 1 
103 27 2.0 5 2 0 0 11 7 3 4.50181490436e-13 1 1 
103 27 2.0 12 9 4 0 14 17 4 4.02480685052e-46 5 0 
103 27 2.0 6 9 11 0 22 17 3 3.70841119861e-32 5 2 
103 27 2.0 14 4 0 0 8 9 4 6.20284129461e-46 3 0 
103 27 2.0 1 9 0 0 4 4 1 0.190044639771 0 2 
103 27 2.0 9 2 0 0 11 11 3 3.5569060316e-12 1 1 
103 27 2.0 8 12 7 0 21 16 3 5.12824747651e-35 3 6 
103 27 2.0 3 12 5 0 8 15 2 0.0587000412743 1 4 
103 27 2.0 2 12 3 0 23 19 2 0.0586756180343 1 5 
103 27 2.0 11 8 1 0 18 16 4 2.45137632966e-49 2 2 
103 27 2.0 7 12 6 0 17 11 3 3.79956285841e-27 4 4 
103 27 2.0 10 9 4 0 13 9 4 1.40679762801e-46 3 1 
103 27 2.0 4 11 7 0 11 10 3 5.43338560066e-05 2 3 
103 28 0.0 13 3 0 0 11 7 4 9.5356125297e-79 1 1 
103 28 0.0 5 2 0 0 11 7 3 4.49466336366e-54 1 1 
103 28 0.0 12 9 4 0 14 17 4 2.63198795071e-77 5 0 
103 28 0.0 6 9 11 0 22 17 3 2.87800468256e-62 5 2 
103 28 0.0 14 4 0 0 8 9 4 2.20048843428e-77 3 0 
103 28 0.0 1 9 0 0 4 4 1 0.178724497431 0 2 
103 28 0.0 9 2 0 0 11 11 3 3.28655535479e-54 1 1 
103 28 0.0 8 12 7 0 21 16 3 3.89995655878e-63 3 6 
103 28 0.0 3 12 5 0 8 15 2 0.0645663032759 1 4 
103 28 0.0 2 12 3 0 23 19 2 0.0643071615156 1 5 
103 28 0.0 11 8 1 0 18 16 4 1.49340683752e-79 2 2 
103 28 0.0 7 12 6 0 17 11 3 2.60638069064e-58 4 4 
103 28 0.0 10 9 4 0 13 9 4 1.90026750288e-78 3 1 
103 28 0.0 4 11 7 0 11 10 3 1.62374247966e-40 2 3 
103 28 2.0 13 3 0 0 11 7 4 5.01253428556e-49 1 1 
103 28 2.0 5 2 0 0 11 7 3 1.10580131291e-18 1 1 
103 28 2.0 12 9 4 0 14 17 4 9.55946090433e-46 5 0 
103 28 2.0 6 9 11 0 22 17 3 4.27439051233e-31 5 2 
103 28 2.0 14 4 0 0 8 9 4 6.7812011738e-46 3 0 
103 28 2.0 1 9 0 0 4 4 1 0.120354552356 0 2 
103 28 2.0 9 2 0 0 11 11 3 1.33784999388e-17 1 1 
103 28 2.0 8 12 7 0 21 16 3 6.74576507054e-31 3 6 
103 28 2.0 3 12 5 0 8 15 2 0.059992530452 1 4 
103 28 2.0 2 12 3 0 23 19 2 0.0599395031231 1 5 
103 28 2.0 11 8 1 0 18 16 4 2.51232998725e-50 2 2 
103 28 2.0 7 12 6 0 17 11 3 5.10270052944e-25 4 4 
103 28 2.0 10 9 4 0 13 9 4 2.6936114091e-47 3 1 
103 28 2.0 4 11 7 0 11 10 3 0.000502266764281 2 3 
103 29 0.0 13 3 0 0 11 7 4 3.89761237693e-79 1 1 
103 29 0.0 5 2 0 0 11 7 3 2.47416417696e-60 1 1 
103 29 0.0 12 9 4 0 14 17 4 8.38759511556e-78 5 0 
103 29 0.0 6 9 11 0 22 17 3 1.10345133169e-61 5 2 
103 29 0.0 14 4 0 0 8 9 4 2.19706168599e-77 3 0 
103 29 0.0 1 9 0 0 4 4 1 0.181866903376 0 2 
103 29 0.0 9 2 0 0 11 11 3 3.27994325985e-59 1 1 
103 29 0.0 8 12 7 0 21 16 3 1.39487070644e-59 3 6 
103 29 0.0 3 12 5 0 8 15 2 0.0713665879807 1 4 
103 29 0.0 2 12 3 0 23 19 2 0.0702795393928 1 5 
103 29 0.0 11 8 1 0 18 16 4 3.58538228884e-79 2 2 
103 29 0.0 7 12 6 0 17 11 3 4.2692235986e-58 4 4 
103 29 0.0 10 9 4 0 13 9 4 5.84198738692e-78 3 1 
103 29 0.0 4 11 7 0 11 10 3 2.55790856801e-39 2 3 
103 29 2.0 13 3 0 0 11 7 4 6.62288106473e-49 1 1 
103 29 2.0 5 2 0 0 11 7 3 4.51307726197e-18 1 1 
103 29 2.0 12 9 4 0 14 17 4 7.31765032319e-46 5 0 
103 29 2.0 6 9 11 0 22 17 3 6.55153428005e-31 5 2 
103 29 2.0 14 4 0 0 8 9 4 5.57965299754e-46 3 0 
103 29 2.0 1 9 0 0 4 4 1 0.107989935009 0 2 
103 29 2.0 9 2 0 0 11 11 3 5.26252573978e-17 1 1 
103 29 2.0 8 12 7 0 21 16 3 8.80197594736e-30 3 6 
103 29 2.0 3 12 5 0 8 15 2 0.0927598852531 1 4 
103 29 2.0 2 12 3 0 23 19 2 0.0926888362379 1 5 
103 29 2.0 11 8 1 0 18 16 4 3.28743467231e-49 2 2 
103 29 2.0 7 12 6 0 17 11 3 2.15622453782e-24 4 4 
103 29 2.0 10 9 4 0 13 9 4 2.99513960621e-47 3 1 
103 29 2.0 4 11 7 0 11 10 3 0.000826187727672 2 3 
103 30 0.0 13 3 0 0 11 7 4 3.88489358519e-79 1 1 
103 30 0.0 5 2 0 0 11 7 3 1.49043688471e-46 1 1 
103 30 0.0 12 9 4 0 14 17 4 1.44519820662e-77 5 0 
103 30 0.0 6 9 11 0 22 17 3 3.18286029418e-62 5 2 
103 30 0.0 14 4 0 0 8 9 4 1.84380005437e-77 3 0 
103 30 0.0 1 9 0 0 4 4 1 0.161387930673 0 2 
103 30 0.0 9 2 0 0 11 11 3 9.55191784318e-46 1 1 
103 30 0.0 8 12 7 0 21 16 3 1.45668922671e-64 3 6 
103 30 0.0 3 12 5 0 8 15 2 0.0729430605356 1 4 
103 30 0.0 2 12 3 0 23 19 2 0.0728998552946 1 5 
103 30 0.0 11 8 1 0 18 16 4 2.31262340249e-79 2 2 
103 30 0.0 7 12 6 0 17 11 3 7.56889438161e-59 4 4 
103 30 0.0 10 9 4 0 13 9 4 7.76731851424e-78 3 1 
103 30 0.0 4 11 7 0 11 10 3 5.45824687556e-40 2 3 
103 30 2.0 13 3 0 0 11 7 4 6.97902344792e-48 1 1 
103 30 2.0 5 2 0 0 11 7 3 1.15776359086e-21 1 1 
103 30 2.0 12 9 4 0 14 17 4 8.14507153085e-46 5 0 
103 30 2.0 6 9 11 0 22 17 3 2.24954901696e-30 5 2 
103 30 2.0 14 4 0 0 8 9 4 4.84991945817e-46 3 0 
103 30 2.0 1 9 0 0 4 4 1 0.10905603996 0 2 
103 30 2.0 9 2 0 0 11 11 3 2.83144485706e-21 1 1 
103 30 2.0 8 12 7 0 21 16 3 5.99299001585e-29 3 6 
103 30 2.0 3 12 5 0 8 15 2 0.0886553598756 1 4 
103 30 2.0 2 12 3 0 23 19 2 0.0885000538647 1 5 
103 30 2.0 11 8 1 0 18 16 4 7.00631612647e-49 2 2 
103 30 2.0 7 12 6 0 17 11 3 2.54233272311e-24 4 4 
103 30 2.0 10 9 4 0 13 9 4 4.25896918125e-47 3 1 
103 30 2.0 4 11 7 0 11 10 3 0.00113014455183 2 3 
103 31 0.0 13 3 0 0 11 7 4 2.18783184221e-78 1 1 
103 31 0.0 5 2 0 0 11 7 3 2.61781126531e-46 1 1 
103 31 0.0 12 9 4 0 14 17 4 1.37641498281e-77 5 0 
103 31 0.0 6 9 11 0 22 17 3 1.97362271319e-62 5 2 
103 31 0.0 14 4 0 0 8 9 4 1.36114197265e-77 3 0 
103 31 0.0 1 9 0 0 4 4 1 0.131991876241 0 2 
103 31 0.0 9 2 0 0 11 11 3 2.22909761466e-46 1 1 
103 31 0.0 8 12 7 0 21 16 3 1.21408115237e-66 3 6 
103 31 0.0 3 12 5 0 8 15 2 0.0670103727583 1 4 
103 31 0.0 2 12 3 0 23 19 2 0.0669634688183 1 5 
103 31 0.0 11 8 1 0 18 16 4 8.90676509027e-79 2 2 
103 31 0.0 7 12 6 0 17 11 3 3.58464072712e-59 4 4 
103 31 0.0 10 9 4 0 13 9 4 3.29911033053e-78 3 1 
103 31 0.0 4 11 7 0 11 10 3 2.12097487183e-41 2 3 
103 31 2.0 13 3 0 0 11 7 4 6.70557690815e-48 1 1 
103 31 2.0 5 2 0 0 11 7 3 9.61266118937e-25 1 1 
103 31 2.0 12 9 4 0 14 17 4 8.91306134023e-46 5 0 
103 31 2.0 6 9 11 0 22 17 3 3.66241003346e-30 5 2 
103 31 2.0 14 4 0 0 8 9 4 4.11441800625e-46 3 0 
103 31 2.0 1 9 0 0 4 4 1 0.137911275449 0 2 
103 31 2.0 9 2 0 0 11 11 3 5.55744559419e-25 1 1 
103 31 2.0 8 12 7 0 21 16 3 4.31770449759e-28 3 6 
103 31 2.0 3 12 5 0 8 15 2 0.0821347256865 1 4 
103 31 2.0 2 12 3 0 23 19 2 0.0818787143856 1 5 
103 31 2.0 11 8 1 0 18 16 4 1.57352240217e-49 2 2 
103 31 2.0 7 12 6 0 17 11 3 1.05540585694e-23 4 4 
103 31 2.0 10 9 4 0 13 9 4 1.50866094144e-47 3 1 
103 31 2.0 4 11 7 0 11 10 3 0.0012020528673 2 3 
103 32 0.0 13 3 0 0 11 7 4 6.13812245337e-80 1 1 
103 32 0.0 5 2 0 0 11 7 3 1.0569253678e-53 1 1 
103 32 0.0 12 9 4 0 14 17 4 2.30556978458e-77 5 0 
103 32 0.0 6 9 11 0 22 17 3 2.90466279613e-62 5 2 
103 32 0.0 14 4 0 0 8 9 4 1.96651497602e-77 3 0 
103 32 0.0 1 9 0 0 4 4 1 0.169802424081 0 2 
103 32 0.0 9 2 0 0 11 11 3 4.12217104386e-53 1 1 
103 32 0.0 8 12 7 0 21 16 3 1.7368863678e-61 3 6 
103 32 0.0 3 12 5 0 8 15 2 0.0621524688241 1 4 
103 32 0.0 2 12 3 0 23 19 2 0.0619433000645 1 5 
103 32 0.0 11 8 1 0 18 16 4 1.25621224118e-79 2 2 
103 32 0.0 7 12 6 0 17 11 3 1.62023330658e-58 4 4 
103 32 0.0 10 9 4 0 13 9 4 1.47722607566e-78 3 1 
103 32 0.0 4 11 7 0 11 10 3 8.82059746507e-41 2 3 
103 32 2.0 13 3 0 0 11 7 4 7.84362634499e-48 1 1 
103 32 2.0 5 2 0 0 11 7 3 5.05639130516e-13 1 1 
103 32 2.0 12 9 4 0 14 17 4 7.87120338424e-46 5 0 
103 32 2.0 6 9 11 0 22 17 3 2.36118029657e-32 5 2 
103 32 2.0 14 4 0 0 8 9 4 2.27091738515e-46 3 0 
103 32 2.0 1 9 0 0 4 4 1 0.05389611216 0 2 
103 32 2.0 9 2 0 0 11 11 3 5.46769908766e-13 1 1 
103 32 2.0 8 12 7 0 21 16 3 1.07297293414e-35 3 6 
103 32 2.0 3 12 5 0 8 15 2 0.0744516441613 1 4 
103 32 2.0 2 12 3 0 23 19 2 0.0744132936164 1 5 
103 32 2.0 11 8 1 0 18 16 4 4.25355609657e-49 2 2 
103 32 2.0 7 12 6 0 17 11 3 1.60143595644e-27 4 4 
103 32 2.0 10 9 4 0 13 9 4 6.16189766772e-48 3 1 
103 32 2.0 4 11 7 0 11 10 3 7.22772983702e-05 2 3 
103 33 0.0 13 3 0 0 11 7 4 1.11045282487e-78 1 1 
103 33 0.0 5 2 0 0 11 7 3 5.70632295725e-60 1 1 
103 33 0.0 12 9 4 0 14 17 4 1.41900761721e-77 5 0 
103 33 0.0 6 9 11 0 22 17 3 3.93085062774e-62 5 2 
103 33 0.0 14 4 0 0 8 9 4 1.77560784546e-77 3 0 
103 33 0.0 1 9 0 0 4 4 1 0.18416027427 0 2 
103 33 0.0 9 2 0 0 11 11 3 2.58043695815e-59 1 1 
103 33 0.0 8 12 7 0 21 16 3 1.70642288271e-60 3 6 
103 33 0.0 3 12 5 0 8 15 2 0.0703325107994 1 4 
103 33 0.0 2 12 3 0 23 19 2 0.0692579195867 1 5 
103 33 0.0 11 8 1 0 18 16 4 1.5445011049e-79 2 2 
103 33 0.0 7 12 6 0 17 11 3 7.20437172253e-59 4 4 
103 33 0.0 10 9 4 0 13 9 4 7.38121970136e-78 3 1 
103 33 0.0 4 11 7 0 11 10 3 3.64559503124e-40 2 3 
103 33 2.0 13 3 0 0 11 7 4 6.79351252092e-49 1 1 
103 33 2.0 5 2 0 0 11 7 3 4.60251718975e-15 1 1 
103 33 2.0 12 9 4 0 14 17 4 1.16330434147e-45 5 0 
103 33 2.0 6 9 11 0 22 17 3 8.71306483555e-31 5 2 
103 33 2.0 14 4 0 0 8 9 4 5.96421876608e-46 3 0 
103 33 2.0 1 9 0 0 4 4 1 0.167966597405 0 2 
103 33 2.0 9 2 0 0 11 11 3 3.4395107565e-14 1 1 
103 33 2.0 8 12 7 0 21 16 3 1.09877430547e-31 3 6 
103 33 2.0 3 12 5 0 8 15 2 0.084965909479 1 4 
103 33 2.0 2 12 3 0 23 19 2 0.0849302596519 1 5 
103 33 2.0 11 8 1 0 18 16 4 1.39805395473e-50 2 2 
103 33 2.0 7 12 6 0 17 11 3 1.21446759735e-24 4 4 
103 33 2.0 10 9 4 0 13 9 4 1.3160398709e-47 3 1 
103 33 2.0 4 11 7 0 11 10 3 0.000383174857506 2 3 
103 34 0.0 13 3 0 0 11 7 4 4.69919742462e-79 1 1 
103 34 0.0 5 2 0 0 11 7 3 9.30589249317e-51 1 1 
103 34 0.0 12 9 4 0 14 17 4 2.04565371572e-77 5 0 
103 34 0.0 6 9 11 0 22 17 3 7.81311494598e-62 5 2 
103 34 0.0 14 4 0 0 8 9 4 2.01737277618e-77 3 0 
103 34 0.0 1 9 0 0 4 4 1 0.196280307786 0 2 
103 34 0.0 9 2 0 0 11 11 3 5.06834342436e-50 1 1 
103 34 0.0 8 12 7 0 21 16 3 2.98837446271e-63 3 6 
103 34 0.0 3 12 5 0 8 15 2 0.0773670551803 1 4 
103 34 0.0 2 12 3 0 23 19 2 0.0772449542672 1 5 
103 34 0.0 11 8 1 0 18 16 4 1.27054197465e-79 2 2 
103 34 0.0 7 12 6 0 17 11 3 8.88533588625e-58 4 4 
103 34 0.0 10 9 4 0 13 9 4 1.93316919964e-78 3 1 
103 34 0.0 4 11 7 0 11 10 3 6.97377898108e-40 2 3 
103 34 2.0 13 3 0 0 11 7 4 8.95503006592e-49 1 1 
103 34 2.0 5 2 0 0 11 7 3 1.99099470235e-16 1 1 
103 34 2.0 12 9 4 0 14 17 4 8.34263559232e-46 5 0 
103 34 2.0 6 9 11 0 22 17 3 1.62063544847e-32 5 2 
103 34 2.0 14 4 0 0 8 9 4 4.88016212753e-46 3 0 
103 34 2.0 1 9 0 0 4 4 1 0.114773929568 0 2 
103 34 2.0 9 2 0 0 11 11 3 9.78070964287e-17 1 1 
103 34 2.0 8 12 7 0 21 16 3 3.11931518973e-32 3 6 
103 34 2.0 3 12 5 0 8 15 2 0.107460223622 1 4 
103 34 2.0 2 12 3 0 23 19 2 0.107384828598 1 5 
103 34 2.0 11 8 1 0 18 16 4 2.14005928116e-50 2 2 
103 34 2.0 7 12 6 0 17 11 3 7.06284147161e-27 4 4 
103 34 2.0 10 9 4 0 13 9 4 1.13611138023e-47 3 1 
103 34 2.0 4 11 7 0 11 10 3 0.000365744745505 2 3 
103 35 0.0 13 3 0 0 11 7 4 2.84793845379e-79 1 1 
103 35 0.0 5 2 0 0 11 7 3 1.06093867411e-50 1 1 
103 35 0.0 12 9 4 0 14 17 4 2.24365980612e-77 5 0 
103 35 0.0 6 9 11 0 22 17 3 4.91291365796e-62 5 2 
103 35 0.0 14 4 0 0 8 9 4 1.7753402093e-77 3 0 
103 35 0.0 1 9 0 0 4 4 1 0.195660218792 0 2 
103 35 0.0 9 2 0 0 11 11 3 1.00004086339e-50 1 1 
103 35 0.0 8 12 7 0 21 16 3 2.11645076892e-63 3 6 
103 35 0.0 3 12 5 0 8 15 2 0.0797595594445 1 4 
103 35 0.0 2 12 3 0 23 19 2 0.0796193775139 1 5 
103 35 0.0 11 8 1 0 18 16 4 5.12592259002e-80 2 2 
103 35 0.0 7 12 6 0 17 11 3 6.0204274231e-58 4 4 
103 35 0.0 10 9 4 0 13 9 4 2.31567713107e-78 3 1 
103 35 0.0 4 11 7 0 11 10 3 6.80441775591e-40 2 3 
103 35 2.0 13 3 0 0 11 7 4 5.63263627943e-50 1 1 
103 35 2.0 5 2 0 0 11 7 3 1.4681351901e-16 1 1 
103 35 2.0 12 9 4 0 14 17 4 8.80422481856e-46 5 0 
103 35 2.0 6 9 11 0 22 17 3 1.18598529056e-31 5 2 
103 35 2.0 14 4 0 0 8 9 4 6.37222928495e-46 3 0 
103 35 2.0 1 9 0 0 4 4 1 0.0727759953619 0 2 
103 35 2.0 9 2 0 0 11 11 3 1.46039179218e-16 1 1 
103 35 2.0 8 12 7 0 21 16 3 1.12292734183e-31 3 6 
103 35 2.0 3 12 5 0 8 15 2 0.0721522548341 1 4 
103 35 2.0 2 12 3 0 23 19 2 0.0721023266348 1 5 
103 35 2.0 11 8 1 0 18 16 4 1.77684707178e-50 2 2 
103 35 2.0 7 12 6 0 17 11 3 1.04919965082e-25 4 4 
103 35 2.0 10 9 4 0 13 9 4 1.32231161053e-47 3 1 
103 35 2.0 4 11 7 0 11 10 3 0.000496136703583 2 3 
103 36 0.0 13 3 0 0 11 7 4 1.66853452032e-78 1 1 
103 36 0.0 5 2 0 0 11 7 3 4.41954027696e-48 1 1 
103 36 0.0 12 9 4 0 14 17 4 1.7551117263e-77 5 0 
103 36 0.0 6 9 11 0 22 17 3 6.49477218093e-62 5 2 
103 36 0.0 14 4 0 0 8 9 4 1.1556855354e-77 3 0 
103 36 0.0 1 9 0 0 4 4 1 0.218227260653 0 2 
103 36 0.0 9 2 0 0 11 11 3 8.47214544296e-48 1 1 
103 36 0.0 8 12 7 0 21 16 3 1.17859195884e-64 3 6 
103 36 0.0 3 12 5 0 8 15 2 0.062762061164 1 4 
103 36 0.0 2 12 3 0 23 19 2 0.0626963737001 1 5 
103 36 0.0 11 8 1 0 18 16 4 2.10606154539e-79 2 2 
103 36 0.0 7 12 6 0 17 11 3 3.02061114199e-58 4 4 
103 36 0.0 10 9 4 0 13 9 4 1.90405454169e-78 3 1 
103 36 0.0 4 11 7 0 11 10 3 2.14022987897e-40 2 3 
103 36 2.0 13 3 0 0 11 7 4 1.66355326354e-48 1 1 
103 36 2.0 5 2 0 0 11 7 3 4.22123700543e-24 1 1 
103 36 2.0 12 9 4 0 14 17 4 8.15354512539e-46 5 0 
103 36 2.0 6 9 11 0 22 17 3 2.45392810932e-29 5 2 
103 36 2.0 14 4 0 0 8 9 4 4.08537308141e-46 3 0 
103 36 2.0 1 9 0 0 4 4 1 0.11165813961 0 2 
103 36 2.0 9 2 0 0 11 11 3 1.99052185759e-23 1 1 
103 36 2.0 8 12 7 0 21 16 3 1.62551198647e-26 3 6 
103 36 2.0 3 12 5 0 8 15 2 0.0834045585045 1 4 
103 36 2.0 2 12 3 0 23 19 2 0.08319725566 1 5 
103 36 2.0 11 8 1 0 18 16 4 2.40317553998e-49 2 2 
103 36 2.0 7 12 6 0 17 11 3 1.30291216131e-23 4 4 
103 36 2.0 10 9 4 0 13 9 4 4.51234310602e-47 3 1 
103 36 2.0 4 11 7 0 11 10 3 0.00148044369368 2 3 
103 37 0.0 13 3 0 0 11 7 4 4.65547996315e-79 1 1 
103 37 0.0 5 2 0 0 11 7 3 3.74569439348e-52 1 1 
103 37 0.0 12 9 4 0 14 17 4 2.38038445511e-77 5 0 
103 37 0.0 6 9 11 0 22 17 3 2.77407027272e-62 5 2 
103 37 0.0 14 4 0 0 8 9 4 1.65416502012e-77 3 0 
103 37 0.0 1 9 0 0 4 4 1 0.177795455777 0 2 
103 37 0.0 9 2 0 0 11 11 3 1.66017815116e-51 1 1 
103 37 0.0 8 12 7 0 21 16 3 7.56410532248e-63 3 6 
103 37 0.0 3 12 5 0 8 15 2 0.0774047852141 1 4 
103 37 0.0 2 12 3 0 23 19 2 0.0772233906427 1 5 
103 37 0.0 11 8 1 0 18 16 4 1.20744603791e-79 2 2 
103 37 0.0 7 12 6 0 17 11 3 4.14970426635e-58 4 4 
103 37 0.0 10 9 4 0 13 9 4 2.23092659494e-78 3 1 
103 37 0.0 4 11 7 0 11 10 3 5.80543106815e-40 2 3 
103 37 2.0 13 3 0 0 11 7 4 2.80470770985e-48 1 1 
103 37 2.0 5 2 0 0 11 7 3 1.58217303155e-16 1 1 
103 37 2.0 12 9 4 0 14 17 4 7.4454005358e-46 5 0 
103 37 2.0 6 9 11 0 22 17 3 3.66070306282e-32 5 2 
103 37 2.0 14 4 0 0 8 9 4 2.99048314087e-46 3 0 
103 37 2.0 1 9 0 0 4 4 1 0.0861179860267 0 2 
103 37 2.0 9 2 0 0 11 11 3 6.78323126601e-16 1 1 
103 37 2.0 8 12 7 0 21 16 3 6.92676574371e-33 3 6 
103 37 2.0 3 12 5 0 8 15 2 0.108193763966 1 4 
103 37 2.0 2 12 3 0 23 19 2 0.108121372834 1 5 
103 37 2.0 11 8 1 0 18 16 4 5.51815105497e-50 2 2 
103 37 2.0 7 12 6 0 17 11 3 3.88532410411e-26 4 4 
103 37 2.0 10 9 4 0 13 9 4 6.95604594631e-48 3 1 
103 37 2.0 4 11 7 0 11 10 3 0.000392261565481 2 3 
103 38 0.0 13 3 0 0 11 7 4 6.82081382822e-80 1 1 
103 38 0.0 5 2 0 0 11 7 3 1.92418193176e-52 1 1 
103 38 0.0 12 9 4 0 14 17 4 7.60290914005e-78 5 0 
103 38 0.0 6 9 11 0 22 17 3 2.47599958903e-62 5 2 
103 38 0.0 14 4 0 0 8 9 4 2.13937306522e-77 3 0 
103 38 0.0 1 9 0 0 4 4 1 0.153636228582 0 2 
103 38 0.0 9 2 0 0 11 11 3 5.52071975475e-52 1 1 
103 38 0.0 8 12 7 0 21 16 3 1.83498663871e-61 3 6 
103 38 0.0 3 12 5 0 8 15 2 0.0632588145223 1 4 
103 38 0.0 2 12 3 0 23 19 2 0.0630992953066 1 5 
103 38 0.0 11 8 1 0 18 16 4 5.05257944709e-79 2 2 
103 38 0.0 7 12 6 0 17 11 3 2.73495338313e-58 4 4 
103 38 0.0 10 9 4 0 13 9 4 2.71012464384e-78 3 1 
103 38 0.0 4 11 7 0 11 10 3 1.22916677452e-40 2 3 
103 38 2.0 13 3 0 0 11 7 4 8.55465903265e-49 1 1 
103 38 2.0 5 2 0 0 11 7 3 4.09931541066e-16 1 1 
103 38 2.0 12 9 4 0 14 17 4 6.65840052196e-46 5 0 
103 38 2.0 6 9 11 0 22 17 3 5.7867542479e-33 5 2 
103 38 2.0 14 4 0 0 8 9 4 5.34243230717e-46 3 0 
103 38 2.0 1 9 0 0 4 4 1 0.0880340724633 0 2 
103 38 2.0 9 2 0 0 11 11 3 3.37364126855e-15 1 1 
103 38 2.0 8 12 7 0 21 16 3 4.56937763371e-33 3 6 
103 38 2.0 3 12 5 0 8 15 2 0.10009173756 1 4 
103 38 2.0 2 12 3 0 23 19 2 0.100034153439 1 5 
103 38 2.0 11 8 1 0 18 16 4 9.69064254369e-51 2 2 
103 38 2.0 7 12 6 0 17 11 3 2.32770837319e-26 4 4 
103 38 2.0 10 9 4 0 13 9 4 1.02135741344e-47 3 1 
103 38 2.0 4 11 7 0 11 10 3 0.000458756741033 2 3 
103 39 0.0 13 3 0 0 11 7 4 6.16107443368e-79 1 1 
103 39 0.0 5 2 0 0 11 7 3 2.00281935672e-45 1 1 
103 39 0.0 12 9 4 0 14 17 4 1.65336688943e-77 5 0 
103 39 0.0 6 9 11 0 22 17 3 3.697278524e-62 5 2 
103 39 0.0 14 4 0 0 8 9 4 1.7938738356e-77 3 0 
103 39 0.0 1 9 0 0 4 4 1 0.15269322786 0 2 
103 39 0.0 9 2 0 0 11 11 3 1.8277372868e-45 1 1 
103 39 0.0 8 12 7 0 21 16 3 9.16349661317e-65 3 6 
103 39 0.0 3 12 5 0 8 15 2 0.0779317592364 1 4 
103 39 0.0 2 12 3 0 23 19 2 0.0778933261934 1 5 
103 39 0.0 11 8 1 0 18 16 4 1.46957637548e-79 2 2 
103 39 0.0 7 12 6 0 17 11 3 2.04565151701e-58 4 4 
103 39 0.0 10 9 4 0 13 9 4 2.12470549761e-78 3 1 
103 39 0.0 4 11 7 0 11 10 3 5.81190403843e-40 2 3 
103 39 2.0 13 3 0 0 11 7 4 1.59833843337e-48 1 1 
103 39 2.0 5 2 0 0 11 7 3 1.21373750735e-15 1 1 
103 39 2.0 12 9 4 0 14 17 4 9.67322075042e-46 5 0 
103 39 2.0 6 9 11 0 22 17 3 2.58821892391e-32 5 2 
103 39 2.0 14 4 0 0 8 9 4 3.90791970242e-46 3 0 
103 39 2.0 1 9 0 0 4 4 1 0.133574187896 0 2 
103 39 2.0 9 2 0 0 11 11 3 2.56591659164e-14 1 1 
103 39 2.0 8 12 7 0 21 16 3 2.92690887572e-33 3 6 
103 39 2.0 3 12 5 0 8 15 2 0.067224540755 1 4 
103 39 2.0 2 12 3 0 23 19 2 0.067192825133 1 5 
103 39 2.0 11 8 1 0 18 16 4 1.10448198109e-50 2 2 
103 39 2.0 7 12 6 0 17 11 3 9.17155348917e-26 4 4 
103 39 2.0 10 9 4 0 13 9 4 1.27319042768e-47 3 1 
103 39 2.0 4 11 7 0 11 10 3 0.00040472890075 2 3 
103 40 0.0 13 3 0 0 11 7 4 1.80838199731e-78 1 1 
103 40 0.0 5 2 0 0 11 7 3 3.9603615052e-60 1 1 
103 40 0.0 12 9 4 0 14 17 4 2.06791429386e-77 5 0 
103 40 0.0 6 9 11 0 22 17 3 3.25210828609e-62 5 2 
103 40 0.0 14 4 0 0 8 9 4 1.53457490315e-77 3 0 
103 40 0.0 1 9 0 0 4 4 1 0.180340534504 0 2 
103 40 0.0 9 2 0 0 11 11 3 2.38801958206e-60 1 1 
103 40 0.0 8 12 7 0 21 16 3 6.49219194282e-60 3 6 
103 40 0.0 3 12 5 0 8 15 2 0.0701704826509 1 4 
103 40 0.0 2 12 3 0 23 19 2 0.06893549407 1 5 
103 40 0.0 11 8 1 0 18 16 4 6.70661165009e-79 2 2 
103 40 0.0 7 12 6 0 17 11 3 6.36297930598e-58 4 4 
103 40 0.0 10 9 4 0 13 9 4 1.10450255264e-78 3 1 
103 40 0.0 4 11 7 0 11 10 3 1.9478701016e-39 2 3 
103 40 2.0 13 3 0 0 11 7 4 9.25335883179e-49 1 1 
103 40 2.0 5 2 0 0 11 7 3 2.13616541937e-21 1 1 
103 40 2.0 12 9 4 0 14 17 4 4.86547084921e-46 5 0 
103 40 2.0 6 9 11 0 22 17 3 7.49199600415e-32 5 2 
103 40 2.0 14 4 0 0 8 9 4 5.74147667214e-46 3 0 
103 40 2.0 1 9 0 0 4 4 1 0.169541177886 0 2 
103 40 2.0 9 2 0 0 11 11 3 7.0138886313e-21 1 1 
103 40 2.0 8 12 7 0 21 16 3 9.14521511779e-32 3 6 
103 40 2.0 3 12 5 0 8 15 2 0.0783587789144 1 4 
103 40 2.0 2 12 3 0 23 19 2 0.078216614506 1 5 
103 40 2.0 11 8 1 0 18 16 4 1.20008251378e-49 2 2 
103 40 2.0 7 12 6 0 17 11 3 1.222867736e-27 4 4 
103 40 2.0 10 9 4 0 13 9 4 3.2491625277e-47 3 1 
103 40 2.0 4 11 7 0 11 10 3 0.00030492003604 2 3 
