157 1 0.0 5 3 1 0 11 5 2 0.0457798868582 1 1 
157 1 0.0 4 1 0 0 4 6 1 0.15969652034 0 2 
157 1 0.0 12 5 2 0 13 15 3 9.33764680017e-54 3 1 
157 1 0.0 15 3 0 0 6 1 3 7.23461021418e-78 1 0 
157 1 0.0 9 6 5 0 24 22 2 2.94391849058e-69 2 4 
157 1 0.0 7 2 0 0 5 7 2 0.0943187404096 1 1 
157 1 0.0 14 8 2 0 18 21 2 1.5868838953e-27 5 0 
157 1 0.0 6 8 3 0 15 11 2 0.045571205911 1 3 
157 1 0.0 1 0 0 0 4 18 1 0.494297239961 0 2 
157 1 0.0 11 2 2 0 17 10 2 1.98587378342e-32 2 1 
157 1 0.0 8 0 0 0 16 4 2 0.0701275313894 2 0 
157 1 0.0 3 8 4 0 28 14 1 0.145711042844 0 6 
157 1 0.0 10 9 2 0 25 25 2 4.75588653344e-79 3 3 
157 1 0.0 2 0 0 0 1 8 1 0.494297239961 0 1 
157 1 0.0 13 5 0 0 20 16 2 0.482891719884 4 0 
157 1 2.0 5 3 1 0 11 5 2 0.049981315443 1 1 
157 1 2.0 4 1 0 0 4 6 1 0.0852996375902 0 2 
157 1 2.0 12 5 2 0 13 15 3 1.26277991657e-24 3 1 
157 1 2.0 15 3 0 0 6 1 3 1.80562733523e-55 1 0 
157 1 2.0 9 6 5 0 24 22 2 3.02660043856e-86 2 4 
157 1 2.0 7 2 0 0 5 7 2 0.102200073589 1 1 
157 1 2.0 14 8 2 0 18 21 2 5.85234586503e-18 5 0 
157 1 2.0 6 8 3 0 15 11 2 0.0493640181197 1 3 
157 1 2.0 1 0 0 0 4 18 1 0.378926188954 0 2 
157 1 2.0 11 2 2 0 17 10 2 8.52872633719e-29 2 1 
157 1 2.0 8 0 0 0 16 4 2 0.0764561185066 2 0 
157 1 2.0 3 8 4 0 28 14 1 0.0739052466863 0 6 
157 1 2.0 10 9 2 0 25 25 2 3.83465265402e-90 3 3 
157 1 2.0 2 0 0 0 1 8 1 0.378926188954 0 1 
157 1 2.0 13 5 0 0 20 16 2 0.764604033276 4 0 
157 2 0.0 5 3 1 0 11 5 2 0.0584990527243 1 1 
157 2 0.0 4 1 0 0 4 6 1 0.179743290009 0 2 
157 2 0.0 12 5 2 0 13 15 3 1.37378973279e-53 3 1 
157 2 0.0 15 3 0 0 6 1 3 4.89942618665e-78 1 0 
157 2 0.0 9 6 5 0 24 22 2 8.59188851554e-68 2 4 
157 2 0.0 7 2 0 0 5 7 2 0.118339767865 1 1 
157 2 0.0 14 8 2 0 18 21 2 1.77869412826e-27 5 0 
157 2 0.0 6 8 3 0 15 11 2 0.0587097685891 1 3 
157 2 0.0 1 0 0 0 4 18 1 0.494297239961 0 2 
157 2 0.0 11 2 2 0 17 10 2 4.85695584877e-32 2 1 
157 2 0.0 8 0 0 0 16 4 2 0.0889827490717 2 0 
157 2 0.0 3 8 4 0 28 14 1 0.173691186703 0 6 
157 2 0.0 10 9 2 0 25 25 2 4.21637536076e-78 3 3 
157 2 0.0 2 0 0 0 1 8 1 0.494297239961 0 1 
157 2 0.0 13 5 0 0 20 16 2 0.482891719884 4 0 
157 2 2.0 5 3 1 0 11 5 2 0.0606197028895 1 1 
157 2 2.0 4 1 0 0 4 6 1 0.07484664338 0 2 
157 2 2.0 12 5 2 0 13 15 3 1.57136320386e-22 3 1 
157 2 2.0 15 3 0 0 6 1 3 5.39586092526e-55 1 0 
157 2 2.0 9 6 5 0 24 22 2 1.344140871e-85 2 4 
157 2 2.0 7 2 0 0 5 7 2 0.119799969646 1 1 
157 2 2.0 14 8 2 0 18 21 2 4.17211925931e-18 5 0 
157 2 2.0 6 8 3 0 15 11 2 0.0602269241045 1 3 
157 2 2.0 1 0 0 0 4 18 1 0.378926188954 0 2 
157 2 2.0 11 2 2 0 17 10 2 8.71429631877e-29 2 1 
157 2 2.0 8 0 0 0 16 4 2 0.0912935627146 2 0 
157 2 2.0 3 8 4 0 28 14 1 0.0650816772702 0 6 
157 2 2.0 10 9 2 0 25 25 2 5.54880412247e-92 3 3 
157 2 2.0 2 0 0 0 1 8 1 0.378926188954 0 1 
157 2 2.0 13 5 0 0 20 16 2 0.764604033276 4 0 
157 3 0.0 5 3 1 0 11 5 2 0.0607004441369 1 1 
157 3 0.0 4 1 0 0 4 6 1 0.167001244242 0 2 
157 3 0.0 12 5 2 0 13 15 3 3.6297547119e-54 3 1 
157 3 0.0 15 3 0 0 6 1 3 8.03773240945e-78 1 0 
157 3 0.0 9 6 5 0 24 22 2 4.72862252423e-69 2 4 
157 3 0.0 7 2 0 0 5 7 2 0.120414868221 1 1 
157 3 0.0 14 8 2 0 18 21 2 2.00964840468e-27 5 0 
157 3 0.0 6 8 3 0 15 11 2 0.0603047545102 1 3 
157 3 0.0 1 0 0 0 4 18 1 0.494297239961 0 2 
157 3 0.0 11 2 2 0 17 10 2 1.85016378415e-32 2 1 
157 3 0.0 8 0 0 0 16 4 2 0.0912203395993 2 0 
157 3 0.0 3 8 4 0 28 14 1 0.159734552267 0 6 
157 3 0.0 10 9 2 0 25 25 2 2.18947237691e-78 3 3 
157 3 0.0 2 0 0 0 1 8 1 0.494297239961 0 1 
157 3 0.0 13 5 0 0 20 16 2 0.482891719884 4 0 
157 3 2.0 5 3 1 0 11 5 2 0.076878481108 1 1 
157 3 2.0 4 1 0 0 4 6 1 0.100752736258 0 2 
157 3 2.0 12 5 2 0 13 15 3 1.24180038906e-21 3 1 
157 3 2.0 15 3 0 0 6 1 3 1.30841330654e-55 1 0 
157 3 2.0 9 6 5 0 24 22 2 1.01731538685e-85 2 4 
157 3 2.0 7 2 0 0 5 7 2 0.151161026185 1 1 
157 3 2.0 14 8 2 0 18 21 2 5.15529759261e-18 5 0 
157 3 2.0 6 8 3 0 15 11 2 0.0759700708183 1 3 
157 3 2.0 1 0 0 0 4 18 1 0.378926188954 0 2 
157 3 2.0 11 2 2 0 17 10 2 4.5924585739e-29 2 1 
157 3 2.0 8 0 0 0 16 4 2 0.115135217015 2 0 
157 3 2.0 3 8 4 0 28 14 1 0.0948319112767 0 6 
157 3 2.0 10 9 2 0 25 25 2 6.8966880849e-88 3 3 
157 3 2.0 2 0 0 0 1 8 1 0.378926188954 0 1 
157 3 2.0 13 5 0 0 20 16 2 0.764604033276 4 0 
157 4 0.0 5 3 1 0 11 5 2 0.0482018632327 1 1 
157 4 0.0 4 1 0 0 4 6 1 0.210163263629 0 2 
157 4 0.0 12 5 2 0 13 15 3 6.53037922772e-55 3 1 
157 4 0.0 15 3 0 0 6 1 3 8.64670963431e-78 1 0 
157 4 0.0 9 6 5 0 24 22 2 1.23245367504e-70 2 4 
157 4 0.0 7 2 0 0 5 7 2 0.102473767929 1 1 
157 4 0.0 14 8 2 0 18 21 2 3.65602758574e-27 5 0 
157 4 0.0 6 8 3 0 15 11 2 0.0475932576704 1 3 
157 4 0.0 1 0 0 0 4 18 1 0.494297239961 0 2 
157 4 0.0 11 2 2 0 17 10 2 7.44962870062e-33 2 1 
157 4 0.0 8 0 0 0 16 4 2 0.0749153217722 2 0 
157 4 0.0 3 8 4 0 28 14 1 0.20336696282 0 6 
157 4 0.0 10 9 2 0 25 25 2 1.90575119945e-79 3 3 
157 4 0.0 2 0 0 0 1 8 1 0.494297239961 0 1 
157 4 0.0 13 5 0 0 20 16 2 0.482891719884 4 0 
157 4 2.0 5 3 1 0 11 5 2 0.0630262502623 1 1 
157 4 2.0 4 1 0 0 4 6 1 0.169542465366 0 2 
157 4 2.0 12 5 2 0 13 15 3 6.34244514402e-23 3 1 
157 4 2.0 15 3 0 0 6 1 3 7.2206635254e-55 1 0 
157 4 2.0 9 6 5 0 24 22 2 1.76547682995e-85 2 4 
157 4 2.0 7 2 0 0 5 7 2 0.140020258837 1 1 
157 4 2.0 14 8 2 0 18 21 2 5.3143368562e-18 5 0 
157 4 2.0 6 8 3 0 15 11 2 0.0625675668289 1 3 
157 4 2.0 1 0 0 0 4 18 1 0.378926188954 0 2 
157 4 2.0 11 2 2 0 17 10 2 7.04046995439e-29 2 1 
157 4 2.0 8 0 0 0 16 4 2 0.10083339083 2 0 
157 4 2.0 3 8 4 0 28 14 1 0.172053209923 0 6 
157 4 2.0 10 9 2 0 25 25 2 2.72774824148e-93 3 3 
157 4 2.0 2 0 0 0 1 8 1 0.378926188954 0 1 
157 4 2.0 13 5 0 0 20 16 2 0.764604033276 4 0 
157 5 0.0 5 3 1 0 11 5 2 0.0449001517065 1 1 
157 5 0.0 4 1 0 0 4 6 1 0.210186061628 0 2 
157 5 0.0 12 5 2 0 13 15 3 2.79414207124e-52 3 1 
157 5 0.0 15 3 0 0 6 1 3 2.8737828846e-78 1 0 
157 5 0.0 9 6 5 0 24 22 2 8.34451192113e-68 2 4 
157 5 0.0 7 2 0 0 5 7 2 0.0971535643351 1 1 
157 5 0.0 14 8 2 0 18 21 2 2.08421514264e-27 5 0 
157 5 0.0 6 8 3 0 15 11 2 0.0449671690055 1 3 
157 5 0.0 1 0 0 0 4 18 1 0.494297239961 0 2 
157 5 0.0 11 2 2 0 17 10 2 1.11730516979e-32 2 1 
157 5 0.0 8 0 0 0 16 4 2 0.0706524307942 2 0 
157 5 0.0 3 8 4 0 28 14 1 0.201653618896 0 6 
157 5 0.0 10 9 2 0 25 25 2 3.0364206232e-77 3 3 
157 5 0.0 2 0 0 0 1 8 1 0.494297239961 0 1 
157 5 0.0 13 5 0 0 20 16 2 0.482891719884 4 0 
157 5 2.0 5 3 1 0 11 5 2 0.0371450282222 1 1 
157 5 2.0 4 1 0 0 4 6 1 0.108982143085 0 2 
157 5 2.0 12 5 2 0 13 15 3 1.45613060145e-19 3 1 
157 5 2.0 15 3 0 0 6 1 3 2.48936009658e-55 1 0 
157 5 2.0 9 6 5 0 24 22 2 3.36718524876e-82 2 4 
157 5 2.0 7 2 0 0 5 7 2 0.0832122566744 1 1 
157 5 2.0 14 8 2 0 18 21 2 5.14178601201e-18 5 0 
157 5 2.0 6 8 3 0 15 11 2 0.0371092004799 1 3 
157 5 2.0 1 0 0 0 4 18 1 0.378926188954 0 2 
157 5 2.0 11 2 2 0 17 10 2 2.04466576227e-29 2 1 
157 5 2.0 8 0 0 0 16 4 2 0.0597095054886 2 0 
157 5 2.0 3 8 4 0 28 14 1 0.0940288262014 0 6 
157 5 2.0 10 9 2 0 25 25 2 2.17823874814e-89 3 3 
157 5 2.0 2 0 0 0 1 8 1 0.378926188954 0 1 
157 5 2.0 13 5 0 0 20 16 2 0.764604033276 4 0 
157 6 0.0 5 3 1 0 11 5 2 0.0451248943503 1 1 
157 6 0.0 4 1 0 0 4 6 1 0.183184380675 0 2 
157 6 0.0 12 5 2 0 13 15 3 4.44910940311e-54 3 1 
157 6 0.0 15 3 0 0 6 1 3 7.07090716545e-78 1 0 
157 6 0.0 9 6 5 0 24 22 2 2.24499145105e-70 2 4 
157 6 0.0 7 2 0 0 5 7 2 0.0948743852343 1 1 
157 6 0.0 14 8 2 0 18 21 2 1.97589452464e-27 5 0 
157 6 0.0 6 8 3 0 15 11 2 0.0446050714023 1 3 
157 6 0.0 1 0 0 0 4 18 1 0.494297239961 0 2 
157 6 0.0 11 2 2 0 17 10 2 1.8691948734e-33 2 1 
157 6 0.0 8 0 0 0 16 4 2 0.0697019756076 2 0 
157 6 0.0 3 8 4 0 28 14 1 0.171325502078 0 6 
157 6 0.0 10 9 2 0 25 25 2 5.61816915836e-79 3 3 
157 6 0.0 2 0 0 0 1 8 1 0.494297239961 0 1 
157 6 0.0 13 5 0 0 20 16 2 0.482891719884 4 0 
157 6 2.0 5 3 1 0 11 5 2 0.0807748250952 1 1 
157 6 2.0 4 1 0 0 4 6 1 0.173633938854 0 2 
157 6 2.0 12 5 2 0 13 15 3 2.60888152055e-21 3 1 
157 6 2.0 15 3 0 0 6 1 3 2.94950061389e-55 1 0 
157 6 2.0 9 6 5 0 24 22 2 1.77562744411e-83 2 4 
157 6 2.0 7 2 0 0 5 7 2 0.174652602194 1 1 
157 6 2.0 14 8 2 0 18 21 2 4.46829982391e-18 5 0 
157 6 2.0 6 8 3 0 15 11 2 0.080406747211 1 3 
157 6 2.0 1 0 0 0 4 18 1 0.378926188954 0 2 
157 6 2.0 11 2 2 0 17 10 2 1.20070750983e-28 2 1 
157 6 2.0 8 0 0 0 16 4 2 0.127919610445 2 0 
157 6 2.0 3 8 4 0 28 14 1 0.181883751205 0 6 
157 6 2.0 10 9 2 0 25 25 2 1.25810613829e-89 3 3 
157 6 2.0 2 0 0 0 1 8 1 0.378926188954 0 1 
157 6 2.0 13 5 0 0 20 16 2 0.764604033276 4 0 
157 7 0.0 5 3 1 0 11 5 2 0.0443708607718 1 1 
157 7 0.0 4 1 0 0 4 6 1 0.169908755715 0 2 
157 7 0.0 12 5 2 0 13 15 3 3.01142295937e-54 3 1 
157 7 0.0 15 3 0 0 6 1 3 3.94233491274e-78 1 0 
157 7 0.0 9 6 5 0 24 22 2 7.64494288319e-71 2 4 
157 7 0.0 7 2 0 0 5 7 2 0.0922337584279 1 1 
157 7 0.0 14 8 2 0 18 21 2 1.67740925705e-27 5 0 
157 7 0.0 6 8 3 0 15 11 2 0.0436182504954 1 3 
157 7 0.0 1 0 0 0 4 18 1 0.494297239961 0 2 
157 7 0.0 11 2 2 0 17 10 2 1.12968340103e-32 2 1 
157 7 0.0 8 0 0 0 16 4 2 0.0680820619556 2 0 
157 7 0.0 3 8 4 0 28 14 1 0.156136926819 0 6 
157 7 0.0 10 9 2 0 25 25 2 1.98341706558e-77 3 3 
157 7 0.0 2 0 0 0 1 8 1 0.494297239961 0 1 
157 7 0.0 13 5 0 0 20 16 2 0.482891719884 4 0 
157 7 2.0 5 3 1 0 11 5 2 0.0439491765495 1 1 
157 7 2.0 4 1 0 0 4 6 1 0.135574614203 0 2 
157 7 2.0 12 5 2 0 13 15 3 8.00025603897e-20 3 1 
157 7 2.0 15 3 0 0 6 1 3 5.91998709881e-55 1 0 
157 7 2.0 9 6 5 0 24 22 2 8.4391675892e-83 2 4 
157 7 2.0 7 2 0 0 5 7 2 0.0985015912584 1 1 
157 7 2.0 14 8 2 0 18 21 2 3.8301407751e-18 5 0 
157 7 2.0 6 8 3 0 15 11 2 0.0438552952877 1 3 
157 7 2.0 1 0 0 0 4 18 1 0.378926188954 0 2 
157 7 2.0 11 2 2 0 17 10 2 5.45089420001e-30 2 1 
157 7 2.0 8 0 0 0 16 4 2 0.070567752264 2 0 
157 7 2.0 3 8 4 0 28 14 1 0.126421035716 0 6 
157 7 2.0 10 9 2 0 25 25 2 9.32433755505e-91 3 3 
157 7 2.0 2 0 0 0 1 8 1 0.378926188954 0 1 
157 7 2.0 13 5 0 0 20 16 2 0.764604033276 4 0 
157 8 0.0 5 3 1 0 11 5 2 0.0622069915041 1 1 
157 8 0.0 4 1 0 0 4 6 1 0.19852354389 0 2 
157 8 0.0 12 5 2 0 13 15 3 1.19335690342e-51 3 1 
157 8 0.0 15 3 0 0 6 1 3 5.61708219522e-78 1 0 
157 8 0.0 9 6 5 0 24 22 2 1.24182405309e-68 2 4 
157 8 0.0 7 2 0 0 5 7 2 0.126175390251 1 1 
157 8 0.0 14 8 2 0 18 21 2 1.86560079256e-27 5 0 
157 8 0.0 6 8 3 0 15 11 2 0.0617980241893 1 3 
157 8 0.0 1 0 0 0 4 18 1 0.494297239961 0 2 
157 8 0.0 11 2 2 0 17 10 2 2.01573065619e-32 2 1 
157 8 0.0 8 0 0 0 16 4 2 0.0945920968486 2 0 
157 8 0.0 3 8 4 0 28 14 1 0.196983408106 0 6 
157 8 0.0 10 9 2 0 25 25 2 3.31605631942e-76 3 3 
157 8 0.0 2 0 0 0 1 8 1 0.494297239961 0 1 
157 8 0.0 13 5 0 0 20 16 2 0.482891719884 4 0 
157 8 2.0 5 3 1 0 11 5 2 0.0755469420675 1 1 
157 8 2.0 4 1 0 0 4 6 1 0.0907419565607 0 2 
157 8 2.0 12 5 2 0 13 15 3 2.39083809184e-25 3 1 
157 8 2.0 15 3 0 0 6 1 3 2.06131437275e-55 1 0 
157 8 2.0 9 6 5 0 24 22 2 1.865369214e-88 2 4 
157 8 2.0 7 2 0 0 5 7 2 0.145282215395 1 1 
157 8 2.0 14 8 2 0 18 21 2 4.1538775016e-18 5 0 
157 8 2.0 6 8 3 0 15 11 2 0.0730538003864 1 3 
157 8 2.0 1 0 0 0 4 18 1 0.378926188954 0 2 
157 8 2.0 11 2 2 0 17 10 2 8.0324888765e-28 2 1 
157 8 2.0 8 0 0 0 16 4 2 0.111540880586 2 0 
157 8 2.0 3 8 4 0 28 14 1 0.0841873567242 0 6 
157 8 2.0 10 9 2 0 25 25 2 5.08593309916e-90 3 3 
157 8 2.0 2 0 0 0 1 8 1 0.378926188954 0 1 
157 8 2.0 13 5 0 0 20 16 2 0.764604033276 4 0 
157 9 0.0 5 3 1 0 11 5 2 0.0472945965086 1 1 
157 9 0.0 4 1 0 0 4 6 1 0.174049732857 0 2 
157 9 0.0 12 5 2 0 13 15 3 7.33653877652e-54 3 1 
157 9 0.0 15 3 0 0 6 1 3 8.0389281318e-78 1 0 
157 9 0.0 9 6 5 0 24 22 2 1.84115841722e-69 2 4 
157 9 0.0 7 2 0 0 5 7 2 0.0981831894179 1 1 
157 9 0.0 14 8 2 0 18 21 2 1.66185479595e-27 5 0 
157 9 0.0 6 8 3 0 15 11 2 0.0471672779863 1 3 
157 9 0.0 1 0 0 0 4 18 1 0.494297239961 0 2 
157 9 0.0 11 2 2 0 17 10 2 1.4988529635e-32 2 1 
157 9 0.0 8 0 0 0 16 4 2 0.0727092443497 2 0 
157 9 0.0 3 8 4 0 28 14 1 0.161990434771 0 6 
157 9 0.0 10 9 2 0 25 25 2 3.86167911204e-80 3 3 
157 9 0.0 2 0 0 0 1 8 1 0.494297239961 0 1 
157 9 0.0 13 5 0 0 20 16 2 0.482891719884 4 0 
157 9 2.0 5 3 1 0 11 5 2 0.0461894524325 1 1 
157 9 2.0 4 1 0 0 4 6 1 0.180563426949 0 2 
157 9 2.0 12 5 2 0 13 15 3 1.0700020991e-22 3 1 
157 9 2.0 15 3 0 0 6 1 3 1.03510474844e-55 1 0 
157 9 2.0 9 6 5 0 24 22 2 8.74722534134e-85 2 4 
157 9 2.0 7 2 0 0 5 7 2 0.10942135244 1 1 
157 9 2.0 14 8 2 0 18 21 2 3.64760787178e-18 5 0 
157 9 2.0 6 8 3 0 15 11 2 0.04593992045 1 3 
157 9 2.0 1 0 0 0 4 18 1 0.378926188954 0 2 
157 9 2.0 11 2 2 0 17 10 2 3.70405569944e-29 2 1 
157 9 2.0 8 0 0 0 16 4 2 0.0764915335043 2 0 
157 9 2.0 3 8 4 0 28 14 1 0.173746691719 0 6 
157 9 2.0 10 9 2 0 25 25 2 3.33903158434e-90 3 3 
157 9 2.0 2 0 0 0 1 8 1 0.378926188954 0 1 
157 9 2.0 13 5 0 0 20 16 2 0.764604033276 4 0 
157 10 0.0 5 3 1 0 11 5 2 0.053784571174 1 1 
157 10 0.0 4 1 0 0 4 6 1 0.160490609769 0 2 
157 10 0.0 12 5 2 0 13 15 3 2.39711077858e-54 3 1 
157 10 0.0 15 3 0 0 6 1 3 8.91934057585e-78 1 0 
157 10 0.0 9 6 5 0 24 22 2 1.80697725027e-70 2 4 
157 10 0.0 7 2 0 0 5 7 2 0.107717630749 1 1 
157 10 0.0 14 8 2 0 18 21 2 1.36133209151e-27 5 0 
157 10 0.0 6 8 3 0 15 11 2 0.053117218358 1 3 
157 10 0.0 1 0 0 0 4 18 1 0.494297239961 0 2 
157 10 0.0 11 2 2 0 17 10 2 3.15649572521e-32 2 1 
157 10 0.0 8 0 0 0 16 4 2 0.0810453943686 2 0 
157 10 0.0 3 8 4 0 28 14 1 0.149513436724 0 6 
157 10 0.0 10 9 2 0 25 25 2 1.46998784095e-79 3 3 
157 10 0.0 2 0 0 0 1 8 1 0.494297239961 0 1 
157 10 0.0 13 5 0 0 20 16 2 0.482891719884 4 0 
157 10 2.0 5 3 1 0 11 5 2 0.0533729717983 1 1 
157 10 2.0 4 1 0 0 4 6 1 0.0775081194244 0 2 
157 10 2.0 12 5 2 0 13 15 3 3.44044911835e-24 3 1 
157 10 2.0 15 3 0 0 6 1 3 5.1440774332e-55 1 0 
157 10 2.0 9 6 5 0 24 22 2 6.30423357249e-86 2 4 
157 10 2.0 7 2 0 0 5 7 2 0.107754592466 1 1 
157 10 2.0 14 8 2 0 18 21 2 4.02921891885e-18 5 0 
157 10 2.0 6 8 3 0 15 11 2 0.0528197382573 1 3 
157 10 2.0 1 0 0 0 4 18 1 0.378926188954 0 2 
157 10 2.0 11 2 2 0 17 10 2 5.99279667771e-29 2 1 
157 10 2.0 8 0 0 0 16 4 2 0.0811927455436 2 0 
157 10 2.0 3 8 4 0 28 14 1 0.0668140355538 0 6 
157 10 2.0 10 9 2 0 25 25 2 3.9185914719e-92 3 3 
157 10 2.0 2 0 0 0 1 8 1 0.378926188954 0 1 
157 10 2.0 13 5 0 0 20 16 2 0.764604033276 4 0 
157 11 0.0 5 3 1 0 11 5 2 0.0555311263555 1 1 
157 11 0.0 4 1 0 0 4 6 1 0.200459893675 0 2 
157 11 0.0 12 5 2 0 13 15 3 8.97243337458e-53 3 1 
157 11 0.0 15 3 0 0 6 1 3 9.12942029933e-78 1 0 
157 11 0.0 9 6 5 0 24 22 2 2.74273262809e-68 2 4 
157 11 0.0 7 2 0 0 5 7 2 0.114593923956 1 1 
157 11 0.0 14 8 2 0 18 21 2 1.90680558009e-27 5 0 
157 11 0.0 6 8 3 0 15 11 2 0.0552312647322 1 3 
157 11 0.0 1 0 0 0 4 18 1 0.494297239961 0 2 
157 11 0.0 11 2 2 0 17 10 2 1.19792068136e-32 2 1 
157 11 0.0 8 0 0 0 16 4 2 0.0851218591736 2 0 
157 11 0.0 3 8 4 0 28 14 1 0.196034112283 0 6 
157 11 0.0 10 9 2 0 25 25 2 2.13186184962e-78 3 3 
157 11 0.0 2 0 0 0 1 8 1 0.494297239961 0 1 
157 11 0.0 13 5 0 0 20 16 2 0.482891719884 4 0 
157 11 2.0 5 3 1 0 11 5 2 0.09811909217 1 1 
157 11 2.0 4 1 0 0 4 6 1 0.129448720962 0 2 
157 11 2.0 12 5 2 0 13 15 3 4.64828652499e-19 3 1 
157 11 2.0 15 3 0 0 6 1 3 3.84844778761e-55 1 0 
157 11 2.0 9 6 5 0 24 22 2 8.92497376884e-82 2 4 
157 11 2.0 7 2 0 0 5 7 2 0.1969797078 1 1 
157 11 2.0 14 8 2 0 18 21 2 4.55190002847e-18 5 0 
157 11 2.0 6 8 3 0 15 11 2 0.0979023059974 1 3 
157 11 2.0 1 0 0 0 4 18 1 0.378926188954 0 2 
157 11 2.0 11 2 2 0 17 10 2 6.47297904576e-29 2 1 
157 11 2.0 8 0 0 0 16 4 2 0.149652731476 2 0 
157 11 2.0 3 8 4 0 28 14 1 0.134319229705 0 6 
157 11 2.0 10 9 2 0 25 25 2 7.75205970733e-89 3 3 
157 11 2.0 2 0 0 0 1 8 1 0.378926188954 0 1 
157 11 2.0 13 5 0 0 20 16 2 0.764604033276 4 0 
157 12 0.0 5 3 1 0 11 5 2 0.0533050536628 1 1 
157 12 0.0 4 1 0 0 4 6 1 0.163019142733 0 2 
157 12 0.0 12 5 2 0 13 15 3 1.09416963787e-55 3 1 
157 12 0.0 15 3 0 0 6 1 3 1.04112179443e-77 1 0 
157 12 0.0 9 6 5 0 24 22 2 1.22182997404e-70 2 4 
157 12 0.0 7 2 0 0 5 7 2 0.106921308721 1 1 
157 12 0.0 14 8 2 0 18 21 2 2.46645864498e-27 5 0 
157 12 0.0 6 8 3 0 15 11 2 0.0524021219606 1 3 
157 12 0.0 1 0 0 0 4 18 1 0.494297239961 0 2 
157 12 0.0 11 2 2 0 17 10 2 2.11766198802e-32 2 1 
157 12 0.0 8 0 0 0 16 4 2 0.0803044609876 2 0 
157 12 0.0 3 8 4 0 28 14 1 0.152087638383 0 6 
157 12 0.0 10 9 2 0 25 25 2 5.44269149641e-80 3 3 
157 12 0.0 2 0 0 0 1 8 1 0.494297239961 0 1 
157 12 0.0 13 5 0 0 20 16 2 0.482891719884 4 0 
157 12 2.0 5 3 1 0 11 5 2 0.0507021579549 1 1 
157 12 2.0 4 1 0 0 4 6 1 0.188291235966 0 2 
157 12 2.0 12 5 2 0 13 15 3 7.37394242197e-22 3 1 
157 12 2.0 15 3 0 0 6 1 3 3.70153127007e-55 1 0 
157 12 2.0 9 6 5 0 24 22 2 1.81183911632e-84 2 4 
157 12 2.0 7 2 0 0 5 7 2 0.119736551631 1 1 
157 12 2.0 14 8 2 0 18 21 2 3.71186789998e-18 5 0 
157 12 2.0 6 8 3 0 15 11 2 0.0505032744229 1 3 
157 12 2.0 1 0 0 0 4 18 1 0.378926188954 0 2 
157 12 2.0 11 2 2 0 17 10 2 3.78111446964e-29 2 1 
157 12 2.0 8 0 0 0 16 4 2 0.083882936578 2 0 
157 12 2.0 3 8 4 0 28 14 1 0.185617230889 0 6 
157 12 2.0 10 9 2 0 25 25 2 1.12741053492e-90 3 3 
157 12 2.0 2 0 0 0 1 8 1 0.378926188954 0 1 
157 12 2.0 13 5 0 0 20 16 2 0.764604033276 4 0 
157 13 0.0 5 3 1 0 11 5 2 0.0411695963439 1 1 
157 13 0.0 4 1 0 0 4 6 1 0.200135687111 0 2 
157 13 0.0 12 5 2 0 13 15 3 1.19660511883e-54 3 1 
157 13 0.0 15 3 0 0 6 1 3 6.83149279067e-78 1 0 
157 13 0.0 9 6 5 0 24 22 2 7.25418101171e-70 2 4 
157 13 0.0 7 2 0 0 5 7 2 0.0889879541326 1 1 
157 13 0.0 14 8 2 0 18 21 2 2.53200218739e-27 5 0 
157 13 0.0 6 8 3 0 15 11 2 0.040622256614 1 3 
157 13 0.0 1 0 0 0 4 18 1 0.494297239961 0 2 
157 13 0.0 11 2 2 0 17 10 2 7.79948493948e-32 2 1 
157 13 0.0 8 0 0 0 16 4 2 0.0645429279792 2 0 
157 13 0.0 3 8 4 0 28 14 1 0.188036587856 0 6 
157 13 0.0 10 9 2 0 25 25 2 3.05212226564e-77 3 3 
157 13 0.0 2 0 0 0 1 8 1 0.494297239961 0 1 
157 13 0.0 13 5 0 0 20 16 2 0.482891719884 4 0 
157 13 2.0 5 3 1 0 11 5 2 0.0400352921502 1 1 
157 13 2.0 4 1 0 0 4 6 1 0.180094532475 0 2 
157 13 2.0 12 5 2 0 13 15 3 5.23870429391e-21 3 1 
157 13 2.0 15 3 0 0 6 1 3 8.67905638978e-56 1 0 
157 13 2.0 9 6 5 0 24 22 2 6.21017171102e-83 2 4 
157 13 2.0 7 2 0 0 5 7 2 0.0962181651292 1 1 
157 13 2.0 14 8 2 0 18 21 2 5.38513893165e-18 5 0 
157 13 2.0 6 8 3 0 15 11 2 0.0399799669218 1 3 
157 13 2.0 1 0 0 0 4 18 1 0.378926188954 0 2 
157 13 2.0 11 2 2 0 17 10 2 4.84547048617e-29 2 1 
157 13 2.0 8 0 0 0 16 4 2 0.0668866572454 2 0 
157 13 2.0 3 8 4 0 28 14 1 0.170193856615 0 6 
157 13 2.0 10 9 2 0 25 25 2 1.81729576859e-88 3 3 
157 13 2.0 2 0 0 0 1 8 1 0.378926188954 0 1 
157 13 2.0 13 5 0 0 20 16 2 0.764604033276 4 0 
157 14 0.0 5 3 1 0 11 5 2 0.0610379464124 1 1 
157 14 0.0 4 1 0 0 4 6 1 0.19864148062 0 2 
157 14 0.0 12 5 2 0 13 15 3 1.95120555549e-53 3 1 
157 14 0.0 15 3 0 0 6 1 3 1.14234762867e-77 1 0 
157 14 0.0 9 6 5 0 24 22 2 5.30122186847e-70 2 4 
157 14 0.0 7 2 0 0 5 7 2 0.123940329588 1 1 
157 14 0.0 14 8 2 0 18 21 2 1.79531983378e-27 5 0 
157 14 0.0 6 8 3 0 15 11 2 0.0603751101259 1 3 
157 14 0.0 1 0 0 0 4 18 1 0.494297239961 0 2 
157 14 0.0 11 2 2 0 17 10 2 7.1540154646e-33 2 1 
157 14 0.0 8 0 0 0 16 4 2 0.0927681043092 2 0 
157 14 0.0 3 8 4 0 28 14 1 0.196638477471 0 6 
157 14 0.0 10 9 2 0 25 25 2 3.61611681234e-79 3 3 
157 14 0.0 2 0 0 0 1 8 1 0.494297239961 0 1 
157 14 0.0 13 5 0 0 20 16 2 0.482891719884 4 0 
157 14 2.0 5 3 1 0 11 5 2 0.0845075909525 1 1 
157 14 2.0 4 1 0 0 4 6 1 0.124785208367 0 2 
157 14 2.0 12 5 2 0 13 15 3 2.34728953836e-24 3 1 
157 14 2.0 15 3 0 0 6 1 3 7.24281792602e-55 1 0 
157 14 2.0 9 6 5 0 24 22 2 3.99124478221e-87 2 4 
157 14 2.0 7 2 0 0 5 7 2 0.168783672212 1 1 
157 14 2.0 14 8 2 0 18 21 2 4.65015121709e-18 5 0 
157 14 2.0 6 8 3 0 15 11 2 0.0829173360754 1 3 
157 14 2.0 1 0 0 0 4 18 1 0.378926188954 0 2 
157 14 2.0 11 2 2 0 17 10 2 7.07135994385e-29 2 1 
157 14 2.0 8 0 0 0 16 4 2 0.127672553982 2 0 
157 14 2.0 3 8 4 0 28 14 1 0.125629127779 0 6 
157 14 2.0 10 9 2 0 25 25 2 5.98519931063e-93 3 3 
157 14 2.0 2 0 0 0 1 8 1 0.378926188954 0 1 
157 14 2.0 13 5 0 0 20 16 2 0.764604033276 4 0 
157 15 0.0 5 3 1 0 11 5 2 0.0494873554447 1 1 
157 15 0.0 4 1 0 0 4 6 1 0.165272877505 0 2 
157 15 0.0 12 5 2 0 13 15 3 3.29088286759e-55 3 1 
157 15 0.0 15 3 0 0 6 1 3 7.90985513795e-78 1 0 
157 15 0.0 9 6 5 0 24 22 2 3.60916872728e-71 2 4 
157 15 0.0 7 2 0 0 5 7 2 0.100713900892 1 1 
157 15 0.0 14 8 2 0 18 21 2 1.44352604427e-27 5 0 
157 15 0.0 6 8 3 0 15 11 2 0.0487809176529 1 3 
157 15 0.0 1 0 0 0 4 18 1 0.494297239961 0 2 
157 15 0.0 11 2 2 0 17 10 2 3.44203264909e-32 2 1 
157 15 0.0 8 0 0 0 16 4 2 0.0751439321532 2 0 
157 15 0.0 3 8 4 0 28 14 1 0.153204181384 0 6 
157 15 0.0 10 9 2 0 25 25 2 1.05003165047e-79 3 3 
157 15 0.0 2 0 0 0 1 8 1 0.494297239961 0 1 
157 15 0.0 13 5 0 0 20 16 2 0.482891719884 4 0 
157 15 2.0 5 3 1 0 11 5 2 0.0591475902563 1 1 
157 15 2.0 4 1 0 0 4 6 1 0.0905876713085 0 2 
157 15 2.0 12 5 2 0 13 15 3 5.33300854751e-23 3 1 
157 15 2.0 15 3 0 0 6 1 3 7.87945209552e-55 1 0 
157 15 2.0 9 6 5 0 24 22 2 5.65119765782e-85 2 4 
157 15 2.0 7 2 0 0 5 7 2 0.119079117255 1 1 
157 15 2.0 14 8 2 0 18 21 2 4.34549899443e-18 5 0 
157 15 2.0 6 8 3 0 15 11 2 0.0588367991899 1 3 
157 15 2.0 1 0 0 0 4 18 1 0.378926188954 0 2 
157 15 2.0 11 2 2 0 17 10 2 5.00724154745e-29 2 1 
157 15 2.0 8 0 0 0 16 4 2 0.089756267472 2 0 
157 15 2.0 3 8 4 0 28 14 1 0.0794383504126 0 6 
157 15 2.0 10 9 2 0 25 25 2 1.19588491732e-93 3 3 
157 15 2.0 2 0 0 0 1 8 1 0.378926188954 0 1 
157 15 2.0 13 5 0 0 20 16 2 0.764604033276 4 0 
157 16 0.0 5 3 1 0 11 5 2 0.0523176762284 1 1 
157 16 0.0 4 1 0 0 4 6 1 0.206157893888 0 2 
157 16 0.0 12 5 2 0 13 15 3 4.14279692056e-53 3 1 
157 16 0.0 15 3 0 0 6 1 3 4.30211215978e-78 1 0 
157 16 0.0 9 6 5 0 24 22 2 2.03041350863e-69 2 4 
157 16 0.0 7 2 0 0 5 7 2 0.109777830698 1 1 
157 16 0.0 14 8 2 0 18 21 2 2.22651910423e-27 5 0 
157 16 0.0 6 8 3 0 15 11 2 0.0520901755948 1 3 
157 16 0.0 1 0 0 0 4 18 1 0.494297239961 0 2 
157 16 0.0 11 2 2 0 17 10 2 4.25007183107e-32 2 1 
157 16 0.0 8 0 0 0 16 4 2 0.0809067195016 2 0 
157 16 0.0 3 8 4 0 28 14 1 0.201198950743 0 6 
157 16 0.0 10 9 2 0 25 25 2 3.34101852588e-78 3 3 
157 16 0.0 2 0 0 0 1 8 1 0.494297239961 0 1 
157 16 0.0 13 5 0 0 20 16 2 0.482891719884 4 0 
157 16 2.0 5 3 1 0 11 5 2 0.0423892252166 1 1 
157 16 2.0 4 1 0 0 4 6 1 0.0890402063513 0 2 
157 16 2.0 12 5 2 0 13 15 3 3.77502655143e-22 3 1 
157 16 2.0 15 3 0 0 6 1 3 6.59524042008e-55 1 0 
157 16 2.0 9 6 5 0 24 22 2 1.70762926704e-85 2 4 
157 16 2.0 7 2 0 0 5 7 2 0.0893496061411 1 1 
157 16 2.0 14 8 2 0 18 21 2 6.48148607842e-18 5 0 
157 16 2.0 6 8 3 0 15 11 2 0.04181352048 1 3 
157 16 2.0 1 0 0 0 4 18 1 0.378926188954 0 2 
157 16 2.0 11 2 2 0 17 10 2 1.36013854354e-28 2 1 
157 16 2.0 8 0 0 0 16 4 2 0.0658641206376 2 0 
157 16 2.0 3 8 4 0 28 14 1 0.0757820766987 0 6 
157 16 2.0 10 9 2 0 25 25 2 4.12105222756e-91 3 3 
157 16 2.0 2 0 0 0 1 8 1 0.378926188954 0 1 
157 16 2.0 13 5 0 0 20 16 2 0.764604033276 4 0 
157 17 0.0 5 3 1 0 11 5 2 0.0572086776324 1 1 
157 17 0.0 4 1 0 0 4 6 1 0.181762392868 0 2 
157 17 0.0 12 5 2 0 13 15 3 3.71716445885e-56 3 1 
157 17 0.0 15 3 0 0 6 1 3 7.66505463777e-78 1 0 
157 17 0.0 9 6 5 0 24 22 2 2.15760533396e-71 2 4 
157 17 0.0 7 2 0 0 5 7 2 0.115136378716 1 1 
157 17 0.0 14 8 2 0 18 21 2 1.64799854429e-27 5 0 
157 17 0.0 6 8 3 0 15 11 2 0.0560410404463 1 3 
157 17 0.0 1 0 0 0 4 18 1 0.494297239961 0 2 
157 17 0.0 11 2 2 0 17 10 2 1.96458207781e-32 2 1 
157 17 0.0 8 0 0 0 16 4 2 0.0863081105257 2 0 
157 17 0.0 3 8 4 0 28 14 1 0.175111473301 0 6 
157 17 0.0 10 9 2 0 25 25 2 1.59860192162e-79 3 3 
157 17 0.0 2 0 0 0 1 8 1 0.494297239961 0 1 
157 17 0.0 13 5 0 0 20 16 2 0.482891719884 4 0 
157 17 2.0 5 3 1 0 11 5 2 0.066247314703 1 1 
157 17 2.0 4 1 0 0 4 6 1 0.188837653714 0 2 
157 17 2.0 12 5 2 0 13 15 3 9.49957200169e-22 3 1 
157 17 2.0 15 3 0 0 6 1 3 6.21839052548e-55 1 0 
157 17 2.0 9 6 5 0 24 22 2 3.99643222867e-82 2 4 
157 17 2.0 7 2 0 0 5 7 2 0.149577353023 1 1 
157 17 2.0 14 8 2 0 18 21 2 8.11011378601e-18 5 0 
157 17 2.0 6 8 3 0 15 11 2 0.0661668805484 1 3 
157 17 2.0 1 0 0 0 4 18 1 0.378926188954 0 2 
157 17 2.0 11 2 2 0 17 10 2 1.4661659989e-28 2 1 
157 17 2.0 8 0 0 0 16 4 2 0.107287663313 2 0 
157 17 2.0 3 8 4 0 28 14 1 0.193375669645 0 6 
157 17 2.0 10 9 2 0 25 25 2 1.64804511128e-91 3 3 
157 17 2.0 2 0 0 0 1 8 1 0.378926188954 0 1 
157 17 2.0 13 5 0 0 20 16 2 0.764604033276 4 0 
157 18 0.0 5 3 1 0 11 5 2 0.0556930465001 1 1 
157 18 0.0 4 1 0 0 4 6 1 0.214622815117 0 2 
157 18 0.0 12 5 2 0 13 15 3 2.93167420111e-52 3 1 
157 18 0.0 15 3 0 0 6 1 3 9.27465577881e-78 1 0 
157 18 0.0 9 6 5 0 24 22 2 3.51357099784e-69 2 4 
157 18 0.0 7 2 0 0 5 7 2 0.116459521619 1 1 
157 18 0.0 14 8 2 0 18 21 2 3.11128680683e-27 5 0 
157 18 0.0 6 8 3 0 15 11 2 0.0554351351942 1 3 
157 18 0.0 1 0 0 0 4 18 1 0.494297239961 0 2 
157 18 0.0 11 2 2 0 17 10 2 2.53647325562e-32 2 1 
157 18 0.0 8 0 0 0 16 4 2 0.0860393708771 2 0 
157 18 0.0 3 8 4 0 28 14 1 0.212901371466 0 6 
157 18 0.0 10 9 2 0 25 25 2 1.56223798596e-78 3 3 
157 18 0.0 2 0 0 0 1 8 1 0.494297239961 0 1 
157 18 0.0 13 5 0 0 20 16 2 0.482891719884 4 0 
157 18 2.0 5 3 1 0 11 5 2 0.0769455379136 1 1 
157 18 2.0 4 1 0 0 4 6 1 0.0815974549433 0 2 
157 18 2.0 12 5 2 0 13 15 3 2.02217486964e-22 3 1 
157 18 2.0 15 3 0 0 6 1 3 3.79484053261e-55 1 0 
157 18 2.0 9 6 5 0 24 22 2 5.09742055503e-84 2 4 
157 18 2.0 7 2 0 0 5 7 2 0.148587563366 1 1 
157 18 2.0 14 8 2 0 18 21 2 2.05503601394e-18 5 0 
157 18 2.0 6 8 3 0 15 11 2 0.0763135332508 1 3 
157 18 2.0 1 0 0 0 4 18 1 0.378926188954 0 2 
157 18 2.0 11 2 2 0 17 10 2 6.34781063867e-29 2 1 
157 18 2.0 8 0 0 0 16 4 2 0.114502152851 2 0 
157 18 2.0 3 8 4 0 28 14 1 0.0746733044917 0 6 
157 18 2.0 10 9 2 0 25 25 2 3.19542365753e-90 3 3 
157 18 2.0 2 0 0 0 1 8 1 0.378926188954 0 1 
157 18 2.0 13 5 0 0 20 16 2 0.764604033276 4 0 
157 19 0.0 5 3 1 0 11 5 2 0.0483135129161 1 1 
157 19 0.0 4 1 0 0 4 6 1 0.195210068354 0 2 
157 19 0.0 12 5 2 0 13 15 3 3.58143283247e-55 3 1 
157 19 0.0 15 3 0 0 6 1 3 5.28274204725e-78 1 0 
157 19 0.0 9 6 5 0 24 22 2 1.07217126698e-70 2 4 
157 19 0.0 7 2 0 0 5 7 2 0.101165853591 1 1 
157 19 0.0 14 8 2 0 18 21 2 2.1146264404e-27 5 0 
157 19 0.0 6 8 3 0 15 11 2 0.0474817378416 1 3 
157 19 0.0 1 0 0 0 4 18 1 0.494297239961 0 2 
157 19 0.0 11 2 2 0 17 10 2 2.07449196998e-32 2 1 
157 19 0.0 8 0 0 0 16 4 2 0.0743852515351 2 0 
157 19 0.0 3 8 4 0 28 14 1 0.186385700924 0 6 
157 19 0.0 10 9 2 0 25 25 2 1.15237425007e-78 3 3 
157 19 0.0 2 0 0 0 1 8 1 0.494297239961 0 1 
157 19 0.0 13 5 0 0 20 16 2 0.482891719884 4 0 
157 19 2.0 5 3 1 0 11 5 2 0.0743834819849 1 1 
157 19 2.0 4 1 0 0 4 6 1 0.0943451390593 0 2 
157 19 2.0 12 5 2 0 13 15 3 7.8639852514e-22 3 1 
157 19 2.0 15 3 0 0 6 1 3 8.08601712733e-55 1 0 
157 19 2.0 9 6 5 0 24 22 2 4.68621566788e-84 2 4 
157 19 2.0 7 2 0 0 5 7 2 0.144828832328 1 1 
157 19 2.0 14 8 2 0 18 21 2 3.85555196561e-18 5 0 
157 19 2.0 6 8 3 0 15 11 2 0.074160275918 1 3 
157 19 2.0 1 0 0 0 4 18 1 0.378926188954 0 2 
157 19 2.0 11 2 2 0 17 10 2 1.05030790157e-28 2 1 
157 19 2.0 8 0 0 0 16 4 2 0.111135781805 2 0 
157 19 2.0 3 8 4 0 28 14 1 0.0875375128777 0 6 
157 19 2.0 10 9 2 0 25 25 2 3.05322007221e-93 3 3 
157 19 2.0 2 0 0 0 1 8 1 0.378926188954 0 1 
157 19 2.0 13 5 0 0 20 16 2 0.764604033276 4 0 
157 20 0.0 5 3 1 0 11 5 2 0.0482689690695 1 1 
157 20 0.0 4 1 0 0 4 6 1 0.201469170118 0 2 
157 20 0.0 12 5 2 0 13 15 3 6.47552213935e-55 3 1 
157 20 0.0 15 3 0 0 6 1 3 1.72768852048e-78 1 0 
157 20 0.0 9 6 5 0 24 22 2 1.41841740113e-71 2 4 
157 20 0.0 7 2 0 0 5 7 2 0.101402173072 1 1 
157 20 0.0 14 8 2 0 18 21 2 1.74964153092e-27 5 0 
157 20 0.0 6 8 3 0 15 11 2 0.0471965084167 1 3 
157 20 0.0 1 0 0 0 4 18 1 0.494297239961 0 2 
157 20 0.0 11 2 2 0 17 10 2 1.81099791335e-32 2 1 
157 20 0.0 8 0 0 0 16 4 2 0.074387388959 2 0 
157 20 0.0 3 8 4 0 28 14 1 0.193421698646 0 6 
157 20 0.0 10 9 2 0 25 25 2 1.48855134343e-77 3 3 
157 20 0.0 2 0 0 0 1 8 1 0.494297239961 0 1 
157 20 0.0 13 5 0 0 20 16 2 0.482891719884 4 0 
157 20 2.0 5 3 1 0 11 5 2 0.0584891988034 1 1 
157 20 2.0 4 1 0 0 4 6 1 0.184194367375 0 2 
157 20 2.0 12 5 2 0 13 15 3 2.03415989358e-21 3 1 
157 20 2.0 15 3 0 0 6 1 3 5.66683504662e-55 1 0 
157 20 2.0 9 6 5 0 24 22 2 8.39664120459e-84 2 4 
157 20 2.0 7 2 0 0 5 7 2 0.134973798355 1 1 
157 20 2.0 14 8 2 0 18 21 2 4.11168710883e-18 5 0 
157 20 2.0 6 8 3 0 15 11 2 0.0580807661943 1 3 
157 20 2.0 1 0 0 0 4 18 1 0.378926188954 0 2 
157 20 2.0 11 2 2 0 17 10 2 4.00461940623e-29 2 1 
157 20 2.0 8 0 0 0 16 4 2 0.0955857548541 2 0 
157 20 2.0 3 8 4 0 28 14 1 0.18749068228 0 6 
157 20 2.0 10 9 2 0 25 25 2 4.57090478673e-91 3 3 
157 20 2.0 2 0 0 0 1 8 1 0.378926188954 0 1 
157 20 2.0 13 5 0 0 20 16 2 0.764604033276 4 0 
157 21 0.0 5 3 1 0 11 5 2 0.0499187106141 1 1 
157 21 0.0 4 1 0 0 4 6 1 0.178859751672 0 2 
157 21 0.0 12 5 2 0 13 15 3 5.82357676255e-55 3 1 
157 21 0.0 15 3 0 0 6 1 3 5.05792573114e-78 1 0 
157 21 0.0 9 6 5 0 24 22 2 3.45323117524e-71 2 4 
157 21 0.0 7 2 0 0 5 7 2 0.102621025248 1 1 
157 21 0.0 14 8 2 0 18 21 2 1.44019955789e-27 5 0 
157 21 0.0 6 8 3 0 15 11 2 0.0492709830732 1 3 
157 21 0.0 1 0 0 0 4 18 1 0.494297239961 0 2 
157 21 0.0 11 2 2 0 17 10 2 2.60594879569e-32 2 1 
157 21 0.0 8 0 0 0 16 4 2 0.0761857007311 2 0 
157 21 0.0 3 8 4 0 28 14 1 0.168534445018 0 6 
157 21 0.0 10 9 2 0 25 25 2 9.95011210558e-79 3 3 
157 21 0.0 2 0 0 0 1 8 1 0.494297239961 0 1 
157 21 0.0 13 5 0 0 20 16 2 0.482891719884 4 0 
157 21 2.0 5 3 1 0 11 5 2 0.0680471095158 1 1 
157 21 2.0 4 1 0 0 4 6 1 0.075399559391 0 2 
157 21 2.0 12 5 2 0 13 15 3 6.58009631123e-23 3 1 
157 21 2.0 15 3 0 0 6 1 3 1.75279234483e-55 1 0 
157 21 2.0 9 6 5 0 24 22 2 1.69968066768e-85 2 4 
157 21 2.0 7 2 0 0 5 7 2 0.132685143695 1 1 
157 21 2.0 14 8 2 0 18 21 2 3.36955634212e-18 5 0 
157 21 2.0 6 8 3 0 15 11 2 0.0671782974603 1 3 
157 21 2.0 1 0 0 0 4 18 1 0.378926188954 0 2 
157 21 2.0 11 2 2 0 17 10 2 8.47938084444e-29 2 1 
157 21 2.0 8 0 0 0 16 4 2 0.101647904032 2 0 
157 21 2.0 3 8 4 0 28 14 1 0.066678033779 0 6 
157 21 2.0 10 9 2 0 25 25 2 4.28194886709e-89 3 3 
157 21 2.0 2 0 0 0 1 8 1 0.378926188954 0 1 
157 21 2.0 13 5 0 0 20 16 2 0.764604033276 4 0 
157 22 0.0 5 3 1 0 11 5 2 0.0527035287417 1 1 
157 22 0.0 4 1 0 0 4 6 1 0.180758357111 0 2 
157 22 0.0 12 5 2 0 13 15 3 1.21962322133e-55 3 1 
157 22 0.0 15 3 0 0 6 1 3 1.44482601579e-77 1 0 
157 22 0.0 9 6 5 0 24 22 2 4.45913843524e-72 2 4 
157 22 0.0 7 2 0 0 5 7 2 0.10742319294 1 1 
157 22 0.0 14 8 2 0 18 21 2 1.8662515346e-27 5 0 
157 22 0.0 6 8 3 0 15 11 2 0.0517272445806 1 3 
157 22 0.0 1 0 0 0 4 18 1 0.494297239961 0 2 
157 22 0.0 11 2 2 0 17 10 2 3.01662326656e-32 2 1 
157 22 0.0 8 0 0 0 16 4 2 0.0800114477693 2 0 
157 22 0.0 3 8 4 0 28 14 1 0.171984183152 0 6 
157 22 0.0 10 9 2 0 25 25 2 3.19201191022e-81 3 3 
157 22 0.0 2 0 0 0 1 8 1 0.494297239961 0 1 
157 22 0.0 13 5 0 0 20 16 2 0.482891719884 4 0 
157 22 2.0 5 3 1 0 11 5 2 0.0631563671145 1 1 
157 22 2.0 4 1 0 0 4 6 1 0.199970133848 0 2 
157 22 2.0 12 5 2 0 13 15 3 4.48153657084e-22 3 1 
157 22 2.0 15 3 0 0 6 1 3 4.453217573e-55 1 0 
157 22 2.0 9 6 5 0 24 22 2 1.8584737866e-84 2 4 
157 22 2.0 7 2 0 0 5 7 2 0.145984405991 1 1 
157 22 2.0 14 8 2 0 18 21 2 6.39750665402e-18 5 0 
157 22 2.0 6 8 3 0 15 11 2 0.0625530198011 1 3 
157 22 2.0 1 0 0 0 4 18 1 0.378926188954 0 2 
157 22 2.0 11 2 2 0 17 10 2 1.46381006e-28 2 1 
157 22 2.0 8 0 0 0 16 4 2 0.103400204643 2 0 
157 22 2.0 3 8 4 0 28 14 1 0.205664312859 0 6 
157 22 2.0 10 9 2 0 25 25 2 2.31123380286e-90 3 3 
157 22 2.0 2 0 0 0 1 8 1 0.378926188954 0 1 
157 22 2.0 13 5 0 0 20 16 2 0.764604033276 4 0 
157 23 0.0 5 3 1 0 11 5 2 0.0488577757706 1 1 
157 23 0.0 4 1 0 0 4 6 1 0.190489000994 0 2 
157 23 0.0 12 5 2 0 13 15 3 2.43808127198e-56 3 1 
157 23 0.0 15 3 0 0 6 1 3 4.1971247865e-78 1 0 
157 23 0.0 9 6 5 0 24 22 2 1.03867200238e-70 2 4 
157 23 0.0 7 2 0 0 5 7 2 0.101463663447 1 1 
157 23 0.0 14 8 2 0 18 21 2 2.77930661417e-27 5 0 
157 23 0.0 6 8 3 0 15 11 2 0.0476816115396 1 3 
157 23 0.0 1 0 0 0 4 18 1 0.494297239961 0 2 
157 23 0.0 11 2 2 0 17 10 2 3.33074122177e-32 2 1 
157 23 0.0 8 0 0 0 16 4 2 0.0748261611435 2 0 
157 23 0.0 3 8 4 0 28 14 1 0.18099981474 0 6 
157 23 0.0 10 9 2 0 25 25 2 3.09361852371e-78 3 3 
157 23 0.0 2 0 0 0 1 8 1 0.494297239961 0 1 
157 23 0.0 13 5 0 0 20 16 2 0.482891719884 4 0 
157 23 2.0 5 3 1 0 11 5 2 0.0387256900315 1 1 
157 23 2.0 4 1 0 0 4 6 1 0.143140663937 0 2 
157 23 2.0 12 5 2 0 13 15 3 4.62472126301e-24 3 1 
157 23 2.0 15 3 0 0 6 1 3 5.79835650072e-55 1 0 
157 23 2.0 9 6 5 0 24 22 2 5.93053997039e-87 2 4 
157 23 2.0 7 2 0 0 5 7 2 0.0895268422029 1 1 
157 23 2.0 14 8 2 0 18 21 2 5.31548499761e-18 5 0 
157 23 2.0 6 8 3 0 15 11 2 0.0380169665243 1 3 
157 23 2.0 1 0 0 0 4 18 1 0.378926188954 0 2 
157 23 2.0 11 2 2 0 17 10 2 6.64233967894e-29 2 1 
157 23 2.0 8 0 0 0 16 4 2 0.0630410274299 2 0 
157 23 2.0 3 8 4 0 28 14 1 0.130425146638 0 6 
157 23 2.0 10 9 2 0 25 25 2 5.60486989312e-92 3 3 
157 23 2.0 2 0 0 0 1 8 1 0.378926188954 0 1 
157 23 2.0 13 5 0 0 20 16 2 0.764604033276 4 0 
157 24 0.0 5 3 1 0 11 5 2 0.0450129325161 1 1 
157 24 0.0 4 1 0 0 4 6 1 0.198373210072 0 2 
157 24 0.0 12 5 2 0 13 15 3 1.69868727003e-53 3 1 
157 24 0.0 15 3 0 0 6 1 3 8.71185006883e-78 1 0 
157 24 0.0 9 6 5 0 24 22 2 1.99376104716e-69 2 4 
157 24 0.0 7 2 0 0 5 7 2 0.0961853122182 1 1 
157 24 0.0 14 8 2 0 18 21 2 1.97363157885e-27 5 0 
157 24 0.0 6 8 3 0 15 11 2 0.0448602540082 1 3 
157 24 0.0 1 0 0 0 4 18 1 0.494297239961 0 2 
157 24 0.0 11 2 2 0 17 10 2 2.39981604461e-32 2 1 
157 24 0.0 8 0 0 0 16 4 2 0.0702610029884 2 0 
157 24 0.0 3 8 4 0 28 14 1 0.188229292567 0 6 
157 24 0.0 10 9 2 0 25 25 2 1.16203954841e-79 3 3 
157 24 0.0 2 0 0 0 1 8 1 0.494297239961 0 1 
157 24 0.0 13 5 0 0 20 16 2 0.482891719884 4 0 
157 24 2.0 5 3 1 0 11 5 2 0.0808012355332 1 1 
157 24 2.0 4 1 0 0 4 6 1 0.12037896056 0 2 
157 24 2.0 12 5 2 0 13 15 3 2.73563694673e-23 3 1 
157 24 2.0 15 3 0 0 6 1 3 5.79115898997e-55 1 0 
157 24 2.0 9 6 5 0 24 22 2 1.52574960782e-86 2 4 
157 24 2.0 7 2 0 0 5 7 2 0.159753384118 1 1 
157 24 2.0 14 8 2 0 18 21 2 3.53229408982e-18 5 0 
157 24 2.0 6 8 3 0 15 11 2 0.0797725482047 1 3 
157 24 2.0 1 0 0 0 4 18 1 0.378926188954 0 2 
157 24 2.0 11 2 2 0 17 10 2 1.17410257734e-28 2 1 
157 24 2.0 8 0 0 0 16 4 2 0.12142528272 2 0 
157 24 2.0 3 8 4 0 28 14 1 0.117877032528 0 6 
157 24 2.0 10 9 2 0 25 25 2 4.39452854159e-92 3 3 
157 24 2.0 2 0 0 0 1 8 1 0.378926188954 0 1 
157 24 2.0 13 5 0 0 20 16 2 0.764604033276 4 0 
157 25 0.0 5 3 1 0 11 5 2 0.055457417848 1 1 
157 25 0.0 4 1 0 0 4 6 1 0.181730517842 0 2 
157 25 0.0 12 5 2 0 13 15 3 1.48741603283e-55 3 1 
157 25 0.0 15 3 0 0 6 1 3 2.83328012312e-78 1 0 
157 25 0.0 9 6 5 0 24 22 2 4.1250222939e-71 2 4 
157 25 0.0 7 2 0 0 5 7 2 0.11204350352 1 1 
157 25 0.0 14 8 2 0 18 21 2 2.46838626588e-27 5 0 
157 25 0.0 6 8 3 0 15 11 2 0.0543039617268 1 3 
157 25 0.0 1 0 0 0 4 18 1 0.494297239961 0 2 
157 25 0.0 11 2 2 0 17 10 2 1.55860948069e-32 2 1 
157 25 0.0 8 0 0 0 16 4 2 0.083800910311 2 0 
157 25 0.0 3 8 4 0 28 14 1 0.17437010348 0 6 
157 25 0.0 10 9 2 0 25 25 2 8.26418619614e-78 3 3 
157 25 0.0 2 0 0 0 1 8 1 0.494297239961 0 1 
157 25 0.0 13 5 0 0 20 16 2 0.482891719884 4 0 
157 25 2.0 5 3 1 0 11 5 2 0.0831336456302 1 1 
157 25 2.0 4 1 0 0 4 6 1 0.141643662203 0 2 
157 25 2.0 12 5 2 0 13 15 3 4.74787130987e-23 3 1 
157 25 2.0 15 3 0 0 6 1 3 3.83498043852e-55 1 0 
157 25 2.0 9 6 5 0 24 22 2 1.91791416553e-84 2 4 
157 25 2.0 7 2 0 0 5 7 2 0.169877159048 1 1 
157 25 2.0 14 8 2 0 18 21 2 3.85869967867e-18 5 0 
157 25 2.0 6 8 3 0 15 11 2 0.0824275047741 1 3 
157 25 2.0 1 0 0 0 4 18 1 0.378926188954 0 2 
157 25 2.0 11 2 2 0 17 10 2 1.30082153017e-29 2 1 
157 25 2.0 8 0 0 0 16 4 2 0.12745058978 2 0 
157 25 2.0 3 8 4 0 28 14 1 0.146028258267 0 6 
157 25 2.0 10 9 2 0 25 25 2 1.71722637e-90 3 3 
157 25 2.0 2 0 0 0 1 8 1 0.378926188954 0 1 
157 25 2.0 13 5 0 0 20 16 2 0.764604033276 4 0 
157 26 0.0 5 3 1 0 11 5 2 0.0458934582789 1 1 
157 26 0.0 4 1 0 0 4 6 1 0.17836139088 0 2 
157 26 0.0 12 5 2 0 13 15 3 7.78466733587e-55 3 1 
157 26 0.0 15 3 0 0 6 1 3 3.64349755075e-78 1 0 
157 26 0.0 9 6 5 0 24 22 2 2.97328345217e-70 2 4 
157 26 0.0 7 2 0 0 5 7 2 0.0956040408631 1 1 
157 26 0.0 14 8 2 0 18 21 2 2.81651112968e-27 5 0 
157 26 0.0 6 8 3 0 15 11 2 0.0452535823408 1 3 
157 26 0.0 1 0 0 0 4 18 1 0.494297239961 0 2 
157 26 0.0 11 2 2 0 17 10 2 1.14448822122e-32 2 1 
157 26 0.0 8 0 0 0 16 4 2 0.0705233406002 2 0 
157 26 0.0 3 8 4 0 28 14 1 0.166129687484 0 6 
157 26 0.0 10 9 2 0 25 25 2 1.65320620889e-77 3 3 
157 26 0.0 2 0 0 0 1 8 1 0.494297239961 0 1 
157 26 0.0 13 5 0 0 20 16 2 0.482891719884 4 0 
157 26 2.0 5 3 1 0 11 5 2 0.0742130388645 1 1 
157 26 2.0 4 1 0 0 4 6 1 0.14241302765 0 2 
157 26 2.0 12 5 2 0 13 15 3 3.67272944859e-25 3 1 
157 26 2.0 15 3 0 0 6 1 3 2.68717053697e-55 1 0 
157 26 2.0 9 6 5 0 24 22 2 5.59472942941e-88 2 4 
157 26 2.0 7 2 0 0 5 7 2 0.151891298592 1 1 
157 26 2.0 14 8 2 0 18 21 2 4.21654410675e-18 5 0 
157 26 2.0 6 8 3 0 15 11 2 0.0723435763375 1 3 
157 26 2.0 1 0 0 0 4 18 1 0.378926188954 0 2 
157 26 2.0 11 2 2 0 17 10 2 7.76271880276e-29 2 1 
157 26 2.0 8 0 0 0 16 4 2 0.113261901624 2 0 
157 26 2.0 3 8 4 0 28 14 1 0.14294976445 0 6 
157 26 2.0 10 9 2 0 25 25 2 3.56756137767e-90 3 3 
157 26 2.0 2 0 0 0 1 8 1 0.378926188954 0 1 
157 26 2.0 13 5 0 0 20 16 2 0.764604033276 4 0 
157 27 0.0 5 3 1 0 11 5 2 0.0537748830121 1 1 
157 27 0.0 4 1 0 0 4 6 1 0.227192908532 0 2 
157 27 0.0 12 5 2 0 13 15 3 3.00292397477e-51 3 1 
157 27 0.0 15 3 0 0 6 1 3 8.32402872821e-78 1 0 
157 27 0.0 9 6 5 0 24 22 2 9.61243517196e-68 2 4 
157 27 0.0 7 2 0 0 5 7 2 0.114466432865 1 1 
157 27 0.0 14 8 2 0 18 21 2 1.5609496311e-27 5 0 
157 27 0.0 6 8 3 0 15 11 2 0.0536041628197 1 3 
157 27 0.0 1 0 0 0 4 18 1 0.494297239961 0 2 
157 27 0.0 11 2 2 0 17 10 2 1.64397420089e-31 2 1 
157 27 0.0 8 0 0 0 16 4 2 0.0839074161394 2 0 
157 27 0.0 3 8 4 0 28 14 1 0.22645332947 0 6 
157 27 0.0 10 9 2 0 25 25 2 6.23604429295e-77 3 3 
157 27 0.0 2 0 0 0 1 8 1 0.494297239961 0 1 
157 27 0.0 13 5 0 0 20 16 2 0.482891719884 4 0 
157 27 2.0 5 3 1 0 11 5 2 0.0867118495013 1 1 
157 27 2.0 4 1 0 0 4 6 1 0.0863033808325 0 2 
157 27 2.0 12 5 2 0 13 15 3 1.12652552975e-21 3 1 
157 27 2.0 15 3 0 0 6 1 3 8.03701258007e-55 1 0 
157 27 2.0 9 6 5 0 24 22 2 5.52845727798e-85 2 4 
157 27 2.0 7 2 0 0 5 7 2 0.166830341226 1 1 
157 27 2.0 14 8 2 0 18 21 2 5.63651933413e-18 5 0 
157 27 2.0 6 8 3 0 15 11 2 0.0859907444629 1 3 
157 27 2.0 1 0 0 0 4 18 1 0.378926188954 0 2 
157 27 2.0 11 2 2 0 17 10 2 1.98476548086e-28 2 1 
157 27 2.0 8 0 0 0 16 4 2 0.128918945858 2 0 
157 27 2.0 3 8 4 0 28 14 1 0.0814378995109 0 6 
157 27 2.0 10 9 2 0 25 25 2 5.59029120946e-92 3 3 
157 27 2.0 2 0 0 0 1 8 1 0.378926188954 0 1 
157 27 2.0 13 5 0 0 20 16 2 0.764604033276 4 0 
157 28 0.0 5 3 1 0 11 5 2 0.0522095342325 1 1 
157 28 0.0 4 1 0 0 4 6 1 0.164723605705 0 2 
157 28 0.0 12 5 2 0 13 15 3 3.65271021638e-55 3 1 
157 28 0.0 15 3 0 0 6 1 3 8.2542466489e-78 1 0 
157 28 0.0 9 6 5 0 24 22 2 1.50031988627e-70 2 4 
157 28 0.0 7 2 0 0 5 7 2 0.105531438746 1 1 
157 28 0.0 14 8 2 0 18 21 2 2.1416839797e-27 5 0 
157 28 0.0 6 8 3 0 15 11 2 0.0517355934601 1 3 
157 28 0.0 1 0 0 0 4 18 1 0.494297239961 0 2 
157 28 0.0 11 2 2 0 17 10 2 1.25263385552e-32 2 1 
157 28 0.0 8 0 0 0 16 4 2 0.0790900714487 2 0 
157 28 0.0 3 8 4 0 28 14 1 0.153733222374 0 6 
157 28 0.0 10 9 2 0 25 25 2 4.74672772495e-80 3 3 
157 28 0.0 2 0 0 0 1 8 1 0.494297239961 0 1 
157 28 0.0 13 5 0 0 20 16 2 0.482891719884 4 0 
157 28 2.0 5 3 1 0 11 5 2 0.0753361472628 1 1 
157 28 2.0 4 1 0 0 4 6 1 0.144769516678 0 2 
157 28 2.0 12 5 2 0 13 15 3 4.3879762274e-24 3 1 
157 28 2.0 15 3 0 0 6 1 3 8.49510618173e-55 1 0 
157 28 2.0 9 6 5 0 24 22 2 1.83884068955e-87 2 4 
157 28 2.0 7 2 0 0 5 7 2 0.155323326652 1 1 
157 28 2.0 14 8 2 0 18 21 2 5.16968614232e-18 5 0 
157 28 2.0 6 8 3 0 15 11 2 0.0739037153133 1 3 
157 28 2.0 1 0 0 0 4 18 1 0.378926188954 0 2 
157 28 2.0 11 2 2 0 17 10 2 2.42791741633e-28 2 1 
157 28 2.0 8 0 0 0 16 4 2 0.115608864599 2 0 
157 28 2.0 3 8 4 0 28 14 1 0.146966613991 0 6 
157 28 2.0 10 9 2 0 25 25 2 1.01211908171e-92 3 3 
157 28 2.0 2 0 0 0 1 8 1 0.378926188954 0 1 
157 28 2.0 13 5 0 0 20 16 2 0.764604033276 4 0 
157 29 0.0 5 3 1 0 11 5 2 0.0457248652487 1 1 
157 29 0.0 4 1 0 0 4 6 1 0.197657870123 0 2 
157 29 0.0 12 5 2 0 13 15 3 2.55189159295e-55 3 1 
157 29 0.0 15 3 0 0 6 1 3 1.13164339524e-77 1 0 
157 29 0.0 9 6 5 0 24 22 2 3.37595149028e-71 2 4 
157 29 0.0 7 2 0 0 5 7 2 0.0967236116299 1 1 
157 29 0.0 14 8 2 0 18 21 2 2.35097276531e-27 5 0 
157 29 0.0 6 8 3 0 15 11 2 0.0448777615099 1 3 
157 29 0.0 1 0 0 0 4 18 1 0.494297239961 0 2 
157 29 0.0 11 2 2 0 17 10 2 5.9369535685e-33 2 1 
157 29 0.0 8 0 0 0 16 4 2 0.0707736925311 2 0 
157 29 0.0 3 8 4 0 28 14 1 0.187648367714 0 6 
157 29 0.0 10 9 2 0 25 25 2 2.77248345534e-80 3 3 
157 29 0.0 2 0 0 0 1 8 1 0.494297239961 0 1 
157 29 0.0 13 5 0 0 20 16 2 0.482891719884 4 0 
157 29 2.0 5 3 1 0 11 5 2 0.0652277029041 1 1 
157 29 2.0 4 1 0 0 4 6 1 0.175280384717 0 2 
157 29 2.0 12 5 2 0 13 15 3 1.41356315732e-23 3 1 
157 29 2.0 15 3 0 0 6 1 3 4.59583858142e-55 1 0 
157 29 2.0 9 6 5 0 24 22 2 3.81167013978e-85 2 4 
157 29 2.0 7 2 0 0 5 7 2 0.145527357343 1 1 
157 29 2.0 14 8 2 0 18 21 2 5.76045763844e-18 5 0 
157 29 2.0 6 8 3 0 15 11 2 0.0646447224071 1 3 
157 29 2.0 1 0 0 0 4 18 1 0.378926188954 0 2 
157 29 2.0 11 2 2 0 17 10 2 1.98389840427e-29 2 1 
157 29 2.0 8 0 0 0 16 4 2 0.104644176042 2 0 
157 29 2.0 3 8 4 0 28 14 1 0.178670160272 0 6 
157 29 2.0 10 9 2 0 25 25 2 7.58868673979e-92 3 3 
157 29 2.0 2 0 0 0 1 8 1 0.378926188954 0 1 
157 29 2.0 13 5 0 0 20 16 2 0.764604033276 4 0 
157 30 0.0 5 3 1 0 11 5 2 0.0558854130901 1 1 
157 30 0.0 4 1 0 0 4 6 1 0.187086273455 0 2 
157 30 0.0 12 5 2 0 13 15 3 5.89646709961e-55 3 1 
157 30 0.0 15 3 0 0 6 1 3 1.05622130251e-77 1 0 
157 30 0.0 9 6 5 0 24 22 2 9.43565842817e-71 2 4 
157 30 0.0 7 2 0 0 5 7 2 0.11343133422 1 1 
157 30 0.0 14 8 2 0 18 21 2 1.98674484334e-27 5 0 
157 30 0.0 6 8 3 0 15 11 2 0.0548717469573 1 3 
157 30 0.0 1 0 0 0 4 18 1 0.494297239961 0 2 
157 30 0.0 11 2 2 0 17 10 2 2.89870787369e-33 2 1 
157 30 0.0 8 0 0 0 16 4 2 0.084703097368 2 0 
157 30 0.0 3 8 4 0 28 14 1 0.180785577737 0 6 
157 30 0.0 10 9 2 0 25 25 2 8.21666157851e-80 3 3 
157 30 0.0 2 0 0 0 1 8 1 0.494297239961 0 1 
157 30 0.0 13 5 0 0 20 16 2 0.482891719884 4 0 
157 30 2.0 5 3 1 0 11 5 2 0.0636186225275 1 1 
157 30 2.0 4 1 0 0 4 6 1 0.163759387418 0 2 
157 30 2.0 12 5 2 0 13 15 3 2.43312775417e-23 3 1 
157 30 2.0 15 3 0 0 6 1 3 2.69227490493e-55 1 0 
157 30 2.0 9 6 5 0 24 22 2 1.62872291138e-86 2 4 
157 30 2.0 7 2 0 0 5 7 2 0.1386122006 1 1 
157 30 2.0 14 8 2 0 18 21 2 5.07079518003e-18 5 0 
157 30 2.0 6 8 3 0 15 11 2 0.0630799957837 1 3 
157 30 2.0 1 0 0 0 4 18 1 0.378926188954 0 2 
157 30 2.0 11 2 2 0 17 10 2 2.34873096412e-29 2 1 
157 30 2.0 8 0 0 0 16 4 2 0.100687141412 2 0 
157 30 2.0 3 8 4 0 28 14 1 0.165855791669 0 6 
157 30 2.0 10 9 2 0 25 25 2 1.21591695607e-90 3 3 
157 30 2.0 2 0 0 0 1 8 1 0.378926188954 0 1 
157 30 2.0 13 5 0 0 20 16 2 0.764604033276 4 0 
157 31 0.0 5 3 1 0 11 5 2 0.0433050569713 1 1 
157 31 0.0 4 1 0 0 4 6 1 0.169732204916 0 2 
157 31 0.0 12 5 2 0 13 15 3 7.74863870669e-54 3 1 
157 31 0.0 15 3 0 0 6 1 3 1.19555786622e-77 1 0 
157 31 0.0 9 6 5 0 24 22 2 6.64720390478e-69 2 4 
157 31 0.0 7 2 0 0 5 7 2 0.0907076955598 1 1 
157 31 0.0 14 8 2 0 18 21 2 1.37927798521e-27 5 0 
157 31 0.0 6 8 3 0 15 11 2 0.0430217975041 1 3 
157 31 0.0 1 0 0 0 4 18 1 0.494297239961 0 2 
157 31 0.0 11 2 2 0 17 10 2 9.51931041995e-33 2 1 
157 31 0.0 8 0 0 0 16 4 2 0.0668694940979 2 0 
157 31 0.0 3 8 4 0 28 14 1 0.155575630656 0 6 
157 31 0.0 10 9 2 0 25 25 2 2.00710835204e-79 3 3 
157 31 0.0 2 0 0 0 1 8 1 0.494297239961 0 1 
157 31 0.0 13 5 0 0 20 16 2 0.482891719884 4 0 
157 31 2.0 5 3 1 0 11 5 2 0.0381508397698 1 1 
157 31 2.0 4 1 0 0 4 6 1 0.114511302827 0 2 
157 31 2.0 12 5 2 0 13 15 3 4.37369212054e-24 3 1 
157 31 2.0 15 3 0 0 6 1 3 5.36794140965e-55 1 0 
157 31 2.0 9 6 5 0 24 22 2 5.74871341857e-87 2 4 
157 31 2.0 7 2 0 0 5 7 2 0.0843782808552 1 1 
157 31 2.0 14 8 2 0 18 21 2 7.96139949452e-18 5 0 
157 31 2.0 6 8 3 0 15 11 2 0.0374933022996 1 3 
157 31 2.0 1 0 0 0 4 18 1 0.378926188954 0 2 
157 31 2.0 11 2 2 0 17 10 2 6.55118153302e-29 2 1 
157 31 2.0 8 0 0 0 16 4 2 0.0607150451221 2 0 
157 31 2.0 3 8 4 0 28 14 1 0.10009565236 0 6 
157 31 2.0 10 9 2 0 25 25 2 7.17550876084e-92 3 3 
157 31 2.0 2 0 0 0 1 8 1 0.378926188954 0 1 
157 31 2.0 13 5 0 0 20 16 2 0.764604033276 4 0 
157 32 0.0 5 3 1 0 11 5 2 0.0464078373024 1 1 
157 32 0.0 4 1 0 0 4 6 1 0.184235903353 0 2 
157 32 0.0 12 5 2 0 13 15 3 2.50432617355e-54 3 1 
157 32 0.0 15 3 0 0 6 1 3 8.56477800569e-78 1 0 
157 32 0.0 9 6 5 0 24 22 2 4.03038284704e-70 2 4 
157 32 0.0 7 2 0 0 5 7 2 0.0972980192605 1 1 
157 32 0.0 14 8 2 0 18 21 2 2.72986217063e-27 5 0 
157 32 0.0 6 8 3 0 15 11 2 0.0460764913289 1 3 
157 32 0.0 1 0 0 0 4 18 1 0.494297239961 0 2 
157 32 0.0 11 2 2 0 17 10 2 1.13233444148e-32 2 1 
157 32 0.0 8 0 0 0 16 4 2 0.0716476200651 2 0 
157 32 0.0 3 8 4 0 28 14 1 0.172887724018 0 6 
157 32 0.0 10 9 2 0 25 25 2 2.99395234579e-80 3 3 
157 32 0.0 2 0 0 0 1 8 1 0.494297239961 0 1 
157 32 0.0 13 5 0 0 20 16 2 0.482891719884 4 0 
157 32 2.0 5 3 1 0 11 5 2 0.0370972200382 1 1 
157 32 2.0 4 1 0 0 4 6 1 0.122346362199 0 2 
157 32 2.0 12 5 2 0 13 15 3 5.08761930747e-21 3 1 
157 32 2.0 15 3 0 0 6 1 3 4.34342853975e-55 1 0 
157 32 2.0 9 6 5 0 24 22 2 2.60487069702e-85 2 4 
157 32 2.0 7 2 0 0 5 7 2 0.0846789337579 1 1 
157 32 2.0 14 8 2 0 18 21 2 4.04491800711e-18 5 0 
157 32 2.0 6 8 3 0 15 11 2 0.0368106262619 1 3 
157 32 2.0 1 0 0 0 4 18 1 0.378926188954 0 2 
157 32 2.0 11 2 2 0 17 10 2 6.45281533753e-29 2 1 
157 32 2.0 8 0 0 0 16 4 2 0.0601136320148 2 0 
157 32 2.0 3 8 4 0 28 14 1 0.107831609919 0 6 
157 32 2.0 10 9 2 0 25 25 2 1.34191641047e-89 3 3 
157 32 2.0 2 0 0 0 1 8 1 0.378926188954 0 1 
157 32 2.0 13 5 0 0 20 16 2 0.764604033276 4 0 
157 33 0.0 5 3 1 0 11 5 2 0.056740298625 1 1 
157 33 0.0 4 1 0 0 4 6 1 0.210210388997 0 2 
157 33 0.0 12 5 2 0 13 15 3 6.02744884411e-53 3 1 
157 33 0.0 15 3 0 0 6 1 3 4.83735743307e-78 1 0 
157 33 0.0 9 6 5 0 24 22 2 1.27579852433e-70 2 4 
157 33 0.0 7 2 0 0 5 7 2 0.117565356474 1 1 
157 33 0.0 14 8 2 0 18 21 2 2.02282297819e-27 5 0 
157 33 0.0 6 8 3 0 15 11 2 0.0561406344551 1 3 
157 33 0.0 1 0 0 0 4 18 1 0.494297239961 0 2 
157 33 0.0 11 2 2 0 17 10 2 5.5448882209e-32 2 1 
157 33 0.0 8 0 0 0 16 4 2 0.0871167560973 2 0 
157 33 0.0 3 8 4 0 28 14 1 0.208129701101 0 6 
157 33 0.0 10 9 2 0 25 25 2 7.2996685949e-78 3 3 
157 33 0.0 2 0 0 0 1 8 1 0.494297239961 0 1 
157 33 0.0 13 5 0 0 20 16 2 0.482891719884 4 0 
157 33 2.0 5 3 1 0 11 5 2 0.0587546416263 1 1 
157 33 2.0 4 1 0 0 4 6 1 0.0872680478306 0 2 
157 33 2.0 12 5 2 0 13 15 3 3.80923141894e-25 3 1 
157 33 2.0 15 3 0 0 6 1 3 4.79579476335e-55 1 0 
157 33 2.0 9 6 5 0 24 22 2 2.07445936231e-87 2 4 
157 33 2.0 7 2 0 0 5 7 2 0.116697825673 1 1 
157 33 2.0 14 8 2 0 18 21 2 4.54723958339e-18 5 0 
157 33 2.0 6 8 3 0 15 11 2 0.0573215530873 1 3 
157 33 2.0 1 0 0 0 4 18 1 0.378926188954 0 2 
157 33 2.0 11 2 2 0 17 10 2 8.6651438525e-29 2 1 
157 33 2.0 8 0 0 0 16 4 2 0.0882586780668 2 0 
157 33 2.0 3 8 4 0 28 14 1 0.076443155201 0 6 
157 33 2.0 10 9 2 0 25 25 2 6.56884019174e-92 3 3 
157 33 2.0 2 0 0 0 1 8 1 0.378926188954 0 1 
157 33 2.0 13 5 0 0 20 16 2 0.764604033276 4 0 
157 34 0.0 5 3 1 0 11 5 2 0.0522078046669 1 1 
157 34 0.0 4 1 0 0 4 6 1 0.186847191875 0 2 
157 34 0.0 12 5 2 0 13 15 3 5.4279356564e-55 3 1 
157 34 0.0 15 3 0 0 6 1 3 6.67247277416e-78 1 0 
157 34 0.0 9 6 5 0 24 22 2 1.56339271805e-70 2 4 
157 34 0.0 7 2 0 0 5 7 2 0.107400174453 1 1 
157 34 0.0 14 8 2 0 18 21 2 1.66886153009e-27 5 0 
157 34 0.0 6 8 3 0 15 11 2 0.0518011086608 1 3 
157 34 0.0 1 0 0 0 4 18 1 0.494297239961 0 2 
157 34 0.0 11 2 2 0 17 10 2 4.89386073648e-32 2 1 
157 34 0.0 8 0 0 0 16 4 2 0.0798487214228 2 0 
157 34 0.0 3 8 4 0 28 14 1 0.178843218318 0 6 
157 34 0.0 10 9 2 0 25 25 2 1.14599547597e-79 3 3 
157 34 0.0 2 0 0 0 1 8 1 0.494297239961 0 1 
157 34 0.0 13 5 0 0 20 16 2 0.482891719884 4 0 
157 34 2.0 5 3 1 0 11 5 2 0.047326803725 1 1 
157 34 2.0 4 1 0 0 4 6 1 0.172265392738 0 2 
157 34 2.0 12 5 2 0 13 15 3 4.89827845351e-23 3 1 
157 34 2.0 15 3 0 0 6 1 3 6.6765117262e-55 1 0 
157 34 2.0 9 6 5 0 24 22 2 1.47275607466e-86 2 4 
157 34 2.0 7 2 0 0 5 7 2 0.110209267588 1 1 
157 34 2.0 14 8 2 0 18 21 2 3.98736741356e-18 5 0 
157 34 2.0 6 8 3 0 15 11 2 0.0466244696689 1 3 
157 34 2.0 1 0 0 0 4 18 1 0.378926188954 0 2 
157 34 2.0 11 2 2 0 17 10 2 3.9304001526e-29 2 1 
157 34 2.0 8 0 0 0 16 4 2 0.0774462297666 2 0 
157 34 2.0 3 8 4 0 28 14 1 0.165957893156 0 6 
157 34 2.0 10 9 2 0 25 25 2 5.00919267281e-92 3 3 
157 34 2.0 2 0 0 0 1 8 1 0.378926188954 0 1 
157 34 2.0 13 5 0 0 20 16 2 0.764604033276 4 0 
157 35 0.0 5 3 1 0 11 5 2 0.0439094996556 1 1 
157 35 0.0 4 1 0 0 4 6 1 0.186378230334 0 2 
157 35 0.0 12 5 2 0 13 15 3 1.66552350756e-53 3 1 
157 35 0.0 15 3 0 0 6 1 3 1.02315252649e-77 1 0 
157 35 0.0 9 6 5 0 24 22 2 1.37979227177e-70 2 4 
157 35 0.0 7 2 0 0 5 7 2 0.0930373404591 1 1 
157 35 0.0 14 8 2 0 18 21 2 3.00170026044e-27 5 0 
157 35 0.0 6 8 3 0 15 11 2 0.04348818603 1 3 
157 35 0.0 1 0 0 0 4 18 1 0.494297239961 0 2 
157 35 0.0 11 2 2 0 17 10 2 1.63529384433e-32 2 1 
157 35 0.0 8 0 0 0 16 4 2 0.0681321061787 2 0 
157 35 0.0 3 8 4 0 28 14 1 0.174341296568 0 6 
157 35 0.0 10 9 2 0 25 25 2 2.1120263501e-79 3 3 
157 35 0.0 2 0 0 0 1 8 1 0.494297239961 0 1 
157 35 0.0 13 5 0 0 20 16 2 0.482891719884 4 0 
157 35 2.0 5 3 1 0 11 5 2 0.0542762964886 1 1 
157 35 2.0 4 1 0 0 4 6 1 0.083263394844 0 2 
157 35 2.0 12 5 2 0 13 15 3 1.13998858993e-21 3 1 
157 35 2.0 15 3 0 0 6 1 3 3.33319740158e-55 1 0 
157 35 2.0 9 6 5 0 24 22 2 1.48485702525e-85 2 4 
157 35 2.0 7 2 0 0 5 7 2 0.110787028994 1 1 
157 35 2.0 14 8 2 0 18 21 2 5.20719524e-18 5 0 
157 35 2.0 6 8 3 0 15 11 2 0.0538791757694 1 3 
157 35 2.0 1 0 0 0 4 18 1 0.378926188954 0 2 
157 35 2.0 11 2 2 0 17 10 2 3.00178187602e-28 2 1 
157 35 2.0 8 0 0 0 16 4 2 0.0829641694278 2 0 
157 35 2.0 3 8 4 0 28 14 1 0.0711616272649 0 6 
157 35 2.0 10 9 2 0 25 25 2 1.61012328144e-89 3 3 
157 35 2.0 2 0 0 0 1 8 1 0.378926188954 0 1 
157 35 2.0 13 5 0 0 20 16 2 0.764604033276 4 0 
157 36 0.0 5 3 1 0 11 5 2 0.0593819523597 1 1 
157 36 0.0 4 1 0 0 4 6 1 0.177390831567 0 2 
157 36 0.0 12 5 2 0 13 15 3 1.21998525414e-52 3 1 
157 36 0.0 15 3 0 0 6 1 3 8.91825500784e-78 1 0 
157 36 0.0 9 6 5 0 24 22 2 1.31813531252e-69 2 4 
157 36 0.0 7 2 0 0 5 7 2 0.118992739294 1 1 
157 36 0.0 14 8 2 0 18 21 2 1.26558292171e-27 5 0 
157 36 0.0 6 8 3 0 15 11 2 0.0589357637102 1 3 
157 36 0.0 1 0 0 0 4 18 1 0.494297239961 0 2 
157 36 0.0 11 2 2 0 17 10 2 2.17691022418e-32 2 1 
157 36 0.0 8 0 0 0 16 4 2 0.0896185990317 2 0 
157 36 0.0 3 8 4 0 28 14 1 0.170842289582 0 6 
157 36 0.0 10 9 2 0 25 25 2 3.21118336171e-78 3 3 
157 36 0.0 2 0 0 0 1 8 1 0.494297239961 0 1 
157 36 0.0 13 5 0 0 20 16 2 0.482891719884 4 0 
157 36 2.0 5 3 1 0 11 5 2 0.0486780471747 1 1 
157 36 2.0 4 1 0 0 4 6 1 0.164545599304 0 2 
157 36 2.0 12 5 2 0 13 15 3 2.23895493186e-24 3 1 
157 36 2.0 15 3 0 0 6 1 3 7.44666491024e-55 1 0 
157 36 2.0 9 6 5 0 24 22 2 5.1928910771e-87 2 4 
157 36 2.0 7 2 0 0 5 7 2 0.111315346464 1 1 
157 36 2.0 14 8 2 0 18 21 2 4.29602606232e-18 5 0 
157 36 2.0 6 8 3 0 15 11 2 0.0478558306279 1 3 
157 36 2.0 1 0 0 0 4 18 1 0.378926188954 0 2 
157 36 2.0 11 2 2 0 17 10 2 3.57309174095e-29 2 1 
157 36 2.0 8 0 0 0 16 4 2 0.0788301286935 2 0 
157 36 2.0 3 8 4 0 28 14 1 0.15792805463 0 6 
157 36 2.0 10 9 2 0 25 25 2 1.98498870084e-92 3 3 
157 36 2.0 2 0 0 0 1 8 1 0.378926188954 0 1 
157 36 2.0 13 5 0 0 20 16 2 0.764604033276 4 0 
157 37 0.0 5 3 1 0 11 5 2 0.0443441318085 1 1 
157 37 0.0 4 1 0 0 4 6 1 0.181483667432 0 2 
157 37 0.0 12 5 2 0 13 15 3 1.73594601809e-54 3 1 
157 37 0.0 15 3 0 0 6 1 3 7.49571920116e-78 1 0 
157 37 0.0 9 6 5 0 24 22 2 6.48677221619e-71 2 4 
157 37 0.0 7 2 0 0 5 7 2 0.0931318713171 1 1 
157 37 0.0 14 8 2 0 18 21 2 2.22082324933e-27 5 0 
157 37 0.0 6 8 3 0 15 11 2 0.043697102181 1 3 
157 37 0.0 1 0 0 0 4 18 1 0.494297239961 0 2 
157 37 0.0 11 2 2 0 17 10 2 2.70723042825e-32 2 1 
157 37 0.0 8 0 0 0 16 4 2 0.0684304351251 2 0 
157 37 0.0 3 8 4 0 28 14 1 0.168898613446 0 6 
157 37 0.0 10 9 2 0 25 25 2 5.5219247288e-78 3 3 
157 37 0.0 2 0 0 0 1 8 1 0.494297239961 0 1 
157 37 0.0 13 5 0 0 20 16 2 0.482891719884 4 0 
157 37 2.0 5 3 1 0 11 5 2 0.0638943780918 1 1 
157 37 2.0 4 1 0 0 4 6 1 0.165630648887 0 2 
157 37 2.0 12 5 2 0 13 15 3 3.91306921533e-24 3 1 
157 37 2.0 15 3 0 0 6 1 3 4.70675981649e-55 1 0 
157 37 2.0 9 6 5 0 24 22 2 1.62035787722e-86 2 4 
157 37 2.0 7 2 0 0 5 7 2 0.139928466931 1 1 
157 37 2.0 14 8 2 0 18 21 2 7.09548771262e-18 5 0 
157 37 2.0 6 8 3 0 15 11 2 0.062687625473 1 3 
157 37 2.0 1 0 0 0 4 18 1 0.378926188954 0 2 
157 37 2.0 11 2 2 0 17 10 2 1.17819674113e-28 2 1 
157 37 2.0 8 0 0 0 16 4 2 0.101191534025 2 0 
157 37 2.0 3 8 4 0 28 14 1 0.167706944015 0 6 
157 37 2.0 10 9 2 0 25 25 2 8.93158235317e-91 3 3 
157 37 2.0 2 0 0 0 1 8 1 0.378926188954 0 1 
157 37 2.0 13 5 0 0 20 16 2 0.764604033276 4 0 
157 38 0.0 5 3 1 0 11 5 2 0.0537447564184 1 1 
157 38 0.0 4 1 0 0 4 6 1 0.179343706261 0 2 
157 38 0.0 12 5 2 0 13 15 3 1.08779005916e-54 3 1 
157 38 0.0 15 3 0 0 6 1 3 4.2764894036e-78 1 0 
157 38 0.0 9 6 5 0 24 22 2 1.7628367641e-70 2 4 
157 38 0.0 7 2 0 0 5 7 2 0.109540229007 1 1 
157 38 0.0 14 8 2 0 18 21 2 1.90680451297e-27 5 0 
157 38 0.0 6 8 3 0 15 11 2 0.0533330069095 1 3 
157 38 0.0 1 0 0 0 4 18 1 0.494297239961 0 2 
157 38 0.0 11 2 2 0 17 10 2 1.56074445672e-32 2 1 
157 38 0.0 8 0 0 0 16 4 2 0.0817827948376 2 0 
157 38 0.0 3 8 4 0 28 14 1 0.171078619747 0 6 
157 38 0.0 10 9 2 0 25 25 2 2.26354198854e-80 3 3 
157 38 0.0 2 0 0 0 1 8 1 0.494297239961 0 1 
157 38 0.0 13 5 0 0 20 16 2 0.482891719884 4 0 
157 38 2.0 5 3 1 0 11 5 2 0.0852911541148 1 1 
157 38 2.0 4 1 0 0 4 6 1 0.0809264259395 0 2 
157 38 2.0 12 5 2 0 13 15 3 4.18269856722e-22 3 1 
157 38 2.0 15 3 0 0 6 1 3 3.87882698618e-55 1 0 
157 38 2.0 9 6 5 0 24 22 2 6.8402030093e-84 2 4 
157 38 2.0 7 2 0 0 5 7 2 0.162956452171 1 1 
157 38 2.0 14 8 2 0 18 21 2 3.95752650017e-18 5 0 
157 38 2.0 6 8 3 0 15 11 2 0.0846818466825 1 3 
157 38 2.0 1 0 0 0 4 18 1 0.378926188954 0 2 
157 38 2.0 11 2 2 0 17 10 2 1.48079061119e-28 2 1 
157 38 2.0 8 0 0 0 16 4 2 0.126404176226 2 0 
157 38 2.0 3 8 4 0 28 14 1 0.0750091141858 0 6 
157 38 2.0 10 9 2 0 25 25 2 9.20313236779e-90 3 3 
157 38 2.0 2 0 0 0 1 8 1 0.378926188954 0 1 
157 38 2.0 13 5 0 0 20 16 2 0.764604033276 4 0 
157 39 0.0 5 3 1 0 11 5 2 0.0520861446333 1 1 
157 39 0.0 4 1 0 0 4 6 1 0.17611716087 0 2 
157 39 0.0 12 5 2 0 13 15 3 2.4760639622e-57 3 1 
157 39 0.0 15 3 0 0 6 1 3 6.74927698389e-78 1 0 
157 39 0.0 9 6 5 0 24 22 2 4.23680486649e-74 2 4 
157 39 0.0 7 2 0 0 5 7 2 0.103653038382 1 1 
157 39 0.0 14 8 2 0 18 21 2 2.57780559572e-27 5 0 
157 39 0.0 6 8 3 0 15 11 2 0.0485410847251 1 3 
157 39 0.0 1 0 0 0 4 18 1 0.494297239961 0 2 
157 39 0.0 11 2 2 0 17 10 2 5.28260062146e-32 2 1 
157 39 0.0 8 0 0 0 16 4 2 0.0774663471546 2 0 
157 39 0.0 3 8 4 0 28 14 1 0.165871924965 0 6 
157 39 0.0 10 9 2 0 25 25 2 6.32998112953e-79 3 3 
157 39 0.0 2 0 0 0 1 8 1 0.494297239961 0 1 
157 39 0.0 13 5 0 0 20 16 2 0.482891719884 4 0 
157 39 2.0 5 3 1 0 11 5 2 0.0510451395953 1 1 
157 39 2.0 4 1 0 0 4 6 1 0.0742518956117 0 2 
157 39 2.0 12 5 2 0 13 15 3 2.15798367746e-20 3 1 
157 39 2.0 15 3 0 0 6 1 3 3.02690121309e-55 1 0 
157 39 2.0 9 6 5 0 24 22 2 2.55198699174e-84 2 4 
157 39 2.0 7 2 0 0 5 7 2 0.103493317249 1 1 
157 39 2.0 14 8 2 0 18 21 2 3.11093857491e-18 5 0 
157 39 2.0 6 8 3 0 15 11 2 0.0506097337765 1 3 
157 39 2.0 1 0 0 0 4 18 1 0.378926188954 0 2 
157 39 2.0 11 2 2 0 17 10 2 3.11623244244e-29 2 1 
157 39 2.0 8 0 0 0 16 4 2 0.0778548798012 2 0 
157 39 2.0 3 8 4 0 28 14 1 0.0622631662744 0 6 
157 39 2.0 10 9 2 0 25 25 2 2.97584092397e-88 3 3 
157 39 2.0 2 0 0 0 1 8 1 0.378926188954 0 1 
157 39 2.0 13 5 0 0 20 16 2 0.764604033276 4 0 
157 40 0.0 5 3 1 0 11 5 2 0.0553427348417 1 1 
157 40 0.0 4 1 0 0 4 6 1 0.180542468489 0 2 
157 40 0.0 12 5 2 0 13 15 3 3.30794093335e-55 3 1 
157 40 0.0 15 3 0 0 6 1 3 1.00050014107e-77 1 0 
157 40 0.0 9 6 5 0 24 22 2 4.53965060476e-72 2 4 
157 40 0.0 7 2 0 0 5 7 2 0.111941895861 1 1 
157 40 0.0 14 8 2 0 18 21 2 2.16351875652e-27 5 0 
157 40 0.0 6 8 3 0 15 11 2 0.0544089626126 1 3 
157 40 0.0 1 0 0 0 4 18 1 0.494297239961 0 2 
157 40 0.0 11 2 2 0 17 10 2 1.17147876014e-32 2 1 
157 40 0.0 8 0 0 0 16 4 2 0.0837384703423 2 0 
157 40 0.0 3 8 4 0 28 14 1 0.173014977262 0 6 
157 40 0.0 10 9 2 0 25 25 2 1.31204984567e-80 3 3 
157 40 0.0 2 0 0 0 1 8 1 0.494297239961 0 1 
157 40 0.0 13 5 0 0 20 16 2 0.482891719884 4 0 
157 40 2.0 5 3 1 0 11 5 2 0.0473691569181 1 1 
157 40 2.0 4 1 0 0 4 6 1 0.090546098501 0 2 
157 40 2.0 12 5 2 0 13 15 3 9.40803766047e-24 3 1 
157 40 2.0 15 3 0 0 6 1 3 8.63680626955e-55 1 0 
157 40 2.0 9 6 5 0 24 22 2 3.6654216087e-86 2 4 
157 40 2.0 7 2 0 0 5 7 2 0.0982093926603 1 1 
157 40 2.0 14 8 2 0 18 21 2 4.92136990194e-18 5 0 
157 40 2.0 6 8 3 0 15 11 2 0.0465856031948 1 3 
157 40 2.0 1 0 0 0 4 18 1 0.378926188954 0 2 
157 40 2.0 11 2 2 0 17 10 2 1.83780931931e-29 2 1 
157 40 2.0 8 0 0 0 16 4 2 0.0728683643325 2 0 
157 40 2.0 3 8 4 0 28 14 1 0.077893591154 0 6 
157 40 2.0 10 9 2 0 25 25 2 1.61121945643e-92 3 3 
157 40 2.0 2 0 0 0 1 8 1 0.378926188954 0 1 
157 40 2.0 13 5 0 0 20 16 2 0.764604033276 4 0 
