130 1 0.0 1 11 0 0 16 8 1 0.073443721039 0 4 
130 1 0.0 9 3 0 0 20 9 3 4.39288940191e-62 3 0 
130 1 0.0 3 1 0 0 9 7 2 0.0316069261256 1 1 
130 1 0.0 8 4 0 0 17 8 3 2.46003965664e-68 2 1 
130 1 0.0 2 7 0 0 24 17 2 0.00269174459205 1 4 
130 1 0.0 5 7 0 0 24 21 2 0.0312951321848 1 4 
130 1 0.0 7 6 0 0 20 10 3 1.25960775601e-70 2 2 
130 1 0.0 4 2 0 0 12 13 2 0.0315698268413 1 2 
130 1 0.0 11 2 0 0 4 1 4 7.59987736011e-78 1 0 
130 1 0.0 10 3 0 0 14 9 3 1.17395994909e-53 3 0 
130 1 0.0 6 1 0 0 8 1 3 1.96999486004e-77 1 0 
130 1 0.0 12 4 0 0 6 4 4 1.5421035961e-77 2 0 
130 1 2.0 1 11 0 0 16 8 1 0.0623001604555 0 4 
130 1 2.0 9 3 0 0 20 9 3 4.81945973304e-35 3 0 
130 1 2.0 3 1 0 0 9 7 2 0.00712206095994 1 1 
130 1 2.0 8 4 0 0 17 8 3 6.32840790231e-42 2 1 
130 1 2.0 2 7 0 0 24 17 2 0.00451630822953 1 4 
130 1 2.0 5 7 0 0 24 21 2 0.00687411231776 1 4 
130 1 2.0 7 6 0 0 20 10 3 2.3381599846e-46 2 2 
130 1 2.0 4 2 0 0 12 13 2 0.00702301305743 1 2 
130 1 2.0 11 2 0 0 4 1 4 3.35318050135e-46 1 0 
130 1 2.0 10 3 0 0 14 9 3 1.29892383954e-23 3 0 
130 1 2.0 6 1 0 0 8 1 3 6.30139818037e-48 1 0 
130 1 2.0 12 4 0 0 6 4 4 2.37284796971e-46 2 0 
130 2 0.0 1 11 0 0 16 8 1 0.364333471632 0 4 
130 2 0.0 9 3 0 0 20 9 3 6.07770716151e-63 3 0 
130 2 0.0 3 1 0 0 9 7 2 0.0236977987384 1 1 
130 2 0.0 8 4 0 0 17 8 3 5.33698923426e-68 2 1 
130 2 0.0 2 7 0 0 24 17 2 0.0147366058317 1 4 
130 2 0.0 5 7 0 0 24 21 2 0.0230571510417 1 4 
130 2 0.0 7 6 0 0 20 10 3 1.24822004177e-70 2 2 
130 2 0.0 4 2 0 0 12 13 2 0.0234406749221 1 2 
130 2 0.0 11 2 0 0 4 1 4 9.60725496901e-78 1 0 
130 2 0.0 10 3 0 0 14 9 3 4.67397393204e-55 3 0 
130 2 0.0 6 1 0 0 8 1 3 5.26405177037e-73 1 0 
130 2 0.0 12 4 0 0 6 4 4 7.33081900783e-78 2 0 
130 2 2.0 1 11 0 0 16 8 1 0.0720471047889 0 4 
130 2 2.0 9 3 0 0 20 9 3 3.29248558196e-36 3 0 
130 2 2.0 3 1 0 0 9 7 2 0.00641595361882 1 1 
130 2 2.0 8 4 0 0 17 8 3 2.42745424828e-42 2 1 
130 2 2.0 2 7 0 0 24 17 2 0.00481614368676 1 4 
130 2 2.0 5 7 0 0 24 21 2 0.00611952436505 1 4 
130 2 2.0 7 6 0 0 20 10 3 2.04669667025e-46 2 2 
130 2 2.0 4 2 0 0 12 13 2 0.00627202195627 1 2 
130 2 2.0 11 2 0 0 4 1 4 1.55983854037e-46 1 0 
130 2 2.0 10 3 0 0 14 9 3 3.14474808386e-24 3 0 
130 2 2.0 6 1 0 0 8 1 3 1.90451045059e-45 1 0 
130 2 2.0 12 4 0 0 6 4 4 4.43922206968e-46 2 0 
130 3 0.0 1 11 0 0 16 8 1 0.0524223332596 0 4 
130 3 0.0 9 3 0 0 20 9 3 1.91994983266e-61 3 0 
130 3 0.0 3 1 0 0 9 7 2 0.0383454743598 1 1 
130 3 0.0 8 4 0 0 17 8 3 1.38482617396e-65 2 1 
130 3 0.0 2 7 0 0 24 17 2 0.0375124634594 1 4 
130 3 0.0 5 7 0 0 24 21 2 0.0320921806617 1 4 
130 3 0.0 7 6 0 0 20 10 3 1.98116163506e-67 2 2 
130 3 0.0 4 2 0 0 12 13 2 0.0379439762616 1 2 
130 3 0.0 11 2 0 0 4 1 4 5.28145908436e-78 1 0 
130 3 0.0 10 3 0 0 14 9 3 2.16289384191e-58 3 0 
130 3 0.0 6 1 0 0 8 1 3 2.28279062557e-60 1 0 
130 3 0.0 12 4 0 0 6 4 4 9.4910502932e-78 2 0 
130 3 2.0 1 11 0 0 16 8 1 0.252299276764 0 4 
130 3 2.0 9 3 0 0 20 9 3 8.50419447736e-36 3 0 
130 3 2.0 3 1 0 0 9 7 2 0.122901416463 1 1 
130 3 2.0 8 4 0 0 17 8 3 1.05288278934e-47 2 1 
130 3 2.0 2 7 0 0 24 17 2 0.066514143436 1 4 
130 3 2.0 5 7 0 0 24 21 2 0.105796219554 1 4 
130 3 2.0 7 6 0 0 20 10 3 4.38752626803e-52 2 2 
130 3 2.0 4 2 0 0 12 13 2 0.122620289209 1 2 
130 3 2.0 11 2 0 0 4 1 4 2.32759936033e-46 1 0 
130 3 2.0 10 3 0 0 14 9 3 7.90460506517e-23 3 0 
130 3 2.0 6 1 0 0 8 1 3 5.67171271303e-50 1 0 
130 3 2.0 12 4 0 0 6 4 4 2.74129165781e-46 2 0 
130 4 0.0 1 11 0 0 16 8 1 0.121007174639 0 4 
130 4 0.0 9 3 0 0 20 9 3 3.66040450542e-62 3 0 
130 4 0.0 3 1 0 0 9 7 2 0.0746520893739 1 1 
130 4 0.0 8 4 0 0 17 8 3 1.33666716272e-66 2 1 
130 4 0.0 2 7 0 0 24 17 2 0.0712922765191 1 4 
130 4 0.0 5 7 0 0 24 21 2 0.0663746307261 1 4 
130 4 0.0 7 6 0 0 20 10 3 5.69233815051e-69 2 2 
130 4 0.0 4 2 0 0 12 13 2 0.07368884276 1 2 
130 4 0.0 11 2 0 0 4 1 4 6.62010392663e-78 1 0 
130 4 0.0 10 3 0 0 14 9 3 1.33300768665e-57 3 0 
130 4 0.0 6 1 0 0 8 1 3 3.13904836592e-63 1 0 
130 4 0.0 12 4 0 0 6 4 4 1.50807250651e-77 2 0 
130 4 2.0 1 11 0 0 16 8 1 0.0253129881815 0 4 
130 4 2.0 9 3 0 0 20 9 3 9.7607460473e-37 3 0 
130 4 2.0 3 1 0 0 9 7 2 0.0168482500578 1 1 
130 4 2.0 8 4 0 0 17 8 3 1.69689680428e-46 2 1 
130 4 2.0 2 7 0 0 24 17 2 0.0074239127388 1 4 
130 4 2.0 5 7 0 0 24 21 2 0.015237688541 1 4 
130 4 2.0 7 6 0 0 20 10 3 1.13378329526e-51 2 2 
130 4 2.0 4 2 0 0 12 13 2 0.0167561788856 1 2 
130 4 2.0 11 2 0 0 4 1 4 2.85558648904e-46 1 0 
130 4 2.0 10 3 0 0 14 9 3 1.49333548261e-21 3 0 
130 4 2.0 6 1 0 0 8 1 3 4.29004257513e-51 1 0 
130 4 2.0 12 4 0 0 6 4 4 2.9902076694e-46 2 0 
130 5 0.0 1 11 0 0 16 8 1 0.33247299386 0 4 
130 5 0.0 9 3 0 0 20 9 3 6.18945551587e-61 3 0 
130 5 0.0 3 1 0 0 9 7 2 0.0276894005721 1 1 
130 5 0.0 8 4 0 0 17 8 3 1.18849544406e-68 2 1 
130 5 0.0 2 7 0 0 24 17 2 0.00578988922341 1 4 
130 5 0.0 5 7 0 0 24 21 2 0.0273771572453 1 4 
130 5 0.0 7 6 0 0 20 10 3 2.0312508241e-69 2 2 
130 5 0.0 4 2 0 0 12 13 2 0.0278215735807 1 2 
130 5 0.0 11 2 0 0 4 1 4 2.67047118366e-78 1 0 
130 5 0.0 10 3 0 0 14 9 3 2.78911250507e-53 3 0 
130 5 0.0 6 1 0 0 8 1 3 1.62277701703e-76 1 0 
130 5 0.0 12 4 0 0 6 4 4 1.63239571904e-77 2 0 
130 5 2.0 1 11 0 0 16 8 1 0.115289345499 0 4 
130 5 2.0 9 3 0 0 20 9 3 7.06148564673e-37 3 0 
130 5 2.0 3 1 0 0 9 7 2 0.0117190860627 1 1 
130 5 2.0 8 4 0 0 17 8 3 1.7204370235e-47 2 1 
130 5 2.0 2 7 0 0 24 17 2 0.000542528859298 1 4 
130 5 2.0 5 7 0 0 24 21 2 0.0111042470925 1 4 
130 5 2.0 7 6 0 0 20 10 3 8.02856184246e-53 2 2 
130 5 2.0 4 2 0 0 12 13 2 0.0116495428932 1 2 
130 5 2.0 11 2 0 0 4 1 4 3.50243383817e-46 1 0 
130 5 2.0 10 3 0 0 14 9 3 1.24210056043e-20 3 0 
130 5 2.0 6 1 0 0 8 1 3 1.42241078615e-54 1 0 
130 5 2.0 12 4 0 0 6 4 4 4.59663980398e-46 2 0 
130 6 0.0 1 11 0 0 16 8 1 0.0627431000575 0 4 
130 6 0.0 9 3 0 0 20 9 3 6.02792257655e-62 3 0 
130 6 0.0 3 1 0 0 9 7 2 0.0427207433848 1 1 
130 6 0.0 8 4 0 0 17 8 3 1.2161974485e-68 2 1 
130 6 0.0 2 7 0 0 24 17 2 0.012720653983 1 4 
130 6 0.0 5 7 0 0 24 21 2 0.0419792912362 1 4 
130 6 0.0 7 6 0 0 20 10 3 8.51221102474e-72 2 2 
130 6 0.0 4 2 0 0 12 13 2 0.0425869936239 1 2 
130 6 0.0 11 2 0 0 4 1 4 9.9168000322e-78 1 0 
130 6 0.0 10 3 0 0 14 9 3 1.94291446469e-53 3 0 
130 6 0.0 6 1 0 0 8 1 3 7.08561872469e-76 1 0 
130 6 0.0 12 4 0 0 6 4 4 9.94945520108e-78 2 0 
130 6 2.0 1 11 0 0 16 8 1 0.0100636726747 0 4 
130 6 2.0 9 3 0 0 20 9 3 1.72907250085e-34 3 0 
130 6 2.0 3 1 0 0 9 7 2 0.0318250676555 1 1 
130 6 2.0 8 4 0 0 17 8 3 9.85289270003e-38 2 1 
130 6 2.0 2 7 0 0 24 17 2 0.0302185389469 1 4 
130 6 2.0 5 7 0 0 24 21 2 0.0299798230449 1 4 
130 6 2.0 7 6 0 0 20 10 3 6.1961274786e-42 2 2 
130 6 2.0 4 2 0 0 12 13 2 0.0308565045503 1 2 
130 6 2.0 11 2 0 0 4 1 4 2.48955495501e-46 1 0 
130 6 2.0 10 3 0 0 14 9 3 1.65146758749e-26 3 0 
130 6 2.0 6 1 0 0 8 1 3 8.62344815017e-36 1 0 
130 6 2.0 12 4 0 0 6 4 4 3.66686000016e-46 2 0 
130 7 0.0 1 11 0 0 16 8 1 0.31264705564 0 4 
130 7 0.0 9 3 0 0 20 9 3 1.24064542165e-63 3 0 
130 7 0.0 3 1 0 0 9 7 2 0.0182863216196 1 1 
130 7 0.0 8 4 0 0 17 8 3 1.04451882496e-67 2 1 
130 7 0.0 2 7 0 0 24 17 2 0.0127713314555 1 4 
130 7 0.0 5 7 0 0 24 21 2 0.0176630873222 1 4 
130 7 0.0 7 6 0 0 20 10 3 1.68256526877e-70 2 2 
130 7 0.0 4 2 0 0 12 13 2 0.0179781531905 1 2 
130 7 0.0 11 2 0 0 4 1 4 8.06903604881e-78 1 0 
130 7 0.0 10 3 0 0 14 9 3 2.14435494391e-54 3 0 
130 7 0.0 6 1 0 0 8 1 3 6.4215636297e-72 1 0 
130 7 0.0 12 4 0 0 6 4 4 1.17180686426e-77 2 0 
130 7 2.0 1 11 0 0 16 8 1 0.0174185160788 0 4 
130 7 2.0 9 3 0 0 20 9 3 3.11504881977e-34 3 0 
130 7 2.0 3 1 0 0 9 7 2 0.0152322701453 1 1 
130 7 2.0 8 4 0 0 17 8 3 7.05790657544e-44 2 1 
130 7 2.0 2 7 0 0 24 17 2 0.0121723474983 1 4 
130 7 2.0 5 7 0 0 24 21 2 0.0137238597411 1 4 
130 7 2.0 7 6 0 0 20 10 3 5.75647592271e-49 2 2 
130 7 2.0 4 2 0 0 12 13 2 0.0151632198133 1 2 
130 7 2.0 11 2 0 0 4 1 4 2.87064394743e-46 1 0 
130 7 2.0 10 3 0 0 14 9 3 1.26926245868e-24 3 0 
130 7 2.0 6 1 0 0 8 1 3 7.77820323953e-44 1 0 
130 7 2.0 12 4 0 0 6 4 4 3.828362044e-46 2 0 
130 8 0.0 1 11 0 0 16 8 1 0.336781276143 0 4 
130 8 0.0 9 3 0 0 20 9 3 2.41670231056e-63 3 0 
130 8 0.0 3 1 0 0 9 7 2 0.0601834990759 1 1 
130 8 0.0 8 4 0 0 17 8 3 1.81792812225e-67 2 1 
130 8 0.0 2 7 0 0 24 17 2 0.0369155813144 1 4 
130 8 0.0 5 7 0 0 24 21 2 0.0589564654661 1 4 
130 8 0.0 7 6 0 0 20 10 3 9.45417438733e-71 2 2 
130 8 0.0 4 2 0 0 12 13 2 0.0591847085836 1 2 
130 8 0.0 11 2 0 0 4 1 4 9.94516534125e-78 1 0 
130 8 0.0 10 3 0 0 14 9 3 5.77067205152e-54 3 0 
130 8 0.0 6 1 0 0 8 1 3 4.46423940801e-73 1 0 
130 8 0.0 12 4 0 0 6 4 4 1.18568856223e-77 2 0 
130 8 2.0 1 11 0 0 16 8 1 0.00935302234715 0 4 
130 8 2.0 9 3 0 0 20 9 3 1.16187250402e-33 3 0 
130 8 2.0 3 1 0 0 9 7 2 0.0361045747074 1 1 
130 8 2.0 8 4 0 0 17 8 3 1.16407670558e-37 2 1 
130 8 2.0 2 7 0 0 24 17 2 0.0333380783749 1 4 
130 8 2.0 5 7 0 0 24 21 2 0.0344610246497 1 4 
130 8 2.0 7 6 0 0 20 10 3 1.74667753006e-42 2 2 
130 8 2.0 4 2 0 0 12 13 2 0.0354163336116 1 2 
130 8 2.0 11 2 0 0 4 1 4 3.0223339338e-46 1 0 
130 8 2.0 10 3 0 0 14 9 3 1.24248546986e-27 3 0 
130 8 2.0 6 1 0 0 8 1 3 1.65687582941e-37 1 0 
130 8 2.0 12 4 0 0 6 4 4 2.36704599984e-46 2 0 
130 9 0.0 1 11 0 0 16 8 1 0.0843013399402 0 4 
130 9 0.0 9 3 0 0 20 9 3 4.46298751862e-63 3 0 
130 9 0.0 3 1 0 0 9 7 2 0.0173416019327 1 1 
130 9 0.0 8 4 0 0 17 8 3 9.96174343035e-70 2 1 
130 9 0.0 2 7 0 0 24 17 2 0.012639510231 1 4 
130 9 0.0 5 7 0 0 24 21 2 0.0160254498272 1 4 
130 9 0.0 7 6 0 0 20 10 3 4.63122673032e-72 2 2 
130 9 0.0 4 2 0 0 12 13 2 0.0172778785479 1 2 
130 9 0.0 11 2 0 0 4 1 4 7.37714188541e-78 1 0 
130 9 0.0 10 3 0 0 14 9 3 1.10317214967e-54 3 0 
130 9 0.0 6 1 0 0 8 1 3 1.56028801158e-71 1 0 
130 9 0.0 12 4 0 0 6 4 4 5.83852321394e-78 2 0 
130 9 2.0 1 11 0 0 16 8 1 0.0152433753907 0 4 
130 9 2.0 9 3 0 0 20 9 3 3.44744984393e-33 3 0 
130 9 2.0 3 1 0 0 9 7 2 0.0799397719123 1 1 
130 9 2.0 8 4 0 0 17 8 3 3.44201250264e-38 2 1 
130 9 2.0 2 7 0 0 24 17 2 0.0775543859884 1 4 
130 9 2.0 5 7 0 0 24 21 2 0.0735174064682 1 4 
130 9 2.0 7 6 0 0 20 10 3 1.12288975669e-42 2 2 
130 9 2.0 4 2 0 0 12 13 2 0.0789174308844 1 2 
130 9 2.0 11 2 0 0 4 1 4 2.00173938968e-46 1 0 
130 9 2.0 10 3 0 0 14 9 3 3.13258317803e-29 3 0 
130 9 2.0 6 1 0 0 8 1 3 6.44497810665e-33 1 0 
130 9 2.0 12 4 0 0 6 4 4 5.43702082785e-46 2 0 
130 10 0.0 1 11 0 0 16 8 1 0.274506132564 0 4 
130 10 0.0 9 3 0 0 20 9 3 4.91839282896e-63 3 0 
130 10 0.0 3 1 0 0 9 7 2 0.0160211251925 1 1 
130 10 0.0 8 4 0 0 17 8 3 4.0054930889e-68 2 1 
130 10 0.0 2 7 0 0 24 17 2 0.00965331297354 1 4 
130 10 0.0 5 7 0 0 24 21 2 0.0155907921686 1 4 
130 10 0.0 7 6 0 0 20 10 3 5.61502688046e-69 2 2 
130 10 0.0 4 2 0 0 12 13 2 0.0158841629713 1 2 
130 10 0.0 11 2 0 0 4 1 4 3.30859770603e-78 1 0 
130 10 0.0 10 3 0 0 14 9 3 2.93551394126e-55 3 0 
130 10 0.0 6 1 0 0 8 1 3 2.10054901192e-73 1 0 
130 10 0.0 12 4 0 0 6 4 4 1.15355382893e-77 2 0 
130 10 2.0 1 11 0 0 16 8 1 0.0523278963431 0 4 
130 10 2.0 9 3 0 0 20 9 3 1.57661938127e-36 3 0 
130 10 2.0 3 1 0 0 9 7 2 0.0116453224604 1 1 
130 10 2.0 8 4 0 0 17 8 3 6.26890926394e-48 2 1 
130 10 2.0 2 7 0 0 24 17 2 0.00239759626156 1 4 
130 10 2.0 5 7 0 0 24 21 2 0.0108400759288 1 4 
130 10 2.0 7 6 0 0 20 10 3 9.57048116441e-50 2 2 
130 10 2.0 4 2 0 0 12 13 2 0.0115881111284 1 2 
130 10 2.0 11 2 0 0 4 1 4 1.07676836809e-46 1 0 
130 10 2.0 10 3 0 0 14 9 3 6.61906936011e-22 3 0 
130 10 2.0 6 1 0 0 8 1 3 2.58380661857e-53 1 0 
130 10 2.0 12 4 0 0 6 4 4 3.99265916785e-46 2 0 
130 11 0.0 1 11 0 0 16 8 1 0.357905199538 0 4 
130 11 0.0 9 3 0 0 20 9 3 6.12326245514e-62 3 0 
130 11 0.0 3 1 0 0 9 7 2 0.0344796914192 1 1 
130 11 0.0 8 4 0 0 17 8 3 1.43202822605e-66 2 1 
130 11 0.0 2 7 0 0 24 17 2 0.00645931503236 1 4 
130 11 0.0 5 7 0 0 24 21 2 0.0342741791599 1 4 
130 11 0.0 7 6 0 0 20 10 3 3.49725958559e-68 2 2 
130 11 0.0 4 2 0 0 12 13 2 0.0341880542428 1 2 
130 11 0.0 11 2 0 0 4 1 4 3.53805265233e-78 1 0 
130 11 0.0 10 3 0 0 14 9 3 1.62370886039e-53 3 0 
130 11 0.0 6 1 0 0 8 1 3 9.05633365881e-77 1 0 
130 11 0.0 12 4 0 0 6 4 4 9.67802771379e-78 2 0 
130 11 2.0 1 11 0 0 16 8 1 0.337607531868 0 4 
130 11 2.0 9 3 0 0 20 9 3 1.10424572506e-33 3 0 
130 11 2.0 3 1 0 0 9 7 2 0.0114145405246 1 1 
130 11 2.0 8 4 0 0 17 8 3 4.42015698919e-36 2 1 
130 11 2.0 2 7 0 0 24 17 2 0.0109884528039 1 4 
130 11 2.0 5 7 0 0 24 21 2 0.0108612635834 1 4 
130 11 2.0 7 6 0 0 20 10 3 9.90695706224e-41 2 2 
130 11 2.0 4 2 0 0 12 13 2 0.0110434968103 1 2 
130 11 2.0 11 2 0 0 4 1 4 2.17708791774e-46 1 0 
130 11 2.0 10 3 0 0 14 9 3 2.65838972852e-30 3 0 
130 11 2.0 6 1 0 0 8 1 3 1.26968518842e-33 1 0 
130 11 2.0 12 4 0 0 6 4 4 3.18878961393e-46 2 0 
130 12 0.0 1 11 0 0 16 8 1 0.09930948482 0 4 
130 12 0.0 9 3 0 0 20 9 3 5.76868586874e-63 3 0 
130 12 0.0 3 1 0 0 9 7 2 0.0698650304095 1 1 
130 12 0.0 8 4 0 0 17 8 3 7.05500381276e-66 2 1 
130 12 0.0 2 7 0 0 24 17 2 0.0658500553532 1 4 
130 12 0.0 5 7 0 0 24 21 2 0.0645140101006 1 4 
130 12 0.0 7 6 0 0 20 10 3 1.81216021981e-68 2 2 
130 12 0.0 4 2 0 0 12 13 2 0.0677257027938 1 2 
130 12 0.0 11 2 0 0 4 1 4 7.69105926846e-78 1 0 
130 12 0.0 10 3 0 0 14 9 3 3.39520834466e-57 3 0 
130 12 0.0 6 1 0 0 8 1 3 3.6352346849e-64 1 0 
130 12 0.0 12 4 0 0 6 4 4 1.15143624777e-77 2 0 
130 12 2.0 1 11 0 0 16 8 1 0.330166008357 0 4 
130 12 2.0 9 3 0 0 20 9 3 2.69251096123e-36 3 0 
130 12 2.0 3 1 0 0 9 7 2 0.014322685571 1 1 
130 12 2.0 8 4 0 0 17 8 3 8.28985943112e-45 2 1 
130 12 2.0 2 7 0 0 24 17 2 0.00942264679264 1 4 
130 12 2.0 5 7 0 0 24 21 2 0.0134683437941 1 4 
130 12 2.0 7 6 0 0 20 10 3 3.61133857515e-46 2 2 
130 12 2.0 4 2 0 0 12 13 2 0.0141282736395 1 2 
130 12 2.0 11 2 0 0 4 1 4 8.18363427758e-47 1 0 
130 12 2.0 10 3 0 0 14 9 3 1.35405066358e-23 3 0 
130 12 2.0 6 1 0 0 8 1 3 1.63801120463e-47 1 0 
130 12 2.0 12 4 0 0 6 4 4 3.67220485984e-46 2 0 
130 13 0.0 1 11 0 0 16 8 1 0.101423997339 0 4 
130 13 0.0 9 3 0 0 20 9 3 2.01605808903e-61 3 0 
130 13 0.0 3 1 0 0 9 7 2 0.0757623929801 1 1 
130 13 0.0 8 4 0 0 17 8 3 5.13201917184e-68 2 1 
130 13 0.0 2 7 0 0 24 17 2 0.00365019084809 1 4 
130 13 0.0 5 7 0 0 24 21 2 0.0749992775756 1 4 
130 13 0.0 7 6 0 0 20 10 3 7.03825610171e-71 2 2 
130 13 0.0 4 2 0 0 12 13 2 0.0757568103959 1 2 
130 13 0.0 11 2 0 0 4 1 4 5.79265115881e-78 1 0 
130 13 0.0 10 3 0 0 14 9 3 7.7393373429e-54 3 0 
130 13 0.0 6 1 0 0 8 1 3 2.06537893961e-77 1 0 
130 13 0.0 12 4 0 0 6 4 4 1.01171030056e-77 2 0 
130 13 2.0 1 11 0 0 16 8 1 0.0345916836397 0 4 
130 13 2.0 9 3 0 0 20 9 3 1.0861148308e-36 3 0 
130 13 2.0 3 1 0 0 9 7 2 0.0101542599685 1 1 
130 13 2.0 8 4 0 0 17 8 3 1.04803269295e-44 2 1 
130 13 2.0 2 7 0 0 24 17 2 0.00623395684547 1 4 
130 13 2.0 5 7 0 0 24 21 2 0.009612411058 1 4 
130 13 2.0 7 6 0 0 20 10 3 3.76917851654e-47 2 2 
130 13 2.0 4 2 0 0 12 13 2 0.0100018728508 1 2 
130 13 2.0 11 2 0 0 4 1 4 1.06151394273e-46 1 0 
130 13 2.0 10 3 0 0 14 9 3 1.4027231025e-23 3 0 
130 13 2.0 6 1 0 0 8 1 3 8.59056944528e-49 1 0 
130 13 2.0 12 4 0 0 6 4 4 5.4068205204e-46 2 0 
130 14 0.0 1 11 0 0 16 8 1 0.399196543883 0 4 
130 14 0.0 9 3 0 0 20 9 3 1.87379658225e-62 3 0 
130 14 0.0 3 1 0 0 9 7 2 0.0307100169332 1 1 
130 14 0.0 8 4 0 0 17 8 3 2.89368740917e-66 2 1 
130 14 0.0 2 7 0 0 24 17 2 0.0230483457853 1 4 
130 14 0.0 5 7 0 0 24 21 2 0.0300339013034 1 4 
130 14 0.0 7 6 0 0 20 10 3 2.5738558386e-67 2 2 
130 14 0.0 4 2 0 0 12 13 2 0.0302581498998 1 2 
130 14 0.0 11 2 0 0 4 1 4 1.30514472212e-78 1 0 
130 14 0.0 10 3 0 0 14 9 3 1.01200929176e-54 3 0 
130 14 0.0 6 1 0 0 8 1 3 5.69530774228e-71 1 0 
130 14 0.0 12 4 0 0 6 4 4 1.30458831808e-77 2 0 
130 14 2.0 1 11 0 0 16 8 1 0.0288836613679 0 4 
130 14 2.0 9 3 0 0 20 9 3 3.13416746157e-36 3 0 
130 14 2.0 3 1 0 0 9 7 2 0.0119699878817 1 1 
130 14 2.0 8 4 0 0 17 8 3 2.4699771868e-42 2 1 
130 14 2.0 2 7 0 0 24 17 2 0.00713298801136 1 4 
130 14 2.0 5 7 0 0 24 21 2 0.0117031190377 1 4 
130 14 2.0 7 6 0 0 20 10 3 2.59019043e-46 2 2 
130 14 2.0 4 2 0 0 12 13 2 0.011676744933 1 2 
130 14 2.0 11 2 0 0 4 1 4 2.25919573679e-46 1 0 
130 14 2.0 10 3 0 0 14 9 3 3.17124787898e-22 3 0 
130 14 2.0 6 1 0 0 8 1 3 1.0534310302e-48 1 0 
130 14 2.0 12 4 0 0 6 4 4 5.18450593675e-46 2 0 
130 15 0.0 1 11 0 0 16 8 1 0.0527730506158 0 4 
130 15 0.0 9 3 0 0 20 9 3 5.28970536868e-61 3 0 
130 15 0.0 3 1 0 0 9 7 2 0.0334098278226 1 1 
130 15 0.0 8 4 0 0 17 8 3 7.27623119173e-67 2 1 
130 15 0.0 2 7 0 0 24 17 2 0.0263569313651 1 4 
130 15 0.0 5 7 0 0 24 21 2 0.0323905088839 1 4 
130 15 0.0 7 6 0 0 20 10 3 1.35447487634e-69 2 2 
130 15 0.0 4 2 0 0 12 13 2 0.0334073580156 1 2 
130 15 0.0 11 2 0 0 4 1 4 9.71338755733e-78 1 0 
130 15 0.0 10 3 0 0 14 9 3 4.36282484543e-55 3 0 
130 15 0.0 6 1 0 0 8 1 3 2.64541526229e-70 1 0 
130 15 0.0 12 4 0 0 6 4 4 8.64522523602e-78 2 0 
130 15 2.0 1 11 0 0 16 8 1 0.0295973246964 0 4 
130 15 2.0 9 3 0 0 20 9 3 7.31139833504e-32 3 0 
130 15 2.0 3 1 0 0 9 7 2 0.017245865815 1 1 
130 15 2.0 8 4 0 0 17 8 3 1.71281730202e-40 2 1 
130 15 2.0 2 7 0 0 24 17 2 0.00139922464137 1 4 
130 15 2.0 5 7 0 0 24 21 2 0.0172274011971 1 4 
130 15 2.0 7 6 0 0 20 10 3 3.54158599571e-46 2 2 
130 15 2.0 4 2 0 0 12 13 2 0.0172868188193 1 2 
130 15 2.0 11 2 0 0 4 1 4 3.97609415127e-46 1 0 
130 15 2.0 10 3 0 0 14 9 3 3.9613449748e-22 3 0 
130 15 2.0 6 1 0 0 8 1 3 2.35675275451e-54 1 0 
130 15 2.0 12 4 0 0 6 4 4 5.09002291258e-46 2 0 
130 16 0.0 1 11 0 0 16 8 1 0.0784142729363 0 4 
130 16 0.0 9 3 0 0 20 9 3 2.36064902197e-63 3 0 
130 16 0.0 3 1 0 0 9 7 2 0.0298514737039 1 1 
130 16 0.0 8 4 0 0 17 8 3 1.36327949974e-70 2 1 
130 16 0.0 2 7 0 0 24 17 2 0.0031053018614 1 4 
130 16 0.0 5 7 0 0 24 21 2 0.0289378214166 1 4 
130 16 0.0 7 6 0 0 20 10 3 4.36639807878e-74 2 2 
130 16 0.0 4 2 0 0 12 13 2 0.0296825950024 1 2 
130 16 0.0 11 2 0 0 4 1 4 1.11447666161e-77 1 0 
130 16 0.0 10 3 0 0 14 9 3 3.77485120679e-53 3 0 
130 16 0.0 6 1 0 0 8 1 3 3.37391624845e-77 1 0 
130 16 0.0 12 4 0 0 6 4 4 1.4768022447e-77 2 0 
130 16 2.0 1 11 0 0 16 8 1 0.230310242187 0 4 
130 16 2.0 9 3 0 0 20 9 3 3.290972681e-37 3 0 
130 16 2.0 3 1 0 0 9 7 2 0.0172753622555 1 1 
130 16 2.0 8 4 0 0 17 8 3 4.42862036448e-47 2 1 
130 16 2.0 2 7 0 0 24 17 2 0.000293237218723 1 4 
130 16 2.0 5 7 0 0 24 21 2 0.0162470708223 1 4 
130 16 2.0 7 6 0 0 20 10 3 2.05209425413e-52 2 2 
130 16 2.0 4 2 0 0 12 13 2 0.0171726889489 1 2 
130 16 2.0 11 2 0 0 4 1 4 3.79501853075e-46 1 0 
130 16 2.0 10 3 0 0 14 9 3 1.13055972527e-20 3 0 
130 16 2.0 6 1 0 0 8 1 3 8.73748510303e-55 1 0 
130 16 2.0 12 4 0 0 6 4 4 2.65352165475e-46 2 0 
130 17 0.0 1 11 0 0 16 8 1 0.0615504198785 0 4 
130 17 0.0 9 3 0 0 20 9 3 1.09743494183e-61 3 0 
130 17 0.0 3 1 0 0 9 7 2 0.0218296048028 1 1 
130 17 0.0 8 4 0 0 17 8 3 3.80123890198e-67 2 1 
130 17 0.0 2 7 0 0 24 17 2 0.0175047831234 1 4 
130 17 0.0 5 7 0 0 24 21 2 0.0210803651368 1 4 
130 17 0.0 7 6 0 0 20 10 3 1.11064266392e-70 2 2 
130 17 0.0 4 2 0 0 12 13 2 0.021709985939 1 2 
130 17 0.0 11 2 0 0 4 1 4 6.32779502976e-78 1 0 
130 17 0.0 10 3 0 0 14 9 3 2.5626432891e-55 3 0 
130 17 0.0 6 1 0 0 8 1 3 9.30163749729e-70 1 0 
130 17 0.0 12 4 0 0 6 4 4 1.29625745068e-77 2 0 
130 17 2.0 1 11 0 0 16 8 1 0.00946850695501 0 4 
130 17 2.0 9 3 0 0 20 9 3 3.76368168714e-34 3 0 
130 17 2.0 3 1 0 0 9 7 2 0.0397644119862 1 1 
130 17 2.0 8 4 0 0 17 8 3 5.48660092444e-39 2 1 
130 17 2.0 2 7 0 0 24 17 2 0.0382373593981 1 4 
130 17 2.0 5 7 0 0 24 21 2 0.0346951074122 1 4 
130 17 2.0 7 6 0 0 20 10 3 8.38664152502e-44 2 2 
130 17 2.0 4 2 0 0 12 13 2 0.0389152810342 1 2 
130 17 2.0 11 2 0 0 4 1 4 3.43021988395e-46 1 0 
130 17 2.0 10 3 0 0 14 9 3 5.69415232084e-29 3 0 
130 17 2.0 6 1 0 0 8 1 3 2.93979987151e-33 1 0 
130 17 2.0 12 4 0 0 6 4 4 2.1208507644e-46 2 0 
130 18 0.0 1 11 0 0 16 8 1 0.0629399838269 0 4 
130 18 0.0 9 3 0 0 20 9 3 5.71762046547e-63 3 0 
130 18 0.0 3 1 0 0 9 7 2 0.0292114733302 1 1 
130 18 0.0 8 4 0 0 17 8 3 3.98682169409e-70 2 1 
130 18 0.0 2 7 0 0 24 17 2 0.0156838551478 1 4 
130 18 0.0 5 7 0 0 24 21 2 0.0276206273103 1 4 
130 18 0.0 7 6 0 0 20 10 3 2.85596192198e-72 2 2 
130 18 0.0 4 2 0 0 12 13 2 0.029073608679 1 2 
130 18 0.0 11 2 0 0 4 1 4 7.29317783821e-78 1 0 
130 18 0.0 10 3 0 0 14 9 3 7.23013485204e-55 3 0 
130 18 0.0 6 1 0 0 8 1 3 3.58882215756e-74 1 0 
130 18 0.0 12 4 0 0 6 4 4 9.71839454078e-78 2 0 
130 18 2.0 1 11 0 0 16 8 1 0.0134983920661 0 4 
130 18 2.0 9 3 0 0 20 9 3 3.3045859966e-36 3 0 
130 18 2.0 3 1 0 0 9 7 2 0.0705532322539 1 1 
130 18 2.0 8 4 0 0 17 8 3 1.09955915482e-42 2 1 
130 18 2.0 2 7 0 0 24 17 2 0.056130037958 1 4 
130 18 2.0 5 7 0 0 24 21 2 0.065328831702 1 4 
130 18 2.0 7 6 0 0 20 10 3 8.48316924433e-46 2 2 
130 18 2.0 4 2 0 0 12 13 2 0.0693509710545 1 2 
130 18 2.0 11 2 0 0 4 1 4 1.99697566149e-46 1 0 
130 18 2.0 10 3 0 0 14 9 3 7.85005100237e-25 3 0 
130 18 2.0 6 1 0 0 8 1 3 2.11296818154e-44 1 0 
130 18 2.0 12 4 0 0 6 4 4 2.57626144487e-46 2 0 
130 19 0.0 1 11 0 0 16 8 1 0.150039631088 0 4 
130 19 0.0 9 3 0 0 20 9 3 6.46188320926e-62 3 0 
130 19 0.0 3 1 0 0 9 7 2 0.0131712876133 1 1 
130 19 0.0 8 4 0 0 17 8 3 5.58833509146e-67 2 1 
130 19 0.0 2 7 0 0 24 17 2 0.00868512766767 1 4 
130 19 0.0 5 7 0 0 24 21 2 0.0128984100245 1 4 
130 19 0.0 7 6 0 0 20 10 3 9.44777829338e-70 2 2 
130 19 0.0 4 2 0 0 12 13 2 0.0130752411117 1 2 
130 19 0.0 11 2 0 0 4 1 4 6.49708789069e-78 1 0 
130 19 0.0 10 3 0 0 14 9 3 2.34406556038e-54 3 0 
130 19 0.0 6 1 0 0 8 1 3 1.91000557731e-72 1 0 
130 19 0.0 12 4 0 0 6 4 4 7.53096509685e-78 2 0 
130 19 2.0 1 11 0 0 16 8 1 0.0343055868547 0 4 
130 19 2.0 9 3 0 0 20 9 3 2.5305601119e-35 3 0 
130 19 2.0 3 1 0 0 9 7 2 0.0103773736148 1 1 
130 19 2.0 8 4 0 0 17 8 3 1.07279489935e-43 2 1 
130 19 2.0 2 7 0 0 24 17 2 0.006272379391 1 4 
130 19 2.0 5 7 0 0 24 21 2 0.00997344519606 1 4 
130 19 2.0 7 6 0 0 20 10 3 2.99609497288e-47 2 2 
130 19 2.0 4 2 0 0 12 13 2 0.0102706368653 1 2 
130 19 2.0 11 2 0 0 4 1 4 2.29415811472e-46 1 0 
130 19 2.0 10 3 0 0 14 9 3 1.97606338052e-22 3 0 
130 19 2.0 6 1 0 0 8 1 3 1.46412751134e-48 1 0 
130 19 2.0 12 4 0 0 6 4 4 4.64894440371e-46 2 0 
130 20 0.0 1 11 0 0 16 8 1 0.0503444806286 0 4 
130 20 0.0 9 3 0 0 20 9 3 9.6072189402e-61 3 0 
130 20 0.0 3 1 0 0 9 7 2 0.036193879873 1 1 
130 20 0.0 8 4 0 0 17 8 3 6.40906333514e-64 2 1 
130 20 0.0 2 7 0 0 24 17 2 0.0348850325676 1 4 
130 20 0.0 5 7 0 0 24 21 2 0.0350779030211 1 4 
130 20 0.0 7 6 0 0 20 10 3 1.77146632576e-66 2 2 
130 20 0.0 4 2 0 0 12 13 2 0.0360802413336 1 2 
130 20 0.0 11 2 0 0 4 1 4 9.94306898945e-78 1 0 
130 20 0.0 10 3 0 0 14 9 3 1.59359441676e-58 3 0 
130 20 0.0 6 1 0 0 8 1 3 8.64697264674e-63 1 0 
130 20 0.0 12 4 0 0 6 4 4 7.11139902278e-78 2 0 
130 20 2.0 1 11 0 0 16 8 1 0.418926913726 0 4 
130 20 2.0 9 3 0 0 20 9 3 1.94969481132e-35 3 0 
130 20 2.0 3 1 0 0 9 7 2 0.0516959752642 1 1 
130 20 2.0 8 4 0 0 17 8 3 3.32077763908e-42 2 1 
130 20 2.0 2 7 0 0 24 17 2 0.035892657496 1 4 
130 20 2.0 5 7 0 0 24 21 2 0.0502466188193 1 4 
130 20 2.0 7 6 0 0 20 10 3 9.77698865558e-48 2 2 
130 20 2.0 4 2 0 0 12 13 2 0.0509680096215 1 2 
130 20 2.0 11 2 0 0 4 1 4 3.25994353852e-46 1 0 
130 20 2.0 10 3 0 0 14 9 3 1.12580980938e-23 3 0 
130 20 2.0 6 1 0 0 8 1 3 2.04237206952e-47 1 0 
130 20 2.0 12 4 0 0 6 4 4 4.30285065041e-46 2 0 
130 21 0.0 1 11 0 0 16 8 1 0.369382655557 0 4 
130 21 0.0 9 3 0 0 20 9 3 9.41893809077e-64 3 0 
130 21 0.0 3 1 0 0 9 7 2 0.0515654350376 1 1 
130 21 0.0 8 4 0 0 17 8 3 4.36216007637e-68 2 1 
130 21 0.0 2 7 0 0 24 17 2 0.0476787015814 1 4 
130 21 0.0 5 7 0 0 24 21 2 0.0456962450513 1 4 
130 21 0.0 7 6 0 0 20 10 3 4.06786047115e-69 2 2 
130 21 0.0 4 2 0 0 12 13 2 0.0505461949125 1 2 
130 21 0.0 11 2 0 0 4 1 4 3.59241673801e-78 1 0 
130 21 0.0 10 3 0 0 14 9 3 4.33050903267e-56 3 0 
130 21 0.0 6 1 0 0 8 1 3 1.05775818655e-65 1 0 
130 21 0.0 12 4 0 0 6 4 4 1.67041454614e-77 2 0 
130 21 2.0 1 11 0 0 16 8 1 0.0137930526115 0 4 
130 21 2.0 9 3 0 0 20 9 3 4.40306109067e-33 3 0 
130 21 2.0 3 1 0 0 9 7 2 0.0728026855727 1 1 
130 21 2.0 8 4 0 0 17 8 3 6.25150334507e-40 2 1 
130 21 2.0 2 7 0 0 24 17 2 0.0695509877644 1 4 
130 21 2.0 5 7 0 0 24 21 2 0.0655479785286 1 4 
130 21 2.0 7 6 0 0 20 10 3 1.16815235921e-41 2 2 
130 21 2.0 4 2 0 0 12 13 2 0.0720654143733 1 2 
130 21 2.0 11 2 0 0 4 1 4 8.6458938347e-47 1 0 
130 21 2.0 10 3 0 0 14 9 3 6.37292320793e-27 3 0 
130 21 2.0 6 1 0 0 8 1 3 6.11599017708e-35 1 0 
130 21 2.0 12 4 0 0 6 4 4 5.3568911293e-46 2 0 
130 22 0.0 1 11 0 0 16 8 1 0.160896866984 0 4 
130 22 0.0 9 3 0 0 20 9 3 7.02465052871e-64 3 0 
130 22 0.0 3 1 0 0 9 7 2 0.0847768363934 1 1 
130 22 0.0 8 4 0 0 17 8 3 3.44347262895e-70 2 1 
130 22 0.0 2 7 0 0 24 17 2 0.0119897368347 1 4 
130 22 0.0 5 7 0 0 24 21 2 0.0826684297048 1 4 
130 22 0.0 7 6 0 0 20 10 3 1.60849332523e-72 2 2 
130 22 0.0 4 2 0 0 12 13 2 0.0839097202169 1 2 
130 22 0.0 11 2 0 0 4 1 4 6.79738586187e-78 1 0 
130 22 0.0 10 3 0 0 14 9 3 2.52830990508e-53 3 0 
130 22 0.0 6 1 0 0 8 1 3 5.42793903533e-77 1 0 
130 22 0.0 12 4 0 0 6 4 4 1.01981693784e-77 2 0 
130 22 2.0 1 11 0 0 16 8 1 0.0162790656748 0 4 
130 22 2.0 9 3 0 0 20 9 3 3.25732427583e-36 3 0 
130 22 2.0 3 1 0 0 9 7 2 0.0159287916366 1 1 
130 22 2.0 8 4 0 0 17 8 3 3.81524070077e-43 2 1 
130 22 2.0 2 7 0 0 24 17 2 0.01405368743 1 4 
130 22 2.0 5 7 0 0 24 21 2 0.0140801785285 1 4 
130 22 2.0 7 6 0 0 20 10 3 9.66860767234e-47 2 2 
130 22 2.0 4 2 0 0 12 13 2 0.0156383496883 1 2 
130 22 2.0 11 2 0 0 4 1 4 2.32194307868e-46 1 0 
130 22 2.0 10 3 0 0 14 9 3 9.89597050024e-26 3 0 
130 22 2.0 6 1 0 0 8 1 3 8.06536195756e-41 1 0 
130 22 2.0 12 4 0 0 6 4 4 5.98719786511e-46 2 0 
130 23 0.0 1 11 0 0 16 8 1 0.0655539691646 0 4 
130 23 0.0 9 3 0 0 20 9 3 2.34126268776e-61 3 0 
130 23 0.0 3 1 0 0 9 7 2 0.0553424399433 1 1 
130 23 0.0 8 4 0 0 17 8 3 8.13009552188e-66 2 1 
130 23 0.0 2 7 0 0 24 17 2 0.0511904787527 1 4 
130 23 0.0 5 7 0 0 24 21 2 0.0520344729378 1 4 
130 23 0.0 7 6 0 0 20 10 3 2.64691967221e-69 2 2 
130 23 0.0 4 2 0 0 12 13 2 0.0549246020044 1 2 
130 23 0.0 11 2 0 0 4 1 4 7.85625890175e-78 1 0 
130 23 0.0 10 3 0 0 14 9 3 6.17515646259e-57 3 0 
130 23 0.0 6 1 0 0 8 1 3 1.20972658013e-65 1 0 
130 23 0.0 12 4 0 0 6 4 4 1.3204836979e-77 2 0 
130 23 2.0 1 11 0 0 16 8 1 0.349864030296 0 4 
130 23 2.0 9 3 0 0 20 9 3 7.16974567878e-35 3 0 
130 23 2.0 3 1 0 0 9 7 2 0.0202337790741 1 1 
130 23 2.0 8 4 0 0 17 8 3 1.78164902529e-40 2 1 
130 23 2.0 2 7 0 0 24 17 2 0.00713473406559 1 4 
130 23 2.0 5 7 0 0 24 21 2 0.0200499027355 1 4 
130 23 2.0 7 6 0 0 20 10 3 3.90655188415e-46 2 2 
130 23 2.0 4 2 0 0 12 13 2 0.0199168881282 1 2 
130 23 2.0 11 2 0 0 4 1 4 4.0951123877e-46 1 0 
130 23 2.0 10 3 0 0 14 9 3 1.01781530635e-22 3 0 
130 23 2.0 6 1 0 0 8 1 3 9.21753197133e-52 1 0 
130 23 2.0 12 4 0 0 6 4 4 3.38201876018e-46 2 0 
130 24 0.0 1 11 0 0 16 8 1 0.0829295403408 0 4 
130 24 0.0 9 3 0 0 20 9 3 1.81988256803e-63 3 0 
130 24 0.0 3 1 0 0 9 7 2 0.0213499182489 1 1 
130 24 0.0 8 4 0 0 17 8 3 4.16229320509e-69 2 1 
130 24 0.0 2 7 0 0 24 17 2 0.00833277837148 1 4 
130 24 0.0 5 7 0 0 24 21 2 0.0208800988023 1 4 
130 24 0.0 7 6 0 0 20 10 3 3.95987367065e-70 2 2 
130 24 0.0 4 2 0 0 12 13 2 0.0211805387602 1 2 
130 24 0.0 11 2 0 0 4 1 4 5.08386336826e-78 1 0 
130 24 0.0 10 3 0 0 14 9 3 2.20140548009e-53 3 0 
130 24 0.0 6 1 0 0 8 1 3 3.37153485176e-75 1 0 
130 24 0.0 12 4 0 0 6 4 4 1.24959229305e-77 2 0 
130 24 2.0 1 11 0 0 16 8 1 0.0576519401784 0 4 
130 24 2.0 9 3 0 0 20 9 3 2.32337742371e-36 3 0 
130 24 2.0 3 1 0 0 9 7 2 0.129564481454 1 1 
130 24 2.0 8 4 0 0 17 8 3 4.02671416328e-47 2 1 
130 24 2.0 2 7 0 0 24 17 2 0.0960374404917 1 4 
130 24 2.0 5 7 0 0 24 21 2 0.109106764408 1 4 
130 24 2.0 7 6 0 0 20 10 3 1.44287179285e-51 2 2 
130 24 2.0 4 2 0 0 12 13 2 0.128876520011 1 2 
130 24 2.0 11 2 0 0 4 1 4 2.5398249614e-46 1 0 
130 24 2.0 10 3 0 0 14 9 3 2.67158236937e-23 3 0 
130 24 2.0 6 1 0 0 8 1 3 4.17165491119e-46 1 0 
130 24 2.0 12 4 0 0 6 4 4 4.36609651374e-46 2 0 
130 25 0.0 1 11 0 0 16 8 1 0.412163483593 0 4 
130 25 0.0 9 3 0 0 20 9 3 6.75466370326e-62 3 0 
130 25 0.0 3 1 0 0 9 7 2 0.0279551918679 1 1 
130 25 0.0 8 4 0 0 17 8 3 2.81833932075e-65 2 1 
130 25 0.0 2 7 0 0 24 17 2 0.0267291843905 1 4 
130 25 0.0 5 7 0 0 24 21 2 0.0262033901025 1 4 
130 25 0.0 7 6 0 0 20 10 3 7.64482355275e-67 2 2 
130 25 0.0 4 2 0 0 12 13 2 0.0274279036261 1 2 
130 25 0.0 11 2 0 0 4 1 4 5.75732382976e-78 1 0 
130 25 0.0 10 3 0 0 14 9 3 3.62081218395e-58 3 0 
130 25 0.0 6 1 0 0 8 1 3 7.78180559891e-63 1 0 
130 25 0.0 12 4 0 0 6 4 4 1.43219541849e-77 2 0 
130 25 2.0 1 11 0 0 16 8 1 0.0176005963381 0 4 
130 25 2.0 9 3 0 0 20 9 3 8.0305606564e-36 3 0 
130 25 2.0 3 1 0 0 9 7 2 0.0302814828883 1 1 
130 25 2.0 8 4 0 0 17 8 3 6.14979555132e-49 2 1 
130 25 2.0 2 7 0 0 24 17 2 0.0109731461102 1 4 
130 25 2.0 5 7 0 0 24 21 2 0.0258723089078 1 4 
130 25 2.0 7 6 0 0 20 10 3 1.92594493468e-51 2 2 
130 25 2.0 4 2 0 0 12 13 2 0.0302240968148 1 2 
130 25 2.0 11 2 0 0 4 1 4 1.47364589138e-46 1 0 
130 25 2.0 10 3 0 0 14 9 3 9.89958606637e-22 3 0 
130 25 2.0 6 1 0 0 8 1 3 4.11314556758e-52 1 0 
130 25 2.0 12 4 0 0 6 4 4 4.46055824244e-46 2 0 
130 26 0.0 1 11 0 0 16 8 1 0.367090567205 0 4 
130 26 0.0 9 3 0 0 20 9 3 1.20810437468e-63 3 0 
130 26 0.0 3 1 0 0 9 7 2 0.0383702304529 1 1 
130 26 0.0 8 4 0 0 17 8 3 3.36917263911e-71 2 1 
130 26 0.0 2 7 0 0 24 17 2 0.0211396667169 1 4 
130 26 0.0 5 7 0 0 24 21 2 0.0336700958643 1 4 
130 26 0.0 7 6 0 0 20 10 3 1.39513586459e-74 2 2 
130 26 0.0 4 2 0 0 12 13 2 0.0382699166868 1 2 
130 26 0.0 11 2 0 0 4 1 4 9.4710114326e-78 1 0 
130 26 0.0 10 3 0 0 14 9 3 1.05911054291e-53 3 0 
130 26 0.0 6 1 0 0 8 1 3 6.63558050191e-74 1 0 
130 26 0.0 12 4 0 0 6 4 4 6.5321912632e-78 2 0 
130 26 2.0 1 11 0 0 16 8 1 0.0183816801097 0 4 
130 26 2.0 9 3 0 0 20 9 3 9.16805064152e-37 3 0 
130 26 2.0 3 1 0 0 9 7 2 0.0695772143773 1 1 
130 26 2.0 8 4 0 0 17 8 3 6.37802361184e-45 2 1 
130 26 2.0 2 7 0 0 24 17 2 0.0068070266125 1 4 
130 26 2.0 5 7 0 0 24 21 2 0.066967146277 1 4 
130 26 2.0 7 6 0 0 20 10 3 1.13821008884e-50 2 2 
130 26 2.0 4 2 0 0 12 13 2 0.0689715305312 1 2 
130 26 2.0 11 2 0 0 4 1 4 4.12062588283e-46 1 0 
130 26 2.0 10 3 0 0 14 9 3 1.11612008701e-20 3 0 
130 26 2.0 6 1 0 0 8 1 3 3.33946208735e-54 1 0 
130 26 2.0 12 4 0 0 6 4 4 1.525954866e-46 2 0 
130 27 0.0 1 11 0 0 16 8 1 0.123963475802 0 4 
130 27 0.0 9 3 0 0 20 9 3 3.07720036727e-61 3 0 
130 27 0.0 3 1 0 0 9 7 2 0.0135793802747 1 1 
130 27 0.0 8 4 0 0 17 8 3 1.43075940168e-64 2 1 
130 27 0.0 2 7 0 0 24 17 2 0.00912406089767 1 4 
130 27 0.0 5 7 0 0 24 21 2 0.0135303686724 1 4 
130 27 0.0 7 6 0 0 20 10 3 8.23040852451e-67 2 2 
130 27 0.0 4 2 0 0 12 13 2 0.0134108084318 1 2 
130 27 0.0 11 2 0 0 4 1 4 3.83468830957e-78 1 0 
130 27 0.0 10 3 0 0 14 9 3 6.32982701652e-55 3 0 
130 27 0.0 6 1 0 0 8 1 3 3.24810384644e-72 1 0 
130 27 0.0 12 4 0 0 6 4 4 1.29770321594e-77 2 0 
130 27 2.0 1 11 0 0 16 8 1 0.015578994449 0 4 
130 27 2.0 9 3 0 0 20 9 3 1.22482744193e-36 3 0 
130 27 2.0 3 1 0 0 9 7 2 0.0516330939612 1 1 
130 27 2.0 8 4 0 0 17 8 3 1.24434411845e-46 2 1 
130 27 2.0 2 7 0 0 24 17 2 0.0106589686676 1 4 
130 27 2.0 5 7 0 0 24 21 2 0.0494674505498 1 4 
130 27 2.0 7 6 0 0 20 10 3 2.08408947128e-51 2 2 
130 27 2.0 4 2 0 0 12 13 2 0.0511907313728 1 2 
130 27 2.0 11 2 0 0 4 1 4 2.52569791164e-46 1 0 
130 27 2.0 10 3 0 0 14 9 3 6.8188960284e-21 3 0 
130 27 2.0 6 1 0 0 8 1 3 1.82956750835e-53 1 0 
130 27 2.0 12 4 0 0 6 4 4 4.78191635322e-46 2 0 
130 28 0.0 1 11 0 0 16 8 1 0.0680185551029 0 4 
130 28 0.0 9 3 0 0 20 9 3 2.18684434964e-63 3 0 
130 28 0.0 3 1 0 0 9 7 2 0.0346691960057 1 1 
130 28 0.0 8 4 0 0 17 8 3 4.20803623303e-69 2 1 
130 28 0.0 2 7 0 0 24 17 2 0.00714609374643 1 4 
130 28 0.0 5 7 0 0 24 21 2 0.0339822368 1 4 
130 28 0.0 7 6 0 0 20 10 3 2.97798014004e-72 2 2 
130 28 0.0 4 2 0 0 12 13 2 0.0342962529947 1 2 
130 28 0.0 11 2 0 0 4 1 4 1.20113882716e-77 1 0 
130 28 0.0 10 3 0 0 14 9 3 3.04751043078e-53 3 0 
130 28 0.0 6 1 0 0 8 1 3 1.56759398424e-76 1 0 
130 28 0.0 12 4 0 0 6 4 4 8.92110808503e-78 2 0 
130 28 2.0 1 11 0 0 16 8 1 0.0208823791304 0 4 
130 28 2.0 9 3 0 0 20 9 3 8.02453714535e-35 3 0 
130 28 2.0 3 1 0 0 9 7 2 0.0950927221986 1 1 
130 28 2.0 8 4 0 0 17 8 3 5.83418263518e-40 2 1 
130 28 2.0 2 7 0 0 24 17 2 0.0925774431949 1 4 
130 28 2.0 5 7 0 0 24 21 2 0.0677908850956 1 4 
130 28 2.0 7 6 0 0 20 10 3 9.17116254671e-46 2 2 
130 28 2.0 4 2 0 0 12 13 2 0.0935520361172 1 2 
130 28 2.0 11 2 0 0 4 1 4 3.90105516288e-46 1 0 
130 28 2.0 10 3 0 0 14 9 3 1.34478078585e-28 3 0 
130 28 2.0 6 1 0 0 8 1 3 1.60451511948e-31 1 0 
130 28 2.0 12 4 0 0 6 4 4 3.13073235952e-46 2 0 
130 29 0.0 1 11 0 0 16 8 1 0.0773108573235 0 4 
130 29 0.0 9 3 0 0 20 9 3 6.26303094565e-61 3 0 
130 29 0.0 3 1 0 0 9 7 2 0.026591606847 1 1 
130 29 0.0 8 4 0 0 17 8 3 6.15915760188e-68 2 1 
130 29 0.0 2 7 0 0 24 17 2 0.0047999432039 1 4 
130 29 0.0 5 7 0 0 24 21 2 0.0264233141584 1 4 
130 29 0.0 7 6 0 0 20 10 3 3.34103909658e-70 2 2 
130 29 0.0 4 2 0 0 12 13 2 0.026744825743 1 2 
130 29 0.0 11 2 0 0 4 1 4 6.65674663691e-78 1 0 
130 29 0.0 10 3 0 0 14 9 3 2.5523223551e-53 3 0 
130 29 0.0 6 1 0 0 8 1 3 1.14969294372e-76 1 0 
130 29 0.0 12 4 0 0 6 4 4 1.51587164281e-77 2 0 
130 29 2.0 1 11 0 0 16 8 1 0.158132727129 0 4 
130 29 2.0 9 3 0 0 20 9 3 3.81772744424e-36 3 0 
130 29 2.0 3 1 0 0 9 7 2 0.00900224884324 1 1 
130 29 2.0 8 4 0 0 17 8 3 2.88698750339e-48 2 1 
130 29 2.0 2 7 0 0 24 17 2 0.00472660680066 1 4 
130 29 2.0 5 7 0 0 24 21 2 0.0077009101044 1 4 
130 29 2.0 7 6 0 0 20 10 3 2.46944558169e-53 2 2 
130 29 2.0 4 2 0 0 12 13 2 0.00897199675767 1 2 
130 29 2.0 11 2 0 0 4 1 4 3.22402387496e-46 1 0 
130 29 2.0 10 3 0 0 14 9 3 2.61206562642e-22 3 0 
130 29 2.0 6 1 0 0 8 1 3 5.25446039587e-50 1 0 
130 29 2.0 12 4 0 0 6 4 4 3.47834640368e-46 2 0 
130 30 0.0 1 11 0 0 16 8 1 0.251347984598 0 4 
130 30 0.0 9 3 0 0 20 9 3 1.54623984357e-62 3 0 
130 30 0.0 3 1 0 0 9 7 2 0.074314939449 1 1 
130 30 0.0 8 4 0 0 17 8 3 2.90077782946e-65 2 1 
130 30 0.0 2 7 0 0 24 17 2 0.0710559342343 1 4 
130 30 0.0 5 7 0 0 24 21 2 0.067602249823 1 4 
130 30 0.0 7 6 0 0 20 10 3 4.40768176873e-68 2 2 
130 30 0.0 4 2 0 0 12 13 2 0.0728529144507 1 2 
130 30 0.0 11 2 0 0 4 1 4 9.3411778855e-78 1 0 
130 30 0.0 10 3 0 0 14 9 3 5.76624538721e-58 3 0 
130 30 0.0 6 1 0 0 8 1 3 4.24222641778e-63 1 0 
130 30 0.0 12 4 0 0 6 4 4 1.01925166153e-77 2 0 
130 30 2.0 1 11 0 0 16 8 1 0.0158274732844 0 4 
130 30 2.0 9 3 0 0 20 9 3 8.82766235731e-35 3 0 
130 30 2.0 3 1 0 0 9 7 2 0.0149034488779 1 1 
130 30 2.0 8 4 0 0 17 8 3 2.65609918092e-39 2 1 
130 30 2.0 2 7 0 0 24 17 2 0.0134764418926 1 4 
130 30 2.0 5 7 0 0 24 21 2 0.0141682628828 1 4 
130 30 2.0 7 6 0 0 20 10 3 5.23805827734e-43 2 2 
130 30 2.0 4 2 0 0 12 13 2 0.0143886503795 1 2 
130 30 2.0 11 2 0 0 4 1 4 2.71475655197e-46 1 0 
130 30 2.0 10 3 0 0 14 9 3 3.50335004959e-27 3 0 
130 30 2.0 6 1 0 0 8 1 3 9.18558813655e-39 1 0 
130 30 2.0 12 4 0 0 6 4 4 3.57034342797e-46 2 0 
130 31 0.0 1 11 0 0 16 8 1 0.395377432698 0 4 
130 31 0.0 9 3 0 0 20 9 3 4.43629088219e-63 3 0 
130 31 0.0 3 1 0 0 9 7 2 0.0423910024879 1 1 
130 31 0.0 8 4 0 0 17 8 3 3.1250264409e-67 2 1 
130 31 0.0 2 7 0 0 24 17 2 0.032253566233 1 4 
130 31 0.0 5 7 0 0 24 21 2 0.0410646984219 1 4 
130 31 0.0 7 6 0 0 20 10 3 1.41954766763e-68 2 2 
130 31 0.0 4 2 0 0 12 13 2 0.0416872149251 1 2 
130 31 0.0 11 2 0 0 4 1 4 1.98028095602e-78 1 0 
130 31 0.0 10 3 0 0 14 9 3 9.62743548275e-55 3 0 
130 31 0.0 6 1 0 0 8 1 3 5.69988333108e-71 1 0 
130 31 0.0 12 4 0 0 6 4 4 9.77647043519e-78 2 0 
130 31 2.0 1 11 0 0 16 8 1 0.0349095763309 0 4 
130 31 2.0 9 3 0 0 20 9 3 4.12804731146e-34 3 0 
130 31 2.0 3 1 0 0 9 7 2 0.11734595378 1 1 
130 31 2.0 8 4 0 0 17 8 3 3.51138675285e-44 2 1 
130 31 2.0 2 7 0 0 24 17 2 0.00929757316683 1 4 
130 31 2.0 5 7 0 0 24 21 2 0.114429082139 1 4 
130 31 2.0 7 6 0 0 20 10 3 5.92480316706e-50 2 2 
130 31 2.0 4 2 0 0 12 13 2 0.116986632632 1 2 
130 31 2.0 11 2 0 0 4 1 4 3.90649311458e-46 1 0 
130 31 2.0 10 3 0 0 14 9 3 2.61978686265e-21 3 0 
130 31 2.0 6 1 0 0 8 1 3 2.35470144028e-54 1 0 
130 31 2.0 12 4 0 0 6 4 4 4.12253872009e-46 2 0 
130 32 0.0 1 11 0 0 16 8 1 0.25731007157 0 4 
130 32 0.0 9 3 0 0 20 9 3 4.37159458884e-62 3 0 
130 32 0.0 3 1 0 0 9 7 2 0.020072893965 1 1 
130 32 0.0 8 4 0 0 17 8 3 2.10007490764e-69 2 1 
130 32 0.0 2 7 0 0 24 17 2 0.00403934067517 1 4 
130 32 0.0 5 7 0 0 24 21 2 0.0197597767939 1 4 
130 32 0.0 7 6 0 0 20 10 3 8.69710813435e-72 2 2 
130 32 0.0 4 2 0 0 12 13 2 0.0199836569835 1 2 
130 32 0.0 11 2 0 0 4 1 4 1.16133661991e-77 1 0 
130 32 0.0 10 3 0 0 14 9 3 2.8413876954e-53 3 0 
130 32 0.0 6 1 0 0 8 1 3 1.21699919665e-76 1 0 
130 32 0.0 12 4 0 0 6 4 4 8.95411294193e-78 2 0 
130 32 2.0 1 11 0 0 16 8 1 0.0193672654401 0 4 
130 32 2.0 9 3 0 0 20 9 3 2.27621170073e-34 3 0 
130 32 2.0 3 1 0 0 9 7 2 0.0914810583023 1 1 
130 32 2.0 8 4 0 0 17 8 3 8.86748627381e-43 2 1 
130 32 2.0 2 7 0 0 24 17 2 0.0794646187341 1 4 
130 32 2.0 5 7 0 0 24 21 2 0.0819774339211 1 4 
130 32 2.0 7 6 0 0 20 10 3 4.07818250276e-49 2 2 
130 32 2.0 4 2 0 0 12 13 2 0.0907837723679 1 2 
130 32 2.0 11 2 0 0 4 1 4 4.5391491373e-46 1 0 
130 32 2.0 10 3 0 0 14 9 3 9.3060107049e-26 3 0 
130 32 2.0 6 1 0 0 8 1 3 2.06360978478e-41 1 0 
130 32 2.0 12 4 0 0 6 4 4 3.48800419543e-46 2 0 
130 33 0.0 1 11 0 0 16 8 1 0.364480423681 0 4 
130 33 0.0 9 3 0 0 20 9 3 6.05694260841e-63 3 0 
130 33 0.0 3 1 0 0 9 7 2 0.048258069513 1 1 
130 33 0.0 8 4 0 0 17 8 3 4.96383513492e-69 2 1 
130 33 0.0 2 7 0 0 24 17 2 0.00680519180015 1 4 
130 33 0.0 5 7 0 0 24 21 2 0.0475293000617 1 4 
130 33 0.0 7 6 0 0 20 10 3 2.65017838008e-72 2 2 
130 33 0.0 4 2 0 0 12 13 2 0.0480634104956 1 2 
130 33 0.0 11 2 0 0 4 1 4 9.64466491173e-78 1 0 
130 33 0.0 10 3 0 0 14 9 3 5.37913898535e-54 3 0 
130 33 0.0 6 1 0 0 8 1 3 3.75116384274e-77 1 0 
130 33 0.0 12 4 0 0 6 4 4 1.55005878196e-77 2 0 
130 33 2.0 1 11 0 0 16 8 1 0.254273064703 0 4 
130 33 2.0 9 3 0 0 20 9 3 4.28606796894e-36 3 0 
130 33 2.0 3 1 0 0 9 7 2 0.128811512676 1 1 
130 33 2.0 8 4 0 0 17 8 3 3.5268783547e-44 2 1 
130 33 2.0 2 7 0 0 24 17 2 0.0211774840518 1 4 
130 33 2.0 5 7 0 0 24 21 2 0.125575778187 1 4 
130 33 2.0 7 6 0 0 20 10 3 3.24766739254e-48 2 2 
130 33 2.0 4 2 0 0 12 13 2 0.127445724433 1 2 
130 33 2.0 11 2 0 0 4 1 4 2.45590095345e-46 1 0 
130 33 2.0 10 3 0 0 14 9 3 6.66610708169e-23 3 0 
130 33 2.0 6 1 0 0 8 1 3 7.72973037222e-54 1 0 
130 33 2.0 12 4 0 0 6 4 4 2.88661049293e-46 2 0 
130 34 0.0 1 11 0 0 16 8 1 0.101400212266 0 4 
130 34 0.0 9 3 0 0 20 9 3 3.72870789473e-63 3 0 
130 34 0.0 3 1 0 0 9 7 2 0.0148627495063 1 1 
130 34 0.0 8 4 0 0 17 8 3 1.56925105692e-67 2 1 
130 34 0.0 2 7 0 0 24 17 2 0.0108230233378 1 4 
130 34 0.0 5 7 0 0 24 21 2 0.0144135835704 1 4 
130 34 0.0 7 6 0 0 20 10 3 1.50816860122e-70 2 2 
130 34 0.0 4 2 0 0 12 13 2 0.0146408966796 1 2 
130 34 0.0 11 2 0 0 4 1 4 8.38835640698e-78 1 0 
130 34 0.0 10 3 0 0 14 9 3 3.51429233661e-55 3 0 
130 34 0.0 6 1 0 0 8 1 3 1.76698485414e-71 1 0 
130 34 0.0 12 4 0 0 6 4 4 1.18015919439e-77 2 0 
130 34 2.0 1 11 0 0 16 8 1 0.0454893847064 0 4 
130 34 2.0 9 3 0 0 20 9 3 5.63602592871e-37 3 0 
130 34 2.0 3 1 0 0 9 7 2 0.12491921683 1 1 
130 34 2.0 8 4 0 0 17 8 3 1.17593072087e-45 2 1 
130 34 2.0 2 7 0 0 24 17 2 0.0450980384361 1 4 
130 34 2.0 5 7 0 0 24 21 2 0.120360760631 1 4 
130 34 2.0 7 6 0 0 20 10 3 2.42390423519e-49 2 2 
130 34 2.0 4 2 0 0 12 13 2 0.123372924056 1 2 
130 34 2.0 11 2 0 0 4 1 4 1.68558340876e-46 1 0 
130 34 2.0 10 3 0 0 14 9 3 1.2964752885e-21 3 0 
130 34 2.0 6 1 0 0 8 1 3 4.38071905946e-52 1 0 
130 34 2.0 12 4 0 0 6 4 4 4.80520606026e-46 2 0 
130 35 0.0 1 11 0 0 16 8 1 0.0663187575548 0 4 
130 35 0.0 9 3 0 0 20 9 3 4.67046039435e-64 3 0 
130 35 0.0 3 1 0 0 9 7 2 0.0409878465424 1 1 
130 35 0.0 8 4 0 0 17 8 3 4.74959605298e-70 2 1 
130 35 0.0 2 7 0 0 24 17 2 0.01157391829 1 4 
130 35 0.0 5 7 0 0 24 21 2 0.039509684909 1 4 
130 35 0.0 7 6 0 0 20 10 3 6.17628119222e-72 2 2 
130 35 0.0 4 2 0 0 12 13 2 0.0406083999181 1 2 
130 35 0.0 11 2 0 0 4 1 4 4.41421102848e-78 1 0 
130 35 0.0 10 3 0 0 14 9 3 2.2349834433e-53 3 0 
130 35 0.0 6 1 0 0 8 1 3 2.86377199673e-76 1 0 
130 35 0.0 12 4 0 0 6 4 4 8.82129257652e-78 2 0 
130 35 2.0 1 11 0 0 16 8 1 0.00971476932668 0 4 
130 35 2.0 9 3 0 0 20 9 3 8.30587952382e-33 3 0 
130 35 2.0 3 1 0 0 9 7 2 0.0318480051219 1 1 
130 35 2.0 8 4 0 0 17 8 3 1.75399107312e-39 2 1 
130 35 2.0 2 7 0 0 24 17 2 0.0301131589284 1 4 
130 35 2.0 5 7 0 0 24 21 2 0.0291506710964 1 4 
130 35 2.0 7 6 0 0 20 10 3 1.16668976026e-45 2 2 
130 35 2.0 4 2 0 0 12 13 2 0.0315313357751 1 2 
130 35 2.0 11 2 0 0 4 1 4 4.15794410028e-46 1 0 
130 35 2.0 10 3 0 0 14 9 3 1.61008779874e-27 3 0 
130 35 2.0 6 1 0 0 8 1 3 7.0325125108e-36 1 0 
130 35 2.0 12 4 0 0 6 4 4 5.50848083766e-46 2 0 
130 36 0.0 1 11 0 0 16 8 1 0.329189793702 0 4 
130 36 0.0 9 3 0 0 20 9 3 1.60707656176e-64 3 0 
130 36 0.0 3 1 0 0 9 7 2 0.0317279757777 1 1 
130 36 0.0 8 4 0 0 17 8 3 2.32264557711e-70 2 1 
130 36 0.0 2 7 0 0 24 17 2 0.00652745848979 1 4 
130 36 0.0 5 7 0 0 24 21 2 0.030297036428 1 4 
130 36 0.0 7 6 0 0 20 10 3 3.86454887223e-74 2 2 
130 36 0.0 4 2 0 0 12 13 2 0.0314572555658 1 2 
130 36 0.0 11 2 0 0 4 1 4 1.30004300088e-77 1 0 
130 36 0.0 10 3 0 0 14 9 3 7.39316062029e-53 3 0 
130 36 0.0 6 1 0 0 8 1 3 8.80112061432e-77 1 0 
130 36 0.0 12 4 0 0 6 4 4 8.24973587446e-78 2 0 
130 36 2.0 1 11 0 0 16 8 1 0.101410722954 0 4 
130 36 2.0 9 3 0 0 20 9 3 1.56817004082e-36 3 0 
130 36 2.0 3 1 0 0 9 7 2 0.00661148887712 1 1 
130 36 2.0 8 4 0 0 17 8 3 5.16926508605e-46 2 1 
130 36 2.0 2 7 0 0 24 17 2 0.00472679058179 1 4 
130 36 2.0 5 7 0 0 24 21 2 0.0057739840673 1 4 
130 36 2.0 7 6 0 0 20 10 3 1.8800710385e-50 2 2 
130 36 2.0 4 2 0 0 12 13 2 0.00655724955743 1 2 
130 36 2.0 11 2 0 0 4 1 4 1.89072798831e-46 1 0 
130 36 2.0 10 3 0 0 14 9 3 8.29856033334e-24 3 0 
130 36 2.0 6 1 0 0 8 1 3 2.61550250719e-46 1 0 
130 36 2.0 12 4 0 0 6 4 4 3.98471660963e-46 2 0 
130 37 0.0 1 11 0 0 16 8 1 0.375567271472 0 4 
130 37 0.0 9 3 0 0 20 9 3 1.44923760164e-64 3 0 
130 37 0.0 3 1 0 0 9 7 2 0.0310083227767 1 1 
130 37 0.0 8 4 0 0 17 8 3 1.24558284761e-68 2 1 
130 37 0.0 2 7 0 0 24 17 2 0.0227431111863 1 4 
130 37 0.0 5 7 0 0 24 21 2 0.0292736300881 1 4 
130 37 0.0 7 6 0 0 20 10 3 3.34536526229e-72 2 2 
130 37 0.0 4 2 0 0 12 13 2 0.0303688703863 1 2 
130 37 0.0 11 2 0 0 4 1 4 1.24739325301e-77 1 0 
130 37 0.0 10 3 0 0 14 9 3 2.34860760427e-54 3 0 
130 37 0.0 6 1 0 0 8 1 3 1.57844526367e-71 1 0 
130 37 0.0 12 4 0 0 6 4 4 1.13854453152e-77 2 0 
130 37 2.0 1 11 0 0 16 8 1 0.0140218535457 0 4 
130 37 2.0 9 3 0 0 20 9 3 2.08208870186e-33 3 0 
130 37 2.0 3 1 0 0 9 7 2 0.0173569646579 1 1 
130 37 2.0 8 4 0 0 17 8 3 4.56927248603e-36 2 1 
130 37 2.0 2 7 0 0 24 17 2 0.0163982302377 1 4 
130 37 2.0 5 7 0 0 24 21 2 0.0169966732079 1 4 
130 37 2.0 7 6 0 0 20 10 3 3.6142341912e-41 2 2 
130 37 2.0 4 2 0 0 12 13 2 0.016449921356 1 2 
130 37 2.0 11 2 0 0 4 1 4 3.17170569941e-46 1 0 
130 37 2.0 10 3 0 0 14 9 3 1.73100260556e-26 3 0 
130 37 2.0 6 1 0 0 8 1 3 6.50512960997e-36 1 0 
130 37 2.0 12 4 0 0 6 4 4 5.80683891348e-46 2 0 
130 38 0.0 1 11 0 0 16 8 1 0.279189208565 0 4 
130 38 0.0 9 3 0 0 20 9 3 1.70718883909e-63 3 0 
130 38 0.0 3 1 0 0 9 7 2 0.0174278971793 1 1 
130 38 0.0 8 4 0 0 17 8 3 1.40194236753e-68 2 1 
130 38 0.0 2 7 0 0 24 17 2 0.00904751371763 1 4 
130 38 0.0 5 7 0 0 24 21 2 0.016718713044 1 4 
130 38 0.0 7 6 0 0 20 10 3 2.74471525945e-71 2 2 
130 38 0.0 4 2 0 0 12 13 2 0.0173536489741 1 2 
130 38 0.0 11 2 0 0 4 1 4 8.94643746195e-78 1 0 
130 38 0.0 10 3 0 0 14 9 3 7.33815677143e-55 3 0 
130 38 0.0 6 1 0 0 8 1 3 3.70926618733e-74 1 0 
130 38 0.0 12 4 0 0 6 4 4 4.07212785369e-78 2 0 
130 38 2.0 1 11 0 0 16 8 1 0.0146464107532 0 4 
130 38 2.0 9 3 0 0 20 9 3 1.78308983496e-35 3 0 
130 38 2.0 3 1 0 0 9 7 2 0.076309910319 1 1 
130 38 2.0 8 4 0 0 17 8 3 2.03120230495e-41 2 1 
130 38 2.0 2 7 0 0 24 17 2 0.0566144867014 1 4 
130 38 2.0 5 7 0 0 24 21 2 0.0736100968263 1 4 
130 38 2.0 7 6 0 0 20 10 3 1.89485379483e-42 2 2 
130 38 2.0 4 2 0 0 12 13 2 0.0747709789731 1 2 
130 38 2.0 11 2 0 0 4 1 4 5.24777041664e-47 1 0 
130 38 2.0 10 3 0 0 14 9 3 3.17280632425e-24 3 0 
130 38 2.0 6 1 0 0 8 1 3 9.52562830191e-46 1 0 
130 38 2.0 12 4 0 0 6 4 4 2.50435503395e-46 2 0 
130 39 0.0 1 11 0 0 16 8 1 0.209455543219 0 4 
130 39 0.0 9 3 0 0 20 9 3 3.45829256487e-64 3 0 
130 39 0.0 3 1 0 0 9 7 2 0.0820714657024 1 1 
130 39 0.0 8 4 0 0 17 8 3 2.12739140698e-70 2 1 
130 39 0.0 2 7 0 0 24 17 2 0.0233718349868 1 4 
130 39 0.0 5 7 0 0 24 21 2 0.0787496958363 1 4 
130 39 0.0 7 6 0 0 20 10 3 5.4745757887e-74 2 2 
130 39 0.0 4 2 0 0 12 13 2 0.0814151937632 1 2 
130 39 0.0 11 2 0 0 4 1 4 1.30293285015e-77 1 0 
130 39 0.0 10 3 0 0 14 9 3 6.00104380208e-54 3 0 
130 39 0.0 6 1 0 0 8 1 3 3.40370369319e-76 1 0 
130 39 0.0 12 4 0 0 6 4 4 1.23838801123e-77 2 0 
130 39 2.0 1 11 0 0 16 8 1 0.144041050184 0 4 
130 39 2.0 9 3 0 0 20 9 3 1.09185593399e-37 3 0 
130 39 2.0 3 1 0 0 9 7 2 0.0104378530626 1 1 
130 39 2.0 8 4 0 0 17 8 3 9.70749191089e-45 2 1 
130 39 2.0 2 7 0 0 24 17 2 0.00254110678197 1 4 
130 39 2.0 5 7 0 0 24 21 2 0.00995328177654 1 4 
130 39 2.0 7 6 0 0 20 10 3 4.75672616729e-46 2 2 
130 39 2.0 4 2 0 0 12 13 2 0.0103175903899 1 2 
130 39 2.0 11 2 0 0 4 1 4 7.37121045531e-47 1 0 
130 39 2.0 10 3 0 0 14 9 3 6.12524665196e-21 3 0 
130 39 2.0 6 1 0 0 8 1 3 4.45666599807e-53 1 0 
130 39 2.0 12 4 0 0 6 4 4 1.16683089712e-46 2 0 
130 40 0.0 1 11 0 0 16 8 1 0.194814589518 0 4 
130 40 0.0 9 3 0 0 20 9 3 1.93693906503e-64 3 0 
130 40 0.0 3 1 0 0 9 7 2 0.0195359277163 1 1 
130 40 0.0 8 4 0 0 17 8 3 2.32378197314e-73 2 1 
130 40 0.0 2 7 0 0 24 17 2 0.00739417463265 1 4 
130 40 0.0 5 7 0 0 24 21 2 0.0164237191469 1 4 
130 40 0.0 7 6 0 0 20 10 3 5.55377870171e-75 2 2 
130 40 0.0 4 2 0 0 12 13 2 0.0194803690134 1 2 
130 40 0.0 11 2 0 0 4 1 4 4.7810831586e-78 1 0 
130 40 0.0 10 3 0 0 14 9 3 2.2954192071e-53 3 0 
130 40 0.0 6 1 0 0 8 1 3 1.55019523056e-75 1 0 
130 40 0.0 12 4 0 0 6 4 4 9.86050956719e-78 2 0 
130 40 2.0 1 11 0 0 16 8 1 0.0225685816625 0 4 
130 40 2.0 9 3 0 0 20 9 3 3.14456482843e-36 3 0 
130 40 2.0 3 1 0 0 9 7 2 0.0226877688165 1 1 
130 40 2.0 8 4 0 0 17 8 3 4.54345262775e-49 2 1 
130 40 2.0 2 7 0 0 24 17 2 0.00598268530903 1 4 
130 40 2.0 5 7 0 0 24 21 2 0.0203891974518 1 4 
130 40 2.0 7 6 0 0 20 10 3 4.28190122506e-53 2 2 
130 40 2.0 4 2 0 0 12 13 2 0.0226194934424 1 2 
130 40 2.0 11 2 0 0 4 1 4 2.11683690389e-46 1 0 
130 40 2.0 10 3 0 0 14 9 3 5.32900574758e-21 3 0 
130 40 2.0 6 1 0 0 8 1 3 8.7450627626e-53 1 0 
130 40 2.0 12 4 0 0 6 4 4 4.78092435412e-46 2 0 
