116 1 0.0 14 13 15 0 14 23 3 1.19373099077e-66 5 2 
116 1 0.0 3 1 0 0 4 24 1 0.465708723022 0 2 
116 1 0.0 16 13 12 0 20 40 2 3.03047586534e-24 8 0 
116 1 0.0 9 17 12 0 28 36 2 2.1356198524e-06 4 4 
116 1 0.0 6 19 6 0 10 18 2 0.223482404122 2 4 
116 1 0.0 1 14 4 0 17 28 1 0.275311204696 0 5 
116 1 0.0 11 9 6 0 25 35 2 0.101260430086 3 3 
116 1 0.0 8 24 15 0 30 25 2 9.73144642932e-51 3 6 
116 1 0.0 10 17 12 0 28 36 2 2.45349706407e-06 4 4 
116 1 0.0 7 16 6 0 9 14 2 0.129537666876 2 3 
116 1 0.0 2 3 1 0 7 28 1 0.275319611052 0 3 
116 1 0.0 13 11 12 0 13 23 3 2.22319090675e-78 3 3 
116 1 0.0 12 7 1 0 31 26 2 0.524509262978 4 1 
116 1 0.0 5 6 1 0 2 6 1 0.153034368996 0 2 
116 1 0.0 4 4 0 0 1 4 1 0.509221353692 0 1 
116 1 0.0 15 18 11 0 13 30 3 2.56996637135e-25 6 1 
116 1 2.0 14 13 15 0 14 23 3 2.26758202071e-64 5 2 
116 1 2.0 3 1 0 0 4 24 1 0.419044730231 0 2 
116 1 2.0 16 13 12 0 20 40 2 0.087657973069 8 0 
116 1 2.0 9 17 12 0 28 36 2 0.00906941376203 4 4 
116 1 2.0 6 19 6 0 10 18 2 0.258652563522 2 4 
116 1 2.0 1 14 4 0 17 28 1 0.27999142128 0 5 
116 1 2.0 11 9 6 0 25 35 2 0.10872463624 3 3 
116 1 2.0 8 24 15 0 30 25 2 1.83441411813e-34 3 6 
116 1 2.0 10 17 12 0 28 36 2 0.00879015749227 4 4 
116 1 2.0 7 16 6 0 9 14 2 0.194067742443 2 3 
116 1 2.0 2 3 1 0 7 28 1 0.246122120251 0 3 
116 1 2.0 13 11 12 0 13 23 3 2.54785010534e-76 3 3 
116 1 2.0 12 7 1 0 31 26 2 0.634719521384 4 1 
116 1 2.0 5 6 1 0 2 6 1 0.0595485577774 0 2 
116 1 2.0 4 4 0 0 1 4 1 0.506340980173 0 1 
116 1 2.0 15 18 11 0 13 30 3 0.259035522171 6 1 
116 2 0.0 14 13 15 0 14 23 3 9.72183962053e-67 5 2 
116 2 0.0 3 1 0 0 4 24 1 0.465708951595 0 2 
116 2 0.0 16 13 12 0 20 40 2 3.47842942126e-24 8 0 
116 2 0.0 9 17 12 0 28 36 2 6.86316274277e-06 4 4 
116 2 0.0 6 19 6 0 10 18 2 0.223482788278 2 4 
116 2 0.0 1 14 4 0 17 28 1 0.275306159404 0 5 
116 2 0.0 11 9 6 0 25 35 2 0.101258247171 3 3 
116 2 0.0 8 24 15 0 30 25 2 5.78435223097e-51 3 6 
116 2 0.0 10 17 12 0 28 36 2 3.01656078943e-06 4 4 
116 2 0.0 7 16 6 0 9 14 2 0.12953703722 2 3 
116 2 0.0 2 3 1 0 7 28 1 0.275324257788 0 3 
116 2 0.0 13 11 12 0 13 23 3 1.57449549538e-78 3 3 
116 2 0.0 12 7 1 0 31 26 2 0.524508955981 4 1 
116 2 0.0 5 6 1 0 2 6 1 0.153038637122 0 2 
116 2 0.0 4 4 0 0 1 4 1 0.509221906616 0 1 
116 2 0.0 15 18 11 0 13 30 3 1.2824732723e-25 6 1 
116 2 2.0 14 13 15 0 14 23 3 6.85996224507e-65 5 2 
116 2 2.0 3 1 0 0 4 24 1 0.419059759375 0 2 
116 2 2.0 16 13 12 0 20 40 2 0.0876317031261 8 0 
116 2 2.0 9 17 12 0 28 36 2 0.00938255557901 4 4 
116 2 2.0 6 19 6 0 10 18 2 0.258649757772 2 4 
116 2 2.0 1 14 4 0 17 28 1 0.280019326182 0 5 
116 2 2.0 11 9 6 0 25 35 2 0.108749129319 3 3 
116 2 2.0 8 24 15 0 30 25 2 7.80431109333e-34 3 6 
116 2 2.0 10 17 12 0 28 36 2 0.00842721499439 4 4 
116 2 2.0 7 16 6 0 9 14 2 0.194071702681 2 3 
116 2 2.0 2 3 1 0 7 28 1 0.246099609608 0 3 
116 2 2.0 13 11 12 0 13 23 3 2.50075260031e-77 3 3 
116 2 2.0 12 7 1 0 31 26 2 0.634726017438 4 1 
116 2 2.0 5 6 1 0 2 6 1 0.0595183142843 0 2 
116 2 2.0 4 4 0 0 1 4 1 0.506335837699 0 1 
116 2 2.0 15 18 11 0 13 30 3 0.259054652064 6 1 
116 3 0.0 14 13 15 0 14 23 3 4.64905131178e-67 5 2 
116 3 0.0 3 1 0 0 4 24 1 0.465708892172 0 2 
116 3 0.0 16 13 12 0 20 40 2 3.29410512889e-24 8 0 
116 3 0.0 9 17 12 0 28 36 2 1.32407558747e-06 4 4 
116 3 0.0 6 19 6 0 10 18 2 0.223482688401 2 4 
116 3 0.0 1 14 4 0 17 28 1 0.275307471104 0 5 
116 3 0.0 11 9 6 0 25 35 2 0.101258814699 3 3 
116 3 0.0 8 24 15 0 30 25 2 2.04200520052e-50 3 6 
116 3 0.0 10 17 12 0 28 36 2 7.18017741655e-06 4 4 
116 3 0.0 7 16 6 0 9 14 2 0.129537200927 2 3 
116 3 0.0 2 3 1 0 7 28 1 0.275323049703 0 3 
116 3 0.0 13 11 12 0 13 23 3 3.36441217123e-78 3 3 
116 3 0.0 12 7 1 0 31 26 2 0.524509035793 4 1 
116 3 0.0 5 6 1 0 2 6 1 0.153037527472 0 2 
116 3 0.0 4 4 0 0 1 4 1 0.50922176287 0 1 
116 3 0.0 15 18 11 0 13 30 3 1.37639981335e-25 6 1 
116 3 2.0 14 13 15 0 14 23 3 2.79833790629e-64 5 2 
116 3 2.0 3 1 0 0 4 24 1 0.419069835695 0 2 
116 3 2.0 16 13 12 0 20 40 2 0.0876159208039 8 0 
116 3 2.0 9 17 12 0 28 36 2 0.00859564541683 4 4 
116 3 2.0 6 19 6 0 10 18 2 0.258648858138 2 4 
116 3 2.0 1 14 4 0 17 28 1 0.280035447658 0 5 
116 3 2.0 11 9 6 0 25 35 2 0.10876377478 3 3 
116 3 2.0 8 24 15 0 30 25 2 6.94741290145e-34 3 6 
116 3 2.0 10 17 12 0 28 36 2 0.00918544273987 4 4 
116 3 2.0 7 16 6 0 9 14 2 0.194071556559 2 3 
116 3 2.0 2 3 1 0 7 28 1 0.246086298046 0 3 
116 3 2.0 13 11 12 0 13 23 3 9.19068693905e-77 3 3 
116 3 2.0 12 7 1 0 31 26 2 0.634728820396 4 1 
116 3 2.0 5 6 1 0 2 6 1 0.0595000787172 0 2 
116 3 2.0 4 4 0 0 1 4 1 0.506330759748 0 1 
116 3 2.0 15 18 11 0 13 30 3 0.259067725006 6 1 
116 4 0.0 14 13 15 0 14 23 3 1.76133278188e-66 5 2 
116 4 0.0 3 1 0 0 4 24 1 0.465708846098 0 2 
116 4 0.0 16 13 12 0 20 40 2 4.66162082603e-24 8 0 
116 4 0.0 9 17 12 0 28 36 2 3.46424807617e-06 4 4 
116 4 0.0 6 19 6 0 10 18 2 0.223482610936 2 4 
116 4 0.0 1 14 4 0 17 28 1 0.275308488697 0 5 
116 4 0.0 11 9 6 0 25 35 2 0.101259254982 3 3 
116 4 0.0 8 24 15 0 30 25 2 3.15716163022e-51 3 6 
116 4 0.0 10 17 12 0 28 36 2 3.9729557515e-06 4 4 
116 4 0.0 7 16 6 0 9 14 2 0.129537327882 2 3 
116 4 0.0 2 3 1 0 7 28 1 0.27532211245 0 3 
116 4 0.0 13 11 12 0 13 23 3 9.24815055515e-79 3 3 
116 4 0.0 12 7 1 0 31 26 2 0.524509097676 4 1 
116 4 0.0 5 6 1 0 2 6 1 0.153036666636 0 2 
116 4 0.0 4 4 0 0 1 4 1 0.509221651303 0 1 
116 4 0.0 15 18 11 0 13 30 3 1.75813749715e-25 6 1 
116 4 2.0 14 13 15 0 14 23 3 2.82694944272e-65 5 2 
116 4 2.0 3 1 0 0 4 24 1 0.419146431536 0 2 
116 4 2.0 16 13 12 0 20 40 2 0.0874776270207 8 0 
116 4 2.0 9 17 12 0 28 36 2 0.0100803239487 4 4 
116 4 2.0 6 19 6 0 10 18 2 0.258632224674 2 4 
116 4 2.0 1 14 4 0 17 28 1 0.280183840802 0 5 
116 4 2.0 11 9 6 0 25 35 2 0.108892865399 3 3 
116 4 2.0 8 24 15 0 30 25 2 8.78508918927e-34 3 6 
116 4 2.0 10 17 12 0 28 36 2 0.00743557240227 4 4 
116 4 2.0 7 16 6 0 9 14 2 0.194098408545 2 3 
116 4 2.0 2 3 1 0 7 28 1 0.245967354998 0 3 
116 4 2.0 13 11 12 0 13 23 3 5.02628057749e-78 3 3 
116 4 2.0 12 7 1 0 31 26 2 0.634765693555 4 1 
116 4 2.0 5 6 1 0 2 6 1 0.0593410629426 0 2 
116 4 2.0 4 4 0 0 1 4 1 0.506308404804 0 1 
116 4 2.0 15 18 11 0 13 30 3 0.259164617152 6 1 
116 5 0.0 14 13 15 0 14 23 3 4.54755824834e-67 5 2 
116 5 0.0 3 1 0 0 4 24 1 0.465708806679 0 2 
116 5 0.0 16 13 12 0 20 40 2 3.81238336047e-24 8 0 
116 5 0.0 9 17 12 0 28 36 2 4.01646903082e-06 4 4 
116 5 0.0 6 19 6 0 10 18 2 0.22348254469 2 4 
116 5 0.0 1 14 4 0 17 28 1 0.275309358693 0 5 
116 5 0.0 11 9 6 0 25 35 2 0.101259631396 3 3 
116 5 0.0 8 24 15 0 30 25 2 4.90285189074e-51 3 6 
116 5 0.0 10 17 12 0 28 36 2 2.50843377206e-06 4 4 
116 5 0.0 7 16 6 0 9 14 2 0.129537436463 2 3 
116 5 0.0 2 3 1 0 7 28 1 0.275321311188 0 3 
116 5 0.0 13 11 12 0 13 23 3 9.49631931991e-79 3 3 
116 5 0.0 12 7 1 0 31 26 2 0.52450915062 4 1 
116 5 0.0 5 6 1 0 2 6 1 0.153035930652 0 2 
116 5 0.0 4 4 0 0 1 4 1 0.509221555969 0 1 
116 5 0.0 15 18 11 0 13 30 3 6.53076036087e-26 6 1 
116 5 2.0 14 13 15 0 14 23 3 4.19800042535e-65 5 2 
116 5 2.0 3 1 0 0 4 24 1 0.419038433661 0 2 
116 5 2.0 16 13 12 0 20 40 2 0.0876683420852 8 0 
116 5 2.0 9 17 12 0 28 36 2 0.00910679509482 4 4 
116 5 2.0 6 19 6 0 10 18 2 0.258653398513 2 4 
116 5 2.0 1 14 4 0 17 28 1 0.27998062784 0 5 
116 5 2.0 11 9 6 0 25 35 2 0.108714991657 3 3 
116 5 2.0 8 24 15 0 30 25 2 7.06153010015e-35 3 6 
116 5 2.0 10 17 12 0 28 36 2 0.00877200434879 4 4 
116 5 2.0 7 16 6 0 9 14 2 0.194067054378 2 3 
116 5 2.0 2 3 1 0 7 28 1 0.246130934025 0 3 
116 5 2.0 13 11 12 0 13 23 3 1.17458951839e-75 3 3 
116 5 2.0 12 7 1 0 31 26 2 0.634717339829 4 1 
116 5 2.0 5 6 1 0 2 6 1 0.0595605190267 0 2 
116 5 2.0 4 4 0 0 1 4 1 0.506343700537 0 1 
116 5 2.0 15 18 11 0 13 30 3 0.259027421709 6 1 
116 6 0.0 14 13 15 0 14 23 3 5.28457850415e-67 5 2 
116 6 0.0 3 1 0 0 4 24 1 0.465708793791 0 2 
116 6 0.0 16 13 12 0 20 40 2 3.64120982233e-24 8 0 
116 6 0.0 9 17 12 0 28 36 2 2.86500928463e-06 4 4 
116 6 0.0 6 19 6 0 10 18 2 0.223482523033 2 4 
116 6 0.0 1 14 4 0 17 28 1 0.275309643146 0 5 
116 6 0.0 11 9 6 0 25 35 2 0.101259754468 3 3 
116 6 0.0 8 24 15 0 30 25 2 6.04066528628e-51 3 6 
116 6 0.0 10 17 12 0 28 36 2 3.36160889101e-06 4 4 
116 6 0.0 7 16 6 0 9 14 2 0.129537471965 2 3 
116 6 0.0 2 3 1 0 7 28 1 0.275321049207 0 3 
116 6 0.0 13 11 12 0 13 23 3 2.25539271617e-78 3 3 
116 6 0.0 12 7 1 0 31 26 2 0.52450916793 4 1 
116 6 0.0 5 6 1 0 2 6 1 0.153035690015 0 2 
116 6 0.0 4 4 0 0 1 4 1 0.509221524793 0 1 
116 6 0.0 15 18 11 0 13 30 3 4.99886912869e-26 6 1 
116 6 2.0 14 13 15 0 14 23 3 1.09049763423e-64 5 2 
116 6 2.0 3 1 0 0 4 24 1 0.419056291482 0 2 
116 6 2.0 16 13 12 0 20 40 2 0.0876383843658 8 0 
116 6 2.0 9 17 12 0 28 36 2 0.00861829058604 4 4 
116 6 2.0 6 19 6 0 10 18 2 0.258650736849 2 4 
116 6 2.0 1 14 4 0 17 28 1 0.280012012925 0 5 
116 6 2.0 11 9 6 0 25 35 2 0.108742877047 3 3 
116 6 2.0 8 24 15 0 30 25 2 3.87676341602e-34 3 6 
116 6 2.0 10 17 12 0 28 36 2 0.009204563719 4 4 
116 6 2.0 7 16 6 0 9 14 2 0.194069842563 2 3 
116 6 2.0 2 3 1 0 7 28 1 0.246105405272 0 3 
116 6 2.0 13 11 12 0 13 23 3 1.18041416959e-76 3 3 
116 6 2.0 12 7 1 0 31 26 2 0.634723993061 4 1 
116 6 2.0 5 6 1 0 2 6 1 0.0595259832534 0 2 
116 6 2.0 4 4 0 0 1 4 1 0.506336473339 0 1 
116 6 2.0 15 18 11 0 13 30 3 0.259050321593 6 1 
116 7 0.0 14 13 15 0 14 23 3 6.56795530169e-67 5 2 
116 7 0.0 3 1 0 0 4 24 1 0.46570889561 0 2 
116 7 0.0 16 13 12 0 20 40 2 3.04382728575e-24 8 0 
116 7 0.0 9 17 12 0 28 36 2 3.59270893449e-06 4 4 
116 7 0.0 6 19 6 0 10 18 2 0.223482694157 2 4 
116 7 0.0 1 14 4 0 17 28 1 0.275307395716 0 5 
116 7 0.0 11 9 6 0 25 35 2 0.101258782087 3 3 
116 7 0.0 8 24 15 0 30 25 2 1.30792440278e-51 3 6 
116 7 0.0 10 17 12 0 28 36 2 4.99061320998e-06 4 4 
116 7 0.0 7 16 6 0 9 14 2 0.129537191483 2 3 
116 7 0.0 2 3 1 0 7 28 1 0.275323119098 0 3 
116 7 0.0 13 11 12 0 13 23 3 2.63502706619e-78 3 3 
116 7 0.0 12 7 1 0 31 26 2 0.524509031177 4 1 
116 7 0.0 5 6 1 0 2 6 1 0.153037591255 0 2 
116 7 0.0 4 4 0 0 1 4 1 0.509221771088 0 1 
116 7 0.0 15 18 11 0 13 30 3 5.33043095433e-26 6 1 
116 7 2.0 14 13 15 0 14 23 3 2.11762806609e-65 5 2 
116 7 2.0 3 1 0 0 4 24 1 0.41907080204 0 2 
116 7 2.0 16 13 12 0 20 40 2 0.0876148704928 8 0 
116 7 2.0 9 17 12 0 28 36 2 0.00883749605445 4 4 
116 7 2.0 6 19 6 0 10 18 2 0.258649020072 2 4 
116 7 2.0 1 14 4 0 17 28 1 0.280036339661 0 5 
116 7 2.0 11 9 6 0 25 35 2 0.108764730184 3 3 
116 7 2.0 8 24 15 0 30 25 2 2.35353955452e-34 3 6 
116 7 2.0 10 17 12 0 28 36 2 0.00894203227931 4 4 
116 7 2.0 7 16 6 0 9 14 2 0.194070834 2 3 
116 7 2.0 2 3 1 0 7 28 1 0.246085471335 0 3 
116 7 2.0 13 11 12 0 13 23 3 3.62401146213e-78 3 3 
116 7 2.0 12 7 1 0 31 26 2 0.634728696206 4 1 
116 7 2.0 5 6 1 0 2 6 1 0.0594988458859 0 2 
116 7 2.0 4 4 0 0 1 4 1 0.506329860538 0 1 
116 7 2.0 15 18 11 0 13 30 3 0.259069041377 6 1 
116 8 0.0 14 13 15 0 14 23 3 1.17073291978e-66 5 2 
116 8 0.0 3 1 0 0 4 24 1 0.465708809975 0 2 
116 8 0.0 16 13 12 0 20 40 2 1.9715683688e-24 8 0 
116 8 0.0 9 17 12 0 28 36 2 2.14402829255e-06 4 4 
116 8 0.0 6 19 6 0 10 18 2 0.223482550234 2 4 
116 8 0.0 1 14 4 0 17 28 1 0.275309285894 0 5 
116 8 0.0 11 9 6 0 25 35 2 0.101259599898 3 3 
116 8 0.0 8 24 15 0 30 25 2 6.48076281647e-51 3 6 
116 8 0.0 10 17 12 0 28 36 2 4.45721244819e-06 4 4 
116 8 0.0 7 16 6 0 9 14 2 0.129537427382 2 3 
116 8 0.0 2 3 1 0 7 28 1 0.275321378239 0 3 
116 8 0.0 13 11 12 0 13 23 3 7.71623043138e-79 3 3 
116 8 0.0 12 7 1 0 31 26 2 0.524509146193 4 1 
116 8 0.0 5 6 1 0 2 6 1 0.153035992236 0 2 
116 8 0.0 4 4 0 0 1 4 1 0.509221563948 0 1 
116 8 0.0 15 18 11 0 13 30 3 3.04728283005e-25 6 1 
116 8 2.0 14 13 15 0 14 23 3 1.53813413044e-65 5 2 
116 8 2.0 3 1 0 0 4 24 1 0.419112191504 0 2 
116 8 2.0 16 13 12 0 20 40 2 0.0875383330944 8 0 
116 8 2.0 9 17 12 0 28 36 2 0.00772571139313 4 4 
116 8 2.0 6 19 6 0 10 18 2 0.258639058502 2 4 
116 8 2.0 1 14 4 0 17 28 1 0.280119088039 0 5 
116 8 2.0 11 9 6 0 25 35 2 0.108836241919 3 3 
116 8 2.0 8 24 15 0 30 25 2 1.36079986773e-33 3 6 
116 8 2.0 10 17 12 0 28 36 2 0.00990587415796 4 4 
116 8 2.0 7 16 6 0 9 14 2 0.19408812151 2 3 
116 8 2.0 2 3 1 0 7 28 1 0.24601943186 0 3 
116 8 2.0 13 11 12 0 13 23 3 2.68337990236e-77 3 3 
116 8 2.0 12 7 1 0 31 26 2 0.634750151585 4 1 
116 8 2.0 5 6 1 0 2 6 1 0.0594108993002 0 2 
116 8 2.0 4 4 0 0 1 4 1 0.506319400781 0 1 
116 8 2.0 15 18 11 0 13 30 3 0.259121154971 6 1 
116 9 0.0 14 13 15 0 14 23 3 9.10817900105e-67 5 2 
116 9 0.0 3 1 0 0 4 24 1 0.465708742706 0 2 
116 9 0.0 16 13 12 0 20 40 2 2.65308054436e-24 8 0 
116 9 0.0 9 17 12 0 28 36 2 2.52612608874e-06 4 4 
116 9 0.0 6 19 6 0 10 18 2 0.223482437197 2 4 
116 9 0.0 1 14 4 0 17 28 1 0.275310770415 0 5 
116 9 0.0 11 9 6 0 25 35 2 0.101260242191 3 3 
116 9 0.0 8 24 15 0 30 25 2 2.88018866605e-51 3 6 
116 9 0.0 10 17 12 0 28 36 2 2.51839655324e-06 4 4 
116 9 0.0 7 16 6 0 9 14 2 0.129537612668 2 3 
116 9 0.0 2 3 1 0 7 28 1 0.275320011012 0 3 
116 9 0.0 13 11 12 0 13 23 3 1.11141070356e-78 3 3 
116 9 0.0 12 7 1 0 31 26 2 0.524509236542 4 1 
116 9 0.0 5 6 1 0 2 6 1 0.153034736384 0 2 
116 9 0.0 4 4 0 0 1 4 1 0.509221401269 0 1 
116 9 0.0 15 18 11 0 13 30 3 4.62256401196e-26 6 1 
116 9 2.0 14 13 15 0 14 23 3 1.74283640424e-65 5 2 
116 9 2.0 3 1 0 0 4 24 1 0.419144506415 0 2 
116 9 2.0 16 13 12 0 20 40 2 0.0874763992199 8 0 
116 9 2.0 9 17 12 0 28 36 2 0.0103124389643 4 4 
116 9 2.0 6 19 6 0 10 18 2 0.258630117426 2 4 
116 9 2.0 1 14 4 0 17 28 1 0.280186785366 0 5 
116 9 2.0 11 9 6 0 25 35 2 0.10889419645 3 3 
116 9 2.0 8 24 15 0 30 25 2 9.39892747093e-34 3 6 
116 9 2.0 10 17 12 0 28 36 2 0.00719797591503 4 4 
116 9 2.0 7 16 6 0 9 14 2 0.194104956102 2 3 
116 9 2.0 2 3 1 0 7 28 1 0.245965758789 0 3 
116 9 2.0 13 11 12 0 13 23 3 8.54626581494e-77 3 3 
116 9 2.0 12 7 1 0 31 26 2 0.634768771447 4 1 
116 9 2.0 5 6 1 0 2 6 1 0.0593398130672 0 2 
116 9 2.0 4 4 0 0 1 4 1 0.506313143694 0 1 
116 9 2.0 15 18 11 0 13 30 3 0.259161541666 6 1 
116 10 0.0 14 13 15 0 14 23 3 3.11545465756e-67 5 2 
116 10 0.0 3 1 0 0 4 24 1 0.465708814039 0 2 
116 10 0.0 16 13 12 0 20 40 2 3.01381113348e-24 8 0 
116 10 0.0 9 17 12 0 28 36 2 2.66287318496e-06 4 4 
116 10 0.0 6 19 6 0 10 18 2 0.223482557057 2 4 
116 10 0.0 1 14 4 0 17 28 1 0.27530919627 0 5 
116 10 0.0 11 9 6 0 25 35 2 0.101259561122 3 3 
116 10 0.0 8 24 15 0 30 25 2 3.62687723493e-50 3 6 
116 10 0.0 10 17 12 0 28 36 2 4.03235100476e-06 4 4 
116 10 0.0 7 16 6 0 9 14 2 0.129537416192 2 3 
116 10 0.0 2 3 1 0 7 28 1 0.275321460778 0 3 
116 10 0.0 13 11 12 0 13 23 3 5.20842520371e-79 3 3 
116 10 0.0 12 7 1 0 31 26 2 0.524509140735 4 1 
116 10 0.0 5 6 1 0 2 6 1 0.153036068054 0 2 
116 10 0.0 4 4 0 0 1 4 1 0.509221573765 0 1 
116 10 0.0 15 18 11 0 13 30 3 8.57255936381e-26 6 1 
116 10 2.0 14 13 15 0 14 23 3 1.37027554912e-65 5 2 
116 10 2.0 3 1 0 0 4 24 1 0.419125930421 0 2 
116 10 2.0 16 13 12 0 20 40 2 0.0875194885566 8 0 
116 10 2.0 9 17 12 0 28 36 2 0.00955835236441 4 4 
116 10 2.0 6 19 6 0 10 18 2 0.258639273788 2 4 
116 10 2.0 1 14 4 0 17 28 1 0.280137260428 0 5 
116 10 2.0 11 9 6 0 25 35 2 0.108853604323 3 3 
116 10 2.0 8 24 15 0 30 25 2 2.06647116315e-33 3 6 
116 10 2.0 10 17 12 0 28 36 2 0.00804103456124 4 4 
116 10 2.0 7 16 6 0 9 14 2 0.194083796542 2 3 
116 10 2.0 2 3 1 0 7 28 1 0.246003902788 0 3 
116 10 2.0 13 11 12 0 13 23 3 1.42442979476e-78 3 3 
116 10 2.0 12 7 1 0 31 26 2 0.634751697458 4 1 
116 10 2.0 5 6 1 0 2 6 1 0.0593890238014 0 2 
116 10 2.0 4 4 0 0 1 4 1 0.506310091493 0 1 
116 10 2.0 15 18 11 0 13 30 3 0.259139344001 6 1 
116 11 0.0 14 13 15 0 14 23 3 3.09935466159e-67 5 2 
116 11 0.0 3 1 0 0 4 24 1 0.46570887528 0 2 
116 11 0.0 16 13 12 0 20 40 2 3.93940743291e-24 8 0 
116 11 0.0 9 17 12 0 28 36 2 2.2318263843e-06 4 4 
116 11 0.0 6 19 6 0 10 18 2 0.223482659995 2 4 
116 11 0.0 1 14 4 0 17 28 1 0.275307844326 0 5 
116 11 0.0 11 9 6 0 25 35 2 0.101258976183 3 3 
116 11 0.0 8 24 15 0 30 25 2 1.04900004397e-50 3 6 
116 11 0.0 10 17 12 0 28 36 2 5.88107086996e-06 4 4 
116 11 0.0 7 16 6 0 9 14 2 0.12953724748 2 3 
116 11 0.0 2 3 1 0 7 28 1 0.275322705936 0 3 
116 11 0.0 13 11 12 0 13 23 3 8.46251493901e-79 3 3 
116 11 0.0 12 7 1 0 31 26 2 0.524509058481 4 1 
116 11 0.0 5 6 1 0 2 6 1 0.153037211746 0 2 
116 11 0.0 4 4 0 0 1 4 1 0.509221721937 0 1 
116 11 0.0 15 18 11 0 13 30 3 1.03828795713e-25 6 1 
116 11 2.0 14 13 15 0 14 23 3 2.92753682592e-64 5 2 
116 11 2.0 3 1 0 0 4 24 1 0.419052296867 0 2 
116 11 2.0 16 13 12 0 20 40 2 0.0876455313713 8 0 
116 11 2.0 9 17 12 0 28 36 2 0.00899242089952 4 4 
116 11 2.0 6 19 6 0 10 18 2 0.258651570642 2 4 
116 11 2.0 1 14 4 0 17 28 1 0.280004364235 0 5 
116 11 2.0 11 9 6 0 25 35 2 0.108736207651 3 3 
116 11 2.0 8 24 15 0 30 25 2 9.87315969504e-35 3 6 
116 11 2.0 10 17 12 0 28 36 2 0.00884409245954 4 4 
116 11 2.0 7 16 6 0 9 14 2 0.194068538811 2 3 
116 11 2.0 2 3 1 0 7 28 1 0.246111547866 0 3 
116 11 2.0 13 11 12 0 13 23 3 1.35799108165e-76 3 3 
116 11 2.0 12 7 1 0 31 26 2 0.634722126954 4 1 
116 11 2.0 5 6 1 0 2 6 1 0.0595342049405 0 2 
116 11 2.0 4 4 0 0 1 4 1 0.506337693723 0 1 
116 11 2.0 15 18 11 0 13 30 3 0.259045259254 6 1 
116 12 0.0 14 13 15 0 14 23 3 1.91537206995e-66 5 2 
116 12 0.0 3 1 0 0 4 24 1 0.465708789124 0 2 
116 12 0.0 16 13 12 0 20 40 2 2.34880896537e-24 8 0 
116 12 0.0 9 17 12 0 28 36 2 2.05979362917e-06 4 4 
116 12 0.0 6 19 6 0 10 18 2 0.223482515192 2 4 
116 12 0.0 1 14 4 0 17 28 1 0.275309746075 0 5 
116 12 0.0 11 9 6 0 25 35 2 0.101259799001 3 3 
116 12 0.0 8 24 15 0 30 25 2 3.12264859949e-51 3 6 
116 12 0.0 10 17 12 0 28 36 2 4.05888705205e-06 4 4 
116 12 0.0 7 16 6 0 9 14 2 0.129537484816 2 3 
116 12 0.0 2 3 1 0 7 28 1 0.275320954414 0 3 
116 12 0.0 13 11 12 0 13 23 3 1.1147882794e-78 3 3 
116 12 0.0 12 7 1 0 31 26 2 0.524509174198 4 1 
116 12 0.0 5 6 1 0 2 6 1 0.153035602938 0 2 
116 12 0.0 4 4 0 0 1 4 1 0.509221513519 0 1 
116 12 0.0 15 18 11 0 13 30 3 3.01636261348e-25 6 1 
116 12 2.0 14 13 15 0 14 23 3 5.35056254725e-65 5 2 
116 12 2.0 3 1 0 0 4 24 1 0.419082361074 0 2 
116 12 2.0 16 13 12 0 20 40 2 0.0875957006764 8 0 
116 12 2.0 9 17 12 0 28 36 2 0.00884330415072 4 4 
116 12 2.0 6 19 6 0 10 18 2 0.258647418983 2 4 
116 12 2.0 1 14 4 0 17 28 1 0.280056332848 0 5 
116 12 2.0 11 9 6 0 25 35 2 0.108782561771 3 3 
116 12 2.0 8 24 15 0 30 25 2 8.14551986917e-34 3 6 
116 12 2.0 10 17 12 0 28 36 2 0.0089005866208 4 4 
116 12 2.0 7 16 6 0 9 14 2 0.194072289228 2 3 
116 12 2.0 2 3 1 0 7 28 1 0.246069169983 0 3 
116 12 2.0 13 11 12 0 13 23 3 4.08236614701e-78 3 3 
116 12 2.0 12 7 1 0 31 26 2 0.634732814431 4 1 
116 12 2.0 5 6 1 0 2 6 1 0.0594767412248 0 2 
116 12 2.0 4 4 0 0 1 4 1 0.506324981468 0 1 
116 12 2.0 15 18 11 0 13 30 3 0.259083894499 6 1 
116 13 0.0 14 13 15 0 14 23 3 9.03620340023e-67 5 2 
116 13 0.0 3 1 0 0 4 24 1 0.4657088532 0 2 
116 13 0.0 16 13 12 0 20 40 2 3.19476550681e-24 8 0 
116 13 0.0 9 17 12 0 28 36 2 4.84604676603e-06 4 4 
116 13 0.0 6 19 6 0 10 18 2 0.223482622875 2 4 
116 13 0.0 1 14 4 0 17 28 1 0.275308331881 0 5 
116 13 0.0 11 9 6 0 25 35 2 0.101259187132 3 3 
116 13 0.0 8 24 15 0 30 25 2 8.47635425109e-51 3 6 
116 13 0.0 10 17 12 0 28 36 2 2.75559580934e-06 4 4 
116 13 0.0 7 16 6 0 9 14 2 0.129537308316 2 3 
116 13 0.0 2 3 1 0 7 28 1 0.275322256883 0 3 
116 13 0.0 13 11 12 0 13 23 3 9.62855507656e-79 3 3 
116 13 0.0 12 7 1 0 31 26 2 0.524509088138 4 1 
116 13 0.0 5 6 1 0 2 6 1 0.153036799295 0 2 
116 13 0.0 4 4 0 0 1 4 1 0.509221668493 0 1 
116 13 0.0 15 18 11 0 13 30 3 1.61428414949e-25 6 1 
116 13 2.0 14 13 15 0 14 23 3 9.20970319318e-66 5 2 
116 13 2.0 3 1 0 0 4 24 1 0.419120000921 0 2 
116 13 2.0 16 13 12 0 20 40 2 0.0875249968074 8 0 
116 13 2.0 9 17 12 0 28 36 2 0.0076895982192 4 4 
116 13 2.0 6 19 6 0 10 18 2 0.258637772508 2 4 
116 13 2.0 1 14 4 0 17 28 1 0.280133136407 0 5 
116 13 2.0 11 9 6 0 25 35 2 0.108848661856 3 3 
116 13 2.0 8 24 15 0 30 25 2 8.60361700714e-34 3 6 
116 13 2.0 10 17 12 0 28 36 2 0.00991691586604 4 4 
116 13 2.0 7 16 6 0 9 14 2 0.194089688328 2 3 
116 13 2.0 2 3 1 0 7 28 1 0.246008048559 0 3 
116 13 2.0 13 11 12 0 13 23 3 6.43335637419e-78 3 3 
116 13 2.0 12 7 1 0 31 26 2 0.634753262502 4 1 
116 13 2.0 5 6 1 0 2 6 1 0.0593955382569 0 2 
116 13 2.0 4 4 0 0 1 4 1 0.506316441702 0 1 
116 13 2.0 15 18 11 0 13 30 3 0.259131137096 6 1 
116 14 0.0 14 13 15 0 14 23 3 6.06854782723e-67 5 2 
116 14 0.0 3 1 0 0 4 24 1 0.4657088356 0 2 
116 14 0.0 16 13 12 0 20 40 2 3.37633566107e-24 8 0 
116 14 0.0 9 17 12 0 28 36 2 4.17392189149e-06 4 4 
116 14 0.0 6 19 6 0 10 18 2 0.223482593294 2 4 
116 14 0.0 1 14 4 0 17 28 1 0.275308720397 0 5 
116 14 0.0 11 9 6 0 25 35 2 0.101259355229 3 3 
116 14 0.0 8 24 15 0 30 25 2 1.82793292282e-50 3 6 
116 14 0.0 10 17 12 0 28 36 2 3.02031606267e-06 4 4 
116 14 0.0 7 16 6 0 9 14 2 0.1295373568 2 3 
116 14 0.0 2 3 1 0 7 28 1 0.275321899055 0 3 
116 14 0.0 13 11 12 0 13 23 3 1.52556968985e-78 3 3 
116 14 0.0 12 7 1 0 31 26 2 0.524509111776 4 1 
116 14 0.0 5 6 1 0 2 6 1 0.153036470626 0 2 
116 14 0.0 4 4 0 0 1 4 1 0.509221625911 0 1 
116 14 0.0 15 18 11 0 13 30 3 9.47226740421e-26 6 1 
116 14 2.0 14 13 15 0 14 23 3 3.57228719488e-65 5 2 
116 14 2.0 3 1 0 0 4 24 1 0.419076067141 0 2 
116 14 2.0 16 13 12 0 20 40 2 0.0876061507442 8 0 
116 14 2.0 9 17 12 0 28 36 2 0.00889935056649 4 4 
116 14 2.0 6 19 6 0 10 18 2 0.258648297044 2 4 
116 14 2.0 1 14 4 0 17 28 1 0.280045430016 0 5 
116 14 2.0 11 9 6 0 25 35 2 0.108772840944 3 3 
116 14 2.0 8 24 15 0 30 25 2 3.95728148612e-34 3 6 
116 14 2.0 10 17 12 0 28 36 2 0.00886397554748 4 4 
116 14 2.0 7 16 6 0 9 14 2 0.194071479077 2 3 
116 14 2.0 2 3 1 0 7 28 1 0.24607805741 0 3 
116 14 2.0 13 11 12 0 13 23 3 8.51515087586e-78 3 3 
116 14 2.0 12 7 1 0 31 26 2 0.634730561888 4 1 
116 14 2.0 5 6 1 0 2 6 1 0.0594887905174 0 2 
116 14 2.0 4 4 0 0 1 4 1 0.506327627683 0 1 
116 14 2.0 15 18 11 0 13 30 3 0.259075808558 6 1 
116 15 0.0 14 13 15 0 14 23 3 2.94894814629e-66 5 2 
116 15 0.0 3 1 0 0 4 24 1 0.465709021097 0 2 
116 15 0.0 16 13 12 0 20 40 2 4.03501300928e-24 8 0 
116 15 0.0 9 17 12 0 28 36 2 5.18656058106e-06 4 4 
116 15 0.0 6 19 6 0 10 18 2 0.223482905128 2 4 
116 15 0.0 1 14 4 0 17 28 1 0.275304624717 0 5 
116 15 0.0 11 9 6 0 25 35 2 0.101257583158 3 3 
116 15 0.0 8 24 15 0 30 25 2 3.04548222527e-51 3 6 
116 15 0.0 10 17 12 0 28 36 2 6.30243745702e-06 4 4 
116 15 0.0 7 16 6 0 9 14 2 0.129536845714 2 3 
116 15 0.0 2 3 1 0 7 28 1 0.275325671283 0 3 
116 15 0.0 13 11 12 0 13 23 3 5.4617131166e-78 3 3 
116 15 0.0 12 7 1 0 31 26 2 0.52450886263 4 1 
116 15 0.0 5 6 1 0 2 6 1 0.153039935405 0 2 
116 15 0.0 4 4 0 0 1 4 1 0.509222074829 0 1 
116 15 0.0 15 18 11 0 13 30 3 3.93741997686e-26 6 1 
116 15 2.0 14 13 15 0 14 23 3 1.67048324525e-65 5 2 
116 15 2.0 3 1 0 0 4 24 1 0.419208577342 0 2 
116 15 2.0 16 13 12 0 20 40 2 0.087361886519 8 0 
116 15 2.0 9 17 12 0 28 36 2 0.0105326220842 4 4 
116 15 2.0 6 19 6 0 10 18 2 0.258616851592 2 4 
116 15 2.0 1 14 4 0 17 28 1 0.280309246805 0 5 
116 15 2.0 11 9 6 0 25 35 2 0.109001048269 3 3 
116 15 2.0 8 24 15 0 30 25 2 4.76218546237e-33 3 6 
116 15 2.0 10 17 12 0 28 36 2 0.00675885977495 4 4 
116 15 2.0 7 16 6 0 9 14 2 0.194125590476 2 3 
116 15 2.0 2 3 1 0 7 28 1 0.245867447634 0 3 
116 15 2.0 13 11 12 0 13 23 3 4.75446826903e-78 3 3 
116 15 2.0 12 7 1 0 31 26 2 0.634798666394 4 1 
116 15 2.0 5 6 1 0 2 6 1 0.0592081287452 0 2 
116 15 2.0 4 4 0 0 1 4 1 0.506293329218 0 1 
116 15 2.0 15 18 11 0 13 30 3 0.259242734278 6 1 
116 16 0.0 14 13 15 0 14 23 3 8.54901045171e-67 5 2 
116 16 0.0 3 1 0 0 4 24 1 0.465709012832 0 2 
116 16 0.0 16 13 12 0 20 40 2 3.8098671712e-24 8 0 
116 16 0.0 9 17 12 0 28 36 2 7.19168263299e-06 4 4 
116 16 0.0 6 19 6 0 10 18 2 0.223482891235 2 4 
116 16 0.0 1 14 4 0 17 28 1 0.275304807135 0 5 
116 16 0.0 11 9 6 0 25 35 2 0.101257662084 3 3 
116 16 0.0 8 24 15 0 30 25 2 2.94978590769e-50 3 6 
116 16 0.0 10 17 12 0 28 36 2 4.10602931603e-06 4 4 
116 16 0.0 7 16 6 0 9 14 2 0.129536868485 2 3 
116 16 0.0 2 3 1 0 7 28 1 0.275325503276 0 3 
116 16 0.0 13 11 12 0 13 23 3 3.75207416846e-78 3 3 
116 16 0.0 12 7 1 0 31 26 2 0.524508873731 4 1 
116 16 0.0 5 6 1 0 2 6 1 0.153039781084 0 2 
116 16 0.0 4 4 0 0 1 4 1 0.509222054839 0 1 
116 16 0.0 15 18 11 0 13 30 3 8.90137096392e-26 6 1 
116 16 2.0 14 13 15 0 14 23 3 7.93694291827e-65 5 2 
116 16 2.0 3 1 0 0 4 24 1 0.419062684199 0 2 
116 16 2.0 16 13 12 0 20 40 2 0.08762829707 8 0 
116 16 2.0 9 17 12 0 28 36 2 0.0089931235945 4 4 
116 16 2.0 6 19 6 0 10 18 2 0.258650125843 2 4 
116 16 2.0 1 14 4 0 17 28 1 0.280022347505 0 5 
116 16 2.0 11 9 6 0 25 35 2 0.108752241465 3 3 
116 16 2.0 8 24 15 0 30 25 2 2.33753670215e-34 3 6 
116 16 2.0 10 17 12 0 28 36 2 0.00881134100736 4 4 
116 16 2.0 7 16 6 0 9 14 2 0.194069864785 2 3 
116 16 2.0 2 3 1 0 7 28 1 0.246096886389 0 3 
116 16 2.0 13 11 12 0 13 23 3 4.52500363357e-77 3 3 
116 16 2.0 12 7 1 0 31 26 2 0.634725834612 4 1 
116 16 2.0 5 6 1 0 2 6 1 0.0595143302186 0 2 
116 16 2.0 4 4 0 0 1 4 1 0.506333318388 0 1 
116 16 2.0 15 18 11 0 13 30 3 0.259058605355 6 1 
116 17 0.0 14 13 15 0 14 23 3 1.70867257216e-66 5 2 
116 17 0.0 3 1 0 0 4 24 1 0.465708731786 0 2 
116 17 0.0 16 13 12 0 20 40 2 2.39111373995e-24 8 0 
116 17 0.0 9 17 12 0 28 36 2 2.29507174139e-06 4 4 
116 17 0.0 6 19 6 0 10 18 2 0.223482418848 2 4 
116 17 0.0 1 14 4 0 17 28 1 0.275311011354 0 5 
116 17 0.0 11 9 6 0 25 35 2 0.101260346435 3 3 
116 17 0.0 8 24 15 0 30 25 2 6.80244814963e-52 3 6 
116 17 0.0 10 17 12 0 28 36 2 2.49679248874e-06 4 4 
116 17 0.0 7 16 6 0 9 14 2 0.129537642743 2 3 
116 17 0.0 2 3 1 0 7 28 1 0.275319789114 0 3 
116 17 0.0 13 11 12 0 13 23 3 2.33065620178e-78 3 3 
116 17 0.0 12 7 1 0 31 26 2 0.524509251208 4 1 
116 17 0.0 5 6 1 0 2 6 1 0.153034532557 0 2 
116 17 0.0 4 4 0 0 1 4 1 0.509221374872 0 1 
116 17 0.0 15 18 11 0 13 30 3 1.65436664193e-25 6 1 
116 17 2.0 14 13 15 0 14 23 3 8.2272176718e-65 5 2 
116 17 2.0 3 1 0 0 4 24 1 0.419050683536 0 2 
116 17 2.0 16 13 12 0 20 40 2 0.0876481222971 8 0 
116 17 2.0 9 17 12 0 28 36 2 0.0087864913604 4 4 
116 17 2.0 6 19 6 0 10 18 2 0.258651749136 2 4 
116 17 2.0 1 14 4 0 17 28 1 0.280001692203 0 5 
116 17 2.0 11 9 6 0 25 35 2 0.10873380055 3 3 
116 17 2.0 8 24 15 0 30 25 2 7.10119826387e-34 3 6 
116 17 2.0 10 17 12 0 28 36 2 0.00905477905272 4 4 
116 17 2.0 7 16 6 0 9 14 2 0.194068463746 2 3 
116 17 2.0 2 3 1 0 7 28 1 0.24611374177 0 3 
116 17 2.0 13 11 12 0 13 23 3 5.22109795026e-77 3 3 
116 17 2.0 12 7 1 0 31 26 2 0.634721623884 4 1 
116 17 2.0 5 6 1 0 2 6 1 0.0595371960811 0 2 
116 17 2.0 4 4 0 0 1 4 1 0.506338449589 0 1 
116 17 2.0 15 18 11 0 13 30 3 0.259043174832 6 1 
116 18 0.0 14 13 15 0 14 23 3 5.59027522871e-67 5 2 
116 18 0.0 3 1 0 0 4 24 1 0.465708906604 0 2 
116 18 0.0 16 13 12 0 20 40 2 3.38535151088e-24 8 0 
116 18 0.0 9 17 12 0 28 36 2 2.77185194471e-06 4 4 
116 18 0.0 6 19 6 0 10 18 2 0.223482712642 2 4 
116 18 0.0 1 14 4 0 17 28 1 0.275307152856 0 5 
116 18 0.0 11 9 6 0 25 35 2 0.101258677007 3 3 
116 18 0.0 8 24 15 0 30 25 2 6.47180243393e-51 3 6 
116 18 0.0 10 17 12 0 28 36 2 6.0661326175e-06 4 4 
116 18 0.0 7 16 6 0 9 14 2 0.129537161185 2 3 
116 18 0.0 2 3 1 0 7 28 1 0.275323342788 0 3 
116 18 0.0 13 11 12 0 13 23 3 8.02815105114e-79 3 3 
116 18 0.0 12 7 1 0 31 26 2 0.52450901641 4 1 
116 18 0.0 5 6 1 0 2 6 1 0.153037796704 0 2 
116 18 0.0 4 4 0 0 1 4 1 0.509221797721 0 1 
116 18 0.0 15 18 11 0 13 30 3 1.06398240394e-25 6 1 
116 18 2.0 14 13 15 0 14 23 3 1.77740856413e-65 5 2 
116 18 2.0 3 1 0 0 4 24 1 0.419139445708 0 2 
116 18 2.0 16 13 12 0 20 40 2 0.0874994065496 8 0 
116 18 2.0 9 17 12 0 28 36 2 0.00832878647471 4 4 
116 18 2.0 6 19 6 0 10 18 2 0.258638659941 2 4 
116 18 2.0 1 14 4 0 17 28 1 0.280157313965 0 5 
116 18 2.0 11 9 6 0 25 35 2 0.108872180149 3 3 
116 18 2.0 8 24 15 0 30 25 2 4.94092448148e-33 3 6 
116 18 2.0 10 17 12 0 28 36 2 0.0092349561717 4 4 
116 18 2.0 7 16 6 0 9 14 2 0.194081898601 2 3 
116 18 2.0 2 3 1 0 7 28 1 0.245987130724 0 3 
116 18 2.0 13 11 12 0 13 23 3 9.020813519e-79 3 3 
116 18 2.0 12 7 1 0 31 26 2 0.634754528761 4 1 
116 18 2.0 5 6 1 0 2 6 1 0.0593657853174 0 2 
116 18 2.0 4 4 0 0 1 4 1 0.50630230455 0 1 
116 18 2.0 15 18 11 0 13 30 3 0.259157028712 6 1 
116 19 0.0 14 13 15 0 14 23 3 8.57247057701e-67 5 2 
116 19 0.0 3 1 0 0 4 24 1 0.465708939657 0 2 
116 19 0.0 16 13 12 0 20 40 2 4.85034510185e-24 8 0 
116 19 0.0 9 17 12 0 28 36 2 3.88678504458e-06 4 4 
116 19 0.0 6 19 6 0 10 18 2 0.223482768203 2 4 
116 19 0.0 1 14 4 0 17 28 1 0.275306423188 0 5 
116 19 0.0 11 9 6 0 25 35 2 0.101258361305 3 3 
116 19 0.0 8 24 15 0 30 25 2 1.24835136317e-50 3 6 
116 19 0.0 10 17 12 0 28 36 2 5.71633863952e-06 4 4 
116 19 0.0 7 16 6 0 9 14 2 0.129537070124 2 3 
116 19 0.0 2 3 1 0 7 28 1 0.275324014821 0 3 
116 19 0.0 13 11 12 0 13 23 3 4.15434234124e-78 3 3 
116 19 0.0 12 7 1 0 31 26 2 0.524508972015 4 1 
116 19 0.0 5 6 1 0 2 6 1 0.153038413974 0 2 
116 19 0.0 4 4 0 0 1 4 1 0.509221877684 0 1 
116 19 0.0 15 18 11 0 13 30 3 5.68265861976e-26 6 1 
116 19 2.0 14 13 15 0 14 23 3 1.08332715892e-65 5 2 
116 19 2.0 3 1 0 0 4 24 1 0.419097666963 0 2 
116 19 2.0 16 13 12 0 20 40 2 0.0875688115242 8 0 
116 19 2.0 9 17 12 0 28 36 2 0.0083729968276 4 4 
116 19 2.0 6 19 6 0 10 18 2 0.258644493879 2 4 
116 19 2.0 1 14 4 0 17 28 1 0.280084929881 0 5 
116 19 2.0 11 9 6 0 25 35 2 0.108807632498 3 3 
116 19 2.0 8 24 15 0 30 25 2 7.78543857567e-34 3 6 
116 19 2.0 10 17 12 0 28 36 2 0.00931983241437 4 4 
116 19 2.0 7 16 6 0 9 14 2 0.194076513735 2 3 
116 19 2.0 2 3 1 0 7 28 1 0.246046125343 0 3 
116 19 2.0 13 11 12 0 13 23 3 8.76497529643e-78 3 3 
116 19 2.0 12 7 1 0 31 26 2 0.634739545577 4 1 
116 19 2.0 5 6 1 0 2 6 1 0.0594457952683 0 2 
116 19 2.0 4 4 0 0 1 4 1 0.506319856981 0 1 
116 19 2.0 15 18 11 0 13 30 3 0.259103358457 6 1 
116 20 0.0 14 13 15 0 14 23 3 7.13538771458e-67 5 2 
116 20 0.0 3 1 0 0 4 24 1 0.465709029613 0 2 
116 20 0.0 16 13 12 0 20 40 2 4.87881676219e-24 8 0 
116 20 0.0 9 17 12 0 28 36 2 5.39734990824e-06 4 4 
116 20 0.0 6 19 6 0 10 18 2 0.223482919446 2 4 
116 20 0.0 1 14 4 0 17 28 1 0.275304436628 0 5 
116 20 0.0 11 9 6 0 25 35 2 0.101257501777 3 3 
116 20 0.0 8 24 15 0 30 25 2 1.51602976181e-50 3 6 
116 20 0.0 10 17 12 0 28 36 2 6.28887685122e-06 4 4 
116 20 0.0 7 16 6 0 9 14 2 0.129536822247 2 3 
116 20 0.0 2 3 1 0 7 28 1 0.275325844522 0 3 
116 20 0.0 13 11 12 0 13 23 3 2.24427445545e-78 3 3 
116 20 0.0 12 7 1 0 31 26 2 0.524508851192 4 1 
116 20 0.0 5 6 1 0 2 6 1 0.153040094518 0 2 
116 20 0.0 4 4 0 0 1 4 1 0.509222095444 0 1 
116 20 0.0 15 18 11 0 13 30 3 9.78766851967e-26 6 1 
116 20 2.0 14 13 15 0 14 23 3 7.05558944204e-66 5 2 
116 20 2.0 3 1 0 0 4 24 1 0.419090722969 0 2 
116 20 2.0 16 13 12 0 20 40 2 0.0875817974078 8 0 
116 20 2.0 9 17 12 0 28 36 2 0.00880030130362 4 4 
116 20 2.0 6 19 6 0 10 18 2 0.258646242463 2 4 
116 20 2.0 1 14 4 0 17 28 1 0.280070844251 0 5 
116 20 2.0 11 9 6 0 25 35 2 0.108795495072 3 3 
116 20 2.0 8 24 15 0 30 25 2 3.82651103491e-34 3 6 
116 20 2.0 10 17 12 0 28 36 2 0.00891771856471 4 4 
116 20 2.0 7 16 6 0 9 14 2 0.194073393585 2 3 
116 20 2.0 2 3 1 0 7 28 1 0.246057344601 0 3 
116 20 2.0 13 11 12 0 13 23 3 5.04521851722e-78 3 3 
116 20 2.0 12 7 1 0 31 26 2 0.634735823674 4 1 
116 20 2.0 5 6 1 0 2 6 1 0.0594607114317 0 2 
116 20 2.0 4 4 0 0 1 4 1 0.506321482502 0 1 
116 20 2.0 15 18 11 0 13 30 3 0.259094634603 6 1 
116 21 0.0 14 13 15 0 14 23 3 1.42124430222e-67 5 2 
116 21 0.0 3 1 0 0 4 24 1 0.465708689252 0 2 
116 21 0.0 16 13 12 0 20 40 2 3.13779317092e-24 8 0 
116 21 0.0 9 17 12 0 28 36 2 2.81293174254e-06 4 4 
116 21 0.0 6 19 6 0 10 18 2 0.223482347392 2 4 
116 21 0.0 1 14 4 0 17 28 1 0.275311949656 0 5 
116 21 0.0 11 9 6 0 25 35 2 0.101260752396 3 3 
116 21 0.0 8 24 15 0 30 25 2 9.87162989433e-51 3 6 
116 21 0.0 10 17 12 0 28 36 2 9.94983443312e-07 4 4 
116 21 0.0 7 16 6 0 9 14 2 0.129537759872 2 3 
116 21 0.0 2 3 1 0 7 28 1 0.275318924974 0 3 
116 21 0.0 13 11 12 0 13 23 3 5.38539112292e-79 3 3 
116 21 0.0 12 7 1 0 31 26 2 0.524509308333 4 1 
116 21 0.0 5 6 1 0 2 6 1 0.153033738783 0 2 
116 21 0.0 4 4 0 0 1 4 1 0.509221272078 0 1 
116 21 0.0 15 18 11 0 13 30 3 1.06648071342e-25 6 1 
116 21 2.0 14 13 15 0 14 23 3 4.92369916705e-65 5 2 
116 21 2.0 3 1 0 0 4 24 1 0.419045388252 0 2 
116 21 2.0 16 13 12 0 20 40 2 0.0876562707235 8 0 
116 21 2.0 9 17 12 0 28 36 2 0.0092639499682 4 4 
116 21 2.0 6 19 6 0 10 18 2 0.25865214505 2 4 
116 21 2.0 1 14 4 0 17 28 1 0.279993422158 0 5 
116 21 2.0 11 9 6 0 25 35 2 0.108726243807 3 3 
116 21 2.0 8 24 15 0 30 25 2 1.88252165805e-34 3 6 
116 21 2.0 10 17 12 0 28 36 2 0.0085920225353 4 4 
116 21 2.0 7 16 6 0 9 14 2 0.194068759113 2 3 
116 21 2.0 2 3 1 0 7 28 1 0.246120598467 0 3 
116 21 2.0 13 11 12 0 13 23 3 8.88174023746e-77 3 3 
116 21 2.0 12 7 1 0 31 26 2 0.634720273743 4 1 
116 21 2.0 5 6 1 0 2 6 1 0.0595466181467 0 2 
116 21 2.0 4 4 0 0 1 4 1 0.506341246405 0 1 
116 21 2.0 15 18 11 0 13 30 3 0.25903628527 6 1 
116 22 0.0 14 13 15 0 14 23 3 1.19882199574e-66 5 2 
116 22 0.0 3 1 0 0 4 24 1 0.465708809518 0 2 
116 22 0.0 16 13 12 0 20 40 2 5.00069245623e-24 8 0 
116 22 0.0 9 17 12 0 28 36 2 3.09242402359e-06 4 4 
116 22 0.0 6 19 6 0 10 18 2 0.223482549462 2 4 
116 22 0.0 1 14 4 0 17 28 1 0.275309296064 0 5 
116 22 0.0 11 9 6 0 25 35 2 0.101259604299 3 3 
116 22 0.0 8 24 15 0 30 25 2 1.00292086923e-50 3 6 
116 22 0.0 10 17 12 0 28 36 2 3.49815388862e-06 4 4 
116 22 0.0 7 16 6 0 9 14 2 0.129537428645 2 3 
116 22 0.0 2 3 1 0 7 28 1 0.275321368866 0 3 
116 22 0.0 13 11 12 0 13 23 3 9.78180897895e-79 3 3 
116 22 0.0 12 7 1 0 31 26 2 0.524509146807 4 1 
116 22 0.0 5 6 1 0 2 6 1 0.153035983634 0 2 
116 22 0.0 4 4 0 0 1 4 1 0.509221562827 0 1 
116 22 0.0 15 18 11 0 13 30 3 3.37403547074e-26 6 1 
116 22 2.0 14 13 15 0 14 23 3 3.70852607578e-64 5 2 
116 22 2.0 3 1 0 0 4 24 1 0.419052865214 0 2 
116 22 2.0 16 13 12 0 20 40 2 0.0876440712446 8 0 
116 22 2.0 9 17 12 0 28 36 2 0.00862600590268 4 4 
116 22 2.0 6 19 6 0 10 18 2 0.258651214696 2 4 
116 22 2.0 1 14 4 0 17 28 1 0.280006077901 0 5 
116 22 2.0 11 9 6 0 25 35 2 0.108737586165 3 3 
116 22 2.0 8 24 15 0 30 25 2 1.14278984031e-34 3 6 
116 22 2.0 10 17 12 0 28 36 2 0.00920742535692 4 4 
116 22 2.0 7 16 6 0 9 14 2 0.194069401372 2 3 
116 22 2.0 2 3 1 0 7 28 1 0.246110243536 0 3 
116 22 2.0 13 11 12 0 13 23 3 6.97240005556e-77 3 3 
116 22 2.0 12 7 1 0 31 26 2 0.634722768193 4 1 
116 22 2.0 5 6 1 0 2 6 1 0.0595325412393 0 2 
116 22 2.0 4 4 0 0 1 4 1 0.506337914457 0 1 
116 22 2.0 15 18 11 0 13 30 3 0.259045919662 6 1 
116 23 0.0 14 13 15 0 14 23 3 4.40218191679e-67 5 2 
116 23 0.0 3 1 0 0 4 24 1 0.465708696991 0 2 
116 23 0.0 16 13 12 0 20 40 2 3.19244876931e-24 8 0 
116 23 0.0 9 17 12 0 28 36 2 2.97831499712e-06 4 4 
116 23 0.0 6 19 6 0 10 18 2 0.223482360395 2 4 
116 23 0.0 1 14 4 0 17 28 1 0.275311778924 0 5 
116 23 0.0 11 9 6 0 25 35 2 0.101260678529 3 3 
116 23 0.0 8 24 15 0 30 25 2 3.74074065603e-51 3 6 
116 23 0.0 10 17 12 0 28 36 2 1.00863743762e-06 4 4 
116 23 0.0 7 16 6 0 9 14 2 0.12953773856 2 3 
116 23 0.0 2 3 1 0 7 28 1 0.275319082212 0 3 
116 23 0.0 13 11 12 0 13 23 3 3.61069270938e-79 3 3 
116 23 0.0 12 7 1 0 31 26 2 0.524509297939 4 1 
116 23 0.0 5 6 1 0 2 6 1 0.153033883218 0 2 
116 23 0.0 4 4 0 0 1 4 1 0.509221290783 0 1 
116 23 0.0 15 18 11 0 13 30 3 7.73127569634e-26 6 1 
116 23 2.0 14 13 15 0 14 23 3 8.59462717453e-65 5 2 
116 23 2.0 3 1 0 0 4 24 1 0.419096505948 0 2 
116 23 2.0 16 13 12 0 20 40 2 0.0875687356359 8 0 
116 23 2.0 9 17 12 0 28 36 2 0.00811787485457 4 4 
116 23 2.0 6 19 6 0 10 18 2 0.258643581668 2 4 
116 23 2.0 1 14 4 0 17 28 1 0.280085752485 0 5 
116 23 2.0 11 9 6 0 25 35 2 0.108807784238 3 3 
116 23 2.0 8 24 15 0 30 25 2 1.51483967874e-34 3 6 
116 23 2.0 10 17 12 0 28 36 2 0.00957338099687 4 4 
116 23 2.0 7 16 6 0 9 14 2 0.194079432062 2 3 
116 23 2.0 2 3 1 0 7 28 1 0.246045815904 0 3 
116 23 2.0 13 11 12 0 13 23 3 2.09325478577e-77 3 3 
116 23 2.0 12 7 1 0 31 26 2 0.634740831593 4 1 
116 23 2.0 5 6 1 0 2 6 1 0.0594457846164 0 2 
116 23 2.0 4 4 0 0 1 4 1 0.506322126792 0 1 
116 23 2.0 15 18 11 0 13 30 3 0.259101595265 6 1 
116 24 0.0 14 13 15 0 14 23 3 3.52523309533e-67 5 2 
116 24 0.0 3 1 0 0 4 24 1 0.465708919524 0 2 
116 24 0.0 16 13 12 0 20 40 2 5.18561534099e-24 8 0 
116 24 0.0 9 17 12 0 28 36 2 5.34362602466e-06 4 4 
116 24 0.0 6 19 6 0 10 18 2 0.223482734357 2 4 
116 24 0.0 1 14 4 0 17 28 1 0.275306867726 0 5 
116 24 0.0 11 9 6 0 25 35 2 0.101258553643 3 3 
116 24 0.0 8 24 15 0 30 25 2 2.48178068903e-51 3 6 
116 24 0.0 10 17 12 0 28 36 2 3.79335242734e-06 4 4 
116 24 0.0 7 16 6 0 9 14 2 0.129537125595 2 3 
116 24 0.0 2 3 1 0 7 28 1 0.275323605388 0 3 
116 24 0.0 13 11 12 0 13 23 3 1.41841908466e-78 3 3 
116 24 0.0 12 7 1 0 31 26 2 0.524508999056 4 1 
116 24 0.0 5 6 1 0 2 6 1 0.153038037914 0 2 
116 24 0.0 4 4 0 0 1 4 1 0.50922182896 0 1 
116 24 0.0 15 18 11 0 13 30 3 8.5083664452e-26 6 1 
116 24 2.0 14 13 15 0 14 23 3 1.1478251687e-65 5 2 
116 24 2.0 3 1 0 0 4 24 1 0.419073691892 0 2 
116 24 2.0 16 13 12 0 20 40 2 0.0876094629001 8 0 
116 24 2.0 9 17 12 0 28 36 2 0.00919461629819 4 4 
116 24 2.0 6 19 6 0 10 18 2 0.258648290224 2 4 
116 24 2.0 1 14 4 0 17 28 1 0.280042207097 0 5 
116 24 2.0 11 9 6 0 25 35 2 0.108769784818 3 3 
116 24 2.0 8 24 15 0 30 25 2 1.70800007551e-33 3 6 
116 24 2.0 10 17 12 0 28 36 2 0.00857442066468 4 4 
116 24 2.0 7 16 6 0 9 14 2 0.194072138525 2 3 
116 24 2.0 2 3 1 0 7 28 1 0.246080797987 0 3 
116 24 2.0 13 11 12 0 13 23 3 2.06959490833e-78 3 3 
116 24 2.0 12 7 1 0 31 26 2 0.634730247553 4 1 
116 24 2.0 5 6 1 0 2 6 1 0.0594926340312 0 2 
116 24 2.0 4 4 0 0 1 4 1 0.506329187885 0 1 
116 24 2.0 15 18 11 0 13 30 3 0.259072671555 6 1 
116 25 0.0 14 13 15 0 14 23 3 4.8461146571e-67 5 2 
116 25 0.0 3 1 0 0 4 24 1 0.465708894073 0 2 
116 25 0.0 16 13 12 0 20 40 2 3.19058304447e-24 8 0 
116 25 0.0 9 17 12 0 28 36 2 5.94825746199e-06 4 4 
116 25 0.0 6 19 6 0 10 18 2 0.22348269158 2 4 
116 25 0.0 1 14 4 0 17 28 1 0.275307429492 0 5 
116 25 0.0 11 9 6 0 25 35 2 0.101258796699 3 3 
116 25 0.0 8 24 15 0 30 25 2 1.50662384535e-50 3 6 
116 25 0.0 10 17 12 0 28 36 2 2.59964269537e-06 4 4 
116 25 0.0 7 16 6 0 9 14 2 0.129537195707 2 3 
116 25 0.0 2 3 1 0 7 28 1 0.275323088001 0 3 
116 25 0.0 13 11 12 0 13 23 3 1.48416973652e-78 3 3 
116 25 0.0 12 7 1 0 31 26 2 0.52450903324 4 1 
116 25 0.0 5 6 1 0 2 6 1 0.15303756268 0 2 
116 25 0.0 4 4 0 0 1 4 1 0.509221767401 0 1 
116 25 0.0 15 18 11 0 13 30 3 1.26635387984e-25 6 1 
116 25 2.0 14 13 15 0 14 23 3 1.21460077379e-65 5 2 
116 25 2.0 3 1 0 0 4 24 1 0.419115276627 0 2 
116 25 2.0 16 13 12 0 20 40 2 0.0875332351632 8 0 
116 25 2.0 9 17 12 0 28 36 2 0.00989868385321 4 4 
116 25 2.0 6 19 6 0 10 18 2 0.258638641927 2 4 
116 25 2.0 1 14 4 0 17 28 1 0.280124396458 0 5 
116 25 2.0 11 9 6 0 25 35 2 0.108840982768 3 3 
116 25 2.0 8 24 15 0 30 25 2 3.08950143183e-33 3 6 
116 25 2.0 10 17 12 0 28 36 2 0.00772343691169 4 4 
116 25 2.0 7 16 6 0 9 14 2 0.194088479133 2 3 
116 25 2.0 2 3 1 0 7 28 1 0.246015100728 0 3 
116 25 2.0 13 11 12 0 13 23 3 2.01077138672e-77 3 3 
116 25 2.0 12 7 1 0 31 26 2 0.634751235492 4 1 
116 25 2.0 5 6 1 0 2 6 1 0.0594050209924 0 2 
116 25 2.0 4 4 0 0 1 4 1 0.506318080256 0 1 
116 25 2.0 15 18 11 0 13 30 3 0.259125121556 6 1 
116 26 0.0 14 13 15 0 14 23 3 8.04665447205e-67 5 2 
116 26 0.0 3 1 0 0 4 24 1 0.465708801865 0 2 
116 26 0.0 16 13 12 0 20 40 2 3.51334454603e-24 8 0 
116 26 0.0 9 17 12 0 28 36 2 2.92845465058e-06 4 4 
116 26 0.0 6 19 6 0 10 18 2 0.223482536599 2 4 
116 26 0.0 1 14 4 0 17 28 1 0.275309464956 0 5 
116 26 0.0 11 9 6 0 25 35 2 0.101259677372 3 3 
116 26 0.0 8 24 15 0 30 25 2 2.96453091543e-50 3 6 
116 26 0.0 10 17 12 0 28 36 2 3.48501880184e-06 4 4 
116 26 0.0 7 16 6 0 9 14 2 0.129537449725 2 3 
116 26 0.0 2 3 1 0 7 28 1 0.275321213318 0 3 
116 26 0.0 13 11 12 0 13 23 3 4.49977788964e-79 3 3 
116 26 0.0 12 7 1 0 31 26 2 0.524509157085 4 1 
116 26 0.0 5 6 1 0 2 6 1 0.153035840756 0 2 
116 26 0.0 4 4 0 0 1 4 1 0.509221544318 0 1 
116 26 0.0 15 18 11 0 13 30 3 1.06603263317e-25 6 1 
116 26 2.0 14 13 15 0 14 23 3 1.15607058338e-64 5 2 
116 26 2.0 3 1 0 0 4 24 1 0.419104194474 0 2 
116 26 2.0 16 13 12 0 20 40 2 0.0875573860027 8 0 
116 26 2.0 9 17 12 0 28 36 2 0.00827725973087 4 4 
116 26 2.0 6 19 6 0 10 18 2 0.258643269428 2 4 
116 26 2.0 1 14 4 0 17 28 1 0.280097065388 0 5 
116 26 2.0 11 9 6 0 25 35 2 0.108818283453 3 3 
116 26 2.0 8 24 15 0 30 25 2 3.12890957187e-34 3 6 
116 26 2.0 10 17 12 0 28 36 2 0.0093939007503 4 4 
116 26 2.0 7 16 6 0 9 14 2 0.194078249602 2 3 
116 26 2.0 2 3 1 0 7 28 1 0.246036339307 0 3 
116 26 2.0 13 11 12 0 13 23 3 6.22938592167e-78 3 3 
116 26 2.0 12 7 1 0 31 26 2 0.6347423809 4 1 
116 26 2.0 5 6 1 0 2 6 1 0.0594326449369 0 2 
116 26 2.0 4 4 0 0 1 4 1 0.506317633049 0 1 
116 26 2.0 15 18 11 0 13 30 3 0.259111664778 6 1 
116 27 0.0 14 13 15 0 14 23 3 1.69580493271e-66 5 2 
116 27 0.0 3 1 0 0 4 24 1 0.465708899609 0 2 
116 27 0.0 16 13 12 0 20 40 2 2.90728383313e-24 8 0 
116 27 0.0 9 17 12 0 28 36 2 5.09941263297e-06 4 4 
116 27 0.0 6 19 6 0 10 18 2 0.22348270088 2 4 
116 27 0.0 1 14 4 0 17 28 1 0.275307307409 0 5 
116 27 0.0 11 9 6 0 25 35 2 0.101258743879 3 3 
116 27 0.0 8 24 15 0 30 25 2 5.85636704945e-51 3 6 
116 27 0.0 10 17 12 0 28 36 2 3.57650999159e-06 4 4 
116 27 0.0 7 16 6 0 9 14 2 0.129537180463 2 3 
116 27 0.0 2 3 1 0 7 28 1 0.275323200432 0 3 
116 27 0.0 13 11 12 0 13 23 3 2.09793104509e-78 3 3 
116 27 0.0 12 7 1 0 31 26 2 0.524509025805 4 1 
116 27 0.0 5 6 1 0 2 6 1 0.15303766596 0 2 
116 27 0.0 4 4 0 0 1 4 1 0.509221780769 0 1 
116 27 0.0 15 18 11 0 13 30 3 2.63520320466e-26 6 1 
116 27 2.0 14 13 15 0 14 23 3 2.03623373812e-65 5 2 
116 27 2.0 3 1 0 0 4 24 1 0.419245161979 0 2 
116 27 2.0 16 13 12 0 20 40 2 0.0872922529207 8 0 
116 27 2.0 9 17 12 0 28 36 2 0.010773887781 4 4 
116 27 2.0 6 19 6 0 10 18 2 0.258607002371 2 4 
116 27 2.0 1 14 4 0 17 28 1 0.280385215376 0 5 
116 27 2.0 11 9 6 0 25 35 2 0.109066204332 3 3 
116 27 2.0 8 24 15 0 30 25 2 1.52172631066e-33 3 6 
116 27 2.0 10 17 12 0 28 36 2 0.00638152572345 4 4 
116 27 2.0 7 16 6 0 9 14 2 0.194143899903 2 3 
116 27 2.0 2 3 1 0 7 28 1 0.245807180351 0 3 
116 27 2.0 13 11 12 0 13 23 3 4.17638724469e-78 3 3 
116 27 2.0 12 7 1 0 31 26 2 0.634819382264 4 1 
116 27 2.0 5 6 1 0 2 6 1 0.0591282090289 0 2 
116 27 2.0 4 4 0 0 1 4 1 0.506285746554 0 1 
116 27 2.0 15 18 11 0 13 30 3 0.25928850735 6 1 
116 28 0.0 14 13 15 0 14 23 3 8.73584529045e-67 5 2 
116 28 0.0 3 1 0 0 4 24 1 0.465708890937 0 2 
116 28 0.0 16 13 12 0 20 40 2 2.58094093703e-24 8 0 
116 28 0.0 9 17 12 0 28 36 2 3.72909182444e-06 4 4 
116 28 0.0 6 19 6 0 10 18 2 0.223482686303 2 4 
116 28 0.0 1 14 4 0 17 28 1 0.275307498883 0 5 
116 28 0.0 11 9 6 0 25 35 2 0.101258826724 3 3 
116 28 0.0 8 24 15 0 30 25 2 4.48075102915e-52 3 6 
116 28 0.0 10 17 12 0 28 36 2 4.74604870893e-06 4 4 
116 28 0.0 7 16 6 0 9 14 2 0.129537204355 2 3 
116 28 0.0 2 3 1 0 7 28 1 0.275323024079 0 3 
116 28 0.0 13 11 12 0 13 23 3 3.84893254788e-78 3 3 
116 28 0.0 12 7 1 0 31 26 2 0.524509037452 4 1 
116 28 0.0 5 6 1 0 2 6 1 0.153037503982 0 2 
116 28 0.0 4 4 0 0 1 4 1 0.509221759783 0 1 
116 28 0.0 15 18 11 0 13 30 3 5.88249163735e-26 6 1 
116 28 2.0 14 13 15 0 14 23 3 1.55999869803e-65 5 2 
116 28 2.0 3 1 0 0 4 24 1 0.419093213887 0 2 
116 28 2.0 16 13 12 0 20 40 2 0.0875774580867 8 0 
116 28 2.0 9 17 12 0 28 36 2 0.00903963434615 4 4 
116 28 2.0 6 19 6 0 10 18 2 0.258645786114 2 4 
116 28 2.0 1 14 4 0 17 28 1 0.280075446207 0 5 
116 28 2.0 11 9 6 0 25 35 2 0.108799539496 3 3 
116 28 2.0 8 24 15 0 30 25 2 2.82543994689e-34 3 6 
116 28 2.0 10 17 12 0 28 36 2 0.00867017017292 4 4 
116 28 2.0 7 16 6 0 9 14 2 0.194074024799 2 3 
116 28 2.0 2 3 1 0 7 28 1 0.246053630062 0 3 
116 28 2.0 13 11 12 0 13 23 3 6.38353052127e-78 3 3 
116 28 2.0 12 7 1 0 31 26 2 0.634736887952 4 1 
116 28 2.0 5 6 1 0 2 6 1 0.0594557161106 0 2 
116 28 2.0 4 4 0 0 1 4 1 0.506320615931 0 1 
116 28 2.0 15 18 11 0 13 30 3 0.25909780725 6 1 
116 29 0.0 14 13 15 0 14 23 3 3.16032778988e-67 5 2 
116 29 0.0 3 1 0 0 4 24 1 0.46570875228 0 2 
116 29 0.0 16 13 12 0 20 40 2 1.85000554152e-24 8 0 
116 29 0.0 9 17 12 0 28 36 2 2.55146339854e-06 4 4 
116 29 0.0 6 19 6 0 10 18 2 0.223482453279 2 4 
116 29 0.0 1 14 4 0 17 28 1 0.275310559165 0 5 
116 29 0.0 11 9 6 0 25 35 2 0.101260150792 3 3 
116 29 0.0 8 24 15 0 30 25 2 1.69744784604e-50 3 6 
116 29 0.0 10 17 12 0 28 36 2 2.71458464337e-06 4 4 
116 29 0.0 7 16 6 0 9 14 2 0.129537586297 2 3 
116 29 0.0 2 3 1 0 7 28 1 0.275320205569 0 3 
116 29 0.0 13 11 12 0 13 23 3 7.22782336123e-79 3 3 
116 29 0.0 12 7 1 0 31 26 2 0.524509223683 4 1 
116 29 0.0 5 6 1 0 2 6 1 0.153034915095 0 2 
116 29 0.0 4 4 0 0 1 4 1 0.509221424425 0 1 
116 29 0.0 15 18 11 0 13 30 3 8.75850423281e-26 6 1 
116 29 2.0 14 13 15 0 14 23 3 4.96604653793e-66 5 2 
116 29 2.0 3 1 0 0 4 24 1 0.419118247736 0 2 
116 29 2.0 16 13 12 0 20 40 2 0.0875358374899 8 0 
116 29 2.0 9 17 12 0 28 36 2 0.00863347374276 4 4 
116 29 2.0 6 19 6 0 10 18 2 0.258642270049 2 4 
116 29 2.0 1 14 4 0 17 28 1 0.280118872711 0 5 
116 29 2.0 11 9 6 0 25 35 2 0.108838251156 3 3 
116 29 2.0 8 24 15 0 30 25 2 9.42312923707e-34 3 6 
116 29 2.0 10 17 12 0 28 36 2 0.00899889453134 4 4 
116 29 2.0 7 16 6 0 9 14 2 0.194077310622 2 3 
116 29 2.0 2 3 1 0 7 28 1 0.246018241616 0 3 
116 29 2.0 13 11 12 0 13 23 3 1.2146724114e-78 3 3 
116 29 2.0 12 7 1 0 31 26 2 0.634745893651 4 1 
116 29 2.0 5 6 1 0 2 6 1 0.0594077342642 0 2 
116 29 2.0 4 4 0 0 1 4 1 0.506310132055 0 1 
116 29 2.0 15 18 11 0 13 30 3 0.25912996194 6 1 
116 30 0.0 14 13 15 0 14 23 3 5.76652364484e-67 5 2 
116 30 0.0 3 1 0 0 4 24 1 0.465708767993 0 2 
116 30 0.0 16 13 12 0 20 40 2 2.89619941891e-24 8 0 
116 30 0.0 9 17 12 0 28 36 2 3.09286470816e-06 4 4 
116 30 0.0 6 19 6 0 10 18 2 0.223482479683 2 4 
116 30 0.0 1 14 4 0 17 28 1 0.275310212437 0 5 
116 30 0.0 11 9 6 0 25 35 2 0.101260000777 3 3 
116 30 0.0 8 24 15 0 30 25 2 2.35577502466e-51 3 6 
116 30 0.0 10 17 12 0 28 36 2 2.53677500287e-06 4 4 
116 30 0.0 7 16 6 0 9 14 2 0.129537543021 2 3 
116 30 0.0 2 3 1 0 7 28 1 0.275320524898 0 3 
116 30 0.0 13 11 12 0 13 23 3 9.48566132319e-79 3 3 
116 30 0.0 12 7 1 0 31 26 2 0.524509202579 4 1 
116 30 0.0 5 6 1 0 2 6 1 0.153035208414 0 2 
116 30 0.0 4 4 0 0 1 4 1 0.509221462413 0 1 
116 30 0.0 15 18 11 0 13 30 3 8.67803913989e-26 6 1 
116 30 2.0 14 13 15 0 14 23 3 1.75039235554e-64 5 2 
116 30 2.0 3 1 0 0 4 24 1 0.419065206044 0 2 
116 30 2.0 16 13 12 0 20 40 2 0.0876241616198 8 0 
116 30 2.0 9 17 12 0 28 36 2 0.00893383975808 4 4 
116 30 2.0 6 19 6 0 10 18 2 0.258649801323 2 4 
116 30 2.0 1 14 4 0 17 28 1 0.280026643928 0 5 
116 30 2.0 11 9 6 0 25 35 2 0.10875608656 3 3 
116 30 2.0 8 24 15 0 30 25 2 2.03753412176e-34 3 6 
116 30 2.0 10 17 12 0 28 36 2 0.00886296994664 4 4 
116 30 2.0 7 16 6 0 9 14 2 0.194070111788 2 3 
116 30 2.0 2 3 1 0 7 28 1 0.246093374904 0 3 
116 30 2.0 13 11 12 0 13 23 3 2.03281314799e-77 3 3 
116 30 2.0 12 7 1 0 31 26 2 0.63472669341 4 1 
116 30 2.0 5 6 1 0 2 6 1 0.0595095597754 0 2 
116 30 2.0 4 4 0 0 1 4 1 0.506332212685 0 1 
116 30 2.0 15 18 11 0 13 30 3 0.259061852166 6 1 
116 31 0.0 14 13 15 0 14 23 3 1.61328336465e-66 5 2 
116 31 0.0 3 1 0 0 4 24 1 0.465708813678 0 2 
116 31 0.0 16 13 12 0 20 40 2 3.19707698511e-24 8 0 
116 31 0.0 9 17 12 0 28 36 2 4.64410906296e-06 4 4 
116 31 0.0 6 19 6 0 10 18 2 0.223482556456 2 4 
116 31 0.0 1 14 4 0 17 28 1 0.275309204149 0 5 
116 31 0.0 11 9 6 0 25 35 2 0.10125956453 3 3 
116 31 0.0 8 24 15 0 30 25 2 1.05702048037e-50 3 6 
116 31 0.0 10 17 12 0 28 36 2 2.04285063832e-06 4 4 
116 31 0.0 7 16 6 0 9 14 2 0.129537417181 2 3 
116 31 0.0 2 3 1 0 7 28 1 0.275321453527 0 3 
116 31 0.0 13 11 12 0 13 23 3 1.25122374527e-78 3 3 
116 31 0.0 12 7 1 0 31 26 2 0.524509141219 4 1 
116 31 0.0 5 6 1 0 2 6 1 0.153036061388 0 2 
116 31 0.0 4 4 0 0 1 4 1 0.509221572907 0 1 
116 31 0.0 15 18 11 0 13 30 3 1.72319221818e-25 6 1 
116 31 2.0 14 13 15 0 14 23 3 1.67219635611e-64 5 2 
116 31 2.0 3 1 0 0 4 24 1 0.419060639715 0 2 
116 31 2.0 16 13 12 0 20 40 2 0.0876306890785 8 0 
116 31 2.0 9 17 12 0 28 36 2 0.00850369352558 4 4 
116 31 2.0 6 19 6 0 10 18 2 0.258649874463 2 4 
116 31 2.0 1 14 4 0 17 28 1 0.280020219598 0 5 
116 31 2.0 11 9 6 0 25 35 2 0.108750055074 3 3 
116 31 2.0 8 24 15 0 30 25 2 5.16389856967e-34 3 6 
116 31 2.0 10 17 12 0 28 36 2 0.0093045089196 4 4 
116 31 2.0 7 16 6 0 9 14 2 0.194071132762 2 3 
116 31 2.0 2 3 1 0 7 28 1 0.246098801098 0 3 
116 31 2.0 13 11 12 0 13 23 3 1.10643403172e-76 3 3 
116 31 2.0 12 7 1 0 31 26 2 0.634725953011 4 1 
116 31 2.0 5 6 1 0 2 6 1 0.0595171278628 0 2 
116 31 2.0 4 4 0 0 1 4 1 0.5063350697 0 1 
116 31 2.0 15 18 11 0 13 30 3 0.259055843534 6 1 
116 32 0.0 14 13 15 0 14 23 3 1.322247988e-66 5 2 
116 32 0.0 3 1 0 0 4 24 1 0.465708855669 0 2 
116 32 0.0 16 13 12 0 20 40 2 3.33276442894e-24 8 0 
116 32 0.0 9 17 12 0 28 36 2 2.10969569945e-06 4 4 
116 32 0.0 6 19 6 0 10 18 2 0.223482627029 2 4 
116 32 0.0 1 14 4 0 17 28 1 0.275308277254 0 5 
116 32 0.0 11 9 6 0 25 35 2 0.101259163496 3 3 
116 32 0.0 8 24 15 0 30 25 2 6.00986332869e-51 3 6 
116 32 0.0 10 17 12 0 28 36 2 5.54922585017e-06 4 4 
116 32 0.0 7 16 6 0 9 14 2 0.129537301507 2 3 
116 32 0.0 2 3 1 0 7 28 1 0.275322307203 0 3 
116 32 0.0 13 11 12 0 13 23 3 8.33849195386e-79 3 3 
116 32 0.0 12 7 1 0 31 26 2 0.524509084821 4 1 
116 32 0.0 5 6 1 0 2 6 1 0.153036845504 0 2 
116 32 0.0 4 4 0 0 1 4 1 0.509221674488 0 1 
116 32 0.0 15 18 11 0 13 30 3 1.27142862243e-25 6 1 
116 32 2.0 14 13 15 0 14 23 3 5.5833306628e-66 5 2 
116 32 2.0 3 1 0 0 4 24 1 0.419241675974 0 2 
116 32 2.0 16 13 12 0 20 40 2 0.0873031846753 8 0 
116 32 2.0 9 17 12 0 28 36 2 0.00657750926763 4 4 
116 32 2.0 6 19 6 0 10 18 2 0.258610253184 2 4 
116 32 2.0 1 14 4 0 17 28 1 0.280371843043 0 5 
116 32 2.0 11 9 6 0 25 35 2 0.109055799135 3 3 
116 32 2.0 8 24 15 0 30 25 2 1.07337492586e-33 3 6 
116 32 2.0 10 17 12 0 28 36 2 0.0106020334026 4 4 
116 32 2.0 7 16 6 0 9 14 2 0.194135523021 2 3 
116 32 2.0 2 3 1 0 7 28 1 0.245817129004 0 3 
116 32 2.0 13 11 12 0 13 23 3 4.22837934522e-79 3 3 
116 32 2.0 12 7 1 0 31 26 2 0.634813730987 4 1 
116 32 2.0 5 6 1 0 2 6 1 0.0591406212664 0 2 
116 32 2.0 4 4 0 0 1 4 1 0.506282665919 0 1 
116 32 2.0 15 18 11 0 13 30 3 0.259284736768 6 1 
116 33 0.0 14 13 15 0 14 23 3 2.53872507437e-66 5 2 
116 33 0.0 3 1 0 0 4 24 1 0.465709028332 0 2 
116 33 0.0 16 13 12 0 20 40 2 3.68479991153e-24 8 0 
116 33 0.0 9 17 12 0 28 36 2 3.52165230345e-06 4 4 
116 33 0.0 6 19 6 0 10 18 2 0.223482917307 2 4 
116 33 0.0 1 14 4 0 17 28 1 0.275304464594 0 5 
116 33 0.0 11 9 6 0 25 35 2 0.101257513874 3 3 
116 33 0.0 8 24 15 0 30 25 2 1.62575387139e-50 3 6 
116 33 0.0 10 17 12 0 28 36 2 8.1352388585e-06 4 4 
116 33 0.0 7 16 6 0 9 14 2 0.129536825757 2 3 
116 33 0.0 2 3 1 0 7 28 1 0.275325818788 0 3 
116 33 0.0 13 11 12 0 13 23 3 1.3144984207e-77 3 3 
116 33 0.0 12 7 1 0 31 26 2 0.524508852911 4 1 
116 33 0.0 5 6 1 0 2 6 1 0.153040070857 0 2 
116 33 0.0 4 4 0 0 1 4 1 0.509222092412 0 1 
116 33 0.0 15 18 11 0 13 30 3 1.11522479244e-25 6 1 
116 33 2.0 14 13 15 0 14 23 3 3.14294476573e-65 5 2 
116 33 2.0 3 1 0 0 4 24 1 0.419045778847 0 2 
116 33 2.0 16 13 12 0 20 40 2 0.0876563600918 8 0 
116 33 2.0 9 17 12 0 28 36 2 0.00895345929355 4 4 
116 33 2.0 6 19 6 0 10 18 2 0.258652485463 2 4 
116 33 2.0 1 14 4 0 17 28 1 0.279993058437 0 5 
116 33 2.0 11 9 6 0 25 35 2 0.108726132272 3 3 
116 33 2.0 8 24 15 0 30 25 2 1.08582444354e-33 3 6 
116 33 2.0 10 17 12 0 28 36 2 0.00890320179377 4 4 
116 33 2.0 7 16 6 0 9 14 2 0.194067682904 2 3 
116 33 2.0 2 3 1 0 7 28 1 0.246120762658 0 3 
116 33 2.0 13 11 12 0 13 23 3 7.41724835156e-77 3 3 
116 33 2.0 12 7 1 0 31 26 2 0.634719788194 4 1 
116 33 2.0 5 6 1 0 2 6 1 0.0595466923368 0 2 
116 33 2.0 4 4 0 0 1 4 1 0.506340425646 0 1 
116 33 2.0 15 18 11 0 13 30 3 0.259036886519 6 1 
116 34 0.0 14 13 15 0 14 23 3 8.9054584082e-67 5 2 
116 34 0.0 3 1 0 0 4 24 1 0.465708999867 0 2 
116 34 0.0 16 13 12 0 20 40 2 3.6630759256e-24 8 0 
116 34 0.0 9 17 12 0 28 36 2 6.09680445667e-06 4 4 
116 34 0.0 6 19 6 0 10 18 2 0.223482869429 2 4 
116 34 0.0 1 14 4 0 17 28 1 0.275305093609 0 5 
116 34 0.0 11 9 6 0 25 35 2 0.101257786035 3 3 
116 34 0.0 8 24 15 0 30 25 2 6.46184479085e-51 3 6 
116 34 0.0 10 17 12 0 28 36 2 4.90051711428e-06 4 4 
116 34 0.0 7 16 6 0 9 14 2 0.129536904218 2 3 
116 34 0.0 2 3 1 0 7 28 1 0.275325239411 0 3 
116 34 0.0 13 11 12 0 13 23 3 8.29110043128e-78 3 3 
116 34 0.0 12 7 1 0 31 26 2 0.524508891145 4 1 
116 34 0.0 5 6 1 0 2 6 1 0.153039538743 0 2 
116 34 0.0 4 4 0 0 1 4 1 0.509222023428 0 1 
116 34 0.0 15 18 11 0 13 30 3 7.6657264731e-26 6 1 
116 34 2.0 14 13 15 0 14 23 3 1.22316114315e-65 5 2 
116 34 2.0 3 1 0 0 4 24 1 0.419214140154 0 2 
116 34 2.0 16 13 12 0 20 40 2 0.0873563327818 8 0 
116 34 2.0 9 17 12 0 28 36 2 0.0103701956918 4 4 
116 34 2.0 6 19 6 0 10 18 2 0.258618061167 2 4 
116 34 2.0 1 14 4 0 17 28 1 0.280313624842 0 5 
116 34 2.0 11 9 6 0 25 35 2 0.109006044225 3 3 
116 34 2.0 8 24 15 0 30 25 2 3.27483599191e-33 3 6 
116 34 2.0 10 17 12 0 28 36 2 0.00691365419806 4 4 
116 34 2.0 7 16 6 0 9 14 2 0.194120616417 2 3 
116 34 2.0 2 3 1 0 7 28 1 0.245863205458 0 3 
116 34 2.0 13 11 12 0 13 23 3 1.75122653459e-78 3 3 
116 34 2.0 12 7 1 0 31 26 2 0.634797513964 4 1 
116 34 2.0 5 6 1 0 2 6 1 0.0592015951624 0 2 
116 34 2.0 4 4 0 0 1 4 1 0.506287716421 0 1 
116 34 2.0 15 18 11 0 13 30 3 0.259250384937 6 1 
116 35 0.0 14 13 15 0 14 23 3 5.68218224033e-67 5 2 
116 35 0.0 3 1 0 0 4 24 1 0.465708860655 0 2 
116 35 0.0 16 13 12 0 20 40 2 2.41200250407e-24 8 0 
116 35 0.0 9 17 12 0 28 36 2 5.32550863908e-06 4 4 
116 35 0.0 6 19 6 0 10 18 2 0.223482635407 2 4 
116 35 0.0 1 14 4 0 17 28 1 0.275308167252 0 5 
116 35 0.0 11 9 6 0 25 35 2 0.101259115903 3 3 
116 35 0.0 8 24 15 0 30 25 2 7.33297535541e-51 3 6 
116 35 0.0 10 17 12 0 28 36 2 2.4487649787e-06 4 4 
116 35 0.0 7 16 6 0 9 14 2 0.129537287774 2 3 
116 35 0.0 2 3 1 0 7 28 1 0.275322408512 0 3 
116 35 0.0 13 11 12 0 13 23 3 1.33214288162e-78 3 3 
116 35 0.0 12 7 1 0 31 26 2 0.524509078124 4 1 
116 35 0.0 5 6 1 0 2 6 1 0.153036938564 0 2 
116 35 0.0 4 4 0 0 1 4 1 0.509221686541 0 1 
116 35 0.0 15 18 11 0 13 30 3 7.35897309619e-26 6 1 
116 35 2.0 14 13 15 0 14 23 3 1.37821446825e-65 5 2 
116 35 2.0 3 1 0 0 4 24 1 0.419078181741 0 2 
116 35 2.0 16 13 12 0 20 40 2 0.0876024032367 8 0 
116 35 2.0 9 17 12 0 28 36 2 0.00906932554162 4 4 
116 35 2.0 6 19 6 0 10 18 2 0.258647875338 2 4 
116 35 2.0 1 14 4 0 17 28 1 0.280049427324 0 5 
116 35 2.0 11 9 6 0 25 35 2 0.108776336376 3 3 
116 35 2.0 8 24 15 0 30 25 2 2.42970042751e-34 3 6 
116 35 2.0 10 17 12 0 28 36 2 0.00868686241623 4 4 
116 35 2.0 7 16 6 0 9 14 2 0.194072112918 2 3 
116 35 2.0 2 3 1 0 7 28 1 0.246074841396 0 3 
116 35 2.0 13 11 12 0 13 23 3 1.79501768782e-78 3 3 
116 35 2.0 12 7 1 0 31 26 2 0.63473151934 4 1 
116 35 2.0 5 6 1 0 2 6 1 0.0594844785609 0 2 
116 35 2.0 4 4 0 0 1 4 1 0.506326948902 0 1 
116 35 2.0 15 18 11 0 13 30 3 0.259078493102 6 1 
116 36 0.0 14 13 15 0 14 23 3 1.65086162515e-67 5 2 
116 36 0.0 3 1 0 0 4 24 1 0.465708775022 0 2 
116 36 0.0 16 13 12 0 20 40 2 3.79849988782e-24 8 0 
116 36 0.0 9 17 12 0 28 36 2 2.84122999359e-06 4 4 
116 36 0.0 6 19 6 0 10 18 2 0.223482491491 2 4 
116 36 0.0 1 14 4 0 17 28 1 0.275310057338 0 5 
116 36 0.0 11 9 6 0 25 35 2 0.101259933673 3 3 
116 36 0.0 8 24 15 0 30 25 2 9.44847292318e-51 3 6 
116 36 0.0 10 17 12 0 28 36 2 2.95105188514e-06 4 4 
116 36 0.0 7 16 6 0 9 14 2 0.129537523663 2 3 
116 36 0.0 2 3 1 0 7 28 1 0.275320667741 0 3 
116 36 0.0 13 11 12 0 13 23 3 9.45354524082e-79 3 3 
116 36 0.0 12 7 1 0 31 26 2 0.524509193138 4 1 
116 36 0.0 5 6 1 0 2 6 1 0.153035339621 0 2 
116 36 0.0 4 4 0 0 1 4 1 0.509221479404 0 1 
116 36 0.0 15 18 11 0 13 30 3 4.4390819069e-26 6 1 
116 36 2.0 14 13 15 0 14 23 3 1.25761380425e-65 5 2 
116 36 2.0 3 1 0 0 4 24 1 0.419093253681 0 2 
116 36 2.0 16 13 12 0 20 40 2 0.0875761890285 8 0 
116 36 2.0 9 17 12 0 28 36 2 0.00931954533728 4 4 
116 36 2.0 6 19 6 0 10 18 2 0.258645135744 2 4 
116 36 2.0 1 14 4 0 17 28 1 0.280077215727 0 5 
116 36 2.0 11 9 6 0 25 35 2 0.108800768324 3 3 
116 36 2.0 8 24 15 0 30 25 2 3.4203338316e-33 3 6 
116 36 2.0 10 17 12 0 28 36 2 0.00838704006953 4 4 
116 36 2.0 7 16 6 0 9 14 2 0.19407587119 2 3 
116 36 2.0 2 3 1 0 7 28 1 0.246052404368 0 3 
116 36 2.0 13 11 12 0 13 23 3 7.63373825825e-78 3 3 
116 36 2.0 12 7 1 0 31 26 2 0.634737923618 4 1 
116 36 2.0 5 6 1 0 2 6 1 0.0594542993083 0 2 
116 36 2.0 4 4 0 0 1 4 1 0.50632166907 0 1 
116 36 2.0 15 18 11 0 13 30 3 0.259097695395 6 1 
116 37 0.0 14 13 15 0 14 23 3 3.73420772123e-66 5 2 
116 37 0.0 3 1 0 0 4 24 1 0.465708888845 0 2 
116 37 0.0 16 13 12 0 20 40 2 3.38482861389e-24 8 0 
116 37 0.0 9 17 12 0 28 36 2 6.30260021195e-06 4 4 
116 37 0.0 6 19 6 0 10 18 2 0.223482682798 2 4 
116 37 0.0 1 14 4 0 17 28 1 0.275307544803 0 5 
116 37 0.0 11 9 6 0 25 35 2 0.101258846589 3 3 
116 37 0.0 8 24 15 0 30 25 2 7.61049226128e-51 3 6 
116 37 0.0 10 17 12 0 28 36 2 2.12437927719e-06 4 4 
116 37 0.0 7 16 6 0 9 14 2 0.129537210105 2 3 
116 37 0.0 2 3 1 0 7 28 1 0.275322981805 0 3 
116 37 0.0 13 11 12 0 13 23 3 1.6495752988e-78 3 3 
116 37 0.0 12 7 1 0 31 26 2 0.524509040261 4 1 
116 37 0.0 5 6 1 0 2 6 1 0.153037465129 0 2 
116 37 0.0 4 4 0 0 1 4 1 0.509221754769 0 1 
116 37 0.0 15 18 11 0 13 30 3 1.93022002665e-25 6 1 
116 37 2.0 14 13 15 0 14 23 3 6.75357966569e-65 5 2 
116 37 2.0 3 1 0 0 4 24 1 0.419048861421 0 2 
116 37 2.0 16 13 12 0 20 40 2 0.0876503850625 8 0 
116 37 2.0 9 17 12 0 28 36 2 0.0085575382341 4 4 
116 37 2.0 6 19 6 0 10 18 2 0.258651595652 2 4 
116 37 2.0 1 14 4 0 17 28 1 0.279999609839 0 5 
116 37 2.0 11 9 6 0 25 35 2 0.108731724628 3 3 
116 37 2.0 8 24 15 0 30 25 2 9.14611824555e-34 3 6 
116 37 2.0 10 17 12 0 28 36 2 0.00928740130684 4 4 
116 37 2.0 7 16 6 0 9 14 2 0.194069391977 2 3 
116 37 2.0 2 3 1 0 7 28 1 0.24611557591 0 3 
116 37 2.0 13 11 12 0 13 23 3 7.18785316061e-77 3 3 
116 37 2.0 12 7 1 0 31 26 2 0.634721617958 4 1 
116 37 2.0 5 6 1 0 2 6 1 0.0595398353587 0 2 
116 37 2.0 4 4 0 0 1 4 1 0.506339893489 0 1 
116 37 2.0 15 18 11 0 13 30 3 0.259040731093 6 1 
116 38 0.0 14 13 15 0 14 23 3 1.13170987638e-66 5 2 
116 38 0.0 3 1 0 0 4 24 1 0.465708629882 0 2 
116 38 0.0 16 13 12 0 20 40 2 2.79832411984e-24 8 0 
116 38 0.0 9 17 12 0 28 36 2 2.09354660154e-06 4 4 
116 38 0.0 6 19 6 0 10 18 2 0.223482247664 2 4 
116 38 0.0 1 14 4 0 17 28 1 0.275313259206 0 5 
116 38 0.0 11 9 6 0 25 35 2 0.101261318977 3 3 
116 38 0.0 8 24 15 0 30 25 2 2.95810886423e-51 3 6 
116 38 0.0 10 17 12 0 28 36 2 3.4110154137e-07 4 4 
116 38 0.0 7 16 6 0 9 14 2 0.129537923352 2 3 
116 38 0.0 2 3 1 0 7 28 1 0.275317718941 0 3 
116 38 0.0 13 11 12 0 13 23 3 5.31516302161e-79 3 3 
116 38 0.0 12 7 1 0 31 26 2 0.524509388071 4 1 
116 38 0.0 5 6 1 0 2 6 1 0.153032630944 0 2 
116 38 0.0 4 4 0 0 1 4 1 0.509221128617 0 1 
116 38 0.0 15 18 11 0 13 30 3 2.37245030353e-25 6 1 
116 38 2.0 14 13 15 0 14 23 3 3.98634838298e-65 5 2 
116 38 2.0 3 1 0 0 4 24 1 0.419111164014 0 2 
116 38 2.0 16 13 12 0 20 40 2 0.0875428487072 8 0 
116 38 2.0 9 17 12 0 28 36 2 0.00794884226597 4 4 
116 38 2.0 6 19 6 0 10 18 2 0.258640708457 2 4 
116 38 2.0 1 14 4 0 17 28 1 0.280113330942 0 5 
116 38 2.0 11 9 6 0 25 35 2 0.108831925992 3 3 
116 38 2.0 8 24 15 0 30 25 2 2.63041194962e-34 3 6 
116 38 2.0 10 17 12 0 28 36 2 0.00969315763411 4 4 
116 38 2.0 7 16 6 0 9 14 2 0.194083684482 2 3 
116 38 2.0 2 3 1 0 7 28 1 0.246023616587 0 3 
116 38 2.0 13 11 12 0 13 23 3 6.80444754308e-78 3 3 
116 38 2.0 12 7 1 0 31 26 2 0.634747395462 4 1 
116 38 2.0 5 6 1 0 2 6 1 0.0594159984089 0 2 
116 38 2.0 4 4 0 0 1 4 1 0.506317336315 0 1 
116 38 2.0 15 18 11 0 13 30 3 0.259120216303 6 1 
116 39 0.0 14 13 15 0 14 23 3 1.24342901749e-67 5 2 
116 39 0.0 3 1 0 0 4 24 1 0.46570867308 0 2 
116 39 0.0 16 13 12 0 20 40 2 3.3616269424e-24 8 0 
116 39 0.0 9 17 12 0 28 36 2 1.76304180079e-06 4 4 
116 39 0.0 6 19 6 0 10 18 2 0.223482320222 2 4 
116 39 0.0 1 14 4 0 17 28 1 0.275312306459 0 5 
116 39 0.0 11 9 6 0 25 35 2 0.101260906769 3 3 
116 39 0.0 8 24 15 0 30 25 2 2.23086599942e-50 3 6 
116 39 0.0 10 17 12 0 28 36 2 1.6707128038e-06 4 4 
116 39 0.0 7 16 6 0 9 14 2 0.12953780441 2 3 
116 39 0.0 2 3 1 0 7 28 1 0.275318596369 0 3 
116 39 0.0 13 11 12 0 13 23 3 3.03810209743e-79 3 3 
116 39 0.0 12 7 1 0 31 26 2 0.524509330054 4 1 
116 39 0.0 5 6 1 0 2 6 1 0.153033436939 0 2 
116 39 0.0 4 4 0 0 1 4 1 0.509221232981 0 1 
116 39 0.0 15 18 11 0 13 30 3 5.29491510483e-26 6 1 
116 39 2.0 14 13 15 0 14 23 3 1.83315062275e-65 5 2 
116 39 2.0 3 1 0 0 4 24 1 0.419086334721 0 2 
116 39 2.0 16 13 12 0 20 40 2 0.08758910763 8 0 
116 39 2.0 9 17 12 0 28 36 2 0.00887588837807 4 4 
116 39 2.0 6 19 6 0 10 18 2 0.258646867262 2 4 
116 39 2.0 1 14 4 0 17 28 1 0.2800632093 0 5 
116 39 2.0 11 9 6 0 25 35 2 0.108788694339 3 3 
116 39 2.0 8 24 15 0 30 25 2 8.98037845384e-34 3 6 
116 39 2.0 10 17 12 0 28 36 2 0.00885574405084 4 4 
116 39 2.0 7 16 6 0 9 14 2 0.194072793054 2 3 
116 39 2.0 2 3 1 0 7 28 1 0.246063563852 0 3 
116 39 2.0 13 11 12 0 13 23 3 5.46118153605e-77 3 3 
116 39 2.0 12 7 1 0 31 26 2 0.634734232656 4 1 
116 39 2.0 5 6 1 0 2 6 1 0.0594691392203 0 2 
116 39 2.0 4 4 0 0 1 4 1 0.506323306484 0 1 
116 39 2.0 15 18 11 0 13 30 3 0.259089000171 6 1 
116 40 0.0 14 13 15 0 14 23 3 2.81966954516e-66 5 2 
116 40 0.0 3 1 0 0 4 24 1 0.465708870912 0 2 
116 40 0.0 16 13 12 0 20 40 2 3.65289601458e-24 8 0 
116 40 0.0 9 17 12 0 28 36 2 6.31767418258e-06 4 4 
116 40 0.0 6 19 6 0 10 18 2 0.22348265266 2 4 
116 40 0.0 1 14 4 0 17 28 1 0.275307940624 0 5 
116 40 0.0 11 9 6 0 25 35 2 0.101259017846 3 3 
116 40 0.0 8 24 15 0 30 25 2 1.80894633696e-50 3 6 
116 40 0.0 10 17 12 0 28 36 2 1.69423909859e-06 4 4 
116 40 0.0 7 16 6 0 9 14 2 0.129537259506 2 3 
116 40 0.0 2 3 1 0 7 28 1 0.275322617254 0 3 
116 40 0.0 13 11 12 0 13 23 3 3.91720008071e-78 3 3 
116 40 0.0 12 7 1 0 31 26 2 0.524509064347 4 1 
116 40 0.0 5 6 1 0 2 6 1 0.153037130279 0 2 
116 40 0.0 4 4 0 0 1 4 1 0.509221711393 0 1 
116 40 0.0 15 18 11 0 13 30 3 8.24793162242e-26 6 1 
116 40 2.0 14 13 15 0 14 23 3 6.7261739767e-66 5 2 
116 40 2.0 3 1 0 0 4 24 1 0.419099744611 0 2 
116 40 2.0 16 13 12 0 20 40 2 0.0875656589019 8 0 
116 40 2.0 9 17 12 0 28 36 2 0.00926591147591 4 4 
116 40 2.0 6 19 6 0 10 18 2 0.258644363564 2 4 
116 40 2.0 1 14 4 0 17 28 1 0.280088108235 0 5 
116 40 2.0 11 9 6 0 25 35 2 0.108810552895 3 3 
116 40 2.0 8 24 15 0 30 25 2 9.58856505234e-34 3 6 
116 40 2.0 10 17 12 0 28 36 2 0.0084212668171 4 4 
116 40 2.0 7 16 6 0 9 14 2 0.194076325356 2 3 
116 40 2.0 2 3 1 0 7 28 1 0.246043481064 0 3 
116 40 2.0 13 11 12 0 13 23 3 4.41439576549e-78 3 3 
116 40 2.0 12 7 1 0 31 26 2 0.634740036965 4 1 
116 40 2.0 5 6 1 0 2 6 1 0.059442148936 0 2 
116 40 2.0 4 4 0 0 1 4 1 0.506318718846 0 1 
116 40 2.0 15 18 11 0 13 30 3 0.259106067947 6 1 
