15 1 0.0 4 2 0 0 1 2 1 0.191363284204 0 1 
15 1 0.0 2 1 1 0 7 18 1 0.167733220836 0 3 
15 1 0.0 5 4 6 0 17 33 2 0.117590888655 1 5 
15 1 0.0 17 5 6 0 40 52 2 8.52415638489e-37 8 0 
15 1 0.0 1 6 1 0 2 4 1 0.232074974461 0 2 
15 1 0.0 6 0 0 0 6 1 2 0.0512412779951 1 0 
15 1 0.0 16 4 2 0 34 21 3 5.72159758116e-51 5 0 
15 1 0.0 11 4 1 0 4 21 2 0.149565792568 1 2 
15 1 0.0 7 1 1 0 8 25 2 0.0512360919685 1 2 
15 1 0.0 10 1 0 0 7 3 2 0.0486057676232 1 1 
15 1 0.0 19 3 2 0 20 5 3 1.50903883466e-61 3 0 
15 1 0.0 18 5 4 0 30 17 3 2.15455719057e-53 5 0 
15 1 0.0 13 2 6 0 19 28 3 1.53656119165e-46 2 3 
15 1 0.0 9 5 1 0 13 21 2 0.0485609147546 1 3 
15 1 0.0 12 2 3 0 12 24 2 0.0515958498987 2 2 
15 1 0.0 3 10 0 0 9 6 1 0.0732025734467 0 3 
15 1 0.0 15 7 5 0 21 31 3 2.75080192637e-38 3 3 
15 1 0.0 8 6 6 0 30 41 2 0.0476694597947 1 6 
15 1 0.0 14 1 0 0 2 1 3 2.72318684543e-48 1 0 
15 1 2.0 4 2 0 0 1 2 1 0.130621993772 0 1 
15 1 2.0 2 1 1 0 7 18 1 0.0539515618094 0 3 
15 1 2.0 5 4 6 0 17 33 2 4.72532445594e-08 1 5 
15 1 2.0 17 5 6 0 40 52 2 3.78204614295e-16 8 0 
15 1 2.0 1 6 1 0 2 4 1 0.285964791516 0 2 
15 1 2.0 6 0 0 0 6 1 2 0.0920394215719 1 0 
15 1 2.0 16 4 2 0 34 21 3 1.4613497119e-32 5 0 
15 1 2.0 11 4 1 0 4 21 2 0.173129269883 1 2 
15 1 2.0 7 1 1 0 8 25 2 0.0918871586833 1 2 
15 1 2.0 10 1 0 0 7 3 2 0.153551548343 1 1 
15 1 2.0 19 3 2 0 20 5 3 2.29182367683e-31 3 0 
15 1 2.0 18 5 4 0 30 17 3 8.34491538724e-09 5 0 
15 1 2.0 13 2 6 0 19 28 3 2.33666667821e-46 2 3 
15 1 2.0 9 5 1 0 13 21 2 0.0844330102634 1 3 
15 1 2.0 12 2 3 0 12 24 2 0.331696472912 2 2 
15 1 2.0 3 10 0 0 9 6 1 0.0378131977575 0 3 
15 1 2.0 15 7 5 0 21 31 3 0.0109223314163 3 3 
15 1 2.0 8 6 6 0 30 41 2 0.0817946611076 1 6 
15 1 2.0 14 1 0 0 2 1 3 3.43864714923e-16 1 0 
15 2 0.0 4 2 0 0 1 2 1 0.19167267038 0 1 
15 2 0.0 2 1 1 0 7 18 1 0.16840768396 0 3 
15 2 0.0 5 4 6 0 17 33 2 0.118670545696 1 5 
15 2 0.0 17 5 6 0 40 52 2 1.90956435833e-37 8 0 
15 2 0.0 1 6 1 0 2 4 1 0.230661888159 0 2 
15 2 0.0 6 0 0 0 6 1 2 0.0593860513394 1 0 
15 2 0.0 16 4 2 0 34 21 3 3.01040594994e-49 5 0 
15 2 0.0 11 4 1 0 4 21 2 0.149505441443 1 2 
15 2 0.0 7 1 1 0 8 25 2 0.0593222638272 1 2 
15 2 0.0 10 1 0 0 7 3 2 0.0660444858714 1 1 
15 2 0.0 19 3 2 0 20 5 3 2.425340151e-59 3 0 
15 2 0.0 18 5 4 0 30 17 3 1.19954851183e-53 5 0 
15 2 0.0 13 2 6 0 19 28 3 2.65511773269e-44 2 3 
15 2 0.0 9 5 1 0 13 21 2 0.0667299723616 1 3 
15 2 0.0 12 2 3 0 12 24 2 0.0498224296624 2 2 
15 2 0.0 3 10 0 0 9 6 1 0.312385611658 0 3 
15 2 0.0 15 7 5 0 21 31 3 1.21152626327e-35 3 3 
15 2 0.0 8 6 6 0 30 41 2 0.0654859162056 1 6 
15 2 0.0 14 1 0 0 2 1 3 2.81946132776e-56 1 0 
15 2 2.0 4 2 0 0 1 2 1 0.125740294528 0 1 
15 2 2.0 2 1 1 0 7 18 1 0.0486207493392 0 3 
15 2 2.0 5 4 6 0 17 33 2 1.05467174712e-07 1 5 
15 2 2.0 17 5 6 0 40 52 2 2.14905189042e-16 8 0 
15 2 2.0 1 6 1 0 2 4 1 0.285964727054 0 2 
15 2 2.0 6 0 0 0 6 1 2 0.0937798366191 1 0 
15 2 2.0 16 4 2 0 34 21 3 2.26558088863e-31 5 0 
15 2 2.0 11 4 1 0 4 21 2 0.175673916644 1 2 
15 2 2.0 7 1 1 0 8 25 2 0.093745509218 1 2 
15 2 2.0 10 1 0 0 7 3 2 0.192518043817 1 1 
15 2 2.0 19 3 2 0 20 5 3 6.12746051545e-32 3 0 
15 2 2.0 18 5 4 0 30 17 3 1.52399149282e-09 5 0 
15 2 2.0 13 2 6 0 19 28 3 5.62538167451e-48 2 3 
15 2 2.0 9 5 1 0 13 21 2 0.114020539843 1 3 
15 2 2.0 12 2 3 0 12 24 2 0.331696349465 2 2 
15 2 2.0 3 10 0 0 9 6 1 0.151500119691 0 3 
15 2 2.0 15 7 5 0 21 31 3 0.00832246911493 3 3 
15 2 2.0 8 6 6 0 30 41 2 0.106321842367 1 6 
15 2 2.0 14 1 0 0 2 1 3 3.56821675475e-14 1 0 
15 3 0.0 4 2 0 0 1 2 1 0.191746734102 0 1 
15 3 0.0 2 1 1 0 7 18 1 0.15647129032 0 3 
15 3 0.0 5 4 6 0 17 33 2 0.117752487724 1 5 
15 3 0.0 17 5 6 0 40 52 2 5.31119698398e-37 8 0 
15 3 0.0 1 6 1 0 2 4 1 0.231863046744 0 2 
15 3 0.0 6 0 0 0 6 1 2 0.0537613530435 1 0 
15 3 0.0 16 4 2 0 34 21 3 3.73807437831e-50 5 0 
15 3 0.0 11 4 1 0 4 21 2 0.149810384894 1 2 
15 3 0.0 7 1 1 0 8 25 2 0.0537041247498 1 2 
15 3 0.0 10 1 0 0 7 3 2 0.0257848237448 1 1 
15 3 0.0 19 3 2 0 20 5 3 5.85346345108e-59 3 0 
15 3 0.0 18 5 4 0 30 17 3 3.48549085587e-53 5 0 
15 3 0.0 13 2 6 0 19 28 3 1.39762816618e-47 2 3 
15 3 0.0 9 5 1 0 13 21 2 0.0261505766264 1 3 
15 3 0.0 12 2 3 0 12 24 2 0.0513302113383 2 2 
15 3 0.0 3 10 0 0 9 6 1 0.260103483828 0 3 
15 3 0.0 15 7 5 0 21 31 3 6.42196415936e-36 3 3 
15 3 0.0 8 6 6 0 30 41 2 0.0253845613284 1 6 
15 3 0.0 14 1 0 0 2 1 3 1.56969051872e-57 1 0 
15 3 2.0 4 2 0 0 1 2 1 0.13470028807 0 1 
15 3 2.0 2 1 1 0 7 18 1 0.166218013319 0 3 
15 3 2.0 5 4 6 0 17 33 2 2.14568951203e-07 1 5 
15 3 2.0 17 5 6 0 40 52 2 4.48527029374e-17 8 0 
15 3 2.0 1 6 1 0 2 4 1 0.285964610829 0 2 
15 3 2.0 6 0 0 0 6 1 2 0.061017792479 1 0 
15 3 2.0 16 4 2 0 34 21 3 1.39664088839e-32 5 0 
15 3 2.0 11 4 1 0 4 21 2 0.172506445684 1 2 
15 3 2.0 7 1 1 0 8 25 2 0.0609311015334 1 2 
15 3 2.0 10 1 0 0 7 3 2 0.0599737301133 1 1 
15 3 2.0 19 3 2 0 20 5 3 1.12309257061e-31 3 0 
15 3 2.0 18 5 4 0 30 17 3 1.57816876767e-09 5 0 
15 3 2.0 13 2 6 0 19 28 3 5.59118422813e-47 2 3 
15 3 2.0 9 5 1 0 13 21 2 0.0367628922321 1 3 
15 3 2.0 12 2 3 0 12 24 2 0.33169611696 2 2 
15 3 2.0 3 10 0 0 9 6 1 0.0255728290853 0 3 
15 3 2.0 15 7 5 0 21 31 3 0.0124510665726 3 3 
15 3 2.0 8 6 6 0 30 41 2 0.0343378851028 1 6 
15 3 2.0 14 1 0 0 2 1 3 2.69225119259e-12 1 0 
15 4 0.0 4 2 0 0 1 2 1 0.191804193102 0 1 
15 4 0.0 2 1 1 0 7 18 1 0.207112911525 0 3 
15 4 0.0 5 4 6 0 17 33 2 0.118736152886 1 5 
15 4 0.0 17 5 6 0 40 52 2 1.08159175617e-36 8 0 
15 4 0.0 1 6 1 0 2 4 1 0.230575520262 0 2 
15 4 0.0 6 0 0 0 6 1 2 0.0911562641821 1 0 
15 4 0.0 16 4 2 0 34 21 3 7.74594491219e-49 5 0 
15 4 0.0 11 4 1 0 4 21 2 0.149800163167 1 2 
15 4 0.0 7 1 1 0 8 25 2 0.0910485075797 1 2 
15 4 0.0 10 1 0 0 7 3 2 0.0245130521576 1 1 
15 4 0.0 19 3 2 0 20 5 3 1.69718747239e-58 3 0 
15 4 0.0 18 5 4 0 30 17 3 5.74383545691e-53 5 0 
15 4 0.0 13 2 6 0 19 28 3 2.54707776231e-40 2 3 
15 4 0.0 9 5 1 0 13 21 2 0.025033499426 1 3 
15 4 0.0 12 2 3 0 12 24 2 0.0497161300578 2 2 
15 4 0.0 3 10 0 0 9 6 1 0.275918288306 0 3 
15 4 0.0 15 7 5 0 21 31 3 1.46814055402e-35 3 3 
15 4 0.0 8 6 6 0 30 41 2 0.0248685076452 1 6 
15 4 0.0 14 1 0 0 2 1 3 4.35839558052e-59 1 0 
15 4 2.0 4 2 0 0 1 2 1 0.135575633369 0 1 
15 4 2.0 2 1 1 0 7 18 1 0.059408416118 0 3 
15 4 2.0 5 4 6 0 17 33 2 1.97745894029e-07 1 5 
15 4 2.0 17 5 6 0 40 52 2 2.44197293054e-16 8 0 
15 4 2.0 1 6 1 0 2 4 1 0.285964628811 0 2 
15 4 2.0 6 0 0 0 6 1 2 0.051206057707 1 0 
15 4 2.0 16 4 2 0 34 21 3 3.00545605801e-30 5 0 
15 4 2.0 11 4 1 0 4 21 2 0.17413206138 1 2 
15 4 2.0 7 1 1 0 8 25 2 0.0511817304697 1 2 
15 4 2.0 10 1 0 0 7 3 2 0.0620349048641 1 1 
15 4 2.0 19 3 2 0 20 5 3 5.33080277489e-32 3 0 
15 4 2.0 18 5 4 0 30 17 3 1.86879187961e-09 5 0 
15 4 2.0 13 2 6 0 19 28 3 3.83996792309e-44 2 3 
15 4 2.0 9 5 1 0 13 21 2 0.0368474326365 1 3 
15 4 2.0 12 2 3 0 12 24 2 0.331696152602 2 2 
15 4 2.0 3 10 0 0 9 6 1 0.0186828945794 0 3 
15 4 2.0 15 7 5 0 21 31 3 0.0145288442716 3 3 
15 4 2.0 8 6 6 0 30 41 2 0.0355783643317 1 6 
15 4 2.0 14 1 0 0 2 1 3 4.18576285597e-19 1 0 
15 5 0.0 4 2 0 0 1 2 1 0.191899965795 0 1 
15 5 0.0 2 1 1 0 7 18 1 0.163469984026 0 3 
15 5 0.0 5 4 6 0 17 33 2 0.117974378677 1 5 
15 5 0.0 17 5 6 0 40 52 2 2.72011537333e-37 8 0 
15 5 0.0 1 6 1 0 2 4 1 0.231572172314 0 2 
15 5 0.0 6 0 0 0 6 1 2 0.0925342962821 1 0 
15 5 0.0 16 4 2 0 34 21 3 6.60775340305e-51 5 0 
15 5 0.0 11 4 1 0 4 21 2 0.149696811388 1 2 
15 5 0.0 7 1 1 0 8 25 2 0.0924437068913 1 2 
15 5 0.0 10 1 0 0 7 3 2 0.0332124190579 1 1 
15 5 0.0 19 3 2 0 20 5 3 8.7449736345e-61 3 0 
15 5 0.0 18 5 4 0 30 17 3 1.2393945072e-53 5 0 
15 5 0.0 13 2 6 0 19 28 3 1.73930911311e-47 2 3 
15 5 0.0 9 5 1 0 13 21 2 0.0333374856165 1 3 
15 5 0.0 12 2 3 0 12 24 2 0.0509656565494 2 2 
15 5 0.0 3 10 0 0 9 6 1 0.0793626594818 0 3 
15 5 0.0 15 7 5 0 21 31 3 1.45227813277e-37 3 3 
15 5 0.0 8 6 6 0 30 41 2 0.0319704497593 1 6 
15 5 0.0 14 1 0 0 2 1 3 5.4527905439e-52 1 0 
15 5 2.0 4 2 0 0 1 2 1 0.125813642283 0 1 
15 5 2.0 2 1 1 0 7 18 1 0.133092481155 0 3 
15 5 2.0 5 4 6 0 17 33 2 2.1993494294e-07 1 5 
15 5 2.0 17 5 6 0 40 52 2 1.02916241882e-16 8 0 
15 5 2.0 1 6 1 0 2 4 1 0.285964605432 0 2 
15 5 2.0 6 0 0 0 6 1 2 0.144903109854 1 0 
15 5 2.0 16 4 2 0 34 21 3 3.68655462072e-31 5 0 
15 5 2.0 11 4 1 0 4 21 2 0.179729156125 1 2 
15 5 2.0 7 1 1 0 8 25 2 0.144786234272 1 2 
15 5 2.0 10 1 0 0 7 3 2 0.110939256597 1 1 
15 5 2.0 19 3 2 0 20 5 3 1.0349411041e-31 3 0 
15 5 2.0 18 5 4 0 30 17 3 1.59383953668e-09 5 0 
15 5 2.0 13 2 6 0 19 28 3 1.17111348231e-42 2 3 
15 5 2.0 9 5 1 0 13 21 2 0.0605705670553 1 3 
15 5 2.0 12 2 3 0 12 24 2 0.331696105987 2 2 
15 5 2.0 3 10 0 0 9 6 1 0.333319829297 0 3 
15 5 2.0 15 7 5 0 21 31 3 0.0060520098565 3 3 
15 5 2.0 8 6 6 0 30 41 2 0.0589443223869 1 6 
15 5 2.0 14 1 0 0 2 1 3 7.9665335629e-17 1 0 
15 6 0.0 4 2 0 0 1 2 1 0.191702430429 0 1 
15 6 0.0 2 1 1 0 7 18 1 0.228741730668 0 3 
15 6 0.0 5 4 6 0 17 33 2 0.119244981083 1 5 
15 6 0.0 17 5 6 0 40 52 2 1.34440888438e-38 8 0 
15 6 0.0 1 6 1 0 2 4 1 0.229912977049 0 2 
15 6 0.0 6 0 0 0 6 1 2 0.0691653117074 1 0 
15 6 0.0 16 4 2 0 34 21 3 1.74880635704e-51 5 0 
15 6 0.0 11 4 1 0 4 21 2 0.149533335808 1 2 
15 6 0.0 7 1 1 0 8 25 2 0.0690521641943 1 2 
15 6 0.0 10 1 0 0 7 3 2 0.0361353266534 1 1 
15 6 0.0 19 3 2 0 20 5 3 2.70650597304e-63 3 0 
15 6 0.0 18 5 4 0 30 17 3 1.26584024345e-55 5 0 
15 6 0.0 13 2 6 0 19 28 3 1.03969539344e-45 2 3 
15 6 0.0 9 5 1 0 13 21 2 0.0361327803681 1 3 
15 6 0.0 12 2 3 0 12 24 2 0.0488842058023 2 2 
15 6 0.0 3 10 0 0 9 6 1 0.0845220350982 0 3 
15 6 0.0 15 7 5 0 21 31 3 2.45686374079e-39 3 3 
15 6 0.0 8 6 6 0 30 41 2 0.0319689813838 1 6 
15 6 0.0 14 1 0 0 2 1 3 1.06269858506e-46 1 0 
15 6 2.0 4 2 0 0 1 2 1 0.123867186293 0 1 
15 6 2.0 2 1 1 0 7 18 1 0.140636190735 0 3 
15 6 2.0 5 4 6 0 17 33 2 7.36669694627e-08 1 5 
15 6 2.0 17 5 6 0 40 52 2 2.00488042352e-16 8 0 
15 6 2.0 1 6 1 0 2 4 1 0.285964762882 0 2 
15 6 2.0 6 0 0 0 6 1 2 0.141450942422 1 0 
15 6 2.0 16 4 2 0 34 21 3 1.06254274603e-32 5 0 
15 6 2.0 11 4 1 0 4 21 2 0.184400277492 1 2 
15 6 2.0 7 1 1 0 8 25 2 0.141297620522 1 2 
15 6 2.0 10 1 0 0 7 3 2 0.0721407487671 1 1 
15 6 2.0 19 3 2 0 20 5 3 1.29213768892e-31 3 0 
15 6 2.0 18 5 4 0 30 17 3 4.07511176448e-09 5 0 
15 6 2.0 13 2 6 0 19 28 3 2.81217105642e-49 2 3 
15 6 2.0 9 5 1 0 13 21 2 0.0408496571098 1 3 
15 6 2.0 12 2 3 0 12 24 2 0.331696417114 2 2 
15 6 2.0 3 10 0 0 9 6 1 0.325073628186 0 3 
15 6 2.0 15 7 5 0 21 31 3 0.00749534235197 3 3 
15 6 2.0 8 6 6 0 30 41 2 0.0384892496895 1 6 
15 6 2.0 14 1 0 0 2 1 3 1.86585912942e-13 1 0 
15 7 0.0 4 2 0 0 1 2 1 0.191698345293 0 1 
15 7 0.0 2 1 1 0 7 18 1 0.218082525351 0 3 
15 7 0.0 5 4 6 0 17 33 2 0.11798249924 1 5 
15 7 0.0 17 5 6 0 40 52 2 1.73463357705e-38 8 0 
15 7 0.0 1 6 1 0 2 4 1 0.231561493733 0 2 
15 7 0.0 6 0 0 0 6 1 2 0.0621368939538 1 0 
15 7 0.0 16 4 2 0 34 21 3 3.01503362708e-53 5 0 
15 7 0.0 11 4 1 0 4 21 2 0.149498102462 1 2 
15 7 0.0 7 1 1 0 8 25 2 0.0620182704792 1 2 
15 7 0.0 10 1 0 0 7 3 2 0.0694102580694 1 1 
15 7 0.0 19 3 2 0 20 5 3 1.74728308698e-63 3 0 
15 7 0.0 18 5 4 0 30 17 3 3.42237140099e-54 5 0 
15 7 0.0 13 2 6 0 19 28 3 1.76283230627e-48 2 3 
15 7 0.0 9 5 1 0 13 21 2 0.0692711604461 1 3 
15 7 0.0 12 2 3 0 12 24 2 0.050952286024 2 2 
15 7 0.0 3 10 0 0 9 6 1 0.293703280954 0 3 
15 7 0.0 15 7 5 0 21 31 3 7.01588537017e-41 3 3 
15 7 0.0 8 6 6 0 30 41 2 0.0644678356842 1 6 
15 7 0.0 14 1 0 0 2 1 3 1.13328890252e-44 1 0 
15 7 2.0 4 2 0 0 1 2 1 0.128577468849 0 1 
15 7 2.0 2 1 1 0 7 18 1 0.187689715832 0 3 
15 7 2.0 5 4 6 0 17 33 2 2.60655435379e-07 1 5 
15 7 2.0 17 5 6 0 40 52 2 6.42520088608e-17 8 0 
15 7 2.0 1 6 1 0 2 4 1 0.285964561178 0 2 
15 7 2.0 6 0 0 0 6 1 2 0.05192163506 1 0 
15 7 2.0 16 4 2 0 34 21 3 2.7043700245e-31 5 0 
15 7 2.0 11 4 1 0 4 21 2 0.187186912187 1 2 
15 7 2.0 7 1 1 0 8 25 2 0.0518758813268 1 2 
15 7 2.0 10 1 0 0 7 3 2 0.0264410217413 1 1 
15 7 2.0 19 3 2 0 20 5 3 9.09588559691e-32 3 0 
15 7 2.0 18 5 4 0 30 17 3 1.23556786319e-10 5 0 
15 7 2.0 13 2 6 0 19 28 3 1.96175793866e-46 2 3 
15 7 2.0 9 5 1 0 13 21 2 0.0146961194351 1 3 
15 7 2.0 12 2 3 0 12 24 2 0.331696019206 2 2 
15 7 2.0 3 10 0 0 9 6 1 0.216647527683 0 3 
15 7 2.0 15 7 5 0 21 31 3 0.00741720372377 3 3 
15 7 2.0 8 6 6 0 30 41 2 0.0133213603426 1 6 
15 7 2.0 14 1 0 0 2 1 3 9.50375651326e-16 1 0 
15 8 0.0 4 2 0 0 1 2 1 0.191911269148 0 1 
15 8 0.0 2 1 1 0 7 18 1 0.140920409084 0 3 
15 8 0.0 5 4 6 0 17 33 2 0.118221124756 1 5 
15 8 0.0 17 5 6 0 40 52 2 8.51298853913e-38 8 0 
15 8 0.0 1 6 1 0 2 4 1 0.231248595137 0 2 
15 8 0.0 6 0 0 0 6 1 2 0.0561575692004 1 0 
15 8 0.0 16 4 2 0 34 21 3 1.04493513493e-52 5 0 
15 8 0.0 11 4 1 0 4 21 2 0.14963184394 1 2 
15 8 0.0 7 1 1 0 8 25 2 0.0561175455145 1 2 
15 8 0.0 10 1 0 0 7 3 2 0.050731607184 1 1 
15 8 0.0 19 3 2 0 20 5 3 1.79448478863e-64 3 0 
15 8 0.0 18 5 4 0 30 17 3 7.73277149491e-55 5 0 
15 8 0.0 13 2 6 0 19 28 3 4.29037225309e-48 2 3 
15 8 0.0 9 5 1 0 13 21 2 0.0505208000142 1 3 
15 8 0.0 12 2 3 0 12 24 2 0.0505599650109 2 2 
15 8 0.0 3 10 0 0 9 6 1 0.32527781589 0 3 
15 8 0.0 15 7 5 0 21 31 3 2.20332553345e-41 3 3 
15 8 0.0 8 6 6 0 30 41 2 0.0468882559416 1 6 
15 8 0.0 14 1 0 0 2 1 3 1.05723671071e-42 1 0 
15 8 2.0 4 2 0 0 1 2 1 0.137528550516 0 1 
15 8 2.0 2 1 1 0 7 18 1 0.0550709316999 0 3 
15 8 2.0 5 4 6 0 17 33 2 6.65189619998e-08 1 5 
15 8 2.0 17 5 6 0 40 52 2 5.90592932592e-17 8 0 
15 8 2.0 1 6 1 0 2 4 1 0.28596476784 0 2 
15 8 2.0 6 0 0 0 6 1 2 0.0618791542759 1 0 
15 8 2.0 16 4 2 0 34 21 3 2.29789750175e-33 5 0 
15 8 2.0 11 4 1 0 4 21 2 0.181188745929 1 2 
15 8 2.0 7 1 1 0 8 25 2 0.061800566791 1 2 
15 8 2.0 10 1 0 0 7 3 2 0.0266942274258 1 1 
15 8 2.0 19 3 2 0 20 5 3 6.22960262854e-34 3 0 
15 8 2.0 18 5 4 0 30 17 3 1.37542322997e-10 5 0 
15 8 2.0 13 2 6 0 19 28 3 9.70074021866e-51 2 3 
15 8 2.0 9 5 1 0 13 21 2 0.0167418586178 1 3 
15 8 2.0 12 2 3 0 12 24 2 0.331696432186 2 2 
15 8 2.0 3 10 0 0 9 6 1 0.0430775858801 0 3 
15 8 2.0 15 7 5 0 21 31 3 0.00995430401456 3 3 
15 8 2.0 8 6 6 0 30 41 2 0.0143683421569 1 6 
15 8 2.0 14 1 0 0 2 1 3 4.23239642157e-11 1 0 
15 9 0.0 4 2 0 0 1 2 1 0.191522833445 0 1 
15 9 0.0 2 1 1 0 7 18 1 0.144944722013 0 3 
15 9 0.0 5 4 6 0 17 33 2 0.11801761526 1 5 
15 9 0.0 17 5 6 0 40 52 2 2.49497608645e-36 8 0 
15 9 0.0 1 6 1 0 2 4 1 0.231515464386 0 2 
15 9 0.0 6 0 0 0 6 1 2 0.0548435307433 1 0 
15 9 0.0 16 4 2 0 34 21 3 8.36451844205e-50 5 0 
15 9 0.0 11 4 1 0 4 21 2 0.14975737563 1 2 
15 9 0.0 7 1 1 0 8 25 2 0.0548070742175 1 2 
15 9 0.0 10 1 0 0 7 3 2 0.0236341989057 1 1 
15 9 0.0 19 3 2 0 20 5 3 9.10710081267e-60 3 0 
15 9 0.0 18 5 4 0 30 17 3 3.68987800266e-53 5 0 
15 9 0.0 13 2 6 0 19 28 3 5.42023718071e-45 2 3 
15 9 0.0 9 5 1 0 13 21 2 0.0238646136602 1 3 
15 9 0.0 12 2 3 0 12 24 2 0.0508945657815 2 2 
15 9 0.0 3 10 0 0 9 6 1 0.262742100932 0 3 
15 9 0.0 15 7 5 0 21 31 3 1.64233067783e-36 3 3 
15 9 0.0 8 6 6 0 30 41 2 0.023492198381 1 6 
15 9 0.0 14 1 0 0 2 1 3 8.40389565948e-56 1 0 
15 9 2.0 4 2 0 0 1 2 1 0.126582303498 0 1 
15 9 2.0 2 1 1 0 7 18 1 0.050937799058 0 3 
15 9 2.0 5 4 6 0 17 33 2 1.0332607918e-07 1 5 
15 9 2.0 17 5 6 0 40 52 2 5.64517994377e-17 8 0 
15 9 2.0 1 6 1 0 2 4 1 0.285964728793 0 2 
15 9 2.0 6 0 0 0 6 1 2 0.075558948782 1 0 
15 9 2.0 16 4 2 0 34 21 3 9.67321909829e-33 5 0 
15 9 2.0 11 4 1 0 4 21 2 0.173449674991 1 2 
15 9 2.0 7 1 1 0 8 25 2 0.0754633441897 1 2 
15 9 2.0 10 1 0 0 7 3 2 0.198308974635 1 1 
15 9 2.0 19 3 2 0 20 5 3 4.49118118634e-33 3 0 
15 9 2.0 18 5 4 0 30 17 3 4.87668093541e-10 5 0 
15 9 2.0 13 2 6 0 19 28 3 7.5676848407e-49 2 3 
15 9 2.0 9 5 1 0 13 21 2 0.117812260298 1 3 
15 9 2.0 12 2 3 0 12 24 2 0.331696353942 2 2 
15 9 2.0 3 10 0 0 9 6 1 0.0919150810513 0 3 
15 9 2.0 15 7 5 0 21 31 3 0.00972217602969 3 3 
15 9 2.0 8 6 6 0 30 41 2 0.107742031989 1 6 
15 9 2.0 14 1 0 0 2 1 3 8.72780741506e-14 1 0 
15 10 0.0 4 2 0 0 1 2 1 0.191829959039 0 1 
15 10 0.0 2 1 1 0 7 18 1 0.211162375365 0 3 
15 10 0.0 5 4 6 0 17 33 2 0.119240886 1 5 
15 10 0.0 17 5 6 0 40 52 2 3.59438011445e-37 8 0 
15 10 0.0 1 6 1 0 2 4 1 0.229913401514 0 2 
15 10 0.0 6 0 0 0 6 1 2 0.0892082746037 1 0 
15 10 0.0 16 4 2 0 34 21 3 1.34857513764e-48 5 0 
15 10 0.0 11 4 1 0 4 21 2 0.149760740301 1 2 
15 10 0.0 7 1 1 0 8 25 2 0.0891546827753 1 2 
15 10 0.0 10 1 0 0 7 3 2 0.0211755306899 1 1 
15 10 0.0 19 3 2 0 20 5 3 3.78998582504e-60 3 0 
15 10 0.0 18 5 4 0 30 17 3 4.64312518028e-54 5 0 
15 10 0.0 13 2 6 0 19 28 3 2.17109384954e-41 2 3 
15 10 0.0 9 5 1 0 13 21 2 0.0212804937916 1 3 
15 10 0.0 12 2 3 0 12 24 2 0.0488882956662 2 2 
15 10 0.0 3 10 0 0 9 6 1 0.22364029078 0 3 
15 10 0.0 15 7 5 0 21 31 3 2.26385609661e-37 3 3 
15 10 0.0 8 6 6 0 30 41 2 0.0208908945375 1 6 
15 10 0.0 14 1 0 0 2 1 3 1.48180114285e-53 1 0 
15 10 2.0 4 2 0 0 1 2 1 0.136514724711 0 1 
15 10 2.0 2 1 1 0 7 18 1 0.0545597414201 0 3 
15 10 2.0 5 4 6 0 17 33 2 1.06143171591e-07 1 5 
15 10 2.0 17 5 6 0 40 52 2 7.70135677304e-17 8 0 
15 10 2.0 1 6 1 0 2 4 1 0.285964726067 0 2 
15 10 2.0 6 0 0 0 6 1 2 0.0805130488282 1 0 
15 10 2.0 16 4 2 0 34 21 3 6.38810555049e-32 5 0 
15 10 2.0 11 4 1 0 4 21 2 0.176129138432 1 2 
15 10 2.0 7 1 1 0 8 25 2 0.0804509317861 1 2 
15 10 2.0 10 1 0 0 7 3 2 0.0544639453866 1 1 
15 10 2.0 19 3 2 0 20 5 3 1.04027784669e-31 3 0 
15 10 2.0 18 5 4 0 30 17 3 1.1050097765e-09 5 0 
15 10 2.0 13 2 6 0 19 28 3 2.91134539537e-47 2 3 
15 10 2.0 9 5 1 0 13 21 2 0.0309004011799 1 3 
15 10 2.0 12 2 3 0 12 24 2 0.331696347687 2 2 
15 10 2.0 3 10 0 0 9 6 1 0.0249902994529 0 3 
15 10 2.0 15 7 5 0 21 31 3 0.01116957698 3 3 
15 10 2.0 8 6 6 0 30 41 2 0.0291429185529 1 6 
15 10 2.0 14 1 0 0 2 1 3 1.70738848059e-13 1 0 
15 11 0.0 4 2 0 0 1 2 1 0.19168732775 0 1 
15 11 0.0 2 1 1 0 7 18 1 0.171527433037 0 3 
15 11 0.0 5 4 6 0 17 33 2 0.119204976904 1 5 
15 11 0.0 17 5 6 0 40 52 2 1.48958003478e-37 8 0 
15 11 0.0 1 6 1 0 2 4 1 0.229966302635 0 2 
15 11 0.0 6 0 0 0 6 1 2 0.0548819144803 1 0 
15 11 0.0 16 4 2 0 34 21 3 4.36574978301e-48 5 0 
15 11 0.0 11 4 1 0 4 21 2 0.149770334254 1 2 
15 11 0.0 7 1 1 0 8 25 2 0.0547795001929 1 2 
15 11 0.0 10 1 0 0 7 3 2 0.0292327644895 1 1 
15 11 0.0 19 3 2 0 20 5 3 2.60128383902e-57 3 0 
15 11 0.0 18 5 4 0 30 17 3 9.56858971735e-54 5 0 
15 11 0.0 13 2 6 0 19 28 3 1.64834175332e-42 2 3 
15 11 0.0 9 5 1 0 13 21 2 0.0299642925954 1 3 
15 11 0.0 12 2 3 0 12 24 2 0.0489495354826 2 2 
15 11 0.0 3 10 0 0 9 6 1 0.100317553027 0 3 
15 11 0.0 15 7 5 0 21 31 3 2.75232896428e-34 3 3 
15 11 0.0 8 6 6 0 30 41 2 0.0295591836761 1 6 
15 11 0.0 14 1 0 0 2 1 3 3.82478925695e-60 1 0 
15 11 2.0 4 2 0 0 1 2 1 0.128390803456 0 1 
15 11 2.0 2 1 1 0 7 18 1 0.0528884956744 0 3 
15 11 2.0 5 4 6 0 17 33 2 8.78059011663e-08 1 5 
15 11 2.0 17 5 6 0 40 52 2 6.61540164681e-16 8 0 
15 11 2.0 1 6 1 0 2 4 1 0.285964746179 0 2 
15 11 2.0 6 0 0 0 6 1 2 0.060900722107 1 0 
15 11 2.0 16 4 2 0 34 21 3 1.71228729257e-32 5 0 
15 11 2.0 11 4 1 0 4 21 2 0.174324749832 1 2 
15 11 2.0 7 1 1 0 8 25 2 0.0608528830411 1 2 
15 11 2.0 10 1 0 0 7 3 2 0.185969017632 1 1 
15 11 2.0 19 3 2 0 20 5 3 2.61364213163e-32 3 0 
15 11 2.0 18 5 4 0 30 17 3 2.65827024574e-09 5 0 
15 11 2.0 13 2 6 0 19 28 3 6.91339145027e-46 2 3 
15 11 2.0 9 5 1 0 13 21 2 0.10601762092 1 3 
15 11 2.0 12 2 3 0 12 24 2 0.331696386979 2 2 
15 11 2.0 3 10 0 0 9 6 1 0.0610968804719 0 3 
15 11 2.0 15 7 5 0 21 31 3 0.00964130557851 3 3 
15 11 2.0 8 6 6 0 30 41 2 0.101319301519 1 6 
15 11 2.0 14 1 0 0 2 1 3 4.53477628268e-15 1 0 
15 12 0.0 4 2 0 0 1 2 1 0.191572108343 0 1 
15 12 0.0 2 1 1 0 7 18 1 0.151741523577 0 3 
15 12 0.0 5 4 6 0 17 33 2 0.118214758343 1 5 
15 12 0.0 17 5 6 0 40 52 2 1.24420885862e-37 8 0 
15 12 0.0 1 6 1 0 2 4 1 0.231257507308 0 2 
15 12 0.0 6 0 0 0 6 1 2 0.0560004468801 1 0 
15 12 0.0 16 4 2 0 34 21 3 2.12087573485e-52 5 0 
15 12 0.0 11 4 1 0 4 21 2 0.149612387761 1 2 
15 12 0.0 7 1 1 0 8 25 2 0.05591335794 1 2 
15 12 0.0 10 1 0 0 7 3 2 0.0251113023968 1 1 
15 12 0.0 19 3 2 0 20 5 3 3.56149441698e-63 3 0 
15 12 0.0 18 5 4 0 30 17 3 1.10402351156e-54 5 0 
15 12 0.0 13 2 6 0 19 28 3 1.46289687162e-47 2 3 
15 12 0.0 9 5 1 0 13 21 2 0.0250843316356 1 3 
15 12 0.0 12 2 3 0 12 24 2 0.0505709312252 2 2 
15 12 0.0 3 10 0 0 9 6 1 0.110109163093 0 3 
15 12 0.0 15 7 5 0 21 31 3 1.55648203663e-39 3 3 
15 12 0.0 8 6 6 0 30 41 2 0.0232797837408 1 6 
15 12 0.0 14 1 0 0 2 1 3 1.94446853171e-46 1 0 
15 12 2.0 4 2 0 0 1 2 1 0.126483886758 0 1 
15 12 2.0 2 1 1 0 7 18 1 0.0669061323788 0 3 
15 12 2.0 5 4 6 0 17 33 2 8.02909480347e-08 1 5 
15 12 2.0 17 5 6 0 40 52 2 8.03952422772e-17 8 0 
15 12 2.0 1 6 1 0 2 4 1 0.285964753379 0 2 
15 12 2.0 6 0 0 0 6 1 2 0.115019095268 1 0 
15 12 2.0 16 4 2 0 34 21 3 6.675722376e-32 5 0 
15 12 2.0 11 4 1 0 4 21 2 0.173135471255 1 2 
15 12 2.0 7 1 1 0 8 25 2 0.114899216282 1 2 
15 12 2.0 10 1 0 0 7 3 2 0.19732848218 1 1 
15 12 2.0 19 3 2 0 20 5 3 1.04639067597e-31 3 0 
15 12 2.0 18 5 4 0 30 17 3 6.07334974811e-10 5 0 
15 12 2.0 13 2 6 0 19 28 3 4.80108756495e-50 2 3 
15 12 2.0 9 5 1 0 13 21 2 0.11370503106 1 3 
15 12 2.0 12 2 3 0 12 24 2 0.331696402951 2 2 
15 12 2.0 3 10 0 0 9 6 1 0.0993929681975 0 3 
15 12 2.0 15 7 5 0 21 31 3 0.00998417750396 3 3 
15 12 2.0 8 6 6 0 30 41 2 0.105040330588 1 6 
15 12 2.0 14 1 0 0 2 1 3 1.69474500255e-15 1 0 
15 13 0.0 4 2 0 0 1 2 1 0.191577242831 0 1 
15 13 0.0 2 1 1 0 7 18 1 0.141454158907 0 3 
15 13 0.0 5 4 6 0 17 33 2 0.118260594666 1 5 
15 13 0.0 17 5 6 0 40 52 2 5.54792631051e-37 8 0 
15 13 0.0 1 6 1 0 2 4 1 0.23119722212 0 2 
15 13 0.0 6 0 0 0 6 1 2 0.0852678769585 1 0 
15 13 0.0 16 4 2 0 34 21 3 9.35555037373e-50 5 0 
15 13 0.0 11 4 1 0 4 21 2 0.149795173222 1 2 
15 13 0.0 7 1 1 0 8 25 2 0.0851750841753 1 2 
15 13 0.0 10 1 0 0 7 3 2 0.0703876768895 1 1 
15 13 0.0 19 3 2 0 20 5 3 1.2267895267e-59 3 0 
15 13 0.0 18 5 4 0 30 17 3 1.28616697819e-53 5 0 
15 13 0.0 13 2 6 0 19 28 3 8.55299468093e-46 2 3 
15 13 0.0 9 5 1 0 13 21 2 0.0710483814544 1 3 
15 13 0.0 12 2 3 0 12 24 2 0.0504953111973 2 2 
15 13 0.0 3 10 0 0 9 6 1 0.294326123397 0 3 
15 13 0.0 15 7 5 0 21 31 3 7.30569018705e-36 3 3 
15 13 0.0 8 6 6 0 30 41 2 0.069340654786 1 6 
15 13 0.0 14 1 0 0 2 1 3 1.21573622822e-55 1 0 
15 13 2.0 4 2 0 0 1 2 1 0.137274317518 0 1 
15 13 2.0 2 1 1 0 7 18 1 0.206037764322 0 3 
15 13 2.0 5 4 6 0 17 33 2 1.44711410333e-07 1 5 
15 13 2.0 17 5 6 0 40 52 2 1.14828271507e-16 8 0 
15 13 2.0 1 6 1 0 2 4 1 0.285964686182 0 2 
15 13 2.0 6 0 0 0 6 1 2 0.11845827121 1 0 
15 13 2.0 16 4 2 0 34 21 3 8.28248166872e-32 5 0 
15 13 2.0 11 4 1 0 4 21 2 0.185819237997 1 2 
15 13 2.0 7 1 1 0 8 25 2 0.118380591941 1 2 
15 13 2.0 10 1 0 0 7 3 2 0.0216410234288 1 1 
15 13 2.0 19 3 2 0 20 5 3 4.6939661651e-31 3 0 
15 13 2.0 18 5 4 0 30 17 3 2.59817886248e-09 5 0 
15 13 2.0 13 2 6 0 19 28 3 6.7997145895e-47 2 3 
15 13 2.0 9 5 1 0 13 21 2 0.0128642568815 1 3 
15 13 2.0 12 2 3 0 12 24 2 0.331696265285 2 2 
15 13 2.0 3 10 0 0 9 6 1 0.087190441432 0 3 
15 13 2.0 15 7 5 0 21 31 3 0.00965206906997 3 3 
15 13 2.0 8 6 6 0 30 41 2 0.0119758959509 1 6 
15 13 2.0 14 1 0 0 2 1 3 3.60050730965e-13 1 0 
15 14 0.0 4 2 0 0 1 2 1 0.191845766997 0 1 
15 14 0.0 2 1 1 0 7 18 1 0.183234291048 0 3 
15 14 0.0 5 4 6 0 17 33 2 0.118408505832 1 5 
15 14 0.0 17 5 6 0 40 52 2 2.40205518375e-37 8 0 
15 14 0.0 1 6 1 0 2 4 1 0.231003897301 0 2 
15 14 0.0 6 0 0 0 6 1 2 0.0513851493959 1 0 
15 14 0.0 16 4 2 0 34 21 3 3.27370171346e-49 5 0 
15 14 0.0 11 4 1 0 4 21 2 0.149779447362 1 2 
15 14 0.0 7 1 1 0 8 25 2 0.051368203893 1 2 
15 14 0.0 10 1 0 0 7 3 2 0.0209435235435 1 1 
15 14 0.0 19 3 2 0 20 5 3 5.51906302968e-60 3 0 
15 14 0.0 18 5 4 0 30 17 3 1.47491580129e-53 5 0 
15 14 0.0 13 2 6 0 19 28 3 2.91664953265e-45 2 3 
15 14 0.0 9 5 1 0 13 21 2 0.0210806515573 1 3 
15 14 0.0 12 2 3 0 12 24 2 0.0502531657347 2 2 
15 14 0.0 3 10 0 0 9 6 1 0.195425099278 0 3 
15 14 0.0 15 7 5 0 21 31 3 2.30484233268e-37 3 3 
15 14 0.0 8 6 6 0 30 41 2 0.0204394663762 1 6 
15 14 0.0 14 1 0 0 2 1 3 5.66017478804e-54 1 0 
15 14 2.0 4 2 0 0 1 2 1 0.132236714475 0 1 
15 14 2.0 2 1 1 0 7 18 1 0.0490271478268 0 3 
15 14 2.0 5 4 6 0 17 33 2 2.27893899429e-08 1 5 
15 14 2.0 17 5 6 0 40 52 2 6.65047554003e-16 8 0 
15 14 2.0 1 6 1 0 2 4 1 0.285964816766 0 2 
15 14 2.0 6 0 0 0 6 1 2 0.0782512947676 1 0 
15 14 2.0 16 4 2 0 34 21 3 3.00616323061e-32 5 0 
15 14 2.0 11 4 1 0 4 21 2 0.173948712537 1 2 
15 14 2.0 7 1 1 0 8 25 2 0.078182253148 1 2 
15 14 2.0 10 1 0 0 7 3 2 0.103257038987 1 1 
15 14 2.0 19 3 2 0 20 5 3 9.7559567418e-32 3 0 
15 14 2.0 18 5 4 0 30 17 3 6.43980727745e-09 5 0 
15 14 2.0 13 2 6 0 19 28 3 3.11419799231e-45 2 3 
15 14 2.0 9 5 1 0 13 21 2 0.0589682454908 1 3 
15 14 2.0 12 2 3 0 12 24 2 0.331696524498 2 2 
15 14 2.0 3 10 0 0 9 6 1 0.0242945176622 0 3 
15 14 2.0 15 7 5 0 21 31 3 0.0108837690601 3 3 
15 14 2.0 8 6 6 0 30 41 2 0.0571916514518 1 6 
15 14 2.0 14 1 0 0 2 1 3 1.0790798879e-13 1 0 
15 15 0.0 4 2 0 0 1 2 1 0.191609688639 0 1 
15 15 0.0 2 1 1 0 7 18 1 0.203809144912 0 3 
15 15 0.0 5 4 6 0 17 33 2 0.118559172797 1 5 
15 15 0.0 17 5 6 0 40 52 2 1.9412635308e-37 8 0 
15 15 0.0 1 6 1 0 2 4 1 0.230807500974 0 2 
15 15 0.0 6 0 0 0 6 1 2 0.0539417420235 1 0 
15 15 0.0 16 4 2 0 34 21 3 2.13159975656e-50 5 0 
15 15 0.0 11 4 1 0 4 21 2 0.149784806054 1 2 
15 15 0.0 7 1 1 0 8 25 2 0.0539020987571 1 2 
15 15 0.0 10 1 0 0 7 3 2 0.0692229411364 1 1 
15 15 0.0 19 3 2 0 20 5 3 2.11664203237e-62 3 0 
15 15 0.0 18 5 4 0 30 17 3 3.50432288116e-55 5 0 
15 15 0.0 13 2 6 0 19 28 3 3.22291430233e-46 2 3 
15 15 0.0 9 5 1 0 13 21 2 0.0693587715181 1 3 
15 15 0.0 12 2 3 0 12 24 2 0.050006088333 2 2 
15 15 0.0 3 10 0 0 9 6 1 0.0928438322569 0 3 
15 15 0.0 15 7 5 0 21 31 3 7.17108918434e-38 3 3 
15 15 0.0 8 6 6 0 30 41 2 0.0654146355333 1 6 
15 15 0.0 14 1 0 0 2 1 3 2.0015061248e-50 1 0 
15 15 2.0 4 2 0 0 1 2 1 0.125011181427 0 1 
15 15 2.0 2 1 1 0 7 18 1 0.153844865597 0 3 
15 15 2.0 5 4 6 0 17 33 2 9.0551336497e-08 1 5 
15 15 2.0 17 5 6 0 40 52 2 9.05352114187e-17 8 0 
15 15 2.0 1 6 1 0 2 4 1 0.285964742596 0 2 
15 15 2.0 6 0 0 0 6 1 2 0.0450568355602 1 0 
15 15 2.0 16 4 2 0 34 21 3 2.62502885953e-32 5 0 
15 15 2.0 11 4 1 0 4 21 2 0.183080521857 1 2 
15 15 2.0 7 1 1 0 8 25 2 0.045004499782 1 2 
15 15 2.0 10 1 0 0 7 3 2 0.0678795326683 1 1 
15 15 2.0 19 3 2 0 20 5 3 1.06403471257e-31 3 0 
15 15 2.0 18 5 4 0 30 17 3 6.18472868623e-10 5 0 
15 15 2.0 13 2 6 0 19 28 3 9.99635093376e-49 2 3 
15 15 2.0 9 5 1 0 13 21 2 0.039273011407 1 3 
15 15 2.0 12 2 3 0 12 24 2 0.331696381115 2 2 
15 15 2.0 3 10 0 0 9 6 1 0.329886274755 0 3 
15 15 2.0 15 7 5 0 21 31 3 0.00674691445209 3 3 
15 15 2.0 8 6 6 0 30 41 2 0.035728753152 1 6 
15 15 2.0 14 1 0 0 2 1 3 9.38546563902e-16 1 0 
15 16 0.0 4 2 0 0 1 2 1 0.191606730309 0 1 
15 16 0.0 2 1 1 0 7 18 1 0.135685808266 0 3 
15 16 0.0 5 4 6 0 17 33 2 0.118148551133 1 5 
15 16 0.0 17 5 6 0 40 52 2 4.97784222769e-37 8 0 
15 16 0.0 1 6 1 0 2 4 1 0.23134409409 0 2 
15 16 0.0 6 0 0 0 6 1 2 0.065859372467 1 0 
15 16 0.0 16 4 2 0 34 21 3 3.54793863917e-50 5 0 
15 16 0.0 11 4 1 0 4 21 2 0.149418340026 1 2 
15 16 0.0 7 1 1 0 8 25 2 0.0657307426814 1 2 
15 16 0.0 10 1 0 0 7 3 2 0.0827029932987 1 1 
15 16 0.0 19 3 2 0 20 5 3 1.79673442479e-58 3 0 
15 16 0.0 18 5 4 0 30 17 3 2.96135644644e-53 5 0 
15 16 0.0 13 2 6 0 19 28 3 4.98706779307e-45 2 3 
15 16 0.0 9 5 1 0 13 21 2 0.083832948113 1 3 
15 16 0.0 12 2 3 0 12 24 2 0.0506795820548 2 2 
15 16 0.0 3 10 0 0 9 6 1 0.21000052067 0 3 
15 16 0.0 15 7 5 0 21 31 3 2.59773116875e-35 3 3 
15 16 0.0 8 6 6 0 30 41 2 0.0822875364068 1 6 
15 16 0.0 14 1 0 0 2 1 3 2.27374018126e-57 1 0 
15 16 2.0 4 2 0 0 1 2 1 0.126253404435 0 1 
15 16 2.0 2 1 1 0 7 18 1 0.196244821726 0 3 
15 16 2.0 5 4 6 0 17 33 2 2.5283260221e-08 1 5 
15 16 2.0 17 5 6 0 40 52 2 4.03343245098e-17 8 0 
15 16 2.0 1 6 1 0 2 4 1 0.285964812333 0 2 
15 16 2.0 6 0 0 0 6 1 2 0.128955539528 1 0 
15 16 2.0 16 4 2 0 34 21 3 1.60557965608e-32 5 0 
15 16 2.0 11 4 1 0 4 21 2 0.184682312859 1 2 
15 16 2.0 7 1 1 0 8 25 2 0.128790677084 1 2 
15 16 2.0 10 1 0 0 7 3 2 0.0341896670912 1 1 
15 16 2.0 19 3 2 0 20 5 3 1.77248097997e-31 3 0 
15 16 2.0 18 5 4 0 30 17 3 9.31933583754e-10 5 0 
15 16 2.0 13 2 6 0 19 28 3 4.3652427784e-49 2 3 
15 16 2.0 9 5 1 0 13 21 2 0.0191134793634 1 3 
15 16 2.0 12 2 3 0 12 24 2 0.331696519921 2 2 
15 16 2.0 3 10 0 0 9 6 1 0.27153148542 0 3 
15 16 2.0 15 7 5 0 21 31 3 0.00701328214605 3 3 
15 16 2.0 8 6 6 0 30 41 2 0.0176652307965 1 6 
15 16 2.0 14 1 0 0 2 1 3 7.26922721107e-16 1 0 
15 17 0.0 4 2 0 0 1 2 1 0.191831729198 0 1 
15 17 0.0 2 1 1 0 7 18 1 0.172704010158 0 3 
15 17 0.0 5 4 6 0 17 33 2 0.118707576928 1 5 
15 17 0.0 17 5 6 0 40 52 2 1.25109103076e-37 8 0 
15 17 0.0 1 6 1 0 2 4 1 0.230613473735 0 2 
15 17 0.0 6 0 0 0 6 1 2 0.0517347321976 1 0 
15 17 0.0 16 4 2 0 34 21 3 4.24779560798e-50 5 0 
15 17 0.0 11 4 1 0 4 21 2 0.149790171435 1 2 
15 17 0.0 7 1 1 0 8 25 2 0.0517010435757 1 2 
15 17 0.0 10 1 0 0 7 3 2 0.0214933588056 1 1 
15 17 0.0 19 3 2 0 20 5 3 3.25407741602e-61 3 0 
15 17 0.0 18 5 4 0 30 17 3 1.46793152142e-54 5 0 
15 17 0.0 13 2 6 0 19 28 3 5.72550476181e-44 2 3 
15 17 0.0 9 5 1 0 13 21 2 0.0215301773231 1 3 
15 17 0.0 12 2 3 0 12 24 2 0.0497622065357 2 2 
15 17 0.0 3 10 0 0 9 6 1 0.220673054942 0 3 
15 17 0.0 15 7 5 0 21 31 3 2.48456759853e-38 3 3 
15 17 0.0 8 6 6 0 30 41 2 0.0208474480218 1 6 
15 17 0.0 14 1 0 0 2 1 3 5.47277390028e-51 1 0 
15 17 2.0 4 2 0 0 1 2 1 0.137295059992 0 1 
15 17 2.0 2 1 1 0 7 18 1 0.0808342674142 0 3 
15 17 2.0 5 4 6 0 17 33 2 2.2156788592e-07 1 5 
15 17 2.0 17 5 6 0 40 52 2 5.7323129875e-17 8 0 
15 17 2.0 1 6 1 0 2 4 1 0.285964602722 0 2 
15 17 2.0 6 0 0 0 6 1 2 0.0428238175589 1 0 
15 17 2.0 16 4 2 0 34 21 3 5.12869290551e-31 5 0 
15 17 2.0 11 4 1 0 4 21 2 0.180844257353 1 2 
15 17 2.0 7 1 1 0 8 25 2 0.0427898113531 1 2 
15 17 2.0 10 1 0 0 7 3 2 0.0236804334609 1 1 
15 17 2.0 19 3 2 0 20 5 3 3.36473209377e-32 3 0 
15 17 2.0 18 5 4 0 30 17 3 3.5933413634e-11 5 0 
15 17 2.0 13 2 6 0 19 28 3 6.37314005901e-49 2 3 
15 17 2.0 9 5 1 0 13 21 2 0.0158511749584 1 3 
15 17 2.0 12 2 3 0 12 24 2 0.331696102362 2 2 
15 17 2.0 3 10 0 0 9 6 1 0.0471980461609 0 3 
15 17 2.0 15 7 5 0 21 31 3 0.0100246624526 3 3 
15 17 2.0 8 6 6 0 30 41 2 0.0136356792562 1 6 
15 17 2.0 14 1 0 0 2 1 3 1.23660606737e-15 1 0 
15 18 0.0 4 2 0 0 1 2 1 0.191922107263 0 1 
15 18 0.0 2 1 1 0 7 18 1 0.158850504638 0 3 
15 18 0.0 5 4 6 0 17 33 2 0.118401144961 1 5 
15 18 0.0 17 5 6 0 40 52 2 2.84867523215e-37 8 0 
15 18 0.0 1 6 1 0 2 4 1 0.231013593591 0 2 
15 18 0.0 6 0 0 0 6 1 2 0.0920219805748 1 0 
15 18 0.0 16 4 2 0 34 21 3 3.73464034321e-52 5 0 
15 18 0.0 11 4 1 0 4 21 2 0.149651110639 1 2 
15 18 0.0 7 1 1 0 8 25 2 0.0919431054129 1 2 
15 18 0.0 10 1 0 0 7 3 2 0.045466050881 1 1 
15 18 0.0 19 3 2 0 20 5 3 9.64273555079e-64 3 0 
15 18 0.0 18 5 4 0 30 17 3 5.02531878027e-54 5 0 
15 18 0.0 13 2 6 0 19 28 3 8.52134767482e-46 2 3 
15 18 0.0 9 5 1 0 13 21 2 0.0452023678336 1 3 
15 18 0.0 12 2 3 0 12 24 2 0.0502647283546 2 2 
15 18 0.0 3 10 0 0 9 6 1 0.342915219017 0 3 
15 18 0.0 15 7 5 0 21 31 3 1.01062528445e-40 3 3 
15 18 0.0 8 6 6 0 30 41 2 0.0438796179921 1 6 
15 18 0.0 14 1 0 0 2 1 3 5.22595117001e-45 1 0 
15 18 2.0 4 2 0 0 1 2 1 0.126003271173 0 1 
15 18 2.0 2 1 1 0 7 18 1 0.214316830133 0 3 
15 18 2.0 5 4 6 0 17 33 2 1.20743636338e-07 1 5 
15 18 2.0 17 5 6 0 40 52 2 5.85801124086e-17 8 0 
15 18 2.0 1 6 1 0 2 4 1 0.285964710271 0 2 
15 18 2.0 6 0 0 0 6 1 2 0.07760551225 1 0 
15 18 2.0 16 4 2 0 34 21 3 4.98664519924e-32 5 0 
15 18 2.0 11 4 1 0 4 21 2 0.172050214088 1 2 
15 18 2.0 7 1 1 0 8 25 2 0.0774950921327 1 2 
15 18 2.0 10 1 0 0 7 3 2 0.170392611333 1 1 
15 18 2.0 19 3 2 0 20 5 3 1.75331044559e-30 3 0 
15 18 2.0 18 5 4 0 30 17 3 5.19929639564e-10 5 0 
15 18 2.0 13 2 6 0 19 28 3 3.55790382867e-47 2 3 
15 18 2.0 9 5 1 0 13 21 2 0.104412914039 1 3 
15 18 2.0 12 2 3 0 12 24 2 0.331696316872 2 2 
15 18 2.0 3 10 0 0 9 6 1 0.0722403511901 0 3 
15 18 2.0 15 7 5 0 21 31 3 0.00963470291152 3 3 
15 18 2.0 8 6 6 0 30 41 2 0.0962595127713 1 6 
15 18 2.0 14 1 0 0 2 1 3 5.09122204815e-17 1 0 
15 19 0.0 4 2 0 0 1 2 1 0.191535291588 0 1 
15 19 0.0 2 1 1 0 7 18 1 0.136527956029 0 3 
15 19 0.0 5 4 6 0 17 33 2 0.118503398306 1 5 
15 19 0.0 17 5 6 0 40 52 2 1.39709060924e-37 8 0 
15 19 0.0 1 6 1 0 2 4 1 0.230880034992 0 2 
15 19 0.0 6 0 0 0 6 1 2 0.0594981391674 1 0 
15 19 0.0 16 4 2 0 34 21 3 1.7386898678e-49 5 0 
15 19 0.0 11 4 1 0 4 21 2 0.149741329178 1 2 
15 19 0.0 7 1 1 0 8 25 2 0.0594321049854 1 2 
15 19 0.0 10 1 0 0 7 3 2 0.0648398681057 1 1 
15 19 0.0 19 3 2 0 20 5 3 1.667794176e-59 3 0 
15 19 0.0 18 5 4 0 30 17 3 4.07548111641e-54 5 0 
15 19 0.0 13 2 6 0 19 28 3 1.08954474581e-45 2 3 
15 19 0.0 9 5 1 0 13 21 2 0.0652909781629 1 3 
15 19 0.0 12 2 3 0 12 24 2 0.0500967840602 2 2 
15 19 0.0 3 10 0 0 9 6 1 0.0930067930605 0 3 
15 19 0.0 15 7 5 0 21 31 3 1.29021734582e-35 3 3 
15 19 0.0 8 6 6 0 30 41 2 0.062880069528 1 6 
15 19 0.0 14 1 0 0 2 1 3 1.89032372695e-54 1 0 
15 19 2.0 4 2 0 0 1 2 1 0.131022959816 0 1 
15 19 2.0 2 1 1 0 7 18 1 0.0544225630085 0 3 
15 19 2.0 5 4 6 0 17 33 2 1.02544870509e-07 1 5 
15 19 2.0 17 5 6 0 40 52 2 2.84912065305e-16 8 0 
15 19 2.0 1 6 1 0 2 4 1 0.285964729729 0 2 
15 19 2.0 6 0 0 0 6 1 2 0.0539343784701 1 0 
15 19 2.0 16 4 2 0 34 21 3 3.21898388727e-32 5 0 
15 19 2.0 11 4 1 0 4 21 2 0.173068245737 1 2 
15 19 2.0 7 1 1 0 8 25 2 0.0538936784531 1 2 
15 19 2.0 10 1 0 0 7 3 2 0.110854871403 1 1 
15 19 2.0 19 3 2 0 20 5 3 6.88516736882e-32 3 0 
15 19 2.0 18 5 4 0 30 17 3 8.34117376973e-10 5 0 
15 19 2.0 13 2 6 0 19 28 3 8.05896467634e-48 2 3 
15 19 2.0 9 5 1 0 13 21 2 0.0667504042688 1 3 
15 19 2.0 12 2 3 0 12 24 2 0.331696355501 2 2 
15 19 2.0 3 10 0 0 9 6 1 0.0261733956987 0 3 
15 19 2.0 15 7 5 0 21 31 3 0.0108736289164 3 3 
15 19 2.0 8 6 6 0 30 41 2 0.0616775795942 1 6 
15 19 2.0 14 1 0 0 2 1 3 3.41327892273e-15 1 0 
15 20 0.0 4 2 0 0 1 2 1 0.191472324544 0 1 
15 20 0.0 2 1 1 0 7 18 1 0.145181216719 0 3 
15 20 0.0 5 4 6 0 17 33 2 0.118219563802 1 5 
15 20 0.0 17 5 6 0 40 52 2 5.50088812594e-37 8 0 
15 20 0.0 1 6 1 0 2 4 1 0.231251166825 0 2 
15 20 0.0 6 0 0 0 6 1 2 0.0860135781146 1 0 
15 20 0.0 16 4 2 0 34 21 3 1.8223428324e-50 5 0 
15 20 0.0 11 4 1 0 4 21 2 0.149708389327 1 2 
15 20 0.0 7 1 1 0 8 25 2 0.0858979992062 1 2 
15 20 0.0 10 1 0 0 7 3 2 0.0403634346656 1 1 
15 20 0.0 19 3 2 0 20 5 3 3.02484012615e-59 3 0 
15 20 0.0 18 5 4 0 30 17 3 8.96258124452e-54 5 0 
15 20 0.0 13 2 6 0 19 28 3 4.38426502808e-46 2 3 
15 20 0.0 9 5 1 0 13 21 2 0.0407167304318 1 3 
15 20 0.0 12 2 3 0 12 24 2 0.0505630028118 2 2 
15 20 0.0 3 10 0 0 9 6 1 0.337354019383 0 3 
15 20 0.0 15 7 5 0 21 31 3 4.4696674954e-37 3 3 
15 20 0.0 8 6 6 0 30 41 2 0.0394584151231 1 6 
15 20 0.0 14 1 0 0 2 1 3 3.24915938936e-55 1 0 
15 20 2.0 4 2 0 0 1 2 1 0.125363934938 0 1 
15 20 2.0 2 1 1 0 7 18 1 0.213569015963 0 3 
15 20 2.0 5 4 6 0 17 33 2 2.1449346775e-07 1 5 
15 20 2.0 17 5 6 0 40 52 2 1.02076895579e-16 8 0 
15 20 2.0 1 6 1 0 2 4 1 0.285964610684 0 2 
15 20 2.0 6 0 0 0 6 1 2 0.0707830155717 1 0 
15 20 2.0 16 4 2 0 34 21 3 2.60967390505e-32 5 0 
15 20 2.0 11 4 1 0 4 21 2 0.175341725055 1 2 
15 20 2.0 7 1 1 0 8 25 2 0.070692564282 1 2 
15 20 2.0 10 1 0 0 7 3 2 0.189984356387 1 1 
15 20 2.0 19 3 2 0 20 5 3 3.64576906015e-32 3 0 
15 20 2.0 18 5 4 0 30 17 3 9.53908132235e-10 5 0 
15 20 2.0 13 2 6 0 19 28 3 3.16276387116e-46 2 3 
15 20 2.0 9 5 1 0 13 21 2 0.115857674943 1 3 
15 20 2.0 12 2 3 0 12 24 2 0.331696117471 2 2 
15 20 2.0 3 10 0 0 9 6 1 0.117697168455 0 3 
15 20 2.0 15 7 5 0 21 31 3 0.00910811154546 3 3 
15 20 2.0 8 6 6 0 30 41 2 0.108274973699 1 6 
15 20 2.0 14 1 0 0 2 1 3 6.20543280318e-13 1 0 
15 21 0.0 4 2 0 0 1 2 1 0.191959185079 0 1 
15 21 0.0 2 1 1 0 7 18 1 0.16622775441 0 3 
15 21 0.0 5 4 6 0 17 33 2 0.118677430028 1 5 
15 21 0.0 17 5 6 0 40 52 2 2.69140431065e-37 8 0 
15 21 0.0 1 6 1 0 2 4 1 0.230651780671 0 2 
15 21 0.0 6 0 0 0 6 1 2 0.0534091003312 1 0 
15 21 0.0 16 4 2 0 34 21 3 5.90752588695e-50 5 0 
15 21 0.0 11 4 1 0 4 21 2 0.149638261532 1 2 
15 21 0.0 7 1 1 0 8 25 2 0.0533422965227 1 2 
15 21 0.0 10 1 0 0 7 3 2 0.0296191274265 1 1 
15 21 0.0 19 3 2 0 20 5 3 2.65712768843e-60 3 0 
15 21 0.0 18 5 4 0 30 17 3 2.76986998161e-53 5 0 
15 21 0.0 13 2 6 0 19 28 3 1.38506863935e-43 2 3 
15 21 0.0 9 5 1 0 13 21 2 0.0297445286581 1 3 
15 21 0.0 12 2 3 0 12 24 2 0.0498121310799 2 2 
15 21 0.0 3 10 0 0 9 6 1 0.316717489714 0 3 
15 21 0.0 15 7 5 0 21 31 3 2.49959979162e-38 3 3 
15 21 0.0 8 6 6 0 30 41 2 0.0292825732227 1 6 
15 21 0.0 14 1 0 0 2 1 3 3.49491223369e-53 1 0 
15 21 2.0 4 2 0 0 1 2 1 0.132904904272 0 1 
15 21 2.0 2 1 1 0 7 18 1 0.054110373156 0 3 
15 21 2.0 5 4 6 0 17 33 2 1.884977295e-07 1 5 
15 21 2.0 17 5 6 0 40 52 2 5.46542549539e-17 8 0 
15 21 2.0 1 6 1 0 2 4 1 0.285964638081 0 2 
15 21 2.0 6 0 0 0 6 1 2 0.0734805543648 1 0 
15 21 2.0 16 4 2 0 34 21 3 4.90717087118e-31 5 0 
15 21 2.0 11 4 1 0 4 21 2 0.187951132874 1 2 
15 21 2.0 7 1 1 0 8 25 2 0.0734449559197 1 2 
15 21 2.0 10 1 0 0 7 3 2 0.0184749667751 1 1 
15 21 2.0 19 3 2 0 20 5 3 1.98909151133e-32 3 0 
15 21 2.0 18 5 4 0 30 17 3 2.4564465443e-10 5 0 
15 21 2.0 13 2 6 0 19 28 3 6.55232549684e-47 2 3 
15 21 2.0 9 5 1 0 13 21 2 0.00997697466501 1 3 
15 21 2.0 12 2 3 0 12 24 2 0.33169617268 2 2 
15 21 2.0 3 10 0 0 9 6 1 0.118892794253 0 3 
15 21 2.0 15 7 5 0 21 31 3 0.00960385964118 3 3 
15 21 2.0 8 6 6 0 30 41 2 0.00927381583181 1 6 
15 21 2.0 14 1 0 0 2 1 3 4.06979505965e-15 1 0 
15 22 0.0 4 2 0 0 1 2 1 0.191935015551 0 1 
15 22 0.0 2 1 1 0 7 18 1 0.218231649466 0 3 
15 22 0.0 5 4 6 0 17 33 2 0.120105277237 1 5 
15 22 0.0 17 5 6 0 40 52 2 2.51003813978e-38 8 0 
15 22 0.0 1 6 1 0 2 4 1 0.228784132017 0 2 
15 22 0.0 6 0 0 0 6 1 2 0.0826320174951 1 0 
15 22 0.0 16 4 2 0 34 21 3 2.96160196072e-49 5 0 
15 22 0.0 11 4 1 0 4 21 2 0.149672125621 1 2 
15 22 0.0 7 1 1 0 8 25 2 0.0825205006903 1 2 
15 22 0.0 10 1 0 0 7 3 2 0.0429807123051 1 1 
15 22 0.0 19 3 2 0 20 5 3 2.04884506959e-61 3 0 
15 22 0.0 18 5 4 0 30 17 3 1.73041359077e-55 5 0 
15 22 0.0 13 2 6 0 19 28 3 1.70305472715e-41 2 3 
15 22 0.0 9 5 1 0 13 21 2 0.0430635595352 1 3 
15 22 0.0 12 2 3 0 12 24 2 0.0474773431133 2 2 
15 22 0.0 3 10 0 0 9 6 1 0.344447669263 0 3 
15 22 0.0 15 7 5 0 21 31 3 8.05778321764e-39 3 3 
15 22 0.0 8 6 6 0 30 41 2 0.0413521567953 1 6 
15 22 0.0 14 1 0 0 2 1 3 1.95448974707e-50 1 0 
15 22 2.0 4 2 0 0 1 2 1 0.130998601108 0 1 
15 22 2.0 2 1 1 0 7 18 1 0.19171179067 0 3 
15 22 2.0 5 4 6 0 17 33 2 2.41216638282e-07 1 5 
15 22 2.0 17 5 6 0 40 52 2 2.90494077333e-16 8 0 
15 22 2.0 1 6 1 0 2 4 1 0.285964583523 0 2 
15 22 2.0 6 0 0 0 6 1 2 0.130113448293 1 0 
15 22 2.0 16 4 2 0 34 21 3 8.14604479795e-32 5 0 
15 22 2.0 11 4 1 0 4 21 2 0.187804371393 1 2 
15 22 2.0 7 1 1 0 8 25 2 0.129925412177 1 2 
15 22 2.0 10 1 0 0 7 3 2 0.0230281482632 1 1 
15 22 2.0 19 3 2 0 20 5 3 1.16451048554e-30 3 0 
15 22 2.0 18 5 4 0 30 17 3 2.45872015584e-09 5 0 
15 22 2.0 13 2 6 0 19 28 3 2.66437626224e-44 2 3 
15 22 2.0 9 5 1 0 13 21 2 0.013044660601 1 3 
15 22 2.0 12 2 3 0 12 24 2 0.331696060231 2 2 
15 22 2.0 3 10 0 0 9 6 1 0.169150853804 0 3 
15 22 2.0 15 7 5 0 21 31 3 0.00767400232043 3 3 
15 22 2.0 8 6 6 0 30 41 2 0.0125406248708 1 6 
15 22 2.0 14 1 0 0 2 1 3 6.7350917319e-16 1 0 
15 23 0.0 4 2 0 0 1 2 1 0.191690243704 0 1 
15 23 0.0 2 1 1 0 7 18 1 0.151982331192 0 3 
15 23 0.0 5 4 6 0 17 33 2 0.118003111516 1 5 
15 23 0.0 17 5 6 0 40 52 2 1.77886987393e-36 8 0 
15 23 0.0 1 6 1 0 2 4 1 0.231534328834 0 2 
15 23 0.0 6 0 0 0 6 1 2 0.0901398301728 1 0 
15 23 0.0 16 4 2 0 34 21 3 1.22285851558e-49 5 0 
15 23 0.0 11 4 1 0 4 21 2 0.149815586496 1 2 
15 23 0.0 7 1 1 0 8 25 2 0.0900584424125 1 2 
15 23 0.0 10 1 0 0 7 3 2 0.0241742265378 1 1 
15 23 0.0 19 3 2 0 20 5 3 4.32833175937e-58 3 0 
15 23 0.0 18 5 4 0 30 17 3 2.42322190702e-53 5 0 
15 23 0.0 13 2 6 0 19 28 3 1.06056488184e-43 2 3 
15 23 0.0 9 5 1 0 13 21 2 0.0244951456994 1 3 
15 23 0.0 12 2 3 0 12 24 2 0.0509183789043 2 2 
15 23 0.0 3 10 0 0 9 6 1 0.112494841489 0 3 
15 23 0.0 15 7 5 0 21 31 3 2.1197910181e-35 3 3 
15 23 0.0 8 6 6 0 30 41 2 0.024228949564 1 6 
15 23 0.0 14 1 0 0 2 1 3 3.01474604695e-57 1 0 
15 23 2.0 4 2 0 0 1 2 1 0.129005548456 0 1 
15 23 2.0 2 1 1 0 7 18 1 0.049721568957 0 3 
15 23 2.0 5 4 6 0 17 33 2 2.05177139856e-07 1 5 
15 23 2.0 17 5 6 0 40 52 2 3.65680109628e-17 8 0 
15 23 2.0 1 6 1 0 2 4 1 0.285964620206 0 2 
15 23 2.0 6 0 0 0 6 1 2 0.0791286703553 1 0 
15 23 2.0 16 4 2 0 34 21 3 2.95302990152e-32 5 0 
15 23 2.0 11 4 1 0 4 21 2 0.183407328373 1 2 
15 23 2.0 7 1 1 0 8 25 2 0.0790456202226 1 2 
15 23 2.0 10 1 0 0 7 3 2 0.0179934112909 1 1 
15 23 2.0 19 3 2 0 20 5 3 1.29732328662e-33 3 0 
15 23 2.0 18 5 4 0 30 17 3 7.3092182613e-11 5 0 
15 23 2.0 13 2 6 0 19 28 3 8.28835704648e-48 2 3 
15 23 2.0 9 5 1 0 13 21 2 0.014579685783 1 3 
15 23 2.0 12 2 3 0 12 24 2 0.331696137238 2 2 
15 23 2.0 3 10 0 0 9 6 1 0.213986078383 0 3 
15 23 2.0 15 7 5 0 21 31 3 0.00461100878236 3 3 
15 23 2.0 8 6 6 0 30 41 2 0.0130689084833 1 6 
15 23 2.0 14 1 0 0 2 1 3 4.34028661717e-16 1 0 
15 24 0.0 4 2 0 0 1 2 1 0.191405619904 0 1 
15 24 0.0 2 1 1 0 7 18 1 0.148926058628 0 3 
15 24 0.0 5 4 6 0 17 33 2 0.118915899362 1 5 
15 24 0.0 17 5 6 0 40 52 2 1.36406330746e-37 8 0 
15 24 0.0 1 6 1 0 2 4 1 0.230342638306 0 2 
15 24 0.0 6 0 0 0 6 1 2 0.054445090379 1 0 
15 24 0.0 16 4 2 0 34 21 3 3.21645164499e-51 5 0 
15 24 0.0 11 4 1 0 4 21 2 0.149483564181 1 2 
15 24 0.0 7 1 1 0 8 25 2 0.0543977609141 1 2 
15 24 0.0 10 1 0 0 7 3 2 0.082554322032 1 1 
15 24 0.0 19 3 2 0 20 5 3 2.68453811543e-63 3 0 
15 24 0.0 18 5 4 0 30 17 3 6.82332822019e-55 5 0 
15 24 0.0 13 2 6 0 19 28 3 8.9482298849e-46 2 3 
15 24 0.0 9 5 1 0 13 21 2 0.0823918954151 1 3 
15 24 0.0 12 2 3 0 12 24 2 0.049421590647 2 2 
15 24 0.0 3 10 0 0 9 6 1 0.226732186499 0 3 
15 24 0.0 15 7 5 0 21 31 3 7.44197912859e-40 3 3 
15 24 0.0 8 6 6 0 30 41 2 0.077884067598 1 6 
15 24 0.0 14 1 0 0 2 1 3 7.17496873906e-46 1 0 
15 24 2.0 4 2 0 0 1 2 1 0.136192687888 0 1 
15 24 2.0 2 1 1 0 7 18 1 0.117748592631 0 3 
15 24 2.0 5 4 6 0 17 33 2 1.00253348011e-07 1 5 
15 24 2.0 17 5 6 0 40 52 2 1.73652059155e-16 8 0 
15 24 2.0 1 6 1 0 2 4 1 0.285964733229 0 2 
15 24 2.0 6 0 0 0 6 1 2 0.142635140854 1 0 
15 24 2.0 16 4 2 0 34 21 3 2.84943060015e-32 5 0 
15 24 2.0 11 4 1 0 4 21 2 0.18010497239 1 2 
15 24 2.0 7 1 1 0 8 25 2 0.142479767217 1 2 
15 24 2.0 10 1 0 0 7 3 2 0.0332221098826 1 1 
15 24 2.0 19 3 2 0 20 5 3 6.93731233037e-32 3 0 
15 24 2.0 18 5 4 0 30 17 3 2.64483398701e-09 5 0 
15 24 2.0 13 2 6 0 19 28 3 2.869444873e-47 2 3 
15 24 2.0 9 5 1 0 13 21 2 0.0185338854028 1 3 
15 24 2.0 12 2 3 0 12 24 2 0.331696359714 2 2 
15 24 2.0 3 10 0 0 9 6 1 0.0323557221464 0 3 
15 24 2.0 15 7 5 0 21 31 3 0.00995646264409 3 3 
15 24 2.0 8 6 6 0 30 41 2 0.0175973416568 1 6 
15 24 2.0 14 1 0 0 2 1 3 1.82304897043e-15 1 0 
15 25 0.0 4 2 0 0 1 2 1 0.191577818813 0 1 
15 25 0.0 2 1 1 0 7 18 1 0.230198611709 0 3 
15 25 0.0 5 4 6 0 17 33 2 0.118289725894 1 5 
15 25 0.0 17 5 6 0 40 52 2 2.62600443037e-37 8 0 
15 25 0.0 1 6 1 0 2 4 1 0.231159394868 0 2 
15 25 0.0 6 0 0 0 6 1 2 0.059076192572 1 0 
15 25 0.0 16 4 2 0 34 21 3 2.19696480373e-50 5 0 
15 25 0.0 11 4 1 0 4 21 2 0.149568341989 1 2 
15 25 0.0 7 1 1 0 8 25 2 0.0590098454661 1 2 
15 25 0.0 10 1 0 0 7 3 2 0.0376374580756 1 1 
15 25 0.0 19 3 2 0 20 5 3 9.07489321295e-60 3 0 
15 25 0.0 18 5 4 0 30 17 3 2.47028634057e-54 5 0 
15 25 0.0 13 2 6 0 19 28 3 4.45027555047e-47 2 3 
15 25 0.0 9 5 1 0 13 21 2 0.0379005737396 1 3 
15 25 0.0 12 2 3 0 12 24 2 0.0504479296319 2 2 
15 25 0.0 3 10 0 0 9 6 1 0.313271056074 0 3 
15 25 0.0 15 7 5 0 21 31 3 1.06344634136e-36 3 3 
15 25 0.0 8 6 6 0 30 41 2 0.0355078890685 1 6 
15 25 0.0 14 1 0 0 2 1 3 1.77094654553e-54 1 0 
15 25 2.0 4 2 0 0 1 2 1 0.128006871664 0 1 
15 25 2.0 2 1 1 0 7 18 1 0.168504403735 0 3 
15 25 2.0 5 4 6 0 17 33 2 1.43971487198e-07 1 5 
15 25 2.0 17 5 6 0 40 52 2 1.50699514434e-17 8 0 
15 25 2.0 1 6 1 0 2 4 1 0.285964685446 0 2 
15 25 2.0 6 0 0 0 6 1 2 0.132271924217 1 0 
15 25 2.0 16 4 2 0 34 21 3 5.56688483284e-32 5 0 
15 25 2.0 11 4 1 0 4 21 2 0.171479251258 1 2 
15 25 2.0 7 1 1 0 8 25 2 0.13210744071 1 2 
15 25 2.0 10 1 0 0 7 3 2 0.1615399113 1 1 
15 25 2.0 19 3 2 0 20 5 3 6.9673106767e-32 3 0 
15 25 2.0 18 5 4 0 30 17 3 3.31713839497e-10 5 0 
15 25 2.0 13 2 6 0 19 28 3 6.83959068614e-49 2 3 
15 25 2.0 9 5 1 0 13 21 2 0.0963526803163 1 3 
15 25 2.0 12 2 3 0 12 24 2 0.331696267447 2 2 
15 25 2.0 3 10 0 0 9 6 1 0.0488390099227 0 3 
15 25 2.0 15 7 5 0 21 31 3 0.0109542267164 3 3 
15 25 2.0 8 6 6 0 30 41 2 0.0877730378719 1 6 
15 25 2.0 14 1 0 0 2 1 3 2.6289960693e-14 1 0 
15 26 0.0 4 2 0 0 1 2 1 0.191685780053 0 1 
15 26 0.0 2 1 1 0 7 18 1 0.156008471845 0 3 
15 26 0.0 5 4 6 0 17 33 2 0.118359902803 1 5 
15 26 0.0 17 5 6 0 40 52 2 1.34163665913e-36 8 0 
15 26 0.0 1 6 1 0 2 4 1 0.231067557259 0 2 
15 26 0.0 6 0 0 0 6 1 2 0.0912767948986 1 0 
15 26 0.0 16 4 2 0 34 21 3 1.47675244862e-50 5 0 
15 26 0.0 11 4 1 0 4 21 2 0.14980131811 1 2 
15 26 0.0 7 1 1 0 8 25 2 0.0911952212725 1 2 
15 26 0.0 10 1 0 0 7 3 2 0.0438775546004 1 1 
15 26 0.0 19 3 2 0 20 5 3 1.01993454544e-60 3 0 
15 26 0.0 18 5 4 0 30 17 3 2.48495706926e-53 5 0 
15 26 0.0 13 2 6 0 19 28 3 4.36527680662e-44 2 3 
15 26 0.0 9 5 1 0 13 21 2 0.0439991230076 1 3 
15 26 0.0 12 2 3 0 12 24 2 0.0503327240091 2 2 
15 26 0.0 3 10 0 0 9 6 1 0.353273844788 0 3 
15 26 0.0 15 7 5 0 21 31 3 2.05268268918e-37 3 3 
15 26 0.0 8 6 6 0 30 41 2 0.0433132887976 1 6 
15 26 0.0 14 1 0 0 2 1 3 3.32326999344e-52 1 0 
15 26 2.0 4 2 0 0 1 2 1 0.130447831801 0 1 
15 26 2.0 2 1 1 0 7 18 1 0.111182570422 0 3 
15 26 2.0 5 4 6 0 17 33 2 2.13105213744e-07 1 5 
15 26 2.0 17 5 6 0 40 52 2 4.10955727163e-17 8 0 
15 26 2.0 1 6 1 0 2 4 1 0.285964612677 0 2 
15 26 2.0 6 0 0 0 6 1 2 0.128124585872 1 0 
15 26 2.0 16 4 2 0 34 21 3 9.90251102791e-34 5 0 
15 26 2.0 11 4 1 0 4 21 2 0.186938536443 1 2 
15 26 2.0 7 1 1 0 8 25 2 0.12781134625 1 2 
15 26 2.0 10 1 0 0 7 3 2 0.0207468816101 1 1 
15 26 2.0 19 3 2 0 20 5 3 8.18641554696e-33 3 0 
15 26 2.0 18 5 4 0 30 17 3 1.32347755296e-09 5 0 
15 26 2.0 13 2 6 0 19 28 3 6.12814109924e-45 2 3 
15 26 2.0 9 5 1 0 13 21 2 0.0116681548275 1 3 
15 26 2.0 12 2 3 0 12 24 2 0.331696120213 2 2 
15 26 2.0 3 10 0 0 9 6 1 0.171990781062 0 3 
15 26 2.0 15 7 5 0 21 31 3 0.00730495154212 3 3 
15 26 2.0 8 6 6 0 30 41 2 0.0111236890742 1 6 
15 26 2.0 14 1 0 0 2 1 3 3.12357364669e-13 1 0 
15 27 0.0 4 2 0 0 1 2 1 0.191950846318 0 1 
15 27 0.0 2 1 1 0 7 18 1 0.21453454889 0 3 
15 27 0.0 5 4 6 0 17 33 2 0.11852167987 1 5 
15 27 0.0 17 5 6 0 40 52 2 2.19653493952e-37 8 0 
15 27 0.0 1 6 1 0 2 4 1 0.230855944072 0 2 
15 27 0.0 6 0 0 0 6 1 2 0.0902705750549 1 0 
15 27 0.0 16 4 2 0 34 21 3 1.073193417e-49 5 0 
15 27 0.0 11 4 1 0 4 21 2 0.149488611332 1 2 
15 27 0.0 7 1 1 0 8 25 2 0.0901839190733 1 2 
15 27 0.0 10 1 0 0 7 3 2 0.0364914080742 1 1 
15 27 0.0 19 3 2 0 20 5 3 7.29589698444e-60 3 0 
15 27 0.0 18 5 4 0 30 17 3 6.59051618086e-54 5 0 
15 27 0.0 13 2 6 0 19 28 3 5.11190231284e-45 2 3 
15 27 0.0 9 5 1 0 13 21 2 0.0366218809505 1 3 
15 27 0.0 12 2 3 0 12 24 2 0.0500674956229 2 2 
15 27 0.0 3 10 0 0 9 6 1 0.0782947090444 0 3 
15 27 0.0 15 7 5 0 21 31 3 2.89139355697e-37 3 3 
15 27 0.0 8 6 6 0 30 41 2 0.0354743155659 1 6 
15 27 0.0 14 1 0 0 2 1 3 7.37268168835e-52 1 0 
15 27 2.0 4 2 0 0 1 2 1 0.136873188331 0 1 
15 27 2.0 2 1 1 0 7 18 1 0.0798127267214 0 3 
15 27 2.0 5 4 6 0 17 33 2 2.58556030832e-07 1 5 
15 27 2.0 17 5 6 0 40 52 2 1.55795279815e-17 8 0 
15 27 2.0 1 6 1 0 2 4 1 0.285964563344 0 2 
15 27 2.0 6 0 0 0 6 1 2 0.0483502220846 1 0 
15 27 2.0 16 4 2 0 34 21 3 4.70367406001e-31 5 0 
15 27 2.0 11 4 1 0 4 21 2 0.179438470756 1 2 
15 27 2.0 7 1 1 0 8 25 2 0.0483123099636 1 2 
15 27 2.0 10 1 0 0 7 3 2 0.0271016588072 1 1 
15 27 2.0 19 3 2 0 20 5 3 1.06015385725e-32 3 0 
15 27 2.0 18 5 4 0 30 17 3 3.6832454993e-11 5 0 
15 27 2.0 13 2 6 0 19 28 3 2.82675885406e-48 2 3 
15 27 2.0 9 5 1 0 13 21 2 0.0188545817721 1 3 
15 27 2.0 12 2 3 0 12 24 2 0.331696023673 2 2 
15 27 2.0 3 10 0 0 9 6 1 0.0359197189738 0 3 
15 27 2.0 15 7 5 0 21 31 3 0.0102953480249 3 3 
15 27 2.0 8 6 6 0 30 41 2 0.0165434430183 1 6 
15 27 2.0 14 1 0 0 2 1 3 4.48701047785e-15 1 0 
15 28 0.0 4 2 0 0 1 2 1 0.191483791862 0 1 
15 28 0.0 2 1 1 0 7 18 1 0.207564191931 0 3 
15 28 0.0 5 4 6 0 17 33 2 0.117670251617 1 5 
15 28 0.0 17 5 6 0 40 52 2 1.60478170471e-36 8 0 
15 28 0.0 1 6 1 0 2 4 1 0.231970908222 0 2 
15 28 0.0 6 0 0 0 6 1 2 0.0534112880722 1 0 
15 28 0.0 16 4 2 0 34 21 3 2.82937875283e-51 5 0 
15 28 0.0 11 4 1 0 4 21 2 0.149768989671 1 2 
15 28 0.0 7 1 1 0 8 25 2 0.0533542592434 1 2 
15 28 0.0 10 1 0 0 7 3 2 0.0303228118569 1 1 
15 28 0.0 19 3 2 0 20 5 3 7.22853233395e-60 3 0 
15 28 0.0 18 5 4 0 30 17 3 3.57355046814e-53 5 0 
15 28 0.0 13 2 6 0 19 28 3 4.36750040145e-46 2 3 
15 28 0.0 9 5 1 0 13 21 2 0.0305228973152 1 3 
15 28 0.0 12 2 3 0 12 24 2 0.0514653658337 2 2 
15 28 0.0 3 10 0 0 9 6 1 0.081137021173 0 3 
15 28 0.0 15 7 5 0 21 31 3 8.20448712606e-37 3 3 
15 28 0.0 8 6 6 0 30 41 2 0.0298929539964 1 6 
15 28 0.0 14 1 0 0 2 1 3 3.46087916063e-54 1 0 
15 28 2.0 4 2 0 0 1 2 1 0.137083079619 0 1 
15 28 2.0 2 1 1 0 7 18 1 0.223558347938 0 3 
15 28 2.0 5 4 6 0 17 33 2 8.66765847269e-08 1 5 
15 28 2.0 17 5 6 0 40 52 2 5.62414069946e-17 8 0 
15 28 2.0 1 6 1 0 2 4 1 0.285964746368 0 2 
15 28 2.0 6 0 0 0 6 1 2 0.0883022853686 1 0 
15 28 2.0 16 4 2 0 34 21 3 1.88840862807e-32 5 0 
15 28 2.0 11 4 1 0 4 21 2 0.179272940137 1 2 
15 28 2.0 7 1 1 0 8 25 2 0.0882178323989 1 2 
15 28 2.0 10 1 0 0 7 3 2 0.0297958689474 1 1 
15 28 2.0 19 3 2 0 20 5 3 5.84727519532e-33 3 0 
15 28 2.0 18 5 4 0 30 17 3 1.22132214716e-10 5 0 
15 28 2.0 13 2 6 0 19 28 3 1.76718175581e-51 2 3 
15 28 2.0 9 5 1 0 13 21 2 0.0193864168886 1 3 
15 28 2.0 12 2 3 0 12 24 2 0.331696389306 2 2 
15 28 2.0 3 10 0 0 9 6 1 0.0347982898469 0 3 
15 28 2.0 15 7 5 0 21 31 3 0.0110116728296 3 3 
15 28 2.0 8 6 6 0 30 41 2 0.0168232403179 1 6 
15 28 2.0 14 1 0 0 2 1 3 4.93623141763e-14 1 0 
15 29 0.0 4 2 0 0 1 2 1 0.191526361307 0 1 
15 29 0.0 2 1 1 0 7 18 1 0.181727576656 0 3 
15 29 0.0 5 4 6 0 17 33 2 0.117715658303 1 5 
15 29 0.0 17 5 6 0 40 52 2 8.6990615635e-37 8 0 
15 29 0.0 1 6 1 0 2 4 1 0.231911260636 0 2 
15 29 0.0 6 0 0 0 6 1 2 0.0530578634458 1 0 
15 29 0.0 16 4 2 0 34 21 3 2.22134620607e-50 5 0 
15 29 0.0 11 4 1 0 4 21 2 0.14983162267 1 2 
15 29 0.0 7 1 1 0 8 25 2 0.0529966230316 1 2 
15 29 0.0 10 1 0 0 7 3 2 0.0392733219572 1 1 
15 29 0.0 19 3 2 0 20 5 3 1.32708049835e-59 3 0 
15 29 0.0 18 5 4 0 30 17 3 1.00517826681e-52 5 0 
15 29 0.0 13 2 6 0 19 28 3 3.10647103245e-45 2 3 
15 29 0.0 9 5 1 0 13 21 2 0.039704765364 1 3 
15 29 0.0 12 2 3 0 12 24 2 0.0513907187419 2 2 
15 29 0.0 3 10 0 0 9 6 1 0.346694993463 0 3 
15 29 0.0 15 7 5 0 21 31 3 3.07397175788e-36 3 3 
15 29 0.0 8 6 6 0 30 41 2 0.0392380909038 1 6 
15 29 0.0 14 1 0 0 2 1 3 1.87878366568e-56 1 0 
15 29 2.0 4 2 0 0 1 2 1 0.135050140409 0 1 
15 29 2.0 2 1 1 0 7 18 1 0.201882499122 0 3 
15 29 2.0 5 4 6 0 17 33 2 2.18073280325e-08 1 5 
15 29 2.0 17 5 6 0 40 52 2 4.98363104632e-17 8 0 
15 29 2.0 1 6 1 0 2 4 1 0.285964815414 0 2 
15 29 2.0 6 0 0 0 6 1 2 0.121121123732 1 0 
15 29 2.0 16 4 2 0 34 21 3 2.83253954549e-32 5 0 
15 29 2.0 11 4 1 0 4 21 2 0.172671837961 1 2 
15 29 2.0 7 1 1 0 8 25 2 0.121032244928 1 2 
15 29 2.0 10 1 0 0 7 3 2 0.0527225782327 1 1 
15 29 2.0 19 3 2 0 20 5 3 1.08145889596e-32 3 0 
15 29 2.0 18 5 4 0 30 17 3 1.13599313061e-10 5 0 
15 29 2.0 13 2 6 0 19 28 3 2.14247424495e-52 2 3 
15 29 2.0 9 5 1 0 13 21 2 0.0342169315018 1 3 
15 29 2.0 12 2 3 0 12 24 2 0.331696527321 2 2 
15 29 2.0 3 10 0 0 9 6 1 0.0286794033494 0 3 
15 29 2.0 15 7 5 0 21 31 3 0.0109050199026 3 3 
15 29 2.0 8 6 6 0 30 41 2 0.0283418662096 1 6 
15 29 2.0 14 1 0 0 2 1 3 9.92601898175e-13 1 0 
15 30 0.0 4 2 0 0 1 2 1 0.191524200131 0 1 
15 30 0.0 2 1 1 0 7 18 1 0.163107404002 0 3 
15 30 0.0 5 4 6 0 17 33 2 0.120128275153 1 5 
15 30 0.0 17 5 6 0 40 52 2 1.01181756222e-37 8 0 
15 30 0.0 1 6 1 0 2 4 1 0.228768890031 0 2 
15 30 0.0 6 0 0 0 6 1 2 0.0921091853105 1 0 
15 30 0.0 16 4 2 0 34 21 3 1.40444310196e-48 5 0 
15 30 0.0 11 4 1 0 4 21 2 0.149707548086 1 2 
15 30 0.0 7 1 1 0 8 25 2 0.0920076324562 1 2 
15 30 0.0 10 1 0 0 7 3 2 0.065229237868 1 1 
15 30 0.0 19 3 2 0 20 5 3 6.55662175397e-61 3 0 
15 30 0.0 18 5 4 0 30 17 3 6.62693578872e-55 5 0 
15 30 0.0 13 2 6 0 19 28 3 8.95164663975e-42 2 3 
15 30 0.0 9 5 1 0 13 21 2 0.0653937790858 1 3 
15 30 0.0 12 2 3 0 12 24 2 0.0474440995775 2 2 
15 30 0.0 3 10 0 0 9 6 1 0.0885437869053 0 3 
15 30 0.0 15 7 5 0 21 31 3 9.49992351403e-37 3 3 
15 30 0.0 8 6 6 0 30 41 2 0.0632931044578 1 6 
15 30 0.0 14 1 0 0 2 1 3 4.19828074391e-51 1 0 
15 30 2.0 4 2 0 0 1 2 1 0.124405238876 0 1 
15 30 2.0 2 1 1 0 7 18 1 0.11839406997 0 3 
15 30 2.0 5 4 6 0 17 33 2 8.20309263044e-08 1 5 
15 30 2.0 17 5 6 0 40 52 2 1.17815443008e-16 8 0 
15 30 2.0 1 6 1 0 2 4 1 0.285964753532 0 2 
15 30 2.0 6 0 0 0 6 1 2 0.0433560820707 1 0 
15 30 2.0 16 4 2 0 34 21 3 6.28930529267e-33 5 0 
15 30 2.0 11 4 1 0 4 21 2 0.181764438593 1 2 
15 30 2.0 7 1 1 0 8 25 2 0.0432862766817 1 2 
15 30 2.0 10 1 0 0 7 3 2 0.057589277387 1 1 
15 30 2.0 19 3 2 0 20 5 3 1.94998894297e-32 3 0 
15 30 2.0 18 5 4 0 30 17 3 3.33328710962e-09 5 0 
15 30 2.0 13 2 6 0 19 28 3 4.66905682206e-46 2 3 
15 30 2.0 9 5 1 0 13 21 2 0.0308245451449 1 3 
15 30 2.0 12 2 3 0 12 24 2 0.331696399492 2 2 
15 30 2.0 3 10 0 0 9 6 1 0.361260680952 0 3 
15 30 2.0 15 7 5 0 21 31 3 0.00816663351069 3 3 
15 30 2.0 8 6 6 0 30 41 2 0.0296364762475 1 6 
15 30 2.0 14 1 0 0 2 1 3 7.38045701096e-18 1 0 
15 31 0.0 4 2 0 0 1 2 1 0.191666332326 0 1 
15 31 0.0 2 1 1 0 7 18 1 0.151805665123 0 3 
15 31 0.0 5 4 6 0 17 33 2 0.12151526783 1 5 
15 31 0.0 17 5 6 0 40 52 2 2.50756066102e-37 8 0 
15 31 0.0 1 6 1 0 2 4 1 0.226957764699 0 2 
15 31 0.0 6 0 0 0 6 1 2 0.053292145695 1 0 
15 31 0.0 16 4 2 0 34 21 3 2.32189224077e-46 5 0 
15 31 0.0 11 4 1 0 4 21 2 0.1496820162 1 2 
15 31 0.0 7 1 1 0 8 25 2 0.0532604622963 1 2 
15 31 0.0 10 1 0 0 7 3 2 0.0218889039731 1 1 
15 31 0.0 19 3 2 0 20 5 3 1.25343097496e-58 3 0 
15 31 0.0 18 5 4 0 30 17 3 1.16968144373e-54 5 0 
15 31 0.0 13 2 6 0 19 28 3 5.37815202869e-38 2 3 
15 31 0.0 9 5 1 0 13 21 2 0.0222161247046 1 3 
15 31 0.0 12 2 3 0 12 24 2 0.0451815639234 2 2 
15 31 0.0 3 10 0 0 9 6 1 0.22879483121 0 3 
15 31 0.0 15 7 5 0 21 31 3 3.01546902561e-36 3 3 
15 31 0.0 8 6 6 0 30 41 2 0.0218631344156 1 6 
15 31 0.0 14 1 0 0 2 1 3 1.82129877675e-57 1 0 
15 31 2.0 4 2 0 0 1 2 1 0.133722364635 0 1 
15 31 2.0 2 1 1 0 7 18 1 0.0700467688495 0 3 
15 31 2.0 5 4 6 0 17 33 2 1.03697030121e-07 1 5 
15 31 2.0 17 5 6 0 40 52 2 6.72509514152e-17 8 0 
15 31 2.0 1 6 1 0 2 4 1 0.285964729001 0 2 
15 31 2.0 6 0 0 0 6 1 2 0.0523112176642 1 0 
15 31 2.0 16 4 2 0 34 21 3 3.46067247397e-32 5 0 
15 31 2.0 11 4 1 0 4 21 2 0.187729496107 1 2 
15 31 2.0 7 1 1 0 8 25 2 0.0522105921799 1 2 
15 31 2.0 10 1 0 0 7 3 2 0.016684115444 1 1 
15 31 2.0 19 3 2 0 20 5 3 2.76301312272e-31 3 0 
15 31 2.0 18 5 4 0 30 17 3 1.12193520667e-09 5 0 
15 31 2.0 13 2 6 0 19 28 3 6.86006341401e-48 2 3 
15 31 2.0 9 5 1 0 13 21 2 0.0101154697229 1 3 
15 31 2.0 12 2 3 0 12 24 2 0.331696352936 2 2 
15 31 2.0 3 10 0 0 9 6 1 0.127444236834 0 3 
15 31 2.0 15 7 5 0 21 31 3 0.00980240475341 3 3 
15 31 2.0 8 6 6 0 30 41 2 0.0095500301142 1 6 
15 31 2.0 14 1 0 0 2 1 3 9.51872232317e-19 1 0 
15 32 0.0 4 2 0 0 1 2 1 0.191712407655 0 1 
15 32 0.0 2 1 1 0 7 18 1 0.224943438253 0 3 
15 32 0.0 5 4 6 0 17 33 2 0.119325332903 1 5 
15 32 0.0 17 5 6 0 40 52 2 2.84872866809e-37 8 0 
15 32 0.0 1 6 1 0 2 4 1 0.229809372176 0 2 
15 32 0.0 6 0 0 0 6 1 2 0.0870143291519 1 0 
15 32 0.0 16 4 2 0 34 21 3 2.34087759761e-48 5 0 
15 32 0.0 11 4 1 0 4 21 2 0.149775225763 1 2 
15 32 0.0 7 1 1 0 8 25 2 0.0869259006478 1 2 
15 32 0.0 10 1 0 0 7 3 2 0.0568124710459 1 1 
15 32 0.0 19 3 2 0 20 5 3 3.46453776919e-59 3 0 
15 32 0.0 18 5 4 0 30 17 3 1.80602884179e-54 5 0 
15 32 0.0 13 2 6 0 19 28 3 1.08397286241e-42 2 3 
15 32 0.0 9 5 1 0 13 21 2 0.0575881727431 1 3 
15 32 0.0 12 2 3 0 12 24 2 0.0487533241477 2 2 
15 32 0.0 3 10 0 0 9 6 1 0.315350097301 0 3 
15 32 0.0 15 7 5 0 21 31 3 1.18030062848e-35 3 3 
15 32 0.0 8 6 6 0 30 41 2 0.0557628398547 1 6 
15 32 0.0 14 1 0 0 2 1 3 6.91452000739e-58 1 0 
15 32 2.0 4 2 0 0 1 2 1 0.125298330716 0 1 
15 32 2.0 2 1 1 0 7 18 1 0.176418325073 0 3 
15 32 2.0 5 4 6 0 17 33 2 1.7707187956e-07 1 5 
15 32 2.0 17 5 6 0 40 52 2 1.53990021352e-17 8 0 
15 32 2.0 1 6 1 0 2 4 1 0.285964650096 0 2 
15 32 2.0 6 0 0 0 6 1 2 0.111028236285 1 0 
15 32 2.0 16 4 2 0 34 21 3 1.92846434163e-32 5 0 
15 32 2.0 11 4 1 0 4 21 2 0.185480945262 1 2 
15 32 2.0 7 1 1 0 8 25 2 0.110962422921 1 2 
15 32 2.0 10 1 0 0 7 3 2 0.0783142350384 1 1 
15 32 2.0 19 3 2 0 20 5 3 4.86748197731e-34 3 0 
15 32 2.0 18 5 4 0 30 17 3 3.88443092889e-11 5 0 
15 32 2.0 13 2 6 0 19 28 3 9.87829940971e-51 2 3 
15 32 2.0 9 5 1 0 13 21 2 0.0506849138405 1 3 
15 32 2.0 12 2 3 0 12 24 2 0.331696197033 2 2 
15 32 2.0 3 10 0 0 9 6 1 0.313316961125 0 3 
15 32 2.0 15 7 5 0 21 31 3 0.00697771561399 3 3 
15 32 2.0 8 6 6 0 30 41 2 0.0418907729281 1 6 
15 32 2.0 14 1 0 0 2 1 3 8.48276061472e-10 1 0 
15 33 0.0 4 2 0 0 1 2 1 0.191757749592 0 1 
15 33 0.0 2 1 1 0 7 18 1 0.12730638704 0 3 
15 33 0.0 5 4 6 0 17 33 2 0.118781610512 1 5 
15 33 0.0 17 5 6 0 40 52 2 1.95041287883e-36 8 0 
15 33 0.0 1 6 1 0 2 4 1 0.230514609077 0 2 
15 33 0.0 6 0 0 0 6 1 2 0.0755532789584 1 0 
15 33 0.0 16 4 2 0 34 21 3 2.72230409142e-49 5 0 
15 33 0.0 11 4 1 0 4 21 2 0.149745751996 1 2 
15 33 0.0 7 1 1 0 8 25 2 0.0755173017142 1 2 
15 33 0.0 10 1 0 0 7 3 2 0.0322482308677 1 1 
15 33 0.0 19 3 2 0 20 5 3 6.12875065315e-60 3 0 
15 33 0.0 18 5 4 0 30 17 3 1.03500341257e-52 5 0 
15 33 0.0 13 2 6 0 19 28 3 1.23137092978e-39 2 3 
15 33 0.0 9 5 1 0 13 21 2 0.0323407119274 1 3 
15 33 0.0 12 2 3 0 12 24 2 0.0496378667999 2 2 
15 33 0.0 3 10 0 0 9 6 1 0.0756089773431 0 3 
15 33 0.0 15 7 5 0 21 31 3 1.37004992185e-36 3 3 
15 33 0.0 8 6 6 0 30 41 2 0.0323931588002 1 6 
15 33 0.0 14 1 0 0 2 1 3 1.15171607482e-54 1 0 
15 33 2.0 4 2 0 0 1 2 1 0.136074065137 0 1 
15 33 2.0 2 1 1 0 7 18 1 0.0845587656431 0 3 
15 33 2.0 5 4 6 0 17 33 2 1.72184729515e-07 1 5 
15 33 2.0 17 5 6 0 40 52 2 3.17053057259e-16 8 0 
15 33 2.0 1 6 1 0 2 4 1 0.285964655856 0 2 
15 33 2.0 6 0 0 0 6 1 2 0.139704864011 1 0 
15 33 2.0 16 4 2 0 34 21 3 9.94821387968e-32 5 0 
15 33 2.0 11 4 1 0 4 21 2 0.174478906782 1 2 
15 33 2.0 7 1 1 0 8 25 2 0.139649738744 1 2 
15 33 2.0 10 1 0 0 7 3 2 0.0532960496862 1 1 
15 33 2.0 19 3 2 0 20 5 3 1.14096748354e-31 3 0 
15 33 2.0 18 5 4 0 30 17 3 1.3123336749e-09 5 0 
15 33 2.0 13 2 6 0 19 28 3 2.37142177454e-47 2 3 
15 33 2.0 9 5 1 0 13 21 2 0.0317022999475 1 3 
15 33 2.0 12 2 3 0 12 24 2 0.331696207154 2 2 
15 33 2.0 3 10 0 0 9 6 1 0.0264270924337 0 3 
15 33 2.0 15 7 5 0 21 31 3 0.0119534819441 3 3 
15 33 2.0 8 6 6 0 30 41 2 0.0297325252223 1 6 
15 33 2.0 14 1 0 0 2 1 3 4.38911222661e-13 1 0 
15 34 0.0 4 2 0 0 1 2 1 0.191733393414 0 1 
15 34 0.0 2 1 1 0 7 18 1 0.142412449922 0 3 
15 34 0.0 5 4 6 0 17 33 2 0.118535671894 1 5 
15 34 0.0 17 5 6 0 40 52 2 5.80890342845e-37 8 0 
15 34 0.0 1 6 1 0 2 4 1 0.230838182231 0 2 
15 34 0.0 6 0 0 0 6 1 2 0.0559246276063 1 0 
15 34 0.0 16 4 2 0 34 21 3 1.72045513477e-49 5 0 
15 34 0.0 11 4 1 0 4 21 2 0.149801829227 1 2 
15 34 0.0 7 1 1 0 8 25 2 0.0558789134177 1 2 
15 34 0.0 10 1 0 0 7 3 2 0.0264693137166 1 1 
15 34 0.0 19 3 2 0 20 5 3 1.40559284147e-59 3 0 
15 34 0.0 18 5 4 0 30 17 3 6.19355258318e-54 5 0 
15 34 0.0 13 2 6 0 19 28 3 9.57601217493e-44 2 3 
15 34 0.0 9 5 1 0 13 21 2 0.0267002750369 1 3 
15 34 0.0 12 2 3 0 12 24 2 0.0500442420292 2 2 
15 34 0.0 3 10 0 0 9 6 1 0.0919720021259 0 3 
15 34 0.0 15 7 5 0 21 31 3 1.35375837245e-36 3 3 
15 34 0.0 8 6 6 0 30 41 2 0.0261575176966 1 6 
15 34 0.0 14 1 0 0 2 1 3 2.38447287716e-55 1 0 
15 34 2.0 4 2 0 0 1 2 1 0.130332442941 0 1 
15 34 2.0 2 1 1 0 7 18 1 0.199334494557 0 3 
15 34 2.0 5 4 6 0 17 33 2 1.81193107696e-07 1 5 
15 34 2.0 17 5 6 0 40 52 2 7.49631452853e-17 8 0 
15 34 2.0 1 6 1 0 2 4 1 0.285964647695 0 2 
15 34 2.0 6 0 0 0 6 1 2 0.106357669938 1 0 
15 34 2.0 16 4 2 0 34 21 3 1.40254319207e-32 5 0 
15 34 2.0 11 4 1 0 4 21 2 0.173173994518 1 2 
15 34 2.0 7 1 1 0 8 25 2 0.106168948145 1 2 
15 34 2.0 10 1 0 0 7 3 2 0.117145983369 1 1 
15 34 2.0 19 3 2 0 20 5 3 1.67492866378e-31 3 0 
15 34 2.0 18 5 4 0 30 17 3 5.2399429794e-09 5 0 
15 34 2.0 13 2 6 0 19 28 3 1.41516748077e-45 2 3 
15 34 2.0 9 5 1 0 13 21 2 0.0704961315522 1 3 
15 34 2.0 12 2 3 0 12 24 2 0.331696187834 2 2 
15 34 2.0 3 10 0 0 9 6 1 0.0287350475089 0 3 
15 34 2.0 15 7 5 0 21 31 3 0.0115315908704 3 3 
15 34 2.0 8 6 6 0 30 41 2 0.0677393018879 1 6 
15 34 2.0 14 1 0 0 2 1 3 1.20042991574e-13 1 0 
15 35 0.0 4 2 0 0 1 2 1 0.191640618981 0 1 
15 35 0.0 2 1 1 0 7 18 1 0.223842154647 0 3 
15 35 0.0 5 4 6 0 17 33 2 0.118654944357 1 5 
15 35 0.0 17 5 6 0 40 52 2 7.96615776858e-38 8 0 
15 35 0.0 1 6 1 0 2 4 1 0.23068237387 0 2 
15 35 0.0 6 0 0 0 6 1 2 0.0814815661701 1 0 
15 35 0.0 16 4 2 0 34 21 3 9.9552301947e-51 5 0 
15 35 0.0 11 4 1 0 4 21 2 0.14984491218 1 2 
15 35 0.0 7 1 1 0 8 25 2 0.0813857404827 1 2 
15 35 0.0 10 1 0 0 7 3 2 0.0316023667952 1 1 
15 35 0.0 19 3 2 0 20 5 3 2.05051275671e-61 3 0 
15 35 0.0 18 5 4 0 30 17 3 2.41450791702e-54 5 0 
15 35 0.0 13 2 6 0 19 28 3 1.01844248438e-45 2 3 
15 35 0.0 9 5 1 0 13 21 2 0.0316727524079 1 3 
15 35 0.0 12 2 3 0 12 24 2 0.0498481076389 2 2 
15 35 0.0 3 10 0 0 9 6 1 0.0810789358462 0 3 
15 35 0.0 15 7 5 0 21 31 3 2.74839759011e-38 3 3 
15 35 0.0 8 6 6 0 30 41 2 0.0304178264843 1 6 
15 35 0.0 14 1 0 0 2 1 3 9.11885427772e-51 1 0 
15 35 2.0 4 2 0 0 1 2 1 0.137658618883 0 1 
15 35 2.0 2 1 1 0 7 18 1 0.0698035750437 0 3 
15 35 2.0 5 4 6 0 17 33 2 2.98608627798e-07 1 5 
15 35 2.0 17 5 6 0 40 52 2 5.39841255484e-17 8 0 
15 35 2.0 1 6 1 0 2 4 1 0.285964520744 0 2 
15 35 2.0 6 0 0 0 6 1 2 0.13150976573 1 0 
15 35 2.0 16 4 2 0 34 21 3 8.0475535326e-32 5 0 
15 35 2.0 11 4 1 0 4 21 2 0.184402842672 1 2 
15 35 2.0 7 1 1 0 8 25 2 0.131384452566 1 2 
15 35 2.0 10 1 0 0 7 3 2 0.0231178348663 1 1 
15 35 2.0 19 3 2 0 20 5 3 2.10995584865e-32 3 0 
15 35 2.0 18 5 4 0 30 17 3 9.64969463123e-11 5 0 
15 35 2.0 13 2 6 0 19 28 3 1.2208992712e-46 2 3 
15 35 2.0 9 5 1 0 13 21 2 0.0137740032248 1 3 
15 35 2.0 12 2 3 0 12 24 2 0.331695938451 2 2 
15 35 2.0 3 10 0 0 9 6 1 0.0661767851953 0 3 
15 35 2.0 15 7 5 0 21 31 3 0.00981160961137 3 3 
15 35 2.0 8 6 6 0 30 41 2 0.012354803914 1 6 
15 35 2.0 14 1 0 0 2 1 3 1.58508120651e-11 1 0 
15 36 0.0 4 2 0 0 1 2 1 0.191575141232 0 1 
15 36 0.0 2 1 1 0 7 18 1 0.211895500927 0 3 
15 36 0.0 5 4 6 0 17 33 2 0.119400123864 1 5 
15 36 0.0 17 5 6 0 40 52 2 4.48359747852e-37 8 0 
15 36 0.0 1 6 1 0 2 4 1 0.229704743069 0 2 
15 36 0.0 6 0 0 0 6 1 2 0.0563913887601 1 0 
15 36 0.0 16 4 2 0 34 21 3 1.68198721495e-48 5 0 
15 36 0.0 11 4 1 0 4 21 2 0.149582103459 1 2 
15 36 0.0 7 1 1 0 8 25 2 0.0563335819689 1 2 
15 36 0.0 10 1 0 0 7 3 2 0.0782441926816 1 1 
15 36 0.0 19 3 2 0 20 5 3 6.96574729521e-58 3 0 
15 36 0.0 18 5 4 0 30 17 3 1.48513338054e-53 5 0 
15 36 0.0 13 2 6 0 19 28 3 1.57462691305e-40 2 3 
15 36 0.0 9 5 1 0 13 21 2 0.0799179940771 1 3 
15 36 0.0 12 2 3 0 12 24 2 0.0486275463868 2 2 
15 36 0.0 3 10 0 0 9 6 1 0.248189817788 0 3 
15 36 0.0 15 7 5 0 21 31 3 4.10601318612e-35 3 3 
15 36 0.0 8 6 6 0 30 41 2 0.0790461995283 1 6 
15 36 0.0 14 1 0 0 2 1 3 2.73531330213e-59 1 0 
15 36 2.0 4 2 0 0 1 2 1 0.129311190959 0 1 
15 36 2.0 2 1 1 0 7 18 1 0.130353120204 0 3 
15 36 2.0 5 4 6 0 17 33 2 2.23936975385e-07 1 5 
15 36 2.0 17 5 6 0 40 52 2 3.2784399628e-16 8 0 
15 36 2.0 1 6 1 0 2 4 1 0.285964601512 0 2 
15 36 2.0 6 0 0 0 6 1 2 0.0422578676721 1 0 
15 36 2.0 16 4 2 0 34 21 3 2.12360903901e-31 5 0 
15 36 2.0 11 4 1 0 4 21 2 0.173055756085 1 2 
15 36 2.0 7 1 1 0 8 25 2 0.0422088475957 1 2 
15 36 2.0 10 1 0 0 7 3 2 0.12972334003 1 1 
15 36 2.0 19 3 2 0 20 5 3 3.39856755916e-30 3 0 
15 36 2.0 18 5 4 0 30 17 3 3.31053970684e-09 5 0 
15 36 2.0 13 2 6 0 19 28 3 2.54895550069e-44 2 3 
15 36 2.0 9 5 1 0 13 21 2 0.0800351957268 1 3 
15 36 2.0 12 2 3 0 12 24 2 0.331696097165 2 2 
15 36 2.0 3 10 0 0 9 6 1 0.0369319818449 0 3 
15 36 2.0 15 7 5 0 21 31 3 0.0107594361749 3 3 
15 36 2.0 8 6 6 0 30 41 2 0.0772514435731 1 6 
15 36 2.0 14 1 0 0 2 1 3 1.47935157132e-16 1 0 
15 37 0.0 4 2 0 0 1 2 1 0.191777562058 0 1 
15 37 0.0 2 1 1 0 7 18 1 0.212909338493 0 3 
15 37 0.0 5 4 6 0 17 33 2 0.11860053518 1 5 
15 37 0.0 17 5 6 0 40 52 2 9.87177308151e-38 8 0 
15 37 0.0 1 6 1 0 2 4 1 0.230753155508 0 2 
15 37 0.0 6 0 0 0 6 1 2 0.0601686192242 1 0 
15 37 0.0 16 4 2 0 34 21 3 2.40350497259e-51 5 0 
15 37 0.0 11 4 1 0 4 21 2 0.149571129658 1 2 
15 37 0.0 7 1 1 0 8 25 2 0.0600542036975 1 2 
15 37 0.0 10 1 0 0 7 3 2 0.0203945810825 1 1 
15 37 0.0 19 3 2 0 20 5 3 2.18249682623e-61 3 0 
15 37 0.0 18 5 4 0 30 17 3 1.01071022323e-53 5 0 
15 37 0.0 13 2 6 0 19 28 3 1.76897632275e-44 2 3 
15 37 0.0 9 5 1 0 13 21 2 0.0204140971204 1 3 
15 37 0.0 12 2 3 0 12 24 2 0.0499382873624 2 2 
15 37 0.0 3 10 0 0 9 6 1 0.148372407493 0 3 
15 37 0.0 15 7 5 0 21 31 3 2.86994088157e-38 3 3 
15 37 0.0 8 6 6 0 30 41 2 0.0199131232557 1 6 
15 37 0.0 14 1 0 0 2 1 3 1.88518941641e-50 1 0 
15 37 2.0 4 2 0 0 1 2 1 0.135974658684 0 1 
15 37 2.0 2 1 1 0 7 18 1 0.129795902804 0 3 
15 37 2.0 5 4 6 0 17 33 2 1.55902285304e-07 1 5 
15 37 2.0 17 5 6 0 40 52 2 5.57765453468e-17 8 0 
15 37 2.0 1 6 1 0 2 4 1 0.285964673293 0 2 
15 37 2.0 6 0 0 0 6 1 2 0.0408252852774 1 0 
15 37 2.0 16 4 2 0 34 21 3 3.50219492517e-32 5 0 
15 37 2.0 11 4 1 0 4 21 2 0.18350706435 1 2 
15 37 2.0 7 1 1 0 8 25 2 0.0407950924963 1 2 
15 37 2.0 10 1 0 0 7 3 2 0.0218657098542 1 1 
15 37 2.0 19 3 2 0 20 5 3 1.02463582584e-32 3 0 
15 37 2.0 18 5 4 0 30 17 3 1.10425050846e-09 5 0 
15 37 2.0 13 2 6 0 19 28 3 2.03458795386e-46 2 3 
15 37 2.0 9 5 1 0 13 21 2 0.0124745435261 1 3 
15 37 2.0 12 2 3 0 12 24 2 0.331696241771 2 2 
15 37 2.0 3 10 0 0 9 6 1 0.0572082623094 0 3 
15 37 2.0 15 7 5 0 21 31 3 0.00953872050052 3 3 
15 37 2.0 8 6 6 0 30 41 2 0.0116959470797 1 6 
15 37 2.0 14 1 0 0 2 1 3 3.49268233804e-12 1 0 
15 38 0.0 4 2 0 0 1 2 1 0.191688279706 0 1 
15 38 0.0 2 1 1 0 7 18 1 0.156066657701 0 3 
15 38 0.0 5 4 6 0 17 33 2 0.117903964008 1 5 
15 38 0.0 17 5 6 0 40 52 2 6.28189196904e-37 8 0 
15 38 0.0 1 6 1 0 2 4 1 0.231664478925 0 2 
15 38 0.0 6 0 0 0 6 1 2 0.091702635283 1 0 
15 38 0.0 16 4 2 0 34 21 3 5.34387066266e-52 5 0 
15 38 0.0 11 4 1 0 4 21 2 0.149778645323 1 2 
15 38 0.0 7 1 1 0 8 25 2 0.0916352873311 1 2 
15 38 0.0 10 1 0 0 7 3 2 0.0223414116589 1 1 
15 38 0.0 19 3 2 0 20 5 3 2.5266680714e-62 3 0 
15 38 0.0 18 5 4 0 30 17 3 4.15420917543e-54 5 0 
15 38 0.0 13 2 6 0 19 28 3 5.18379392507e-48 2 3 
15 38 0.0 9 5 1 0 13 21 2 0.0223256969124 1 3 
15 38 0.0 12 2 3 0 12 24 2 0.0510813519411 2 2 
15 38 0.0 3 10 0 0 9 6 1 0.127287310563 0 3 
15 38 0.0 15 7 5 0 21 31 3 3.15598701914e-39 3 3 
15 38 0.0 8 6 6 0 30 41 2 0.0212027248553 1 6 
15 38 0.0 14 1 0 0 2 1 3 1.00075267906e-47 1 0 
15 38 2.0 4 2 0 0 1 2 1 0.130087143963 0 1 
15 38 2.0 2 1 1 0 7 18 1 0.124030491664 0 3 
15 38 2.0 5 4 6 0 17 33 2 4.38045190132e-08 1 5 
15 38 2.0 17 5 6 0 40 52 2 4.21013072841e-17 8 0 
15 38 2.0 1 6 1 0 2 4 1 0.285964792403 0 2 
15 38 2.0 6 0 0 0 6 1 2 0.0451656165821 1 0 
15 38 2.0 16 4 2 0 34 21 3 2.80326098419e-33 5 0 
15 38 2.0 11 4 1 0 4 21 2 0.1893708215 1 2 
15 38 2.0 7 1 1 0 8 25 2 0.0450755336423 1 2 
15 38 2.0 10 1 0 0 7 3 2 0.0294138592638 1 1 
15 38 2.0 19 3 2 0 20 5 3 5.40208328655e-32 3 0 
15 38 2.0 18 5 4 0 30 17 3 6.52535572048e-10 5 0 
15 38 2.0 13 2 6 0 19 28 3 6.91570942893e-52 2 3 
15 38 2.0 9 5 1 0 13 21 2 0.017451492669 1 3 
15 38 2.0 12 2 3 0 12 24 2 0.331696480484 2 2 
15 38 2.0 3 10 0 0 9 6 1 0.218556041594 0 3 
15 38 2.0 15 7 5 0 21 31 3 0.00770776433742 3 3 
15 38 2.0 8 6 6 0 30 41 2 0.0154261576307 1 6 
15 38 2.0 14 1 0 0 2 1 3 2.36904776088e-13 1 0 
15 39 0.0 4 2 0 0 1 2 1 0.191514175369 0 1 
15 39 0.0 2 1 1 0 7 18 1 0.130783487373 0 3 
15 39 0.0 5 4 6 0 17 33 2 0.118629423277 1 5 
15 39 0.0 17 5 6 0 40 52 2 5.81697595597e-38 8 0 
15 39 0.0 1 6 1 0 2 4 1 0.230712380343 0 2 
15 39 0.0 6 0 0 0 6 1 2 0.0751030332117 1 0 
15 39 0.0 16 4 2 0 34 21 3 3.2030282424e-51 5 0 
15 39 0.0 11 4 1 0 4 21 2 0.149611807992 1 2 
15 39 0.0 7 1 1 0 8 25 2 0.0750115482276 1 2 
15 39 0.0 10 1 0 0 7 3 2 0.0234208743066 1 1 
15 39 0.0 19 3 2 0 20 5 3 3.68564476719e-62 3 0 
15 39 0.0 18 5 4 0 30 17 3 4.02925402609e-55 5 0 
15 39 0.0 13 2 6 0 19 28 3 2.70464694083e-46 2 3 
15 39 0.0 9 5 1 0 13 21 2 0.0234333212787 1 3 
15 39 0.0 12 2 3 0 12 24 2 0.0498878423157 2 2 
15 39 0.0 3 10 0 0 9 6 1 0.120860859054 0 3 
15 39 0.0 15 7 5 0 21 31 3 2.92636579947e-39 3 3 
15 39 0.0 8 6 6 0 30 41 2 0.0219032166804 1 6 
15 39 0.0 14 1 0 0 2 1 3 1.59099261495e-48 1 0 
15 39 2.0 4 2 0 0 1 2 1 0.135102463825 0 1 
15 39 2.0 2 1 1 0 7 18 1 0.143425396266 0 3 
15 39 2.0 5 4 6 0 17 33 2 1.43095164787e-07 1 5 
15 39 2.0 17 5 6 0 40 52 2 1.68526573096e-16 8 0 
15 39 2.0 1 6 1 0 2 4 1 0.285964686371 0 2 
15 39 2.0 6 0 0 0 6 1 2 0.148345830271 1 0 
15 39 2.0 16 4 2 0 34 21 3 1.20469603495e-31 5 0 
15 39 2.0 11 4 1 0 4 21 2 0.172442171151 1 2 
15 39 2.0 7 1 1 0 8 25 2 0.148155699636 1 2 
15 39 2.0 10 1 0 0 7 3 2 0.0780922309341 1 1 
15 39 2.0 19 3 2 0 20 5 3 5.72593249226e-31 3 0 
15 39 2.0 18 5 4 0 30 17 3 3.17105514948e-10 5 0 
15 39 2.0 13 2 6 0 19 28 3 1.37201040434e-47 2 3 
15 39 2.0 9 5 1 0 13 21 2 0.044517079503 1 3 
15 39 2.0 12 2 3 0 12 24 2 0.331696269265 2 2 
15 39 2.0 3 10 0 0 9 6 1 0.0239576790876 0 3 
15 39 2.0 15 7 5 0 21 31 3 0.0119964063566 3 3 
15 39 2.0 8 6 6 0 30 41 2 0.0411738577252 1 6 
15 39 2.0 14 1 0 0 2 1 3 3.65759176468e-16 1 0 
15 40 0.0 4 2 0 0 1 2 1 0.191835697661 0 1 
15 40 0.0 2 1 1 0 7 18 1 0.231545699246 0 3 
15 40 0.0 5 4 6 0 17 33 2 0.118679520592 1 5 
15 40 0.0 17 5 6 0 40 52 2 8.27958774815e-38 8 0 
15 40 0.0 1 6 1 0 2 4 1 0.230650413459 0 2 
15 40 0.0 6 0 0 0 6 1 2 0.0631089233631 1 0 
15 40 0.0 16 4 2 0 34 21 3 1.24551971099e-49 5 0 
15 40 0.0 11 4 1 0 4 21 2 0.14974462366 1 2 
15 40 0.0 7 1 1 0 8 25 2 0.0630504808585 1 2 
15 40 0.0 10 1 0 0 7 3 2 0.0208446380887 1 1 
15 40 0.0 19 3 2 0 20 5 3 3.15724942379e-60 3 0 
15 40 0.0 18 5 4 0 30 17 3 1.41249638858e-53 5 0 
15 40 0.0 13 2 6 0 19 28 3 4.95567687749e-43 2 3 
15 40 0.0 9 5 1 0 13 21 2 0.0209447153355 1 3 
15 40 0.0 12 2 3 0 12 24 2 0.0498089459028 2 2 
15 40 0.0 3 10 0 0 9 6 1 0.13183410975 0 3 
15 40 0.0 15 7 5 0 21 31 3 1.61221939002e-37 3 3 
15 40 0.0 8 6 6 0 30 41 2 0.0205779976297 1 6 
15 40 0.0 14 1 0 0 2 1 3 4.19865997895e-53 1 0 
15 40 2.0 4 2 0 0 1 2 1 0.123768001141 0 1 
15 40 2.0 2 1 1 0 7 18 1 0.0729529609711 0 3 
15 40 2.0 5 4 6 0 17 33 2 9.70384638897e-08 1 5 
15 40 2.0 17 5 6 0 40 52 2 2.59250345591e-17 8 0 
15 40 2.0 1 6 1 0 2 4 1 0.28596473587 0 2 
15 40 2.0 6 0 0 0 6 1 2 0.0998152010002 1 0 
15 40 2.0 16 4 2 0 34 21 3 1.56696830126e-33 5 0 
15 40 2.0 11 4 1 0 4 21 2 0.17753572579 1 2 
15 40 2.0 7 1 1 0 8 25 2 0.0995502019691 1 2 
15 40 2.0 10 1 0 0 7 3 2 0.149120592372 1 1 
15 40 2.0 19 3 2 0 20 5 3 3.65659593799e-32 3 0 
15 40 2.0 18 5 4 0 30 17 3 1.05125499146e-09 5 0 
15 40 2.0 13 2 6 0 19 28 3 4.37756933068e-47 2 3 
15 40 2.0 9 5 1 0 13 21 2 0.0852422791396 1 3 
15 40 2.0 12 2 3 0 12 24 2 0.331696367406 2 2 
15 40 2.0 3 10 0 0 9 6 1 0.297142599023 0 3 
15 40 2.0 15 7 5 0 21 31 3 0.00872390433417 3 3 
15 40 2.0 8 6 6 0 30 41 2 0.0810818732265 1 6 
15 40 2.0 14 1 0 0 2 1 3 4.73084555501e-16 1 0 
