139 1 0.0 6 14 13 0 63 70 2 0.0852504036022 4 5 
139 1 0.0 13 19 39 0 55 93 2 1.53903071835e-06 11 3 
139 1 0.0 9 4 7 0 54 40 2 0.0852624248649 4 2 
139 1 0.0 1 14 6 0 24 58 1 0.351864929546 0 6 
139 1 0.0 12 14 15 0 57 68 2 0.0728907754381 4 5 
139 1 0.0 3 23 10 0 61 72 1 0.00109061001169 0 9 
139 1 0.0 15 15 9 0 26 32 3 4.68821136183e-40 4 2 
139 1 0.0 2 19 6 0 37 68 1 0.193765033104 0 7 
139 1 0.0 14 13 20 0 74 75 2 8.69064313386e-08 9 2 
139 1 0.0 16 36 23 0 20 52 3 2.12949258902e-40 8 2 
139 1 0.0 5 15 14 0 53 74 1 0.168618000712 0 9 
139 1 0.0 17 17 18 0 40 28 2 8.58480189778e-15 8 0 
139 1 0.0 8 13 12 0 68 73 2 0.290374804759 5 4 
139 1 0.0 4 12 10 0 29 68 1 0.360019557132 0 7 
139 1 0.0 11 10 8 0 44 53 2 0.0935642902452 3 4 
139 1 0.0 7 10 17 0 52 73 2 0.0595663085626 3 6 
139 1 0.0 18 32 19 0 28 43 3 1.11081197168e-43 9 0 
139 1 0.0 10 5 6 0 40 37 2 0.0432731404867 3 2 
139 1 2.0 6 14 13 0 63 70 2 0.0981111597119 4 5 
139 1 2.0 13 19 39 0 55 93 2 0.0570579827107 11 3 
139 1 2.0 9 4 7 0 54 40 2 0.098171175893 4 2 
139 1 2.0 1 14 6 0 24 58 1 0.269260961196 0 6 
139 1 2.0 12 14 15 0 57 68 2 0.0498961445518 4 5 
139 1 2.0 3 23 10 0 61 72 1 1.57777066589e-07 0 9 
139 1 2.0 15 15 9 0 26 32 3 1.7910505335e-09 4 2 
139 1 2.0 2 19 6 0 37 68 1 0.124445849035 0 7 
139 1 2.0 14 13 20 0 74 75 2 0.0693290351203 9 2 
139 1 2.0 16 36 23 0 20 52 3 6.95007144727e-07 8 2 
139 1 2.0 5 15 14 0 53 74 1 0.118706998665 0 9 
139 1 2.0 17 17 18 0 40 28 2 0.0586200534168 8 0 
139 1 2.0 8 13 12 0 68 73 2 0.321616310653 5 4 
139 1 2.0 4 12 10 0 29 68 1 0.290724584797 0 7 
139 1 2.0 11 10 8 0 44 53 2 0.130725282112 3 4 
139 1 2.0 7 10 17 0 52 73 2 0.0449973694405 3 6 
139 1 2.0 18 32 19 0 28 43 3 4.27907225916e-05 9 0 
139 1 2.0 10 5 6 0 40 37 2 0.0599377883052 3 2 
139 2 0.0 6 14 13 0 63 70 2 0.08525789956 4 5 
139 2 0.0 13 19 39 0 55 93 2 1.77926521445e-06 11 3 
139 2 0.0 9 4 7 0 54 40 2 0.085259264601 4 2 
139 2 0.0 1 14 6 0 24 58 1 0.351777247976 0 6 
139 2 0.0 12 14 15 0 57 68 2 0.07283604426 4 5 
139 2 0.0 3 23 10 0 61 72 1 0.00124337025484 0 9 
139 2 0.0 15 15 9 0 26 32 3 2.30176323604e-39 4 2 
139 2 0.0 2 19 6 0 37 68 1 0.193738733841 0 7 
139 2 0.0 14 13 20 0 74 75 2 4.69576672587e-08 9 2 
139 2 0.0 16 36 23 0 20 52 3 3.03327971162e-39 8 2 
139 2 0.0 5 15 14 0 53 74 1 0.168558567137 0 9 
139 2 0.0 17 17 18 0 40 28 2 6.72921300339e-15 8 0 
139 2 0.0 8 13 12 0 68 73 2 0.290258069672 5 4 
139 2 0.0 4 12 10 0 29 68 1 0.359952632321 0 7 
139 2 0.0 11 10 8 0 44 53 2 0.0936682891499 3 4 
139 2 0.0 7 10 17 0 52 73 2 0.0596451469238 3 6 
139 2 0.0 18 32 19 0 28 43 3 2.77914820455e-42 9 0 
139 2 0.0 10 5 6 0 40 37 2 0.043307138069 3 2 
139 2 2.0 6 14 13 0 63 70 2 0.0980929844237 4 5 
139 2 2.0 13 19 39 0 55 93 2 0.0570311966157 11 3 
139 2 2.0 9 4 7 0 54 40 2 0.0982722429015 4 2 
139 2 2.0 1 14 6 0 24 58 1 0.269271573264 0 6 
139 2 2.0 12 14 15 0 57 68 2 0.0498597875026 4 5 
139 2 2.0 3 23 10 0 61 72 1 8.04794082419e-08 0 9 
139 2 2.0 15 15 9 0 26 32 3 6.56717138665e-09 4 2 
139 2 2.0 2 19 6 0 37 68 1 0.124469213312 0 7 
139 2 2.0 14 13 20 0 74 75 2 0.0693226937576 9 2 
139 2 2.0 16 36 23 0 20 52 3 1.11271955667e-05 8 2 
139 2 2.0 5 15 14 0 53 74 1 0.118704743601 0 9 
139 2 2.0 17 17 18 0 40 28 2 0.0586549356332 8 0 
139 2 2.0 8 13 12 0 68 73 2 0.321563210349 5 4 
139 2 2.0 4 12 10 0 29 68 1 0.290757258928 0 7 
139 2 2.0 11 10 8 0 44 53 2 0.130724138421 3 4 
139 2 2.0 7 10 17 0 52 73 2 0.0449436687993 3 6 
139 2 2.0 18 32 19 0 28 43 3 0.000124141818612 9 0 
139 2 2.0 10 5 6 0 40 37 2 0.0599973042699 3 2 
139 3 0.0 6 14 13 0 63 70 2 0.0852492583512 4 5 
139 3 0.0 13 19 39 0 55 93 2 1.07750098886e-06 11 3 
139 3 0.0 9 4 7 0 54 40 2 0.0852536130857 4 2 
139 3 0.0 1 14 6 0 24 58 1 0.351782290829 0 6 
139 3 0.0 12 14 15 0 57 68 2 0.0728525991978 4 5 
139 3 0.0 3 23 10 0 61 72 1 0.00123693224143 0 9 
139 3 0.0 15 15 9 0 26 32 3 1.2019253294e-39 4 2 
139 3 0.0 2 19 6 0 37 68 1 0.193738642918 0 7 
139 3 0.0 14 13 20 0 74 75 2 6.08558459972e-08 9 2 
139 3 0.0 16 36 23 0 20 52 3 1.56387372709e-39 8 2 
139 3 0.0 5 15 14 0 53 74 1 0.168561716789 0 9 
139 3 0.0 17 17 18 0 40 28 2 7.46509010156e-15 8 0 
139 3 0.0 8 13 12 0 68 73 2 0.290263643369 5 4 
139 3 0.0 4 12 10 0 29 68 1 0.359954422957 0 7 
139 3 0.0 11 10 8 0 44 53 2 0.0936640005418 3 4 
139 3 0.0 7 10 17 0 52 73 2 0.059652332782 3 6 
139 3 0.0 18 32 19 0 28 43 3 1.62903877038e-42 9 0 
139 3 0.0 10 5 6 0 40 37 2 0.0432948265415 3 2 
139 3 2.0 6 14 13 0 63 70 2 0.0981045332249 4 5 
139 3 2.0 13 19 39 0 55 93 2 0.0569356760781 11 3 
139 3 2.0 9 4 7 0 54 40 2 0.0981265413217 4 2 
139 3 2.0 1 14 6 0 24 58 1 0.26915513822 0 6 
139 3 2.0 12 14 15 0 57 68 2 0.0497711382231 4 5 
139 3 2.0 3 23 10 0 61 72 1 3.0183203255e-07 0 9 
139 3 2.0 15 15 9 0 26 32 3 1.42120247265e-11 4 2 
139 3 2.0 2 19 6 0 37 68 1 0.1244211774 0 7 
139 3 2.0 14 13 20 0 74 75 2 0.0688770362253 9 2 
139 3 2.0 16 36 23 0 20 52 3 9.56638798701e-07 8 2 
139 3 2.0 5 15 14 0 53 74 1 0.1185446721 0 9 
139 3 2.0 17 17 18 0 40 28 2 0.0582201798427 8 0 
139 3 2.0 8 13 12 0 68 73 2 0.321683488035 5 4 
139 3 2.0 4 12 10 0 29 68 1 0.290563694855 0 7 
139 3 2.0 11 10 8 0 44 53 2 0.130993628177 3 4 
139 3 2.0 7 10 17 0 52 73 2 0.0453862440917 3 6 
139 3 2.0 18 32 19 0 28 43 3 1.41457092762e-05 9 0 
139 3 2.0 10 5 6 0 40 37 2 0.0599655984239 3 2 
139 4 0.0 6 14 13 0 63 70 2 0.0852472034724 4 5 
139 4 0.0 13 19 39 0 55 93 2 3.34048318943e-06 11 3 
139 4 0.0 9 4 7 0 54 40 2 0.0852541720359 4 2 
139 4 0.0 1 14 6 0 24 58 1 0.351826436572 0 6 
139 4 0.0 12 14 15 0 57 68 2 0.072878321249 4 5 
139 4 0.0 3 23 10 0 61 72 1 0.00115914815397 0 9 
139 4 0.0 15 15 9 0 26 32 3 1.39931693628e-39 4 2 
139 4 0.0 2 19 6 0 37 68 1 0.19375262325 0 7 
139 4 0.0 14 13 20 0 74 75 2 4.38683551606e-08 9 2 
139 4 0.0 16 36 23 0 20 52 3 1.21067308151e-39 8 2 
139 4 0.0 5 15 14 0 53 74 1 0.168593351507 0 9 
139 4 0.0 17 17 18 0 40 28 2 1.33814108882e-14 8 0 
139 4 0.0 8 13 12 0 68 73 2 0.290321064426 5 4 
139 4 0.0 4 12 10 0 29 68 1 0.359988140143 0 7 
139 4 0.0 11 10 8 0 44 53 2 0.0936122132673 3 4 
139 4 0.0 7 10 17 0 52 73 2 0.0596121185553 3 6 
139 4 0.0 18 32 19 0 28 43 3 7.15786123904e-43 9 0 
139 4 0.0 10 5 6 0 40 37 2 0.0432784221087 3 2 
139 4 2.0 6 14 13 0 63 70 2 0.0981345653329 4 5 
139 4 2.0 13 19 39 0 55 93 2 0.0569544726047 11 3 
139 4 2.0 9 4 7 0 54 40 2 0.0982210609664 4 2 
139 4 2.0 1 14 6 0 24 58 1 0.269257476326 0 6 
139 4 2.0 12 14 15 0 57 68 2 0.0498877706398 4 5 
139 4 2.0 3 23 10 0 61 72 1 4.21519210016e-07 0 9 
139 4 2.0 15 15 9 0 26 32 3 5.75558327666e-10 4 2 
139 4 2.0 2 19 6 0 37 68 1 0.124435639242 0 7 
139 4 2.0 14 13 20 0 74 75 2 0.0692638363267 9 2 
139 4 2.0 16 36 23 0 20 52 3 7.26152273028e-06 8 2 
139 4 2.0 5 15 14 0 53 74 1 0.118651537103 0 9 
139 4 2.0 17 17 18 0 40 28 2 0.058634914647 8 0 
139 4 2.0 8 13 12 0 68 73 2 0.321633945216 5 4 
139 4 2.0 4 12 10 0 29 68 1 0.29076431607 0 7 
139 4 2.0 11 10 8 0 44 53 2 0.130722376139 3 4 
139 4 2.0 7 10 17 0 52 73 2 0.0449607943822 3 6 
139 4 2.0 18 32 19 0 28 43 3 5.66404368927e-05 9 0 
139 4 2.0 10 5 6 0 40 37 2 0.0599870729385 3 2 
139 5 0.0 6 14 13 0 63 70 2 0.0852511780655 4 5 
139 5 0.0 13 19 39 0 55 93 2 4.74765901161e-06 11 3 
139 5 0.0 9 4 7 0 54 40 2 0.0852562512655 4 2 
139 5 0.0 1 14 6 0 24 58 1 0.351859999152 0 6 
139 5 0.0 12 14 15 0 57 68 2 0.0728912519686 4 5 
139 5 0.0 3 23 10 0 61 72 1 0.0010988846167 0 9 
139 5 0.0 15 15 9 0 26 32 3 8.84805685314e-40 4 2 
139 5 0.0 2 19 6 0 37 68 1 0.193763956882 0 7 
139 5 0.0 14 13 20 0 74 75 2 1.37107439512e-08 9 2 
139 5 0.0 16 36 23 0 20 52 3 4.62765964889e-40 8 2 
139 5 0.0 5 15 14 0 53 74 1 0.168617115661 0 9 
139 5 0.0 17 17 18 0 40 28 2 8.90724215139e-15 8 0 
139 5 0.0 8 13 12 0 68 73 2 0.290365627364 5 4 
139 5 0.0 4 12 10 0 29 68 1 0.360014842229 0 7 
139 5 0.0 11 10 8 0 44 53 2 0.0935718796206 3 4 
139 5 0.0 7 10 17 0 52 73 2 0.0595755816581 3 6 
139 5 0.0 18 32 19 0 28 43 3 7.01631963224e-43 9 0 
139 5 0.0 10 5 6 0 40 37 2 0.0432712180766 3 2 
139 5 2.0 6 14 13 0 63 70 2 0.0981150101642 4 5 
139 5 2.0 13 19 39 0 55 93 2 0.0569445943308 11 3 
139 5 2.0 9 4 7 0 54 40 2 0.0982922671415 4 2 
139 5 2.0 1 14 6 0 24 58 1 0.269277954783 0 6 
139 5 2.0 12 14 15 0 57 68 2 0.0498877138621 4 5 
139 5 2.0 3 23 10 0 61 72 1 2.94310814048e-07 0 9 
139 5 2.0 15 15 9 0 26 32 3 3.28377754256e-10 4 2 
139 5 2.0 2 19 6 0 37 68 1 0.124449198186 0 7 
139 5 2.0 14 13 20 0 74 75 2 0.0693013214836 9 2 
139 5 2.0 16 36 23 0 20 52 3 3.44635060541e-06 8 2 
139 5 2.0 5 15 14 0 53 74 1 0.11866052554 0 9 
139 5 2.0 17 17 18 0 40 28 2 0.0586831444365 8 0 
139 5 2.0 8 13 12 0 68 73 2 0.321606180457 5 4 
139 5 2.0 4 12 10 0 29 68 1 0.290800307841 0 7 
139 5 2.0 11 10 8 0 44 53 2 0.130688391644 3 4 
139 5 2.0 7 10 17 0 52 73 2 0.0448942119807 3 6 
139 5 2.0 18 32 19 0 28 43 3 0.000126436756854 9 0 
139 5 2.0 10 5 6 0 40 37 2 0.0600152317381 3 2 
139 6 0.0 6 14 13 0 63 70 2 0.0852595552081 4 5 
139 6 0.0 13 19 39 0 55 93 2 1.02756854749e-06 11 3 
139 6 0.0 9 4 7 0 54 40 2 0.0852640770941 4 2 
139 6 0.0 1 14 6 0 24 58 1 0.351876573389 0 6 
139 6 0.0 12 14 15 0 57 68 2 0.0728874121924 4 5 
139 6 0.0 3 23 10 0 61 72 1 0.00106833379637 0 9 
139 6 0.0 15 15 9 0 26 32 3 2.68935005019e-40 4 2 
139 6 0.0 2 19 6 0 37 68 1 0.193769769327 0 7 
139 6 0.0 14 13 20 0 74 75 2 3.72731205933e-08 9 2 
139 6 0.0 16 36 23 0 20 52 3 9.65741297861e-41 8 2 
139 6 0.0 5 15 14 0 53 74 1 0.168625629905 0 9 
139 6 0.0 17 17 18 0 40 28 2 1.12445474683e-14 8 0 
139 6 0.0 8 13 12 0 68 73 2 0.290391708154 5 4 
139 6 0.0 4 12 10 0 29 68 1 0.360030056605 0 7 
139 6 0.0 11 10 8 0 44 53 2 0.0935490423205 3 4 
139 6 0.0 7 10 17 0 52 73 2 0.0595464388558 3 6 
139 6 0.0 18 32 19 0 28 43 3 2.0502150686e-43 9 0 
139 6 0.0 10 5 6 0 40 37 2 0.0432769938937 3 2 
139 6 2.0 6 14 13 0 63 70 2 0.0981205703718 4 5 
139 6 2.0 13 19 39 0 55 93 2 0.0569572778506 11 3 
139 6 2.0 9 4 7 0 54 40 2 0.0981598791674 4 2 
139 6 2.0 1 14 6 0 24 58 1 0.269220748523 0 6 
139 6 2.0 12 14 15 0 57 68 2 0.0498689868463 4 5 
139 6 2.0 3 23 10 0 61 72 1 8.78984017432e-07 0 9 
139 6 2.0 15 15 9 0 26 32 3 3.68790232348e-10 4 2 
139 6 2.0 2 19 6 0 37 68 1 0.124421781554 0 7 
139 6 2.0 14 13 20 0 74 75 2 0.0691204664141 9 2 
139 6 2.0 16 36 23 0 20 52 3 3.7344533726e-06 8 2 
139 6 2.0 5 15 14 0 53 74 1 0.11860943353 0 9 
139 6 2.0 17 17 18 0 40 28 2 0.058470777653 8 0 
139 6 2.0 8 13 12 0 68 73 2 0.32167136725 5 4 
139 6 2.0 4 12 10 0 29 68 1 0.290688022995 0 7 
139 6 2.0 11 10 8 0 44 53 2 0.130814467888 3 4 
139 6 2.0 7 10 17 0 52 73 2 0.0451329606622 3 6 
139 6 2.0 18 32 19 0 28 43 3 2.4171602972e-05 9 0 
139 6 2.0 10 5 6 0 40 37 2 0.0599563185946 3 2 
139 7 0.0 6 14 13 0 63 70 2 0.0852477610187 4 5 
139 7 0.0 13 19 39 0 55 93 2 1.4617685624e-06 11 3 
139 7 0.0 9 4 7 0 54 40 2 0.0852548651197 4 2 
139 7 0.0 1 14 6 0 24 58 1 0.351809933401 0 6 
139 7 0.0 12 14 15 0 57 68 2 0.0728687751177 4 5 
139 7 0.0 3 23 10 0 61 72 1 0.00118853019912 0 9 
139 7 0.0 15 15 9 0 26 32 3 2.0224006678e-39 4 2 
139 7 0.0 2 19 6 0 37 68 1 0.193747040312 0 7 
139 7 0.0 14 13 20 0 74 75 2 5.96535874963e-08 9 2 
139 7 0.0 16 36 23 0 20 52 3 1.68168772495e-40 8 2 
139 7 0.0 5 15 14 0 53 74 1 0.168580641696 0 9 
139 7 0.0 17 17 18 0 40 28 2 9.45669288035e-15 8 0 
139 7 0.0 8 13 12 0 68 73 2 0.290300449254 5 4 
139 7 0.0 4 12 10 0 29 68 1 0.359975714203 0 7 
139 7 0.0 11 10 8 0 44 53 2 0.0936310082026 3 4 
139 7 0.0 7 10 17 0 52 73 2 0.0596264421093 3 6 
139 7 0.0 18 32 19 0 28 43 3 2.03393931596e-43 9 0 
139 7 0.0 10 5 6 0 40 37 2 0.0432849144793 3 2 
139 7 2.0 6 14 13 0 63 70 2 0.0981031374347 4 5 
139 7 2.0 13 19 39 0 55 93 2 0.0570936169322 11 3 
139 7 2.0 9 4 7 0 54 40 2 0.0981597951473 4 2 
139 7 2.0 1 14 6 0 24 58 1 0.2692550524 0 6 
139 7 2.0 12 14 15 0 57 68 2 0.0498780698003 4 5 
139 7 2.0 3 23 10 0 61 72 1 1.13319020983e-07 0 9 
139 7 2.0 15 15 9 0 26 32 3 1.51176936999e-09 4 2 
139 7 2.0 2 19 6 0 37 68 1 0.124453873708 0 7 
139 7 2.0 14 13 20 0 74 75 2 0.0693320623313 9 2 
139 7 2.0 16 36 23 0 20 52 3 7.86124712889e-07 8 2 
139 7 2.0 5 15 14 0 53 74 1 0.118724439582 0 9 
139 7 2.0 17 17 18 0 40 28 2 0.0585985626355 8 0 
139 7 2.0 8 13 12 0 68 73 2 0.321599892703 5 4 
139 7 2.0 4 12 10 0 29 68 1 0.290699235429 0 7 
139 7 2.0 11 10 8 0 44 53 2 0.130747666663 3 4 
139 7 2.0 7 10 17 0 52 73 2 0.0450272528688 3 6 
139 7 2.0 18 32 19 0 28 43 3 4.01988390426e-05 9 0 
139 7 2.0 10 5 6 0 40 37 2 0.0599306830258 3 2 
139 8 0.0 6 14 13 0 63 70 2 0.0852700962155 4 5 
139 8 0.0 13 19 39 0 55 93 2 2.61430530804e-06 11 3 
139 8 0.0 9 4 7 0 54 40 2 0.0852741159813 4 2 
139 8 0.0 1 14 6 0 24 58 1 0.351679417448 0 6 
139 8 0.0 12 14 15 0 57 68 2 0.0727533606028 4 5 
139 8 0.0 3 23 10 0 61 72 1 0.00140963232051 0 9 
139 8 0.0 15 15 9 0 26 32 3 2.41338375422e-40 4 2 
139 8 0.0 2 19 6 0 37 68 1 0.193712135594 0 7 
139 8 0.0 14 13 20 0 74 75 2 4.53006335216e-08 9 2 
139 8 0.0 16 36 23 0 20 52 3 2.1316384088e-40 8 2 
139 8 0.0 5 15 14 0 53 74 1 0.16849260903 0 9 
139 8 0.0 17 17 18 0 40 28 2 1.15064671399e-14 8 0 
139 8 0.0 8 13 12 0 68 73 2 0.290129426281 5 4 
139 8 0.0 4 12 10 0 29 68 1 0.359881091173 0 7 
139 8 0.0 11 10 8 0 44 53 2 0.0937820372586 3 4 
139 8 0.0 7 10 17 0 52 73 2 0.059714823729 3 6 
139 8 0.0 18 32 19 0 28 43 3 2.50041017712e-43 9 0 
139 8 0.0 10 5 6 0 40 37 2 0.043361558887 3 2 
139 8 2.0 6 14 13 0 63 70 2 0.0980617814512 4 5 
139 8 2.0 13 19 39 0 55 93 2 0.0567903788925 11 3 
139 8 2.0 9 4 7 0 54 40 2 0.098526524344 4 2 
139 8 2.0 1 14 6 0 24 58 1 0.269291496923 0 6 
139 8 2.0 12 14 15 0 57 68 2 0.0498462979983 4 5 
139 8 2.0 3 23 10 0 61 72 1 8.64504743059e-08 0 9 
139 8 2.0 15 15 9 0 26 32 3 5.28016707174e-08 4 2 
139 8 2.0 2 19 6 0 37 68 1 0.124473887283 0 7 
139 8 2.0 14 13 20 0 74 75 2 0.0691449172052 9 2 
139 8 2.0 16 36 23 0 20 52 3 1.74210578465e-05 8 2 
139 8 2.0 5 15 14 0 53 74 1 0.118568096294 0 9 
139 8 2.0 17 17 18 0 40 28 2 0.0586784233874 8 0 
139 8 2.0 8 13 12 0 68 73 2 0.321543098141 5 4 
139 8 2.0 4 12 10 0 29 68 1 0.290888684643 0 7 
139 8 2.0 11 10 8 0 44 53 2 0.130705288087 3 4 
139 8 2.0 7 10 17 0 52 73 2 0.0448430694655 3 6 
139 8 2.0 18 32 19 0 28 43 3 0.000330851842136 9 0 
139 8 2.0 10 5 6 0 40 37 2 0.0601459203368 3 2 
139 9 0.0 6 14 13 0 63 70 2 0.085240329782 4 5 
139 9 0.0 13 19 39 0 55 93 2 1.92550579007e-06 11 3 
139 9 0.0 9 4 7 0 54 40 2 0.0852515164078 4 2 
139 9 0.0 1 14 6 0 24 58 1 0.351838516957 0 6 
139 9 0.0 12 14 15 0 57 68 2 0.0728951109556 4 5 
139 9 0.0 3 23 10 0 61 72 1 0.00114014640278 0 9 
139 9 0.0 15 15 9 0 26 32 3 4.44122034377e-39 4 2 
139 9 0.0 2 19 6 0 37 68 1 0.193754777942 0 7 
139 9 0.0 14 13 20 0 74 75 2 9.65276386613e-08 9 2 
139 9 0.0 16 36 23 0 20 52 3 7.75467470917e-40 8 2 
139 9 0.0 5 15 14 0 53 74 1 0.168600491663 0 9 
139 9 0.0 17 17 18 0 40 28 2 1.03353574553e-14 8 0 
139 9 0.0 8 13 12 0 68 73 2 0.290337147269 5 4 
139 9 0.0 4 12 10 0 29 68 1 0.359996147786 0 7 
139 9 0.0 11 10 8 0 44 53 2 0.0935985111782 3 4 
139 9 0.0 7 10 17 0 52 73 2 0.0596085941378 3 6 
139 9 0.0 18 32 19 0 28 43 3 7.99141529249e-43 9 0 
139 9 0.0 10 5 6 0 40 37 2 0.0432670028733 3 2 
139 9 2.0 6 14 13 0 63 70 2 0.0980683306478 4 5 
139 9 2.0 13 19 39 0 55 93 2 0.0567810646412 11 3 
139 9 2.0 9 4 7 0 54 40 2 0.0984799098936 4 2 
139 9 2.0 1 14 6 0 24 58 1 0.269275433426 0 6 
139 9 2.0 12 14 15 0 57 68 2 0.0498482578952 4 5 
139 9 2.0 3 23 10 0 61 72 1 4.19089502105e-07 0 9 
139 9 2.0 15 15 9 0 26 32 3 1.78454003519e-09 4 2 
139 9 2.0 2 19 6 0 37 68 1 0.124466917885 0 7 
139 9 2.0 14 13 20 0 74 75 2 0.0691071225326 9 2 
139 9 2.0 16 36 23 0 20 52 3 4.92875072029e-05 8 2 
139 9 2.0 5 15 14 0 53 74 1 0.118554426414 0 9 
139 9 2.0 17 17 18 0 40 28 2 0.058638292383 8 0 
139 9 2.0 8 13 12 0 68 73 2 0.321557781106 5 4 
139 9 2.0 4 12 10 0 29 68 1 0.290860120025 0 7 
139 9 2.0 11 10 8 0 44 53 2 0.130739038857 3 4 
139 9 2.0 7 10 17 0 52 73 2 0.0449054816642 3 6 
139 9 2.0 18 32 19 0 28 43 3 0.000261072461225 9 0 
139 9 2.0 10 5 6 0 40 37 2 0.0601259657793 3 2 
139 10 0.0 6 14 13 0 63 70 2 0.0852445989298 4 5 
139 10 0.0 13 19 39 0 55 93 2 4.96350169784e-06 11 3 
139 10 0.0 9 4 7 0 54 40 2 0.0852620293826 4 2 
139 10 0.0 1 14 6 0 24 58 1 0.351769227803 0 6 
139 10 0.0 12 14 15 0 57 68 2 0.0728398310045 4 5 
139 10 0.0 3 23 10 0 61 72 1 0.00125806944184 0 9 
139 10 0.0 15 15 9 0 26 32 3 5.38543567344e-41 4 2 
139 10 0.0 2 19 6 0 37 68 1 0.193735934433 0 7 
139 10 0.0 14 13 20 0 74 75 2 8.71853632482e-08 9 2 
139 10 0.0 16 36 23 0 20 52 3 8.61560259019e-41 8 2 
139 10 0.0 5 15 14 0 53 74 1 0.168555417014 0 9 
139 10 0.0 17 17 18 0 40 28 2 6.7757422161e-15 8 0 
139 10 0.0 8 13 12 0 68 73 2 0.290244449779 5 4 
139 10 0.0 4 12 10 0 29 68 1 0.359944815247 0 7 
139 10 0.0 11 10 8 0 44 53 2 0.0936799432549 3 4 
139 10 0.0 7 10 17 0 52 73 2 0.0596614329133 3 6 
139 10 0.0 18 32 19 0 28 43 3 7.82449577566e-44 9 0 
139 10 0.0 10 5 6 0 40 37 2 0.0433024339746 3 2 
139 10 2.0 6 14 13 0 63 70 2 0.098125131698 4 5 
139 10 2.0 13 19 39 0 55 93 2 0.0567700659127 11 3 
139 10 2.0 9 4 7 0 54 40 2 0.09816572253 4 2 
139 10 2.0 1 14 6 0 24 58 1 0.26917138989 0 6 
139 10 2.0 12 14 15 0 57 68 2 0.0498388690736 4 5 
139 10 2.0 3 23 10 0 61 72 1 1.70527679932e-06 0 9 
139 10 2.0 15 15 9 0 26 32 3 8.52669805788e-11 4 2 
139 10 2.0 2 19 6 0 37 68 1 0.124382022789 0 7 
139 10 2.0 14 13 20 0 74 75 2 0.068813410232 9 2 
139 10 2.0 16 36 23 0 20 52 3 1.51290338614e-06 8 2 
139 10 2.0 5 15 14 0 53 74 1 0.118449669946 0 9 
139 10 2.0 17 17 18 0 40 28 2 0.058230081294 8 0 
139 10 2.0 8 13 12 0 68 73 2 0.321782806362 5 4 
139 10 2.0 4 12 10 0 29 68 1 0.290635099252 0 7 
139 10 2.0 11 10 8 0 44 53 2 0.130926495834 3 4 
139 10 2.0 7 10 17 0 52 73 2 0.0453260107908 3 6 
139 10 2.0 18 32 19 0 28 43 3 2.71132047282e-05 9 0 
139 10 2.0 10 5 6 0 40 37 2 0.0599861205571 3 2 
139 11 0.0 6 14 13 0 63 70 2 0.0852478316426 4 5 
139 11 0.0 13 19 39 0 55 93 2 1.89838579765e-06 11 3 
139 11 0.0 9 4 7 0 54 40 2 0.0852555089199 4 2 
139 11 0.0 1 14 6 0 24 58 1 0.35181801772 0 6 
139 11 0.0 12 14 15 0 57 68 2 0.0728724735229 4 5 
139 11 0.0 3 23 10 0 61 72 1 0.00117416118316 0 9 
139 11 0.0 15 15 9 0 26 32 3 1.43317519699e-39 4 2 
139 11 0.0 2 19 6 0 37 68 1 0.193749756794 0 7 
139 11 0.0 14 13 20 0 74 75 2 6.14798230908e-08 9 2 
139 11 0.0 16 36 23 0 20 52 3 2.94281152493e-40 8 2 
139 11 0.0 5 15 14 0 53 74 1 0.168586472938 0 9 
139 11 0.0 17 17 18 0 40 28 2 1.06915614213e-14 8 0 
139 11 0.0 8 13 12 0 68 73 2 0.290310977046 5 4 
139 11 0.0 4 12 10 0 29 68 1 0.359982026577 0 7 
139 11 0.0 11 10 8 0 44 53 2 0.093621478715 3 4 
139 11 0.0 7 10 17 0 52 73 2 0.0596183012842 3 6 
139 11 0.0 18 32 19 0 28 43 3 1.01045899037e-42 9 0 
139 11 0.0 10 5 6 0 40 37 2 0.0432826661244 3 2 
139 11 2.0 6 14 13 0 63 70 2 0.0981550118545 4 5 
139 11 2.0 13 19 39 0 55 93 2 0.056926216071 11 3 
139 11 2.0 9 4 7 0 54 40 2 0.098238101761 4 2 
139 11 2.0 1 14 6 0 24 58 1 0.269269319827 0 6 
139 11 2.0 12 14 15 0 57 68 2 0.0498965732237 4 5 
139 11 2.0 3 23 10 0 61 72 1 1.83544157452e-07 0 9 
139 11 2.0 15 15 9 0 26 32 3 9.68617800151e-10 4 2 
139 11 2.0 2 19 6 0 37 68 1 0.124431698617 0 7 
139 11 2.0 14 13 20 0 74 75 2 0.0693068849519 9 2 
139 11 2.0 16 36 23 0 20 52 3 2.38559887041e-06 8 2 
139 11 2.0 5 15 14 0 53 74 1 0.118652892548 0 9 
139 11 2.0 17 17 18 0 40 28 2 0.0586935257403 8 0 
139 11 2.0 8 13 12 0 68 73 2 0.321644432222 5 4 
139 11 2.0 4 12 10 0 29 68 1 0.29079635859 0 7 
139 11 2.0 11 10 8 0 44 53 2 0.130681482956 3 4 
139 11 2.0 7 10 17 0 52 73 2 0.0448884616029 3 6 
139 11 2.0 18 32 19 0 28 43 3 5.84352529004e-05 9 0 
139 11 2.0 10 5 6 0 40 37 2 0.0600027632508 3 2 
139 12 0.0 6 14 13 0 63 70 2 0.0852708054869 4 5 
139 12 0.0 13 19 39 0 55 93 2 2.82906147274e-06 11 3 
139 12 0.0 9 4 7 0 54 40 2 0.0852726152267 4 2 
139 12 0.0 1 14 6 0 24 58 1 0.351820707704 0 6 
139 12 0.0 12 14 15 0 57 68 2 0.0728364083024 4 5 
139 12 0.0 3 23 10 0 61 72 1 0.00116329041656 0 9 
139 12 0.0 15 15 9 0 26 32 3 6.67003211618e-40 4 2 
139 12 0.0 2 19 6 0 37 68 1 0.193754798479 0 7 
139 12 0.0 14 13 20 0 74 75 2 5.11138014049e-08 9 2 
139 12 0.0 16 36 23 0 20 52 3 9.73400336148e-40 8 2 
139 12 0.0 5 15 14 0 53 74 1 0.168588250232 0 9 
139 12 0.0 17 17 18 0 40 28 2 1.70729719548e-14 8 0 
139 12 0.0 8 13 12 0 68 73 2 0.290318512174 5 4 
139 12 0.0 4 12 10 0 29 68 1 0.359990047981 0 7 
139 12 0.0 11 10 8 0 44 53 2 0.0936131080483 3 4 
139 12 0.0 7 10 17 0 52 73 2 0.0595823029973 3 6 
139 12 0.0 18 32 19 0 28 43 3 8.12630713613e-43 9 0 
139 12 0.0 10 5 6 0 40 37 2 0.0433111600957 3 2 
139 12 2.0 6 14 13 0 63 70 2 0.0981151965203 4 5 
139 12 2.0 13 19 39 0 55 93 2 0.0569459433888 11 3 
139 12 2.0 9 4 7 0 54 40 2 0.0982032285819 4 2 
139 12 2.0 1 14 6 0 24 58 1 0.269224186705 0 6 
139 12 2.0 12 14 15 0 57 68 2 0.0498503486158 4 5 
139 12 2.0 3 23 10 0 61 72 1 6.1407687263e-07 0 9 
139 12 2.0 15 15 9 0 26 32 3 1.48900746731e-09 4 2 
139 12 2.0 2 19 6 0 37 68 1 0.124432706796 0 7 
139 12 2.0 14 13 20 0 74 75 2 0.0691208129952 9 2 
139 12 2.0 16 36 23 0 20 52 3 3.79629036855e-06 8 2 
139 12 2.0 5 15 14 0 53 74 1 0.118610364649 0 9 
139 12 2.0 17 17 18 0 40 28 2 0.0584916593737 8 0 
139 12 2.0 8 13 12 0 68 73 2 0.321642797897 5 4 
139 12 2.0 4 12 10 0 29 68 1 0.290702555428 0 7 
139 12 2.0 11 10 8 0 44 53 2 0.130816273321 3 4 
139 12 2.0 7 10 17 0 52 73 2 0.0451073744858 3 6 
139 12 2.0 18 32 19 0 28 43 3 6.10979736834e-05 9 0 
139 12 2.0 10 5 6 0 40 37 2 0.0599838197222 3 2 
139 13 0.0 6 14 13 0 63 70 2 0.0852630341116 4 5 
139 13 0.0 13 19 39 0 55 93 2 2.71381473943e-06 11 3 
139 13 0.0 9 4 7 0 54 40 2 0.0852725316283 4 2 
139 13 0.0 1 14 6 0 24 58 1 0.351702348578 0 6 
139 13 0.0 12 14 15 0 57 68 2 0.0727746235855 4 5 
139 13 0.0 3 23 10 0 61 72 1 0.00137074818624 0 9 
139 13 0.0 15 15 9 0 26 32 3 3.07874605809e-41 4 2 
139 13 0.0 2 19 6 0 37 68 1 0.193718311591 0 7 
139 13 0.0 14 13 20 0 74 75 2 5.06404876381e-08 9 2 
139 13 0.0 16 36 23 0 20 52 3 2.32018409409e-40 8 2 
139 13 0.0 5 15 14 0 53 74 1 0.1685084536 0 9 
139 13 0.0 17 17 18 0 40 28 2 1.25923765558e-14 8 0 
139 13 0.0 8 13 12 0 68 73 2 0.290159125318 5 4 
139 13 0.0 4 12 10 0 29 68 1 0.359897441425 0 7 
139 13 0.0 11 10 8 0 44 53 2 0.0937558177376 3 4 
139 13 0.0 7 10 17 0 52 73 2 0.0597004405806 3 6 
139 13 0.0 18 32 19 0 28 43 3 1.29437333031e-43 9 0 
139 13 0.0 10 5 6 0 40 37 2 0.0433471592276 3 2 
139 13 2.0 6 14 13 0 63 70 2 0.0981102869821 4 5 
139 13 2.0 13 19 39 0 55 93 2 0.0569102039277 11 3 
139 13 2.0 9 4 7 0 54 40 2 0.0983066113688 4 2 
139 13 2.0 1 14 6 0 24 58 1 0.269263634996 0 6 
139 13 2.0 12 14 15 0 57 68 2 0.0498691033634 4 5 
139 13 2.0 3 23 10 0 61 72 1 2.45728209794e-07 0 9 
139 13 2.0 15 15 9 0 26 32 3 5.92085015717e-09 4 2 
139 13 2.0 2 19 6 0 37 68 1 0.124447928157 0 7 
139 13 2.0 14 13 20 0 74 75 2 0.0692194803037 9 2 
139 13 2.0 16 36 23 0 20 52 3 5.71980524198e-06 8 2 
139 13 2.0 5 15 14 0 53 74 1 0.11862680377 0 9 
139 13 2.0 17 17 18 0 40 28 2 0.0586310887034 8 0 
139 13 2.0 8 13 12 0 68 73 2 0.321605088874 5 4 
139 13 2.0 4 12 10 0 29 68 1 0.290789776746 0 7 
139 13 2.0 11 10 8 0 44 53 2 0.13072949906 3 4 
139 13 2.0 7 10 17 0 52 73 2 0.0449447119514 3 6 
139 13 2.0 18 32 19 0 28 43 3 0.000140848043569 9 0 
139 13 2.0 10 5 6 0 40 37 2 0.0600315473403 3 2 
139 14 0.0 6 14 13 0 63 70 2 0.0852482890756 4 5 
139 14 0.0 13 19 39 0 55 93 2 2.65257844091e-06 11 3 
139 14 0.0 9 4 7 0 54 40 2 0.0852559362902 4 2 
139 14 0.0 1 14 6 0 24 58 1 0.351805959095 0 6 
139 14 0.0 12 14 15 0 57 68 2 0.072864562067 4 5 
139 14 0.0 3 23 10 0 61 72 1 0.00119513606132 0 9 
139 14 0.0 15 15 9 0 26 32 3 6.85012926691e-40 4 2 
139 14 0.0 2 19 6 0 37 68 1 0.19374619574 0 7 
139 14 0.0 14 13 20 0 74 75 2 6.81785701276e-08 9 2 
139 14 0.0 16 36 23 0 20 52 3 1.24825780937e-40 8 2 
139 14 0.0 5 15 14 0 53 74 1 0.168578610714 0 9 
139 14 0.0 17 17 18 0 40 28 2 7.54138810007e-15 8 0 
139 14 0.0 8 13 12 0 68 73 2 0.290294654927 5 4 
139 14 0.0 4 12 10 0 29 68 1 0.359972923207 0 7 
139 14 0.0 11 10 8 0 44 53 2 0.0936357766613 3 4 
139 14 0.0 7 10 17 0 52 73 2 0.0596288389541 3 6 
139 14 0.0 18 32 19 0 28 43 3 2.55441537428e-43 9 0 
139 14 0.0 10 5 6 0 40 37 2 0.0432875537632 3 2 
139 14 2.0 6 14 13 0 63 70 2 0.098112750452 4 5 
139 14 2.0 13 19 39 0 55 93 2 0.0569375309498 11 3 
139 14 2.0 9 4 7 0 54 40 2 0.09822367 4 2 
139 14 2.0 1 14 6 0 24 58 1 0.269231936219 0 6 
139 14 2.0 12 14 15 0 57 68 2 0.0498571230565 4 5 
139 14 2.0 3 23 10 0 61 72 1 3.14932645134e-07 0 9 
139 14 2.0 15 15 9 0 26 32 3 1.29690588725e-09 4 2 
139 14 2.0 2 19 6 0 37 68 1 0.124435575869 0 7 
139 14 2.0 14 13 20 0 74 75 2 0.0691368244697 9 2 
139 14 2.0 16 36 23 0 20 52 3 4.9124581591e-06 8 2 
139 14 2.0 5 15 14 0 53 74 1 0.11861181408 0 9 
139 14 2.0 17 17 18 0 40 28 2 0.0585196122503 8 0 
139 14 2.0 8 13 12 0 68 73 2 0.321633677707 5 4 
139 14 2.0 4 12 10 0 29 68 1 0.290721736379 0 7 
139 14 2.0 11 10 8 0 44 53 2 0.130799889074 3 4 
139 14 2.0 7 10 17 0 52 73 2 0.0450773941766 3 6 
139 14 2.0 18 32 19 0 28 43 3 7.76600749096e-05 9 0 
139 14 2.0 10 5 6 0 40 37 2 0.0599922941521 3 2 
139 15 0.0 6 14 13 0 63 70 2 0.0852466629895 4 5 
139 15 0.0 13 19 39 0 55 93 2 2.71164463853e-06 11 3 
139 15 0.0 9 4 7 0 54 40 2 0.0852500490176 4 2 
139 15 0.0 1 14 6 0 24 58 1 0.351843134192 0 6 
139 15 0.0 12 14 15 0 57 68 2 0.0728925076891 4 5 
139 15 0.0 3 23 10 0 61 72 1 0.0011307143169 0 9 
139 15 0.0 15 15 9 0 26 32 3 1.16747034884e-38 4 2 
139 15 0.0 2 19 6 0 37 68 1 0.193757139085 0 7 
139 15 0.0 14 13 20 0 74 75 2 4.82234029445e-08 9 2 
139 15 0.0 16 36 23 0 20 52 3 3.8909729846e-39 8 2 
139 15 0.0 5 15 14 0 53 74 1 0.168604376387 0 9 
139 15 0.0 17 17 18 0 40 28 2 6.09308603365e-15 8 0 
139 15 0.0 8 13 12 0 68 73 2 0.290343164207 5 4 
139 15 0.0 4 12 10 0 29 68 1 0.360000307134 0 7 
139 15 0.0 11 10 8 0 44 53 2 0.0935928104958 3 4 
139 15 0.0 7 10 17 0 52 73 2 0.0596003129139 3 6 
139 15 0.0 18 32 19 0 28 43 3 1.24942862253e-42 9 0 
139 15 0.0 10 5 6 0 40 37 2 0.0432691074015 3 2 
139 15 2.0 6 14 13 0 63 70 2 0.0980343739498 4 5 
139 15 2.0 13 19 39 0 55 93 2 0.0569194371125 11 3 
139 15 2.0 9 4 7 0 54 40 2 0.0984969655571 4 2 
139 15 2.0 1 14 6 0 24 58 1 0.269317454168 0 6 
139 15 2.0 12 14 15 0 57 68 2 0.0498570554166 4 5 
139 15 2.0 3 23 10 0 61 72 1 2.04924709217e-08 0 9 
139 15 2.0 15 15 9 0 26 32 3 6.63063097703e-07 4 2 
139 15 2.0 2 19 6 0 37 68 1 0.12450560745 0 7 
139 15 2.0 14 13 20 0 74 75 2 0.0693269013031 9 2 
139 15 2.0 16 36 23 0 20 52 3 7.70595413272e-05 8 2 
139 15 2.0 5 15 14 0 53 74 1 0.118673680376 0 9 
139 15 2.0 17 17 18 0 40 28 2 0.0587535286734 8 0 
139 15 2.0 8 13 12 0 68 73 2 0.321493467368 5 4 
139 15 2.0 4 12 10 0 29 68 1 0.290865934818 0 7 
139 15 2.0 11 10 8 0 44 53 2 0.130663383227 3 4 
139 15 2.0 7 10 17 0 52 73 2 0.0447995205466 3 6 
139 15 2.0 18 32 19 0 28 43 3 0.000273062055813 9 0 
139 15 2.0 10 5 6 0 40 37 2 0.0601005497749 3 2 
139 16 0.0 6 14 13 0 63 70 2 0.0852607353638 4 5 
139 16 0.0 13 19 39 0 55 93 2 1.62336200329e-06 11 3 
139 16 0.0 9 4 7 0 54 40 2 0.0852654614102 4 2 
139 16 0.0 1 14 6 0 24 58 1 0.351781816244 0 6 
139 16 0.0 12 14 15 0 57 68 2 0.0728308068783 4 5 
139 16 0.0 3 23 10 0 61 72 1 0.00123449077642 0 9 
139 16 0.0 15 15 9 0 26 32 3 2.48583205695e-40 4 2 
139 16 0.0 2 19 6 0 37 68 1 0.193740684122 0 7 
139 16 0.0 14 13 20 0 74 75 2 6.16114956811e-08 9 2 
139 16 0.0 16 36 23 0 20 52 3 1.17150255132e-40 8 2 
139 16 0.0 5 15 14 0 53 74 1 0.16856106173 0 9 
139 16 0.0 17 17 18 0 40 28 2 1.25526876734e-14 8 0 
139 16 0.0 8 13 12 0 68 73 2 0.290265524006 5 4 
139 16 0.0 4 12 10 0 29 68 1 0.359957639013 0 7 
139 16 0.0 11 10 8 0 44 53 2 0.0936612748722 3 4 
139 16 0.0 7 10 17 0 52 73 2 0.0596331500171 3 6 
139 16 0.0 18 32 19 0 28 43 3 3.9322453276e-43 9 0 
139 16 0.0 10 5 6 0 40 37 2 0.0433120301231 3 2 
139 16 2.0 6 14 13 0 63 70 2 0.0981130068658 4 5 
139 16 2.0 13 19 39 0 55 93 2 0.0569612585717 11 3 
139 16 2.0 9 4 7 0 54 40 2 0.0982172995893 4 2 
139 16 2.0 1 14 6 0 24 58 1 0.269235501857 0 6 
139 16 2.0 12 14 15 0 57 68 2 0.0498540774405 4 5 
139 16 2.0 3 23 10 0 61 72 1 5.11659087301e-07 0 9 
139 16 2.0 15 15 9 0 26 32 3 1.4095122948e-10 4 2 
139 16 2.0 2 19 6 0 37 68 1 0.124439960816 0 7 
139 16 2.0 14 13 20 0 74 75 2 0.0691730791691 9 2 
139 16 2.0 16 36 23 0 20 52 3 4.37762085793e-06 8 2 
139 16 2.0 5 15 14 0 53 74 1 0.118632074501 0 9 
139 16 2.0 17 17 18 0 40 28 2 0.0585345999721 8 0 
139 16 2.0 8 13 12 0 68 73 2 0.321626600621 5 4 
139 16 2.0 4 12 10 0 29 68 1 0.290716398342 0 7 
139 16 2.0 11 10 8 0 44 53 2 0.130791996135 3 4 
139 16 2.0 7 10 17 0 52 73 2 0.0450647889512 3 6 
139 16 2.0 18 32 19 0 28 43 3 7.22297985699e-05 9 0 
139 16 2.0 10 5 6 0 40 37 2 0.0599865845482 3 2 
139 17 0.0 6 14 13 0 63 70 2 0.0852579735606 4 5 
139 17 0.0 13 19 39 0 55 93 2 3.58631953662e-07 11 3 
139 17 0.0 9 4 7 0 54 40 2 0.0852640976546 4 2 
139 17 0.0 1 14 6 0 24 58 1 0.3518301844 0 6 
139 17 0.0 12 14 15 0 57 68 2 0.0728628004163 4 5 
139 17 0.0 3 23 10 0 61 72 1 0.00115047510503 0 9 
139 17 0.0 15 15 9 0 26 32 3 1.51018975561e-40 4 2 
139 17 0.0 2 19 6 0 37 68 1 0.193754999812 0 7 
139 17 0.0 14 13 20 0 74 75 2 3.43544112352e-08 9 2 
139 17 0.0 16 36 23 0 20 52 3 3.29811207145e-40 8 2 
139 17 0.0 5 15 14 0 53 74 1 0.168593393226 0 9 
139 17 0.0 17 17 18 0 40 28 2 1.37509490478e-14 8 0 
139 17 0.0 8 13 12 0 68 73 2 0.290330191411 5 4 
139 17 0.0 4 12 10 0 29 68 1 0.359994223461 0 7 
139 17 0.0 11 10 8 0 44 53 2 0.0936041166571 3 4 
139 17 0.0 7 10 17 0 52 73 2 0.0595912427698 3 6 
139 17 0.0 18 32 19 0 28 43 3 5.25850398378e-43 9 0 
139 17 0.0 10 5 6 0 40 37 2 0.0432920076853 3 2 
139 17 2.0 6 14 13 0 63 70 2 0.0981213075427 4 5 
139 17 2.0 13 19 39 0 55 93 2 0.0569485032977 11 3 
139 17 2.0 9 4 7 0 54 40 2 0.0982673597038 4 2 
139 17 2.0 1 14 6 0 24 58 1 0.269267067883 0 6 
139 17 2.0 12 14 15 0 57 68 2 0.0498820519902 4 5 
139 17 2.0 3 23 10 0 61 72 1 1.63028933401e-07 0 9 
139 17 2.0 15 15 9 0 26 32 3 9.69499678937e-09 4 2 
139 17 2.0 2 19 6 0 37 68 1 0.124445387471 0 7 
139 17 2.0 14 13 20 0 74 75 2 0.0692717138886 9 2 
139 17 2.0 16 36 23 0 20 52 3 4.79309427066e-06 8 2 
139 17 2.0 5 15 14 0 53 74 1 0.11865367995 0 9 
139 17 2.0 17 17 18 0 40 28 2 0.0586555692858 8 0 
139 17 2.0 8 13 12 0 68 73 2 0.321611917513 5 4 
139 17 2.0 4 12 10 0 29 68 1 0.290784049925 0 7 
139 17 2.0 11 10 8 0 44 53 2 0.130711183924 3 4 
139 17 2.0 7 10 17 0 52 73 2 0.044930035995 3 6 
139 17 2.0 18 32 19 0 28 43 3 0.0001045280992 9 0 
139 17 2.0 10 5 6 0 40 37 2 0.0600079083627 3 2 
139 18 0.0 6 14 13 0 63 70 2 0.0852722256594 4 5 
139 18 0.0 13 19 39 0 55 93 2 3.40310136951e-06 11 3 
139 18 0.0 9 4 7 0 54 40 2 0.0852760948405 4 2 
139 18 0.0 1 14 6 0 24 58 1 0.35187395411 0 6 
139 18 0.0 12 14 15 0 57 68 2 0.072861720508 4 5 
139 18 0.0 3 23 10 0 61 72 1 0.00106856937946 0 9 
139 18 0.0 15 15 9 0 26 32 3 2.710250509e-40 4 2 
139 18 0.0 2 19 6 0 37 68 1 0.193772130004 0 7 
139 18 0.0 14 13 20 0 74 75 2 4.42750749496e-08 9 2 
139 18 0.0 16 36 23 0 20 52 3 7.19844135268e-40 8 2 
139 18 0.0 5 15 14 0 53 74 1 0.168625179037 0 9 
139 18 0.0 17 17 18 0 40 28 2 2.02011042935e-14 8 0 
139 18 0.0 8 13 12 0 68 73 2 0.290389463111 5 4 
139 18 0.0 4 12 10 0 29 68 1 0.360031620116 0 7 
139 18 0.0 11 10 8 0 44 53 2 0.0935495776382 3 4 
139 18 0.0 7 10 17 0 52 73 2 0.0595283776607 3 6 
139 18 0.0 18 32 19 0 28 43 3 5.13493473513e-43 9 0 
139 18 0.0 10 5 6 0 40 37 2 0.0432962355341 3 2 
139 18 2.0 6 14 13 0 63 70 2 0.0980852044152 4 5 
139 18 2.0 13 19 39 0 55 93 2 0.0568635311428 11 3 
139 18 2.0 9 4 7 0 54 40 2 0.0983883909442 4 2 
139 18 2.0 1 14 6 0 24 58 1 0.269266012888 0 6 
139 18 2.0 12 14 15 0 57 68 2 0.0498501973924 4 5 
139 18 2.0 3 23 10 0 61 72 1 2.77924211714e-07 0 9 
139 18 2.0 15 15 9 0 26 32 3 3.48394655752e-09 4 2 
139 18 2.0 2 19 6 0 37 68 1 0.124459334949 0 7 
139 18 2.0 14 13 20 0 74 75 2 0.0691580821279 9 2 
139 18 2.0 16 36 23 0 20 52 3 1.30257812757e-05 8 2 
139 18 2.0 5 15 14 0 53 74 1 0.118596183509 0 9 
139 18 2.0 17 17 18 0 40 28 2 0.0586181217878 8 0 
139 18 2.0 8 13 12 0 68 73 2 0.321576232166 5 4 
139 18 2.0 4 12 10 0 29 68 1 0.290812902274 0 7 
139 18 2.0 11 10 8 0 44 53 2 0.130745730158 3 4 
139 18 2.0 7 10 17 0 52 73 2 0.0449421547817 3 6 
139 18 2.0 18 32 19 0 28 43 3 0.000214199600052 9 0 
139 18 2.0 10 5 6 0 40 37 2 0.0600753152684 3 2 
139 19 0.0 6 14 13 0 63 70 2 0.0852472680037 4 5 
139 19 0.0 13 19 39 0 55 93 2 2.79392546954e-06 11 3 
139 19 0.0 9 4 7 0 54 40 2 0.0852587842232 4 2 
139 19 0.0 1 14 6 0 24 58 1 0.351737939957 0 6 
139 19 0.0 12 14 15 0 57 68 2 0.0728230199767 4 5 
139 19 0.0 3 23 10 0 61 72 1 0.00131330593792 0 9 
139 19 0.0 15 15 9 0 26 32 3 1.05645722434e-40 4 2 
139 19 0.0 2 19 6 0 37 68 1 0.193725959393 0 7 
139 19 0.0 14 13 20 0 74 75 2 6.62247365814e-08 9 2 
139 19 0.0 16 36 23 0 20 52 3 5.99691443069e-41 8 2 
139 19 0.0 5 15 14 0 53 74 1 0.168532853654 0 9 
139 19 0.0 17 17 18 0 40 28 2 2.09076068252e-14 8 0 
139 19 0.0 8 13 12 0 68 73 2 0.290203618679 5 4 
139 19 0.0 4 12 10 0 29 68 1 0.359920623762 0 7 
139 19 0.0 11 10 8 0 44 53 2 0.0937170188052 3 4 
139 19 0.0 7 10 17 0 52 73 2 0.059691450453 3 6 
139 19 0.0 18 32 19 0 28 43 3 2.40426835755e-43 9 0 
139 19 0.0 10 5 6 0 40 37 2 0.0433129182706 3 2 
139 19 2.0 6 14 13 0 63 70 2 0.0981153977503 4 5 
139 19 2.0 13 19 39 0 55 93 2 0.0568470092855 11 3 
139 19 2.0 9 4 7 0 54 40 2 0.0983880393364 4 2 
139 19 2.0 1 14 6 0 24 58 1 0.269289027612 0 6 
139 19 2.0 12 14 15 0 57 68 2 0.0498856308899 4 5 
139 19 2.0 3 23 10 0 61 72 1 1.14213635718e-07 0 9 
139 19 2.0 15 15 9 0 26 32 3 5.31962060984e-09 4 2 
139 19 2.0 2 19 6 0 37 68 1 0.124449933081 0 7 
139 19 2.0 14 13 20 0 74 75 2 0.0692525724429 9 2 
139 19 2.0 16 36 23 0 20 52 3 1.3295158575e-05 8 2 
139 19 2.0 5 15 14 0 53 74 1 0.118612074628 0 9 
139 19 2.0 17 17 18 0 40 28 2 0.0587195796087 8 0 
139 19 2.0 8 13 12 0 68 73 2 0.32160102036 5 4 
139 19 2.0 4 12 10 0 29 68 1 0.290862372789 0 7 
139 19 2.0 11 10 8 0 44 53 2 0.13066626854 3 4 
139 19 2.0 7 10 17 0 52 73 2 0.0448273554333 3 6 
139 19 2.0 18 32 19 0 28 43 3 0.000190573083945 9 0 
139 19 2.0 10 5 6 0 40 37 2 0.0600765202101 3 2 
139 20 0.0 6 14 13 0 63 70 2 0.0852869922532 4 5 
139 20 0.0 13 19 39 0 55 93 2 5.41461420956e-06 11 3 
139 20 0.0 9 4 7 0 54 40 2 0.0852914625806 4 2 
139 20 0.0 1 14 6 0 24 58 1 0.351611143054 0 6 
139 20 0.0 12 14 15 0 57 68 2 0.0726790166936 4 5 
139 20 0.0 3 23 10 0 61 72 1 0.00152159584639 0 9 
139 20 0.0 15 15 9 0 26 32 3 5.48027026416e-41 4 2 
139 20 0.0 2 19 6 0 37 68 1 0.193696504233 0 7 
139 20 0.0 14 13 20 0 74 75 2 1.60106278346e-08 9 2 
139 20 0.0 16 36 23 0 20 52 3 1.26363939668e-40 8 2 
139 20 0.0 5 15 14 0 53 74 1 0.168448751882 0 9 
139 20 0.0 17 17 18 0 40 28 2 2.29091486037e-14 8 0 
139 20 0.0 8 13 12 0 68 73 2 0.290039240538 5 4 
139 20 0.0 4 12 10 0 29 68 1 0.359832997625 0 7 
139 20 0.0 11 10 8 0 44 53 2 0.0938609079299 3 4 
139 20 0.0 7 10 17 0 52 73 2 0.0597511202779 3 6 
139 20 0.0 18 32 19 0 28 43 3 2.17629633979e-43 9 0 
139 20 0.0 10 5 6 0 40 37 2 0.0434113024865 3 2 
139 20 2.0 6 14 13 0 63 70 2 0.098110785287 4 5 
139 20 2.0 13 19 39 0 55 93 2 0.0569444564726 11 3 
139 20 2.0 9 4 7 0 54 40 2 0.0982125389807 4 2 
139 20 2.0 1 14 6 0 24 58 1 0.269229766795 0 6 
139 20 2.0 12 14 15 0 57 68 2 0.0498591849733 4 5 
139 20 2.0 3 23 10 0 61 72 1 9.26103713437e-07 0 9 
139 20 2.0 15 15 9 0 26 32 3 4.6672494417e-11 4 2 
139 20 2.0 2 19 6 0 37 68 1 0.124432863022 0 7 
139 20 2.0 14 13 20 0 74 75 2 0.069131561306 9 2 
139 20 2.0 16 36 23 0 20 52 3 2.16094740944e-06 8 2 
139 20 2.0 5 15 14 0 53 74 1 0.118611242103 0 9 
139 20 2.0 17 17 18 0 40 28 2 0.0585039307469 8 0 
139 20 2.0 8 13 12 0 68 73 2 0.321641668608 5 4 
139 20 2.0 4 12 10 0 29 68 1 0.290712817982 0 7 
139 20 2.0 11 10 8 0 44 53 2 0.130803972603 3 4 
139 20 2.0 7 10 17 0 52 73 2 0.0450926781794 3 6 
139 20 2.0 18 32 19 0 28 43 3 7.21817424669e-05 9 0 
139 20 2.0 10 5 6 0 40 37 2 0.0599840015692 3 2 
139 21 0.0 6 14 13 0 63 70 2 0.0852626879624 4 5 
139 21 0.0 13 19 39 0 55 93 2 2.06208357551e-06 11 3 
139 21 0.0 9 4 7 0 54 40 2 0.0852675307161 4 2 
139 21 0.0 1 14 6 0 24 58 1 0.351724487735 0 6 
139 21 0.0 12 14 15 0 57 68 2 0.072793132818 4 5 
139 21 0.0 3 23 10 0 61 72 1 0.00133348849692 0 9 
139 21 0.0 15 15 9 0 26 32 3 1.67984242542e-40 4 2 
139 21 0.0 2 19 6 0 37 68 1 0.193724086304 0 7 
139 21 0.0 14 13 20 0 74 75 2 4.74629543182e-08 9 2 
139 21 0.0 16 36 23 0 20 52 3 4.01995126909e-40 8 2 
139 21 0.0 5 15 14 0 53 74 1 0.168522794562 0 9 
139 21 0.0 17 17 18 0 40 28 2 1.7867768034e-14 8 0 
139 21 0.0 8 13 12 0 68 73 2 0.290188733705 5 4 
139 21 0.0 4 12 10 0 29 68 1 0.359913875537 0 7 
139 21 0.0 11 10 8 0 44 53 2 0.0937296669967 3 4 
139 21 0.0 7 10 17 0 52 73 2 0.0596839408824 3 6 
139 21 0.0 18 32 19 0 28 43 3 5.10431551263e-43 9 0 
139 21 0.0 10 5 6 0 40 37 2 0.0433353088088 3 2 
139 21 2.0 6 14 13 0 63 70 2 0.0981334208083 4 5 
139 21 2.0 13 19 39 0 55 93 2 0.0569425950356 11 3 
139 21 2.0 9 4 7 0 54 40 2 0.0982628917805 4 2 
139 21 2.0 1 14 6 0 24 58 1 0.269271013046 0 6 
139 21 2.0 12 14 15 0 57 68 2 0.049888093558 4 5 
139 21 2.0 3 23 10 0 61 72 1 1.83322642948e-07 0 9 
139 21 2.0 15 15 9 0 26 32 3 4.39136328659e-09 4 2 
139 21 2.0 2 19 6 0 37 68 1 0.124443754462 0 7 
139 21 2.0 14 13 20 0 74 75 2 0.0692984106636 9 2 
139 21 2.0 16 36 23 0 20 52 3 1.24329615815e-05 8 2 
139 21 2.0 5 15 14 0 53 74 1 0.118659174649 0 9 
139 21 2.0 17 17 18 0 40 28 2 0.0586869240056 8 0 
139 21 2.0 8 13 12 0 68 73 2 0.321614914782 5 4 
139 21 2.0 4 12 10 0 29 68 1 0.290795337589 0 7 
139 21 2.0 11 10 8 0 44 53 2 0.130694336118 3 4 
139 21 2.0 7 10 17 0 52 73 2 0.0449004659277 3 6 
139 21 2.0 18 32 19 0 28 43 3 8.50088577793e-05 9 0 
139 21 2.0 10 5 6 0 40 37 2 0.0600091978377 3 2 
139 22 0.0 6 14 13 0 63 70 2 0.0852507239526 4 5 
139 22 0.0 13 19 39 0 55 93 2 1.85429124636e-06 11 3 
139 22 0.0 9 4 7 0 54 40 2 0.0852522446188 4 2 
139 22 0.0 1 14 6 0 24 58 1 0.351856989281 0 6 
139 22 0.0 12 14 15 0 57 68 2 0.0728951725569 4 5 
139 22 0.0 3 23 10 0 61 72 1 0.00110585769737 0 9 
139 22 0.0 15 15 9 0 26 32 3 4.27759338219e-38 4 2 
139 22 0.0 2 19 6 0 37 68 1 0.193761713332 0 7 
139 22 0.0 14 13 20 0 74 75 2 6.42272229521e-08 9 2 
139 22 0.0 16 36 23 0 20 52 3 1.52376996584e-39 8 2 
139 22 0.0 5 15 14 0 53 74 1 0.168613003485 0 9 
139 22 0.0 17 17 18 0 40 28 2 1.22190402781e-14 8 0 
139 22 0.0 8 13 12 0 68 73 2 0.290362895248 5 4 
139 22 0.0 4 12 10 0 29 68 1 0.360011966 0 7 
139 22 0.0 11 10 8 0 44 53 2 0.0935751669465 3 4 
139 22 0.0 7 10 17 0 52 73 2 0.0595820088163 3 6 
139 22 0.0 18 32 19 0 28 43 3 9.99035984323e-43 9 0 
139 22 0.0 10 5 6 0 40 37 2 0.0432687393475 3 2 
139 22 2.0 6 14 13 0 63 70 2 0.0981237582716 4 5 
139 22 2.0 13 19 39 0 55 93 2 0.056977178362 11 3 
139 22 2.0 9 4 7 0 54 40 2 0.0982202627288 4 2 
139 22 2.0 1 14 6 0 24 58 1 0.269257872337 0 6 
139 22 2.0 12 14 15 0 57 68 2 0.0498838740275 4 5 
139 22 2.0 3 23 10 0 61 72 1 2.67631771083e-07 0 9 
139 22 2.0 15 15 9 0 26 32 3 4.77150303046e-09 4 2 
139 22 2.0 2 19 6 0 37 68 1 0.124440655947 0 7 
139 22 2.0 14 13 20 0 74 75 2 0.069270357646 9 2 
139 22 2.0 16 36 23 0 20 52 3 1.29318544428e-06 8 2 
139 22 2.0 5 15 14 0 53 74 1 0.118662425736 0 9 
139 22 2.0 17 17 18 0 40 28 2 0.0586239065502 8 0 
139 22 2.0 8 13 12 0 68 73 2 0.321623829249 5 4 
139 22 2.0 4 12 10 0 29 68 1 0.290753716178 0 7 
139 22 2.0 11 10 8 0 44 53 2 0.130728809206 3 4 
139 22 2.0 7 10 17 0 52 73 2 0.0449743320577 3 6 
139 22 2.0 18 32 19 0 28 43 3 7.00584981521e-05 9 0 
139 22 2.0 10 5 6 0 40 37 2 0.0599807539417 3 2 
139 23 0.0 6 14 13 0 63 70 2 0.0852704906599 4 5 
139 23 0.0 13 19 39 0 55 93 2 5.63134773179e-07 11 3 
139 23 0.0 9 4 7 0 54 40 2 0.0852760380408 4 2 
139 23 0.0 1 14 6 0 24 58 1 0.351780025192 0 6 
139 23 0.0 12 14 15 0 57 68 2 0.0728112941561 4 5 
139 23 0.0 3 23 10 0 61 72 1 0.00123492708233 0 9 
139 23 0.0 15 15 9 0 26 32 3 2.19858415785e-40 4 2 
139 23 0.0 2 19 6 0 37 68 1 0.193741978815 0 7 
139 23 0.0 14 13 20 0 74 75 2 3.762963456e-08 9 2 
139 23 0.0 16 36 23 0 20 52 3 1.23328309102e-40 8 2 
139 23 0.0 5 15 14 0 53 74 1 0.168558843033 0 9 
139 23 0.0 17 17 18 0 40 28 2 1.07213388335e-14 8 0 
139 23 0.0 8 13 12 0 68 73 2 0.290265931267 5 4 
139 23 0.0 4 12 10 0 29 68 1 0.359959292524 0 7 
139 23 0.0 11 10 8 0 44 53 2 0.0936605311154 3 4 
139 23 0.0 7 10 17 0 52 73 2 0.0596179284565 3 6 
139 23 0.0 18 32 19 0 28 43 3 3.62885629854e-43 9 0 
139 23 0.0 10 5 6 0 40 37 2 0.0433275119937 3 2 
139 23 2.0 6 14 13 0 63 70 2 0.0981032285187 4 5 
139 23 2.0 13 19 39 0 55 93 2 0.056938111815 11 3 
139 23 2.0 9 4 7 0 54 40 2 0.0982550404113 4 2 
139 23 2.0 1 14 6 0 24 58 1 0.269250469915 0 6 
139 23 2.0 12 14 15 0 57 68 2 0.0498759883881 4 5 
139 23 2.0 3 23 10 0 61 72 1 3.07715870186e-07 0 9 
139 23 2.0 15 15 9 0 26 32 3 8.04606748598e-09 4 2 
139 23 2.0 2 19 6 0 37 68 1 0.124442747239 0 7 
139 23 2.0 14 13 20 0 74 75 2 0.0691878325601 9 2 
139 23 2.0 16 36 23 0 20 52 3 1.72230710097e-05 8 2 
139 23 2.0 5 15 14 0 53 74 1 0.118625699715 0 9 
139 23 2.0 17 17 18 0 40 28 2 0.0585759247694 8 0 
139 23 2.0 8 13 12 0 68 73 2 0.321617371313 5 4 
139 23 2.0 4 12 10 0 29 68 1 0.290754061111 0 7 
139 23 2.0 11 10 8 0 44 53 2 0.130761285868 3 4 
139 23 2.0 7 10 17 0 52 73 2 0.0450189804036 3 6 
139 23 2.0 18 32 19 0 28 43 3 9.72104509472e-05 9 0 
139 23 2.0 10 5 6 0 40 37 2 0.0599985091284 3 2 
139 24 0.0 6 14 13 0 63 70 2 0.0852497643358 4 5 
139 24 0.0 13 19 39 0 55 93 2 2.00561322814e-06 11 3 
139 24 0.0 9 4 7 0 54 40 2 0.0852590989832 4 2 
139 24 0.0 1 14 6 0 24 58 1 0.351829700871 0 6 
139 24 0.0 12 14 15 0 57 68 2 0.0728739389263 4 5 
139 24 0.0 3 23 10 0 61 72 1 0.00115268656076 0 9 
139 24 0.0 15 15 9 0 26 32 3 2.34501638127e-40 4 2 
139 24 0.0 2 19 6 0 37 68 1 0.193753987152 0 7 
139 24 0.0 14 13 20 0 74 75 2 4.31708378904e-08 9 2 
139 24 0.0 16 36 23 0 20 52 3 4.41228254068e-41 8 2 
139 24 0.0 5 15 14 0 53 74 1 0.168594484434 0 9 
139 24 0.0 17 17 18 0 40 28 2 1.55004357726e-14 8 0 
139 24 0.0 8 13 12 0 68 73 2 0.290327094583 5 4 
139 24 0.0 4 12 10 0 29 68 1 0.359991809443 0 7 
139 24 0.0 11 10 8 0 44 53 2 0.0936069030005 3 4 
139 24 0.0 7 10 17 0 52 73 2 0.0596027340106 3 6 
139 24 0.0 18 32 19 0 28 43 3 2.21655918266e-43 9 0 
139 24 0.0 10 5 6 0 40 37 2 0.043282638051 3 2 
139 24 2.0 6 14 13 0 63 70 2 0.0981281954848 4 5 
139 24 2.0 13 19 39 0 55 93 2 0.0569264473124 11 3 
139 24 2.0 9 4 7 0 54 40 2 0.0982300669961 4 2 
139 24 2.0 1 14 6 0 24 58 1 0.269252750489 0 6 
139 24 2.0 12 14 15 0 57 68 2 0.0498901984124 4 5 
139 24 2.0 3 23 10 0 61 72 1 5.77627103438e-07 0 9 
139 24 2.0 15 15 9 0 26 32 3 5.11260029428e-10 4 2 
139 24 2.0 2 19 6 0 37 68 1 0.124430560509 0 7 
139 24 2.0 14 13 20 0 74 75 2 0.0692170355466 9 2 
139 24 2.0 16 36 23 0 20 52 3 6.47408809621e-06 8 2 
139 24 2.0 5 15 14 0 53 74 1 0.118626199232 0 9 
139 24 2.0 17 17 18 0 40 28 2 0.0586039897475 8 0 
139 24 2.0 8 13 12 0 68 73 2 0.321644910942 5 4 
139 24 2.0 4 12 10 0 29 68 1 0.290763763482 0 7 
139 24 2.0 11 10 8 0 44 53 2 0.13073560348 3 4 
139 24 2.0 7 10 17 0 52 73 2 0.0449866307643 3 6 
139 24 2.0 18 32 19 0 28 43 3 6.78409943309e-05 9 0 
139 24 2.0 10 5 6 0 40 37 2 0.0599912874631 3 2 
139 25 0.0 6 14 13 0 63 70 2 0.0852540310525 4 5 
139 25 0.0 13 19 39 0 55 93 2 2.00510312945e-06 11 3 
139 25 0.0 9 4 7 0 54 40 2 0.0852619889498 4 2 
139 25 0.0 1 14 6 0 24 58 1 0.35180677041 0 6 
139 25 0.0 12 14 15 0 57 68 2 0.0728541475646 4 5 
139 25 0.0 3 23 10 0 61 72 1 0.00119183331224 0 9 
139 25 0.0 15 15 9 0 26 32 3 2.65735104397e-40 4 2 
139 25 0.0 2 19 6 0 37 68 1 0.193747635168 0 7 
139 25 0.0 14 13 20 0 74 75 2 3.89991972901e-08 9 2 
139 25 0.0 16 36 23 0 20 52 3 1.56960850386e-40 8 2 
139 25 0.0 5 15 14 0 53 74 1 0.168578730797 0 9 
139 25 0.0 17 17 18 0 40 28 2 1.09895630123e-14 8 0 
139 25 0.0 8 13 12 0 68 73 2 0.29029732561 5 4 
139 25 0.0 4 12 10 0 29 68 1 0.359975229097 0 7 
139 25 0.0 11 10 8 0 44 53 2 0.0936332122035 3 4 
139 25 0.0 7 10 17 0 52 73 2 0.0596182888618 3 6 
139 25 0.0 18 32 19 0 28 43 3 5.11313287595e-43 9 0 
139 25 0.0 10 5 6 0 40 37 2 0.0432959156546 3 2 
139 25 2.0 6 14 13 0 63 70 2 0.0981109656902 4 5 
139 25 2.0 13 19 39 0 55 93 2 0.0570067313344 11 3 
139 25 2.0 9 4 7 0 54 40 2 0.0981639178353 4 2 
139 25 2.0 1 14 6 0 24 58 1 0.269225057374 0 6 
139 25 2.0 12 14 15 0 57 68 2 0.0498559093188 4 5 
139 25 2.0 3 23 10 0 61 72 1 4.21645413441e-07 0 9 
139 25 2.0 15 15 9 0 26 32 3 2.75578256117e-10 4 2 
139 25 2.0 2 19 6 0 37 68 1 0.124436269457 0 7 
139 25 2.0 14 13 20 0 74 75 2 0.0691661470077 9 2 
139 25 2.0 16 36 23 0 20 52 3 6.71569462364e-07 8 2 
139 25 2.0 5 15 14 0 53 74 1 0.118644861081 0 9 
139 25 2.0 17 17 18 0 40 28 2 0.058492727924 8 0 
139 25 2.0 8 13 12 0 68 73 2 0.321636557657 5 4 
139 25 2.0 4 12 10 0 29 68 1 0.290680759471 0 7 
139 25 2.0 11 10 8 0 44 53 2 0.130814691036 3 4 
139 25 2.0 7 10 17 0 52 73 2 0.0451212370429 3 6 
139 25 2.0 18 32 19 0 28 43 3 3.7633184212e-05 9 0 
139 25 2.0 10 5 6 0 40 37 2 0.0599538024409 3 2 
139 26 0.0 6 14 13 0 63 70 2 0.0852532932595 4 5 
139 26 0.0 13 19 39 0 55 93 2 2.64874579488e-06 11 3 
139 26 0.0 9 4 7 0 54 40 2 0.0852602299036 4 2 
139 26 0.0 1 14 6 0 24 58 1 0.35175694886 0 6 
139 26 0.0 12 14 15 0 57 68 2 0.0728272576374 4 5 
139 26 0.0 3 23 10 0 61 72 1 0.00127919023354 0 9 
139 26 0.0 15 15 9 0 26 32 3 6.3450774655e-40 4 2 
139 26 0.0 2 19 6 0 37 68 1 0.193732406736 0 7 
139 26 0.0 14 13 20 0 74 75 2 6.08607749542e-08 9 2 
139 26 0.0 16 36 23 0 20 52 3 1.27780599974e-39 8 2 
139 26 0.0 5 15 14 0 53 74 1 0.168545450759 0 9 
139 26 0.0 17 17 18 0 40 28 2 9.9533000231e-15 8 0 
139 26 0.0 8 13 12 0 68 73 2 0.290229995894 5 4 
139 26 0.0 4 12 10 0 29 68 1 0.359936426926 0 7 
139 26 0.0 11 10 8 0 44 53 2 0.0936932526311 3 4 
139 26 0.0 7 10 17 0 52 73 2 0.0596673196456 3 6 
139 26 0.0 18 32 19 0 28 43 3 7.98482043317e-43 9 0 
139 26 0.0 10 5 6 0 40 37 2 0.0433116800635 3 2 
139 26 2.0 6 14 13 0 63 70 2 0.098149801226 4 5 
139 26 2.0 13 19 39 0 55 93 2 0.0568810840025 11 3 
139 26 2.0 9 4 7 0 54 40 2 0.0982893724846 4 2 
139 26 2.0 1 14 6 0 24 58 1 0.26928128782 0 6 
139 26 2.0 12 14 15 0 57 68 2 0.0499076192938 4 5 
139 26 2.0 3 23 10 0 61 72 1 1.4849972215e-07 0 9 
139 26 2.0 15 15 9 0 26 32 3 1.08967485424e-09 4 2 
139 26 2.0 2 19 6 0 37 68 1 0.124431652875 0 7 
139 26 2.0 14 13 20 0 74 75 2 0.0693004214015 9 2 
139 26 2.0 16 36 23 0 20 52 3 5.45890379154e-06 8 2 
139 26 2.0 5 15 14 0 53 74 1 0.118633106175 0 9 
139 26 2.0 17 17 18 0 40 28 2 0.0587233240267 8 0 
139 26 2.0 8 13 12 0 68 73 2 0.321643998296 5 4 
139 26 2.0 4 12 10 0 29 68 1 0.290834720366 0 7 
139 26 2.0 11 10 8 0 44 53 2 0.130655492212 3 4 
139 26 2.0 7 10 17 0 52 73 2 0.0448417721758 3 6 
139 26 2.0 18 32 19 0 28 43 3 9.70247246353e-05 9 0 
139 26 2.0 10 5 6 0 40 37 2 0.0600280608938 3 2 
139 27 0.0 6 14 13 0 63 70 2 0.0852683711378 4 5 
139 27 0.0 13 19 39 0 55 93 2 2.51413465413e-06 11 3 
139 27 0.0 9 4 7 0 54 40 2 0.0852729416946 4 2 
139 27 0.0 1 14 6 0 24 58 1 0.35174181638 0 6 
139 27 0.0 12 14 15 0 57 68 2 0.0727929463025 4 5 
139 27 0.0 3 23 10 0 61 72 1 0.00130174626294 0 9 
139 27 0.0 15 15 9 0 26 32 3 1.87917871872e-40 4 2 
139 27 0.0 2 19 6 0 37 68 1 0.193730380984 0 7 
139 27 0.0 14 13 20 0 74 75 2 5.14278980634e-08 9 2 
139 27 0.0 16 36 23 0 20 52 3 1.05967078707e-40 8 2 
139 27 0.0 5 15 14 0 53 74 1 0.168534448823 0 9 
139 27 0.0 17 17 18 0 40 28 2 1.91644040005e-14 8 0 
139 27 0.0 8 13 12 0 68 73 2 0.290213048416 5 4 
139 27 0.0 4 12 10 0 29 68 1 0.359928961735 0 7 
139 27 0.0 11 10 8 0 44 53 2 0.0937073908239 3 4 
139 27 0.0 7 10 17 0 52 73 2 0.0596582617599 3 6 
139 27 0.0 18 32 19 0 28 43 3 3.54199339566e-43 9 0 
139 27 0.0 10 5 6 0 40 37 2 0.0433373107301 3 2 
139 27 2.0 6 14 13 0 63 70 2 0.0981314247373 4 5 
139 27 2.0 13 19 39 0 55 93 2 0.0569568271088 11 3 
139 27 2.0 9 4 7 0 54 40 2 0.0982255802684 4 2 
139 27 2.0 1 14 6 0 24 58 1 0.269260735658 0 6 
139 27 2.0 12 14 15 0 57 68 2 0.0498911215062 4 5 
139 27 2.0 3 23 10 0 61 72 1 3.89073434731e-07 0 9 
139 27 2.0 15 15 9 0 26 32 3 8.91178711211e-10 4 2 
139 27 2.0 2 19 6 0 37 68 1 0.124435812136 0 7 
139 27 2.0 14 13 20 0 74 75 2 0.0692720217333 9 2 
139 27 2.0 16 36 23 0 20 52 3 5.63634985528e-07 8 2 
139 27 2.0 5 15 14 0 53 74 1 0.118653897497 0 9 
139 27 2.0 17 17 18 0 40 28 2 0.0586380583394 8 0 
139 27 2.0 8 13 12 0 68 73 2 0.321634705237 5 4 
139 27 2.0 4 12 10 0 29 68 1 0.290767004917 0 7 
139 27 2.0 11 10 8 0 44 53 2 0.130715529139 3 4 
139 27 2.0 7 10 17 0 52 73 2 0.0449540777799 3 6 
139 27 2.0 18 32 19 0 28 43 3 6.80812424375e-05 9 0 
139 27 2.0 10 5 6 0 40 37 2 0.0599861058413 3 2 
139 28 0.0 6 14 13 0 63 70 2 0.0852523308788 4 5 
139 28 0.0 13 19 39 0 55 93 2 2.41765991491e-06 11 3 
139 28 0.0 9 4 7 0 54 40 2 0.0852573642116 4 2 
139 28 0.0 1 14 6 0 24 58 1 0.351774138587 0 6 
139 28 0.0 12 14 15 0 57 68 2 0.0728409837239 4 5 
139 28 0.0 3 23 10 0 61 72 1 0.00124985882569 0 9 
139 28 0.0 15 15 9 0 26 32 3 1.33309870247e-39 4 2 
139 28 0.0 2 19 6 0 37 68 1 0.193737115407 0 7 
139 28 0.0 14 13 20 0 74 75 2 5.33286599322e-08 9 2 
139 28 0.0 16 36 23 0 20 52 3 5.23967579194e-40 8 2 
139 28 0.0 5 15 14 0 53 74 1 0.168556917602 0 9 
139 28 0.0 17 17 18 0 40 28 2 1.41638310979e-14 8 0 
139 28 0.0 8 13 12 0 68 73 2 0.290252746908 5 4 
139 28 0.0 4 12 10 0 29 68 1 0.359949157196 0 7 
139 28 0.0 11 10 8 0 44 53 2 0.0936730843268 3 4 
139 28 0.0 7 10 17 0 52 73 2 0.0596542711257 3 6 
139 28 0.0 18 32 19 0 28 43 3 9.06667246288e-43 9 0 
139 28 0.0 10 5 6 0 40 37 2 0.0433027847664 3 2 
139 28 2.0 6 14 13 0 63 70 2 0.0981187535195 4 5 
139 28 2.0 13 19 39 0 55 93 2 0.0568635146347 11 3 
139 28 2.0 9 4 7 0 54 40 2 0.0983523835456 4 2 
139 28 2.0 1 14 6 0 24 58 1 0.26927698489 0 6 
139 28 2.0 12 14 15 0 57 68 2 0.049879192606 4 5 
139 28 2.0 3 23 10 0 61 72 1 2.61907598407e-07 0 9 
139 28 2.0 15 15 9 0 26 32 3 6.3423370913e-10 4 2 
139 28 2.0 2 19 6 0 37 68 1 0.124446101694 0 7 
139 28 2.0 14 13 20 0 74 75 2 0.0692336758285 9 2 
139 28 2.0 16 36 23 0 20 52 3 6.57743372267e-06 8 2 
139 28 2.0 5 15 14 0 53 74 1 0.118612723173 0 9 
139 28 2.0 17 17 18 0 40 28 2 0.0586839656544 8 0 
139 28 2.0 8 13 12 0 68 73 2 0.321607752275 5 4 
139 28 2.0 4 12 10 0 29 68 1 0.290834516158 0 7 
139 28 2.0 11 10 8 0 44 53 2 0.130692366697 3 4 
139 28 2.0 7 10 17 0 52 73 2 0.0448739814032 3 6 
139 28 2.0 18 32 19 0 28 43 3 0.000167359967238 9 0 
139 28 2.0 10 5 6 0 40 37 2 0.0600598946629 3 2 
139 29 0.0 6 14 13 0 63 70 2 0.0852485503165 4 5 
139 29 0.0 13 19 39 0 55 93 2 2.12381217487e-06 11 3 
139 29 0.0 9 4 7 0 54 40 2 0.0852536743644 4 2 
139 29 0.0 1 14 6 0 24 58 1 0.351814810205 0 6 
139 29 0.0 12 14 15 0 57 68 2 0.0728714633471 4 5 
139 29 0.0 3 23 10 0 61 72 1 0.00117974380128 0 9 
139 29 0.0 15 15 9 0 26 32 3 1.32808069582e-39 4 2 
139 29 0.0 2 19 6 0 37 68 1 0.193748794335 0 7 
139 29 0.0 14 13 20 0 74 75 2 4.47052966898e-08 9 2 
139 29 0.0 16 36 23 0 20 52 3 3.25003839966e-40 8 2 
139 29 0.0 5 15 14 0 53 74 1 0.168584554551 0 9 
139 29 0.0 17 17 18 0 40 28 2 9.4863534979e-15 8 0 
139 29 0.0 8 13 12 0 68 73 2 0.290306398012 5 4 
139 29 0.0 4 12 10 0 29 68 1 0.359979351273 0 7 
139 29 0.0 11 10 8 0 44 53 2 0.0936255759185 3 4 
139 29 0.0 7 10 17 0 52 73 2 0.0596222857124 3 6 
139 29 0.0 18 32 19 0 28 43 3 9.79148166607e-43 9 0 
139 29 0.0 10 5 6 0 40 37 2 0.043283012754 3 2 
139 29 2.0 6 14 13 0 63 70 2 0.0981338859222 4 5 
139 29 2.0 13 19 39 0 55 93 2 0.0569654153077 11 3 
139 29 2.0 9 4 7 0 54 40 2 0.0982227588582 4 2 
139 29 2.0 1 14 6 0 24 58 1 0.269262447751 0 6 
139 29 2.0 12 14 15 0 57 68 2 0.0498931335686 4 5 
139 29 2.0 3 23 10 0 61 72 1 2.05054093693e-07 0 9 
139 29 2.0 15 15 9 0 26 32 3 2.67381676103e-09 4 2 
139 29 2.0 2 19 6 0 37 68 1 0.124437098389 0 7 
139 29 2.0 14 13 20 0 74 75 2 0.0692841682921 9 2 
139 29 2.0 16 36 23 0 20 52 3 2.58160754934e-06 8 2 
139 29 2.0 5 15 14 0 53 74 1 0.11866063732 0 9 
139 29 2.0 17 17 18 0 40 28 2 0.0586513944479 8 0 
139 29 2.0 8 13 12 0 68 73 2 0.321629961954 5 4 
139 29 2.0 4 12 10 0 29 68 1 0.290771128568 0 7 
139 29 2.0 11 10 8 0 44 53 2 0.130710327084 3 4 
139 29 2.0 7 10 17 0 52 73 2 0.0449440569933 3 6 
139 29 2.0 18 32 19 0 28 43 3 6.34394152204e-05 9 0 
139 29 2.0 10 5 6 0 40 37 2 0.0599850037965 3 2 
139 30 0.0 6 14 13 0 63 70 2 0.0852483403018 4 5 
139 30 0.0 13 19 39 0 55 93 2 1.86900496461e-06 11 3 
139 30 0.0 9 4 7 0 54 40 2 0.0852507271512 4 2 
139 30 0.0 1 14 6 0 24 58 1 0.351797637102 0 6 
139 30 0.0 12 14 15 0 57 68 2 0.0728648566073 4 5 
139 30 0.0 3 23 10 0 61 72 1 0.00121070974342 0 9 
139 30 0.0 15 15 9 0 26 32 3 1.53123503282e-38 4 2 
139 30 0.0 2 19 6 0 37 68 1 0.193742965586 0 7 
139 30 0.0 14 13 20 0 74 75 2 8.387513257e-08 9 2 
139 30 0.0 16 36 23 0 20 52 3 2.34946465361e-39 8 2 
139 30 0.0 5 15 14 0 53 74 1 0.168572531388 0 9 
139 30 0.0 17 17 18 0 40 28 2 5.84237011165e-15 8 0 
139 30 0.0 8 13 12 0 68 73 2 0.290283370265 5 4 
139 30 0.0 4 12 10 0 29 68 1 0.359965750033 0 7 
139 30 0.0 11 10 8 0 44 53 2 0.0936462320366 3 4 
139 30 0.0 7 10 17 0 52 73 2 0.0596409849255 3 6 
139 30 0.0 18 32 19 0 28 43 3 2.17788592648e-42 9 0 
139 30 0.0 10 5 6 0 40 37 2 0.0432866545154 3 2 
139 30 2.0 6 14 13 0 63 70 2 0.0981079318327 4 5 
139 30 2.0 13 19 39 0 55 93 2 0.0568848729431 11 3 
139 30 2.0 9 4 7 0 54 40 2 0.098363914536 4 2 
139 30 2.0 1 14 6 0 24 58 1 0.269283753247 0 6 
139 30 2.0 12 14 15 0 57 68 2 0.0498800208473 4 5 
139 30 2.0 3 23 10 0 61 72 1 1.36947830518e-07 0 9 
139 30 2.0 15 15 9 0 26 32 3 1.17615130633e-08 4 2 
139 30 2.0 2 19 6 0 37 68 1 0.124455777168 0 7 
139 30 2.0 14 13 20 0 74 75 2 0.0692597815867 9 2 
139 30 2.0 16 36 23 0 20 52 3 2.11620342578e-05 8 2 
139 30 2.0 5 15 14 0 53 74 1 0.118629787623 0 9 
139 30 2.0 17 17 18 0 40 28 2 0.0587035281274 8 0 
139 30 2.0 8 13 12 0 68 73 2 0.321586555734 5 4 
139 30 2.0 4 12 10 0 29 68 1 0.290839405604 0 7 
139 30 2.0 11 10 8 0 44 53 2 0.130685279327 3 4 
139 30 2.0 7 10 17 0 52 73 2 0.0448602955024 3 6 
139 30 2.0 18 32 19 0 28 43 3 0.000172353597321 9 0 
139 30 2.0 10 5 6 0 40 37 2 0.0600598732642 3 2 
139 31 0.0 6 14 13 0 63 70 2 0.0852331336038 4 5 
139 31 0.0 13 19 39 0 55 93 2 2.49079664483e-06 11 3 
139 31 0.0 9 4 7 0 54 40 2 0.0852459557247 4 2 
139 31 0.0 1 14 6 0 24 58 1 0.351827378985 0 6 
139 31 0.0 12 14 15 0 57 68 2 0.0728997913974 4 5 
139 31 0.0 3 23 10 0 61 72 1 0.00116074671763 0 9 
139 31 0.0 15 15 9 0 26 32 3 1.07275908029e-39 4 2 
139 31 0.0 2 19 6 0 37 68 1 0.1937505801 0 7 
139 31 0.0 14 13 20 0 74 75 2 3.47822855193e-08 9 2 
139 31 0.0 16 36 23 0 20 52 3 4.42561599866e-40 8 2 
139 31 0.0 5 15 14 0 53 74 1 0.168593945826 0 9 
139 31 0.0 17 17 18 0 40 28 2 1.2144351832e-14 8 0 
139 31 0.0 8 13 12 0 68 73 2 0.290320301567 5 4 
139 31 0.0 4 12 10 0 29 68 1 0.35998548738 0 7 
139 31 0.0 11 10 8 0 44 53 2 0.0936139419612 3 4 
139 31 0.0 7 10 17 0 52 73 2 0.0596298547181 3 6 
139 31 0.0 18 32 19 0 28 43 3 5.28827206923e-43 9 0 
139 31 0.0 10 5 6 0 40 37 2 0.0432617187755 3 2 
139 31 2.0 6 14 13 0 63 70 2 0.0980884621249 4 5 
139 31 2.0 13 19 39 0 55 93 2 0.0571016532037 11 3 
139 31 2.0 9 4 7 0 54 40 2 0.098158375181 4 2 
139 31 2.0 1 14 6 0 24 58 1 0.269248169743 0 6 
139 31 2.0 12 14 15 0 57 68 2 0.0498770882837 4 5 
139 31 2.0 3 23 10 0 61 72 1 2.40985599675e-07 0 9 
139 31 2.0 15 15 9 0 26 32 3 1.14071625447e-09 4 2 
139 31 2.0 2 19 6 0 37 68 1 0.124453940413 0 7 
139 31 2.0 14 13 20 0 74 75 2 0.0692850226406 9 2 
139 31 2.0 16 36 23 0 20 52 3 4.30311830349e-06 8 2 
139 31 2.0 5 15 14 0 53 74 1 0.118712574426 0 9 
139 31 2.0 17 17 18 0 40 28 2 0.0585577504149 8 0 
139 31 2.0 8 13 12 0 68 73 2 0.321597739362 5 4 
139 31 2.0 4 12 10 0 29 68 1 0.290688515778 0 7 
139 31 2.0 11 10 8 0 44 53 2 0.130771530882 3 4 
139 31 2.0 7 10 17 0 52 73 2 0.0450714831889 3 6 
139 31 2.0 18 32 19 0 28 43 3 4.78822254231e-05 9 0 
139 31 2.0 10 5 6 0 40 37 2 0.0599258186694 3 2 
139 32 0.0 6 14 13 0 63 70 2 0.0852615203119 4 5 
139 32 0.0 13 19 39 0 55 93 2 1.36397873789e-06 11 3 
139 32 0.0 9 4 7 0 54 40 2 0.0852658059564 4 2 
139 32 0.0 1 14 6 0 24 58 1 0.351808104717 0 6 
139 32 0.0 12 14 15 0 57 68 2 0.0728453134824 4 5 
139 32 0.0 3 23 10 0 61 72 1 0.00118863441756 0 9 
139 32 0.0 15 15 9 0 26 32 3 1.34829861895e-39 4 2 
139 32 0.0 2 19 6 0 37 68 1 0.193748615333 0 7 
139 32 0.0 14 13 20 0 74 75 2 2.30482898518e-08 9 2 
139 32 0.0 16 36 23 0 20 52 3 2.21633576594e-40 8 2 
139 32 0.0 5 15 14 0 53 74 1 0.168578513614 0 9 
139 32 0.0 17 17 18 0 40 28 2 7.0676929373e-15 8 0 
139 32 0.0 8 13 12 0 68 73 2 0.290301029155 5 4 
139 32 0.0 4 12 10 0 29 68 1 0.359978183847 0 7 
139 32 0.0 11 10 8 0 44 53 2 0.093629585579 3 4 
139 32 0.0 7 10 17 0 52 73 2 0.0596074411119 3 6 
139 32 0.0 18 32 19 0 28 43 3 5.76453780183e-44 9 0 
139 32 0.0 10 5 6 0 40 37 2 0.0433035471869 3 2 
139 32 2.0 6 14 13 0 63 70 2 0.0980838161885 4 5 
139 32 2.0 13 19 39 0 55 93 2 0.0567737805576 11 3 
139 32 2.0 9 4 7 0 54 40 2 0.0985056445532 4 2 
139 32 2.0 1 14 6 0 24 58 1 0.269302785545 0 6 
139 32 2.0 12 14 15 0 57 68 2 0.0498748072784 4 5 
139 32 2.0 3 23 10 0 61 72 1 8.41263650934e-08 0 9 
139 32 2.0 15 15 9 0 26 32 3 2.76853572144e-07 4 2 
139 32 2.0 2 19 6 0 37 68 1 0.124469004462 0 7 
139 32 2.0 14 13 20 0 74 75 2 0.0692069019663 9 2 
139 32 2.0 16 36 23 0 20 52 3 6.60153542259e-05 8 2 
139 32 2.0 5 15 14 0 53 74 1 0.118578651397 0 9 
139 32 2.0 17 17 18 0 40 28 2 0.0587461218184 8 0 
139 32 2.0 8 13 12 0 68 73 2 0.321559942709 5 4 
139 32 2.0 4 12 10 0 29 68 1 0.290912734004 0 7 
139 32 2.0 11 10 8 0 44 53 2 0.130662038389 3 4 
139 32 2.0 7 10 17 0 52 73 2 0.0447848948768 3 6 
139 32 2.0 18 32 19 0 28 43 3 0.000253137342116 9 0 
139 32 2.0 10 5 6 0 40 37 2 0.0601371271374 3 2 
139 33 0.0 6 14 13 0 63 70 2 0.0852496892911 4 5 
139 33 0.0 13 19 39 0 55 93 2 4.20931187877e-06 11 3 
139 33 0.0 9 4 7 0 54 40 2 0.0852594101476 4 2 
139 33 0.0 1 14 6 0 24 58 1 0.351825815131 0 6 
139 33 0.0 12 14 15 0 57 68 2 0.0728704740373 4 5 
139 33 0.0 3 23 10 0 61 72 1 0.00115891807836 0 9 
139 33 0.0 15 15 9 0 26 32 3 9.33885974889e-41 4 2 
139 33 0.0 2 19 6 0 37 68 1 0.19375335937 0 7 
139 33 0.0 14 13 20 0 74 75 2 4.82796266071e-08 9 2 
139 33 0.0 16 36 23 0 20 52 3 2.40946551719e-40 8 2 
139 33 0.0 5 15 14 0 53 74 1 0.1685933267 0 9 
139 33 0.0 17 17 18 0 40 28 2 9.3201361297e-15 8 0 
139 33 0.0 8 13 12 0 68 73 2 0.290320642416 5 4 
139 33 0.0 4 12 10 0 29 68 1 0.359988817314 0 7 
139 33 0.0 11 10 8 0 44 53 2 0.0936120655486 3 4 
139 33 0.0 7 10 17 0 52 73 2 0.0596062212119 3 6 
139 33 0.0 18 32 19 0 28 43 3 4.43380783102e-43 9 0 
139 33 0.0 10 5 6 0 40 37 2 0.0432843451975 3 2 
139 33 2.0 6 14 13 0 63 70 2 0.098124406124 4 5 
139 33 2.0 13 19 39 0 55 93 2 0.0569194367429 11 3 
139 33 2.0 9 4 7 0 54 40 2 0.0982880583679 4 2 
139 33 2.0 1 14 6 0 24 58 1 0.269269033664 0 6 
139 33 2.0 12 14 15 0 57 68 2 0.0498847548455 4 5 
139 33 2.0 3 23 10 0 61 72 1 2.73547900519e-07 0 9 
139 33 2.0 15 15 9 0 26 32 3 5.87306234403e-09 4 2 
139 33 2.0 2 19 6 0 37 68 1 0.124442668028 0 7 
139 33 2.0 14 13 20 0 74 75 2 0.0692559465813 9 2 
139 33 2.0 16 36 23 0 20 52 3 2.22772072119e-06 8 2 
139 33 2.0 5 15 14 0 53 74 1 0.118637722804 0 9 
139 33 2.0 17 17 18 0 40 28 2 0.0586650551959 8 0 
139 33 2.0 8 13 12 0 68 73 2 0.321615045805 5 4 
139 33 2.0 4 12 10 0 29 68 1 0.290801765636 0 7 
139 33 2.0 11 10 8 0 44 53 2 0.130704594025 3 4 
139 33 2.0 7 10 17 0 52 73 2 0.0449129616945 3 6 
139 33 2.0 18 32 19 0 28 43 3 0.000120131034287 9 0 
139 33 2.0 10 5 6 0 40 37 2 0.0600223453224 3 2 
139 34 0.0 6 14 13 0 63 70 2 0.0852600607171 4 5 
139 34 0.0 13 19 39 0 55 93 2 4.26902983702e-06 11 3 
139 34 0.0 9 4 7 0 54 40 2 0.0852720244155 4 2 
139 34 0.0 1 14 6 0 24 58 1 0.351739857016 0 6 
139 34 0.0 12 14 15 0 57 68 2 0.0727993567678 4 5 
139 34 0.0 3 23 10 0 61 72 1 0.00130580811213 0 9 
139 34 0.0 15 15 9 0 26 32 3 1.52570754975e-41 4 2 
139 34 0.0 2 19 6 0 37 68 1 0.193729461216 0 7 
139 34 0.0 14 13 20 0 74 75 2 3.67163848058e-08 9 2 
139 34 0.0 16 36 23 0 20 52 3 1.16737930125e-40 8 2 
139 34 0.0 5 15 14 0 53 74 1 0.168534656714 0 9 
139 34 0.0 17 17 18 0 40 28 2 1.23446464036e-14 8 0 
139 34 0.0 8 13 12 0 68 73 2 0.290208263343 5 4 
139 34 0.0 4 12 10 0 29 68 1 0.359925974727 0 7 
139 34 0.0 11 10 8 0 44 53 2 0.0937115733493 3 4 
139 34 0.0 7 10 17 0 52 73 2 0.0596679126662 3 6 
139 34 0.0 18 32 19 0 28 43 3 1.83336920651e-43 9 0 
139 34 0.0 10 5 6 0 40 37 2 0.043331422642 3 2 
139 34 2.0 6 14 13 0 63 70 2 0.0981149797272 4 5 
139 34 2.0 13 19 39 0 55 93 2 0.0569502258897 11 3 
139 34 2.0 9 4 7 0 54 40 2 0.0982071156758 4 2 
139 34 2.0 1 14 6 0 24 58 1 0.269235634915 0 6 
139 34 2.0 12 14 15 0 57 68 2 0.049867787784 4 5 
139 34 2.0 3 23 10 0 61 72 1 7.66495596449e-07 0 9 
139 34 2.0 15 15 9 0 26 32 3 2.82065325654e-11 4 2 
139 34 2.0 2 19 6 0 37 68 1 0.124432247806 0 7 
139 34 2.0 14 13 20 0 74 75 2 0.069164722503 9 2 
139 34 2.0 16 36 23 0 20 52 3 5.84629337177e-07 8 2 
139 34 2.0 5 15 14 0 53 74 1 0.11862201747 0 9 
139 34 2.0 17 17 18 0 40 28 2 0.0585270216646 8 0 
139 34 2.0 8 13 12 0 68 73 2 0.321644640157 5 4 
139 34 2.0 4 12 10 0 29 68 1 0.290718559512 0 7 
139 34 2.0 11 10 8 0 44 53 2 0.130786009604 3 4 
139 34 2.0 7 10 17 0 52 73 2 0.0450698306619 3 6 
139 34 2.0 18 32 19 0 28 43 3 6.54481629754e-05 9 0 
139 34 2.0 10 5 6 0 40 37 2 0.0599785289323 3 2 
139 35 0.0 6 14 13 0 63 70 2 0.0852467311781 4 5 
139 35 0.0 13 19 39 0 55 93 2 2.50799869829e-06 11 3 
139 35 0.0 9 4 7 0 54 40 2 0.085249063507 4 2 
139 35 0.0 1 14 6 0 24 58 1 0.351855085402 0 6 
139 35 0.0 12 14 15 0 57 68 2 0.0729003810021 4 5 
139 35 0.0 3 23 10 0 61 72 1 0.00111004726396 0 9 
139 35 0.0 15 15 9 0 26 32 3 1.75413409952e-38 4 2 
139 35 0.0 2 19 6 0 37 68 1 0.193760629969 0 7 
139 35 0.0 14 13 20 0 74 75 2 6.49666705222e-08 9 2 
139 35 0.0 16 36 23 0 20 52 3 1.11577793176e-39 8 2 
139 35 0.0 5 15 14 0 53 74 1 0.168612337654 0 9 
139 35 0.0 17 17 18 0 40 28 2 8.32129122742e-15 8 0 
139 35 0.0 8 13 12 0 68 73 2 0.290359149402 5 4 
139 35 0.0 4 12 10 0 29 68 1 0.360009394396 0 7 
139 35 0.0 11 10 8 0 44 53 2 0.0935786375571 3 4 
139 35 0.0 7 10 17 0 52 73 2 0.0595898495469 3 6 
139 35 0.0 18 32 19 0 28 43 3 2.65811392872e-42 9 0 
139 35 0.0 10 5 6 0 40 37 2 0.0432642135451 3 2 
139 35 2.0 6 14 13 0 63 70 2 0.0980871935877 4 5 
139 35 2.0 13 19 39 0 55 93 2 0.0570739084148 11 3 
139 35 2.0 9 4 7 0 54 40 2 0.0982893842393 4 2 
139 35 2.0 1 14 6 0 24 58 1 0.269310207795 0 6 
139 35 2.0 12 14 15 0 57 68 2 0.0498990958202 4 5 
139 35 2.0 3 23 10 0 61 72 1 6.11809422899e-08 0 9 
139 35 2.0 15 15 9 0 26 32 3 8.99506478106e-08 4 2 
139 35 2.0 2 19 6 0 37 68 1 0.124479292352 0 7 
139 35 2.0 14 13 20 0 74 75 2 0.069482202231 9 2 
139 35 2.0 16 36 23 0 20 52 3 1.37703169889e-05 8 2 
139 35 2.0 5 15 14 0 53 74 1 0.11876275418 0 9 
139 35 2.0 17 17 18 0 40 28 2 0.0587689009271 8 0 
139 35 2.0 8 13 12 0 68 73 2 0.321551443805 5 4 
139 35 2.0 4 12 10 0 29 68 1 0.290797712557 0 7 
139 35 2.0 11 10 8 0 44 53 2 0.130632031142 3 4 
139 35 2.0 7 10 17 0 52 73 2 0.044822647593 3 6 
139 35 2.0 18 32 19 0 28 43 3 0.000139089103722 9 0 
139 35 2.0 10 5 6 0 40 37 2 0.0599832308387 3 2 
139 36 0.0 6 14 13 0 63 70 2 0.0852808479 4 5 
139 36 0.0 13 19 39 0 55 93 2 1.15719904965e-06 11 3 
139 36 0.0 9 4 7 0 54 40 2 0.0852839185076 4 2 
139 36 0.0 1 14 6 0 24 58 1 0.351808302847 0 6 
139 36 0.0 12 14 15 0 57 68 2 0.0728105839184 4 5 
139 36 0.0 3 23 10 0 61 72 1 0.00118275665282 0 9 
139 36 0.0 15 15 9 0 26 32 3 1.9435509839e-40 4 2 
139 36 0.0 2 19 6 0 37 68 1 0.193752477328 0 7 
139 36 0.0 14 13 20 0 74 75 2 2.2471316136e-08 9 2 
139 36 0.0 16 36 23 0 20 52 3 7.71698091924e-41 8 2 
139 36 0.0 5 15 14 0 53 74 1 0.16857801972 0 9 
139 36 0.0 17 17 18 0 40 28 2 1.80838297346e-14 8 0 
139 36 0.0 8 13 12 0 68 73 2 0.290305478376 5 4 
139 36 0.0 4 12 10 0 29 68 1 0.359983847454 0 7 
139 36 0.0 11 10 8 0 44 53 2 0.0936244158722 3 4 
139 36 0.0 7 10 17 0 52 73 2 0.0595760692794 3 6 
139 36 0.0 18 32 19 0 28 43 3 2.98769834202e-43 9 0 
139 36 0.0 10 5 6 0 40 37 2 0.043330949288 3 2 
139 36 2.0 6 14 13 0 63 70 2 0.0981115211247 4 5 
139 36 2.0 13 19 39 0 55 93 2 0.0569895119659 11 3 
139 36 2.0 9 4 7 0 54 40 2 0.0982551825764 4 2 
139 36 2.0 1 14 6 0 24 58 1 0.269278855795 0 6 
139 36 2.0 12 14 15 0 57 68 2 0.0499006728761 4 5 
139 36 2.0 3 23 10 0 61 72 1 2.74485418299e-07 0 9 
139 36 2.0 15 15 9 0 26 32 3 4.01997630436e-09 4 2 
139 36 2.0 2 19 6 0 37 68 1 0.124449786369 0 7 
139 36 2.0 14 13 20 0 74 75 2 0.0693338105187 9 2 
139 36 2.0 16 36 23 0 20 52 3 4.11713916257e-06 8 2 
139 36 2.0 5 15 14 0 53 74 1 0.118684176491 0 9 
139 36 2.0 17 17 18 0 40 28 2 0.0586838812746 8 0 
139 36 2.0 8 13 12 0 68 73 2 0.321604015352 5 4 
139 36 2.0 4 12 10 0 29 68 1 0.29078552475 0 7 
139 36 2.0 11 10 8 0 44 53 2 0.1306856809 3 4 
139 36 2.0 7 10 17 0 52 73 2 0.0449090148917 3 6 
139 36 2.0 18 32 19 0 28 43 3 0.000102303835452 9 0 
139 36 2.0 10 5 6 0 40 37 2 0.0599865482582 3 2 
139 37 0.0 6 14 13 0 63 70 2 0.0852741894891 4 5 
139 37 0.0 13 19 39 0 55 93 2 4.62624563118e-06 11 3 
139 37 0.0 9 4 7 0 54 40 2 0.0852811991682 4 2 
139 37 0.0 1 14 6 0 24 58 1 0.351684066786 0 6 
139 37 0.0 12 14 15 0 57 68 2 0.0727445702977 4 5 
139 37 0.0 3 23 10 0 61 72 1 0.00139917282128 0 9 
139 37 0.0 15 15 9 0 26 32 3 4.49170285133e-41 4 2 
139 37 0.0 2 19 6 0 37 68 1 0.193715283897 0 7 
139 37 0.0 14 13 20 0 74 75 2 3.94951056189e-08 9 2 
139 37 0.0 16 36 23 0 20 52 3 3.38031493056e-40 8 2 
139 37 0.0 5 15 14 0 53 74 1 0.168497103018 0 9 
139 37 0.0 17 17 18 0 40 28 2 3.20696295306e-14 8 0 
139 37 0.0 8 13 12 0 68 73 2 0.290135641092 5 4 
139 37 0.0 4 12 10 0 29 68 1 0.359886219236 0 7 
139 37 0.0 11 10 8 0 44 53 2 0.0937756066932 3 4 
139 37 0.0 7 10 17 0 52 73 2 0.05970118359 3 6 
139 37 0.0 18 32 19 0 28 43 3 1.30163352021e-43 9 0 
139 37 0.0 10 5 6 0 40 37 2 0.0433683130385 3 2 
139 37 2.0 6 14 13 0 63 70 2 0.0980656705748 4 5 
139 37 2.0 13 19 39 0 55 93 2 0.0570073912995 11 3 
139 37 2.0 9 4 7 0 54 40 2 0.098315658385 4 2 
139 37 2.0 1 14 6 0 24 58 1 0.269276274679 0 6 
139 37 2.0 12 14 15 0 57 68 2 0.0498656957032 4 5 
139 37 2.0 3 23 10 0 61 72 1 1.00497674203e-07 0 9 
139 37 2.0 15 15 9 0 26 32 3 8.187372402e-08 4 2 
139 37 2.0 2 19 6 0 37 68 1 0.124474313885 0 7 
139 37 2.0 14 13 20 0 74 75 2 0.0692848043357 9 2 
139 37 2.0 16 36 23 0 20 52 3 1.70063665439e-05 8 2 
139 37 2.0 5 15 14 0 53 74 1 0.118684401386 0 9 
139 37 2.0 17 17 18 0 40 28 2 0.0586361813625 8 0 
139 37 2.0 8 13 12 0 68 73 2 0.32155098089 5 4 
139 37 2.0 4 12 10 0 29 68 1 0.290769865688 0 7 
139 37 2.0 11 10 8 0 44 53 2 0.130729923764 3 4 
139 37 2.0 7 10 17 0 52 73 2 0.0449562224011 3 6 
139 37 2.0 18 32 19 0 28 43 3 0.000171994464911 9 0 
139 37 2.0 10 5 6 0 40 37 2 0.0600094431855 3 2 
139 38 0.0 6 14 13 0 63 70 2 0.0852638276971 4 5 
139 38 0.0 13 19 39 0 55 93 2 1.86186349553e-06 11 3 
139 38 0.0 9 4 7 0 54 40 2 0.0852659557229 4 2 
139 38 0.0 1 14 6 0 24 58 1 0.351743599142 0 6 
139 38 0.0 12 14 15 0 57 68 2 0.0728049432632 4 5 
139 38 0.0 3 23 10 0 61 72 1 0.00130050267598 0 9 
139 38 0.0 15 15 9 0 26 32 3 3.95520125709e-39 4 2 
139 38 0.0 2 19 6 0 37 68 1 0.19372964222 0 7 
139 38 0.0 14 13 20 0 74 75 2 6.05415415641e-08 9 2 
139 38 0.0 16 36 23 0 20 52 3 1.47523881233e-39 8 2 
139 38 0.0 5 15 14 0 53 74 1 0.168535433177 0 9 
139 38 0.0 17 17 18 0 40 28 2 1.32724342213e-14 8 0 
139 38 0.0 8 13 12 0 68 73 2 0.290214487261 5 4 
139 38 0.0 4 12 10 0 29 68 1 0.359928629316 0 7 
139 38 0.0 11 10 8 0 44 53 2 0.0937066835828 3 4 
139 38 0.0 7 10 17 0 52 73 2 0.059666228116 3 6 
139 38 0.0 18 32 19 0 28 43 3 6.10137317029e-43 9 0 
139 38 0.0 10 5 6 0 40 37 2 0.0433281968998 3 2 
139 38 2.0 6 14 13 0 63 70 2 0.0981064117944 4 5 
139 38 2.0 13 19 39 0 55 93 2 0.0569688350017 11 3 
139 38 2.0 9 4 7 0 54 40 2 0.0982254845738 4 2 
139 38 2.0 1 14 6 0 24 58 1 0.269240561372 0 6 
139 38 2.0 12 14 15 0 57 68 2 0.0498629493411 4 5 
139 38 2.0 3 23 10 0 61 72 1 2.3546178995e-07 0 9 
139 38 2.0 15 15 9 0 26 32 3 2.35650107327e-09 4 2 
139 38 2.0 2 19 6 0 37 68 1 0.124441615271 0 7 
139 38 2.0 14 13 20 0 74 75 2 0.0691792371902 9 2 
139 38 2.0 16 36 23 0 20 52 3 1.55816279416e-06 8 2 
139 38 2.0 5 15 14 0 53 74 1 0.11863507641 0 9 
139 38 2.0 17 17 18 0 40 28 2 0.0585451633255 8 0 
139 38 2.0 8 13 12 0 68 73 2 0.321620283191 5 4 
139 38 2.0 4 12 10 0 29 68 1 0.290726881526 0 7 
139 38 2.0 11 10 8 0 44 53 2 0.130782797258 3 4 
139 38 2.0 7 10 17 0 52 73 2 0.0450544404086 3 6 
139 38 2.0 18 32 19 0 28 43 3 8.72363494179e-05 9 0 
139 38 2.0 10 5 6 0 40 37 2 0.0599856224199 3 2 
139 39 0.0 6 14 13 0 63 70 2 0.0852602771287 4 5 
139 39 0.0 13 19 39 0 55 93 2 3.4018647617e-06 11 3 
139 39 0.0 9 4 7 0 54 40 2 0.0852686093572 4 2 
139 39 0.0 1 14 6 0 24 58 1 0.351835907149 0 6 
139 39 0.0 12 14 15 0 57 68 2 0.0728585533941 4 5 
139 39 0.0 3 23 10 0 61 72 1 0.00113889601244 0 9 
139 39 0.0 15 15 9 0 26 32 3 6.18215037106e-40 4 2 
139 39 0.0 2 19 6 0 37 68 1 0.193758047577 0 7 
139 39 0.0 14 13 20 0 74 75 2 7.30487758629e-08 9 2 
139 39 0.0 16 36 23 0 20 52 3 3.49145066149e-41 8 2 
139 39 0.0 5 15 14 0 53 74 1 0.168599079783 0 9 
139 39 0.0 17 17 18 0 40 28 2 1.8012999082e-14 8 0 
139 39 0.0 8 13 12 0 68 73 2 0.290336905813 5 4 
139 39 0.0 4 12 10 0 29 68 1 0.35999964826 0 7 
139 39 0.0 11 10 8 0 44 53 2 0.0935970380864 3 4 
139 39 0.0 7 10 17 0 52 73 2 0.0595801532954 3 6 
139 39 0.0 18 32 19 0 28 43 3 4.62627944734e-43 9 0 
139 39 0.0 10 5 6 0 40 37 2 0.0432951829206 3 2 
139 39 2.0 6 14 13 0 63 70 2 0.0981152279719 4 5 
139 39 2.0 13 19 39 0 55 93 2 0.0570122308169 11 3 
139 39 2.0 9 4 7 0 54 40 2 0.0982210851385 4 2 
139 39 2.0 1 14 6 0 24 58 1 0.269269716437 0 6 
139 39 2.0 12 14 15 0 57 68 2 0.0498965358687 4 5 
139 39 2.0 3 23 10 0 61 72 1 1.58311281445e-07 0 9 
139 39 2.0 15 15 9 0 26 32 3 6.89266675645e-09 4 2 
139 39 2.0 2 19 6 0 37 68 1 0.124447209213 0 7 
139 39 2.0 14 13 20 0 74 75 2 0.0693236829869 9 2 
139 39 2.0 16 36 23 0 20 52 3 3.02494292337e-06 8 2 
139 39 2.0 5 15 14 0 53 74 1 0.118689498169 0 9 
139 39 2.0 17 17 18 0 40 28 2 0.0586576385815 8 0 
139 39 2.0 8 13 12 0 68 73 2 0.321609831952 5 4 
139 39 2.0 4 12 10 0 29 68 1 0.290762414813 0 7 
139 39 2.0 11 10 8 0 44 53 2 0.130704484082 3 4 
139 39 2.0 7 10 17 0 52 73 2 0.0449450362433 3 6 
139 39 2.0 18 32 19 0 28 43 3 7.58867817953e-05 9 0 
139 39 2.0 10 5 6 0 40 37 2 0.0599702127217 3 2 
139 40 0.0 6 14 13 0 63 70 2 0.0852589061731 4 5 
139 40 0.0 13 19 39 0 55 93 2 7.36382275888e-06 11 3 
139 40 0.0 9 4 7 0 54 40 2 0.0852629611898 4 2 
139 40 0.0 1 14 6 0 24 58 1 0.351713173691 0 6 
139 40 0.0 12 14 15 0 57 68 2 0.0727913507774 4 5 
139 40 0.0 3 23 10 0 61 72 1 0.00135249264845 0 9 
139 40 0.0 15 15 9 0 26 32 3 1.48921903111e-40 4 2 
139 40 0.0 2 19 6 0 37 68 1 0.193721473118 0 7 
139 40 0.0 14 13 20 0 74 75 2 5.1282434803e-08 9 2 
139 40 0.0 16 36 23 0 20 52 3 3.4463605512e-39 8 2 
139 40 0.0 5 15 14 0 53 74 1 0.168519296039 0 9 
139 40 0.0 17 17 18 0 40 28 2 1.44508897507e-14 8 0 
139 40 0.0 8 13 12 0 68 73 2 0.290169294473 5 4 
139 40 0.0 4 12 10 0 29 68 1 0.359903623226 0 7 
139 40 0.0 11 10 8 0 44 53 2 0.0937459716495 3 4 
139 40 0.0 7 10 17 0 52 73 2 0.0597017584416 3 6 
139 40 0.0 18 32 19 0 28 43 3 5.6362764452e-43 9 0 
139 40 0.0 10 5 6 0 40 37 2 0.043333700714 3 2 
139 40 2.0 6 14 13 0 63 70 2 0.0980754922999 4 5 
139 40 2.0 13 19 39 0 55 93 2 0.0570804926554 11 3 
139 40 2.0 9 4 7 0 54 40 2 0.0981431672238 4 2 
139 40 2.0 1 14 6 0 24 58 1 0.269235428141 0 6 
139 40 2.0 12 14 15 0 57 68 2 0.0498819492945 4 5 
139 40 2.0 3 23 10 0 61 72 1 3.48387061116e-07 0 9 
139 40 2.0 15 15 9 0 26 32 3 8.51248750059e-10 4 2 
139 40 2.0 2 19 6 0 37 68 1 0.12444381213 0 7 
139 40 2.0 14 13 20 0 74 75 2 0.0692059422072 9 2 
139 40 2.0 16 36 23 0 20 52 3 2.74268840119e-06 8 2 
139 40 2.0 5 15 14 0 53 74 1 0.118678565677 0 9 
139 40 2.0 17 17 18 0 40 28 2 0.0584785977954 8 0 
139 40 2.0 8 13 12 0 68 73 2 0.321624479386 5 4 
139 40 2.0 4 12 10 0 29 68 1 0.290664537821 0 7 
139 40 2.0 11 10 8 0 44 53 2 0.130805253414 3 4 
139 40 2.0 7 10 17 0 52 73 2 0.045147881431 3 6 
139 40 2.0 18 32 19 0 28 43 3 4.70420105954e-05 9 0 
139 40 2.0 10 5 6 0 40 37 2 0.0599130977477 3 2 
