111 1 0.0 95 36 59 0 903 387 0 0 0 0 0 0 0 0 31.0 1.50492688995 0.048546028708 0.306090021802 0.0209520294479 
111 1 2.0 95 36 59 0 903 387 0 0 0 0 0 0 0 0 31.0 1.40873680836 0.0454431228503 0.209797407946 0.0278337351614 
111 2 0.0 95 36 59 0 903 387 0 0 0 0 0 0 0 0 31.0 1.50435133135 0.0485274623017 0.305983980377 0.0209428353651 
111 2 2.0 95 36 59 0 903 387 0 0 0 0 0 0 0 0 31.0 1.40934691109 0.0454628035837 0.209880083974 0.0278466663989 
111 3 0.0 95 36 59 0 903 387 0 0 0 0 0 0 0 0 31.0 1.5050142042 0.0485488452968 0.306100418154 0.0209540339192 
111 3 2.0 95 36 59 0 903 387 0 0 0 0 0 0 0 0 31.0 1.40976886473 0.0454764149912 0.209938790025 0.0278554462376 
111 4 0.0 95 36 59 0 903 387 0 0 0 0 0 0 0 0 31.0 1.50496708814 0.048547325424 0.306101320519 0.020952254521 
111 4 2.0 95 36 59 0 903 387 0 0 0 0 0 0 0 0 31.0 1.40851022383 0.045435813672 0.209768192899 0.0278287730405 
111 5 0.0 95 36 59 0 903 387 0 0 0 0 0 0 0 0 31.0 1.50459748388 0.0485354027059 0.30602691006 0.020947026918 
111 5 2.0 95 36 59 0 903 387 0 0 0 0 0 0 0 0 31.0 1.40856887098 0.0454377055154 0.209774510291 0.0278301907181 
111 6 0.0 95 36 59 0 903 387 0 0 0 0 0 0 0 0 31.0 1.50476998655 0.0485409673079 0.30606067884 0.0209495696438 
111 6 2.0 95 36 59 0 903 387 0 0 0 0 0 0 0 0 31.0 1.40855689686 0.0454373192536 0.209773869237 0.0278298317554 
111 7 0.0 95 36 59 0 903 387 0 0 0 0 0 0 0 0 31.0 1.50459943241 0.0485354655615 0.306027404677 0.0209470435134 
111 7 2.0 95 36 59 0 903 387 0 0 0 0 0 0 0 0 31.0 1.40916635793 0.0454569792882 0.20985423757 0.0278429873294 
111 8 0.0 95 36 59 0 903 387 0 0 0 0 0 0 0 0 31.0 1.5044468262 0.0485305427805 0.306002889744 0.0209442198915 
111 8 2.0 95 36 59 0 903 387 0 0 0 0 0 0 0 0 31.0 1.40865698274 0.0454405478304 0.209785676236 0.0278321412155 
111 9 0.0 95 36 59 0 903 387 0 0 0 0 0 0 0 0 31.0 1.50443396064 0.0485301277627 0.305998638293 0.0209442159202 
111 9 2.0 95 36 59 0 903 387 0 0 0 0 0 0 0 0 31.0 1.40810429925 0.0454227193305 0.209713382722 0.0278201482529 
111 10 0.0 95 36 59 0 903 387 0 0 0 0 0 0 0 0 31.0 1.5050272286 0.0485492654388 0.306103890123 0.0209541270798 
111 10 2.0 95 36 59 0 903 387 0 0 0 0 0 0 0 0 31.0 1.40829532633 0.0454288814946 0.209740050004 0.02782411344 
111 1 0.0 95 36 59 0 903 387 0 0 0 0 0 0 0 0 31.0 1.50437954793 0.048528372514 0.305988721702 0.020943335101 
111 1 2.0 95 36 59 0 903 387 0 0 0 0 0 0 0 0 31.0 1.40854527343 0.0454369443041 0.209771274289 0.0278296946629 
111 2 0.0 95 36 59 0 903 387 0 0 0 0 0 0 0 0 31.0 1.50537600442 0.0485605162717 0.306165500563 0.0209599822405 
111 2 2.0 95 36 59 0 903 387 0 0 0 0 0 0 0 0 31.0 1.40862727564 0.0454395895368 0.20978432665 0.0278312248461 
111 3 0.0 95 36 59 0 903 387 0 0 0 0 0 0 0 0 31.0 1.50487759383 0.0485444385107 0.3060876486 0.020950523144 
111 3 2.0 95 36 59 0 903 387 0 0 0 0 0 0 0 0 31.0 1.40930759296 0.0454615352568 0.209873814039 0.0278459339587 
111 4 0.0 95 36 59 0 903 387 0 0 0 0 0 0 0 0 31.0 1.50674878434 0.0486047994949 0.306530946765 0.0209698551445 
111 4 2.0 95 36 59 0 903 387 0 0 0 0 0 0 0 0 31.0 1.40869216774 0.0454416828303 0.209794230723 0.0278324812704 
111 5 0.0 95 36 59 0 903 387 0 0 0 0 0 0 0 0 31.0 1.5046956821 0.0485385703902 0.306044561251 0.020948642798 
111 5 2.0 95 36 59 0 903 387 0 0 0 0 0 0 0 0 31.0 1.40823955942 0.0454270825619 0.209730881778 0.0278231040744 
111 6 0.0 95 36 59 0 903 387 0 0 0 0 0 0 0 0 31.0 1.50483427935 0.0485430412692 0.30606986782 0.0209508812816 
111 6 2.0 95 36 59 0 903 387 0 0 0 0 0 0 0 0 31.0 1.40869308388 0.0454417123833 0.209791521045 0.0278328043124 
111 7 0.0 95 36 59 0 903 387 0 0 0 0 0 0 0 0 31.0 1.50529767698 0.0485579895801 0.306152750883 0.0209585508691 
111 7 2.0 95 36 59 0 903 387 0 0 0 0 0 0 0 0 31.0 1.40879025094 0.0454448468045 0.209808675541 0.0278344365828 
111 8 0.0 95 36 59 0 903 387 0 0 0 0 0 0 0 0 31.0 1.50504698013 0.048549902585 0.306108158313 0.0209543751855 
111 8 2.0 95 36 59 0 903 387 0 0 0 0 0 0 0 0 31.0 1.40885167621 0.0454468282648 0.20981345386 0.0278361183796 
111 9 0.0 95 36 59 0 903 387 0 0 0 0 0 0 0 0 31.0 1.50432180405 0.048526509808 0.305979160637 0.0209422972192 
111 9 2.0 95 36 59 0 903 387 0 0 0 0 0 0 0 0 31.0 1.40890564265 0.0454485691176 0.209821432587 0.0278371908888 
111 10 0.0 95 36 59 0 903 387 0 0 0 0 0 0 0 0 31.0 1.50505240265 0.048550077505 0.306126351006 0.0209526196299 
111 10 2.0 95 36 59 0 903 387 0 0 0 0 0 0 0 0 31.0 1.40905089226 0.045453254589 0.209840055459 0.0278403830672 
111 11 0.0 95 36 59 0 903 387 0 0 0 0 0 0 0 0 31.0 1.50503977031 0.04854967001 0.306107287998 0.0209542109399 
111 11 2.0 95 36 59 0 903 387 0 0 0 0 0 0 0 0 31.0 1.40886189409 0.0454471578738 0.209815227624 0.0278362932577 
111 12 0.0 95 36 59 0 903 387 0 0 0 0 0 0 0 0 31.0 1.50446136929 0.0485310119126 0.30600361359 0.0209446617329 
111 12 2.0 95 36 59 0 903 387 0 0 0 0 0 0 0 0 31.0 1.40808126968 0.0454219764413 0.209710200372 0.0278196667344 
111 13 0.0 95 36 59 0 903 387 0 0 0 0 0 0 0 0 31.0 1.50546834668 0.0485634950543 0.306181085066 0.0209616104101 
111 13 2.0 95 36 59 0 903 387 0 0 0 0 0 0 0 0 31.0 1.40889730385 0.0454483001241 0.209819580316 0.0278370915321 
111 14 0.0 95 36 59 0 903 387 0 0 0 0 0 0 0 0 31.0 1.50460023777 0.0485354915411 0.306028367725 0.0209469690929 
111 14 2.0 95 36 59 0 903 387 0 0 0 0 0 0 0 0 31.0 1.40878531634 0.0454446876238 0.209803854047 0.0278347769355 
111 15 0.0 95 36 59 0 903 387 0 0 0 0 0 0 0 0 31.0 1.50553044794 0.0485654983206 0.306194195021 0.0209624236741 
111 15 2.0 95 36 59 0 903 387 0 0 0 0 0 0 0 0 31.0 1.40839845981 0.0454322083809 0.209753639979 0.0278263407096 
111 16 0.0 95 36 59 0 903 387 0 0 0 0 0 0 0 0 31.0 1.50477752579 0.0485412105094 0.30605953618 0.0209499613304 
111 16 2.0 95 36 59 0 903 387 0 0 0 0 0 0 0 0 31.0 1.4087336944 0.0454430224001 0.209797233402 0.0278336426498 
111 17 0.0 95 36 59 0 903 387 0 0 0 0 0 0 0 0 31.0 1.5048919025 0.0485449000807 0.306088647966 0.020950927093 
111 17 2.0 95 36 59 0 903 387 0 0 0 0 0 0 0 0 31.0 1.40803494705 0.0454204821629 0.209704884279 0.0278185819362 
111 18 0.0 95 36 59 0 903 387 0 0 0 0 0 0 0 0 31.0 1.50466211358 0.0485374875349 0.306042389955 0.0209476765613 
111 18 2.0 95 36 59 0 903 387 0 0 0 0 0 0 0 0 31.0 1.40887542639 0.0454475943997 0.209819439212 0.0278363253127 
111 19 0.0 95 36 59 0 903 387 0 0 0 0 0 0 0 0 31.0 1.50473711768 0.0485399070219 0.306051633071 0.0209493649452 
111 19 2.0 95 36 59 0 903 387 0 0 0 0 0 0 0 0 31.0 1.40788120325 0.0454155226854 0.209683233407 0.0278154108223 
111 20 0.0 95 36 59 0 903 387 0 0 0 0 0 0 0 0 31.0 1.50425854918 0.0485244693284 0.305968045096 0.0209412290676 
111 20 2.0 95 36 59 0 903 387 0 0 0 0 0 0 0 0 31.0 1.40907348775 0.0454539834757 0.209845622384 0.0278405935927 
111 21 0.0 95 36 59 0 903 387 0 0 0 0 0 0 0 0 31.0 1.50506346791 0.0485504344488 0.306110656783 0.0209546963416 
111 21 2.0 95 36 59 0 903 387 0 0 0 0 0 0 0 0 31.0 1.40826425816 0.0454278792954 0.209734552648 0.0278235928647 
111 22 0.0 95 36 59 0 903 387 0 0 0 0 0 0 0 0 31.0 1.50482708282 0.0485428091232 0.306067416012 0.0209508869565 
111 22 2.0 95 36 59 0 903 387 0 0 0 0 0 0 0 0 31.0 1.40822323221 0.0454265558777 0.209728919648 0.027822731188 
111 23 0.0 95 36 59 0 903 387 0 0 0 0 0 0 0 0 31.0 1.50493158045 0.0485461800144 0.306086897258 0.0209525317383 
111 23 2.0 95 36 59 0 903 387 0 0 0 0 0 0 0 0 31.0 1.40870979671 0.0454422515068 0.209792296207 0.0278333181461 
111 24 0.0 95 36 59 0 903 387 0 0 0 0 0 0 0 0 31.0 1.50432277761 0.0485265412132 0.305980244717 0.0209422158378 
111 24 2.0 95 36 59 0 903 387 0 0 0 0 0 0 0 0 31.0 1.40930627534 0.045461492753 0.209876772161 0.0278455699594 
111 25 0.0 95 36 59 0 903 387 0 0 0 0 0 0 0 0 31.0 1.50538265615 0.0485607308437 0.306176853923 0.0209590033709 
111 25 2.0 95 36 59 0 903 387 0 0 0 0 0 0 0 0 31.0 1.40837437906 0.0454314315825 0.209749541335 0.0278259198233 
111 26 0.0 95 36 59 0 903 387 0 0 0 0 0 0 0 0 31.0 1.5047349588 0.0485398373808 0.306053532853 0.0209490842945 
111 26 2.0 95 36 59 0 903 387 0 0 0 0 0 0 0 0 31.0 1.40834344939 0.0454304338514 0.209745514818 0.0278252466049 
111 27 0.0 95 36 59 0 903 387 0 0 0 0 0 0 0 0 31.0 1.50445577364 0.0485308314076 0.30600202275 0.0209446323353 
111 27 2.0 95 36 59 0 903 387 0 0 0 0 0 0 0 0 31.0 1.40875912071 0.0454438426036 0.209803936938 0.0278338324963 
111 28 0.0 95 36 59 0 903 387 0 0 0 0 0 0 0 0 31.0 1.50540640166 0.0485614968278 0.306170929862 0.0209604861456 
111 28 2.0 95 36 59 0 903 387 0 0 0 0 0 0 0 0 31.0 1.40899762712 0.0454515363586 0.209835433077 0.0278389759959 
111 29 0.0 95 36 59 0 903 387 0 0 0 0 0 0 0 0 31.0 1.50506671926 0.0485505393311 0.306110375147 0.0209548426366 
111 29 2.0 95 36 59 0 903 387 0 0 0 0 0 0 0 0 31.0 1.40945132355 0.0454661717273 0.209894163411 0.0278488869041 
111 30 0.0 95 36 59 0 903 387 0 0 0 0 0 0 0 0 31.0 1.50505435157 0.0485501403731 0.3061235074 0.020952993906 
111 30 2.0 95 36 59 0 903 387 0 0 0 0 0 0 0 0 31.0 1.4085424191 0.0454368522289 0.209772213631 0.0278294920787 
111 31 0.0 95 36 59 0 903 387 0 0 0 0 0 0 0 0 31.0 1.50449853757 0.0485322108894 0.306009451586 0.0209453636719 
111 31 2.0 95 36 59 0 903 387 0 0 0 0 0 0 0 0 31.0 1.40865338982 0.0454404319297 0.209786388008 0.0278319366357 
111 32 0.0 95 36 59 0 903 387 0 0 0 0 0 0 0 0 31.0 1.50505551517 0.0485501779088 0.306107777489 0.0209547208109 
111 32 2.0 95 36 59 0 903 387 0 0 0 0 0 0 0 0 31.0 1.40901457181 0.0454520829615 0.209837335357 0.0278393773477 
111 33 0.0 95 36 59 0 903 387 0 0 0 0 0 0 0 0 31.0 1.50500724948 0.0485486209509 0.306105373528 0.0209532546034 
111 33 2.0 95 36 59 0 903 387 0 0 0 0 0 0 0 0 31.0 1.40911275165 0.0454552500532 0.209843578448 0.0278422148681 
111 34 0.0 95 36 59 0 903 387 0 0 0 0 0 0 0 0 31.0 1.50445340441 0.0485307549808 0.306002910345 0.0209444526204 
111 34 2.0 95 36 59 0 903 387 0 0 0 0 0 0 0 0 31.0 1.40862649971 0.0454395645068 0.209782780963 0.0278313627436 
111 35 0.0 95 36 59 0 903 387 0 0 0 0 0 0 0 0 31.0 1.5048203525 0.0485425920163 0.306069934052 0.0209503767981 
111 35 2.0 95 36 59 0 903 387 0 0 0 0 0 0 0 0 31.0 1.40936779011 0.0454634771002 0.209883588045 0.0278470366418 
111 36 0.0 95 36 59 0 903 387 0 0 0 0 0 0 0 0 31.0 1.50453531403 0.0485333972269 0.306018788453 0.0209456767384 
111 36 2.0 95 36 59 0 903 387 0 0 0 0 0 0 0 0 31.0 1.40881752095 0.0454457264822 0.209806567468 0.0278356363767 
111 37 0.0 95 36 59 0 903 387 0 0 0 0 0 0 0 0 31.0 1.50446314008 0.048531069035 0.306005901001 0.0209444798957 
111 37 2.0 95 36 59 0 903 387 0 0 0 0 0 0 0 0 31.0 1.40874871496 0.0454435069343 0.209799575007 0.0278339282122 
111 38 0.0 95 36 59 0 903 387 0 0 0 0 0 0 0 0 31.0 1.50419944098 0.0485225626122 0.305957129192 0.0209402876215 
111 38 2.0 95 36 59 0 903 387 0 0 0 0 0 0 0 0 31.0 1.40875844903 0.0454438209363 0.209800105591 0.0278342190091 
111 39 0.0 95 36 59 0 903 387 0 0 0 0 0 0 0 0 31.0 1.50487116921 0.048544231265 0.306075386779 0.0209516074599 
111 39 2.0 95 36 59 0 903 387 0 0 0 0 0 0 0 0 31.0 1.40892752526 0.0454492750085 0.209822398837 0.0278378688839 
111 40 0.0 95 36 59 0 903 387 0 0 0 0 0 0 0 0 31.0 1.50480232171 0.0485420103776 0.306075987887 0.0209490842159 
111 40 2.0 95 36 59 0 903 387 0 0 0 0 0 0 0 0 31.0 1.40882294764 0.0454459015369 0.209808952035 0.0278355746978 
