152 1 0.0 9 5 2 0 6 5 2 0.217587737358 3 0 
152 1 0.0 1 4 2 0 12 12 1 0.183796247576 0 4 
152 1 0.0 8 9 1 0 7 13 3 3.47506764054e-58 3 1 
152 1 0.0 3 1 1 0 2 12 1 0.392741437876 0 2 
152 1 0.0 2 2 0 0 1 8 1 0.762765022861 0 1 
152 1 0.0 5 2 0 0 9 7 2 0.102783297245 1 1 
152 1 0.0 4 3 2 0 8 9 2 6.28036052967e-17 1 2 
152 1 0.0 7 7 3 0 16 22 2 0.21605155577 4 2 
152 1 0.0 6 3 1 0 11 8 2 3.15692051901e-30 2 1 
152 1 2.0 9 5 2 0 6 5 2 0.382663587715 3 0 
152 1 2.0 1 4 2 0 12 12 1 0.121441622208 0 4 
152 1 2.0 8 9 1 0 7 13 3 6.55844971282e-52 3 1 
152 1 2.0 3 1 1 0 2 12 1 0.266303924737 0 2 
152 1 2.0 2 2 0 0 1 8 1 0.786374490475 0 1 
152 1 2.0 5 2 0 0 9 7 2 0.131189992583 1 1 
152 1 2.0 4 3 2 0 8 9 2 1.96031175263e-17 1 2 
152 1 2.0 7 7 3 0 16 22 2 0.221947351059 4 2 
152 1 2.0 6 3 1 0 11 8 2 9.02481007492e-26 2 1 
152 2 0.0 9 5 2 0 6 5 2 0.217587583314 3 0 
152 2 0.0 1 4 2 0 12 12 1 0.183801372174 0 4 
152 2 0.0 8 9 1 0 7 13 3 8.91175805313e-57 3 1 
152 2 0.0 3 1 1 0 2 12 1 0.392742901714 0 2 
152 2 0.0 2 2 0 0 1 8 1 0.76276544404 0 1 
152 2 0.0 5 2 0 0 9 7 2 0.102783550995 1 1 
152 2 0.0 4 3 2 0 8 9 2 7.82949299902e-18 1 2 
152 2 0.0 7 7 3 0 16 22 2 0.216052799681 4 2 
152 2 0.0 6 3 1 0 11 8 2 3.84825976223e-30 2 1 
152 2 2.0 9 5 2 0 6 5 2 0.382664717831 3 0 
152 2 2.0 1 4 2 0 12 12 1 0.121440136534 0 4 
152 2 2.0 8 9 1 0 7 13 3 1.44855579489e-52 3 1 
152 2 2.0 3 1 1 0 2 12 1 0.26630312226 0 2 
152 2 2.0 2 2 0 0 1 8 1 0.786373761835 0 1 
152 2 2.0 5 2 0 0 9 7 2 0.131192151043 1 1 
152 2 2.0 4 3 2 0 8 9 2 4.73757694533e-18 1 2 
152 2 2.0 7 7 3 0 16 22 2 0.221947435864 4 2 
152 2 2.0 6 3 1 0 11 8 2 1.398726554e-25 2 1 
152 3 0.0 9 5 2 0 6 5 2 0.21758756621 3 0 
152 3 0.0 1 4 2 0 12 12 1 0.183796911646 0 4 
152 3 0.0 8 9 1 0 7 13 3 4.12632490586e-58 3 1 
152 3 0.0 3 1 1 0 2 12 1 0.392741736049 0 2 
152 3 0.0 2 2 0 0 1 8 1 0.762765280647 0 1 
152 3 0.0 5 2 0 0 9 7 2 0.102782879661 1 1 
152 3 0.0 4 3 2 0 8 9 2 2.97682627677e-17 1 2 
152 3 0.0 7 7 3 0 16 22 2 0.216051477292 4 2 
152 3 0.0 6 3 1 0 11 8 2 4.44731844459e-30 2 1 
152 3 2.0 9 5 2 0 6 5 2 0.382657814142 3 0 
152 3 2.0 1 4 2 0 12 12 1 0.121465838931 0 4 
152 3 2.0 8 9 1 0 7 13 3 5.30908557453e-52 3 1 
152 3 2.0 3 1 1 0 2 12 1 0.26631317656 0 2 
152 3 2.0 2 2 0 0 1 8 1 0.786378109565 0 1 
152 3 2.0 5 2 0 0 9 7 2 0.131179393057 1 1 
152 3 2.0 4 3 2 0 8 9 2 1.18710893281e-16 1 2 
152 3 2.0 7 7 3 0 16 22 2 0.221954077353 4 2 
152 3 2.0 6 3 1 0 11 8 2 1.33324314172e-25 2 1 
152 4 0.0 9 5 2 0 6 5 2 0.217587563854 3 0 
152 4 0.0 1 4 2 0 12 12 1 0.183800288832 0 4 
152 4 0.0 8 9 1 0 7 13 3 1.80654847246e-58 3 1 
152 4 0.0 3 1 1 0 2 12 1 0.392742629591 0 2 
152 4 0.0 2 2 0 0 1 8 1 0.76276542493 0 1 
152 4 0.0 5 2 0 0 9 7 2 0.102783342345 1 1 
152 4 0.0 4 3 2 0 8 9 2 5.64394610366e-17 1 2 
152 4 0.0 7 7 3 0 16 22 2 0.216052454245 4 2 
152 4 0.0 6 3 1 0 11 8 2 3.13557121121e-30 2 1 
152 4 2.0 9 5 2 0 6 5 2 0.382660170721 3 0 
152 4 2.0 1 4 2 0 12 12 1 0.121443372521 0 4 
152 4 2.0 8 9 1 0 7 13 3 9.89390684177e-52 3 1 
152 4 2.0 3 1 1 0 2 12 1 0.266305501407 0 2 
152 4 2.0 2 2 0 0 1 8 1 0.786376710552 0 1 
152 4 2.0 5 2 0 0 9 7 2 0.131183395617 1 1 
152 4 2.0 4 3 2 0 8 9 2 2.78737204448e-18 1 2 
152 4 2.0 7 7 3 0 16 22 2 0.221945913987 4 2 
152 4 2.0 6 3 1 0 11 8 2 6.83205732255e-26 2 1 
152 5 0.0 9 5 2 0 6 5 2 0.217588062745 3 0 
152 5 0.0 1 4 2 0 12 12 1 0.183800380844 0 4 
152 5 0.0 8 9 1 0 7 13 3 3.6093777536e-57 3 1 
152 5 0.0 3 1 1 0 2 12 1 0.392742295921 0 2 
152 5 0.0 2 2 0 0 1 8 1 0.762764758223 0 1 
152 5 0.0 5 2 0 0 9 7 2 0.102784841631 1 1 
152 5 0.0 4 3 2 0 8 9 2 1.48849588394e-16 1 2 
152 5 0.0 7 7 3 0 16 22 2 0.216053271846 4 2 
152 5 0.0 6 3 1 0 11 8 2 9.64050787251e-30 2 1 
152 5 2.0 9 5 2 0 6 5 2 0.382659473242 3 0 
152 5 2.0 1 4 2 0 12 12 1 0.121466296776 0 4 
152 5 2.0 8 9 1 0 7 13 3 8.06709809355e-52 3 1 
152 5 2.0 3 1 1 0 2 12 1 0.266312816216 0 2 
152 5 2.0 2 2 0 0 1 8 1 0.786377023526 0 1 
152 5 2.0 5 2 0 0 9 7 2 0.131182629914 1 1 
152 5 2.0 4 3 2 0 8 9 2 2.31396291881e-17 1 2 
152 5 2.0 7 7 3 0 16 22 2 0.221955338247 4 2 
152 5 2.0 6 3 1 0 11 8 2 7.56052344775e-26 2 1 
152 6 0.0 9 5 2 0 6 5 2 0.217588800398 3 0 
152 6 0.0 1 4 2 0 12 12 1 0.183795120503 0 4 
152 6 0.0 8 9 1 0 7 13 3 1.8992312903e-57 3 1 
152 6 0.0 3 1 1 0 2 12 1 0.392740377475 0 2 
152 6 0.0 2 2 0 0 1 8 1 0.762763546941 0 1 
152 6 0.0 5 2 0 0 9 7 2 0.102786307903 1 1 
152 6 0.0 4 3 2 0 8 9 2 4.97154483652e-17 1 2 
152 6 0.0 7 7 3 0 16 22 2 0.216052913698 4 2 
152 6 0.0 6 3 1 0 11 8 2 2.04110718327e-30 2 1 
152 6 2.0 9 5 2 0 6 5 2 0.382655208502 3 0 
152 6 2.0 1 4 2 0 12 12 1 0.121450801714 0 4 
152 6 2.0 8 9 1 0 7 13 3 2.75149354145e-52 3 1 
152 6 2.0 3 1 1 0 2 12 1 0.266309305667 0 2 
152 6 2.0 2 2 0 0 1 8 1 0.786379904179 0 1 
152 6 2.0 5 2 0 0 9 7 2 0.131173941401 1 1 
152 6 2.0 4 3 2 0 8 9 2 2.80669450056e-17 1 2 
152 6 2.0 7 7 3 0 16 22 2 0.2219459317 4 2 
152 6 2.0 6 3 1 0 11 8 2 5.44571595871e-26 2 1 
152 7 0.0 9 5 2 0 6 5 2 0.217588727502 3 0 
152 7 0.0 1 4 2 0 12 12 1 0.183797627727 0 4 
152 7 0.0 8 9 1 0 7 13 3 8.36120976954e-58 3 1 
152 7 0.0 3 1 1 0 2 12 1 0.392741091895 0 2 
152 7 0.0 2 2 0 0 1 8 1 0.762763749688 0 1 
152 7 0.0 5 2 0 0 9 7 2 0.102786439432 1 1 
152 7 0.0 4 3 2 0 8 9 2 1.27278536192e-16 1 2 
152 7 0.0 7 7 3 0 16 22 2 0.216053526209 4 2 
152 7 0.0 6 3 1 0 11 8 2 8.38548569419e-30 2 1 
152 7 2.0 9 5 2 0 6 5 2 0.382657748293 3 0 
152 7 2.0 1 4 2 0 12 12 1 0.12146305374 0 4 
152 7 2.0 8 9 1 0 7 13 3 1.63060233484e-52 3 1 
152 7 2.0 3 1 1 0 2 12 1 0.26631233349 0 2 
152 7 2.0 2 2 0 0 1 8 1 0.786378169879 0 1 
152 7 2.0 5 2 0 0 9 7 2 0.131179193471 1 1 
152 7 2.0 4 3 2 0 8 9 2 3.89527155901e-17 1 2 
152 7 2.0 7 7 3 0 16 22 2 0.221952835839 4 2 
152 7 2.0 6 3 1 0 11 8 2 1.43141573699e-26 2 1 
152 8 0.0 9 5 2 0 6 5 2 0.217588348026 3 0 
152 8 0.0 1 4 2 0 12 12 1 0.18379423199 0 4 
152 8 0.0 8 9 1 0 7 13 3 2.21707777059e-58 3 1 
152 8 0.0 3 1 1 0 2 12 1 0.392740467419 0 2 
152 8 0.0 2 2 0 0 1 8 1 0.762764117843 0 1 
152 8 0.0 5 2 0 0 9 7 2 0.102784836432 1 1 
152 8 0.0 4 3 2 0 8 9 2 2.64523528283e-16 1 2 
152 8 0.0 7 7 3 0 16 22 2 0.216051938544 4 2 
152 8 0.0 6 3 1 0 11 8 2 2.72474567127e-30 2 1 
152 8 2.0 9 5 2 0 6 5 2 0.382656091684 3 0 
152 8 2.0 1 4 2 0 12 12 1 0.121458966136 0 4 
152 8 2.0 8 9 1 0 7 13 3 6.71712341647e-53 3 1 
152 8 2.0 3 1 1 0 2 12 1 0.266311568334 0 2 
152 8 2.0 2 2 0 0 1 8 1 0.78637927685 0 1 
152 8 2.0 5 2 0 0 9 7 2 0.13117586819 1 1 
152 8 2.0 4 3 2 0 8 9 2 8.94823045801e-17 1 2 
152 8 2.0 7 7 3 0 16 22 2 0.221950013591 4 2 
152 8 2.0 6 3 1 0 11 8 2 2.96891006334e-25 2 1 
152 9 0.0 9 5 2 0 6 5 2 0.217588814265 3 0 
152 9 0.0 1 4 2 0 12 12 1 0.183799549407 0 4 
152 9 0.0 8 9 1 0 7 13 3 1.21009435522e-58 3 1 
152 9 0.0 3 1 1 0 2 12 1 0.392741537115 0 2 
152 9 0.0 2 2 0 0 1 8 1 0.762763713365 0 1 
152 9 0.0 5 2 0 0 9 7 2 0.102786965233 1 1 
152 9 0.0 4 3 2 0 8 9 2 8.21451892264e-18 1 2 
152 9 0.0 7 7 3 0 16 22 2 0.216054221792 4 2 
152 9 0.0 6 3 1 0 11 8 2 1.19368539759e-29 2 1 
152 9 2.0 9 5 2 0 6 5 2 0.382656347559 3 0 
152 9 2.0 1 4 2 0 12 12 1 0.121457259279 0 4 
152 9 2.0 8 9 1 0 7 13 3 1.43831634952e-51 3 1 
152 9 2.0 3 1 1 0 2 12 1 0.266310961977 0 2 
152 9 2.0 2 2 0 0 1 8 1 0.786379120404 0 1 
152 9 2.0 5 2 0 0 9 7 2 0.131176321668 1 1 
152 9 2.0 4 3 2 0 8 9 2 1.22259219113e-18 1 2 
152 9 2.0 7 7 3 0 16 22 2 0.221949442663 4 2 
152 9 2.0 6 3 1 0 11 8 2 1.59355965713e-25 2 1 
152 10 0.0 9 5 2 0 6 5 2 0.217587370946 3 0 
152 10 0.0 1 4 2 0 12 12 1 0.183799533436 0 4 
152 10 0.0 8 9 1 0 7 13 3 1.13575085714e-58 3 1 
152 10 0.0 3 1 1 0 2 12 1 0.392742568523 0 2 
152 10 0.0 2 2 0 0 1 8 1 0.76276565265 0 1 
152 10 0.0 5 2 0 0 9 7 2 0.102782662502 1 1 
152 10 0.0 4 3 2 0 8 9 2 1.46960401779e-16 1 2 
152 10 0.0 7 7 3 0 16 22 2 0.216051929077 4 2 
152 10 0.0 6 3 1 0 11 8 2 3.46922291231e-30 2 1 
152 10 2.0 9 5 2 0 6 5 2 0.382666994073 3 0 
152 10 2.0 1 4 2 0 12 12 1 0.121443612895 0 4 
152 10 2.0 8 9 1 0 7 13 3 2.29528249487e-52 3 1 
152 10 2.0 3 1 1 0 2 12 1 0.266303510641 0 2 
152 10 2.0 2 2 0 0 1 8 1 0.786372254108 0 1 
152 10 2.0 5 2 0 0 9 7 2 0.131196665522 1 1 
152 10 2.0 4 3 2 0 8 9 2 9.42253552171e-17 1 2 
152 10 2.0 7 7 3 0 16 22 2 0.221950392373 4 2 
152 10 2.0 6 3 1 0 11 8 2 6.88320245765e-26 2 1 
152 11 0.0 9 5 2 0 6 5 2 0.21758800607 3 0 
152 11 0.0 1 4 2 0 12 12 1 0.183795404437 0 4 
152 11 0.0 8 9 1 0 7 13 3 8.36706351197e-58 3 1 
152 11 0.0 3 1 1 0 2 12 1 0.392741022409 0 2 
152 11 0.0 2 2 0 0 1 8 1 0.762764626458 0 1 
152 11 0.0 5 2 0 0 9 7 2 0.102783980621 1 1 
152 11 0.0 4 3 2 0 8 9 2 4.90596538983e-18 1 2 
152 11 0.0 7 7 3 0 16 22 2 0.216051736913 4 2 
152 11 0.0 6 3 1 0 11 8 2 4.56304632642e-30 2 1 
152 11 2.0 9 5 2 0 6 5 2 0.382659068334 3 0 
152 11 2.0 1 4 2 0 12 12 1 0.121464923073 0 4 
152 11 2.0 8 9 1 0 7 13 3 2.24422303922e-51 3 1 
152 11 2.0 3 1 1 0 2 12 1 0.26631251314 0 2 
152 11 2.0 2 2 0 0 1 8 1 0.786377296426 0 1 
152 11 2.0 5 2 0 0 9 7 2 0.131181807512 1 1 
152 11 2.0 4 3 2 0 8 9 2 2.45226924432e-17 1 2 
152 11 2.0 7 7 3 0 16 22 2 0.221954487122 4 2 
152 11 2.0 6 3 1 0 11 8 2 1.12148100551e-25 2 1 
152 12 0.0 9 5 2 0 6 5 2 0.217587813173 3 0 
152 12 0.0 1 4 2 0 12 12 1 0.183800770801 0 4 
152 12 0.0 8 9 1 0 7 13 3 4.98452064281e-58 3 1 
152 12 0.0 3 1 1 0 2 12 1 0.392742577975 0 2 
152 12 0.0 2 2 0 0 1 8 1 0.762765109963 0 1 
152 12 0.0 5 2 0 0 9 7 2 0.102784152244 1 1 
152 12 0.0 4 3 2 0 8 9 2 1.69523947398e-16 1 2 
152 12 0.0 7 7 3 0 16 22 2 0.216052989442 4 2 
152 12 0.0 6 3 1 0 11 8 2 1.02239348961e-29 2 1 
152 12 2.0 9 5 2 0 6 5 2 0.382659789886 3 0 
152 12 2.0 1 4 2 0 12 12 1 0.121461290823 0 4 
152 12 2.0 8 9 1 0 7 13 3 1.80331619276e-50 3 1 
152 12 2.0 3 1 1 0 2 12 1 0.266311169256 0 2 
152 12 2.0 2 2 0 0 1 8 1 0.786376847923 0 1 
152 12 2.0 5 2 0 0 9 7 2 0.131183116732 1 1 
152 12 2.0 4 3 2 0 8 9 2 1.72896537303e-17 1 2 
152 12 2.0 7 7 3 0 16 22 2 0.221953385705 4 2 
152 12 2.0 6 3 1 0 11 8 2 2.27746445045e-26 2 1 
152 13 0.0 9 5 2 0 6 5 2 0.217587845465 3 0 
152 13 0.0 1 4 2 0 12 12 1 0.183795534952 0 4 
152 13 0.0 8 9 1 0 7 13 3 1.5137900081e-57 3 1 
152 13 0.0 3 1 1 0 2 12 1 0.392741172113 0 2 
152 13 0.0 2 2 0 0 1 8 1 0.762764847778 0 1 
152 13 0.0 5 2 0 0 9 7 2 0.102783520241 1 1 
152 13 0.0 4 3 2 0 8 9 2 5.81646283891e-17 1 2 
152 13 0.0 7 7 3 0 16 22 2 0.216051520212 4 2 
152 13 0.0 6 3 1 0 11 8 2 1.7051021528e-30 2 1 
152 13 2.0 9 5 2 0 6 5 2 0.382657487943 3 0 
152 13 2.0 1 4 2 0 12 12 1 0.121455005553 0 4 
152 13 2.0 8 9 1 0 7 13 3 1.59973881445e-50 3 1 
152 13 2.0 3 1 1 0 2 12 1 0.266309918419 0 2 
152 13 2.0 2 2 0 0 1 8 1 0.786378389877 0 1 
152 13 2.0 5 2 0 0 9 7 2 0.131178480394 1 1 
152 13 2.0 4 3 2 0 8 9 2 2.54235659349e-17 1 2 
152 13 2.0 7 7 3 0 16 22 2 0.221949203337 4 2 
152 13 2.0 6 3 1 0 11 8 2 2.72269109414e-26 2 1 
152 14 0.0 9 5 2 0 6 5 2 0.217588378395 3 0 
152 14 0.0 1 4 2 0 12 12 1 0.183801078741 0 4 
152 14 0.0 8 9 1 0 7 13 3 2.88999166263e-58 3 1 
152 14 0.0 3 1 1 0 2 12 1 0.392742253729 0 2 
152 14 0.0 2 2 0 0 1 8 1 0.762764363119 0 1 
152 14 0.0 5 2 0 0 9 7 2 0.102785879208 1 1 
152 14 0.0 4 3 2 0 8 9 2 1.52812084271e-16 1 2 
152 14 0.0 7 7 3 0 16 22 2 0.216053974906 4 2 
152 14 0.0 6 3 1 0 11 8 2 3.41297982588e-30 2 1 
152 14 2.0 9 5 2 0 6 5 2 0.38265715562 3 0 
152 14 2.0 1 4 2 0 12 12 1 0.121462147467 0 4 
152 14 2.0 8 9 1 0 7 13 3 3.4246235062e-51 3 1 
152 14 2.0 3 1 1 0 2 12 1 0.266312232072 0 2 
152 14 2.0 2 2 0 0 1 8 1 0.786378562456 0 1 
152 14 2.0 5 2 0 0 9 7 2 0.131178018104 1 1 
152 14 2.0 4 3 2 0 8 9 2 5.11058264356e-17 1 2 
152 14 2.0 7 7 3 0 16 22 2 0.221952065607 4 2 
152 14 2.0 6 3 1 0 11 8 2 6.0996824309e-26 2 1 
152 15 0.0 9 5 2 0 6 5 2 0.217587655305 3 0 
152 15 0.0 1 4 2 0 12 12 1 0.183801730099 0 4 
152 15 0.0 8 9 1 0 7 13 3 7.93948993344e-59 3 1 
152 15 0.0 3 1 1 0 2 12 1 0.392742944577 0 2 
152 15 0.0 2 2 0 0 1 8 1 0.762765362232 0 1 
152 15 0.0 5 2 0 0 9 7 2 0.102783815279 1 1 
152 15 0.0 4 3 2 0 8 9 2 3.14387870872e-16 1 2 
152 15 0.0 7 7 3 0 16 22 2 0.216053017744 4 2 
152 15 0.0 6 3 1 0 11 8 2 1.66601041723e-29 2 1 
152 15 2.0 9 5 2 0 6 5 2 0.382660305373 3 0 
152 15 2.0 1 4 2 0 12 12 1 0.121441631044 0 4 
152 15 2.0 8 9 1 0 7 13 3 2.5885275061e-52 3 1 
152 15 2.0 3 1 1 0 2 12 1 0.266304920953 0 2 
152 15 2.0 2 2 0 0 1 8 1 0.786376633441 0 1 
152 15 2.0 5 2 0 0 9 7 2 0.131183612453 1 1 
152 15 2.0 4 3 2 0 8 9 2 5.7170280298e-17 1 2 
152 15 2.0 7 7 3 0 16 22 2 0.221945250389 4 2 
152 15 2.0 6 3 1 0 11 8 2 6.32517341992e-26 2 1 
152 16 0.0 9 5 2 0 6 5 2 0.217588919368 3 0 
152 16 0.0 1 4 2 0 12 12 1 0.183798654625 0 4 
152 16 0.0 8 9 1 0 7 13 3 1.66552526016e-58 3 1 
152 16 0.0 3 1 1 0 2 12 1 0.392741225407 0 2 
152 16 0.0 2 2 0 0 1 8 1 0.762763534709 0 1 
152 16 0.0 5 2 0 0 9 7 2 0.102787153949 1 1 
152 16 0.0 4 3 2 0 8 9 2 1.77027662048e-17 1 2 
152 16 0.0 7 7 3 0 16 22 2 0.216054128576 4 2 
152 16 0.0 6 3 1 0 11 8 2 7.68077980423e-30 2 1 
152 16 2.0 9 5 2 0 6 5 2 0.382663479753 3 0 
152 16 2.0 1 4 2 0 12 12 1 0.121440664143 0 4 
152 16 2.0 8 9 1 0 7 13 3 1.09516375319e-52 3 1 
152 16 2.0 3 1 1 0 2 12 1 0.266303660502 0 2 
152 16 2.0 2 2 0 0 1 8 1 0.786374566904 0 1 
152 16 2.0 5 2 0 0 9 7 2 0.131189758001 1 1 
152 16 2.0 4 3 2 0 8 9 2 1.29459649039e-16 1 2 
152 16 2.0 7 7 3 0 16 22 2 0.221946869264 4 2 
152 16 2.0 6 3 1 0 11 8 2 6.76803059262e-26 2 1 
152 17 0.0 9 5 2 0 6 5 2 0.217587736656 3 0 
152 17 0.0 1 4 2 0 12 12 1 0.183796596543 0 4 
152 17 0.0 8 9 1 0 7 13 3 2.00961128348e-57 3 1 
152 17 0.0 3 1 1 0 2 12 1 0.392741530537 0 2 
152 17 0.0 2 2 0 0 1 8 1 0.762765038387 0 1 
152 17 0.0 5 2 0 0 9 7 2 0.102783343691 1 1 
152 17 0.0 4 3 2 0 8 9 2 3.97882197867e-17 1 2 
152 17 0.0 7 7 3 0 16 22 2 0.216051655993 4 2 
152 17 0.0 6 3 1 0 11 8 2 1.25047454774e-29 2 1 
152 17 2.0 9 5 2 0 6 5 2 0.382664689793 3 0 
152 17 2.0 1 4 2 0 12 12 1 0.121469597769 0 4 
152 17 2.0 8 9 1 0 7 13 3 4.44939623394e-51 3 1 
152 17 2.0 3 1 1 0 2 12 1 0.266312259952 0 2 
152 17 2.0 2 2 0 0 1 8 1 0.786373597164 0 1 
152 17 2.0 5 2 0 0 9 7 2 0.131192855363 1 1 
152 17 2.0 4 3 2 0 8 9 2 3.52425405483e-18 1 2 
152 17 2.0 7 7 3 0 16 22 2 0.221960104399 4 2 
152 17 2.0 6 3 1 0 11 8 2 5.3541696703e-26 2 1 
152 18 0.0 9 5 2 0 6 5 2 0.217587598917 3 0 
152 18 0.0 1 4 2 0 12 12 1 0.183798574452 0 4 
152 18 0.0 8 9 1 0 7 13 3 5.2873035651e-58 3 1 
152 18 0.0 3 1 1 0 2 12 1 0.3927421517 0 2 
152 18 0.0 2 2 0 0 1 8 1 0.76276530617 0 1 
152 18 0.0 5 2 0 0 9 7 2 0.10278320838 1 1 
152 18 0.0 4 3 2 0 8 9 2 8.50670253696e-18 1 2 
152 18 0.0 7 7 3 0 16 22 2 0.216052011996 4 2 
152 18 0.0 6 3 1 0 11 8 2 3.10975636588e-30 2 1 
152 18 2.0 9 5 2 0 6 5 2 0.38266374513 3 0 
152 18 2.0 1 4 2 0 12 12 1 0.12146243028 0 4 
152 18 2.0 8 9 1 0 7 13 3 1.90267085766e-50 3 1 
152 18 2.0 3 1 1 0 2 12 1 0.266310325098 0 2 
152 18 2.0 2 2 0 0 1 8 1 0.786374258505 0 1 
152 18 2.0 5 2 0 0 9 7 2 0.131190834662 1 1 
152 18 2.0 4 3 2 0 8 9 2 2.61373882052e-18 1 2 
152 18 2.0 7 7 3 0 16 22 2 0.221956412354 4 2 
152 18 2.0 6 3 1 0 11 8 2 5.97265097541e-26 2 1 
152 19 0.0 9 5 2 0 6 5 2 0.217587690517 3 0 
152 19 0.0 1 4 2 0 12 12 1 0.183795631969 0 4 
152 19 0.0 8 9 1 0 7 13 3 1.67743056324e-58 3 1 
152 19 0.0 3 1 1 0 2 12 1 0.392741308912 0 2 
152 19 0.0 2 2 0 0 1 8 1 0.762765060095 0 1 
152 19 0.0 5 2 0 0 9 7 2 0.102783072056 1 1 
152 19 0.0 4 3 2 0 8 9 2 3.27798062803e-16 1 2 
152 19 0.0 7 7 3 0 16 22 2 0.21605130275 4 2 
152 19 0.0 6 3 1 0 11 8 2 6.83746328821e-30 2 1 
152 19 2.0 9 5 2 0 6 5 2 0.382661634488 3 0 
152 19 2.0 1 4 2 0 12 12 1 0.121467669558 0 4 
152 19 2.0 8 9 1 0 7 13 3 1.33330216953e-51 3 1 
152 19 2.0 3 1 1 0 2 12 1 0.266312587359 0 2 
152 19 2.0 2 2 0 0 1 8 1 0.786375603942 0 1 
152 19 2.0 5 2 0 0 9 7 2 0.131186866457 1 1 
152 19 2.0 4 3 2 0 8 9 2 2.23286118597e-17 1 2 
152 19 2.0 7 7 3 0 16 22 2 0.221957315091 4 2 
152 19 2.0 6 3 1 0 11 8 2 5.94758837042e-26 2 1 
152 20 0.0 9 5 2 0 6 5 2 0.217587930184 3 0 
152 20 0.0 1 4 2 0 12 12 1 0.183800911785 0 4 
152 20 0.0 8 9 1 0 7 13 3 6.65431922094e-58 3 1 
152 20 0.0 3 1 1 0 2 12 1 0.392742531247 0 2 
152 20 0.0 2 2 0 0 1 8 1 0.762764958581 0 1 
152 20 0.0 5 2 0 0 9 7 2 0.102784520496 1 1 
152 20 0.0 4 3 2 0 8 9 2 2.26527586789e-16 1 2 
152 20 0.0 7 7 3 0 16 22 2 0.216053215878 4 2 
152 20 0.0 6 3 1 0 11 8 2 5.08730171974e-31 2 1 
152 20 2.0 9 5 2 0 6 5 2 0.382656083833 3 0 
152 20 2.0 1 4 2 0 12 12 1 0.121450225447 0 4 
152 20 2.0 8 9 1 0 7 13 3 1.00496322342e-49 3 1 
152 20 2.0 3 1 1 0 2 12 1 0.266308862138 0 2 
152 20 2.0 2 2 0 0 1 8 1 0.786379336276 0 1 
152 20 2.0 5 2 0 0 9 7 2 0.131175628029 1 1 
152 20 2.0 4 3 2 0 8 9 2 8.71415139601e-17 1 2 
152 20 2.0 7 7 3 0 16 22 2 0.221946244749 4 2 
152 20 2.0 6 3 1 0 11 8 2 2.3993532958e-25 2 1 
152 21 0.0 9 5 2 0 6 5 2 0.2175875204 3 0 
152 21 0.0 1 4 2 0 12 12 1 0.183800130936 0 4 
152 21 0.0 8 9 1 0 7 13 3 1.98419020786e-58 3 1 
152 21 0.0 3 1 1 0 2 12 1 0.392742619074 0 2 
152 21 0.0 2 2 0 0 1 8 1 0.762765476739 0 1 
152 21 0.0 5 2 0 0 9 7 2 0.10278319091 1 1 
152 21 0.0 4 3 2 0 8 9 2 2.03683790193e-16 1 2 
152 21 0.0 7 7 3 0 16 22 2 0.216052339507 4 2 
152 21 0.0 6 3 1 0 11 8 2 1.23477095181e-29 2 1 
152 21 2.0 9 5 2 0 6 5 2 0.382656873426 3 0 
152 21 2.0 1 4 2 0 12 12 1 0.121451532333 0 4 
152 21 2.0 8 9 1 0 7 13 3 6.41047540094e-52 3 1 
152 21 2.0 3 1 1 0 2 12 1 0.266309028132 0 2 
152 21 2.0 2 2 0 0 1 8 1 0.786378812654 0 1 
152 21 2.0 5 2 0 0 9 7 2 0.131177196489 1 1 
152 21 2.0 4 3 2 0 8 9 2 5.31190851074e-17 1 2 
152 21 2.0 7 7 3 0 16 22 2 0.221947313743 4 2 
152 21 2.0 6 3 1 0 11 8 2 4.97788127072e-26 2 1 
152 22 0.0 9 5 2 0 6 5 2 0.21758786424 3 0 
152 22 0.0 1 4 2 0 12 12 1 0.183800749204 0 4 
152 22 0.0 8 9 1 0 7 13 3 1.5434034543e-57 3 1 
152 22 0.0 3 1 1 0 2 12 1 0.39274253563 0 2 
152 22 0.0 2 2 0 0 1 8 1 0.762765040422 0 1 
152 22 0.0 5 2 0 0 9 7 2 0.102784301398 1 1 
152 22 0.0 4 3 2 0 8 9 2 4.96387120142e-17 1 2 
152 22 0.0 7 7 3 0 16 22 2 0.216053064126 4 2 
152 22 0.0 6 3 1 0 11 8 2 1.71711418275e-30 2 1 
152 22 2.0 9 5 2 0 6 5 2 0.382655066557 3 0 
152 22 2.0 1 4 2 0 12 12 1 0.121456485005 0 4 
152 22 2.0 8 9 1 0 7 13 3 5.96380936987e-52 3 1 
152 22 2.0 3 1 1 0 2 12 1 0.266311109794 0 2 
152 22 2.0 2 2 0 0 1 8 1 0.786379961547 0 1 
152 22 2.0 5 2 0 0 9 7 2 0.131173811723 1 1 
152 22 2.0 4 3 2 0 8 9 2 7.64321676095e-18 1 2 
152 22 2.0 7 7 3 0 16 22 2 0.221948287966 4 2 
152 22 2.0 6 3 1 0 11 8 2 1.45904979002e-25 2 1 
152 23 0.0 9 5 2 0 6 5 2 0.217587455787 3 0 
152 23 0.0 1 4 2 0 12 12 1 0.18379909056 0 4 
152 23 0.0 8 9 1 0 7 13 3 2.44608999753e-58 3 1 
152 23 0.0 3 1 1 0 2 12 1 0.392742390693 0 2 
152 23 0.0 2 2 0 0 1 8 1 0.762765520112 0 1 
152 23 0.0 5 2 0 0 9 7 2 0.102782853697 1 1 
152 23 0.0 4 3 2 0 8 9 2 6.04763728409e-17 1 2 
152 23 0.0 7 7 3 0 16 22 2 0.216051934968 4 2 
152 23 0.0 6 3 1 0 11 8 2 3.96225607837e-30 2 1 
152 23 2.0 9 5 2 0 6 5 2 0.382670135402 3 0 
152 23 2.0 1 4 2 0 12 12 1 0.121458403378 0 4 
152 23 2.0 8 9 1 0 7 13 3 4.79952983022e-50 3 1 
152 23 2.0 3 1 1 0 2 12 1 0.266307143064 0 2 
152 23 2.0 2 2 0 0 1 8 1 0.786370111297 0 1 
152 23 2.0 5 2 0 0 9 7 2 0.131203153453 1 1 
152 23 2.0 4 3 2 0 8 9 2 2.02519491778e-18 1 2 
152 23 2.0 7 7 3 0 16 22 2 0.221958775762 4 2 
152 23 2.0 6 3 1 0 11 8 2 4.92929601188e-26 2 1 
152 24 0.0 9 5 2 0 6 5 2 0.217588169432 3 0 
152 24 0.0 1 4 2 0 12 12 1 0.183801562557 0 4 
152 24 0.0 8 9 1 0 7 13 3 4.58609153419e-58 3 1 
152 24 0.0 3 1 1 0 2 12 1 0.392742531431 0 2 
152 24 0.0 2 2 0 0 1 8 1 0.762764664199 0 1 
152 24 0.0 5 2 0 0 9 7 2 0.10278532387 1 1 
152 24 0.0 4 3 2 0 8 9 2 1.17641121461e-16 1 2 
152 24 0.0 7 7 3 0 16 22 2 0.216053784132 4 2 
152 24 0.0 6 3 1 0 11 8 2 3.32512673684e-30 2 1 
152 24 2.0 9 5 2 0 6 5 2 0.382655893584 3 0 
152 24 2.0 1 4 2 0 12 12 1 0.12144657067 0 4 
152 24 2.0 8 9 1 0 7 13 3 9.29179286757e-53 3 1 
152 24 2.0 3 1 1 0 2 12 1 0.266307787118 0 2 
152 24 2.0 2 2 0 0 1 8 1 0.786379483174 0 1 
152 24 2.0 5 2 0 0 9 7 2 0.13117516411 1 1 
152 24 2.0 4 3 2 0 8 9 2 4.94188328065e-17 1 2 
152 24 2.0 7 7 3 0 16 22 2 0.221944548972 4 2 
152 24 2.0 6 3 1 0 11 8 2 1.5174950526e-25 2 1 
152 25 0.0 9 5 2 0 6 5 2 0.217588840566 3 0 
152 25 0.0 1 4 2 0 12 12 1 0.183794778561 0 4 
152 25 0.0 8 9 1 0 7 13 3 1.09450365285e-58 3 1 
152 25 0.0 3 1 1 0 2 12 1 0.392740258351 0 2 
152 25 0.0 2 2 0 0 1 8 1 0.762763478661 0 1 
152 25 0.0 5 2 0 0 9 7 2 0.102786380028 1 1 
152 25 0.0 4 3 2 0 8 9 2 3.66474752081e-17 1 2 
152 25 0.0 7 7 3 0 16 22 2 0.21605287808 4 2 
152 25 0.0 6 3 1 0 11 8 2 7.5320479624e-30 2 1 
152 25 2.0 9 5 2 0 6 5 2 0.382669631072 3 0 
152 25 2.0 1 4 2 0 12 12 1 0.121451782873 0 4 
152 25 2.0 8 9 1 0 7 13 3 4.42662209088e-52 3 1 
152 25 2.0 3 1 1 0 2 12 1 0.266305244247 0 2 
152 25 2.0 2 2 0 0 1 8 1 0.786370481692 0 1 
152 25 2.0 5 2 0 0 9 7 2 0.131202002419 1 1 
152 25 2.0 4 3 2 0 8 9 2 3.32840591781e-18 1 2 
152 25 2.0 7 7 3 0 16 22 2 0.221955601441 4 2 
152 25 2.0 6 3 1 0 11 8 2 7.73531325255e-26 2 1 
152 26 0.0 9 5 2 0 6 5 2 0.21758769722 3 0 
152 26 0.0 1 4 2 0 12 12 1 0.183798654876 0 4 
152 26 0.0 8 9 1 0 7 13 3 9.34451493894e-58 3 1 
152 26 0.0 3 1 1 0 2 12 1 0.392742102404 0 2 
152 26 0.0 2 2 0 0 1 8 1 0.762765177403 0 1 
152 26 0.0 5 2 0 0 9 7 2 0.102783512466 1 1 
152 26 0.0 4 3 2 0 8 9 2 1.23305304669e-16 1 2 
152 26 0.0 7 7 3 0 16 22 2 0.216052191187 4 2 
152 26 0.0 6 3 1 0 11 8 2 1.76844640307e-29 2 1 
152 26 2.0 9 5 2 0 6 5 2 0.382658230086 3 0 
152 26 2.0 1 4 2 0 12 12 1 0.121465808599 0 4 
152 26 2.0 8 9 1 0 7 13 3 4.40664272413e-52 3 1 
152 26 2.0 3 1 1 0 2 12 1 0.266313041256 0 2 
152 26 2.0 2 2 0 0 1 8 1 0.786377838194 0 1 
152 26 2.0 5 2 0 0 9 7 2 0.131180200819 1 1 
152 26 2.0 4 3 2 0 8 9 2 6.66260848381e-17 1 2 
152 26 2.0 7 7 3 0 16 22 2 0.221954330977 4 2 
152 26 2.0 6 3 1 0 11 8 2 1.03932559211e-25 2 1 
152 27 0.0 9 5 2 0 6 5 2 0.217587640855 3 0 
152 27 0.0 1 4 2 0 12 12 1 0.183797062723 0 4 
152 27 0.0 8 9 1 0 7 13 3 3.22924681749e-57 3 1 
152 27 0.0 3 1 1 0 2 12 1 0.392741722387 0 2 
152 27 0.0 2 2 0 0 1 8 1 0.762765186631 0 1 
152 27 0.0 5 2 0 0 9 7 2 0.102783123083 1 1 
152 27 0.0 4 3 2 0 8 9 2 6.00144873524e-17 1 2 
152 27 0.0 7 7 3 0 16 22 2 0.216051639495 4 2 
152 27 0.0 6 3 1 0 11 8 2 9.30297372525e-31 2 1 
152 27 2.0 9 5 2 0 6 5 2 0.382666929548 3 0 
152 27 2.0 1 4 2 0 12 12 1 0.121459060246 0 4 
152 27 2.0 8 9 1 0 7 13 3 8.29652798752e-51 3 1 
152 27 2.0 3 1 1 0 2 12 1 0.266308316976 0 2 
152 27 2.0 2 2 0 0 1 8 1 0.786372200346 0 1 
152 27 2.0 5 2 0 0 9 7 2 0.131196938258 1 1 
152 27 2.0 4 3 2 0 8 9 2 8.81739148482e-18 1 2 
152 27 2.0 7 7 3 0 16 22 2 0.221957003003 4 2 
152 27 2.0 6 3 1 0 11 8 2 7.77865411957e-26 2 1 
152 28 0.0 9 5 2 0 6 5 2 0.217588680106 3 0 
152 28 0.0 1 4 2 0 12 12 1 0.183800052528 0 4 
152 28 0.0 8 9 1 0 7 13 3 5.99877775952e-58 3 1 
152 28 0.0 3 1 1 0 2 12 1 0.392741766242 0 2 
152 28 0.0 2 2 0 0 1 8 1 0.762763914711 0 1 
152 28 0.0 5 2 0 0 9 7 2 0.102786635466 1 1 
152 28 0.0 4 3 2 0 8 9 2 3.01120382302e-16 1 2 
152 28 0.0 7 7 3 0 16 22 2 0.21605415521 4 2 
152 28 0.0 6 3 1 0 11 8 2 9.90273056199e-30 2 1 
152 28 2.0 9 5 2 0 6 5 2 0.3826552736 3 0 
152 28 2.0 1 4 2 0 12 12 1 0.121453373435 0 4 
152 28 2.0 8 9 1 0 7 13 3 1.22460369004e-51 3 1 
152 28 2.0 3 1 1 0 2 12 1 0.266310082908 0 2 
152 28 2.0 2 2 0 0 1 8 1 0.786379845706 0 1 
152 28 2.0 5 2 0 0 9 7 2 0.131174134125 1 1 
152 28 2.0 4 3 2 0 8 9 2 2.7279443809e-17 1 2 
152 28 2.0 7 7 3 0 16 22 2 0.221947080845 4 2 
152 28 2.0 6 3 1 0 11 8 2 2.45668681328e-26 2 1 
152 29 0.0 9 5 2 0 6 5 2 0.217587759899 3 0 
152 29 0.0 1 4 2 0 12 12 1 0.183796557018 0 4 
152 29 0.0 8 9 1 0 7 13 3 6.82057365629e-58 3 1 
152 29 0.0 3 1 1 0 2 12 1 0.392741503422 0 2 
152 29 0.0 2 2 0 0 1 8 1 0.762765005495 0 1 
152 29 0.0 5 2 0 0 9 7 2 0.102783407447 1 1 
152 29 0.0 4 3 2 0 8 9 2 1.95622878928e-17 1 2 
152 29 0.0 7 7 3 0 16 22 2 0.216051681361 4 2 
152 29 0.0 6 3 1 0 11 8 2 4.65308548988e-30 2 1 
152 29 2.0 9 5 2 0 6 5 2 0.382657767428 3 0 
152 29 2.0 1 4 2 0 12 12 1 0.121447173224 0 4 
152 29 2.0 8 9 1 0 7 13 3 7.25523925733e-52 3 1 
152 29 2.0 3 1 1 0 2 12 1 0.266307406676 0 2 
152 29 2.0 2 2 0 0 1 8 1 0.786378256042 0 1 
152 29 2.0 5 2 0 0 9 7 2 0.131178822002 1 1 
152 29 2.0 4 3 2 0 8 9 2 1.54717361658e-17 1 2 
152 29 2.0 7 7 3 0 16 22 2 0.221946009815 4 2 
152 29 2.0 6 3 1 0 11 8 2 7.21072080112e-26 2 1 
152 30 0.0 9 5 2 0 6 5 2 0.217587642256 3 0 
152 30 0.0 1 4 2 0 12 12 1 0.183797438579 0 4 
152 30 0.0 8 9 1 0 7 13 3 3.89811111267e-58 3 1 
152 30 0.0 3 1 1 0 2 12 1 0.39274182064 0 2 
152 30 0.0 2 2 0 0 1 8 1 0.762765200455 0 1 
152 30 0.0 5 2 0 0 9 7 2 0.102783179531 1 1 
152 30 0.0 4 3 2 0 8 9 2 4.54936684763e-17 1 2 
152 30 0.0 7 7 3 0 16 22 2 0.216051750858 4 2 
152 30 0.0 6 3 1 0 11 8 2 2.08125208599e-30 2 1 
152 30 2.0 9 5 2 0 6 5 2 0.382664903169 3 0 
152 30 2.0 1 4 2 0 12 12 1 0.121442419671 0 4 
152 30 2.0 8 9 1 0 7 13 3 6.7132882658e-52 3 1 
152 30 2.0 3 1 1 0 2 12 1 0.266303773723 0 2 
152 30 2.0 2 2 0 0 1 8 1 0.78637362667 0 1 
152 30 2.0 5 2 0 0 9 7 2 0.131192570231 1 1 
152 30 2.0 4 3 2 0 8 9 2 1.72829517734e-18 1 2 
152 30 2.0 7 7 3 0 16 22 2 0.221948537895 4 2 
152 30 2.0 6 3 1 0 11 8 2 4.15398445959e-26 2 1 
152 31 0.0 9 5 2 0 6 5 2 0.217588682175 3 0 
152 31 0.0 1 4 2 0 12 12 1 0.183799218908 0 4 
152 31 0.0 8 9 1 0 7 13 3 1.3125099736e-58 3 1 
152 31 0.0 3 1 1 0 2 12 1 0.392741544617 0 2 
152 31 0.0 2 2 0 0 1 8 1 0.762763877099 0 1 
152 31 0.0 5 2 0 0 9 7 2 0.102786525686 1 1 
152 31 0.0 4 3 2 0 8 9 2 2.94684816731e-16 1 2 
152 31 0.0 7 7 3 0 16 22 2 0.216053916415 4 2 
152 31 0.0 6 3 1 0 11 8 2 3.89700157391e-30 2 1 
152 31 2.0 9 5 2 0 6 5 2 0.382661372451 3 0 
152 31 2.0 1 4 2 0 12 12 1 0.121466207404 0 4 
152 31 2.0 8 9 1 0 7 13 3 2.0312085164e-51 3 1 
152 31 2.0 3 1 1 0 2 12 1 0.266312213638 0 2 
152 31 2.0 2 2 0 0 1 8 1 0.786375784118 0 1 
152 31 2.0 5 2 0 0 9 7 2 0.131186319495 1 1 
152 31 2.0 4 3 2 0 8 9 2 1.44442977136e-18 1 2 
152 31 2.0 7 7 3 0 16 22 2 0.221956517479 4 2 
152 31 2.0 6 3 1 0 11 8 2 7.33877797051e-26 2 1 
152 32 0.0 9 5 2 0 6 5 2 0.217587678432 3 0 
152 32 0.0 1 4 2 0 12 12 1 0.183797946016 0 4 
152 32 0.0 8 9 1 0 7 13 3 3.17738326951e-58 3 1 
152 32 0.0 3 1 1 0 2 12 1 0.392741928687 0 2 
152 32 0.0 2 2 0 0 1 8 1 0.762765173035 0 1 
152 32 0.0 5 2 0 0 9 7 2 0.102783357898 1 1 
152 32 0.0 4 3 2 0 8 9 2 4.20630924901e-16 1 2 
152 32 0.0 7 7 3 0 16 22 2 0.216051955561 4 2 
152 32 0.0 6 3 1 0 11 8 2 3.3561133052e-30 2 1 
152 32 2.0 9 5 2 0 6 5 2 0.382656335507 3 0 
152 32 2.0 1 4 2 0 12 12 1 0.121461238993 0 4 
152 32 2.0 8 9 1 0 7 13 3 7.12839909475e-52 3 1 
152 32 2.0 3 1 1 0 2 12 1 0.266312198814 0 2 
152 32 2.0 2 2 0 0 1 8 1 0.786379103536 0 1 
152 32 2.0 5 2 0 0 9 7 2 0.131176400578 1 1 
152 32 2.0 4 3 2 0 8 9 2 8.76880786673e-17 1 2 
152 32 2.0 7 7 3 0 16 22 2 0.221951148609 4 2 
152 32 2.0 6 3 1 0 11 8 2 2.83778434064e-26 2 1 
152 33 0.0 9 5 2 0 6 5 2 0.217588131257 3 0 
152 33 0.0 1 4 2 0 12 12 1 0.183795032726 0 4 
152 33 0.0 8 9 1 0 7 13 3 4.34704997022e-58 3 1 
152 33 0.0 3 1 1 0 2 12 1 0.39274083442 0 2 
152 33 0.0 2 2 0 0 1 8 1 0.762764442662 0 1 
152 33 0.0 5 2 0 0 9 7 2 0.102784301925 1 1 
152 33 0.0 4 3 2 0 8 9 2 1.53293378014e-17 1 2 
152 33 0.0 7 7 3 0 16 22 2 0.216051827429 4 2 
152 33 0.0 6 3 1 0 11 8 2 9.71882432471e-30 2 1 
152 33 2.0 9 5 2 0 6 5 2 0.38266687539 3 0 
152 33 2.0 1 4 2 0 12 12 1 0.121443771704 0 4 
152 33 2.0 8 9 1 0 7 13 3 5.51261553185e-52 3 1 
152 33 2.0 3 1 1 0 2 12 1 0.266303595778 0 2 
152 33 2.0 2 2 0 0 1 8 1 0.786372330612 0 1 
152 33 2.0 5 2 0 0 9 7 2 0.13119643891 1 1 
152 33 2.0 4 3 2 0 8 9 2 5.54663994213e-17 1 2 
152 33 2.0 7 7 3 0 16 22 2 0.221950384664 4 2 
152 33 2.0 6 3 1 0 11 8 2 6.82840003616e-26 2 1 
152 34 0.0 9 5 2 0 6 5 2 0.217587742653 3 0 
152 34 0.0 1 4 2 0 12 12 1 0.183798805623 0 4 
152 34 0.0 8 9 1 0 7 13 3 1.02860416872e-57 3 1 
152 34 0.0 3 1 1 0 2 12 1 0.392742109614 0 2 
152 34 0.0 2 2 0 0 1 8 1 0.762765122635 0 1 
152 34 0.0 5 2 0 0 9 7 2 0.102783668806 1 1 
152 34 0.0 4 3 2 0 8 9 2 2.71866754258e-17 1 2 
152 34 0.0 7 7 3 0 16 22 2 0.216052306987 4 2 
152 34 0.0 6 3 1 0 11 8 2 1.12456888723e-29 2 1 
152 34 2.0 9 5 2 0 6 5 2 0.382657413627 3 0 
152 34 2.0 1 4 2 0 12 12 1 0.121454442907 0 4 
152 34 2.0 8 9 1 0 7 13 3 7.30244523813e-51 3 1 
152 34 2.0 3 1 1 0 2 12 1 0.266309766562 0 2 
152 34 2.0 2 2 0 0 1 8 1 0.786378441892 0 1 
152 34 2.0 5 2 0 0 9 7 2 0.131178321457 1 1 
152 34 2.0 4 3 2 0 8 9 2 2.9118933332e-17 1 2 
152 34 2.0 7 7 3 0 16 22 2 0.22194891341 4 2 
152 34 2.0 6 3 1 0 11 8 2 3.75801843294e-26 2 1 
152 35 0.0 9 5 2 0 6 5 2 0.217587647359 3 0 
152 35 0.0 1 4 2 0 12 12 1 0.183797527034 0 4 
152 35 0.0 8 9 1 0 7 13 3 1.46187823566e-57 3 1 
152 35 0.0 3 1 1 0 2 12 1 0.392741840337 0 2 
152 35 0.0 2 2 0 0 1 8 1 0.762765197292 0 1 
152 35 0.0 5 2 0 0 9 7 2 0.10278320704 1 1 
152 35 0.0 4 3 2 0 8 9 2 3.54333246848e-16 1 2 
152 35 0.0 7 7 3 0 16 22 2 0.216051784634 4 2 
152 35 0.0 6 3 1 0 11 8 2 4.02281346988e-30 2 1 
152 35 2.0 9 5 2 0 6 5 2 0.382666442268 3 0 
152 35 2.0 1 4 2 0 12 12 1 0.121444278204 0 4 
152 35 2.0 8 9 1 0 7 13 3 3.13135470818e-51 3 1 
152 35 2.0 3 1 1 0 2 12 1 0.266303883837 0 2 
152 35 2.0 2 2 0 0 1 8 1 0.786372610259 0 1 
152 35 2.0 5 2 0 0 9 7 2 0.131195610027 1 1 
152 35 2.0 4 3 2 0 8 9 2 1.32226555265e-18 1 2 
152 35 2.0 7 7 3 0 16 22 2 0.221950325071 4 2 
152 35 2.0 6 3 1 0 11 8 2 5.9444144759e-26 2 1 
152 36 0.0 9 5 2 0 6 5 2 0.217587878764 3 0 
152 36 0.0 1 4 2 0 12 12 1 0.183799756153 0 4 
152 36 0.0 8 9 1 0 7 13 3 3.64123669972e-58 3 1 
152 36 0.0 3 1 1 0 2 12 1 0.392742262966 0 2 
152 36 0.0 2 2 0 0 1 8 1 0.762764979408 0 1 
152 36 0.0 5 2 0 0 9 7 2 0.10278420656 1 1 
152 36 0.0 4 3 2 0 8 9 2 5.5171583908e-16 1 2 
152 36 0.0 7 7 3 0 16 22 2 0.216052798782 4 2 
152 36 0.0 6 3 1 0 11 8 2 3.03235903624e-29 2 1 
152 36 2.0 9 5 2 0 6 5 2 0.382662271316 3 0 
152 36 2.0 1 4 2 0 12 12 1 0.121462755674 0 4 
152 36 2.0 8 9 1 0 7 13 3 1.63242325037e-51 3 1 
152 36 2.0 3 1 1 0 2 12 1 0.266310872037 0 2 
152 36 2.0 2 2 0 0 1 8 1 0.786375218724 0 1 
152 36 2.0 5 2 0 0 9 7 2 0.131187978052 1 1 
152 36 2.0 4 3 2 0 8 9 2 1.05780003221e-16 1 2 
152 36 2.0 7 7 3 0 16 22 2 0.221955607489 4 2 
152 36 2.0 6 3 1 0 11 8 2 7.70308856799e-26 2 1 
152 37 0.0 9 5 2 0 6 5 2 0.217588069543 3 0 
152 37 0.0 1 4 2 0 12 12 1 0.183795961349 0 4 
152 37 0.0 8 9 1 0 7 13 3 9.21346540543e-57 3 1 
152 37 0.0 3 1 1 0 2 12 1 0.392741123938 0 2 
152 37 0.0 2 2 0 0 1 8 1 0.762764564416 0 1 
152 37 0.0 5 2 0 0 9 7 2 0.102784247205 1 1 
152 37 0.0 4 3 2 0 8 9 2 8.49633176378e-17 1 2 
152 37 0.0 7 7 3 0 16 22 2 0.216051999257 4 2 
152 37 0.0 6 3 1 0 11 8 2 2.73756832091e-30 2 1 
152 37 2.0 9 5 2 0 6 5 2 0.382655626528 3 0 
152 37 2.0 1 4 2 0 12 12 1 0.121451654335 0 4 
152 37 2.0 8 9 1 0 7 13 3 2.49037799051e-52 3 1 
152 37 2.0 3 1 1 0 2 12 1 0.266309443355 0 2 
152 37 2.0 2 2 0 0 1 8 1 0.786379625966 0 1 
152 37 2.0 5 2 0 0 9 7 2 0.131174775904 1 1 
152 37 2.0 4 3 2 0 8 9 2 3.80601673509e-17 1 2 
152 37 2.0 7 7 3 0 16 22 2 0.221946566855 4 2 
152 37 2.0 6 3 1 0 11 8 2 1.07105571233e-25 2 1 
152 38 0.0 9 5 2 0 6 5 2 0.217587612733 3 0 
152 38 0.0 1 4 2 0 12 12 1 0.183801525771 0 4 
152 38 0.0 8 9 1 0 7 13 3 2.08445871477e-58 3 1 
152 38 0.0 3 1 1 0 2 12 1 0.392742921166 0 2 
152 38 0.0 2 2 0 0 1 8 1 0.762765410915 0 1 
152 38 0.0 5 2 0 0 9 7 2 0.102783660015 1 1 
152 38 0.0 4 3 2 0 8 9 2 4.28779985053e-17 1 2 
152 38 0.0 7 7 3 0 16 22 2 0.216052890921 4 2 
152 38 0.0 6 3 1 0 11 8 2 2.8006041963e-30 2 1 
152 38 2.0 9 5 2 0 6 5 2 0.382669924754 3 0 
152 38 2.0 1 4 2 0 12 12 1 0.121460031165 0 4 
152 38 2.0 8 9 1 0 7 13 3 8.09084459775e-52 3 1 
152 38 2.0 3 1 1 0 2 12 1 0.266307711203 0 2 
152 38 2.0 2 2 0 0 1 8 1 0.786370238718 0 1 
152 38 2.0 5 2 0 0 9 7 2 0.131202785885 1 1 
152 38 2.0 4 3 2 0 8 9 2 4.65820280462e-18 1 2 
152 38 2.0 7 7 3 0 16 22 2 0.221959341645 4 2 
152 38 2.0 6 3 1 0 11 8 2 6.5872648933e-26 2 1 
152 39 0.0 9 5 2 0 6 5 2 0.217587945912 3 0 
152 39 0.0 1 4 2 0 12 12 1 0.183799905413 0 4 
152 39 0.0 8 9 1 0 7 13 3 8.17722355461e-58 3 1 
152 39 0.0 3 1 1 0 2 12 1 0.392742254202 0 2 
152 39 0.0 2 2 0 0 1 8 1 0.762764895391 0 1 
152 39 0.0 5 2 0 0 9 7 2 0.102784427394 1 1 
152 39 0.0 4 3 2 0 8 9 2 2.00056241351e-16 1 2 
152 39 0.0 7 7 3 0 16 22 2 0.216052948574 4 2 
152 39 0.0 6 3 1 0 11 8 2 4.62013806165e-30 2 1 
152 39 2.0 9 5 2 0 6 5 2 0.382670115969 3 0 
152 39 2.0 1 4 2 0 12 12 1 0.121452586449 0 4 
152 39 2.0 8 9 1 0 7 13 3 1.32497844771e-51 3 1 
152 39 2.0 3 1 1 0 2 12 1 0.266305346484 0 2 
152 39 2.0 2 2 0 0 1 8 1 0.786370160108 0 1 
152 39 2.0 5 2 0 0 9 7 2 0.131202965764 1 1 
152 39 2.0 4 3 2 0 8 9 2 1.62723022644e-17 1 2 
152 39 2.0 7 7 3 0 16 22 2 0.221956258401 4 2 
152 39 2.0 6 3 1 0 11 8 2 3.55901171306e-26 2 1 
152 40 0.0 9 5 2 0 6 5 2 0.217588297717 3 0 
152 40 0.0 1 4 2 0 12 12 1 0.183794481266 0 4 
152 40 0.0 8 9 1 0 7 13 3 2.27055611138e-58 3 1 
152 40 0.0 3 1 1 0 2 12 1 0.392740569348 0 2 
152 40 0.0 2 2 0 0 1 8 1 0.76276419588 0 1 
152 40 0.0 5 2 0 0 9 7 2 0.102784721203 1 1 
152 40 0.0 4 3 2 0 8 9 2 1.13281777072e-16 1 2 
152 40 0.0 7 7 3 0 16 22 2 0.216051931176 4 2 
152 40 0.0 6 3 1 0 11 8 2 2.67925340508e-30 2 1 
152 40 2.0 9 5 2 0 6 5 2 0.382654735457 3 0 
152 40 2.0 1 4 2 0 12 12 1 0.121458161191 0 4 
152 40 2.0 8 9 1 0 7 13 3 4.17584657535e-52 3 1 
152 40 2.0 3 1 1 0 2 12 1 0.266311729423 0 2 
152 40 2.0 2 2 0 0 1 8 1 0.786380167295 0 1 
152 40 2.0 5 2 0 0 9 7 2 0.131173211235 1 1 
152 40 2.0 4 3 2 0 8 9 2 7.31069863512e-17 1 2 
152 40 2.0 7 7 3 0 16 22 2 0.221948797458 4 2 
152 40 2.0 6 3 1 0 11 8 2 1.41756822995e-25 2 1 
