169 1 0.0 14 0 0 0 30 9 2 0.0961194425923 3 0 
169 1 0.0 17 1 0 0 4 1 3 2.21759748656e-57 1 0 
169 1 0.0 16 0 0 0 4 1 2 0.11784185387 1 0 
169 1 0.0 19 8 0 0 24 16 3 1.61202981972e-66 4 0 
169 1 0.0 18 7 0 0 18 16 3 5.25879528553e-52 4 0 
169 1 0.0 20 9 0 0 28 25 3 2.30911625114e-69 5 0 
169 1 0.0 21 4 0 0 16 9 3 1.04250575815e-76 3 0 
169 1 0.0 22 3 0 0 4 4 3 2.99351566848e-59 2 0 
169 1 0.0 1 12 0 0 25 18 1 0.19588095687 0 5 
169 1 0.0 3 4 0 0 16 20 1 0.218785321097 0 4 
169 1 0.0 2 16 0 0 81 34 1 0.175172506606 0 9 
169 1 0.0 5 1 0 0 11 9 2 0.0548837367537 1 1 
169 1 0.0 4 0 0 0 4 8 1 0.199190413284 0 2 
169 1 0.0 7 9 0 0 45 35 2 0.0750504238053 3 3 
169 1 0.0 6 2 0 0 14 11 2 0.0542810033685 1 2 
169 1 0.0 9 6 0 0 37 28 2 0.00768801787708 2 3 
169 1 0.0 8 6 0 0 37 30 2 0.00581053627393 2 3 
169 1 0.0 11 2 0 0 22 17 2 2.42681955943e-07 1 2 
169 1 0.0 10 3 0 0 27 25 2 2.39249702671e-07 1 3 
169 1 0.0 13 2 0 0 27 8 2 0.0852716050396 2 1 
169 1 0.0 12 1 0 0 19 5 2 4.50004414903e-07 1 1 
169 1 0.0 15 0 0 0 26 4 2 0.0853083195414 2 0 
169 1 2.0 14 0 0 0 30 9 2 0.104235767624 3 0 
169 1 2.0 17 1 0 0 4 1 3 9.96627685024e-25 1 0 
169 1 2.0 16 0 0 0 4 1 2 0.12744392835 1 0 
169 1 2.0 19 8 0 0 24 16 3 9.12210990739e-41 4 0 
169 1 2.0 18 7 0 0 18 16 3 6.86663403848e-19 4 0 
169 1 2.0 20 9 0 0 28 25 3 1.86364508591e-43 5 0 
169 1 2.0 21 4 0 0 16 9 3 1.20636153045e-54 3 0 
169 1 2.0 22 3 0 0 4 4 3 2.90943233456e-33 2 0 
169 1 2.0 1 12 0 0 25 18 1 0.0932538980035 0 5 
169 1 2.0 3 4 0 0 16 20 1 0.109751228401 0 4 
169 1 2.0 2 16 0 0 81 34 1 0.107216960662 0 9 
169 1 2.0 5 1 0 0 11 9 2 0.0604890320024 1 1 
169 1 2.0 4 0 0 0 4 8 1 0.11916657952 0 2 
169 1 2.0 7 9 0 0 45 35 2 0.0822114818985 3 3 
169 1 2.0 6 2 0 0 14 11 2 0.0601851249526 1 2 
169 1 2.0 9 6 0 0 37 28 2 0.000915115817714 2 3 
169 1 2.0 8 6 0 0 37 30 2 0.000270569577654 2 3 
169 1 2.0 11 2 0 0 22 17 2 7.9528539285e-11 1 2 
169 1 2.0 10 3 0 0 27 25 2 2.53429186356e-11 1 3 
169 1 2.0 13 2 0 0 27 8 2 0.0927273088775 2 1 
169 1 2.0 12 1 0 0 19 5 2 3.92389530815e-11 1 1 
169 1 2.0 15 0 0 0 26 4 2 0.0928076609447 2 0 
169 2 0.0 14 0 0 0 30 9 2 0.0972997109726 3 0 
169 2 0.0 17 1 0 0 4 1 3 1.74972037634e-62 1 0 
169 2 0.0 16 0 0 0 4 1 2 0.118615525461 1 0 
169 2 0.0 19 8 0 0 24 16 3 1.15809682271e-67 4 0 
169 2 0.0 18 7 0 0 18 16 3 8.63081614945e-52 4 0 
169 2 0.0 20 9 0 0 28 25 3 3.6362137635e-69 5 0 
169 2 0.0 21 4 0 0 16 9 3 1.6708471028e-77 3 0 
169 2 0.0 22 3 0 0 4 4 3 2.27912389764e-57 2 0 
169 2 0.0 1 12 0 0 25 18 1 0.188873697242 0 5 
169 2 0.0 3 4 0 0 16 20 1 0.209329624241 0 4 
169 2 0.0 2 16 0 0 81 34 1 0.171099555343 0 9 
169 2 0.0 5 1 0 0 11 9 2 0.0570564145355 1 1 
169 2 0.0 4 0 0 0 4 8 1 0.192682403851 0 2 
169 2 0.0 7 9 0 0 45 35 2 0.0765866115738 3 3 
169 2 0.0 6 2 0 0 14 11 2 0.0550339136654 1 2 
169 2 0.0 9 6 0 0 37 28 2 0.0042155426189 2 3 
169 2 0.0 8 6 0 0 37 30 2 0.00861718934835 2 3 
169 2 0.0 11 2 0 0 22 17 2 9.72933245724e-11 1 2 
169 2 0.0 10 3 0 0 27 25 2 1.37233861201e-10 1 3 
169 2 0.0 13 2 0 0 27 8 2 0.0866502936102 2 1 
169 2 0.0 12 1 0 0 19 5 2 3.66317484102e-09 1 1 
169 2 0.0 15 0 0 0 26 4 2 0.086662618554 2 0 
169 2 2.0 14 0 0 0 30 9 2 0.113754275788 3 0 
169 2 2.0 17 1 0 0 4 1 3 4.42186626342e-30 1 0 
169 2 2.0 16 0 0 0 4 1 2 0.135229647071 1 0 
169 2 2.0 19 8 0 0 24 16 3 1.28276756527e-43 4 0 
169 2 2.0 18 7 0 0 18 16 3 2.15737418752e-20 4 0 
169 2 2.0 20 9 0 0 28 25 3 9.60526251938e-46 5 0 
169 2 2.0 21 4 0 0 16 9 3 4.99438584035e-55 3 0 
169 2 2.0 22 3 0 0 4 4 3 1.01817398694e-27 2 0 
169 2 2.0 1 12 0 0 25 18 1 0.100884218353 0 5 
169 2 2.0 3 4 0 0 16 20 1 0.10877091677 0 4 
169 2 2.0 2 16 0 0 81 34 1 0.105935575805 0 9 
169 2 2.0 5 1 0 0 11 9 2 0.0713826820073 1 1 
169 2 2.0 4 0 0 0 4 8 1 0.113100260444 0 2 
169 2 2.0 7 9 0 0 45 35 2 0.0924978501779 3 3 
169 2 2.0 6 2 0 0 14 11 2 0.0704155503258 1 2 
169 2 2.0 9 6 0 0 37 28 2 0.000692784887081 2 3 
169 2 2.0 8 6 0 0 37 30 2 0.000877694870022 2 3 
169 2 2.0 11 2 0 0 22 17 2 3.02627934092e-11 1 2 
169 2 2.0 10 3 0 0 27 25 2 1.35336645714e-12 1 3 
169 2 2.0 13 2 0 0 27 8 2 0.102843663424 2 1 
169 2 2.0 12 1 0 0 19 5 2 9.13398032189e-12 1 1 
169 2 2.0 15 0 0 0 26 4 2 0.102857719878 2 0 
169 3 0.0 14 0 0 0 30 9 2 0.0896730494985 3 0 
169 3 0.0 17 1 0 0 4 1 3 8.76353394154e-64 1 0 
169 3 0.0 16 0 0 0 4 1 2 0.109845095764 1 0 
169 3 0.0 19 8 0 0 24 16 3 1.26165096847e-67 4 0 
169 3 0.0 18 7 0 0 18 16 3 8.38642458583e-53 4 0 
169 3 0.0 20 9 0 0 28 25 3 4.22095897957e-70 5 0 
169 3 0.0 21 4 0 0 16 9 3 1.91997805759e-77 3 0 
169 3 0.0 22 3 0 0 4 4 3 3.8391390366e-57 2 0 
169 3 0.0 1 12 0 0 25 18 1 0.178772799496 0 5 
169 3 0.0 3 4 0 0 16 20 1 0.202469056684 0 4 
169 3 0.0 2 16 0 0 81 34 1 0.168654432307 0 9 
169 3 0.0 5 1 0 0 11 9 2 0.0525851587004 1 1 
169 3 0.0 4 0 0 0 4 8 1 0.191795573678 0 2 
169 3 0.0 7 9 0 0 45 35 2 0.0703817925705 3 3 
169 3 0.0 6 2 0 0 14 11 2 0.0500412360422 1 2 
169 3 0.0 9 6 0 0 37 28 2 0.000815778290736 2 3 
169 3 0.0 8 6 0 0 37 30 2 0.00968984048527 2 3 
169 3 0.0 11 2 0 0 22 17 2 4.28487402835e-10 1 2 
169 3 0.0 10 3 0 0 27 25 2 3.02908688306e-11 1 3 
169 3 0.0 13 2 0 0 27 8 2 0.0797019595432 2 1 
169 3 0.0 12 1 0 0 19 5 2 1.21731644619e-09 1 1 
169 3 0.0 15 0 0 0 26 4 2 0.0797118655592 2 0 
169 3 2.0 14 0 0 0 30 9 2 0.105840426338 3 0 
169 3 2.0 17 1 0 0 4 1 3 3.68277138666e-45 1 0 
169 3 2.0 16 0 0 0 4 1 2 0.129374273389 1 0 
169 3 2.0 19 8 0 0 24 16 3 2.05421518766e-39 4 0 
169 3 2.0 18 7 0 0 18 16 3 4.11443401087e-19 4 0 
169 3 2.0 20 9 0 0 28 25 3 3.35694410506e-43 5 0 
169 3 2.0 21 4 0 0 16 9 3 2.36329610775e-53 3 0 
169 3 2.0 22 3 0 0 4 4 3 2.89313905828e-32 2 0 
169 3 2.0 1 12 0 0 25 18 1 0.108719776853 0 5 
169 3 2.0 3 4 0 0 16 20 1 0.131511453297 0 4 
169 3 2.0 2 16 0 0 81 34 1 0.098473134861 0 9 
169 3 2.0 5 1 0 0 11 9 2 0.067656988053 1 1 
169 3 2.0 4 0 0 0 4 8 1 0.120962263722 0 2 
169 3 2.0 7 9 0 0 45 35 2 0.084855674824 3 3 
169 3 2.0 6 2 0 0 14 11 2 0.0543931100079 1 2 
169 3 2.0 9 6 0 0 37 28 2 0.00620363807949 2 3 
169 3 2.0 8 6 0 0 37 30 2 0.00477088625608 2 3 
169 3 2.0 11 2 0 0 22 17 2 7.34468211429e-10 1 2 
169 3 2.0 10 3 0 0 27 25 2 6.83305249668e-11 1 3 
169 3 2.0 13 2 0 0 27 8 2 0.0939557515025 2 1 
169 3 2.0 12 1 0 0 19 5 2 4.83772877094e-10 1 1 
169 3 2.0 15 0 0 0 26 4 2 0.09401070588 2 0 
169 4 0.0 14 0 0 0 30 9 2 0.0972977791434 3 0 
169 4 0.0 17 1 0 0 4 1 3 1.08848140225e-56 1 0 
169 4 0.0 16 0 0 0 4 1 2 0.117104120135 1 0 
169 4 0.0 19 8 0 0 24 16 3 1.1321743144e-67 4 0 
169 4 0.0 18 7 0 0 18 16 3 7.74445107766e-53 4 0 
169 4 0.0 20 9 0 0 28 25 3 1.16872638529e-69 5 0 
169 4 0.0 21 4 0 0 16 9 3 1.50635623063e-76 3 0 
169 4 0.0 22 3 0 0 4 4 3 2.6403810564e-57 2 0 
169 4 0.0 1 12 0 0 25 18 1 0.172837273535 0 5 
169 4 0.0 3 4 0 0 16 20 1 0.195686799027 0 4 
169 4 0.0 2 16 0 0 81 34 1 0.156321852096 0 9 
169 4 0.0 5 1 0 0 11 9 2 0.0584173432333 1 1 
169 4 0.0 4 0 0 0 4 8 1 0.18054714752 0 2 
169 4 0.0 7 9 0 0 45 35 2 0.0777025604767 3 3 
169 4 0.0 6 2 0 0 14 11 2 0.0578691177898 1 2 
169 4 0.0 9 6 0 0 37 28 2 0.0100596115483 2 3 
169 4 0.0 8 6 0 0 37 30 2 0.00391648555414 2 3 
169 4 0.0 11 2 0 0 22 17 2 2.14200769272e-08 1 2 
169 4 0.0 10 3 0 0 27 25 2 7.92238086433e-09 1 3 
169 4 0.0 13 2 0 0 27 8 2 0.0871924678913 2 1 
169 4 0.0 12 1 0 0 19 5 2 2.87357793465e-08 1 1 
169 4 0.0 15 0 0 0 26 4 2 0.0872059842781 2 0 
169 4 2.0 14 0 0 0 30 9 2 0.110376614519 3 0 
169 4 2.0 17 1 0 0 4 1 3 4.43498931461e-38 1 0 
169 4 2.0 16 0 0 0 4 1 2 0.135101910307 1 0 
169 4 2.0 19 8 0 0 24 16 3 1.73829358378e-37 4 0 
169 4 2.0 18 7 0 0 18 16 3 1.50240092296e-17 4 0 
169 4 2.0 20 9 0 0 28 25 3 1.44004761663e-41 5 0 
169 4 2.0 21 4 0 0 16 9 3 1.09779092237e-54 3 0 
169 4 2.0 22 3 0 0 4 4 3 1.40527531647e-30 2 0 
169 4 2.0 1 12 0 0 25 18 1 0.105756771416 0 5 
169 4 2.0 3 4 0 0 16 20 1 0.127265889285 0 4 
169 4 2.0 2 16 0 0 81 34 1 0.0968182271269 0 9 
169 4 2.0 5 1 0 0 11 9 2 0.0651038915342 1 1 
169 4 2.0 4 0 0 0 4 8 1 0.11788967117 0 2 
169 4 2.0 7 9 0 0 45 35 2 0.0867894378403 3 3 
169 4 2.0 6 2 0 0 14 11 2 0.0614400321249 1 2 
169 4 2.0 9 6 0 0 37 28 2 0.00157048171903 2 3 
169 4 2.0 8 6 0 0 37 30 2 0.00938235545286 2 3 
169 4 2.0 11 2 0 0 22 17 2 6.57014390585e-09 1 2 
169 4 2.0 10 3 0 0 27 25 2 1.35536923804e-10 1 3 
169 4 2.0 13 2 0 0 27 8 2 0.0980515654661 2 1 
169 4 2.0 12 1 0 0 19 5 2 5.96788881623e-10 1 1 
169 4 2.0 15 0 0 0 26 4 2 0.0980836245473 2 0 
169 5 0.0 14 0 0 0 30 9 2 0.0957009482884 3 0 
169 5 0.0 17 1 0 0 4 1 3 2.55690196633e-56 1 0 
169 5 0.0 16 0 0 0 4 1 2 0.114692249 1 0 
169 5 0.0 19 8 0 0 24 16 3 5.48508040634e-68 4 0 
169 5 0.0 18 7 0 0 18 16 3 3.60081458638e-52 4 0 
169 5 0.0 20 9 0 0 28 25 3 4.95611266161e-70 5 0 
169 5 0.0 21 4 0 0 16 9 3 1.39621708213e-77 3 0 
169 5 0.0 22 3 0 0 4 4 3 1.55343311136e-57 2 0 
169 5 0.0 1 12 0 0 25 18 1 0.1908360634 0 5 
169 5 0.0 3 4 0 0 16 20 1 0.192196889563 0 4 
169 5 0.0 2 16 0 0 81 34 1 0.187980759503 0 9 
169 5 0.0 5 1 0 0 11 9 2 0.0571861348335 1 1 
169 5 0.0 4 0 0 0 4 8 1 0.191721219217 0 2 
169 5 0.0 7 9 0 0 45 35 2 0.0764645139352 3 3 
169 5 0.0 6 2 0 0 14 11 2 0.0567235711281 1 2 
169 5 0.0 9 6 0 0 37 28 2 0.00128637000531 2 3 
169 5 0.0 8 6 0 0 37 30 2 0.000370268707967 2 3 
169 5 0.0 11 2 0 0 22 17 2 5.27681680997e-11 1 2 
169 5 0.0 10 3 0 0 27 25 2 7.38672437882e-12 1 3 
169 5 0.0 13 2 0 0 27 8 2 0.0861885953638 2 1 
169 5 0.0 12 1 0 0 19 5 2 3.12489784225e-10 1 1 
169 5 0.0 15 0 0 0 26 4 2 0.0862035138489 2 0 
169 5 2.0 14 0 0 0 30 9 2 0.102514903697 3 0 
169 5 2.0 17 1 0 0 4 1 3 1.73187722068e-40 1 0 
169 5 2.0 16 0 0 0 4 1 2 0.123518890505 1 0 
169 5 2.0 19 8 0 0 24 16 3 4.56807385662e-40 4 0 
169 5 2.0 18 7 0 0 18 16 3 1.12339346451e-19 4 0 
169 5 2.0 20 9 0 0 28 25 3 1.26771891801e-43 5 0 
169 5 2.0 21 4 0 0 16 9 3 9.91212025205e-54 3 0 
169 5 2.0 22 3 0 0 4 4 3 1.27681105705e-30 2 0 
169 5 2.0 1 12 0 0 25 18 1 0.0866525302314 0 5 
169 5 2.0 3 4 0 0 16 20 1 0.108858329236 0 4 
169 5 2.0 2 16 0 0 81 34 1 0.0810940717546 0 9 
169 5 2.0 5 1 0 0 11 9 2 0.0646497526199 1 1 
169 5 2.0 4 0 0 0 4 8 1 0.102992208577 0 2 
169 5 2.0 7 9 0 0 45 35 2 0.0827630709133 3 3 
169 5 2.0 6 2 0 0 14 11 2 0.0590831574325 1 2 
169 5 2.0 9 6 0 0 37 28 2 0.00693922756955 2 3 
169 5 2.0 8 6 0 0 37 30 2 0.00400503120967 2 3 
169 5 2.0 11 2 0 0 22 17 2 1.48925844085e-08 1 2 
169 5 2.0 10 3 0 0 27 25 2 2.19413751517e-09 1 3 
169 5 2.0 13 2 0 0 27 8 2 0.0916924929158 2 1 
169 5 2.0 12 1 0 0 19 5 2 3.53745633334e-09 1 1 
169 5 2.0 15 0 0 0 26 4 2 0.0917247822747 2 0 
169 6 0.0 14 0 0 0 30 9 2 0.100306882208 3 0 
169 6 0.0 17 1 0 0 4 1 3 4.33313860432e-58 1 0 
169 6 0.0 16 0 0 0 4 1 2 0.121316408784 1 0 
169 6 0.0 19 8 0 0 24 16 3 1.86148930108e-66 4 0 
169 6 0.0 18 7 0 0 18 16 3 9.19954527319e-52 4 0 
169 6 0.0 20 9 0 0 28 25 3 1.20421418498e-68 5 0 
169 6 0.0 21 4 0 0 16 9 3 3.56646778481e-77 3 0 
169 6 0.0 22 3 0 0 4 4 3 5.46380465457e-60 2 0 
169 6 0.0 1 12 0 0 25 18 1 0.182729587942 0 5 
169 6 0.0 3 4 0 0 16 20 1 0.205179248173 0 4 
169 6 0.0 2 16 0 0 81 34 1 0.164430402018 0 9 
169 6 0.0 5 1 0 0 11 9 2 0.0595056933766 1 1 
169 6 0.0 4 0 0 0 4 8 1 0.188173599152 0 2 
169 6 0.0 7 9 0 0 45 35 2 0.079668424267 3 3 
169 6 0.0 6 2 0 0 14 11 2 0.0587712530474 1 2 
169 6 0.0 9 6 0 0 37 28 2 0.00827694033549 2 3 
169 6 0.0 8 6 0 0 37 30 2 0.00613407152775 2 3 
169 6 0.0 11 2 0 0 22 17 2 3.64892082005e-09 1 2 
169 6 0.0 10 3 0 0 27 25 2 2.42682885064e-09 1 3 
169 6 0.0 13 2 0 0 27 8 2 0.08963500856 2 1 
169 6 0.0 12 1 0 0 19 5 2 3.52021634374e-10 1 1 
169 6 0.0 15 0 0 0 26 4 2 0.0896826252418 2 0 
169 6 2.0 14 0 0 0 30 9 2 0.102017320299 3 0 
169 6 2.0 17 1 0 0 4 1 3 5.67355842572e-28 1 0 
169 6 2.0 16 0 0 0 4 1 2 0.125557462378 1 0 
169 6 2.0 19 8 0 0 24 16 3 1.1839045235e-40 4 0 
169 6 2.0 18 7 0 0 18 16 3 2.47987638411e-19 4 0 
169 6 2.0 20 9 0 0 28 25 3 1.35335265846e-43 5 0 
169 6 2.0 21 4 0 0 16 9 3 1.69244821244e-54 3 0 
169 6 2.0 22 3 0 0 4 4 3 1.60896671144e-30 2 0 
169 6 2.0 1 12 0 0 25 18 1 0.110859843481 0 5 
169 6 2.0 3 4 0 0 16 20 1 0.128998072881 0 4 
169 6 2.0 2 16 0 0 81 34 1 0.0971822220402 0 9 
169 6 2.0 5 1 0 0 11 9 2 0.0569439154727 1 1 
169 6 2.0 4 0 0 0 4 8 1 0.115591464368 0 2 
169 6 2.0 7 9 0 0 45 35 2 0.0790225691175 3 3 
169 6 2.0 6 2 0 0 14 11 2 0.0564126385794 1 2 
169 6 2.0 9 6 0 0 37 28 2 0.00293501566559 2 3 
169 6 2.0 8 6 0 0 37 30 2 0.00720703168367 2 3 
169 6 2.0 11 2 0 0 22 17 2 8.44613296975e-09 1 2 
169 6 2.0 10 3 0 0 27 25 2 3.33693133629e-10 1 3 
169 6 2.0 13 2 0 0 27 8 2 0.0903406194395 2 1 
169 6 2.0 12 1 0 0 19 5 2 1.84862508163e-08 1 1 
169 6 2.0 15 0 0 0 26 4 2 0.090370773367 2 0 
169 7 0.0 14 0 0 0 30 9 2 0.0992662658912 3 0 
169 7 0.0 17 1 0 0 4 1 3 1.36090597126e-51 1 0 
169 7 0.0 16 0 0 0 4 1 2 0.119335619446 1 0 
169 7 0.0 19 8 0 0 24 16 3 1.34594689552e-66 4 0 
169 7 0.0 18 7 0 0 18 16 3 7.97587833898e-52 4 0 
169 7 0.0 20 9 0 0 28 25 3 8.73918524858e-69 5 0 
169 7 0.0 21 4 0 0 16 9 3 3.1753635537e-77 3 0 
169 7 0.0 22 3 0 0 4 4 3 2.9051744916e-56 2 0 
169 7 0.0 1 12 0 0 25 18 1 0.170769303069 0 5 
169 7 0.0 3 4 0 0 16 20 1 0.192471927011 0 4 
169 7 0.0 2 16 0 0 81 34 1 0.153747170087 0 9 
169 7 0.0 5 1 0 0 11 9 2 0.0595108722937 1 1 
169 7 0.0 4 0 0 0 4 8 1 0.176942817711 0 2 
169 7 0.0 7 9 0 0 45 35 2 0.0793800731219 3 3 
169 7 0.0 6 2 0 0 14 11 2 0.0593544632438 1 2 
169 7 0.0 9 6 0 0 37 28 2 0.00535414939136 2 3 
169 7 0.0 8 6 0 0 37 30 2 0.00902346227384 2 3 
169 7 0.0 11 2 0 0 22 17 2 1.09356136687e-08 1 2 
169 7 0.0 10 3 0 0 27 25 2 1.60094201751e-09 1 3 
169 7 0.0 13 2 0 0 27 8 2 0.0889973781218 2 1 
169 7 0.0 12 1 0 0 19 5 2 5.15325050809e-08 1 1 
169 7 0.0 15 0 0 0 26 4 2 0.0890007576235 2 0 
169 7 2.0 14 0 0 0 30 9 2 0.102003458711 3 0 
169 7 2.0 17 1 0 0 4 1 3 3.00061708212e-36 1 0 
169 7 2.0 16 0 0 0 4 1 2 0.125619008198 1 0 
169 7 2.0 19 8 0 0 24 16 3 2.85793527924e-38 4 0 
169 7 2.0 18 7 0 0 18 16 3 1.31360183701e-17 4 0 
169 7 2.0 20 9 0 0 28 25 3 3.51293766405e-41 5 0 
169 7 2.0 21 4 0 0 16 9 3 2.27273832477e-54 3 0 
169 7 2.0 22 3 0 0 4 4 3 1.27323363856e-34 2 0 
169 7 2.0 1 12 0 0 25 18 1 0.106197239554 0 5 
169 7 2.0 3 4 0 0 16 20 1 0.132777713458 0 4 
169 7 2.0 2 16 0 0 81 34 1 0.0995143263266 0 9 
169 7 2.0 5 1 0 0 11 9 2 0.0589250143497 1 1 
169 7 2.0 4 0 0 0 4 8 1 0.124420751108 0 2 
169 7 2.0 7 9 0 0 45 35 2 0.0796873379422 3 3 
169 7 2.0 6 2 0 0 14 11 2 0.056624550134 1 2 
169 7 2.0 9 6 0 0 37 28 2 0.00398905504515 2 3 
169 7 2.0 8 6 0 0 37 30 2 0.00642503750557 2 3 
169 7 2.0 11 2 0 0 22 17 2 1.98893719149e-10 1 2 
169 7 2.0 10 3 0 0 27 25 2 1.3963661066e-11 1 3 
169 7 2.0 13 2 0 0 27 8 2 0.0902043455491 2 1 
169 7 2.0 12 1 0 0 19 5 2 5.95520944576e-11 1 1 
169 7 2.0 15 0 0 0 26 4 2 0.0903265982601 2 0 
169 8 0.0 14 0 0 0 30 9 2 0.0967669774501 3 0 
169 8 0.0 17 1 0 0 4 1 3 4.38352664829e-58 1 0 
169 8 0.0 16 0 0 0 4 1 2 0.116992805761 1 0 
169 8 0.0 19 8 0 0 24 16 3 9.50853374965e-66 4 0 
169 8 0.0 18 7 0 0 18 16 3 7.77594064623e-51 4 0 
169 8 0.0 20 9 0 0 28 25 3 1.46907389007e-67 5 0 
169 8 0.0 21 4 0 0 16 9 3 4.63462252543e-77 3 0 
169 8 0.0 22 3 0 0 4 4 3 2.21613936341e-58 2 0 
169 8 0.0 1 12 0 0 25 18 1 0.181614499692 0 5 
169 8 0.0 3 4 0 0 16 20 1 0.204048982337 0 4 
169 8 0.0 2 16 0 0 81 34 1 0.162653742892 0 9 
169 8 0.0 5 1 0 0 11 9 2 0.0574623370881 1 1 
169 8 0.0 4 0 0 0 4 8 1 0.18669371644 0 2 
169 8 0.0 7 9 0 0 45 35 2 0.0768910989946 3 3 
169 8 0.0 6 2 0 0 14 11 2 0.0567343377815 1 2 
169 8 0.0 9 6 0 0 37 28 2 0.00657583721576 2 3 
169 8 0.0 8 6 0 0 37 30 2 0.00744157675961 2 3 
169 8 0.0 11 2 0 0 22 17 2 4.11127972802e-09 1 2 
169 8 0.0 10 3 0 0 27 25 2 1.15165740626e-09 1 3 
169 8 0.0 13 2 0 0 27 8 2 0.0865039108545 2 1 
169 8 0.0 12 1 0 0 19 5 2 1.64023481167e-09 1 1 
169 8 0.0 15 0 0 0 26 4 2 0.0865270330457 2 0 
169 8 2.0 14 0 0 0 30 9 2 0.110710196275 3 0 
169 8 2.0 17 1 0 0 4 1 3 1.29014277804e-36 1 0 
169 8 2.0 16 0 0 0 4 1 2 0.135919274349 1 0 
169 8 2.0 19 8 0 0 24 16 3 2.28411754614e-41 4 0 
169 8 2.0 18 7 0 0 18 16 3 2.19846325149e-19 4 0 
169 8 2.0 20 9 0 0 28 25 3 1.88709611213e-44 5 0 
169 8 2.0 21 4 0 0 16 9 3 3.54658738169e-55 3 0 
169 8 2.0 22 3 0 0 4 4 3 2.74703366866e-32 2 0 
169 8 2.0 1 12 0 0 25 18 1 0.127817556409 0 5 
169 8 2.0 3 4 0 0 16 20 1 0.132933031298 0 4 
169 8 2.0 2 16 0 0 81 34 1 0.12788398177 0 9 
169 8 2.0 5 1 0 0 11 9 2 0.0626576715551 1 1 
169 8 2.0 4 0 0 0 4 8 1 0.13223804994 0 2 
169 8 2.0 7 9 0 0 45 35 2 0.085958455174 3 3 
169 8 2.0 6 2 0 0 14 11 2 0.0599515160109 1 2 
169 8 2.0 9 6 0 0 37 28 2 0.00158076419227 2 3 
169 8 2.0 8 6 0 0 37 30 2 0.000543831629591 2 3 
169 8 2.0 11 2 0 0 22 17 2 2.04828197191e-10 1 2 
169 8 2.0 10 3 0 0 27 25 2 1.47105739321e-11 1 3 
169 8 2.0 13 2 0 0 27 8 2 0.0983152232637 2 1 
169 8 2.0 12 1 0 0 19 5 2 3.10478665106e-12 1 1 
169 8 2.0 15 0 0 0 26 4 2 0.0983761756865 2 0 
169 9 0.0 14 0 0 0 30 9 2 0.0941523885903 3 0 
169 9 0.0 17 1 0 0 4 1 3 7.57134852465e-57 1 0 
169 9 0.0 16 0 0 0 4 1 2 0.116287141401 1 0 
169 9 0.0 19 8 0 0 24 16 3 1.61359360065e-66 4 0 
169 9 0.0 18 7 0 0 18 16 3 1.71675603371e-52 4 0 
169 9 0.0 20 9 0 0 28 25 3 3.55810251071e-69 5 0 
169 9 0.0 21 4 0 0 16 9 3 1.22169301386e-76 3 0 
169 9 0.0 22 3 0 0 4 4 3 5.1536421255e-58 2 0 
169 9 0.0 1 12 0 0 25 18 1 0.210312937096 0 5 
169 9 0.0 3 4 0 0 16 20 1 0.232690559292 0 4 
169 9 0.0 2 16 0 0 81 34 1 0.186790369609 0 9 
169 9 0.0 5 1 0 0 11 9 2 0.0525250215525 1 1 
169 9 0.0 4 0 0 0 4 8 1 0.210535341224 0 2 
169 9 0.0 7 9 0 0 45 35 2 0.0727896226442 3 3 
169 9 0.0 6 2 0 0 14 11 2 0.0520064480388 1 2 
169 9 0.0 9 6 0 0 37 28 2 0.00549386368885 2 3 
169 9 0.0 8 6 0 0 37 30 2 0.0074975417153 2 3 
169 9 0.0 11 2 0 0 22 17 2 1.25702581089e-07 1 2 
169 9 0.0 10 3 0 0 27 25 2 1.15545141819e-08 1 3 
169 9 0.0 13 2 0 0 27 8 2 0.0831716966576 2 1 
169 9 0.0 12 1 0 0 19 5 2 7.63633283585e-08 1 1 
169 9 0.0 15 0 0 0 26 4 2 0.0831920688751 2 0 
169 9 2.0 14 0 0 0 30 9 2 0.0989279812721 3 0 
169 9 2.0 17 1 0 0 4 1 3 1.52654055106e-26 1 0 
169 9 2.0 16 0 0 0 4 1 2 0.124470121328 1 0 
169 9 2.0 19 8 0 0 24 16 3 2.36461637384e-41 4 0 
169 9 2.0 18 7 0 0 18 16 3 2.29488867467e-21 4 0 
169 9 2.0 20 9 0 0 28 25 3 5.3430306182e-44 5 0 
169 9 2.0 21 4 0 0 16 9 3 7.85185621639e-53 3 0 
169 9 2.0 22 3 0 0 4 4 3 5.9527537696e-30 2 0 
169 9 2.0 1 12 0 0 25 18 1 0.100399520903 0 5 
169 9 2.0 3 4 0 0 16 20 1 0.129786797967 0 4 
169 9 2.0 2 16 0 0 81 34 1 0.09816398607 0 9 
169 9 2.0 5 1 0 0 11 9 2 0.0528471972906 1 1 
169 9 2.0 4 0 0 0 4 8 1 0.123847811751 0 2 
169 9 2.0 7 9 0 0 45 35 2 0.0750649339924 3 3 
169 9 2.0 6 2 0 0 14 11 2 0.0524656213851 1 2 
169 9 2.0 9 6 0 0 37 28 2 0.00836615197312 2 3 
169 9 2.0 8 6 0 0 37 30 2 0.000954018494424 2 3 
169 9 2.0 11 2 0 0 22 17 2 1.64887172336e-07 1 2 
169 9 2.0 10 3 0 0 27 25 2 7.51940802127e-09 1 3 
169 9 2.0 13 2 0 0 27 8 2 0.0865151164 2 1 
169 9 2.0 12 1 0 0 19 5 2 3.79228597498e-08 1 1 
169 9 2.0 15 0 0 0 26 4 2 0.0865403921783 2 0 
169 10 0.0 14 0 0 0 30 9 2 0.0959290493642 3 0 
169 10 0.0 17 1 0 0 4 1 3 1.96740106969e-62 1 0 
169 10 0.0 16 0 0 0 4 1 2 0.117122512318 1 0 
169 10 0.0 19 8 0 0 24 16 3 3.21601001435e-66 4 0 
169 10 0.0 18 7 0 0 18 16 3 5.43006657678e-52 4 0 
169 10 0.0 20 9 0 0 28 25 3 5.45636246911e-69 5 0 
169 10 0.0 21 4 0 0 16 9 3 4.69970403554e-77 3 0 
169 10 0.0 22 3 0 0 4 4 3 5.09206193853e-60 2 0 
169 10 0.0 1 12 0 0 25 18 1 0.185314353011 0 5 
169 10 0.0 3 4 0 0 16 20 1 0.209173358384 0 4 
169 10 0.0 2 16 0 0 81 34 1 0.167775568874 0 9 
169 10 0.0 5 1 0 0 11 9 2 0.0561761173423 1 1 
169 10 0.0 4 0 0 0 4 8 1 0.192207819131 0 2 
169 10 0.0 7 9 0 0 45 35 2 0.0754439302667 3 3 
169 10 0.0 6 2 0 0 14 11 2 0.0541958795183 1 2 
169 10 0.0 9 6 0 0 37 28 2 0.00669347908727 2 3 
169 10 0.0 8 6 0 0 37 30 2 0.00674554555058 2 3 
169 10 0.0 11 2 0 0 22 17 2 1.63672417007e-07 1 2 
169 10 0.0 10 3 0 0 27 25 2 5.87118384657e-09 1 3 
169 10 0.0 13 2 0 0 27 8 2 0.0853141128406 2 1 
169 10 0.0 12 1 0 0 19 5 2 6.29532937691e-08 1 1 
169 10 0.0 15 0 0 0 26 4 2 0.0853607591823 2 0 
169 10 2.0 14 0 0 0 30 9 2 0.107378537454 3 0 
169 10 2.0 17 1 0 0 4 1 3 3.66388703769e-34 1 0 
169 10 2.0 16 0 0 0 4 1 2 0.133017675142 1 0 
169 10 2.0 19 8 0 0 24 16 3 2.70238965993e-39 4 0 
169 10 2.0 18 7 0 0 18 16 3 1.29951035433e-18 4 0 
169 10 2.0 20 9 0 0 28 25 3 2.43718947132e-42 5 0 
169 10 2.0 21 4 0 0 16 9 3 6.45576230959e-55 3 0 
169 10 2.0 22 3 0 0 4 4 3 1.23926609067e-33 2 0 
169 10 2.0 1 12 0 0 25 18 1 0.11015499901 0 5 
169 10 2.0 3 4 0 0 16 20 1 0.129629163524 0 4 
169 10 2.0 2 16 0 0 81 34 1 0.106109571619 0 9 
169 10 2.0 5 1 0 0 11 9 2 0.0603426395801 1 1 
169 10 2.0 4 0 0 0 4 8 1 0.123557875848 0 2 
169 10 2.0 7 9 0 0 45 35 2 0.0830218660157 3 3 
169 10 2.0 6 2 0 0 14 11 2 0.0587308254114 1 2 
169 10 2.0 9 6 0 0 37 28 2 0.00206075909601 2 3 
169 10 2.0 8 6 0 0 37 30 2 0.00672873958835 2 3 
169 10 2.0 11 2 0 0 22 17 2 2.64891235504e-09 1 2 
169 10 2.0 10 3 0 0 27 25 2 2.91687338472e-11 1 3 
169 10 2.0 13 2 0 0 27 8 2 0.0948279382451 2 1 
169 10 2.0 12 1 0 0 19 5 2 6.16655528928e-10 1 1 
169 10 2.0 15 0 0 0 26 4 2 0.0949149464046 2 0 
169 11 0.0 14 0 0 0 30 9 2 0.0975530332169 3 0 
169 11 0.0 17 1 0 0 4 1 3 3.13441618149e-61 1 0 
169 11 0.0 16 0 0 0 4 1 2 0.118462143279 1 0 
169 11 0.0 19 8 0 0 24 16 3 2.4916311368e-66 4 0 
169 11 0.0 18 7 0 0 18 16 3 1.80460745753e-51 4 0 
169 11 0.0 20 9 0 0 28 25 3 4.43833542184e-68 5 0 
169 11 0.0 21 4 0 0 16 9 3 6.02211421551e-77 3 0 
169 11 0.0 22 3 0 0 4 4 3 1.65935408456e-61 2 0 
169 11 0.0 1 12 0 0 25 18 1 0.178638262114 0 5 
169 11 0.0 3 4 0 0 16 20 1 0.2025747661 0 4 
169 11 0.0 2 16 0 0 81 34 1 0.161373643553 0 9 
169 11 0.0 5 1 0 0 11 9 2 0.0576655242028 1 1 
169 11 0.0 4 0 0 0 4 8 1 0.186040480802 0 2 
169 11 0.0 7 9 0 0 45 35 2 0.0771713499989 3 3 
169 11 0.0 6 2 0 0 14 11 2 0.0561419493315 1 2 
169 11 0.0 9 6 0 0 37 28 2 0.00651114061796 2 3 
169 11 0.0 8 6 0 0 37 30 2 0.00753991379997 2 3 
169 11 0.0 11 2 0 0 22 17 2 1.40980391273e-08 1 2 
169 11 0.0 10 3 0 0 27 25 2 1.45030887752e-09 1 3 
169 11 0.0 13 2 0 0 27 8 2 0.0869450117745 2 1 
169 11 0.0 12 1 0 0 19 5 2 4.73238502124e-09 1 1 
169 11 0.0 15 0 0 0 26 4 2 0.0870449999717 2 0 
169 11 2.0 14 0 0 0 30 9 2 0.111236587301 3 0 
169 11 2.0 17 1 0 0 4 1 3 6.49988338843e-36 1 0 
169 11 2.0 16 0 0 0 4 1 2 0.13281652409 1 0 
169 11 2.0 19 8 0 0 24 16 3 1.9226692008e-40 4 0 
169 11 2.0 18 7 0 0 18 16 3 9.14225859891e-20 4 0 
169 11 2.0 20 9 0 0 28 25 3 8.7242446349e-44 5 0 
169 11 2.0 21 4 0 0 16 9 3 2.68596398798e-54 3 0 
169 11 2.0 22 3 0 0 4 4 3 1.98874670274e-31 2 0 
169 11 2.0 1 12 0 0 25 18 1 0.0866510245042 0 5 
169 11 2.0 3 4 0 0 16 20 1 0.105614574407 0 4 
169 11 2.0 2 16 0 0 81 34 1 0.0788631889491 0 9 
169 11 2.0 5 1 0 0 11 9 2 0.0697169200762 1 1 
169 11 2.0 4 0 0 0 4 8 1 0.0982463586088 0 2 
169 11 2.0 7 9 0 0 45 35 2 0.0902396393592 3 3 
169 11 2.0 6 2 0 0 14 11 2 0.0670430070251 1 2 
169 11 2.0 9 6 0 0 37 28 2 0.0051848016291 2 3 
169 11 2.0 8 6 0 0 37 30 2 0.00692457696997 2 3 
169 11 2.0 11 2 0 0 22 17 2 8.08111293199e-09 1 2 
169 11 2.0 10 3 0 0 27 25 2 6.81683582195e-10 1 3 
169 11 2.0 13 2 0 0 27 8 2 0.0999574463283 2 1 
169 11 2.0 12 1 0 0 19 5 2 1.65766598527e-09 1 1 
169 11 2.0 15 0 0 0 26 4 2 0.100004976254 2 0 
169 12 0.0 14 0 0 0 30 9 2 0.0956248073748 3 0 
169 12 0.0 17 1 0 0 4 1 3 1.13371661238e-62 1 0 
169 12 0.0 16 0 0 0 4 1 2 0.116429629986 1 0 
169 12 0.0 19 8 0 0 24 16 3 3.619411148e-66 4 0 
169 12 0.0 18 7 0 0 18 16 3 2.15045448836e-52 4 0 
169 12 0.0 20 9 0 0 28 25 3 1.58644397027e-68 5 0 
169 12 0.0 21 4 0 0 16 9 3 6.22273759924e-76 3 0 
169 12 0.0 22 3 0 0 4 4 3 1.66354019919e-58 2 0 
169 12 0.0 1 12 0 0 25 18 1 0.186353642398 0 5 
169 12 0.0 3 4 0 0 16 20 1 0.207960320506 0 4 
169 12 0.0 2 16 0 0 81 34 1 0.16782976328 0 9 
169 12 0.0 5 1 0 0 11 9 2 0.0562611913394 1 1 
169 12 0.0 4 0 0 0 4 8 1 0.190557559004 0 2 
169 12 0.0 7 9 0 0 45 35 2 0.0753682969216 3 3 
169 12 0.0 6 2 0 0 14 11 2 0.0541598199922 1 2 
169 12 0.0 9 6 0 0 37 28 2 0.0113395657012 2 3 
169 12 0.0 8 6 0 0 37 30 2 0.00161865814534 2 3 
169 12 0.0 11 2 0 0 22 17 2 5.35666584948e-09 1 2 
169 12 0.0 10 3 0 0 27 25 2 9.22312253595e-09 1 3 
169 12 0.0 13 2 0 0 27 8 2 0.0851712920051 2 1 
169 12 0.0 12 1 0 0 19 5 2 5.91994046636e-09 1 1 
169 12 0.0 15 0 0 0 26 4 2 0.0851957217853 2 0 
169 12 2.0 14 0 0 0 30 9 2 0.105729122983 3 0 
169 12 2.0 17 1 0 0 4 1 3 1.49935479039e-39 1 0 
169 12 2.0 16 0 0 0 4 1 2 0.13052693564 1 0 
169 12 2.0 19 8 0 0 24 16 3 2.56746539038e-38 4 0 
169 12 2.0 18 7 0 0 18 16 3 8.2468036572e-18 4 0 
169 12 2.0 20 9 0 0 28 25 3 6.51443005667e-42 5 0 
169 12 2.0 21 4 0 0 16 9 3 2.7250756192e-54 3 0 
169 12 2.0 22 3 0 0 4 4 3 4.26980135542e-32 2 0 
169 12 2.0 1 12 0 0 25 18 1 0.102633171522 0 5 
169 12 2.0 3 4 0 0 16 20 1 0.126819725369 0 4 
169 12 2.0 2 16 0 0 81 34 1 0.0949410868955 0 9 
169 12 2.0 5 1 0 0 11 9 2 0.0620289526632 1 1 
169 12 2.0 4 0 0 0 4 8 1 0.117264912316 0 2 
169 12 2.0 7 9 0 0 45 35 2 0.0826650754626 3 3 
169 12 2.0 6 2 0 0 14 11 2 0.0574702937352 1 2 
169 12 2.0 9 6 0 0 37 28 2 0.00635058992134 2 3 
169 12 2.0 8 6 0 0 37 30 2 0.00448865145981 2 3 
169 12 2.0 11 2 0 0 22 17 2 3.330403596e-09 1 2 
169 12 2.0 10 3 0 0 27 25 2 1.41855321009e-10 1 3 
169 12 2.0 13 2 0 0 27 8 2 0.0934709109924 2 1 
169 12 2.0 12 1 0 0 19 5 2 7.5409016482e-10 1 1 
169 12 2.0 15 0 0 0 26 4 2 0.0935246090878 2 0 
169 13 0.0 14 0 0 0 30 9 2 0.0876337346757 3 0 
169 13 0.0 17 1 0 0 4 1 3 4.18049555126e-62 1 0 
169 13 0.0 16 0 0 0 4 1 2 0.107966374164 1 0 
169 13 0.0 19 8 0 0 24 16 3 5.99307911773e-67 4 0 
169 13 0.0 18 7 0 0 18 16 3 1.22304107033e-51 4 0 
169 13 0.0 20 9 0 0 28 25 3 8.83244445546e-69 5 0 
169 13 0.0 21 4 0 0 16 9 3 9.36474330198e-77 3 0 
169 13 0.0 22 3 0 0 4 4 3 4.19112547996e-58 2 0 
169 13 0.0 1 12 0 0 25 18 1 0.180332009179 0 5 
169 13 0.0 3 4 0 0 16 20 1 0.207324596151 0 4 
169 13 0.0 2 16 0 0 81 34 1 0.165679833004 0 9 
169 13 0.0 5 1 0 0 11 9 2 0.0500834804855 1 1 
169 13 0.0 4 0 0 0 4 8 1 0.192155937921 0 2 
169 13 0.0 7 9 0 0 45 35 2 0.0681731086759 3 3 
169 13 0.0 6 2 0 0 14 11 2 0.0484895991296 1 2 
169 13 0.0 9 6 0 0 37 28 2 0.00915129525518 2 3 
169 13 0.0 8 6 0 0 37 30 2 0.00272123319078 2 3 
169 13 0.0 11 2 0 0 22 17 2 4.20626284634e-08 1 2 
169 13 0.0 10 3 0 0 27 25 2 1.04238165224e-08 1 3 
169 13 0.0 13 2 0 0 27 8 2 0.0775886001712 2 1 
169 13 0.0 12 1 0 0 19 5 2 6.14911006485e-08 1 1 
169 13 0.0 15 0 0 0 26 4 2 0.0776076084262 2 0 
169 13 2.0 14 0 0 0 30 9 2 0.115308550028 3 0 
169 13 2.0 17 1 0 0 4 1 3 3.19425376175e-26 1 0 
169 13 2.0 16 0 0 0 4 1 2 0.134679744978 1 0 
169 13 2.0 19 8 0 0 24 16 3 6.04914972678e-41 4 0 
169 13 2.0 18 7 0 0 18 16 3 4.06276105314e-20 4 0 
169 13 2.0 20 9 0 0 28 25 3 1.54010817059e-43 5 0 
169 13 2.0 21 4 0 0 16 9 3 4.69788384133e-55 3 0 
169 13 2.0 22 3 0 0 4 4 3 3.28608147186e-27 2 0 
169 13 2.0 1 12 0 0 25 18 1 0.109084013395 0 5 
169 13 2.0 3 4 0 0 16 20 1 0.113633312139 0 4 
169 13 2.0 2 16 0 0 81 34 1 0.103493671225 0 9 
169 13 2.0 5 1 0 0 11 9 2 0.0747379053273 1 1 
169 13 2.0 4 0 0 0 4 8 1 0.111268632782 0 2 
169 13 2.0 7 9 0 0 45 35 2 0.0957452278495 3 3 
169 13 2.0 6 2 0 0 14 11 2 0.0742598063205 1 2 
169 13 2.0 9 6 0 0 37 28 2 0.00122056507318 2 3 
169 13 2.0 8 6 0 0 37 30 2 0.00430000090971 2 3 
169 13 2.0 11 2 0 0 22 17 2 2.80270521529e-09 1 2 
169 13 2.0 10 3 0 0 27 25 2 2.3841189958e-10 1 3 
169 13 2.0 13 2 0 0 27 8 2 0.105001907752 2 1 
169 13 2.0 12 1 0 0 19 5 2 2.69584667174e-10 1 1 
169 13 2.0 15 0 0 0 26 4 2 0.105014163773 2 0 
169 14 0.0 14 0 0 0 30 9 2 0.100071003648 3 0 
169 14 0.0 17 1 0 0 4 1 3 2.05843460279e-52 1 0 
169 14 0.0 16 0 0 0 4 1 2 0.121848097749 1 0 
169 14 0.0 19 8 0 0 24 16 3 6.43649976773e-69 4 0 
169 14 0.0 18 7 0 0 18 16 3 1.87638400645e-53 4 0 
169 14 0.0 20 9 0 0 28 25 3 1.26619768704e-70 5 0 
169 14 0.0 21 4 0 0 16 9 3 2.18432419218e-77 3 0 
169 14 0.0 22 3 0 0 4 4 3 8.34708653212e-56 2 0 
169 14 0.0 1 12 0 0 25 18 1 0.203866083713 0 5 
169 14 0.0 3 4 0 0 16 20 1 0.220919808014 0 4 
169 14 0.0 2 16 0 0 81 34 1 0.178162354778 0 9 
169 14 0.0 5 1 0 0 11 9 2 0.0574205992261 1 1 
169 14 0.0 4 0 0 0 4 8 1 0.198279375672 0 2 
169 14 0.0 7 9 0 0 45 35 2 0.0784466175284 3 3 
169 14 0.0 6 2 0 0 14 11 2 0.0572408585375 1 2 
169 14 0.0 9 6 0 0 37 28 2 0.00508604301809 2 3 
169 14 0.0 8 6 0 0 37 30 2 0.00890638594537 2 3 
169 14 0.0 11 2 0 0 22 17 2 4.48567936687e-07 1 2 
169 14 0.0 10 3 0 0 27 25 2 1.00652535386e-07 1 3 
169 14 0.0 13 2 0 0 27 8 2 0.0890908759518 2 1 
169 14 0.0 12 1 0 0 19 5 2 1.73119825766e-06 1 1 
169 14 0.0 15 0 0 0 26 4 2 0.0890976288878 2 0 
169 14 2.0 14 0 0 0 30 9 2 0.104925123183 3 0 
169 14 2.0 17 1 0 0 4 1 3 1.16590939466e-33 1 0 
169 14 2.0 16 0 0 0 4 1 2 0.130557133256 1 0 
169 14 2.0 19 8 0 0 24 16 3 8.51115872336e-43 4 0 
169 14 2.0 18 7 0 0 18 16 3 1.81577065981e-20 4 0 
169 14 2.0 20 9 0 0 28 25 3 8.0540758052e-45 5 0 
169 14 2.0 21 4 0 0 16 9 3 1.49557769553e-54 3 0 
169 14 2.0 22 3 0 0 4 4 3 6.49384068889e-28 2 0 
169 14 2.0 1 12 0 0 25 18 1 0.122566519714 0 5 
169 14 2.0 3 4 0 0 16 20 1 0.147971829494 0 4 
169 14 2.0 2 16 0 0 81 34 1 0.113481330039 0 9 
169 14 2.0 5 1 0 0 11 9 2 0.0585994621235 1 1 
169 14 2.0 4 0 0 0 4 8 1 0.137072757901 0 2 
169 14 2.0 7 9 0 0 45 35 2 0.0808541737757 3 3 
169 14 2.0 6 2 0 0 14 11 2 0.0571345237715 1 2 
169 14 2.0 9 6 0 0 37 28 2 0.00896819279128 2 3 
169 14 2.0 8 6 0 0 37 30 2 0.0010990011495 2 3 
169 14 2.0 11 2 0 0 22 17 2 9.34784785745e-11 1 2 
169 14 2.0 10 3 0 0 27 25 2 1.43023558253e-10 1 3 
169 14 2.0 13 2 0 0 27 8 2 0.0923766855274 2 1 
169 14 2.0 12 1 0 0 19 5 2 1.27059729619e-09 1 1 
169 14 2.0 15 0 0 0 26 4 2 0.0923882378748 2 0 
169 15 0.0 14 0 0 0 30 9 2 0.1003750745 3 0 
169 15 0.0 17 1 0 0 4 1 3 4.33268409178e-56 1 0 
169 15 0.0 16 0 0 0 4 1 2 0.122371292218 1 0 
169 15 0.0 19 8 0 0 24 16 3 3.79466735531e-66 4 0 
169 15 0.0 18 7 0 0 18 16 3 7.07416082901e-52 4 0 
169 15 0.0 20 9 0 0 28 25 3 7.42619829984e-69 5 0 
169 15 0.0 21 4 0 0 16 9 3 8.83802041852e-77 3 0 
169 15 0.0 22 3 0 0 4 4 3 1.35216164796e-56 2 0 
169 15 0.0 1 12 0 0 25 18 1 0.198568517655 0 5 
169 15 0.0 3 4 0 0 16 20 1 0.219170343981 0 4 
169 15 0.0 2 16 0 0 81 34 1 0.175974286187 0 9 
169 15 0.0 5 1 0 0 11 9 2 0.057940538845 1 1 
169 15 0.0 4 0 0 0 4 8 1 0.198455891653 0 2 
169 15 0.0 7 9 0 0 45 35 2 0.0788472038771 3 3 
169 15 0.0 6 2 0 0 14 11 2 0.0574469121976 1 2 
169 15 0.0 9 6 0 0 37 28 2 0.00718925789691 2 3 
169 15 0.0 8 6 0 0 37 30 2 0.00706531615449 2 3 
169 15 0.0 11 2 0 0 22 17 2 2.12120763345e-10 1 2 
169 15 0.0 10 3 0 0 27 25 2 1.29323054742e-10 1 3 
169 15 0.0 13 2 0 0 27 8 2 0.0893021805632 2 1 
169 15 0.0 12 1 0 0 19 5 2 2.17618867502e-09 1 1 
169 15 0.0 15 0 0 0 26 4 2 0.0893088192408 2 0 
169 15 2.0 14 0 0 0 30 9 2 0.11850435025 3 0 
169 15 2.0 17 1 0 0 4 1 3 6.91716555944e-30 1 0 
169 15 2.0 16 0 0 0 4 1 2 0.141880060154 1 0 
169 15 2.0 19 8 0 0 24 16 3 5.07639908003e-42 4 0 
169 15 2.0 18 7 0 0 18 16 3 3.13873615695e-19 4 0 
169 15 2.0 20 9 0 0 28 25 3 2.36529395915e-44 5 0 
169 15 2.0 21 4 0 0 16 9 3 9.843395903e-55 3 0 
169 15 2.0 22 3 0 0 4 4 3 1.57037449962e-27 2 0 
169 15 2.0 1 12 0 0 25 18 1 0.107908793535 0 5 
169 15 2.0 3 4 0 0 16 20 1 0.117771702865 0 4 
169 15 2.0 2 16 0 0 81 34 1 0.0982859633634 0 9 
169 15 2.0 5 1 0 0 11 9 2 0.0715072971092 1 1 
169 15 2.0 4 0 0 0 4 8 1 0.110215975557 0 2 
169 15 2.0 7 9 0 0 45 35 2 0.0950524425305 3 3 
169 15 2.0 6 2 0 0 14 11 2 0.0706057980002 1 2 
169 15 2.0 9 6 0 0 37 28 2 0.00445911730429 2 3 
169 15 2.0 8 6 0 0 37 30 2 0.00517837788387 2 3 
169 15 2.0 11 2 0 0 22 17 2 8.31206603436e-11 1 2 
169 15 2.0 10 3 0 0 27 25 2 7.16229126876e-11 1 3 
169 15 2.0 13 2 0 0 27 8 2 0.106551926757 2 1 
169 15 2.0 12 1 0 0 19 5 2 1.20881970722e-10 1 1 
169 15 2.0 15 0 0 0 26 4 2 0.106563588849 2 0 
169 16 0.0 14 0 0 0 30 9 2 0.0953013070721 3 0 
169 16 0.0 17 1 0 0 4 1 3 5.96623774245e-52 1 0 
169 16 0.0 16 0 0 0 4 1 2 0.115113557826 1 0 
169 16 0.0 19 8 0 0 24 16 3 1.46750858036e-67 4 0 
169 16 0.0 18 7 0 0 18 16 3 7.73540813055e-52 4 0 
169 16 0.0 20 9 0 0 28 25 3 3.84436538253e-69 5 0 
169 16 0.0 21 4 0 0 16 9 3 2.03643506891e-77 3 0 
169 16 0.0 22 3 0 0 4 4 3 1.42928429023e-58 2 0 
169 16 0.0 1 12 0 0 25 18 1 0.177271574675 0 5 
169 16 0.0 3 4 0 0 16 20 1 0.198786341118 0 4 
169 16 0.0 2 16 0 0 81 34 1 0.159394709676 0 9 
169 16 0.0 5 1 0 0 11 9 2 0.0564006659092 1 1 
169 16 0.0 4 0 0 0 4 8 1 0.182485479272 0 2 
169 16 0.0 7 9 0 0 45 35 2 0.0757653184611 3 3 
169 16 0.0 6 2 0 0 14 11 2 0.0562393455542 1 2 
169 16 0.0 9 6 0 0 37 28 2 0.00326152970263 2 3 
169 16 0.0 8 6 0 0 37 30 2 0.0101314595553 2 3 
169 16 0.0 11 2 0 0 22 17 2 9.84393818542e-08 1 2 
169 16 0.0 10 3 0 0 27 25 2 4.89864859986e-08 1 3 
169 16 0.0 13 2 0 0 27 8 2 0.0852366128611 2 1 
169 16 0.0 12 1 0 0 19 5 2 1.9271612515e-07 1 1 
169 16 0.0 15 0 0 0 26 4 2 0.0852614316471 2 0 
169 16 2.0 14 0 0 0 30 9 2 0.117482117651 3 0 
169 16 2.0 17 1 0 0 4 1 3 3.74868130501e-40 1 0 
169 16 2.0 16 0 0 0 4 1 2 0.141218101652 1 0 
169 16 2.0 19 8 0 0 24 16 3 9.70625234695e-40 4 0 
169 16 2.0 18 7 0 0 18 16 3 2.91881641146e-18 4 0 
169 16 2.0 20 9 0 0 28 25 3 2.56836931473e-42 5 0 
169 16 2.0 21 4 0 0 16 9 3 3.90646647984e-54 3 0 
169 16 2.0 22 3 0 0 4 4 3 2.28306924239e-31 2 0 
169 16 2.0 1 12 0 0 25 18 1 0.10553122872 0 5 
169 16 2.0 3 4 0 0 16 20 1 0.123696990186 0 4 
169 16 2.0 2 16 0 0 81 34 1 0.0934471741859 0 9 
169 16 2.0 5 1 0 0 11 9 2 0.0732305117088 1 1 
169 16 2.0 4 0 0 0 4 8 1 0.112674028978 0 2 
169 16 2.0 7 9 0 0 45 35 2 0.0945188873075 3 3 
169 16 2.0 6 2 0 0 14 11 2 0.0673237189295 1 2 
169 16 2.0 9 6 0 0 37 28 2 0.0056484364207 2 3 
169 16 2.0 8 6 0 0 37 30 2 0.00677701513285 2 3 
169 16 2.0 11 2 0 0 22 17 2 2.4743800856e-08 1 2 
169 16 2.0 10 3 0 0 27 25 2 3.19493543958e-09 1 3 
169 16 2.0 13 2 0 0 27 8 2 0.105281036611 2 1 
169 16 2.0 12 1 0 0 19 5 2 1.65443343417e-09 1 1 
169 16 2.0 15 0 0 0 26 4 2 0.105330124869 2 0 
169 17 0.0 14 0 0 0 30 9 2 0.0869194990052 3 0 
169 17 0.0 17 1 0 0 4 1 3 1.56935121673e-52 1 0 
169 17 0.0 16 0 0 0 4 1 2 0.108105023114 1 0 
169 17 0.0 19 8 0 0 24 16 3 5.44996465135e-69 4 0 
169 17 0.0 18 7 0 0 18 16 3 1.4819917789e-53 4 0 
169 17 0.0 20 9 0 0 28 25 3 6.63194022906e-71 5 0 
169 17 0.0 21 4 0 0 16 9 3 7.67780382519e-77 3 0 
169 17 0.0 22 3 0 0 4 4 3 2.84821040461e-57 2 0 
169 17 0.0 1 12 0 0 25 18 1 0.188756619648 0 5 
169 17 0.0 3 4 0 0 16 20 1 0.217034436449 0 4 
169 17 0.0 2 16 0 0 81 34 1 0.174154932372 0 9 
169 17 0.0 5 1 0 0 11 9 2 0.0477411511229 1 1 
169 17 0.0 4 0 0 0 4 8 1 0.201312991469 0 2 
169 17 0.0 7 9 0 0 45 35 2 0.0667037661803 3 3 
169 17 0.0 6 2 0 0 14 11 2 0.0475755754007 1 2 
169 17 0.0 9 6 0 0 37 28 2 0.00845283017328 2 3 
169 17 0.0 8 6 0 0 37 30 2 0.0030548090347 2 3 
169 17 0.0 11 2 0 0 22 17 2 8.06474466579e-08 1 2 
169 17 0.0 10 3 0 0 27 25 2 9.28001793629e-09 1 3 
169 17 0.0 13 2 0 0 27 8 2 0.0765628948433 2 1 
169 17 0.0 12 1 0 0 19 5 2 9.36722348422e-08 1 1 
169 17 0.0 15 0 0 0 26 4 2 0.0765768717884 2 0 
169 17 2.0 14 0 0 0 30 9 2 0.104211558756 3 0 
169 17 2.0 17 1 0 0 4 1 3 1.581197078e-32 1 0 
169 17 2.0 16 0 0 0 4 1 2 0.123852750548 1 0 
169 17 2.0 19 8 0 0 24 16 3 2.88275269291e-41 4 0 
169 17 2.0 18 7 0 0 18 16 3 5.68079199093e-20 4 0 
169 17 2.0 20 9 0 0 28 25 3 1.23515351383e-44 5 0 
169 17 2.0 21 4 0 0 16 9 3 9.59397561435e-55 3 0 
169 17 2.0 22 3 0 0 4 4 3 1.46164800504e-26 2 0 
169 17 2.0 1 12 0 0 25 18 1 0.0982017927716 0 5 
169 17 2.0 3 4 0 0 16 20 1 0.108426618108 0 4 
169 17 2.0 2 16 0 0 81 34 1 0.103695813718 0 9 
169 17 2.0 5 1 0 0 11 9 2 0.0661998466391 1 1 
169 17 2.0 4 0 0 0 4 8 1 0.113307803508 0 2 
169 17 2.0 7 9 0 0 45 35 2 0.0852291686488 3 3 
169 17 2.0 6 2 0 0 14 11 2 0.064910123804 1 2 
169 17 2.0 9 6 0 0 37 28 2 0.000219113655796 2 3 
169 17 2.0 8 6 0 0 37 30 2 0.0021328754416 2 3 
169 17 2.0 11 2 0 0 22 17 2 6.059679401e-11 1 2 
169 17 2.0 10 3 0 0 27 25 2 3.3975666511e-12 1 3 
169 17 2.0 13 2 0 0 27 8 2 0.0941457067774 2 1 
169 17 2.0 12 1 0 0 19 5 2 3.10114862154e-11 1 1 
169 17 2.0 15 0 0 0 26 4 2 0.0941533595349 2 0 
169 18 0.0 14 0 0 0 30 9 2 0.0988197900477 3 0 
169 18 0.0 17 1 0 0 4 1 3 2.00417376243e-62 1 0 
169 18 0.0 16 0 0 0 4 1 2 0.119473212077 1 0 
169 18 0.0 19 8 0 0 24 16 3 1.46677066558e-66 4 0 
169 18 0.0 18 7 0 0 18 16 3 1.24851029839e-51 4 0 
169 18 0.0 20 9 0 0 28 25 3 2.32723414827e-69 5 0 
169 18 0.0 21 4 0 0 16 9 3 7.67132184556e-77 3 0 
169 18 0.0 22 3 0 0 4 4 3 1.32684666782e-58 2 0 
169 18 0.0 1 12 0 0 25 18 1 0.178767204759 0 5 
169 18 0.0 3 4 0 0 16 20 1 0.200211932504 0 4 
169 18 0.0 2 16 0 0 81 34 1 0.160677741484 0 9 
169 18 0.0 5 1 0 0 11 9 2 0.0592138807265 1 1 
169 18 0.0 4 0 0 0 4 8 1 0.183505565745 0 2 
169 18 0.0 7 9 0 0 45 35 2 0.0785828325833 3 3 
169 18 0.0 6 2 0 0 14 11 2 0.0572239520878 1 2 
169 18 0.0 9 6 0 0 37 28 2 0.00991738828342 2 3 
169 18 0.0 8 6 0 0 37 30 2 0.00406832346571 2 3 
169 18 0.0 11 2 0 0 22 17 2 3.61821325348e-08 1 2 
169 18 0.0 10 3 0 0 27 25 2 7.60603452689e-09 1 3 
169 18 0.0 13 2 0 0 27 8 2 0.0883345079498 2 1 
169 18 0.0 12 1 0 0 19 5 2 1.5815919023e-08 1 1 
169 18 0.0 15 0 0 0 26 4 2 0.0883625975119 2 0 
169 18 2.0 14 0 0 0 30 9 2 0.10052274555 3 0 
169 18 2.0 17 1 0 0 4 1 3 1.00025142299e-35 1 0 
169 18 2.0 16 0 0 0 4 1 2 0.123325734053 1 0 
169 18 2.0 19 8 0 0 24 16 3 6.89940717328e-42 4 0 
169 18 2.0 18 7 0 0 18 16 3 6.38639428174e-20 4 0 
169 18 2.0 20 9 0 0 28 25 3 4.23583623392e-44 5 0 
169 18 2.0 21 4 0 0 16 9 3 3.44841640452e-54 3 0 
169 18 2.0 22 3 0 0 4 4 3 1.5988530178e-30 2 0 
169 18 2.0 1 12 0 0 25 18 1 0.100068259189 0 5 
169 18 2.0 3 4 0 0 16 20 1 0.125573115661 0 4 
169 18 2.0 2 16 0 0 81 34 1 0.0937667671772 0 9 
169 18 2.0 5 1 0 0 11 9 2 0.0591559382517 1 1 
169 18 2.0 4 0 0 0 4 8 1 0.118166458454 0 2 
169 18 2.0 7 9 0 0 45 35 2 0.0790744174115 3 3 
169 18 2.0 6 2 0 0 14 11 2 0.0569826853503 1 2 
169 18 2.0 9 6 0 0 37 28 2 0.00548591239104 2 3 
169 18 2.0 8 6 0 0 37 30 2 0.00491733246924 2 3 
169 18 2.0 11 2 0 0 22 17 2 1.49599377485e-09 1 2 
169 18 2.0 10 3 0 0 27 25 2 7.17363176739e-10 1 3 
169 18 2.0 13 2 0 0 27 8 2 0.0891559935623 2 1 
169 18 2.0 12 1 0 0 19 5 2 3.25532067559e-10 1 1 
169 18 2.0 15 0 0 0 26 4 2 0.0891870833019 2 0 
169 19 0.0 14 0 0 0 30 9 2 0.0960320968208 3 0 
169 19 0.0 17 1 0 0 4 1 3 4.95832594044e-52 1 0 
169 19 0.0 16 0 0 0 4 1 2 0.115125303164 1 0 
169 19 0.0 19 8 0 0 24 16 3 1.82394384081e-66 4 0 
169 19 0.0 18 7 0 0 18 16 3 1.49640735926e-52 4 0 
169 19 0.0 20 9 0 0 28 25 3 1.30681834289e-68 5 0 
169 19 0.0 21 4 0 0 16 9 3 1.43950574073e-77 3 0 
169 19 0.0 22 3 0 0 4 4 3 1.29521936353e-59 2 0 
169 19 0.0 1 12 0 0 25 18 1 0.16509023426 0 5 
169 19 0.0 3 4 0 0 16 20 1 0.189378577072 0 4 
169 19 0.0 2 16 0 0 81 34 1 0.150189530593 0 9 
169 19 0.0 5 1 0 0 11 9 2 0.0580835306252 1 1 
169 19 0.0 4 0 0 0 4 8 1 0.175398825696 0 2 
169 19 0.0 7 9 0 0 45 35 2 0.0771339202471 3 3 
169 19 0.0 6 2 0 0 14 11 2 0.0579361380759 1 2 
169 19 0.0 9 6 0 0 37 28 2 0.00597092770498 2 3 
169 19 0.0 8 6 0 0 37 30 2 0.00818726875034 2 3 
169 19 0.0 11 2 0 0 22 17 2 5.00756607135e-08 1 2 
169 19 0.0 10 3 0 0 27 25 2 1.53868383956e-08 1 3 
169 19 0.0 13 2 0 0 27 8 2 0.0861739632216 2 1 
169 19 0.0 12 1 0 0 19 5 2 1.63192559053e-08 1 1 
169 19 0.0 15 0 0 0 26 4 2 0.0862190130993 2 0 
169 19 2.0 14 0 0 0 30 9 2 0.0993927704279 3 0 
169 19 2.0 17 1 0 0 4 1 3 2.75322824587e-28 1 0 
169 19 2.0 16 0 0 0 4 1 2 0.119045015547 1 0 
169 19 2.0 19 8 0 0 24 16 3 2.56422831137e-42 4 0 
169 19 2.0 18 7 0 0 18 16 3 1.74164246947e-20 4 0 
169 19 2.0 20 9 0 0 28 25 3 6.51727306007e-45 5 0 
169 19 2.0 21 4 0 0 16 9 3 7.21970910056e-55 3 0 
169 19 2.0 22 3 0 0 4 4 3 7.19698603406e-31 2 0 
169 19 2.0 1 12 0 0 25 18 1 0.0922146523406 0 5 
169 19 2.0 3 4 0 0 16 20 1 0.107991518504 0 4 
169 19 2.0 2 16 0 0 81 34 1 0.093224068281 0 9 
169 19 2.0 5 1 0 0 11 9 2 0.0613606867057 1 1 
169 19 2.0 4 0 0 0 4 8 1 0.108683503523 0 2 
169 19 2.0 7 9 0 0 45 35 2 0.0803903145642 3 3 
169 19 2.0 6 2 0 0 14 11 2 0.0607508296302 1 2 
169 19 2.0 9 6 0 0 37 28 2 0.00174679588415 2 3 
169 19 2.0 8 6 0 0 37 30 2 0.00482413792431 2 3 
169 19 2.0 11 2 0 0 22 17 2 1.29865759624e-08 1 2 
169 19 2.0 10 3 0 0 27 25 2 6.54844720907e-10 1 3 
169 19 2.0 13 2 0 0 27 8 2 0.0893209610265 2 1 
169 19 2.0 12 1 0 0 19 5 2 2.33187035972e-09 1 1 
169 19 2.0 15 0 0 0 26 4 2 0.0893570504504 2 0 
169 20 0.0 14 0 0 0 30 9 2 0.0976803994322 3 0 
169 20 0.0 17 1 0 0 4 1 3 1.13730342621e-64 1 0 
169 20 0.0 16 0 0 0 4 1 2 0.118897885913 1 0 
169 20 0.0 19 8 0 0 24 16 3 4.74179007523e-67 4 0 
169 20 0.0 18 7 0 0 18 16 3 1.4384703532e-51 4 0 
169 20 0.0 20 9 0 0 28 25 3 9.02836967792e-69 5 0 
169 20 0.0 21 4 0 0 16 9 3 4.28556859204e-77 3 0 
169 20 0.0 22 3 0 0 4 4 3 7.29307009144e-58 2 0 
169 20 0.0 1 12 0 0 25 18 1 0.18731897847 0 5 
169 20 0.0 3 4 0 0 16 20 1 0.21018269688 0 4 
169 20 0.0 2 16 0 0 81 34 1 0.16820897247 0 9 
169 20 0.0 5 1 0 0 11 9 2 0.0582817722758 1 1 
169 20 0.0 4 0 0 0 4 8 1 0.192272412476 0 2 
169 20 0.0 7 9 0 0 45 35 2 0.0772358105957 3 3 
169 20 0.0 6 2 0 0 14 11 2 0.0549560309326 1 2 
169 20 0.0 9 6 0 0 37 28 2 0.00536273257485 2 3 
169 20 0.0 8 6 0 0 37 30 2 0.00853118276452 2 3 
169 20 0.0 11 2 0 0 22 17 2 1.00131400614e-09 1 2 
169 20 0.0 10 3 0 0 27 25 2 9.34215164261e-10 1 3 
169 20 0.0 13 2 0 0 27 8 2 0.0869983189843 2 1 
169 20 0.0 12 1 0 0 19 5 2 1.20844094248e-09 1 1 
169 20 0.0 15 0 0 0 26 4 2 0.08701529108 2 0 
169 20 2.0 14 0 0 0 30 9 2 0.11603638097 3 0 
169 20 2.0 17 1 0 0 4 1 3 9.20102309154e-30 1 0 
169 20 2.0 16 0 0 0 4 1 2 0.136513323102 1 0 
169 20 2.0 19 8 0 0 24 16 3 8.69256302654e-42 4 0 
169 20 2.0 18 7 0 0 18 16 3 2.35287365235e-20 4 0 
169 20 2.0 20 9 0 0 28 25 3 2.94236562943e-44 5 0 
169 20 2.0 21 4 0 0 16 9 3 9.08208140115e-55 3 0 
169 20 2.0 22 3 0 0 4 4 3 1.39450120798e-28 2 0 
169 20 2.0 1 12 0 0 25 18 1 0.102129154493 0 5 
169 20 2.0 3 4 0 0 16 20 1 0.116076591624 0 4 
169 20 2.0 2 16 0 0 81 34 1 0.0901541890316 0 9 
169 20 2.0 5 1 0 0 11 9 2 0.0738431468789 1 1 
169 20 2.0 4 0 0 0 4 8 1 0.106995349763 0 2 
169 20 2.0 7 9 0 0 45 35 2 0.0953900925618 3 3 
169 20 2.0 6 2 0 0 14 11 2 0.0729071272891 1 2 
169 20 2.0 9 6 0 0 37 28 2 0.00161159454988 2 3 
169 20 2.0 8 6 0 0 37 30 2 0.0104643468943 2 3 
169 20 2.0 11 2 0 0 22 17 2 1.24010787029e-07 1 2 
169 20 2.0 10 3 0 0 27 25 2 1.34986409756e-09 1 3 
169 20 2.0 13 2 0 0 27 8 2 0.105137264143 2 1 
169 20 2.0 12 1 0 0 19 5 2 1.30321801962e-07 1 1 
169 20 2.0 15 0 0 0 26 4 2 0.105154325055 2 0 
169 21 0.0 14 0 0 0 30 9 2 0.0946719109107 3 0 
169 21 0.0 17 1 0 0 4 1 3 7.31240093711e-67 1 0 
169 21 0.0 16 0 0 0 4 1 2 0.115585598814 1 0 
169 21 0.0 19 8 0 0 24 16 3 2.19616849574e-65 4 0 
169 21 0.0 18 7 0 0 18 16 3 2.08560822972e-51 4 0 
169 21 0.0 20 9 0 0 28 25 3 7.80860589678e-68 5 0 
169 21 0.0 21 4 0 0 16 9 3 8.15977625142e-78 3 0 
169 21 0.0 22 3 0 0 4 4 3 9.96918531266e-59 2 0 
169 21 0.0 1 12 0 0 25 18 1 0.187089040636 0 5 
169 21 0.0 3 4 0 0 16 20 1 0.210448393209 0 4 
169 21 0.0 2 16 0 0 81 34 1 0.168211014818 0 9 
169 21 0.0 5 1 0 0 11 9 2 0.0572885415438 1 1 
169 21 0.0 4 0 0 0 4 8 1 0.192635349498 0 2 
169 21 0.0 7 9 0 0 45 35 2 0.0749371964941 3 3 
169 21 0.0 6 2 0 0 14 11 2 0.0517452732012 1 2 
169 21 0.0 9 6 0 0 37 28 2 0.00583545913013 2 3 
169 21 0.0 8 6 0 0 37 30 2 0.00756652269301 2 3 
169 21 0.0 11 2 0 0 22 17 2 7.47308415847e-11 1 2 
169 21 0.0 10 3 0 0 27 25 2 2.56838079449e-10 1 3 
169 21 0.0 13 2 0 0 27 8 2 0.0841826427961 2 1 
169 21 0.0 12 1 0 0 19 5 2 6.89978010001e-10 1 1 
169 21 0.0 15 0 0 0 26 4 2 0.0841987719296 2 0 
169 21 2.0 14 0 0 0 30 9 2 0.104788512908 3 0 
169 21 2.0 17 1 0 0 4 1 3 1.07346351755e-32 1 0 
169 21 2.0 16 0 0 0 4 1 2 0.125808668027 1 0 
169 21 2.0 19 8 0 0 24 16 3 2.25566809178e-41 4 0 
169 21 2.0 18 7 0 0 18 16 3 7.79222291523e-20 4 0 
169 21 2.0 20 9 0 0 28 25 3 8.81397289676e-44 5 0 
169 21 2.0 21 4 0 0 16 9 3 1.19269377049e-54 3 0 
169 21 2.0 22 3 0 0 4 4 3 8.67645377524e-29 2 0 
169 21 2.0 1 12 0 0 25 18 1 0.0989955821827 0 5 
169 21 2.0 3 4 0 0 16 20 1 0.119142395977 0 4 
169 21 2.0 2 16 0 0 81 34 1 0.0922257622411 0 9 
169 21 2.0 5 1 0 0 11 9 2 0.0645237178845 1 1 
169 21 2.0 4 0 0 0 4 8 1 0.113159672071 0 2 
169 21 2.0 7 9 0 0 45 35 2 0.0844730703786 3 3 
169 21 2.0 6 2 0 0 14 11 2 0.0631914310259 1 2 
169 21 2.0 9 6 0 0 37 28 2 0.00154663497422 2 3 
169 21 2.0 8 6 0 0 37 30 2 0.00902391750684 2 3 
169 21 2.0 11 2 0 0 22 17 2 1.32322658096e-08 1 2 
169 21 2.0 10 3 0 0 27 25 2 3.45465717092e-10 1 3 
169 21 2.0 13 2 0 0 27 8 2 0.094033043761 2 1 
169 21 2.0 12 1 0 0 19 5 2 2.34124469349e-08 1 1 
169 21 2.0 15 0 0 0 26 4 2 0.0940507836887 2 0 
169 22 0.0 14 0 0 0 30 9 2 0.093755894135 3 0 
169 22 0.0 17 1 0 0 4 1 3 2.78412194889e-62 1 0 
169 22 0.0 16 0 0 0 4 1 2 0.113804064044 1 0 
169 22 0.0 19 8 0 0 24 16 3 6.09986836336e-66 4 0 
169 22 0.0 18 7 0 0 18 16 3 4.65641139588e-51 4 0 
169 22 0.0 20 9 0 0 28 25 3 4.72427069345e-68 5 0 
169 22 0.0 21 4 0 0 16 9 3 6.8743275925e-77 3 0 
169 22 0.0 22 3 0 0 4 4 3 8.23945964321e-62 2 0 
169 22 0.0 1 12 0 0 25 18 1 0.172106545055 0 5 
169 22 0.0 3 4 0 0 16 20 1 0.196896945627 0 4 
169 22 0.0 2 16 0 0 81 34 1 0.156751569335 0 9 
169 22 0.0 5 1 0 0 11 9 2 0.0557350177787 1 1 
169 22 0.0 4 0 0 0 4 8 1 0.181990321079 0 2 
169 22 0.0 7 9 0 0 45 35 2 0.0742761787386 3 3 
169 22 0.0 6 2 0 0 14 11 2 0.0538979691477 1 2 
169 22 0.0 9 6 0 0 37 28 2 0.00828729421724 2 3 
169 22 0.0 8 6 0 0 37 30 2 0.00508178809435 2 3 
169 22 0.0 11 2 0 0 22 17 2 1.35481307888e-09 1 2 
169 22 0.0 10 3 0 0 27 25 2 1.03922312657e-09 1 3 
169 22 0.0 13 2 0 0 27 8 2 0.0835870927408 2 1 
169 22 0.0 12 1 0 0 19 5 2 3.05635735903e-10 1 1 
169 22 0.0 15 0 0 0 26 4 2 0.083697048313 2 0 
169 22 2.0 14 0 0 0 30 9 2 0.10530865997 3 0 
169 22 2.0 17 1 0 0 4 1 3 1.92207261406e-44 1 0 
169 22 2.0 16 0 0 0 4 1 2 0.127009115201 1 0 
169 22 2.0 19 8 0 0 24 16 3 3.28135552167e-37 4 0 
169 22 2.0 18 7 0 0 18 16 3 4.59453981023e-18 4 0 
169 22 2.0 20 9 0 0 28 25 3 1.47961880241e-40 5 0 
169 22 2.0 21 4 0 0 16 9 3 1.11908558321e-52 3 0 
169 22 2.0 22 3 0 0 4 4 3 1.12166867888e-32 2 0 
169 22 2.0 1 12 0 0 25 18 1 0.0940054759174 0 5 
169 22 2.0 3 4 0 0 16 20 1 0.117622514919 0 4 
169 22 2.0 2 16 0 0 81 34 1 0.0879942752724 0 9 
169 22 2.0 5 1 0 0 11 9 2 0.0692678068183 1 1 
169 22 2.0 4 0 0 0 4 8 1 0.110805326378 0 2 
169 22 2.0 7 9 0 0 45 35 2 0.085766173416 3 3 
169 22 2.0 6 2 0 0 14 11 2 0.0572858399574 1 2 
169 22 2.0 9 6 0 0 37 28 2 0.00800797056191 2 3 
169 22 2.0 8 6 0 0 37 30 2 0.00313040767308 2 3 
169 22 2.0 11 2 0 0 22 17 2 7.19491258693e-10 1 2 
169 22 2.0 10 3 0 0 27 25 2 1.76001302164e-09 1 3 
169 22 2.0 13 2 0 0 27 8 2 0.0940873981488 2 1 
169 22 2.0 12 1 0 0 19 5 2 3.04336010043e-10 1 1 
169 22 2.0 15 0 0 0 26 4 2 0.0941512415634 2 0 
169 23 0.0 14 0 0 0 30 9 2 0.0956443337722 3 0 
169 23 0.0 17 1 0 0 4 1 3 6.31085217418e-52 1 0 
169 23 0.0 16 0 0 0 4 1 2 0.11519604166 1 0 
169 23 0.0 19 8 0 0 24 16 3 4.7613036722e-67 4 0 
169 23 0.0 18 7 0 0 18 16 3 1.09688720791e-51 4 0 
169 23 0.0 20 9 0 0 28 25 3 1.26775886895e-69 5 0 
169 23 0.0 21 4 0 0 16 9 3 1.32201404491e-77 3 0 
169 23 0.0 22 3 0 0 4 4 3 7.18676180653e-58 2 0 
169 23 0.0 1 12 0 0 25 18 1 0.178955297269 0 5 
169 23 0.0 3 4 0 0 16 20 1 0.199148243923 0 4 
169 23 0.0 2 16 0 0 81 34 1 0.162572158175 0 9 
169 23 0.0 5 1 0 0 11 9 2 0.0570196136975 1 1 
169 23 0.0 4 0 0 0 4 8 1 0.184416432944 0 2 
169 23 0.0 7 9 0 0 45 35 2 0.0762981898032 3 3 
169 23 0.0 6 2 0 0 14 11 2 0.0568595297146 1 2 
169 23 0.0 9 6 0 0 37 28 2 0.000872295728657 2 3 
169 23 0.0 8 6 0 0 37 30 2 0.011733094917 2 3 
169 23 0.0 11 2 0 0 22 17 2 2.43571902324e-08 1 2 
169 23 0.0 10 3 0 0 27 25 2 3.8929323694e-09 1 3 
169 23 0.0 13 2 0 0 27 8 2 0.0857129945659 2 1 
169 23 0.0 12 1 0 0 19 5 2 1.35745831361e-07 1 1 
169 23 0.0 15 0 0 0 26 4 2 0.0857302926498 2 0 
169 23 2.0 14 0 0 0 30 9 2 0.122416683672 3 0 
169 23 2.0 17 1 0 0 4 1 3 1.52715604485e-34 1 0 
169 23 2.0 16 0 0 0 4 1 2 0.145156148429 1 0 
169 23 2.0 19 8 0 0 24 16 3 5.70242467858e-40 4 0 
169 23 2.0 18 7 0 0 18 16 3 3.94893930373e-18 4 0 
169 23 2.0 20 9 0 0 28 25 3 3.15553073964e-43 5 0 
169 23 2.0 21 4 0 0 16 9 3 1.10111942076e-54 3 0 
169 23 2.0 22 3 0 0 4 4 3 8.80788288707e-28 2 0 
169 23 2.0 1 12 0 0 25 18 1 0.109158349384 0 5 
169 23 2.0 3 4 0 0 16 20 1 0.113229560696 0 4 
169 23 2.0 2 16 0 0 81 34 1 0.106038085327 0 9 
169 23 2.0 5 1 0 0 11 9 2 0.0768211080916 1 1 
169 23 2.0 4 0 0 0 4 8 1 0.112192481567 0 2 
169 23 2.0 7 9 0 0 45 35 2 0.0996081869295 3 3 
169 23 2.0 6 2 0 0 14 11 2 0.0745611845044 1 2 
169 23 2.0 9 6 0 0 37 28 2 0.00175354364587 2 3 
169 23 2.0 8 6 0 0 37 30 2 0.0024068501456 2 3 
169 23 2.0 11 2 0 0 22 17 2 1.27854179231e-11 1 2 
169 23 2.0 10 3 0 0 27 25 2 3.83082487873e-12 1 3 
169 23 2.0 13 2 0 0 27 8 2 0.110714764192 2 1 
169 23 2.0 12 1 0 0 19 5 2 6.40602799233e-11 1 1 
169 23 2.0 15 0 0 0 26 4 2 0.110729494868 2 0 
169 24 0.0 14 0 0 0 30 9 2 0.100003926197 3 0 
169 24 0.0 17 1 0 0 4 1 3 7.85427603018e-57 1 0 
169 24 0.0 16 0 0 0 4 1 2 0.12044103668 1 0 
169 24 0.0 19 8 0 0 24 16 3 7.87575175622e-67 4 0 
169 24 0.0 18 7 0 0 18 16 3 1.58201843133e-51 4 0 
169 24 0.0 20 9 0 0 28 25 3 2.80321319141e-68 5 0 
169 24 0.0 21 4 0 0 16 9 3 1.4704568977e-77 3 0 
169 24 0.0 22 3 0 0 4 4 3 1.14897803429e-61 2 0 
169 24 0.0 1 12 0 0 25 18 1 0.177374429046 0 5 
169 24 0.0 3 4 0 0 16 20 1 0.196400964005 0 4 
169 24 0.0 2 16 0 0 81 34 1 0.162536125544 0 9 
169 24 0.0 5 1 0 0 11 9 2 0.0597632930757 1 1 
169 24 0.0 4 0 0 0 4 8 1 0.182845605903 0 2 
169 24 0.0 7 9 0 0 45 35 2 0.0797721127149 3 3 
169 24 0.0 6 2 0 0 14 11 2 0.059194893507 1 2 
169 24 0.0 9 6 0 0 37 28 2 0.00980388908428 2 3 
169 24 0.0 8 6 0 0 37 30 2 0.00293582184376 2 3 
169 24 0.0 11 2 0 0 22 17 2 2.51549007634e-10 1 2 
169 24 0.0 10 3 0 0 27 25 2 3.76239758861e-10 1 3 
169 24 0.0 13 2 0 0 27 8 2 0.0895801339603 2 1 
169 24 0.0 12 1 0 0 19 5 2 1.09362809945e-10 1 1 
169 24 0.0 15 0 0 0 26 4 2 0.0896862993616 2 0 
169 24 2.0 14 0 0 0 30 9 2 0.0915375910426 3 0 
169 24 2.0 17 1 0 0 4 1 3 3.94260089818e-22 1 0 
169 24 2.0 16 0 0 0 4 1 2 0.112110178991 1 0 
169 24 2.0 19 8 0 0 24 16 3 3.94275611483e-43 4 0 
169 24 2.0 18 7 0 0 18 16 3 3.08322286501e-21 4 0 
169 24 2.0 20 9 0 0 28 25 3 1.43421860182e-45 5 0 
169 24 2.0 21 4 0 0 16 9 3 1.26644398245e-54 3 0 
169 24 2.0 22 3 0 0 4 4 3 5.7588990682e-28 2 0 
169 24 2.0 1 12 0 0 25 18 1 0.088015138879 0 5 
169 24 2.0 3 4 0 0 16 20 1 0.117159013652 0 4 
169 24 2.0 2 16 0 0 81 34 1 0.0887816269994 0 9 
169 24 2.0 5 1 0 0 11 9 2 0.0532169927535 1 1 
169 24 2.0 4 0 0 0 4 8 1 0.115836111699 0 2 
169 24 2.0 7 9 0 0 45 35 2 0.0721672898397 3 3 
169 24 2.0 6 2 0 0 14 11 2 0.0530323122604 1 2 
169 24 2.0 9 6 0 0 37 28 2 0.00855314288311 2 3 
169 24 2.0 8 6 0 0 37 30 2 0.000515874640568 2 3 
169 24 2.0 11 2 0 0 22 17 2 1.48266042131e-10 1 2 
169 24 2.0 10 3 0 0 27 25 2 2.04153875424e-10 1 3 
169 24 2.0 13 2 0 0 27 8 2 0.0811016585489 2 1 
169 24 2.0 12 1 0 0 19 5 2 1.08778451527e-10 1 1 
169 24 2.0 15 0 0 0 26 4 2 0.0811141032812 2 0 
169 25 0.0 14 0 0 0 30 9 2 0.0970948586961 3 0 
169 25 0.0 17 1 0 0 4 1 3 1.45610103722e-60 1 0 
169 25 0.0 16 0 0 0 4 1 2 0.117298278615 1 0 
169 25 0.0 19 8 0 0 24 16 3 6.4956849982e-67 4 0 
169 25 0.0 18 7 0 0 18 16 3 7.0989727871e-52 4 0 
169 25 0.0 20 9 0 0 28 25 3 1.47022498001e-69 5 0 
169 25 0.0 21 4 0 0 16 9 3 2.28282698847e-77 3 0 
169 25 0.0 22 3 0 0 4 4 3 2.11762385346e-57 2 0 
169 25 0.0 1 12 0 0 25 18 1 0.17619745541 0 5 
169 25 0.0 3 4 0 0 16 20 1 0.19997241277 0 4 
169 25 0.0 2 16 0 0 81 34 1 0.159514538176 0 9 
169 25 0.0 5 1 0 0 11 9 2 0.0581650770916 1 1 
169 25 0.0 4 0 0 0 4 8 1 0.184368153887 0 2 
169 25 0.0 7 9 0 0 45 35 2 0.0772787574045 3 3 
169 25 0.0 6 2 0 0 14 11 2 0.0568678301353 1 2 
169 25 0.0 9 6 0 0 37 28 2 0.00487833181555 2 3 
169 25 0.0 8 6 0 0 37 30 2 0.00911865258806 2 3 
169 25 0.0 11 2 0 0 22 17 2 5.06872753509e-09 1 2 
169 25 0.0 10 3 0 0 27 25 2 5.38595913752e-10 1 3 
169 25 0.0 13 2 0 0 27 8 2 0.0868462835244 2 1 
169 25 0.0 12 1 0 0 19 5 2 3.20793148323e-10 1 1 
169 25 0.0 15 0 0 0 26 4 2 0.0868629359484 2 0 
169 25 2.0 14 0 0 0 30 9 2 0.0996157417706 3 0 
169 25 2.0 17 1 0 0 4 1 3 9.48383575753e-22 1 0 
169 25 2.0 16 0 0 0 4 1 2 0.127096130455 1 0 
169 25 2.0 19 8 0 0 24 16 3 1.83675204019e-43 4 0 
169 25 2.0 18 7 0 0 18 16 3 8.19396948165e-21 4 0 
169 25 2.0 20 9 0 0 28 25 3 3.33459669273e-45 5 0 
169 25 2.0 21 4 0 0 16 9 3 1.40943018851e-54 3 0 
169 25 2.0 22 3 0 0 4 4 3 1.46121622813e-32 2 0 
169 25 2.0 1 12 0 0 25 18 1 0.117689886866 0 5 
169 25 2.0 3 4 0 0 16 20 1 0.1383948819 0 4 
169 25 2.0 2 16 0 0 81 34 1 0.112110307067 0 9 
169 25 2.0 5 1 0 0 11 9 2 0.0496783432315 1 1 
169 25 2.0 4 0 0 0 4 8 1 0.127990557942 0 2 
169 25 2.0 7 9 0 0 45 35 2 0.0736921386012 3 3 
169 25 2.0 6 2 0 0 14 11 2 0.0495141926957 1 2 
169 25 2.0 9 6 0 0 37 28 2 0.00641371621794 2 3 
169 25 2.0 8 6 0 0 37 30 2 0.00142887595445 2 3 
169 25 2.0 11 2 0 0 22 17 2 2.78424543482e-09 1 2 
169 25 2.0 10 3 0 0 27 25 2 1.31869553826e-10 1 3 
169 25 2.0 13 2 0 0 27 8 2 0.0865149748534 2 1 
169 25 2.0 12 1 0 0 19 5 2 3.38753560854e-10 1 1 
169 25 2.0 15 0 0 0 26 4 2 0.0865778700233 2 0 
169 26 0.0 14 0 0 0 30 9 2 0.0978688668753 3 0 
169 26 0.0 17 1 0 0 4 1 3 5.16885141657e-62 1 0 
169 26 0.0 16 0 0 0 4 1 2 0.118267832102 1 0 
169 26 0.0 19 8 0 0 24 16 3 1.89887804098e-66 4 0 
169 26 0.0 18 7 0 0 18 16 3 2.44222239351e-51 4 0 
169 26 0.0 20 9 0 0 28 25 3 5.69453539867e-69 5 0 
169 26 0.0 21 4 0 0 16 9 3 3.5198614747e-77 3 0 
169 26 0.0 22 3 0 0 4 4 3 4.23268803787e-57 2 0 
169 26 0.0 1 12 0 0 25 18 1 0.176294679784 0 5 
169 26 0.0 3 4 0 0 16 20 1 0.197297232243 0 4 
169 26 0.0 2 16 0 0 81 34 1 0.160371977022 0 9 
169 26 0.0 5 1 0 0 11 9 2 0.0586929332428 1 1 
169 26 0.0 4 0 0 0 4 8 1 0.182414110576 0 2 
169 26 0.0 7 9 0 0 45 35 2 0.0778666349922 3 3 
169 26 0.0 6 2 0 0 14 11 2 0.0568078997627 1 2 
169 26 0.0 9 6 0 0 37 28 2 0.00997704296148 2 3 
169 26 0.0 8 6 0 0 37 30 2 0.00324050775693 2 3 
169 26 0.0 11 2 0 0 22 17 2 1.04746167026e-07 1 2 
169 26 0.0 10 3 0 0 27 25 2 1.77214932243e-08 1 3 
169 26 0.0 13 2 0 0 27 8 2 0.087556078181 2 1 
169 26 0.0 12 1 0 0 19 5 2 1.73034602602e-08 1 1 
169 26 0.0 15 0 0 0 26 4 2 0.0875705333034 2 0 
169 26 2.0 14 0 0 0 30 9 2 0.101471928672 3 0 
169 26 2.0 17 1 0 0 4 1 3 2.77185194223e-37 1 0 
169 26 2.0 16 0 0 0 4 1 2 0.122829375109 1 0 
169 26 2.0 19 8 0 0 24 16 3 4.96856499126e-42 4 0 
169 26 2.0 18 7 0 0 18 16 3 6.18511962489e-20 4 0 
169 26 2.0 20 9 0 0 28 25 3 8.42343268182e-45 5 0 
169 26 2.0 21 4 0 0 16 9 3 7.30446433705e-55 3 0 
169 26 2.0 22 3 0 0 4 4 3 9.95966177999e-32 2 0 
169 26 2.0 1 12 0 0 25 18 1 0.10171748554 0 5 
169 26 2.0 3 4 0 0 16 20 1 0.113865713887 0 4 
169 26 2.0 2 16 0 0 81 34 1 0.110427846819 0 9 
169 26 2.0 5 1 0 0 11 9 2 0.0617424060427 1 1 
169 26 2.0 4 0 0 0 4 8 1 0.120079425581 0 2 
169 26 2.0 7 9 0 0 45 35 2 0.0810427716208 3 3 
169 26 2.0 6 2 0 0 14 11 2 0.0587874201203 1 2 
169 26 2.0 9 6 0 0 37 28 2 0.000360523835763 2 3 
169 26 2.0 8 6 0 0 37 30 2 0.00117730127194 2 3 
169 26 2.0 11 2 0 0 22 17 2 8.54789738716e-11 1 2 
169 26 2.0 10 3 0 0 27 25 2 2.1007838557e-12 1 3 
169 26 2.0 13 2 0 0 27 8 2 0.0907967529628 2 1 
169 26 2.0 12 1 0 0 19 5 2 9.73427138198e-12 1 1 
169 26 2.0 15 0 0 0 26 4 2 0.0908441367443 2 0 
169 27 0.0 14 0 0 0 30 9 2 0.105402405737 3 0 
169 27 0.0 17 1 0 0 4 1 3 3.65930032924e-62 1 0 
169 27 0.0 16 0 0 0 4 1 2 0.126379102443 1 0 
169 27 0.0 19 8 0 0 24 16 3 1.15267186222e-65 4 0 
169 27 0.0 18 7 0 0 18 16 3 5.67581125772e-52 4 0 
169 27 0.0 20 9 0 0 28 25 3 3.39995329201e-68 5 0 
169 27 0.0 21 4 0 0 16 9 3 3.46925687899e-77 3 0 
169 27 0.0 22 3 0 0 4 4 3 2.88178696707e-57 2 0 
169 27 0.0 1 12 0 0 25 18 1 0.179791075197 0 5 
169 27 0.0 3 4 0 0 16 20 1 0.199806794543 0 4 
169 27 0.0 2 16 0 0 81 34 1 0.160051840241 0 9 
169 27 0.0 5 1 0 0 11 9 2 0.0644807900224 1 1 
169 27 0.0 4 0 0 0 4 8 1 0.182130213761 0 2 
169 27 0.0 7 9 0 0 45 35 2 0.0846597980333 3 3 
169 27 0.0 6 2 0 0 14 11 2 0.0623200929313 1 2 
169 27 0.0 9 6 0 0 37 28 2 0.00854470486374 2 3 
169 27 0.0 8 6 0 0 37 30 2 0.00693240155301 2 3 
169 27 0.0 11 2 0 0 22 17 2 5.13740027136e-06 1 2 
169 27 0.0 10 3 0 0 27 25 2 3.21132224045e-06 1 3 
169 27 0.0 13 2 0 0 27 8 2 0.0945574615927 2 1 
169 27 0.0 12 1 0 0 19 5 2 3.00199018836e-06 1 1 
169 27 0.0 15 0 0 0 26 4 2 0.094575370685 2 0 
169 27 2.0 14 0 0 0 30 9 2 0.0999717913512 3 0 
169 27 2.0 17 1 0 0 4 1 3 1.987979027e-29 1 0 
169 27 2.0 16 0 0 0 4 1 2 0.125991176442 1 0 
169 27 2.0 19 8 0 0 24 16 3 3.42430205128e-39 4 0 
169 27 2.0 18 7 0 0 18 16 3 6.70384601177e-19 4 0 
169 27 2.0 20 9 0 0 28 25 3 8.64686992865e-43 5 0 
169 27 2.0 21 4 0 0 16 9 3 3.6691421804e-54 3 0 
169 27 2.0 22 3 0 0 4 4 3 5.94676026859e-30 2 0 
169 27 2.0 1 12 0 0 25 18 1 0.132961086118 0 5 
169 27 2.0 3 4 0 0 16 20 1 0.158276236445 0 4 
169 27 2.0 2 16 0 0 81 34 1 0.119832605027 0 9 
169 27 2.0 5 1 0 0 11 9 2 0.0533714572633 1 1 
169 27 2.0 4 0 0 0 4 8 1 0.144089349722 0 2 
169 27 2.0 7 9 0 0 45 35 2 0.0757134875281 3 3 
169 27 2.0 6 2 0 0 14 11 2 0.0527196708792 1 2 
169 27 2.0 9 6 0 0 37 28 2 0.00321504396252 2 3 
169 27 2.0 8 6 0 0 37 30 2 0.00636557719062 2 3 
169 27 2.0 11 2 0 0 22 17 2 1.97751194211e-08 1 2 
169 27 2.0 10 3 0 0 27 25 2 1.86463712346e-09 1 3 
169 27 2.0 13 2 0 0 27 8 2 0.0873529230012 2 1 
169 27 2.0 12 1 0 0 19 5 2 9.05471729234e-08 1 1 
169 27 2.0 15 0 0 0 26 4 2 0.0873781106106 2 0 
169 28 0.0 14 0 0 0 30 9 2 0.0987301583472 3 0 
169 28 0.0 17 1 0 0 4 1 3 1.32528792641e-53 1 0 
169 28 0.0 16 0 0 0 4 1 2 0.118207065835 1 0 
169 28 0.0 19 8 0 0 24 16 3 4.75167059811e-67 4 0 
169 28 0.0 18 7 0 0 18 16 3 7.37857855246e-52 4 0 
169 28 0.0 20 9 0 0 28 25 3 9.94094785063e-69 5 0 
169 28 0.0 21 4 0 0 16 9 3 1.37334301226e-77 3 0 
169 28 0.0 22 3 0 0 4 4 3 1.63498351178e-59 2 0 
169 28 0.0 1 12 0 0 25 18 1 0.164240541825 0 5 
169 28 0.0 3 4 0 0 16 20 1 0.182275640231 0 4 
169 28 0.0 2 16 0 0 81 34 1 0.155726723669 0 9 
169 28 0.0 5 1 0 0 11 9 2 0.0599011325628 1 1 
169 28 0.0 4 0 0 0 4 8 1 0.174397606626 0 2 
169 28 0.0 7 9 0 0 45 35 2 0.079338649131 3 3 
169 28 0.0 6 2 0 0 14 11 2 0.059628730119 1 2 
169 28 0.0 9 6 0 0 37 28 2 0.00170804616259 2 3 
169 28 0.0 8 6 0 0 37 30 2 0.00902784180022 2 3 
169 28 0.0 11 2 0 0 22 17 2 1.08283748871e-08 1 2 
169 28 0.0 10 3 0 0 27 25 2 4.44648126567e-09 1 3 
169 28 0.0 13 2 0 0 27 8 2 0.0888126235919 2 1 
169 28 0.0 12 1 0 0 19 5 2 7.376828618e-09 1 1 
169 28 0.0 15 0 0 0 26 4 2 0.0888554639036 2 0 
169 28 2.0 14 0 0 0 30 9 2 0.100863140014 3 0 
169 28 2.0 17 1 0 0 4 1 3 1.28342891108e-25 1 0 
169 28 2.0 16 0 0 0 4 1 2 0.125896110084 1 0 
169 28 2.0 19 8 0 0 24 16 3 4.9159049566e-44 4 0 
169 28 2.0 18 7 0 0 18 16 3 2.48355824159e-21 4 0 
169 28 2.0 20 9 0 0 28 25 3 2.38028002272e-46 5 0 
169 28 2.0 21 4 0 0 16 9 3 1.23178699951e-54 3 0 
169 28 2.0 22 3 0 0 4 4 3 9.09757582746e-27 2 0 
169 28 2.0 1 12 0 0 25 18 1 0.0909955637396 0 5 
169 28 2.0 3 4 0 0 16 20 1 0.115353099618 0 4 
169 28 2.0 2 16 0 0 81 34 1 0.0909149276488 0 9 
169 28 2.0 5 1 0 0 11 9 2 0.0551780138557 1 1 
169 28 2.0 4 0 0 0 4 8 1 0.111554197954 0 2 
169 28 2.0 7 9 0 0 45 35 2 0.0772163605695 3 3 
169 28 2.0 6 2 0 0 14 11 2 0.0548360082983 1 2 
169 28 2.0 9 6 0 0 37 28 2 0.00734228163763 2 3 
169 28 2.0 8 6 0 0 37 30 2 0.00167299924788 2 3 
169 28 2.0 11 2 0 0 22 17 2 8.50252541427e-09 1 2 
169 28 2.0 10 3 0 0 27 25 2 8.37868668131e-10 1 3 
169 28 2.0 13 2 0 0 27 8 2 0.0887565584944 2 1 
169 28 2.0 12 1 0 0 19 5 2 9.55166135675e-09 1 1 
169 28 2.0 15 0 0 0 26 4 2 0.0887647763172 2 0 
169 29 0.0 14 0 0 0 30 9 2 0.0912643203746 3 0 
169 29 0.0 17 1 0 0 4 1 3 1.04756806495e-52 1 0 
169 29 0.0 16 0 0 0 4 1 2 0.112573115602 1 0 
169 29 0.0 19 8 0 0 24 16 3 1.49784077791e-67 4 0 
169 29 0.0 18 7 0 0 18 16 3 1.2155320394e-52 4 0 
169 29 0.0 20 9 0 0 28 25 3 2.61614627998e-69 5 0 
169 29 0.0 21 4 0 0 16 9 3 1.97893570273e-77 3 0 
169 29 0.0 22 3 0 0 4 4 3 5.6499393359e-60 2 0 
169 29 0.0 1 12 0 0 25 18 1 0.194770615931 0 5 
169 29 0.0 3 4 0 0 16 20 1 0.220237001269 0 4 
169 29 0.0 2 16 0 0 81 34 1 0.177485837579 0 9 
169 29 0.0 5 1 0 0 11 9 2 0.0511390798881 1 1 
169 29 0.0 4 0 0 0 4 8 1 0.202854629312 0 2 
169 29 0.0 7 9 0 0 45 35 2 0.0707459469937 3 3 
169 29 0.0 6 2 0 0 14 11 2 0.0509631103399 1 2 
169 29 0.0 9 6 0 0 37 28 2 0.00209435759482 2 3 
169 29 0.0 8 6 0 0 37 30 2 0.010073180293 2 3 
169 29 0.0 11 2 0 0 22 17 2 4.55094069514e-08 1 2 
169 29 0.0 10 3 0 0 27 25 2 1.24929338617e-08 1 3 
169 29 0.0 13 2 0 0 27 8 2 0.0807083138695 2 1 
169 29 0.0 12 1 0 0 19 5 2 3.98038948852e-08 1 1 
169 29 0.0 15 0 0 0 26 4 2 0.0807552051948 2 0 
169 29 2.0 14 0 0 0 30 9 2 0.0946908597898 3 0 
169 29 2.0 17 1 0 0 4 1 3 6.66528487263e-26 1 0 
169 29 2.0 16 0 0 0 4 1 2 0.120587217766 1 0 
169 29 2.0 19 8 0 0 24 16 3 1.09511339022e-42 4 0 
169 29 2.0 18 7 0 0 18 16 3 1.41833235717e-20 4 0 
169 29 2.0 20 9 0 0 28 25 3 2.57009541672e-45 5 0 
169 29 2.0 21 4 0 0 16 9 3 1.11072112655e-54 3 0 
169 29 2.0 22 3 0 0 4 4 3 1.57920248937e-27 2 0 
169 29 2.0 1 12 0 0 25 18 1 0.120939817733 0 5 
169 29 2.0 3 4 0 0 16 20 1 0.147520092718 0 4 
169 29 2.0 2 16 0 0 81 34 1 0.113944452389 0 9 
169 29 2.0 5 1 0 0 11 9 2 0.0490342590173 1 1 
169 29 2.0 4 0 0 0 4 8 1 0.13738869071 0 2 
169 29 2.0 7 9 0 0 45 35 2 0.0707761103947 3 3 
169 29 2.0 6 2 0 0 14 11 2 0.0487140309449 1 2 
169 29 2.0 9 6 0 0 37 28 2 0.00334073094862 2 3 
169 29 2.0 8 6 0 0 37 30 2 0.00535227727714 2 3 
169 29 2.0 11 2 0 0 22 17 2 3.67562462067e-08 1 2 
169 29 2.0 10 3 0 0 27 25 2 1.02549031912e-09 1 3 
169 29 2.0 13 2 0 0 27 8 2 0.0823291378395 2 1 
169 29 2.0 12 1 0 0 19 5 2 2.34356267184e-08 1 1 
169 29 2.0 15 0 0 0 26 4 2 0.082340259479 2 0 
169 30 0.0 14 0 0 0 30 9 2 0.0953447150299 3 0 
169 30 0.0 17 1 0 0 4 1 3 6.93122722575e-64 1 0 
169 30 0.0 16 0 0 0 4 1 2 0.115228841535 1 0 
169 30 0.0 19 8 0 0 24 16 3 2.93612911971e-67 4 0 
169 30 0.0 18 7 0 0 18 16 3 4.74738870611e-52 4 0 
169 30 0.0 20 9 0 0 28 25 3 1.97971084309e-69 5 0 
169 30 0.0 21 4 0 0 16 9 3 4.12616604746e-77 3 0 
169 30 0.0 22 3 0 0 4 4 3 1.43295600225e-57 2 0 
169 30 0.0 1 12 0 0 25 18 1 0.165144739534 0 5 
169 30 0.0 3 4 0 0 16 20 1 0.189209964826 0 4 
169 30 0.0 2 16 0 0 81 34 1 0.152042755838 0 9 
169 30 0.0 5 1 0 0 11 9 2 0.0578519996436 1 1 
169 30 0.0 4 0 0 0 4 8 1 0.176352680054 0 2 
169 30 0.0 7 9 0 0 45 35 2 0.0760351882708 3 3 
169 30 0.0 6 2 0 0 14 11 2 0.0551168411206 1 2 
169 30 0.0 9 6 0 0 37 28 2 0.0104933483798 2 3 
169 30 0.0 8 6 0 0 37 30 2 0.00270992169728 2 3 
169 30 0.0 11 2 0 0 22 17 2 2.09883213759e-08 1 2 
169 30 0.0 10 3 0 0 27 25 2 2.44388365515e-09 1 3 
169 30 0.0 13 2 0 0 27 8 2 0.0852775241298 2 1 
169 30 0.0 12 1 0 0 19 5 2 5.6645859427e-09 1 1 
169 30 0.0 15 0 0 0 26 4 2 0.0852954552597 2 0 
169 30 2.0 14 0 0 0 30 9 2 0.0969479195934 3 0 
169 30 2.0 17 1 0 0 4 1 3 8.41043755799e-17 1 0 
169 30 2.0 16 0 0 0 4 1 2 0.118679333328 1 0 
169 30 2.0 19 8 0 0 24 16 3 1.44293247324e-43 4 0 
169 30 2.0 18 7 0 0 18 16 3 1.42043568092e-20 4 0 
169 30 2.0 20 9 0 0 28 25 3 1.82488008381e-45 5 0 
169 30 2.0 21 4 0 0 16 9 3 9.88167423387e-55 3 0 
169 30 2.0 22 3 0 0 4 4 3 1.01658555887e-31 2 0 
169 30 2.0 1 12 0 0 25 18 1 0.0942512815268 0 5 
169 30 2.0 3 4 0 0 16 20 1 0.113029018864 0 4 
169 30 2.0 2 16 0 0 81 34 1 0.101003255284 0 9 
169 30 2.0 5 1 0 0 11 9 2 0.0563268285164 1 1 
169 30 2.0 4 0 0 0 4 8 1 0.116888582111 0 2 
169 30 2.0 7 9 0 0 45 35 2 0.0763327705939 3 3 
169 30 2.0 6 2 0 0 14 11 2 0.0562604667247 1 2 
169 30 2.0 9 6 0 0 37 28 2 0.000610805748536 2 3 
169 30 2.0 8 6 0 0 37 30 2 0.00424876113527 2 3 
169 30 2.0 11 2 0 0 22 17 2 1.10147782165e-08 1 2 
169 30 2.0 10 3 0 0 27 25 2 1.18005910197e-09 1 3 
169 30 2.0 13 2 0 0 27 8 2 0.0861817025215 2 1 
169 30 2.0 12 1 0 0 19 5 2 2.21997858335e-08 1 1 
169 30 2.0 15 0 0 0 26 4 2 0.0862260833817 2 0 
169 31 0.0 14 0 0 0 30 9 2 0.0930176256522 3 0 
169 31 0.0 17 1 0 0 4 1 3 4.14461582934e-56 1 0 
169 31 0.0 16 0 0 0 4 1 2 0.11356811801 1 0 
169 31 0.0 19 8 0 0 24 16 3 3.58947360935e-66 4 0 
169 31 0.0 18 7 0 0 18 16 3 1.01346815939e-50 4 0 
169 31 0.0 20 9 0 0 28 25 3 8.26757809092e-68 5 0 
169 31 0.0 21 4 0 0 16 9 3 1.78052963684e-77 3 0 
169 31 0.0 22 3 0 0 4 4 3 2.29477570299e-59 2 0 
169 31 0.0 1 12 0 0 25 18 1 0.184472071158 0 5 
169 31 0.0 3 4 0 0 16 20 1 0.207178387903 0 4 
169 31 0.0 2 16 0 0 81 34 1 0.166413129924 0 9 
169 31 0.0 5 1 0 0 11 9 2 0.0536388411525 1 1 
169 31 0.0 4 0 0 0 4 8 1 0.190094458626 0 2 
169 31 0.0 7 9 0 0 45 35 2 0.0729911773477 3 3 
169 31 0.0 6 2 0 0 14 11 2 0.0532190101378 1 2 
169 31 0.0 9 6 0 0 37 28 2 0.0023775911916 2 3 
169 31 0.0 8 6 0 0 37 30 2 0.0103361144195 2 3 
169 31 0.0 11 2 0 0 22 17 2 2.20386225738e-08 1 2 
169 31 0.0 10 3 0 0 27 25 2 2.54391510401e-09 1 3 
169 31 0.0 13 2 0 0 27 8 2 0.082736472593 2 1 
169 31 0.0 12 1 0 0 19 5 2 3.08651841259e-08 1 1 
169 31 0.0 15 0 0 0 26 4 2 0.0827739269515 2 0 
169 31 2.0 14 0 0 0 30 9 2 0.0984415284015 3 0 
169 31 2.0 17 1 0 0 4 1 3 6.15761624755e-27 1 0 
169 31 2.0 16 0 0 0 4 1 2 0.12146786532 1 0 
169 31 2.0 19 8 0 0 24 16 3 8.94815992864e-44 4 0 
169 31 2.0 18 7 0 0 18 16 3 3.41952449123e-21 4 0 
169 31 2.0 20 9 0 0 28 25 3 5.77499838514e-46 5 0 
169 31 2.0 21 4 0 0 16 9 3 1.1028499064e-54 3 0 
169 31 2.0 22 3 0 0 4 4 3 1.94907093985e-30 2 0 
169 31 2.0 1 12 0 0 25 18 1 0.10311819341 0 5 
169 31 2.0 3 4 0 0 16 20 1 0.113992922863 0 4 
169 31 2.0 2 16 0 0 81 34 1 0.112721871026 0 9 
169 31 2.0 5 1 0 0 11 9 2 0.0541751877682 1 1 
169 31 2.0 4 0 0 0 4 8 1 0.120059961227 0 2 
169 31 2.0 7 9 0 0 45 35 2 0.075810088007 3 3 
169 31 2.0 6 2 0 0 14 11 2 0.053765380979 1 2 
169 31 2.0 9 6 0 0 37 28 2 1.94868329744e-05 2 3 
169 31 2.0 8 6 0 0 37 30 2 0.000504750363898 2 3 
169 31 2.0 11 2 0 0 22 17 2 3.22158133475e-11 1 2 
169 31 2.0 10 3 0 0 27 25 2 1.41396200674e-12 1 3 
169 31 2.0 13 2 0 0 27 8 2 0.0872544416076 2 1 
169 31 2.0 12 1 0 0 19 5 2 5.01117533217e-11 1 1 
169 31 2.0 15 0 0 0 26 4 2 0.0872853712486 2 0 
169 32 0.0 14 0 0 0 30 9 2 0.0858829048166 3 0 
169 32 0.0 17 1 0 0 4 1 3 2.21990436193e-58 1 0 
169 32 0.0 16 0 0 0 4 1 2 0.106928490633 1 0 
169 32 0.0 19 8 0 0 24 16 3 3.42477486371e-67 4 0 
169 32 0.0 18 7 0 0 18 16 3 9.56000943133e-53 4 0 
169 32 0.0 20 9 0 0 28 25 3 2.18098095605e-69 5 0 
169 32 0.0 21 4 0 0 16 9 3 2.02255913332e-77 3 0 
169 32 0.0 22 3 0 0 4 4 3 6.89479058978e-56 2 0 
169 32 0.0 1 12 0 0 25 18 1 0.185575507268 0 5 
169 32 0.0 3 4 0 0 16 20 1 0.214476262956 0 4 
169 32 0.0 2 16 0 0 81 34 1 0.170249806867 0 9 
169 32 0.0 5 1 0 0 11 9 2 0.0472774615227 1 1 
169 32 0.0 4 0 0 0 4 8 1 0.198005191027 0 2 
169 32 0.0 7 9 0 0 45 35 2 0.0658898231496 3 3 
169 32 0.0 6 2 0 0 14 11 2 0.0466429279979 1 2 
169 32 0.0 9 6 0 0 37 28 2 0.00754484840107 2 3 
169 32 0.0 8 6 0 0 37 30 2 0.00416693094596 2 3 
169 32 0.0 11 2 0 0 22 17 2 9.70373679166e-08 1 2 
169 32 0.0 10 3 0 0 27 25 2 9.35919542564e-08 1 3 
169 32 0.0 13 2 0 0 27 8 2 0.0755967642929 2 1 
169 32 0.0 12 1 0 0 19 5 2 2.34551051916e-07 1 1 
169 32 0.0 15 0 0 0 26 4 2 0.0756021231219 2 0 
169 32 2.0 14 0 0 0 30 9 2 0.106275224849 3 0 
169 32 2.0 17 1 0 0 4 1 3 8.28954012771e-37 1 0 
169 32 2.0 16 0 0 0 4 1 2 0.132259653478 1 0 
169 32 2.0 19 8 0 0 24 16 3 1.92267346934e-42 4 0 
169 32 2.0 18 7 0 0 18 16 3 1.35049088825e-19 4 0 
169 32 2.0 20 9 0 0 28 25 3 5.52265518591e-45 5 0 
169 32 2.0 21 4 0 0 16 9 3 1.09717912103e-54 3 0 
169 32 2.0 22 3 0 0 4 4 3 6.44385895766e-29 2 0 
169 32 2.0 1 12 0 0 25 18 1 0.127558830563 0 5 
169 32 2.0 3 4 0 0 16 20 1 0.143928635252 0 4 
169 32 2.0 2 16 0 0 81 34 1 0.120048919112 0 9 
169 32 2.0 5 1 0 0 11 9 2 0.0586106545302 1 1 
169 32 2.0 4 0 0 0 4 8 1 0.134743935012 0 2 
169 32 2.0 7 9 0 0 45 35 2 0.0813896267417 3 3 
169 32 2.0 6 2 0 0 14 11 2 0.0559803317111 1 2 
169 32 2.0 9 6 0 0 37 28 2 0.00217669391824 2 3 
169 32 2.0 8 6 0 0 37 30 2 0.00585004148777 2 3 
169 32 2.0 11 2 0 0 22 17 2 2.71765133566e-09 1 2 
169 32 2.0 10 3 0 0 27 25 2 1.5298786405e-10 1 3 
169 32 2.0 13 2 0 0 27 8 2 0.0936401096616 2 1 
169 32 2.0 12 1 0 0 19 5 2 7.11310223714e-09 1 1 
169 32 2.0 15 0 0 0 26 4 2 0.0936593470316 2 0 
169 33 0.0 14 0 0 0 30 9 2 0.0933156380091 3 0 
169 33 0.0 17 1 0 0 4 1 3 8.65261085341e-61 1 0 
169 33 0.0 16 0 0 0 4 1 2 0.113618316438 1 0 
169 33 0.0 19 8 0 0 24 16 3 7.81968469802e-69 4 0 
169 33 0.0 18 7 0 0 18 16 3 2.78959547897e-52 4 0 
169 33 0.0 20 9 0 0 28 25 3 2.56576821608e-70 5 0 
169 33 0.0 21 4 0 0 16 9 3 3.77472627912e-77 3 0 
169 33 0.0 22 3 0 0 4 4 3 5.64751450198e-56 2 0 
169 33 0.0 1 12 0 0 25 18 1 0.167794548251 0 5 
169 33 0.0 3 4 0 0 16 20 1 0.194743457321 0 4 
169 33 0.0 2 16 0 0 81 34 1 0.155035430173 0 9 
169 33 0.0 5 1 0 0 11 9 2 0.0549882548075 1 1 
169 33 0.0 4 0 0 0 4 8 1 0.181501358083 0 2 
169 33 0.0 7 9 0 0 45 35 2 0.0736044544825 3 3 
169 33 0.0 6 2 0 0 14 11 2 0.0536783116124 1 2 
169 33 0.0 9 6 0 0 37 28 2 0.00543659629072 2 3 
169 33 0.0 8 6 0 0 37 30 2 0.00779230059274 2 3 
169 33 0.0 11 2 0 0 22 17 2 1.03255907773e-09 1 2 
169 33 0.0 10 3 0 0 27 25 2 4.34031851865e-10 1 3 
169 33 0.0 13 2 0 0 27 8 2 0.0831709957059 2 1 
169 33 0.0 12 1 0 0 19 5 2 4.53331636092e-09 1 1 
169 33 0.0 15 0 0 0 26 4 2 0.0831789572459 2 0 
169 33 2.0 14 0 0 0 30 9 2 0.111794151416 3 0 
169 33 2.0 17 1 0 0 4 1 3 1.0726480949e-38 1 0 
169 33 2.0 16 0 0 0 4 1 2 0.135395865083 1 0 
169 33 2.0 19 8 0 0 24 16 3 1.25970695354e-40 4 0 
169 33 2.0 18 7 0 0 18 16 3 8.88325519179e-20 4 0 
169 33 2.0 20 9 0 0 28 25 3 2.70818070319e-43 5 0 
169 33 2.0 21 4 0 0 16 9 3 7.21562708331e-54 3 0 
169 33 2.0 22 3 0 0 4 4 3 1.10147803054e-28 2 0 
169 33 2.0 1 12 0 0 25 18 1 0.117849413703 0 5 
169 33 2.0 3 4 0 0 16 20 1 0.137983574969 0 4 
169 33 2.0 2 16 0 0 81 34 1 0.105112480985 0 9 
169 33 2.0 5 1 0 0 11 9 2 0.0683207823852 1 1 
169 33 2.0 4 0 0 0 4 8 1 0.1264172586 0 2 
169 33 2.0 7 9 0 0 45 35 2 0.089228514827 3 3 
169 33 2.0 6 2 0 0 14 11 2 0.0641185634138 1 2 
169 33 2.0 9 6 0 0 37 28 2 0.00913801779834 2 3 
169 33 2.0 8 6 0 0 37 30 2 0.00224478599138 2 3 
169 33 2.0 11 2 0 0 22 17 2 5.90395913937e-10 1 2 
169 33 2.0 10 3 0 0 27 25 2 3.691082583e-10 1 3 
169 33 2.0 13 2 0 0 27 8 2 0.0998601461519 2 1 
169 33 2.0 12 1 0 0 19 5 2 8.06547119223e-09 1 1 
169 33 2.0 15 0 0 0 26 4 2 0.099877445413 2 0 
169 34 0.0 14 0 0 0 30 9 2 0.0961907999993 3 0 
169 34 0.0 17 1 0 0 4 1 3 1.80703526566e-62 1 0 
169 34 0.0 16 0 0 0 4 1 2 0.117100821439 1 0 
169 34 0.0 19 8 0 0 24 16 3 5.9710178487e-68 4 0 
169 34 0.0 18 7 0 0 18 16 3 6.57866803957e-53 4 0 
169 34 0.0 20 9 0 0 28 25 3 5.46297119387e-70 5 0 
169 34 0.0 21 4 0 0 16 9 3 3.62898509364e-77 3 0 
169 34 0.0 22 3 0 0 4 4 3 2.02487238769e-55 2 0 
169 34 0.0 1 12 0 0 25 18 1 0.174509149099 0 5 
169 34 0.0 3 4 0 0 16 20 1 0.199371968474 0 4 
169 34 0.0 2 16 0 0 81 34 1 0.158528825648 0 9 
169 34 0.0 5 1 0 0 11 9 2 0.0568387838159 1 1 
169 34 0.0 4 0 0 0 4 8 1 0.183597332503 0 2 
169 34 0.0 7 9 0 0 45 35 2 0.0758929776528 3 3 
169 34 0.0 6 2 0 0 14 11 2 0.0548115952857 1 2 
169 34 0.0 9 6 0 0 37 28 2 0.00664441432876 2 3 
169 34 0.0 8 6 0 0 37 30 2 0.00716629112254 2 3 
169 34 0.0 11 2 0 0 22 17 2 9.47553549971e-09 1 2 
169 34 0.0 10 3 0 0 27 25 2 1.7213183065e-10 1 3 
169 34 0.0 13 2 0 0 27 8 2 0.0857037007192 2 1 
169 34 0.0 12 1 0 0 19 5 2 1.71324421283e-08 1 1 
169 34 0.0 15 0 0 0 26 4 2 0.0857078234434 2 0 
169 34 2.0 14 0 0 0 30 9 2 0.116587586736 3 0 
169 34 2.0 17 1 0 0 4 1 3 3.59312855584e-20 1 0 
169 34 2.0 16 0 0 0 4 1 2 0.135709998121 1 0 
169 34 2.0 19 8 0 0 24 16 3 8.04381424941e-43 4 0 
169 34 2.0 18 7 0 0 18 16 3 2.67731682608e-21 4 0 
169 34 2.0 20 9 0 0 28 25 3 5.77145497509e-45 5 0 
169 34 2.0 21 4 0 0 16 9 3 7.82495545968e-55 3 0 
169 34 2.0 22 3 0 0 4 4 3 2.93693509877e-28 2 0 
169 34 2.0 1 12 0 0 25 18 1 0.128489373941 0 5 
169 34 2.0 3 4 0 0 16 20 1 0.12850306956 0 4 
169 34 2.0 2 16 0 0 81 34 1 0.101045926248 0 9 
169 34 2.0 5 1 0 0 11 9 2 0.0724434466823 1 1 
169 34 2.0 4 0 0 0 4 8 1 0.110397583509 0 2 
169 34 2.0 7 9 0 0 45 35 2 0.0963499522123 3 3 
169 34 2.0 6 2 0 0 14 11 2 0.0722738527532 1 2 
169 34 2.0 9 6 0 0 37 28 2 0.00808651371087 2 3 
169 34 2.0 8 6 0 0 37 30 2 0.00392916249955 2 3 
169 34 2.0 11 2 0 0 22 17 2 7.85715912567e-10 1 2 
169 34 2.0 10 3 0 0 27 25 2 1.22396589959e-09 1 3 
169 34 2.0 13 2 0 0 27 8 2 0.105816050349 2 1 
169 34 2.0 12 1 0 0 19 5 2 3.01620706363e-09 1 1 
169 34 2.0 15 0 0 0 26 4 2 0.105832983845 2 0 
169 35 0.0 14 0 0 0 30 9 2 0.0941501114772 3 0 
169 35 0.0 17 1 0 0 4 1 3 2.13467709893e-56 1 0 
169 35 0.0 16 0 0 0 4 1 2 0.114246785478 1 0 
169 35 0.0 19 8 0 0 24 16 3 1.98835376677e-66 4 0 
169 35 0.0 18 7 0 0 18 16 3 7.36121859093e-52 4 0 
169 35 0.0 20 9 0 0 28 25 3 2.37731646664e-68 5 0 
169 35 0.0 21 4 0 0 16 9 3 8.98950088936e-77 3 0 
169 35 0.0 22 3 0 0 4 4 3 8.22125265685e-59 2 0 
169 35 0.0 1 12 0 0 25 18 1 0.176623058277 0 5 
169 35 0.0 3 4 0 0 16 20 1 0.200347217887 0 4 
169 35 0.0 2 16 0 0 81 34 1 0.159984683066 0 9 
169 35 0.0 5 1 0 0 11 9 2 0.0553309812923 1 1 
169 35 0.0 4 0 0 0 4 8 1 0.184484676207 0 2 
169 35 0.0 7 9 0 0 45 35 2 0.0744769309242 3 3 
169 35 0.0 6 2 0 0 14 11 2 0.0548531443311 1 2 
169 35 0.0 9 6 0 0 37 28 2 0.00954282304509 2 3 
169 35 0.0 8 6 0 0 37 30 2 0.00375693089105 2 3 
169 35 0.0 11 2 0 0 22 17 2 4.45228190712e-08 1 2 
169 35 0.0 10 3 0 0 27 25 2 1.15512487226e-08 1 3 
169 35 0.0 13 2 0 0 27 8 2 0.0840172873118 2 1 
169 35 0.0 12 1 0 0 19 5 2 1.72648496469e-08 1 1 
169 35 0.0 15 0 0 0 26 4 2 0.0840467855129 2 0 
169 35 2.0 14 0 0 0 30 9 2 0.107790696385 3 0 
169 35 2.0 17 1 0 0 4 1 3 5.79855118339e-24 1 0 
169 35 2.0 16 0 0 0 4 1 2 0.128799222858 1 0 
169 35 2.0 19 8 0 0 24 16 3 1.13459866974e-40 4 0 
169 35 2.0 18 7 0 0 18 16 3 8.5363738756e-19 4 0 
169 35 2.0 20 9 0 0 28 25 3 3.53025707097e-43 5 0 
169 35 2.0 21 4 0 0 16 9 3 8.80642432075e-55 3 0 
169 35 2.0 22 3 0 0 4 4 3 6.15254213276e-32 2 0 
169 35 2.0 1 12 0 0 25 18 1 0.115243222028 0 5 
169 35 2.0 3 4 0 0 16 20 1 0.120431088724 0 4 
169 35 2.0 2 16 0 0 81 34 1 0.107303319954 0 9 
169 35 2.0 5 1 0 0 11 9 2 0.065006152675 1 1 
169 35 2.0 4 0 0 0 4 8 1 0.115734469148 0 2 
169 35 2.0 7 9 0 0 45 35 2 0.0866614141658 3 3 
169 35 2.0 6 2 0 0 14 11 2 0.064720740952 1 2 
169 35 2.0 9 6 0 0 37 28 2 0.00525186049764 2 3 
169 35 2.0 8 6 0 0 37 30 2 0.000650959399354 2 3 
169 35 2.0 11 2 0 0 22 17 2 4.10897066659e-11 1 2 
169 35 2.0 10 3 0 0 27 25 2 3.7674182172e-11 1 3 
169 35 2.0 13 2 0 0 27 8 2 0.0970473243966 2 1 
169 35 2.0 12 1 0 0 19 5 2 1.2077204002e-11 1 1 
169 35 2.0 15 0 0 0 26 4 2 0.0971003581845 2 0 
169 36 0.0 14 0 0 0 30 9 2 0.0941328585227 3 0 
169 36 0.0 17 1 0 0 4 1 3 1.04673576199e-56 1 0 
169 36 0.0 16 0 0 0 4 1 2 0.11553367062 1 0 
169 36 0.0 19 8 0 0 24 16 3 6.18465590704e-68 4 0 
169 36 0.0 18 7 0 0 18 16 3 2.38862964049e-53 4 0 
169 36 0.0 20 9 0 0 28 25 3 1.46942240131e-69 5 0 
169 36 0.0 21 4 0 0 16 9 3 2.36978381535e-76 3 0 
169 36 0.0 22 3 0 0 4 4 3 2.74412952922e-57 2 0 
169 36 0.0 1 12 0 0 25 18 1 0.200756690319 0 5 
169 36 0.0 3 4 0 0 16 20 1 0.224147030583 0 4 
169 36 0.0 2 16 0 0 81 34 1 0.179769958625 0 9 
169 36 0.0 5 1 0 0 11 9 2 0.0535790342954 1 1 
169 36 0.0 4 0 0 0 4 8 1 0.204371140171 0 2 
169 36 0.0 7 9 0 0 45 35 2 0.0733702647052 3 3 
169 36 0.0 6 2 0 0 14 11 2 0.0530653590294 1 2 
169 36 0.0 9 6 0 0 37 28 2 0.00849092597663 2 3 
169 36 0.0 8 6 0 0 37 30 2 0.00459531154997 2 3 
169 36 0.0 11 2 0 0 22 17 2 1.17610800324e-07 1 2 
169 36 0.0 10 3 0 0 27 25 2 1.02298957754e-07 1 3 
169 36 0.0 13 2 0 0 27 8 2 0.0834781609925 2 1 
169 36 0.0 12 1 0 0 19 5 2 1.33574178274e-06 1 1 
169 36 0.0 15 0 0 0 26 4 2 0.0834905713059 2 0 
169 36 2.0 14 0 0 0 30 9 2 0.100067210692 3 0 
169 36 2.0 17 1 0 0 4 1 3 3.92880703741e-33 1 0 
169 36 2.0 16 0 0 0 4 1 2 0.120107376057 1 0 
169 36 2.0 19 8 0 0 24 16 3 7.80080536068e-42 4 0 
169 36 2.0 18 7 0 0 18 16 3 7.85902557531e-20 4 0 
169 36 2.0 20 9 0 0 28 25 3 8.58328488026e-45 5 0 
169 36 2.0 21 4 0 0 16 9 3 6.42832133238e-55 3 0 
169 36 2.0 22 3 0 0 4 4 3 1.08758395033e-25 2 0 
169 36 2.0 1 12 0 0 25 18 1 0.106324317027 0 5 
169 36 2.0 3 4 0 0 16 20 1 0.114085213016 0 4 
169 36 2.0 2 16 0 0 81 34 1 0.113868954387 0 9 
169 36 2.0 5 1 0 0 11 9 2 0.0617898852462 1 1 
169 36 2.0 4 0 0 0 4 8 1 0.120978236267 0 2 
169 36 2.0 7 9 0 0 45 35 2 0.0807448010827 3 3 
169 36 2.0 6 2 0 0 14 11 2 0.0603603442939 1 2 
169 36 2.0 9 6 0 0 37 28 2 7.24826168766e-05 2 3 
169 36 2.0 8 6 0 0 37 30 2 2.52020320343e-05 2 3 
169 36 2.0 11 2 0 0 22 17 2 2.99614374771e-13 1 2 
169 36 2.0 10 3 0 0 27 25 2 2.00878664345e-14 1 3 
169 36 2.0 13 2 0 0 27 8 2 0.0899833335936 2 1 
169 36 2.0 12 1 0 0 19 5 2 2.90327864098e-13 1 1 
169 36 2.0 15 0 0 0 26 4 2 0.089988402067 2 0 
169 37 0.0 14 0 0 0 30 9 2 0.0907045878543 3 0 
169 37 0.0 17 1 0 0 4 1 3 1.61563568374e-56 1 0 
169 37 0.0 16 0 0 0 4 1 2 0.112233812816 1 0 
169 37 0.0 19 8 0 0 24 16 3 2.46220313746e-67 4 0 
169 37 0.0 18 7 0 0 18 16 3 5.73480310926e-53 4 0 
169 37 0.0 20 9 0 0 28 25 3 2.1626159856e-69 5 0 
169 37 0.0 21 4 0 0 16 9 3 1.87204801267e-77 3 0 
169 37 0.0 22 3 0 0 4 4 3 6.48763076937e-59 2 0 
169 37 0.0 1 12 0 0 25 18 1 0.191082157615 0 5 
169 37 0.0 3 4 0 0 16 20 1 0.216372289619 0 4 
169 37 0.0 2 16 0 0 81 34 1 0.174413296883 0 9 
169 37 0.0 5 1 0 0 11 9 2 0.0504969677869 1 1 
169 37 0.0 4 0 0 0 4 8 1 0.19926411282 0 2 
169 37 0.0 7 9 0 0 45 35 2 0.0700276635986 3 3 
169 37 0.0 6 2 0 0 14 11 2 0.0500239158194 1 2 
169 37 0.0 9 6 0 0 37 28 2 0.00173036474488 2 3 
169 37 0.0 8 6 0 0 37 30 2 0.01021275718 2 3 
169 37 0.0 11 2 0 0 22 17 2 1.1136575378e-08 1 2 
169 37 0.0 10 3 0 0 27 25 2 3.90959244835e-10 1 3 
169 37 0.0 13 2 0 0 27 8 2 0.0801051204888 2 1 
169 37 0.0 12 1 0 0 19 5 2 2.12573633968e-08 1 1 
169 37 0.0 15 0 0 0 26 4 2 0.0801331045301 2 0 
169 37 2.0 14 0 0 0 30 9 2 0.117400143906 3 0 
169 37 2.0 17 1 0 0 4 1 3 2.78586645372e-30 1 0 
169 37 2.0 16 0 0 0 4 1 2 0.143064564966 1 0 
169 37 2.0 19 8 0 0 24 16 3 2.35510688766e-43 4 0 
169 37 2.0 18 7 0 0 18 16 3 1.64692534426e-20 4 0 
169 37 2.0 20 9 0 0 28 25 3 1.16664147499e-45 5 0 
169 37 2.0 21 4 0 0 16 9 3 1.74722730696e-54 3 0 
169 37 2.0 22 3 0 0 4 4 3 1.68587452514e-23 2 0 
169 37 2.0 1 12 0 0 25 18 1 0.144159016734 0 5 
169 37 2.0 3 4 0 0 16 20 1 0.156041228322 0 4 
169 37 2.0 2 16 0 0 81 34 1 0.122917457295 0 9 
169 37 2.0 5 1 0 0 11 9 2 0.0668983714033 1 1 
169 37 2.0 4 0 0 0 4 8 1 0.138257839183 0 2 
169 37 2.0 7 9 0 0 45 35 2 0.0917470224514 3 3 
169 37 2.0 6 2 0 0 14 11 2 0.0659866709607 1 2 
169 37 2.0 9 6 0 0 37 28 2 0.00638416272469 2 3 
169 37 2.0 8 6 0 0 37 30 2 0.00496602241382 2 3 
169 37 2.0 11 2 0 0 22 17 2 3.4325253813e-08 1 2 
169 37 2.0 10 3 0 0 27 25 2 1.62675415585e-09 1 3 
169 37 2.0 13 2 0 0 27 8 2 0.104534704226 2 1 
169 37 2.0 12 1 0 0 19 5 2 3.5847757635e-07 1 1 
169 37 2.0 15 0 0 0 26 4 2 0.104536396337 2 0 
169 38 0.0 14 0 0 0 30 9 2 0.0990725740317 3 0 
169 38 0.0 17 1 0 0 4 1 3 7.05345148019e-62 1 0 
169 38 0.0 16 0 0 0 4 1 2 0.119687138257 1 0 
169 38 0.0 19 8 0 0 24 16 3 5.07418438289e-65 4 0 
169 38 0.0 18 7 0 0 18 16 3 9.65349958719e-51 4 0 
169 38 0.0 20 9 0 0 28 25 3 7.28421501267e-67 5 0 
169 38 0.0 21 4 0 0 16 9 3 1.9123314198e-77 3 0 
169 38 0.0 22 3 0 0 4 4 3 3.19576863682e-61 2 0 
169 38 0.0 1 12 0 0 25 18 1 0.175076328602 0 5 
169 38 0.0 3 4 0 0 16 20 1 0.198472500804 0 4 
169 38 0.0 2 16 0 0 81 34 1 0.158613739801 0 9 
169 38 0.0 5 1 0 0 11 9 2 0.0595744833412 1 1 
169 38 0.0 4 0 0 0 4 8 1 0.182891439038 0 2 
169 38 0.0 7 9 0 0 45 35 2 0.0789333142014 3 3 
169 38 0.0 6 2 0 0 14 11 2 0.0577405403514 1 2 
169 38 0.0 9 6 0 0 37 28 2 0.00563871369105 2 3 
169 38 0.0 8 6 0 0 37 30 2 0.00863741292868 2 3 
169 38 0.0 11 2 0 0 22 17 2 1.92293742988e-09 1 2 
169 38 0.0 10 3 0 0 27 25 2 1.21446302471e-10 1 3 
169 38 0.0 13 2 0 0 27 8 2 0.088553875999 2 1 
169 38 0.0 12 1 0 0 19 5 2 3.94025462763e-10 1 1 
169 38 0.0 15 0 0 0 26 4 2 0.0886419591817 2 0 
169 38 2.0 14 0 0 0 30 9 2 0.0895070911043 3 0 
169 38 2.0 17 1 0 0 4 1 3 4.38379719386e-25 1 0 
169 38 2.0 16 0 0 0 4 1 2 0.111478967782 1 0 
169 38 2.0 19 8 0 0 24 16 3 2.01299024521e-41 4 0 
169 38 2.0 18 7 0 0 18 16 3 7.34147910254e-20 4 0 
169 38 2.0 20 9 0 0 28 25 3 1.24704623831e-43 5 0 
169 38 2.0 21 4 0 0 16 9 3 9.50743961493e-55 3 0 
169 38 2.0 22 3 0 0 4 4 3 4.85266685262e-31 2 0 
169 38 2.0 1 12 0 0 25 18 1 0.102637318687 0 5 
169 38 2.0 3 4 0 0 16 20 1 0.132695061021 0 4 
169 38 2.0 2 16 0 0 81 34 1 0.0992476173104 0 9 
169 38 2.0 5 1 0 0 11 9 2 0.0496692124911 1 1 
169 38 2.0 4 0 0 0 4 8 1 0.126642417449 0 2 
169 38 2.0 7 9 0 0 45 35 2 0.06905553421 3 3 
169 38 2.0 6 2 0 0 14 11 2 0.0493841844504 1 2 
169 38 2.0 9 6 0 0 37 28 2 0.00183648900196 2 3 
169 38 2.0 8 6 0 0 37 30 2 0.00699525424387 2 3 
169 38 2.0 11 2 0 0 22 17 2 2.59176886078e-08 1 2 
169 38 2.0 10 3 0 0 27 25 2 1.50719690927e-08 1 3 
169 38 2.0 13 2 0 0 27 8 2 0.0786350943832 2 1 
169 38 2.0 12 1 0 0 19 5 2 1.26483159515e-08 1 1 
169 38 2.0 15 0 0 0 26 4 2 0.0786699388461 2 0 
169 39 0.0 14 0 0 0 30 9 2 0.0973641104517 3 0 
169 39 0.0 17 1 0 0 4 1 3 6.55159261965e-54 1 0 
169 39 0.0 16 0 0 0 4 1 2 0.11529953361 1 0 
169 39 0.0 19 8 0 0 24 16 3 2.17268113815e-67 4 0 
169 39 0.0 18 7 0 0 18 16 3 3.60044574765e-53 4 0 
169 39 0.0 20 9 0 0 28 25 3 5.75840290503e-70 5 0 
169 39 0.0 21 4 0 0 16 9 3 9.91177967356e-78 3 0 
169 39 0.0 22 3 0 0 4 4 3 4.86611826351e-60 2 0 
169 39 0.0 1 12 0 0 25 18 1 0.171297932706 0 5 
169 39 0.0 3 4 0 0 16 20 1 0.179280105546 0 4 
169 39 0.0 2 16 0 0 81 34 1 0.170305956698 0 9 
169 39 0.0 5 1 0 0 11 9 2 0.060888204307 1 1 
169 39 0.0 4 0 0 0 4 8 1 0.179751846065 0 2 
169 39 0.0 7 9 0 0 45 35 2 0.0793676157726 3 3 
169 39 0.0 6 2 0 0 14 11 2 0.0605925084257 1 2 
169 39 0.0 9 6 0 0 37 28 2 0.00156108711769 2 3 
169 39 0.0 8 6 0 0 37 30 2 0.00229656264469 2 3 
169 39 0.0 11 2 0 0 22 17 2 3.08154027204e-10 1 2 
169 39 0.0 10 3 0 0 27 25 2 2.80399555308e-11 1 3 
169 39 0.0 13 2 0 0 27 8 2 0.0881692821161 2 1 
169 39 0.0 12 1 0 0 19 5 2 3.47136313268e-11 1 1 
169 39 0.0 15 0 0 0 26 4 2 0.0882212657923 2 0 
169 39 2.0 14 0 0 0 30 9 2 0.100692891548 3 0 
169 39 2.0 17 1 0 0 4 1 3 2.22848278495e-36 1 0 
169 39 2.0 16 0 0 0 4 1 2 0.125658128583 1 0 
169 39 2.0 19 8 0 0 24 16 3 2.04373490578e-41 4 0 
169 39 2.0 18 7 0 0 18 16 3 8.68251105688e-20 4 0 
169 39 2.0 20 9 0 0 28 25 3 2.02112081213e-44 5 0 
169 39 2.0 21 4 0 0 16 9 3 9.44250224275e-55 3 0 
169 39 2.0 22 3 0 0 4 4 3 4.47369077041e-25 2 0 
169 39 2.0 1 12 0 0 25 18 1 0.118587494019 0 5 
169 39 2.0 3 4 0 0 16 20 1 0.143800430809 0 4 
169 39 2.0 2 16 0 0 81 34 1 0.110167655384 0 9 
169 39 2.0 5 1 0 0 11 9 2 0.0564869742754 1 1 
169 39 2.0 4 0 0 0 4 8 1 0.133318348243 0 2 
169 39 2.0 7 9 0 0 45 35 2 0.0775116299082 3 3 
169 39 2.0 6 2 0 0 14 11 2 0.054149708761 1 2 
169 39 2.0 9 6 0 0 37 28 2 0.00130578979376 2 3 
169 39 2.0 8 6 0 0 37 30 2 0.00835006624467 2 3 
169 39 2.0 11 2 0 0 22 17 2 7.04201807885e-09 1 2 
169 39 2.0 10 3 0 0 27 25 2 1.61762178978e-10 1 3 
169 39 2.0 13 2 0 0 27 8 2 0.0885338512826 2 1 
169 39 2.0 12 1 0 0 19 5 2 1.30867270186e-08 1 1 
169 39 2.0 15 0 0 0 26 4 2 0.0885379523063 2 0 
169 40 0.0 14 0 0 0 30 9 2 0.0939924387499 3 0 
169 40 0.0 17 1 0 0 4 1 3 4.06749022708e-56 1 0 
169 40 0.0 16 0 0 0 4 1 2 0.115705607591 1 0 
169 40 0.0 19 8 0 0 24 16 3 6.97535008164e-68 4 0 
169 40 0.0 18 7 0 0 18 16 3 3.14318289844e-53 4 0 
169 40 0.0 20 9 0 0 28 25 3 3.86515805343e-70 5 0 
169 40 0.0 21 4 0 0 16 9 3 1.89536110817e-77 3 0 
169 40 0.0 22 3 0 0 4 4 3 2.24889499293e-56 2 0 
169 40 0.0 1 12 0 0 25 18 1 0.204352774332 0 5 
169 40 0.0 3 4 0 0 16 20 1 0.227338216691 0 4 
169 40 0.0 2 16 0 0 81 34 1 0.182238586324 0 9 
169 40 0.0 5 1 0 0 11 9 2 0.0529105371407 1 1 
169 40 0.0 4 0 0 0 4 8 1 0.206403281301 0 2 
169 40 0.0 7 9 0 0 45 35 2 0.0729426805064 3 3 
169 40 0.0 6 2 0 0 14 11 2 0.0524811637965 1 2 
169 40 0.0 9 6 0 0 37 28 2 0.00642193496859 2 3 
169 40 0.0 8 6 0 0 37 30 2 0.00664365149009 2 3 
169 40 0.0 11 2 0 0 22 17 2 1.24633224416e-07 1 2 
169 40 0.0 10 3 0 0 27 25 2 1.46294637568e-07 1 3 
169 40 0.0 13 2 0 0 27 8 2 0.083218501156 2 1 
169 40 0.0 12 1 0 0 19 5 2 2.12843134357e-07 1 1 
169 40 0.0 15 0 0 0 26 4 2 0.0832255503059 2 0 
169 40 2.0 14 0 0 0 30 9 2 0.0974387523075 3 0 
169 40 2.0 17 1 0 0 4 1 3 1.27815332129e-28 1 0 
169 40 2.0 16 0 0 0 4 1 2 0.121683271252 1 0 
169 40 2.0 19 8 0 0 24 16 3 2.44674496479e-42 4 0 
169 40 2.0 18 7 0 0 18 16 3 2.42208660736e-20 4 0 
169 40 2.0 20 9 0 0 28 25 3 1.00734526506e-44 5 0 
169 40 2.0 21 4 0 0 16 9 3 6.92642271537e-55 3 0 
169 40 2.0 22 3 0 0 4 4 3 3.02842371236e-31 2 0 
169 40 2.0 1 12 0 0 25 18 1 0.108663708707 0 5 
169 40 2.0 3 4 0 0 16 20 1 0.132192388804 0 4 
169 40 2.0 2 16 0 0 81 34 1 0.1072496015 0 9 
169 40 2.0 5 1 0 0 11 9 2 0.0538429656593 1 1 
169 40 2.0 4 0 0 0 4 8 1 0.128140142371 0 2 
169 40 2.0 7 9 0 0 45 35 2 0.0748672903766 3 3 
169 40 2.0 6 2 0 0 14 11 2 0.0533155251576 1 2 
169 40 2.0 9 6 0 0 37 28 2 0.00668447466035 2 3 
169 40 2.0 8 6 0 0 37 30 2 0.00133636823123 2 3 
169 40 2.0 11 2 0 0 22 17 2 7.001620974e-08 1 2 
169 40 2.0 10 3 0 0 27 25 2 6.45902154422e-09 1 3 
169 40 2.0 13 2 0 0 27 8 2 0.0856675125637 2 1 
169 40 2.0 12 1 0 0 19 5 2 1.23125127698e-08 1 1 
169 40 2.0 15 0 0 0 26 4 2 0.0857048021098 2 0 
