173 1 0.0 12 7 3 0 12 10 3 1.80047162944e-31 4 0 
173 1 0.0 6 7 2 0 9 11 2 4.89352800644e-25 1 3 
173 1 0.0 1 5 0 0 4 10 1 0.180831041908 0 2 
173 1 0.0 9 10 2 0 16 26 2 0.27246620066 4 2 
173 1 0.0 3 3 0 0 4 4 1 0.191126491083 0 2 
173 1 0.0 8 6 2 0 10 14 3 6.90439315477e-79 2 2 
173 1 0.0 2 2 0 0 1 8 1 0.667476390801 0 1 
173 1 0.0 4 3 2 0 9 15 2 0.0850019710596 1 3 
173 1 0.0 5 0 0 0 4 1 2 0.149559187566 1 0 
173 1 0.0 11 3 1 0 8 2 3 1.6815456412e-53 2 0 
173 1 0.0 7 5 2 0 6 9 3 1.07144274314e-106 1 2 
173 1 0.0 10 9 4 0 10 13 3 5.81732505628e-22 3 2 
173 1 2.0 12 7 3 0 12 10 3 0.232642869432 4 0 
173 1 2.0 6 7 2 0 9 11 2 1.51286500319e-26 1 3 
173 1 2.0 1 5 0 0 4 10 1 0.177862401852 0 2 
173 1 2.0 9 10 2 0 16 26 2 0.32596126544 4 2 
173 1 2.0 3 3 0 0 4 4 1 0.12687467234 0 2 
173 1 2.0 8 6 2 0 10 14 3 2.02409286124e-85 2 2 
173 1 2.0 2 2 0 0 1 8 1 0.676244885785 0 1 
173 1 2.0 4 3 2 0 9 15 2 0.104492113781 1 3 
173 1 2.0 5 0 0 0 4 1 2 0.179463848842 1 0 
173 1 2.0 11 3 1 0 8 2 3 6.05435940199e-21 2 0 
173 1 2.0 7 5 2 0 6 9 3 3.97596318497e-96 1 2 
173 1 2.0 10 9 4 0 10 13 3 9.43288881925e-07 3 2 
173 2 0.0 12 7 3 0 12 10 3 1.74567056501e-31 4 0 
173 2 0.0 6 7 2 0 9 11 2 2.53647123577e-23 1 3 
173 2 0.0 1 5 0 0 4 10 1 0.180832493244 0 2 
173 2 0.0 9 10 2 0 16 26 2 0.272467400038 4 2 
173 2 0.0 3 3 0 0 4 4 1 0.191864805318 0 2 
173 2 0.0 8 6 2 0 10 14 3 2.73414881459e-79 2 2 
173 2 0.0 2 2 0 0 1 8 1 0.667476071519 0 1 
173 2 0.0 4 3 2 0 9 15 2 0.0850031796026 1 3 
173 2 0.0 5 0 0 0 4 1 2 0.149431755117 1 0 
173 2 0.0 11 3 1 0 8 2 3 1.48714201293e-53 2 0 
173 2 0.0 7 5 2 0 6 9 3 2.44406953967e-107 1 2 
173 2 0.0 10 9 4 0 10 13 3 8.70029362383e-22 3 2 
173 2 2.0 12 7 3 0 12 10 3 0.232642972115 4 0 
173 2 2.0 6 7 2 0 9 11 2 8.21192608381e-27 1 3 
173 2 2.0 1 5 0 0 4 10 1 0.177862323592 0 2 
173 2 2.0 9 10 2 0 16 26 2 0.325961186563 4 2 
173 2 2.0 3 3 0 0 4 4 1 0.125903356697 0 2 
173 2 2.0 8 6 2 0 10 14 3 1.29257412731e-85 2 2 
173 2 2.0 2 2 0 0 1 8 1 0.676244925402 0 1 
173 2 2.0 4 3 2 0 9 15 2 0.104492228022 1 3 
173 2 2.0 5 0 0 0 4 1 2 0.179759201374 1 0 
173 2 2.0 11 3 1 0 8 2 3 1.7753767423e-21 2 0 
173 2 2.0 7 5 2 0 6 9 3 3.46695165715e-96 1 2 
173 2 2.0 10 9 4 0 10 13 3 1.07792218202e-06 3 2 
173 3 0.0 12 7 3 0 12 10 3 1.32223183339e-31 4 0 
173 3 0.0 6 7 2 0 9 11 2 6.68688866842e-24 1 3 
173 3 0.0 1 5 0 0 4 10 1 0.180835972535 0 2 
173 3 0.0 9 10 2 0 16 26 2 0.272467924864 4 2 
173 3 0.0 3 3 0 0 4 4 1 0.191869047853 0 2 
173 3 0.0 8 6 2 0 10 14 3 9.24808210187e-79 2 2 
173 3 0.0 2 2 0 0 1 8 1 0.667476874742 0 1 
173 3 0.0 4 3 2 0 9 15 2 0.0850031275589 1 3 
173 3 0.0 5 0 0 0 4 1 2 0.149630092707 1 0 
173 3 0.0 11 3 1 0 8 2 3 6.96432431477e-54 2 0 
173 3 0.0 7 5 2 0 6 9 3 1.69224833433e-107 1 2 
173 3 0.0 10 9 4 0 10 13 3 6.1118125519e-21 3 2 
173 3 2.0 12 7 3 0 12 10 3 0.232642779809 4 0 
173 3 2.0 6 7 2 0 9 11 2 5.35722463349e-27 1 3 
173 3 2.0 1 5 0 0 4 10 1 0.177862335504 0 2 
173 3 2.0 9 10 2 0 16 26 2 0.325961757339 4 2 
173 3 2.0 3 3 0 0 4 4 1 0.12676208617 0 2 
173 3 2.0 8 6 2 0 10 14 3 1.06248141321e-85 2 2 
173 3 2.0 2 2 0 0 1 8 1 0.676244485188 0 1 
173 3 2.0 4 3 2 0 9 15 2 0.104492010013 1 3 
173 3 2.0 5 0 0 0 4 1 2 0.180858466622 1 0 
173 3 2.0 11 3 1 0 8 2 3 6.88926656002e-21 2 0 
173 3 2.0 7 5 2 0 6 9 3 4.67920144241e-96 1 2 
173 3 2.0 10 9 4 0 10 13 3 4.78703937268e-07 3 2 
173 4 0.0 12 7 3 0 12 10 3 2.57551371529e-31 4 0 
173 4 0.0 6 7 2 0 9 11 2 1.97443558782e-23 1 3 
173 4 0.0 1 5 0 0 4 10 1 0.180831352343 0 2 
173 4 0.0 9 10 2 0 16 26 2 0.272466671345 4 2 
173 4 0.0 3 3 0 0 4 4 1 0.191792176441 0 2 
173 4 0.0 8 6 2 0 10 14 3 4.56201048522e-79 2 2 
173 4 0.0 2 2 0 0 1 8 1 0.667476179593 0 1 
173 4 0.0 4 3 2 0 9 15 2 0.085002498263 1 3 
173 4 0.0 5 0 0 0 4 1 2 0.149371492636 1 0 
173 4 0.0 11 3 1 0 8 2 3 1.38227891682e-53 2 0 
173 4 0.0 7 5 2 0 6 9 3 1.3068960131e-107 1 2 
173 4 0.0 10 9 4 0 10 13 3 1.1295783125e-21 3 2 
173 4 2.0 12 7 3 0 12 10 3 0.232642797172 4 0 
173 4 2.0 6 7 2 0 9 11 2 4.15350421896e-27 1 3 
173 4 2.0 1 5 0 0 4 10 1 0.177862121569 0 2 
173 4 2.0 9 10 2 0 16 26 2 0.325962263009 4 2 
173 4 2.0 3 3 0 0 4 4 1 0.126021386657 0 2 
173 4 2.0 8 6 2 0 10 14 3 2.86973153891e-86 2 2 
173 4 2.0 2 2 0 0 1 8 1 0.676244011605 0 1 
173 4 2.0 4 3 2 0 9 15 2 0.104491971579 1 3 
173 4 2.0 5 0 0 0 4 1 2 0.180130301666 1 0 
173 4 2.0 11 3 1 0 8 2 3 1.17339164878e-20 2 0 
173 4 2.0 7 5 2 0 6 9 3 1.02220382382e-95 1 2 
173 4 2.0 10 9 4 0 10 13 3 2.48893500969e-08 3 2 
173 5 0.0 12 7 3 0 12 10 3 2.71173970741e-31 4 0 
173 5 0.0 6 7 2 0 9 11 2 1.73788746156e-24 1 3 
173 5 0.0 1 5 0 0 4 10 1 0.180831861444 0 2 
173 5 0.0 9 10 2 0 16 26 2 0.272466255321 4 2 
173 5 0.0 3 3 0 0 4 4 1 0.191121278245 0 2 
173 5 0.0 8 6 2 0 10 14 3 1.06014705683e-78 2 2 
173 5 0.0 2 2 0 0 1 8 1 0.667476626024 0 1 
173 5 0.0 4 3 2 0 9 15 2 0.0850018722779 1 3 
173 5 0.0 5 0 0 0 4 1 2 0.149621505924 1 0 
173 5 0.0 11 3 1 0 8 2 3 1.29935669603e-53 2 0 
173 5 0.0 7 5 2 0 6 9 3 2.5901538591e-108 1 2 
173 5 0.0 10 9 4 0 10 13 3 1.92321370953e-20 3 2 
173 5 2.0 12 7 3 0 12 10 3 0.232642854894 4 0 
173 5 2.0 6 7 2 0 9 11 2 2.0614475518e-27 1 3 
173 5 2.0 1 5 0 0 4 10 1 0.177862081665 0 2 
173 5 2.0 9 10 2 0 16 26 2 0.32596198727 4 2 
173 5 2.0 3 3 0 0 4 4 1 0.126438701968 0 2 
173 5 2.0 8 6 2 0 10 14 3 4.45683112206e-86 2 2 
173 5 2.0 2 2 0 0 1 8 1 0.676244172858 0 1 
173 5 2.0 4 3 2 0 9 15 2 0.10449193463 1 3 
173 5 2.0 5 0 0 0 4 1 2 0.180720725514 1 0 
173 5 2.0 11 3 1 0 8 2 3 5.71385540103e-21 2 0 
173 5 2.0 7 5 2 0 6 9 3 2.76859148819e-95 1 2 
173 5 2.0 10 9 4 0 10 13 3 1.90924005542e-07 3 2 
173 6 0.0 12 7 3 0 12 10 3 3.53324648304e-31 4 0 
173 6 0.0 6 7 2 0 9 11 2 1.21272687163e-24 1 3 
173 6 0.0 1 5 0 0 4 10 1 0.18083316232 0 2 
173 6 0.0 9 10 2 0 16 26 2 0.272467381613 4 2 
173 6 0.0 3 3 0 0 4 4 1 0.191135156779 0 2 
173 6 0.0 8 6 2 0 10 14 3 7.33880222561e-79 2 2 
173 6 0.0 2 2 0 0 1 8 1 0.667476305636 0 1 
173 6 0.0 4 3 2 0 9 15 2 0.0850030198392 1 3 
173 6 0.0 5 0 0 0 4 1 2 0.149527549315 1 0 
173 6 0.0 11 3 1 0 8 2 3 1.34307759971e-53 2 0 
173 6 0.0 7 5 2 0 6 9 3 9.21777570776e-108 1 2 
173 6 0.0 10 9 4 0 10 13 3 3.40766858388e-21 3 2 
173 6 2.0 12 7 3 0 12 10 3 0.232642785183 4 0 
173 6 2.0 6 7 2 0 9 11 2 5.15951324647e-28 1 3 
173 6 2.0 1 5 0 0 4 10 1 0.17786222602 0 2 
173 6 2.0 9 10 2 0 16 26 2 0.325962243996 4 2 
173 6 2.0 3 3 0 0 4 4 1 0.127632671944 0 2 
173 6 2.0 8 6 2 0 10 14 3 5.60551902175e-86 2 2 
173 6 2.0 2 2 0 0 1 8 1 0.67624410737 0 1 
173 6 2.0 4 3 2 0 9 15 2 0.104492086819 1 3 
173 6 2.0 5 0 0 0 4 1 2 0.180084435016 1 0 
173 6 2.0 11 3 1 0 8 2 3 1.07324749102e-20 2 0 
173 6 2.0 7 5 2 0 6 9 3 8.65783386464e-96 1 2 
173 6 2.0 10 9 4 0 10 13 3 1.55793783568e-07 3 2 
173 7 0.0 12 7 3 0 12 10 3 1.35525305813e-31 4 0 
173 7 0.0 6 7 2 0 9 11 2 1.30037946145e-23 1 3 
173 7 0.0 1 5 0 0 4 10 1 0.180834346782 0 2 
173 7 0.0 9 10 2 0 16 26 2 0.272467956944 4 2 
173 7 0.0 3 3 0 0 4 4 1 0.191756376223 0 2 
173 7 0.0 8 6 2 0 10 14 3 6.74601523282e-79 2 2 
173 7 0.0 2 2 0 0 1 8 1 0.667476314352 0 1 
173 7 0.0 4 3 2 0 9 15 2 0.085003499843 1 3 
173 7 0.0 5 0 0 0 4 1 2 0.149352973187 1 0 
173 7 0.0 11 3 1 0 8 2 3 1.10980625543e-53 2 0 
173 7 0.0 7 5 2 0 6 9 3 3.24230878084e-107 1 2 
173 7 0.0 10 9 4 0 10 13 3 6.78931531434e-22 3 2 
173 7 2.0 12 7 3 0 12 10 3 0.232642777645 4 0 
173 7 2.0 6 7 2 0 9 11 2 1.46212789108e-26 1 3 
173 7 2.0 1 5 0 0 4 10 1 0.177862138897 0 2 
173 7 2.0 9 10 2 0 16 26 2 0.325962147776 4 2 
173 7 2.0 3 3 0 0 4 4 1 0.126458502552 0 2 
173 7 2.0 8 6 2 0 10 14 3 4.01181500664e-85 2 2 
173 7 2.0 2 2 0 0 1 8 1 0.67624408242 0 1 
173 7 2.0 4 3 2 0 9 15 2 0.104491893132 1 3 
173 7 2.0 5 0 0 0 4 1 2 0.179249118227 1 0 
173 7 2.0 11 3 1 0 8 2 3 8.97808719173e-21 2 0 
173 7 2.0 7 5 2 0 6 9 3 9.70950853866e-96 1 2 
173 7 2.0 10 9 4 0 10 13 3 5.03453417247e-08 3 2 
173 8 0.0 12 7 3 0 12 10 3 1.10499130757e-31 4 0 
173 8 0.0 6 7 2 0 9 11 2 2.52773143716e-22 1 3 
173 8 0.0 1 5 0 0 4 10 1 0.180832964365 0 2 
173 8 0.0 9 10 2 0 16 26 2 0.272467649917 4 2 
173 8 0.0 3 3 0 0 4 4 1 0.191816298523 0 2 
173 8 0.0 8 6 2 0 10 14 3 6.39543339553e-79 2 2 
173 8 0.0 2 2 0 0 1 8 1 0.667476060945 0 1 
173 8 0.0 4 3 2 0 9 15 2 0.0850033969266 1 3 
173 8 0.0 5 0 0 0 4 1 2 0.149663733225 1 0 
173 8 0.0 11 3 1 0 8 2 3 1.1088993317e-53 2 0 
173 8 0.0 7 5 2 0 6 9 3 1.47434912703e-106 1 2 
173 8 0.0 10 9 4 0 10 13 3 1.67393666212e-21 3 2 
173 8 2.0 12 7 3 0 12 10 3 0.232642799556 4 0 
173 8 2.0 6 7 2 0 9 11 2 5.54764841533e-28 1 3 
173 8 2.0 1 5 0 0 4 10 1 0.177862270586 0 2 
173 8 2.0 9 10 2 0 16 26 2 0.32596193035 4 2 
173 8 2.0 3 3 0 0 4 4 1 0.127300807767 0 2 
173 8 2.0 8 6 2 0 10 14 3 1.07232050889e-85 2 2 
173 8 2.0 2 2 0 0 1 8 1 0.676244338823 0 1 
173 8 2.0 4 3 2 0 9 15 2 0.104492045082 1 3 
173 8 2.0 5 0 0 0 4 1 2 0.1806782996 1 0 
173 8 2.0 11 3 1 0 8 2 3 1.00810705819e-20 2 0 
173 8 2.0 7 5 2 0 6 9 3 4.35203983237e-96 1 2 
173 8 2.0 10 9 4 0 10 13 3 3.64553793861e-07 3 2 
173 9 0.0 12 7 3 0 12 10 3 2.54866667569e-31 4 0 
173 9 0.0 6 7 2 0 9 11 2 1.1439076946e-23 1 3 
173 9 0.0 1 5 0 0 4 10 1 0.180833413033 0 2 
173 9 0.0 9 10 2 0 16 26 2 0.272467712159 4 2 
173 9 0.0 3 3 0 0 4 4 1 0.191302184521 0 2 
173 9 0.0 8 6 2 0 10 14 3 8.76674735552e-79 2 2 
173 9 0.0 2 2 0 0 1 8 1 0.667476168154 0 1 
173 9 0.0 4 3 2 0 9 15 2 0.0850033833939 1 3 
173 9 0.0 5 0 0 0 4 1 2 0.149341020144 1 0 
173 9 0.0 11 3 1 0 8 2 3 8.95921272181e-54 2 0 
173 9 0.0 7 5 2 0 6 9 3 8.88646453873e-108 1 2 
173 9 0.0 10 9 4 0 10 13 3 8.92775658687e-22 3 2 
173 9 2.0 12 7 3 0 12 10 3 0.232642920725 4 0 
173 9 2.0 6 7 2 0 9 11 2 6.6176777129e-28 1 3 
173 9 2.0 1 5 0 0 4 10 1 0.177862071669 0 2 
173 9 2.0 9 10 2 0 16 26 2 0.325961789875 4 2 
173 9 2.0 3 3 0 0 4 4 1 0.126659939987 0 2 
173 9 2.0 8 6 2 0 10 14 3 1.79703147844e-85 2 2 
173 9 2.0 2 2 0 0 1 8 1 0.676244319517 0 1 
173 9 2.0 4 3 2 0 9 15 2 0.104491999531 1 3 
173 9 2.0 5 0 0 0 4 1 2 0.180778571965 1 0 
173 9 2.0 11 3 1 0 8 2 3 4.9722592188e-21 2 0 
173 9 2.0 7 5 2 0 6 9 3 3.0576588003e-96 1 2 
173 9 2.0 10 9 4 0 10 13 3 3.88316633733e-07 3 2 
173 10 0.0 12 7 3 0 12 10 3 1.3575071812e-31 4 0 
173 10 0.0 6 7 2 0 9 11 2 2.48192574293e-23 1 3 
173 10 0.0 1 5 0 0 4 10 1 0.180834709471 0 2 
173 10 0.0 9 10 2 0 16 26 2 0.272468047461 4 2 
173 10 0.0 3 3 0 0 4 4 1 0.191821120398 0 2 
173 10 0.0 8 6 2 0 10 14 3 1.30880331013e-79 2 2 
173 10 0.0 2 2 0 0 1 8 1 0.667476374184 0 1 
173 10 0.0 4 3 2 0 9 15 2 0.0850035393475 1 3 
173 10 0.0 5 0 0 0 4 1 2 0.149467562191 1 0 
173 10 0.0 11 3 1 0 8 2 3 9.07455603447e-54 2 0 
173 10 0.0 7 5 2 0 6 9 3 1.12453977861e-106 1 2 
173 10 0.0 10 9 4 0 10 13 3 3.7997720882e-21 3 2 
173 10 2.0 12 7 3 0 12 10 3 0.232642870713 4 0 
173 10 2.0 6 7 2 0 9 11 2 3.74251168051e-28 1 3 
173 10 2.0 1 5 0 0 4 10 1 0.177862064158 0 2 
173 10 2.0 9 10 2 0 16 26 2 0.325962303109 4 2 
173 10 2.0 3 3 0 0 4 4 1 0.126227782219 0 2 
173 10 2.0 8 6 2 0 10 14 3 9.4459340607e-86 2 2 
173 10 2.0 2 2 0 0 1 8 1 0.676243982266 0 1 
173 10 2.0 4 3 2 0 9 15 2 0.10449209614 1 3 
173 10 2.0 5 0 0 0 4 1 2 0.18055206063 1 0 
173 10 2.0 11 3 1 0 8 2 3 1.22540046208e-20 2 0 
173 10 2.0 7 5 2 0 6 9 3 6.09301286491e-95 1 2 
173 10 2.0 10 9 4 0 10 13 3 8.40912045264e-08 3 2 
173 11 0.0 12 7 3 0 12 10 3 3.23427252237e-31 4 0 
173 11 0.0 6 7 2 0 9 11 2 3.23879316568e-24 1 3 
173 11 0.0 1 5 0 0 4 10 1 0.180832069262 0 2 
173 11 0.0 9 10 2 0 16 26 2 0.272467157108 4 2 
173 11 0.0 3 3 0 0 4 4 1 0.19149491675 0 2 
173 11 0.0 8 6 2 0 10 14 3 7.06325033368e-79 2 2 
173 11 0.0 2 2 0 0 1 8 1 0.667476093084 0 1 
173 11 0.0 4 3 2 0 9 15 2 0.0850029613698 1 3 
173 11 0.0 5 0 0 0 4 1 2 0.149296361323 1 0 
173 11 0.0 11 3 1 0 8 2 3 1.48020921726e-53 2 0 
173 11 0.0 7 5 2 0 6 9 3 2.01469032007e-107 1 2 
173 11 0.0 10 9 4 0 10 13 3 1.07759300712e-21 3 2 
173 11 2.0 12 7 3 0 12 10 3 0.232642889025 4 0 
173 11 2.0 6 7 2 0 9 11 2 1.24890494369e-28 1 3 
173 11 2.0 1 5 0 0 4 10 1 0.177864459984 0 2 
173 11 2.0 9 10 2 0 16 26 2 0.325956522396 4 2 
173 11 2.0 3 3 0 0 4 4 1 0.127636057592 0 2 
173 11 2.0 8 6 2 0 10 14 3 1.68681857683e-85 2 2 
173 11 2.0 2 2 0 0 1 8 1 0.676249484087 0 1 
173 11 2.0 4 3 2 0 9 15 2 0.104493025538 1 3 
173 11 2.0 5 0 0 0 4 1 2 0.180093416524 1 0 
173 11 2.0 11 3 1 0 8 2 3 4.9928560773e-21 2 0 
173 11 2.0 7 5 2 0 6 9 3 5.15292678355e-96 1 2 
173 11 2.0 10 9 4 0 10 13 3 5.66052553285e-06 3 2 
173 12 0.0 12 7 3 0 12 10 3 2.00931496731e-31 4 0 
173 12 0.0 6 7 2 0 9 11 2 5.5636624812e-24 1 3 
173 12 0.0 1 5 0 0 4 10 1 0.180833458095 0 2 
173 12 0.0 9 10 2 0 16 26 2 0.272467649619 4 2 
173 12 0.0 3 3 0 0 4 4 1 0.191915824112 0 2 
173 12 0.0 8 6 2 0 10 14 3 7.38238664229e-79 2 2 
173 12 0.0 2 2 0 0 1 8 1 0.667476224831 0 1 
173 12 0.0 4 3 2 0 9 15 2 0.0850032957182 1 3 
173 12 0.0 5 0 0 0 4 1 2 0.149563547012 1 0 
173 12 0.0 11 3 1 0 8 2 3 9.49317940774e-54 2 0 
173 12 0.0 7 5 2 0 6 9 3 2.79905773501e-107 1 2 
173 12 0.0 10 9 4 0 10 13 3 1.04815914504e-21 3 2 
173 12 2.0 12 7 3 0 12 10 3 0.232642822836 4 0 
173 12 2.0 6 7 2 0 9 11 2 2.06169861373e-28 1 3 
173 12 2.0 1 5 0 0 4 10 1 0.177862308697 0 2 
173 12 2.0 9 10 2 0 16 26 2 0.325961773366 4 2 
173 12 2.0 3 3 0 0 4 4 1 0.12694646347 0 2 
173 12 2.0 8 6 2 0 10 14 3 4.85665335636e-86 2 2 
173 12 2.0 2 2 0 0 1 8 1 0.676244478341 0 1 
173 12 2.0 4 3 2 0 9 15 2 0.104492089523 1 3 
173 12 2.0 5 0 0 0 4 1 2 0.180790394993 1 0 
173 12 2.0 11 3 1 0 8 2 3 1.07180976396e-20 2 0 
173 12 2.0 7 5 2 0 6 9 3 2.76215377374e-96 1 2 
173 12 2.0 10 9 4 0 10 13 3 5.25754542205e-07 3 2 
173 13 0.0 12 7 3 0 12 10 3 2.75306194125e-31 4 0 
173 13 0.0 6 7 2 0 9 11 2 1.89274848425e-23 1 3 
173 13 0.0 1 5 0 0 4 10 1 0.180835621423 0 2 
173 13 0.0 9 10 2 0 16 26 2 0.272468000663 4 2 
173 13 0.0 3 3 0 0 4 4 1 0.191673397572 0 2 
173 13 0.0 8 6 2 0 10 14 3 3.94529452983e-79 2 2 
173 13 0.0 2 2 0 0 1 8 1 0.667476707753 0 1 
173 13 0.0 4 3 2 0 9 15 2 0.0850032943769 1 3 
173 13 0.0 5 0 0 0 4 1 2 0.149813314016 1 0 
173 13 0.0 11 3 1 0 8 2 3 8.04077754753e-54 2 0 
173 13 0.0 7 5 2 0 6 9 3 2.18296630294e-107 1 2 
173 13 0.0 10 9 4 0 10 13 3 1.53792835484e-21 3 2 
173 13 2.0 12 7 3 0 12 10 3 0.232642820249 4 0 
173 13 2.0 6 7 2 0 9 11 2 1.71333398964e-27 1 3 
173 13 2.0 1 5 0 0 4 10 1 0.177862107811 0 2 
173 13 2.0 9 10 2 0 16 26 2 0.325962082071 4 2 
173 13 2.0 3 3 0 0 4 4 1 0.127694431361 0 2 
173 13 2.0 8 6 2 0 10 14 3 8.05243322067e-86 2 2 
173 13 2.0 2 2 0 0 1 8 1 0.676244119369 0 1 
173 13 2.0 4 3 2 0 9 15 2 0.104491927305 1 3 
173 13 2.0 5 0 0 0 4 1 2 0.179828003407 1 0 
173 13 2.0 11 3 1 0 8 2 3 8.75457657761e-21 2 0 
173 13 2.0 7 5 2 0 6 9 3 3.50889306424e-96 1 2 
173 13 2.0 10 9 4 0 10 13 3 1.2022847083e-07 3 2 
173 14 0.0 12 7 3 0 12 10 3 2.53244576246e-31 4 0 
173 14 0.0 6 7 2 0 9 11 2 1.01491970202e-23 1 3 
173 14 0.0 1 5 0 0 4 10 1 0.180835524803 0 2 
173 14 0.0 9 10 2 0 16 26 2 0.272467830014 4 2 
173 14 0.0 3 3 0 0 4 4 1 0.191918352629 0 2 
173 14 0.0 8 6 2 0 10 14 3 9.83264199336e-79 2 2 
173 14 0.0 2 2 0 0 1 8 1 0.667476789609 0 1 
173 14 0.0 4 3 2 0 9 15 2 0.0850030999867 1 3 
173 14 0.0 5 0 0 0 4 1 2 0.149610507452 1 0 
173 14 0.0 11 3 1 0 8 2 3 5.27506392439e-54 2 0 
173 14 0.0 7 5 2 0 6 9 3 9.11550587801e-108 1 2 
173 14 0.0 10 9 4 0 10 13 3 1.55741193927e-21 3 2 
173 14 2.0 12 7 3 0 12 10 3 0.232642815434 4 0 
173 14 2.0 6 7 2 0 9 11 2 1.18434896647e-27 1 3 
173 14 2.0 1 5 0 0 4 10 1 0.17786250514 0 2 
173 14 2.0 9 10 2 0 16 26 2 0.325961283553 4 2 
173 14 2.0 3 3 0 0 4 4 1 0.126125273276 0 2 
173 14 2.0 8 6 2 0 10 14 3 8.24669283165e-86 2 2 
173 14 2.0 2 2 0 0 1 8 1 0.676244933303 0 1 
173 14 2.0 4 3 2 0 9 15 2 0.104492135221 1 3 
173 14 2.0 5 0 0 0 4 1 2 0.180369591945 1 0 
173 14 2.0 11 3 1 0 8 2 3 8.34520691874e-21 2 0 
173 14 2.0 7 5 2 0 6 9 3 1.88478933004e-95 1 2 
173 14 2.0 10 9 4 0 10 13 3 9.69885255096e-07 3 2 
173 15 0.0 12 7 3 0 12 10 3 3.46859611394e-31 4 0 
173 15 0.0 6 7 2 0 9 11 2 3.36993146218e-24 1 3 
173 15 0.0 1 5 0 0 4 10 1 0.180833032603 0 2 
173 15 0.0 9 10 2 0 16 26 2 0.272467473967 4 2 
173 15 0.0 3 3 0 0 4 4 1 0.191153281059 0 2 
173 15 0.0 8 6 2 0 10 14 3 1.66200545331e-79 2 2 
173 15 0.0 2 2 0 0 1 8 1 0.667476200995 0 1 
173 15 0.0 4 3 2 0 9 15 2 0.0850031622142 1 3 
173 15 0.0 5 0 0 0 4 1 2 0.149737756641 1 0 
173 15 0.0 11 3 1 0 8 2 3 1.28884592209e-53 2 0 
173 15 0.0 7 5 2 0 6 9 3 1.91926400832e-107 1 2 
173 15 0.0 10 9 4 0 10 13 3 8.13995900369e-22 3 2 
173 15 2.0 12 7 3 0 12 10 3 0.232642765568 4 0 
173 15 2.0 6 7 2 0 9 11 2 1.88764562716e-27 1 3 
173 15 2.0 1 5 0 0 4 10 1 0.177862198846 0 2 
173 15 2.0 9 10 2 0 16 26 2 0.325962237092 4 2 
173 15 2.0 3 3 0 0 4 4 1 0.12617082347 0 2 
173 15 2.0 8 6 2 0 10 14 3 1.62831826348e-84 2 2 
173 15 2.0 2 2 0 0 1 8 1 0.676244075588 0 1 
173 15 2.0 4 3 2 0 9 15 2 0.10449199221 1 3 
173 15 2.0 5 0 0 0 4 1 2 0.179177845582 1 0 
173 15 2.0 11 3 1 0 8 2 3 1.22272102883e-20 2 0 
173 15 2.0 7 5 2 0 6 9 3 2.70117996385e-96 1 2 
173 15 2.0 10 9 4 0 10 13 3 7.78560258797e-08 3 2 
173 16 0.0 12 7 3 0 12 10 3 1.57482882221e-31 4 0 
173 16 0.0 6 7 2 0 9 11 2 3.58988947647e-24 1 3 
173 16 0.0 1 5 0 0 4 10 1 0.180831879209 0 2 
173 16 0.0 9 10 2 0 16 26 2 0.272466882559 4 2 
173 16 0.0 3 3 0 0 4 4 1 0.191148760078 0 2 
173 16 0.0 8 6 2 0 10 14 3 1.1064408209e-78 2 2 
173 16 0.0 2 2 0 0 1 8 1 0.667476213305 0 1 
173 16 0.0 4 3 2 0 9 15 2 0.0850026556883 1 3 
173 16 0.0 5 0 0 0 4 1 2 0.149730516492 1 0 
173 16 0.0 11 3 1 0 8 2 3 1.58793536304e-53 2 0 
173 16 0.0 7 5 2 0 6 9 3 9.76662776743e-108 1 2 
173 16 0.0 10 9 4 0 10 13 3 1.76365380475e-20 3 2 
173 16 2.0 12 7 3 0 12 10 3 0.232642863293 4 0 
173 16 2.0 6 7 2 0 9 11 2 2.25979603429e-27 1 3 
173 16 2.0 1 5 0 0 4 10 1 0.177862538761 0 2 
173 16 2.0 9 10 2 0 16 26 2 0.325960931665 4 2 
173 16 2.0 3 3 0 0 4 4 1 0.126080261886 0 2 
173 16 2.0 8 6 2 0 10 14 3 2.42420046969e-85 2 2 
173 16 2.0 2 2 0 0 1 8 1 0.676245197828 0 1 
173 16 2.0 4 3 2 0 9 15 2 0.1044921466 1 3 
173 16 2.0 5 0 0 0 4 1 2 0.180026581968 1 0 
173 16 2.0 11 3 1 0 8 2 3 7.76209835227e-21 2 0 
173 16 2.0 7 5 2 0 6 9 3 8.8093802998e-97 1 2 
173 16 2.0 10 9 4 0 10 13 3 1.24796807787e-06 3 2 
173 17 0.0 12 7 3 0 12 10 3 1.95085030241e-31 4 0 
173 17 0.0 6 7 2 0 9 11 2 6.13361619393e-23 1 3 
173 17 0.0 1 5 0 0 4 10 1 0.18083110461 0 2 
173 17 0.0 9 10 2 0 16 26 2 0.272466457541 4 2 
173 17 0.0 3 3 0 0 4 4 1 0.191660367931 0 2 
173 17 0.0 8 6 2 0 10 14 3 2.0212308032e-78 2 2 
173 17 0.0 2 2 0 0 1 8 1 0.66747624015 0 1 
173 17 0.0 4 3 2 0 9 15 2 0.0850022805809 1 3 
173 17 0.0 5 0 0 0 4 1 2 0.149713101912 1 0 
173 17 0.0 11 3 1 0 8 2 3 1.35550875727e-53 2 0 
173 17 0.0 7 5 2 0 6 9 3 2.12328970066e-107 1 2 
173 17 0.0 10 9 4 0 10 13 3 4.05847468107e-21 3 2 
173 17 2.0 12 7 3 0 12 10 3 0.232642807625 4 0 
173 17 2.0 6 7 2 0 9 11 2 7.99974612499e-28 1 3 
173 17 2.0 1 5 0 0 4 10 1 0.177862082999 0 2 
173 17 2.0 9 10 2 0 16 26 2 0.325962185739 4 2 
173 17 2.0 3 3 0 0 4 4 1 0.127656837667 0 2 
173 17 2.0 8 6 2 0 10 14 3 1.09902106473e-85 2 2 
173 17 2.0 2 2 0 0 1 8 1 0.676244029217 0 1 
173 17 2.0 4 3 2 0 9 15 2 0.104491905636 1 3 
173 17 2.0 5 0 0 0 4 1 2 0.180016732752 1 0 
173 17 2.0 11 3 1 0 8 2 3 8.67330171371e-21 2 0 
173 17 2.0 7 5 2 0 6 9 3 1.89755002594e-95 1 2 
173 17 2.0 10 9 4 0 10 13 3 2.0113139841e-08 3 2 
173 18 0.0 12 7 3 0 12 10 3 1.8915148088e-31 4 0 
173 18 0.0 6 7 2 0 9 11 2 9.82984747739e-25 1 3 
173 18 0.0 1 5 0 0 4 10 1 0.18083571753 0 2 
173 18 0.0 9 10 2 0 16 26 2 0.272465547312 4 2 
173 18 0.0 3 3 0 0 4 4 1 0.191687222376 0 2 
173 18 0.0 8 6 2 0 10 14 3 1.30425277711e-78 2 2 
173 18 0.0 2 2 0 0 1 8 1 0.667478376935 0 1 
173 18 0.0 4 3 2 0 9 15 2 0.0850001963636 1 3 
173 18 0.0 5 0 0 0 4 1 2 0.149329991075 1 0 
173 18 0.0 11 3 1 0 8 2 3 1.48630215491e-54 2 0 
173 18 0.0 7 5 2 0 6 9 3 1.58339568353e-108 1 2 
173 18 0.0 10 9 4 0 10 13 3 8.34073476592e-21 3 2 
173 18 2.0 12 7 3 0 12 10 3 0.232642766862 4 0 
173 18 2.0 6 7 2 0 9 11 2 3.97687262106e-26 1 3 
173 18 2.0 1 5 0 0 4 10 1 0.177862184712 0 2 
173 18 2.0 9 10 2 0 16 26 2 0.325962344313 4 2 
173 18 2.0 3 3 0 0 4 4 1 0.126666808495 0 2 
173 18 2.0 8 6 2 0 10 14 3 1.313356748e-85 2 2 
173 18 2.0 2 2 0 0 1 8 1 0.676244001203 0 1 
173 18 2.0 4 3 2 0 9 15 2 0.104492024262 1 3 
173 18 2.0 5 0 0 0 4 1 2 0.179913705667 1 0 
173 18 2.0 11 3 1 0 8 2 3 1.1506078425e-20 2 0 
173 18 2.0 7 5 2 0 6 9 3 3.14252405693e-96 1 2 
173 18 2.0 10 9 4 0 10 13 3 2.12289876484e-08 3 2 
173 19 0.0 12 7 3 0 12 10 3 3.40718288705e-31 4 0 
173 19 0.0 6 7 2 0 9 11 2 2.72863944598e-24 1 3 
173 19 0.0 1 5 0 0 4 10 1 0.18083369887 0 2 
173 19 0.0 9 10 2 0 16 26 2 0.27246770362 4 2 
173 19 0.0 3 3 0 0 4 4 1 0.191606000005 0 2 
173 19 0.0 8 6 2 0 10 14 3 4.35964049449e-79 2 2 
173 19 0.0 2 2 0 0 1 8 1 0.667476268615 0 1 
173 19 0.0 4 3 2 0 9 15 2 0.0850033143043 1 3 
173 19 0.0 5 0 0 0 4 1 2 0.149305897831 1 0 
173 19 0.0 11 3 1 0 8 2 3 8.50089962613e-54 2 0 
173 19 0.0 7 5 2 0 6 9 3 2.31058906619e-107 1 2 
173 19 0.0 10 9 4 0 10 13 3 1.09885797595e-21 3 2 
173 19 2.0 12 7 3 0 12 10 3 0.232642810469 4 0 
173 19 2.0 6 7 2 0 9 11 2 2.8788942746e-27 1 3 
173 19 2.0 1 5 0 0 4 10 1 0.177862253276 0 2 
173 19 2.0 9 10 2 0 16 26 2 0.325961665871 4 2 
173 19 2.0 3 3 0 0 4 4 1 0.127098694922 0 2 
173 19 2.0 8 6 2 0 10 14 3 5.85232921029e-85 2 2 
173 19 2.0 2 2 0 0 1 8 1 0.676244484953 0 1 
173 19 2.0 4 3 2 0 9 15 2 0.104491925164 1 3 
173 19 2.0 5 0 0 0 4 1 2 0.180753588596 1 0 
173 19 2.0 11 3 1 0 8 2 3 6.66120000144e-21 2 0 
173 19 2.0 7 5 2 0 6 9 3 1.38439821653e-95 1 2 
173 19 2.0 10 9 4 0 10 13 3 4.59522168244e-07 3 2 
173 20 0.0 12 7 3 0 12 10 3 4.14356804237e-31 4 0 
173 20 0.0 6 7 2 0 9 11 2 1.05571696308e-24 1 3 
173 20 0.0 1 5 0 0 4 10 1 0.180834972685 0 2 
173 20 0.0 9 10 2 0 16 26 2 0.272467621611 4 2 
173 20 0.0 3 3 0 0 4 4 1 0.191382674245 0 2 
173 20 0.0 8 6 2 0 10 14 3 5.48876964716e-79 2 2 
173 20 0.0 2 2 0 0 1 8 1 0.667476745652 0 1 
173 20 0.0 4 3 2 0 9 15 2 0.0850029512506 1 3 
173 20 0.0 5 0 0 0 4 1 2 0.149314443722 1 0 
173 20 0.0 11 3 1 0 8 2 3 9.71140474875e-54 2 0 
173 20 0.0 7 5 2 0 6 9 3 1.32513559556e-107 1 2 
173 20 0.0 10 9 4 0 10 13 3 9.55821379779e-22 3 2 
173 20 2.0 12 7 3 0 12 10 3 0.232642779279 4 0 
173 20 2.0 6 7 2 0 9 11 2 7.45784964592e-28 1 3 
173 20 2.0 1 5 0 0 4 10 1 0.177862207968 0 2 
173 20 2.0 9 10 2 0 16 26 2 0.325962137312 4 2 
173 20 2.0 3 3 0 0 4 4 1 0.12717458524 0 2 
173 20 2.0 8 6 2 0 10 14 3 4.71903581648e-85 2 2 
173 20 2.0 2 2 0 0 1 8 1 0.676244150318 0 1 
173 20 2.0 4 3 2 0 9 15 2 0.104491995187 1 3 
173 20 2.0 5 0 0 0 4 1 2 0.180761663007 1 0 
173 20 2.0 11 3 1 0 8 2 3 1.09677411718e-20 2 0 
173 20 2.0 7 5 2 0 6 9 3 6.7626501894e-96 1 2 
173 20 2.0 10 9 4 0 10 13 3 1.56415372171e-07 3 2 
173 21 0.0 12 7 3 0 12 10 3 2.44753848976e-31 4 0 
173 21 0.0 6 7 2 0 9 11 2 3.99271822897e-24 1 3 
173 21 0.0 1 5 0 0 4 10 1 0.180831856327 0 2 
173 21 0.0 9 10 2 0 16 26 2 0.272467117024 4 2 
173 21 0.0 3 3 0 0 4 4 1 0.191164726113 0 2 
173 21 0.0 8 6 2 0 10 14 3 7.38069497699e-79 2 2 
173 21 0.0 2 2 0 0 1 8 1 0.66747604924 0 1 
173 21 0.0 4 3 2 0 9 15 2 0.0850029545612 1 3 
173 21 0.0 5 0 0 0 4 1 2 0.149752327856 1 0 
173 21 0.0 11 3 1 0 8 2 3 1.73128459943e-53 2 0 
173 21 0.0 7 5 2 0 6 9 3 1.75826137915e-107 1 2 
173 21 0.0 10 9 4 0 10 13 3 4.92627282374e-22 3 2 
173 21 2.0 12 7 3 0 12 10 3 0.232642803701 4 0 
173 21 2.0 6 7 2 0 9 11 2 3.37441713912e-28 1 3 
173 21 2.0 1 5 0 0 4 10 1 0.177862384554 0 2 
173 21 2.0 9 10 2 0 16 26 2 0.325961397273 4 2 
173 21 2.0 3 3 0 0 4 4 1 0.127652076147 0 2 
173 21 2.0 8 6 2 0 10 14 3 3.14290100535e-85 2 2 
173 21 2.0 2 2 0 0 1 8 1 0.676244753524 0 1 
173 21 2.0 4 3 2 0 9 15 2 0.104491978182 1 3 
173 21 2.0 5 0 0 0 4 1 2 0.179340225944 1 0 
173 21 2.0 11 3 1 0 8 2 3 5.06894878793e-21 2 0 
173 21 2.0 7 5 2 0 6 9 3 5.18622882411e-95 1 2 
173 21 2.0 10 9 4 0 10 13 3 7.31011182827e-07 3 2 
173 22 0.0 12 7 3 0 12 10 3 2.48718692794e-31 4 0 
173 22 0.0 6 7 2 0 9 11 2 2.89163739308e-23 1 3 
173 22 0.0 1 5 0 0 4 10 1 0.180832867659 0 2 
173 22 0.0 9 10 2 0 16 26 2 0.27246752913 4 2 
173 22 0.0 3 3 0 0 4 4 1 0.19185350993 0 2 
173 22 0.0 8 6 2 0 10 14 3 3.65447468414e-79 2 2 
173 22 0.0 2 2 0 0 1 8 1 0.667476109496 0 1 
173 22 0.0 4 3 2 0 9 15 2 0.0850032651164 1 3 
173 22 0.0 5 0 0 0 4 1 2 0.149641330601 1 0 
173 22 0.0 11 3 1 0 8 2 3 7.60921902809e-54 2 0 
173 22 0.0 7 5 2 0 6 9 3 2.46291393204e-107 1 2 
173 22 0.0 10 9 4 0 10 13 3 1.01115636757e-20 3 2 
173 22 2.0 12 7 3 0 12 10 3 0.232642757318 4 0 
173 22 2.0 6 7 2 0 9 11 2 2.07003570601e-27 1 3 
173 22 2.0 1 5 0 0 4 10 1 0.177862204228 0 2 
173 22 2.0 9 10 2 0 16 26 2 0.32596227833 4 2 
173 22 2.0 3 3 0 0 4 4 1 0.12658618319 0 2 
173 22 2.0 8 6 2 0 10 14 3 3.55837000833e-85 2 2 
173 22 2.0 2 2 0 0 1 8 1 0.676244051189 0 1 
173 22 2.0 4 3 2 0 9 15 2 0.104491997861 1 3 
173 22 2.0 5 0 0 0 4 1 2 0.180641047915 1 0 
173 22 2.0 11 3 1 0 8 2 3 1.04165239362e-20 2 0 
173 22 2.0 7 5 2 0 6 9 3 7.00061523069e-95 1 2 
173 22 2.0 10 9 4 0 10 13 3 5.29988333357e-08 3 2 
173 23 0.0 12 7 3 0 12 10 3 2.91092390761e-31 4 0 
173 23 0.0 6 7 2 0 9 11 2 2.74662462161e-24 1 3 
173 23 0.0 1 5 0 0 4 10 1 0.180836625272 0 2 
173 23 0.0 9 10 2 0 16 26 2 0.272467500738 4 2 
173 23 0.0 3 3 0 0 4 4 1 0.191913258968 0 2 
173 23 0.0 8 6 2 0 10 14 3 3.7005520981e-79 2 2 
173 23 0.0 2 2 0 0 1 8 1 0.667477374194 0 1 
173 23 0.0 4 3 2 0 9 15 2 0.0850024620693 1 3 
173 23 0.0 5 0 0 0 4 1 2 0.149476635452 1 0 
173 23 0.0 11 3 1 0 8 2 3 5.27441327045e-54 2 0 
173 23 0.0 7 5 2 0 6 9 3 4.82924607927e-108 1 2 
173 23 0.0 10 9 4 0 10 13 3 4.54674643383e-22 3 2 
173 23 2.0 12 7 3 0 12 10 3 0.232642873549 4 0 
173 23 2.0 6 7 2 0 9 11 2 4.42432713971e-27 1 3 
173 23 2.0 1 5 0 0 4 10 1 0.177863106667 0 2 
173 23 2.0 9 10 2 0 16 26 2 0.325959623479 4 2 
173 23 2.0 3 3 0 0 4 4 1 0.12660512073 0 2 
173 23 2.0 8 6 2 0 10 14 3 9.37802319153e-86 2 2 
173 23 2.0 2 2 0 0 1 8 1 0.676246469239 0 1 
173 23 2.0 4 3 2 0 9 15 2 0.104492411046 1 3 
173 23 2.0 5 0 0 0 4 1 2 0.180798677422 1 0 
173 23 2.0 11 3 1 0 8 2 3 5.37846800694e-21 2 0 
173 23 2.0 7 5 2 0 6 9 3 1.03924539269e-95 1 2 
173 23 2.0 10 9 4 0 10 13 3 2.55967664945e-06 3 2 
173 24 0.0 12 7 3 0 12 10 3 1.98536816226e-31 4 0 
173 24 0.0 6 7 2 0 9 11 2 2.18390046185e-24 1 3 
173 24 0.0 1 5 0 0 4 10 1 0.180833011431 0 2 
173 24 0.0 9 10 2 0 16 26 2 0.272466517463 4 2 
173 24 0.0 3 3 0 0 4 4 1 0.191757351171 0 2 
173 24 0.0 8 6 2 0 10 14 3 9.01451481402e-79 2 2 
173 24 0.0 2 2 0 0 1 8 1 0.667476832331 0 1 
173 24 0.0 4 3 2 0 9 15 2 0.0850019663478 1 3 
173 24 0.0 5 0 0 0 4 1 2 0.149337623189 1 0 
173 24 0.0 11 3 1 0 8 2 3 1.25030730551e-53 2 0 
173 24 0.0 7 5 2 0 6 9 3 1.26544946745e-107 1 2 
173 24 0.0 10 9 4 0 10 13 3 1.43353743943e-20 3 2 
173 24 2.0 12 7 3 0 12 10 3 0.232642829338 4 0 
173 24 2.0 6 7 2 0 9 11 2 2.53191481081e-27 1 3 
173 24 2.0 1 5 0 0 4 10 1 0.177862054145 0 2 
173 24 2.0 9 10 2 0 16 26 2 0.325962182261 4 2 
173 24 2.0 3 3 0 0 4 4 1 0.127401332215 0 2 
173 24 2.0 8 6 2 0 10 14 3 3.08659559642e-86 2 2 
173 24 2.0 2 2 0 0 1 8 1 0.676244019041 0 1 
173 24 2.0 4 3 2 0 9 15 2 0.10449191762 1 3 
173 24 2.0 5 0 0 0 4 1 2 0.18058998446 1 0 
173 24 2.0 11 3 1 0 8 2 3 8.29411734791e-21 2 0 
173 24 2.0 7 5 2 0 6 9 3 2.28373689875e-95 1 2 
173 24 2.0 10 9 4 0 10 13 3 2.61604337455e-08 3 2 
173 25 0.0 12 7 3 0 12 10 3 2.75292871177e-31 4 0 
173 25 0.0 6 7 2 0 9 11 2 4.04026760353e-23 1 3 
173 25 0.0 1 5 0 0 4 10 1 0.180834579905 0 2 
173 25 0.0 9 10 2 0 16 26 2 0.272467680055 4 2 
173 25 0.0 3 3 0 0 4 4 1 0.19190647371 0 2 
173 25 0.0 8 6 2 0 10 14 3 8.01595776148e-79 2 2 
173 25 0.0 2 2 0 0 1 8 1 0.66747657643 0 1 
173 25 0.0 4 3 2 0 9 15 2 0.0850031048013 1 3 
173 25 0.0 5 0 0 0 4 1 2 0.149530204378 1 0 
173 25 0.0 11 3 1 0 8 2 3 9.55605147126e-54 2 0 
173 25 0.0 7 5 2 0 6 9 3 9.07433173332e-108 1 2 
173 25 0.0 10 9 4 0 10 13 3 3.09365653838e-21 3 2 
173 25 2.0 12 7 3 0 12 10 3 0.232642819096 4 0 
173 25 2.0 6 7 2 0 9 11 2 8.79675634792e-28 1 3 
173 25 2.0 1 5 0 0 4 10 1 0.177862076355 0 2 
173 25 2.0 9 10 2 0 16 26 2 0.325962244114 4 2 
173 25 2.0 3 3 0 0 4 4 1 0.126035227856 0 2 
173 25 2.0 8 6 2 0 10 14 3 4.14503910097e-86 2 2 
173 25 2.0 2 2 0 0 1 8 1 0.67624399618 0 1 
173 25 2.0 4 3 2 0 9 15 2 0.104491952655 1 3 
173 25 2.0 5 0 0 0 4 1 2 0.180186961501 1 0 
173 25 2.0 11 3 1 0 8 2 3 1.14243828393e-20 2 0 
173 25 2.0 7 5 2 0 6 9 3 8.11533747772e-96 1 2 
173 25 2.0 10 9 4 0 10 13 3 1.36183440129e-08 3 2 
173 26 0.0 12 7 3 0 12 10 3 9.16380854917e-32 4 0 
173 26 0.0 6 7 2 0 9 11 2 1.56102997652e-22 1 3 
173 26 0.0 1 5 0 0 4 10 1 0.180836246481 0 2 
173 26 0.0 9 10 2 0 16 26 2 0.272468161629 4 2 
173 26 0.0 3 3 0 0 4 4 1 0.191631868973 0 2 
173 26 0.0 8 6 2 0 10 14 3 1.49180462257e-78 2 2 
173 26 0.0 2 2 0 0 1 8 1 0.667476807548 0 1 
173 26 0.0 4 3 2 0 9 15 2 0.0850033686939 1 3 
173 26 0.0 5 0 0 0 4 1 2 0.14980504922 1 0 
173 26 0.0 11 3 1 0 8 2 3 8.49389521972e-54 2 0 
173 26 0.0 7 5 2 0 6 9 3 5.44055028455e-107 1 2 
173 26 0.0 10 9 4 0 10 13 3 1.31650950158e-21 3 2 
173 26 2.0 12 7 3 0 12 10 3 0.232642807376 4 0 
173 26 2.0 6 7 2 0 9 11 2 9.32020970741e-28 1 3 
173 26 2.0 1 5 0 0 4 10 1 0.177862092865 0 2 
173 26 2.0 9 10 2 0 16 26 2 0.325962245472 4 2 
173 26 2.0 3 3 0 0 4 4 1 0.126894871254 0 2 
173 26 2.0 8 6 2 0 10 14 3 5.38661912821e-86 2 2 
173 26 2.0 2 2 0 0 1 8 1 0.6762440028 0 1 
173 26 2.0 4 3 2 0 9 15 2 0.104491947334 1 3 
173 26 2.0 5 0 0 0 4 1 2 0.180863403696 1 0 
173 26 2.0 11 3 1 0 8 2 3 9.999209879e-21 2 0 
173 26 2.0 7 5 2 0 6 9 3 6.60220328694e-96 1 2 
173 26 2.0 10 9 4 0 10 13 3 1.1880784886e-08 3 2 
173 27 0.0 12 7 3 0 12 10 3 1.6419532023e-31 4 0 
173 27 0.0 6 7 2 0 9 11 2 1.618426143e-24 1 3 
173 27 0.0 1 5 0 0 4 10 1 0.180835499324 0 2 
173 27 0.0 9 10 2 0 16 26 2 0.272467927187 4 2 
173 27 0.0 3 3 0 0 4 4 1 0.191152520925 0 2 
173 27 0.0 8 6 2 0 10 14 3 1.45781068327e-78 2 2 
173 27 0.0 2 2 0 0 1 8 1 0.66747671631 0 1 
173 27 0.0 4 3 2 0 9 15 2 0.0850032271188 1 3 
173 27 0.0 5 0 0 0 4 1 2 0.149497072929 1 0 
173 27 0.0 11 3 1 0 8 2 3 5.2251275455e-54 2 0 
173 27 0.0 7 5 2 0 6 9 3 1.79962881471e-107 1 2 
173 27 0.0 10 9 4 0 10 13 3 1.16978225442e-20 3 2 
173 27 2.0 12 7 3 0 12 10 3 0.232642815041 4 0 
173 27 2.0 6 7 2 0 9 11 2 1.07625599648e-26 1 3 
173 27 2.0 1 5 0 0 4 10 1 0.177862169901 0 2 
173 27 2.0 9 10 2 0 16 26 2 0.325961945995 4 2 
173 27 2.0 3 3 0 0 4 4 1 0.126664491909 0 2 
173 27 2.0 8 6 2 0 10 14 3 1.94628367432e-85 2 2 
173 27 2.0 2 2 0 0 1 8 1 0.676244250462 0 1 
173 27 2.0 4 3 2 0 9 15 2 0.104491942969 1 3 
173 27 2.0 5 0 0 0 4 1 2 0.179320633919 1 0 
173 27 2.0 11 3 1 0 8 2 3 5.75194269899e-21 2 0 
173 27 2.0 7 5 2 0 6 9 3 1.66157841481e-95 1 2 
173 27 2.0 10 9 4 0 10 13 3 2.47676358082e-07 3 2 
173 28 0.0 12 7 3 0 12 10 3 8.27089044666e-32 4 0 
173 28 0.0 6 7 2 0 9 11 2 2.27627979615e-23 1 3 
173 28 0.0 1 5 0 0 4 10 1 0.18083809723 0 2 
173 28 0.0 9 10 2 0 16 26 2 0.272467119492 4 2 
173 28 0.0 3 3 0 0 4 4 1 0.191846111582 0 2 
173 28 0.0 8 6 2 0 10 14 3 1.09569078048e-78 2 2 
173 28 0.0 2 2 0 0 1 8 1 0.667478116614 0 1 
173 28 0.0 4 3 2 0 9 15 2 0.085001683067 1 3 
173 28 0.0 5 0 0 0 4 1 2 0.14949030577 1 0 
173 28 0.0 11 3 1 0 8 2 3 5.51659889841e-54 2 0 
173 28 0.0 7 5 2 0 6 9 3 1.90159415035e-107 1 2 
173 28 0.0 10 9 4 0 10 13 3 8.94218260204e-22 3 2 
173 28 2.0 12 7 3 0 12 10 3 0.232642832467 4 0 
173 28 2.0 6 7 2 0 9 11 2 1.09769489182e-26 1 3 
173 28 2.0 1 5 0 0 4 10 1 0.177862069509 0 2 
173 28 2.0 9 10 2 0 16 26 2 0.325962142118 4 2 
173 28 2.0 3 3 0 0 4 4 1 0.126174946941 0 2 
173 28 2.0 8 6 2 0 10 14 3 5.20896091968e-86 2 2 
173 28 2.0 2 2 0 0 1 8 1 0.676244057947 0 1 
173 28 2.0 4 3 2 0 9 15 2 0.104491929989 1 3 
173 28 2.0 5 0 0 0 4 1 2 0.179097150488 1 0 
173 28 2.0 11 3 1 0 8 2 3 9.51705670099e-21 2 0 
173 28 2.0 7 5 2 0 6 9 3 2.51871533233e-96 1 2 
173 28 2.0 10 9 4 0 10 13 3 6.94285195657e-08 3 2 
173 29 0.0 12 7 3 0 12 10 3 1.88500391037e-31 4 0 
173 29 0.0 6 7 2 0 9 11 2 2.98604972072e-24 1 3 
173 29 0.0 1 5 0 0 4 10 1 0.180832439302 0 2 
173 29 0.0 9 10 2 0 16 26 2 0.272467039527 4 2 
173 29 0.0 3 3 0 0 4 4 1 0.19112280273 0 2 
173 29 0.0 8 6 2 0 10 14 3 5.75224119343e-79 2 2 
173 29 0.0 2 2 0 0 1 8 1 0.667476294236 0 1 
173 29 0.0 4 3 2 0 9 15 2 0.0850027382611 1 3 
173 29 0.0 5 0 0 0 4 1 2 0.149603282902 1 0 
173 29 0.0 11 3 1 0 8 2 3 1.36641286753e-53 2 0 
173 29 0.0 7 5 2 0 6 9 3 1.52669422079e-107 1 2 
173 29 0.0 10 9 4 0 10 13 3 1.77710804817e-20 3 2 
173 29 2.0 12 7 3 0 12 10 3 0.232642890043 4 0 
173 29 2.0 6 7 2 0 9 11 2 5.57628624429e-27 1 3 
173 29 2.0 1 5 0 0 4 10 1 0.177862024322 0 2 
173 29 2.0 9 10 2 0 16 26 2 0.325962008741 4 2 
173 29 2.0 3 3 0 0 4 4 1 0.126727320168 0 2 
173 29 2.0 8 6 2 0 10 14 3 1.23375972457e-85 2 2 
173 29 2.0 2 2 0 0 1 8 1 0.676244131171 0 1 
173 29 2.0 4 3 2 0 9 15 2 0.104491950788 1 3 
173 29 2.0 5 0 0 0 4 1 2 0.179417352903 1 0 
173 29 2.0 11 3 1 0 8 2 3 6.11213718877e-21 2 0 
173 29 2.0 7 5 2 0 6 9 3 4.49870165473e-96 1 2 
173 29 2.0 10 9 4 0 10 13 3 1.75609015759e-07 3 2 
173 30 0.0 12 7 3 0 12 10 3 1.33627571149e-31 4 0 
173 30 0.0 6 7 2 0 9 11 2 1.22780670413e-23 1 3 
173 30 0.0 1 5 0 0 4 10 1 0.180833105247 0 2 
173 30 0.0 9 10 2 0 16 26 2 0.272467686218 4 2 
173 30 0.0 3 3 0 0 4 4 1 0.191120607772 0 2 
173 30 0.0 8 6 2 0 10 14 3 1.17754995605e-78 2 2 
173 30 0.0 2 2 0 0 1 8 1 0.667476083426 0 1 
173 30 0.0 4 3 2 0 9 15 2 0.0850034137026 1 3 
173 30 0.0 5 0 0 0 4 1 2 0.149604844155 1 0 
173 30 0.0 11 3 1 0 8 2 3 1.48961476816e-53 2 0 
173 30 0.0 7 5 2 0 6 9 3 1.82600723418e-107 1 2 
173 30 0.0 10 9 4 0 10 13 3 2.58657425002e-21 3 2 
173 30 2.0 12 7 3 0 12 10 3 0.232642861764 4 0 
173 30 2.0 6 7 2 0 9 11 2 1.92712427155e-27 1 3 
173 30 2.0 1 5 0 0 4 10 1 0.177863000478 0 2 
173 30 2.0 9 10 2 0 16 26 2 0.325960219541 4 2 
173 30 2.0 3 3 0 0 4 4 1 0.126876841328 0 2 
173 30 2.0 8 6 2 0 10 14 3 1.65136888056e-85 2 2 
173 30 2.0 2 2 0 0 1 8 1 0.676246019887 0 1 
173 30 2.0 4 3 2 0 9 15 2 0.104492498816 1 3 
173 30 2.0 5 0 0 0 4 1 2 0.179326680289 1 0 
173 30 2.0 11 3 1 0 8 2 3 1.10033416203e-20 2 0 
173 30 2.0 7 5 2 0 6 9 3 2.10874772276e-95 1 2 
173 30 2.0 10 9 4 0 10 13 3 2.16513801709e-06 3 2 
173 31 0.0 12 7 3 0 12 10 3 1.51232174227e-31 4 0 
173 31 0.0 6 7 2 0 9 11 2 3.42731496027e-23 1 3 
173 31 0.0 1 5 0 0 4 10 1 0.18083512787 0 2 
173 31 0.0 9 10 2 0 16 26 2 0.272468026562 4 2 
173 31 0.0 3 3 0 0 4 4 1 0.191749346981 0 2 
173 31 0.0 8 6 2 0 10 14 3 1.54895317563e-78 2 2 
173 31 0.0 2 2 0 0 1 8 1 0.667476526842 0 1 
173 31 0.0 4 3 2 0 9 15 2 0.0850034276744 1 3 
173 31 0.0 5 0 0 0 4 1 2 0.149642716165 1 0 
173 31 0.0 11 3 1 0 8 2 3 1.0403287908e-53 2 0 
173 31 0.0 7 5 2 0 6 9 3 2.24769883577e-107 1 2 
173 31 0.0 10 9 4 0 10 13 3 1.90402905649e-22 3 2 
173 31 2.0 12 7 3 0 12 10 3 0.23264286358 4 0 
173 31 2.0 6 7 2 0 9 11 2 1.5058596843e-28 1 3 
173 31 2.0 1 5 0 0 4 10 1 0.177864435791 0 2 
173 31 2.0 9 10 2 0 16 26 2 0.325956715901 4 2 
173 31 2.0 3 3 0 0 4 4 1 0.127483671206 0 2 
173 31 2.0 8 6 2 0 10 14 3 2.44641974656e-85 2 2 
173 31 2.0 2 2 0 0 1 8 1 0.676249334125 0 1 
173 31 2.0 4 3 2 0 9 15 2 0.104493013067 1 3 
173 31 2.0 5 0 0 0 4 1 2 0.180456815994 1 0 
173 31 2.0 11 3 1 0 8 2 3 6.88028652207e-21 2 0 
173 31 2.0 7 5 2 0 6 9 3 4.06683371153e-96 1 2 
173 31 2.0 10 9 4 0 10 13 3 5.50129633376e-06 3 2 
173 32 0.0 12 7 3 0 12 10 3 1.74324708089e-31 4 0 
173 32 0.0 6 7 2 0 9 11 2 1.85538823455e-24 1 3 
173 32 0.0 1 5 0 0 4 10 1 0.180837312893 0 2 
173 32 0.0 9 10 2 0 16 26 2 0.272466620904 4 2 
173 32 0.0 3 3 0 0 4 4 1 0.191881267158 0 2 
173 32 0.0 8 6 2 0 10 14 3 7.32495414174e-79 2 2 
173 32 0.0 2 2 0 0 1 8 1 0.667478189339 0 1 
173 32 0.0 4 3 2 0 9 15 2 0.0850012176463 1 3 
173 32 0.0 5 0 0 0 4 1 2 0.149429590442 1 0 
173 32 0.0 11 3 1 0 8 2 3 2.11039829717e-54 2 0 
173 32 0.0 7 5 2 0 6 9 3 3.31420528306e-108 1 2 
173 32 0.0 10 9 4 0 10 13 3 1.5215062223e-22 3 2 
173 32 2.0 12 7 3 0 12 10 3 0.232642901044 4 0 
173 32 2.0 6 7 2 0 9 11 2 1.67287380405e-27 1 3 
173 32 2.0 1 5 0 0 4 10 1 0.177863289553 0 2 
173 32 2.0 9 10 2 0 16 26 2 0.325959126315 4 2 
173 32 2.0 3 3 0 0 4 4 1 0.126310490551 0 2 
173 32 2.0 8 6 2 0 10 14 3 4.73984691166e-85 2 2 
173 32 2.0 2 2 0 0 1 8 1 0.676246937768 0 1 
173 32 2.0 4 3 2 0 9 15 2 0.104492523977 1 3 
173 32 2.0 5 0 0 0 4 1 2 0.179275384798 1 0 
173 32 2.0 11 3 1 0 8 2 3 3.68278446871e-21 2 0 
173 32 2.0 7 5 2 0 6 9 3 1.7864644206e-96 1 2 
173 32 2.0 10 9 4 0 10 13 3 3.06111029561e-06 3 2 
173 33 0.0 12 7 3 0 12 10 3 3.0143464868e-31 4 0 
173 33 0.0 6 7 2 0 9 11 2 8.12814363716e-25 1 3 
173 33 0.0 1 5 0 0 4 10 1 0.180833716108 0 2 
173 33 0.0 9 10 2 0 16 26 2 0.272467586786 4 2 
173 33 0.0 3 3 0 0 4 4 1 0.191176369684 0 2 
173 33 0.0 8 6 2 0 10 14 3 7.31399123249e-79 2 2 
173 33 0.0 2 2 0 0 1 8 1 0.667476352304 0 1 
173 33 0.0 4 3 2 0 9 15 2 0.085003164184 1 3 
173 33 0.0 5 0 0 0 4 1 2 0.149463471214 1 0 
173 33 0.0 11 3 1 0 8 2 3 8.7860156594e-54 2 0 
173 33 0.0 7 5 2 0 6 9 3 7.36688188397e-108 1 2 
173 33 0.0 10 9 4 0 10 13 3 1.38276798835e-21 3 2 
173 33 2.0 12 7 3 0 12 10 3 0.232642847432 4 0 
173 33 2.0 6 7 2 0 9 11 2 4.49173368985e-28 1 3 
173 33 2.0 1 5 0 0 4 10 1 0.177862414121 0 2 
173 33 2.0 9 10 2 0 16 26 2 0.325961257466 4 2 
173 33 2.0 3 3 0 0 4 4 1 0.126080702373 0 2 
173 33 2.0 8 6 2 0 10 14 3 5.17452462338e-86 2 2 
173 33 2.0 2 2 0 0 1 8 1 0.676244887892 0 1 
173 33 2.0 4 3 2 0 9 15 2 0.10449207109 1 3 
173 33 2.0 5 0 0 0 4 1 2 0.179406028464 1 0 
173 33 2.0 11 3 1 0 8 2 3 4.97119906613e-21 2 0 
173 33 2.0 7 5 2 0 6 9 3 6.37274101858e-96 1 2 
173 33 2.0 10 9 4 0 10 13 3 9.17093139456e-07 3 2 
173 34 0.0 12 7 3 0 12 10 3 3.22909514187e-31 4 0 
173 34 0.0 6 7 2 0 9 11 2 5.23663025212e-24 1 3 
173 34 0.0 1 5 0 0 4 10 1 0.180831606614 0 2 
173 34 0.0 9 10 2 0 16 26 2 0.272466429252 4 2 
173 34 0.0 3 3 0 0 4 4 1 0.191940470561 0 2 
173 34 0.0 8 6 2 0 10 14 3 1.09695660481e-78 2 2 
173 34 0.0 2 2 0 0 1 8 1 0.667476425461 0 1 
173 34 0.0 4 3 2 0 9 15 2 0.0850021425638 1 3 
173 34 0.0 5 0 0 0 4 1 2 0.149634339293 1 0 
173 34 0.0 11 3 1 0 8 2 3 1.56685191613e-53 2 0 
173 34 0.0 7 5 2 0 6 9 3 3.81746130187e-108 1 2 
173 34 0.0 10 9 4 0 10 13 3 1.28646582901e-20 3 2 
173 34 2.0 12 7 3 0 12 10 3 0.232642783965 4 0 
173 34 2.0 6 7 2 0 9 11 2 4.17849207e-27 1 3 
173 34 2.0 1 5 0 0 4 10 1 0.177862643274 0 2 
173 34 2.0 9 10 2 0 16 26 2 0.325961195476 4 2 
173 34 2.0 3 3 0 0 4 4 1 0.126762965822 0 2 
173 34 2.0 8 6 2 0 10 14 3 1.1129051543e-85 2 2 
173 34 2.0 2 2 0 0 1 8 1 0.676245087294 0 1 
173 34 2.0 4 3 2 0 9 15 2 0.104492217844 1 3 
173 34 2.0 5 0 0 0 4 1 2 0.179573594216 1 0 
173 34 2.0 11 3 1 0 8 2 3 8.49594201684e-21 2 0 
173 34 2.0 7 5 2 0 6 9 3 5.36557494877e-95 1 2 
173 34 2.0 10 9 4 0 10 13 3 1.13287625149e-06 3 2 
173 35 0.0 12 7 3 0 12 10 3 1.92509958468e-31 4 0 
173 35 0.0 6 7 2 0 9 11 2 9.63851347727e-23 1 3 
173 35 0.0 1 5 0 0 4 10 1 0.18083300242 0 2 
173 35 0.0 9 10 2 0 16 26 2 0.272467511232 4 2 
173 35 0.0 3 3 0 0 4 4 1 0.191713089987 0 2 
173 35 0.0 8 6 2 0 10 14 3 1.84961958761e-78 2 2 
173 35 0.0 2 2 0 0 1 8 1 0.667476166118 0 1 
173 35 0.0 4 3 2 0 9 15 2 0.0850032151368 1 3 
173 35 0.0 5 0 0 0 4 1 2 0.149693226447 1 0 
173 35 0.0 11 3 1 0 8 2 3 5.8952442737e-54 2 0 
173 35 0.0 7 5 2 0 6 9 3 1.93699859603e-107 1 2 
173 35 0.0 10 9 4 0 10 13 3 3.03405374039e-21 3 2 
173 35 2.0 12 7 3 0 12 10 3 0.232642765049 4 0 
173 35 2.0 6 7 2 0 9 11 2 8.67770817899e-27 1 3 
173 35 2.0 1 5 0 0 4 10 1 0.177862437966 0 2 
173 35 2.0 9 10 2 0 16 26 2 0.325961671272 4 2 
173 35 2.0 3 3 0 0 4 4 1 0.126759932884 0 2 
173 35 2.0 8 6 2 0 10 14 3 9.80901478351e-86 2 2 
173 35 2.0 2 2 0 0 1 8 1 0.676244616753 0 1 
173 35 2.0 4 3 2 0 9 15 2 0.10449208401 1 3 
173 35 2.0 5 0 0 0 4 1 2 0.17946341399 1 0 
173 35 2.0 11 3 1 0 8 2 3 8.03705277356e-21 2 0 
173 35 2.0 7 5 2 0 6 9 3 2.04987315765e-95 1 2 
173 35 2.0 10 9 4 0 10 13 3 6.25373033965e-07 3 2 
173 36 0.0 12 7 3 0 12 10 3 1.12164920117e-31 4 0 
173 36 0.0 6 7 2 0 9 11 2 7.94390254452e-24 1 3 
173 36 0.0 1 5 0 0 4 10 1 0.180835586357 0 2 
173 36 0.0 9 10 2 0 16 26 2 0.27246792532 4 2 
173 36 0.0 3 3 0 0 4 4 1 0.191909764811 0 2 
173 36 0.0 8 6 2 0 10 14 3 1.43225298193e-78 2 2 
173 36 0.0 2 2 0 0 1 8 1 0.66747674641 0 1 
173 36 0.0 4 3 2 0 9 15 2 0.0850032070008 1 3 
173 36 0.0 5 0 0 0 4 1 2 0.149597017426 1 0 
173 36 0.0 11 3 1 0 8 2 3 5.85869037825e-54 2 0 
173 36 0.0 7 5 2 0 6 9 3 5.01574616676e-107 1 2 
173 36 0.0 10 9 4 0 10 13 3 1.65508030378e-20 3 2 
173 36 2.0 12 7 3 0 12 10 3 0.232642813744 4 0 
173 36 2.0 6 7 2 0 9 11 2 3.59575652115e-28 1 3 
173 36 2.0 1 5 0 0 4 10 1 0.177862214716 0 2 
173 36 2.0 9 10 2 0 16 26 2 0.325961875883 4 2 
173 36 2.0 3 3 0 0 4 4 1 0.125990947121 0 2 
173 36 2.0 8 6 2 0 10 14 3 2.31939763259e-85 2 2 
173 36 2.0 2 2 0 0 1 8 1 0.676244330135 0 1 
173 36 2.0 4 3 2 0 9 15 2 0.104491973708 1 3 
173 36 2.0 5 0 0 0 4 1 2 0.180237514843 1 0 
173 36 2.0 11 3 1 0 8 2 3 6.18657906774e-21 2 0 
173 36 2.0 7 5 2 0 6 9 3 1.06077323215e-95 1 2 
173 36 2.0 10 9 4 0 10 13 3 3.34626104891e-07 3 2 
173 37 0.0 12 7 3 0 12 10 3 2.34396110333e-31 4 0 
173 37 0.0 6 7 2 0 9 11 2 3.48359194585e-24 1 3 
173 37 0.0 1 5 0 0 4 10 1 0.180835815521 0 2 
173 37 0.0 9 10 2 0 16 26 2 0.272467852189 4 2 
173 37 0.0 3 3 0 0 4 4 1 0.191380704166 0 2 
173 37 0.0 8 6 2 0 10 14 3 2.84133675089e-79 2 2 
173 37 0.0 2 2 0 0 1 8 1 0.66747687119 0 1 
173 37 0.0 4 3 2 0 9 15 2 0.0850030684365 1 3 
173 37 0.0 5 0 0 0 4 1 2 0.149313337978 1 0 
173 37 0.0 11 3 1 0 8 2 3 6.770298421e-54 2 0 
173 37 0.0 7 5 2 0 6 9 3 1.04608235173e-107 1 2 
173 37 0.0 10 9 4 0 10 13 3 1.74211744931e-21 3 2 
173 37 2.0 12 7 3 0 12 10 3 0.232642784133 4 0 
173 37 2.0 6 7 2 0 9 11 2 5.38495881248e-28 1 3 
173 37 2.0 1 5 0 0 4 10 1 0.177862178614 0 2 
173 37 2.0 9 10 2 0 16 26 2 0.325962351795 4 2 
173 37 2.0 3 3 0 0 4 4 1 0.127566680373 0 2 
173 37 2.0 8 6 2 0 10 14 3 1.58433440937e-85 2 2 
173 37 2.0 2 2 0 0 1 8 1 0.676244001945 0 1 
173 37 2.0 4 3 2 0 9 15 2 0.104492063595 1 3 
173 37 2.0 5 0 0 0 4 1 2 0.179088665006 1 0 
173 37 2.0 11 3 1 0 8 2 3 1.04063257283e-20 2 0 
173 37 2.0 7 5 2 0 6 9 3 1.48209962938e-95 1 2 
173 37 2.0 10 9 4 0 10 13 3 4.64023128164e-08 3 2 
173 38 0.0 12 7 3 0 12 10 3 3.08024430975e-31 4 0 
173 38 0.0 6 7 2 0 9 11 2 1.3195289448e-23 1 3 
173 38 0.0 1 5 0 0 4 10 1 0.180831691588 0 2 
173 38 0.0 9 10 2 0 16 26 2 0.272466992936 4 2 
173 38 0.0 3 3 0 0 4 4 1 0.191806561686 0 2 
173 38 0.0 8 6 2 0 10 14 3 3.61960490074e-79 2 2 
173 38 0.0 2 2 0 0 1 8 1 0.667476077438 0 1 
173 38 0.0 4 3 2 0 9 15 2 0.0850028325035 1 3 
173 38 0.0 5 0 0 0 4 1 2 0.149756918131 1 0 
173 38 0.0 11 3 1 0 8 2 3 1.24963563287e-53 2 0 
173 38 0.0 7 5 2 0 6 9 3 1.81057433371e-107 1 2 
173 38 0.0 10 9 4 0 10 13 3 2.75891268376e-21 3 2 
173 38 2.0 12 7 3 0 12 10 3 0.232642802659 4 0 
173 38 2.0 6 7 2 0 9 11 2 6.49916945188e-29 1 3 
173 38 2.0 1 5 0 0 4 10 1 0.177862134982 0 2 
173 38 2.0 9 10 2 0 16 26 2 0.32596234279 4 2 
173 38 2.0 3 3 0 0 4 4 1 0.126743832298 0 2 
173 38 2.0 8 6 2 0 10 14 3 5.04293147687e-86 2 2 
173 38 2.0 2 2 0 0 1 8 1 0.676243980063 0 1 
173 38 2.0 4 3 2 0 9 15 2 0.104492042765 1 3 
173 38 2.0 5 0 0 0 4 1 2 0.180828947383 1 0 
173 38 2.0 11 3 1 0 8 2 3 1.25111511373e-20 2 0 
173 38 2.0 7 5 2 0 6 9 3 3.2533348929e-95 1 2 
173 38 2.0 10 9 4 0 10 13 3 2.65753571505e-08 3 2 
173 39 0.0 12 7 3 0 12 10 3 2.76475027312e-31 4 0 
173 39 0.0 6 7 2 0 9 11 2 6.98754212288e-24 1 3 
173 39 0.0 1 5 0 0 4 10 1 0.180833809965 0 2 
173 39 0.0 9 10 2 0 16 26 2 0.272467764683 4 2 
173 39 0.0 3 3 0 0 4 4 1 0.191879378342 0 2 
173 39 0.0 8 6 2 0 10 14 3 1.39913133636e-78 2 2 
173 39 0.0 2 2 0 0 1 8 1 0.667476264694 0 1 
173 39 0.0 4 3 2 0 9 15 2 0.0850033682344 1 3 
173 39 0.0 5 0 0 0 4 1 2 0.149693503387 1 0 
173 39 0.0 11 3 1 0 8 2 3 1.08087302079e-53 2 0 
173 39 0.0 7 5 2 0 6 9 3 1.71989534099e-107 1 2 
173 39 0.0 10 9 4 0 10 13 3 8.57961616992e-22 3 2 
173 39 2.0 12 7 3 0 12 10 3 0.232642782812 4 0 
173 39 2.0 6 7 2 0 9 11 2 2.55555036662e-27 1 3 
173 39 2.0 1 5 0 0 4 10 1 0.17786257263 0 2 
173 39 2.0 9 10 2 0 16 26 2 0.325961133568 4 2 
173 39 2.0 3 3 0 0 4 4 1 0.125958341923 0 2 
173 39 2.0 8 6 2 0 10 14 3 1.52178823368e-85 2 2 
173 39 2.0 2 2 0 0 1 8 1 0.676245060645 0 1 
173 39 2.0 4 3 2 0 9 15 2 0.104492081155 1 3 
173 39 2.0 5 0 0 0 4 1 2 0.179839198691 1 0 
173 39 2.0 11 3 1 0 8 2 3 4.85158079441e-21 2 0 
173 39 2.0 7 5 2 0 6 9 3 2.83056235214e-95 1 2 
173 39 2.0 10 9 4 0 10 13 3 1.05200220082e-06 3 2 
173 40 0.0 12 7 3 0 12 10 3 9.55179333398e-32 4 0 
173 40 0.0 6 7 2 0 9 11 2 1.47929003538e-23 1 3 
173 40 0.0 1 5 0 0 4 10 1 0.180831720879 0 2 
173 40 0.0 9 10 2 0 16 26 2 0.272467208656 4 2 
173 40 0.0 3 3 0 0 4 4 1 0.191681184768 0 2 
173 40 0.0 8 6 2 0 10 14 3 9.14273916209e-79 2 2 
173 40 0.0 2 2 0 0 1 8 1 0.667475943181 0 1 
173 40 0.0 4 3 2 0 9 15 2 0.0850030971993 1 3 
173 40 0.0 5 0 0 0 4 1 2 0.149311301372 1 0 
173 40 0.0 11 3 1 0 8 2 3 6.70088011916e-54 2 0 
173 40 0.0 7 5 2 0 6 9 3 2.71043716241e-107 1 2 
173 40 0.0 10 9 4 0 10 13 3 5.98298529356e-21 3 2 
173 40 2.0 12 7 3 0 12 10 3 0.232642851819 4 0 
173 40 2.0 6 7 2 0 9 11 2 2.00377893185e-27 1 3 
173 40 2.0 1 5 0 0 4 10 1 0.177862200431 0 2 
173 40 2.0 9 10 2 0 16 26 2 0.325961648106 4 2 
173 40 2.0 3 3 0 0 4 4 1 0.126098719051 0 2 
173 40 2.0 8 6 2 0 10 14 3 3.26805778357e-85 2 2 
173 40 2.0 2 2 0 0 1 8 1 0.676244473945 0 1 
173 40 2.0 4 3 2 0 9 15 2 0.104491945952 1 3 
173 40 2.0 5 0 0 0 4 1 2 0.180134736491 1 0 
173 40 2.0 11 3 1 0 8 2 3 4.43531594556e-21 2 0 
173 40 2.0 7 5 2 0 6 9 3 2.30026768392e-95 1 2 
173 40 2.0 10 9 4 0 10 13 3 4.78118663721e-07 3 2 
