159 1 0.0 12 2 0 0 4 1 4 4.3390563529e-78 1 0 
159 1 0.0 6 6 1 0 18 12 2 1.59463164843e-21 2 2 
159 1 0.0 1 9 2 0 21 10 1 0.073098038998 0 5 
159 1 0.0 9 7 0 0 14 10 3 1.64516392797e-68 2 2 
159 1 0.0 3 5 0 0 19 17 2 0.0339792891994 1 3 
159 1 0.0 8 4 0 0 12 9 3 2.08452897389e-61 3 0 
159 1 0.0 2 2 0 0 14 13 2 0.0339554448397 1 2 
159 1 0.0 4 5 2 0 15 7 2 0.0339648472557 1 3 
159 1 0.0 5 2 1 0 15 8 2 2.19540672313e-21 2 1 
159 1 0.0 11 3 0 0 6 4 4 7.18229200067e-78 2 0 
159 1 0.0 7 2 0 0 7 5 3 1.38036201557e-55 1 1 
159 1 0.0 10 4 0 0 14 9 3 2.81456946246e-61 3 0 
159 1 2.0 12 2 0 0 4 1 4 1.95254284639e-46 1 0 
159 1 2.0 6 6 1 0 18 12 2 2.0784613644e-17 2 2 
159 1 2.0 1 9 2 0 21 10 1 0.0168271992774 0 5 
159 1 2.0 9 7 0 0 14 10 3 2.64260610188e-39 2 2 
159 1 2.0 3 5 0 0 19 17 2 0.0454242409467 1 3 
159 1 2.0 8 4 0 0 12 9 3 3.43987636587e-28 3 0 
159 1 2.0 2 2 0 0 14 13 2 0.0454176096438 1 2 
159 1 2.0 4 5 2 0 15 7 2 0.0439357966927 1 3 
159 1 2.0 5 2 1 0 15 8 2 5.20198319008e-18 2 1 
159 1 2.0 11 3 0 0 6 4 4 3.56004973964e-46 2 0 
159 1 2.0 7 2 0 0 7 5 3 2.66268529171e-34 1 1 
159 1 2.0 10 4 0 0 14 9 3 2.18582371511e-28 3 0 
159 2 0.0 12 2 0 0 4 1 4 2.91091918488e-78 1 0 
159 2 0.0 6 6 1 0 18 12 2 5.94394184399e-22 2 2 
159 2 0.0 1 9 2 0 21 10 1 0.228610846538 0 5 
159 2 0.0 9 7 0 0 14 10 3 2.71070357372e-68 2 2 
159 2 0.0 3 5 0 0 19 17 2 0.0208015668357 1 3 
159 2 0.0 8 4 0 0 12 9 3 1.6769112218e-60 3 0 
159 2 0.0 2 2 0 0 14 13 2 0.0207964477522 1 2 
159 2 0.0 4 5 2 0 15 7 2 0.0207278744341 1 3 
159 2 0.0 5 2 1 0 15 8 2 4.33613936097e-22 2 1 
159 2 0.0 11 3 0 0 6 4 4 1.35086990567e-77 2 0 
159 2 0.0 7 2 0 0 7 5 3 7.24678174053e-57 1 1 
159 2 0.0 10 4 0 0 14 9 3 4.78708074812e-61 3 0 
159 2 2.0 12 2 0 0 4 1 4 2.73339049688e-46 1 0 
159 2 2.0 6 6 1 0 18 12 2 1.24889292552e-14 2 2 
159 2 2.0 1 9 2 0 21 10 1 0.0206838547372 0 5 
159 2 2.0 9 7 0 0 14 10 3 1.30150405595e-42 2 2 
159 2 2.0 3 5 0 0 19 17 2 0.0844005083336 1 3 
159 2 2.0 8 4 0 0 12 9 3 4.25032114753e-31 3 0 
159 2 2.0 2 2 0 0 14 13 2 0.0846683773713 1 2 
159 2 2.0 4 5 2 0 15 7 2 0.0834551290598 1 3 
159 2 2.0 5 2 1 0 15 8 2 1.11379146976e-14 2 1 
159 2 2.0 11 3 0 0 6 4 4 2.9299152611e-46 2 0 
159 2 2.0 7 2 0 0 7 5 3 2.48634343784e-27 1 1 
159 2 2.0 10 4 0 0 14 9 3 3.81257642493e-31 3 0 
159 3 0.0 12 2 0 0 4 1 4 1.0788843863e-77 1 0 
159 3 0.0 6 6 1 0 18 12 2 3.36032531342e-21 2 2 
159 3 0.0 1 9 2 0 21 10 1 0.35680871663 0 5 
159 3 0.0 9 7 0 0 14 10 3 7.46570014211e-72 2 2 
159 3 0.0 3 5 0 0 19 17 2 0.0462117110145 1 3 
159 3 0.0 8 4 0 0 12 9 3 2.12486083958e-61 3 0 
159 3 0.0 2 2 0 0 14 13 2 0.0468101930143 1 2 
159 3 0.0 4 5 2 0 15 7 2 0.0466811275011 1 3 
159 3 0.0 5 2 1 0 15 8 2 2.11102821338e-20 2 1 
159 3 0.0 11 3 0 0 6 4 4 9.22956004469e-78 2 0 
159 3 0.0 7 2 0 0 7 5 3 1.3563072874e-54 1 1 
159 3 0.0 10 4 0 0 14 9 3 2.32860963432e-61 3 0 
159 3 2.0 12 2 0 0 4 1 4 7.22847524372e-47 1 0 
159 3 2.0 6 6 1 0 18 12 2 5.22661841936e-16 2 2 
159 3 2.0 1 9 2 0 21 10 1 0.362905901407 0 5 
159 3 2.0 9 7 0 0 14 10 3 1.96936151932e-39 2 2 
159 3 2.0 3 5 0 0 19 17 2 0.036093694451 1 3 
159 3 2.0 8 4 0 0 12 9 3 4.43695605188e-30 3 0 
159 3 2.0 2 2 0 0 14 13 2 0.0358297986986 1 2 
159 3 2.0 4 5 2 0 15 7 2 0.0354774310175 1 3 
159 3 2.0 5 2 1 0 15 8 2 1.29956631555e-15 2 1 
159 3 2.0 11 3 0 0 6 4 4 7.02926493969e-46 2 0 
159 3 2.0 7 2 0 0 7 5 3 1.60182550137e-29 1 1 
159 3 2.0 10 4 0 0 14 9 3 7.50408025809e-31 3 0 
159 4 0.0 12 2 0 0 4 1 4 1.00822922167e-77 1 0 
159 4 0.0 6 6 1 0 18 12 2 4.53443637195e-26 2 2 
159 4 0.0 1 9 2 0 21 10 1 0.109006519141 0 5 
159 4 0.0 9 7 0 0 14 10 3 8.71888285393e-66 2 2 
159 4 0.0 3 5 0 0 19 17 2 0.0757817567411 1 3 
159 4 0.0 8 4 0 0 12 9 3 4.22830471488e-57 3 0 
159 4 0.0 2 2 0 0 14 13 2 0.0759371596769 1 2 
159 4 0.0 4 5 2 0 15 7 2 0.0705377087637 1 3 
159 4 0.0 5 2 1 0 15 8 2 7.88299346372e-25 2 1 
159 4 0.0 11 3 0 0 6 4 4 5.11549035201e-78 2 0 
159 4 0.0 7 2 0 0 7 5 3 9.98126514621e-66 1 1 
159 4 0.0 10 4 0 0 14 9 3 5.70058354706e-57 3 0 
159 4 2.0 12 2 0 0 4 1 4 2.39801019358e-46 1 0 
159 4 2.0 6 6 1 0 18 12 2 3.11822536552e-15 2 2 
159 4 2.0 1 9 2 0 21 10 1 0.0236211721795 0 5 
159 4 2.0 9 7 0 0 14 10 3 5.10388510185e-44 2 2 
159 4 2.0 3 5 0 0 19 17 2 0.0919146326632 1 3 
159 4 2.0 8 4 0 0 12 9 3 1.5466995768e-30 3 0 
159 4 2.0 2 2 0 0 14 13 2 0.0930027469017 1 2 
159 4 2.0 4 5 2 0 15 7 2 0.0918615824743 1 3 
159 4 2.0 5 2 1 0 15 8 2 1.43025469732e-14 2 1 
159 4 2.0 11 3 0 0 6 4 4 4.38813150851e-46 2 0 
159 4 2.0 7 2 0 0 7 5 3 5.66945869712e-24 1 1 
159 4 2.0 10 4 0 0 14 9 3 2.45261035475e-31 3 0 
159 5 0.0 12 2 0 0 4 1 4 4.54731699039e-78 1 0 
159 5 0.0 6 6 1 0 18 12 2 1.20996816532e-24 2 2 
159 5 0.0 1 9 2 0 21 10 1 0.161762813415 0 5 
159 5 0.0 9 7 0 0 14 10 3 1.22385157444e-67 2 2 
159 5 0.0 3 5 0 0 19 17 2 0.0203796239922 1 3 
159 5 0.0 8 4 0 0 12 9 3 2.39201305095e-58 3 0 
159 5 0.0 2 2 0 0 14 13 2 0.0204872667058 1 2 
159 5 0.0 4 5 2 0 15 7 2 0.0199847779346 1 3 
159 5 0.0 5 2 1 0 15 8 2 6.96188831604e-24 2 1 
159 5 0.0 11 3 0 0 6 4 4 1.51024304055e-77 2 0 
159 5 0.0 7 2 0 0 7 5 3 1.79388016876e-61 1 1 
159 5 0.0 10 4 0 0 14 9 3 3.50693716398e-58 3 0 
159 5 2.0 12 2 0 0 4 1 4 1.60247128204e-46 1 0 
159 5 2.0 6 6 1 0 18 12 2 6.47524269014e-16 2 2 
159 5 2.0 1 9 2 0 21 10 1 0.0164480300133 0 5 
159 5 2.0 9 7 0 0 14 10 3 2.01819477628e-42 2 2 
159 5 2.0 3 5 0 0 19 17 2 0.0561047234969 1 3 
159 5 2.0 8 4 0 0 12 9 3 3.44115706604e-30 3 0 
159 5 2.0 2 2 0 0 14 13 2 0.0562048014717 1 2 
159 5 2.0 4 5 2 0 15 7 2 0.0554653155579 1 3 
159 5 2.0 5 2 1 0 15 8 2 5.58648452651e-15 2 1 
159 5 2.0 11 3 0 0 6 4 4 2.57710297978e-46 2 0 
159 5 2.0 7 2 0 0 7 5 3 8.84396539385e-29 1 1 
159 5 2.0 10 4 0 0 14 9 3 9.1057926139e-31 3 0 
159 6 0.0 12 2 0 0 4 1 4 9.31306067085e-78 1 0 
159 6 0.0 6 6 1 0 18 12 2 3.47110129813e-26 2 2 
159 6 0.0 1 9 2 0 21 10 1 0.256645327011 0 5 
159 6 0.0 9 7 0 0 14 10 3 3.89583987966e-66 2 2 
159 6 0.0 3 5 0 0 19 17 2 0.0250415479865 1 3 
159 6 0.0 8 4 0 0 12 9 3 9.36671788174e-58 3 0 
159 6 0.0 2 2 0 0 14 13 2 0.0250257472368 1 2 
159 6 0.0 4 5 2 0 15 7 2 0.0230946324297 1 3 
159 6 0.0 5 2 1 0 15 8 2 2.61680946752e-25 2 1 
159 6 0.0 11 3 0 0 6 4 4 1.52071801936e-77 2 0 
159 6 0.0 7 2 0 0 7 5 3 3.22833975139e-67 1 1 
159 6 0.0 10 4 0 0 14 9 3 1.94596586446e-57 3 0 
159 6 2.0 12 2 0 0 4 1 4 2.5101182828e-46 1 0 
159 6 2.0 6 6 1 0 18 12 2 1.96173845685e-15 2 2 
159 6 2.0 1 9 2 0 21 10 1 0.222202876546 0 5 
159 6 2.0 9 7 0 0 14 10 3 1.92178005929e-44 2 2 
159 6 2.0 3 5 0 0 19 17 2 0.0139537274196 1 3 
159 6 2.0 8 4 0 0 12 9 3 1.22445345794e-31 3 0 
159 6 2.0 2 2 0 0 14 13 2 0.0140342658273 1 2 
159 6 2.0 4 5 2 0 15 7 2 0.013866879675 1 3 
159 6 2.0 5 2 1 0 15 8 2 6.20462209722e-15 2 1 
159 6 2.0 11 3 0 0 6 4 4 2.9688722833e-46 2 0 
159 6 2.0 7 2 0 0 7 5 3 1.4066886867e-27 1 1 
159 6 2.0 10 4 0 0 14 9 3 4.82839656767e-32 3 0 
159 7 0.0 12 2 0 0 4 1 4 6.47485000871e-78 1 0 
159 7 0.0 6 6 1 0 18 12 2 6.4011722417e-21 2 2 
159 7 0.0 1 9 2 0 21 10 1 0.260338811634 0 5 
159 7 0.0 9 7 0 0 14 10 3 1.38272613643e-68 2 2 
159 7 0.0 3 5 0 0 19 17 2 0.0812714322036 1 3 
159 7 0.0 8 4 0 0 12 9 3 2.31432261394e-61 3 0 
159 7 0.0 2 2 0 0 14 13 2 0.0806717087871 1 2 
159 7 0.0 4 5 2 0 15 7 2 0.0811908693081 1 3 
159 7 0.0 5 2 1 0 15 8 2 3.53387351513e-20 2 1 
159 7 0.0 11 3 0 0 6 4 4 9.86092549996e-78 2 0 
159 7 0.0 7 2 0 0 7 5 3 2.3179927519e-54 1 1 
159 7 0.0 10 4 0 0 14 9 3 1.95101978131e-61 3 0 
159 7 2.0 12 2 0 0 4 1 4 3.44506982976e-46 1 0 
159 7 2.0 6 6 1 0 18 12 2 2.10306462477e-15 2 2 
159 7 2.0 1 9 2 0 21 10 1 0.0207241117473 0 5 
159 7 2.0 9 7 0 0 14 10 3 3.13034615482e-45 2 2 
159 7 2.0 3 5 0 0 19 17 2 0.0281625538023 1 3 
159 7 2.0 8 4 0 0 12 9 3 2.22560416244e-30 3 0 
159 7 2.0 2 2 0 0 14 13 2 0.0282297102525 1 2 
159 7 2.0 4 5 2 0 15 7 2 0.0277529403726 1 3 
159 7 2.0 5 2 1 0 15 8 2 2.92962717176e-15 2 1 
159 7 2.0 11 3 0 0 6 4 4 4.90774492869e-46 2 0 
159 7 2.0 7 2 0 0 7 5 3 5.93653167025e-29 1 1 
159 7 2.0 10 4 0 0 14 9 3 1.17290458006e-30 3 0 
159 8 0.0 12 2 0 0 4 1 4 6.70453907336e-78 1 0 
159 8 0.0 6 6 1 0 18 12 2 7.58895166388e-25 2 2 
159 8 0.0 1 9 2 0 21 10 1 0.0868082916287 0 5 
159 8 0.0 9 7 0 0 14 10 3 2.55488624129e-66 2 2 
159 8 0.0 3 5 0 0 19 17 2 0.0282945036358 1 3 
159 8 0.0 8 4 0 0 12 9 3 4.04580059203e-58 3 0 
159 8 0.0 2 2 0 0 14 13 2 0.0284004101333 1 2 
159 8 0.0 4 5 2 0 15 7 2 0.0275807700357 1 3 
159 8 0.0 5 2 1 0 15 8 2 2.46398755146e-24 2 1 
159 8 0.0 11 3 0 0 6 4 4 1.26515247114e-77 2 0 
159 8 0.0 7 2 0 0 7 5 3 9.88317585257e-62 1 1 
159 8 0.0 10 4 0 0 14 9 3 4.94453396454e-58 3 0 
159 8 2.0 12 2 0 0 4 1 4 3.87812197981e-46 1 0 
159 8 2.0 6 6 1 0 18 12 2 4.58801624529e-20 2 2 
159 8 2.0 1 9 2 0 21 10 1 0.284210926538 0 5 
159 8 2.0 9 7 0 0 14 10 3 1.27295163402e-40 2 2 
159 8 2.0 3 5 0 0 19 17 2 0.114561935 1 3 
159 8 2.0 8 4 0 0 12 9 3 4.55575667122e-26 3 0 
159 8 2.0 2 2 0 0 14 13 2 0.114619192849 1 2 
159 8 2.0 4 5 2 0 15 7 2 0.103575142438 1 3 
159 8 2.0 5 2 1 0 15 8 2 1.36257407569e-20 2 1 
159 8 2.0 11 3 0 0 6 4 4 4.92195772527e-46 2 0 
159 8 2.0 7 2 0 0 7 5 3 6.77547440102e-43 1 1 
159 8 2.0 10 4 0 0 14 9 3 3.86204903003e-26 3 0 
159 9 0.0 12 2 0 0 4 1 4 5.99261308082e-78 1 0 
159 9 0.0 6 6 1 0 18 12 2 1.63465291661e-20 2 2 
159 9 0.0 1 9 2 0 21 10 1 0.095626021567 0 5 
159 9 0.0 9 7 0 0 14 10 3 1.716784508e-70 2 2 
159 9 0.0 3 5 0 0 19 17 2 0.0246458348061 1 3 
159 9 0.0 8 4 0 0 12 9 3 1.01618899085e-61 3 0 
159 9 0.0 2 2 0 0 14 13 2 0.0248711485096 1 2 
159 9 0.0 4 5 2 0 15 7 2 0.0249170265918 1 3 
159 9 0.0 5 2 1 0 15 8 2 1.14624653252e-20 2 1 
159 9 0.0 11 3 0 0 6 4 4 1.5972853362e-77 2 0 
159 9 0.0 7 2 0 0 7 5 3 8.17515860156e-52 1 1 
159 9 0.0 10 4 0 0 14 9 3 9.61564713058e-62 3 0 
159 9 2.0 12 2 0 0 4 1 4 3.24515519147e-46 1 0 
159 9 2.0 6 6 1 0 18 12 2 2.33622977784e-15 2 2 
159 9 2.0 1 9 2 0 21 10 1 0.0552405937467 0 5 
159 9 2.0 9 7 0 0 14 10 3 7.84930464652e-44 2 2 
159 9 2.0 3 5 0 0 19 17 2 0.0125001245248 1 3 
159 9 2.0 8 4 0 0 12 9 3 2.24257212476e-31 3 0 
159 9 2.0 2 2 0 0 14 13 2 0.0125465857824 1 2 
159 9 2.0 4 5 2 0 15 7 2 0.0123972514632 1 3 
159 9 2.0 5 2 1 0 15 8 2 5.46307462099e-16 2 1 
159 9 2.0 11 3 0 0 6 4 4 2.69472500413e-46 2 0 
159 9 2.0 7 2 0 0 7 5 3 2.47739887627e-28 1 1 
159 9 2.0 10 4 0 0 14 9 3 2.79899720569e-31 3 0 
159 10 0.0 12 2 0 0 4 1 4 5.78629887248e-78 1 0 
159 10 0.0 6 6 1 0 18 12 2 8.10485464455e-24 2 2 
159 10 0.0 1 9 2 0 21 10 1 0.0719385257527 0 5 
159 10 0.0 9 7 0 0 14 10 3 2.56318296341e-69 2 2 
159 10 0.0 3 5 0 0 19 17 2 0.040939946901 1 3 
159 10 0.0 8 4 0 0 12 9 3 1.56150590841e-58 3 0 
159 10 0.0 2 2 0 0 14 13 2 0.0412619640071 1 2 
159 10 0.0 4 5 2 0 15 7 2 0.0404161623583 1 3 
159 10 0.0 5 2 1 0 15 8 2 2.19927771779e-23 2 1 
159 10 0.0 11 3 0 0 6 4 4 1.52406389292e-77 2 0 
159 10 0.0 7 2 0 0 7 5 3 5.59663202155e-61 1 1 
159 10 0.0 10 4 0 0 14 9 3 2.12736993531e-59 3 0 
159 10 2.0 12 2 0 0 4 1 4 3.78431621314e-46 1 0 
159 10 2.0 6 6 1 0 18 12 2 7.86816428668e-15 2 2 
159 10 2.0 1 9 2 0 21 10 1 0.0174693936863 0 5 
159 10 2.0 9 7 0 0 14 10 3 7.19606580457e-43 2 2 
159 10 2.0 3 5 0 0 19 17 2 0.0678924093277 1 3 
159 10 2.0 8 4 0 0 12 9 3 6.57682656154e-31 3 0 
159 10 2.0 2 2 0 0 14 13 2 0.0678524019717 1 2 
159 10 2.0 4 5 2 0 15 7 2 0.0670787670114 1 3 
159 10 2.0 5 2 1 0 15 8 2 1.93871499485e-15 2 1 
159 10 2.0 11 3 0 0 6 4 4 3.3193477071e-46 2 0 
159 10 2.0 7 2 0 0 7 5 3 2.14247790026e-27 1 1 
159 10 2.0 10 4 0 0 14 9 3 1.4545778158e-30 3 0 
159 11 0.0 12 2 0 0 4 1 4 4.40663687714e-78 1 0 
159 11 0.0 6 6 1 0 18 12 2 1.05395135967e-23 2 2 
159 11 0.0 1 9 2 0 21 10 1 0.206178960868 0 5 
159 11 0.0 9 7 0 0 14 10 3 1.26525901093e-68 2 2 
159 11 0.0 3 5 0 0 19 17 2 0.0204110506739 1 3 
159 11 0.0 8 4 0 0 12 9 3 2.38697238473e-59 3 0 
159 11 0.0 2 2 0 0 14 13 2 0.0205947872375 1 2 
159 11 0.0 4 5 2 0 15 7 2 0.0203787747862 1 3 
159 11 0.0 5 2 1 0 15 8 2 1.45156109482e-22 2 1 
159 11 0.0 11 3 0 0 6 4 4 1.371707563e-77 2 0 
159 11 0.0 7 2 0 0 7 5 3 2.1119283287e-57 1 1 
159 11 0.0 10 4 0 0 14 9 3 1.4962683462e-59 3 0 
159 11 2.0 12 2 0 0 4 1 4 2.39939181657e-46 1 0 
159 11 2.0 6 6 1 0 18 12 2 2.46107261991e-15 2 2 
159 11 2.0 1 9 2 0 21 10 1 0.0176370140506 0 5 
159 11 2.0 9 7 0 0 14 10 3 1.03076863588e-43 2 2 
159 11 2.0 3 5 0 0 19 17 2 0.0686094095902 1 3 
159 11 2.0 8 4 0 0 12 9 3 2.64000805589e-30 3 0 
159 11 2.0 2 2 0 0 14 13 2 0.0686646131067 1 2 
159 11 2.0 4 5 2 0 15 7 2 0.0676181526441 1 3 
159 11 2.0 5 2 1 0 15 8 2 4.76253981381e-15 2 1 
159 11 2.0 11 3 0 0 6 4 4 6.77234739035e-46 2 0 
159 11 2.0 7 2 0 0 7 5 3 1.10746892065e-29 1 1 
159 11 2.0 10 4 0 0 14 9 3 1.36808708638e-30 3 0 
159 12 0.0 12 2 0 0 4 1 4 1.54872457272e-77 1 0 
159 12 0.0 6 6 1 0 18 12 2 8.83984159369e-25 2 2 
159 12 0.0 1 9 2 0 21 10 1 0.347022426575 0 5 
159 12 0.0 9 7 0 0 14 10 3 1.20165603003e-66 2 2 
159 12 0.0 3 5 0 0 19 17 2 0.0514893442808 1 3 
159 12 0.0 8 4 0 0 12 9 3 3.75643798258e-58 3 0 
159 12 0.0 2 2 0 0 14 13 2 0.0514688197695 1 2 
159 12 0.0 4 5 2 0 15 7 2 0.049159683824 1 3 
159 12 0.0 5 2 1 0 15 8 2 3.87441961848e-24 2 1 
159 12 0.0 11 3 0 0 6 4 4 3.21952848259e-78 2 0 
159 12 0.0 7 2 0 0 7 5 3 1.64136798732e-63 1 1 
159 12 0.0 10 4 0 0 14 9 3 3.02583759377e-58 3 0 
159 12 2.0 12 2 0 0 4 1 4 3.79811519733e-46 1 0 
159 12 2.0 6 6 1 0 18 12 2 4.90288332489e-15 2 2 
159 12 2.0 1 9 2 0 21 10 1 0.248901716364 0 5 
159 12 2.0 9 7 0 0 14 10 3 7.37204644355e-45 2 2 
159 12 2.0 3 5 0 0 19 17 2 0.132136754903 1 3 
159 12 2.0 8 4 0 0 12 9 3 5.60355165901e-31 3 0 
159 12 2.0 2 2 0 0 14 13 2 0.132323271499 1 2 
159 12 2.0 4 5 2 0 15 7 2 0.130323079664 1 3 
159 12 2.0 5 2 1 0 15 8 2 1.24624243907e-15 2 1 
159 12 2.0 11 3 0 0 6 4 4 5.86908968066e-46 2 0 
159 12 2.0 7 2 0 0 7 5 3 2.09716284004e-30 1 1 
159 12 2.0 10 4 0 0 14 9 3 8.44733591109e-31 3 0 
159 13 0.0 12 2 0 0 4 1 4 4.17450007236e-78 1 0 
159 13 0.0 6 6 1 0 18 12 2 1.14838474466e-24 2 2 
159 13 0.0 1 9 2 0 21 10 1 0.0779006951722 0 5 
159 13 0.0 9 7 0 0 14 10 3 2.28337619031e-64 2 2 
159 13 0.0 3 5 0 0 19 17 2 0.033430762671 1 3 
159 13 0.0 8 4 0 0 12 9 3 6.63021578724e-58 3 0 
159 13 0.0 2 2 0 0 14 13 2 0.0333953245581 1 2 
159 13 0.0 4 5 2 0 15 7 2 0.0322698170573 1 3 
159 13 0.0 5 2 1 0 15 8 2 3.45967683326e-24 2 1 
159 13 0.0 11 3 0 0 6 4 4 4.93279470934e-78 2 0 
159 13 0.0 7 2 0 0 7 5 3 1.05987752799e-62 1 1 
159 13 0.0 10 4 0 0 14 9 3 1.23133743536e-57 3 0 
159 13 2.0 12 2 0 0 4 1 4 1.77972265106e-46 1 0 
159 13 2.0 6 6 1 0 18 12 2 1.38602011515e-14 2 2 
159 13 2.0 1 9 2 0 21 10 1 0.0265091707936 0 5 
159 13 2.0 9 7 0 0 14 10 3 2.7856082458e-43 2 2 
159 13 2.0 3 5 0 0 19 17 2 0.0212246616695 1 3 
159 13 2.0 8 4 0 0 12 9 3 9.93603025057e-32 3 0 
159 13 2.0 2 2 0 0 14 13 2 0.021375913279 1 2 
159 13 2.0 4 5 2 0 15 7 2 0.0211151547477 1 3 
159 13 2.0 5 2 1 0 15 8 2 1.6917482606e-14 2 1 
159 13 2.0 11 3 0 0 6 4 4 2.45147389655e-46 2 0 
159 13 2.0 7 2 0 0 7 5 3 1.14632567955e-24 1 1 
159 13 2.0 10 4 0 0 14 9 3 6.51794495486e-32 3 0 
159 14 0.0 12 2 0 0 4 1 4 2.7562973746e-78 1 0 
159 14 0.0 6 6 1 0 18 12 2 1.38303277302e-20 2 2 
159 14 0.0 1 9 2 0 21 10 1 0.299021602194 0 5 
159 14 0.0 9 7 0 0 14 10 3 6.61563130755e-71 2 2 
159 14 0.0 3 5 0 0 19 17 2 0.0268875617633 1 3 
159 14 0.0 8 4 0 0 12 9 3 4.91243225382e-62 3 0 
159 14 0.0 2 2 0 0 14 13 2 0.0273960411315 1 2 
159 14 0.0 4 5 2 0 15 7 2 0.0274328902535 1 3 
159 14 0.0 5 2 1 0 15 8 2 1.18815630852e-20 2 1 
159 14 0.0 11 3 0 0 6 4 4 1.79914062733e-77 2 0 
159 14 0.0 7 2 0 0 7 5 3 9.30458226925e-51 1 1 
159 14 0.0 10 4 0 0 14 9 3 2.20898881556e-62 3 0 
159 14 2.0 12 2 0 0 4 1 4 4.60570965232e-47 1 0 
159 14 2.0 6 6 1 0 18 12 2 3.4882975818e-16 2 2 
159 14 2.0 1 9 2 0 21 10 1 0.0389518295763 0 5 
159 14 2.0 9 7 0 0 14 10 3 1.70033394712e-40 2 2 
159 14 2.0 3 5 0 0 19 17 2 0.015683579939 1 3 
159 14 2.0 8 4 0 0 12 9 3 7.55301075248e-30 3 0 
159 14 2.0 2 2 0 0 14 13 2 0.0157316497977 1 2 
159 14 2.0 4 5 2 0 15 7 2 0.0154026245573 1 3 
159 14 2.0 5 2 1 0 15 8 2 3.58335942971e-16 2 1 
159 14 2.0 11 3 0 0 6 4 4 5.20487039597e-46 2 0 
159 14 2.0 7 2 0 0 7 5 3 9.5917412043e-31 1 1 
159 14 2.0 10 4 0 0 14 9 3 4.50617129502e-30 3 0 
159 15 0.0 12 2 0 0 4 1 4 1.1378802902e-77 1 0 
159 15 0.0 6 6 1 0 18 12 2 5.72691837065e-22 2 2 
159 15 0.0 1 9 2 0 21 10 1 0.0931132838528 0 5 
159 15 0.0 9 7 0 0 14 10 3 2.74302488611e-68 2 2 
159 15 0.0 3 5 0 0 19 17 2 0.0722729716712 1 3 
159 15 0.0 8 4 0 0 12 9 3 3.0277981276e-60 3 0 
159 15 0.0 2 2 0 0 14 13 2 0.0722205811688 1 2 
159 15 0.0 4 5 2 0 15 7 2 0.0720056939758 1 3 
159 15 0.0 5 2 1 0 15 8 2 1.4980350658e-21 2 1 
159 15 0.0 11 3 0 0 6 4 4 7.70092317332e-78 2 0 
159 15 0.0 7 2 0 0 7 5 3 2.58653713481e-55 1 1 
159 15 0.0 10 4 0 0 14 9 3 1.48716470289e-60 3 0 
159 15 2.0 12 2 0 0 4 1 4 1.22531030065e-46 1 0 
159 15 2.0 6 6 1 0 18 12 2 1.00579881594e-14 2 2 
159 15 2.0 1 9 2 0 21 10 1 0.308890098852 0 5 
159 15 2.0 9 7 0 0 14 10 3 1.12592677312e-44 2 2 
159 15 2.0 3 5 0 0 19 17 2 0.0225622933338 1 3 
159 15 2.0 8 4 0 0 12 9 3 7.69380671534e-32 3 0 
159 15 2.0 2 2 0 0 14 13 2 0.0229627592814 1 2 
159 15 2.0 4 5 2 0 15 7 2 0.0226827879352 1 3 
159 15 2.0 5 2 1 0 15 8 2 6.92870668422e-15 2 1 
159 15 2.0 11 3 0 0 6 4 4 2.28130439703e-46 2 0 
159 15 2.0 7 2 0 0 7 5 3 3.90569887427e-25 1 1 
159 15 2.0 10 4 0 0 14 9 3 7.60546009927e-32 3 0 
159 16 0.0 12 2 0 0 4 1 4 4.50287754347e-78 1 0 
159 16 0.0 6 6 1 0 18 12 2 6.42392776167e-23 2 2 
159 16 0.0 1 9 2 0 21 10 1 0.343962986425 0 5 
159 16 0.0 9 7 0 0 14 10 3 4.93247663005e-67 2 2 
159 16 0.0 3 5 0 0 19 17 2 0.0587922845909 1 3 
159 16 0.0 8 4 0 0 12 9 3 9.38435407408e-60 3 0 
159 16 0.0 2 2 0 0 14 13 2 0.0588284559469 1 2 
159 16 0.0 4 5 2 0 15 7 2 0.0582087887304 1 3 
159 16 0.0 5 2 1 0 15 8 2 2.68723774045e-22 2 1 
159 16 0.0 11 3 0 0 6 4 4 4.03001373178e-78 2 0 
159 16 0.0 7 2 0 0 7 5 3 1.06295356707e-57 1 1 
159 16 0.0 10 4 0 0 14 9 3 7.7349522819e-60 3 0 
159 16 2.0 12 2 0 0 4 1 4 2.13135068135e-46 1 0 
159 16 2.0 6 6 1 0 18 12 2 5.83439282411e-15 2 2 
159 16 2.0 1 9 2 0 21 10 1 0.365419895443 0 5 
159 16 2.0 9 7 0 0 14 10 3 1.63557111234e-43 2 2 
159 16 2.0 3 5 0 0 19 17 2 0.0367880793865 1 3 
159 16 2.0 8 4 0 0 12 9 3 1.15124465843e-31 3 0 
159 16 2.0 2 2 0 0 14 13 2 0.0369341108539 1 2 
159 16 2.0 4 5 2 0 15 7 2 0.0364691255637 1 3 
159 16 2.0 5 2 1 0 15 8 2 3.81863843256e-15 2 1 
159 16 2.0 11 3 0 0 6 4 4 2.54531528507e-46 2 0 
159 16 2.0 7 2 0 0 7 5 3 5.46496469051e-26 1 1 
159 16 2.0 10 4 0 0 14 9 3 1.67118678213e-31 3 0 
159 17 0.0 12 2 0 0 4 1 4 8.47043236803e-78 1 0 
159 17 0.0 6 6 1 0 18 12 2 6.70521714727e-21 2 2 
159 17 0.0 1 9 2 0 21 10 1 0.0935349137034 0 5 
159 17 0.0 9 7 0 0 14 10 3 8.00383308062e-68 2 2 
159 17 0.0 3 5 0 0 19 17 2 0.0724326919793 1 3 
159 17 0.0 8 4 0 0 12 9 3 1.9113197889e-61 3 0 
159 17 0.0 2 2 0 0 14 13 2 0.0718625421148 1 2 
159 17 0.0 4 5 2 0 15 7 2 0.0723347723556 1 3 
159 17 0.0 5 2 1 0 15 8 2 6.34370280904e-21 2 1 
159 17 0.0 11 3 0 0 6 4 4 1.15475784358e-77 2 0 
159 17 0.0 7 2 0 0 7 5 3 2.09594822956e-54 1 1 
159 17 0.0 10 4 0 0 14 9 3 6.0715655448e-61 3 0 
159 17 2.0 12 2 0 0 4 1 4 3.84027638391e-46 1 0 
159 17 2.0 6 6 1 0 18 12 2 1.39108762299e-14 2 2 
159 17 2.0 1 9 2 0 21 10 1 0.0681207099923 0 5 
159 17 2.0 9 7 0 0 14 10 3 1.00433042709e-43 2 2 
159 17 2.0 3 5 0 0 19 17 2 0.145678434337 1 3 
159 17 2.0 8 4 0 0 12 9 3 2.89392719814e-31 3 0 
159 17 2.0 2 2 0 0 14 13 2 0.145739510051 1 2 
159 17 2.0 4 5 2 0 15 7 2 0.144393335515 1 3 
159 17 2.0 5 2 1 0 15 8 2 5.16886394197e-15 2 1 
159 17 2.0 11 3 0 0 6 4 4 3.54031104261e-46 2 0 
159 17 2.0 7 2 0 0 7 5 3 2.71621096761e-27 1 1 
159 17 2.0 10 4 0 0 14 9 3 2.8383511932e-31 3 0 
159 18 0.0 12 2 0 0 4 1 4 8.79901582923e-78 1 0 
159 18 0.0 6 6 1 0 18 12 2 3.5452503811e-21 2 2 
159 18 0.0 1 9 2 0 21 10 1 0.0697037095223 0 5 
159 18 0.0 9 7 0 0 14 10 3 9.72826179971e-67 2 2 
159 18 0.0 3 5 0 0 19 17 2 0.044769397195 1 3 
159 18 0.0 8 4 0 0 12 9 3 2.35230609214e-60 3 0 
159 18 0.0 2 2 0 0 14 13 2 0.0445683723778 1 2 
159 18 0.0 4 5 2 0 15 7 2 0.0445450622431 1 3 
159 18 0.0 5 2 1 0 15 8 2 7.20296904532e-22 2 1 
159 18 0.0 11 3 0 0 6 4 4 1.18652051937e-77 2 0 
159 18 0.0 7 2 0 0 7 5 3 7.12651778752e-56 1 1 
159 18 0.0 10 4 0 0 14 9 3 1.90878039548e-60 3 0 
159 18 2.0 12 2 0 0 4 1 4 3.26616497212e-46 1 0 
159 18 2.0 6 6 1 0 18 12 2 5.5859577028e-15 2 2 
159 18 2.0 1 9 2 0 21 10 1 0.37557376242 0 5 
159 18 2.0 9 7 0 0 14 10 3 3.94831627335e-44 2 2 
159 18 2.0 3 5 0 0 19 17 2 0.0428784604133 1 3 
159 18 2.0 8 4 0 0 12 9 3 1.05136468324e-31 3 0 
159 18 2.0 2 2 0 0 14 13 2 0.0427788570882 1 2 
159 18 2.0 4 5 2 0 15 7 2 0.042397031099 1 3 
159 18 2.0 5 2 1 0 15 8 2 3.16429527305e-15 2 1 
159 18 2.0 11 3 0 0 6 4 4 5.49743251876e-46 2 0 
159 18 2.0 7 2 0 0 7 5 3 1.7884860478e-26 1 1 
159 18 2.0 10 4 0 0 14 9 3 3.71406229465e-31 3 0 
159 19 0.0 12 2 0 0 4 1 4 8.3366538521e-78 1 0 
159 19 0.0 6 6 1 0 18 12 2 3.97430827557e-25 2 2 
159 19 0.0 1 9 2 0 21 10 1 0.081395222121 0 5 
159 19 0.0 9 7 0 0 14 10 3 2.91132122224e-63 2 2 
159 19 0.0 3 5 0 0 19 17 2 0.0596500465075 1 3 
159 19 0.0 8 4 0 0 12 9 3 2.39411672993e-57 3 0 
159 19 0.0 2 2 0 0 14 13 2 0.059411172114 1 2 
159 19 0.0 4 5 2 0 15 7 2 0.0565324068222 1 3 
159 19 0.0 5 2 1 0 15 8 2 4.76757148023e-25 2 1 
159 19 0.0 11 3 0 0 6 4 4 3.14159517955e-78 2 0 
159 19 0.0 7 2 0 0 7 5 3 6.19898134472e-65 1 1 
159 19 0.0 10 4 0 0 14 9 3 1.93242063893e-57 3 0 
159 19 2.0 12 2 0 0 4 1 4 3.20890754123e-46 1 0 
159 19 2.0 6 6 1 0 18 12 2 9.73803864251e-16 2 2 
159 19 2.0 1 9 2 0 21 10 1 0.0291202923037 0 5 
159 19 2.0 9 7 0 0 14 10 3 1.36163599966e-45 2 2 
159 19 2.0 3 5 0 0 19 17 2 0.0194522030579 1 3 
159 19 2.0 8 4 0 0 12 9 3 4.3899278602e-30 3 0 
159 19 2.0 2 2 0 0 14 13 2 0.0195895521307 1 2 
159 19 2.0 4 5 2 0 15 7 2 0.0192654362598 1 3 
159 19 2.0 5 2 1 0 15 8 2 1.04931679148e-15 2 1 
159 19 2.0 11 3 0 0 6 4 4 5.46033379234e-46 2 0 
159 19 2.0 7 2 0 0 7 5 3 4.27829876908e-29 1 1 
159 19 2.0 10 4 0 0 14 9 3 2.6491972119e-30 3 0 
159 20 0.0 12 2 0 0 4 1 4 9.54221139638e-78 1 0 
159 20 0.0 6 6 1 0 18 12 2 9.81872141207e-22 2 2 
159 20 0.0 1 9 2 0 21 10 1 0.278319264386 0 5 
159 20 0.0 9 7 0 0 14 10 3 2.29880546738e-70 2 2 
159 20 0.0 3 5 0 0 19 17 2 0.0777397550461 1 3 
159 20 0.0 8 4 0 0 12 9 3 2.1774282745e-60 3 0 
159 20 0.0 2 2 0 0 14 13 2 0.0782362763437 1 2 
159 20 0.0 4 5 2 0 15 7 2 0.0776769937841 1 3 
159 20 0.0 5 2 1 0 15 8 2 2.29659372644e-21 2 1 
159 20 0.0 11 3 0 0 6 4 4 1.7200533067e-77 2 0 
159 20 0.0 7 2 0 0 7 5 3 3.98249566077e-57 1 1 
159 20 0.0 10 4 0 0 14 9 3 2.55944224565e-60 3 0 
159 20 2.0 12 2 0 0 4 1 4 3.27048131597e-46 1 0 
159 20 2.0 6 6 1 0 18 12 2 5.47108438782e-15 2 2 
159 20 2.0 1 9 2 0 21 10 1 0.0176850450423 0 5 
159 20 2.0 9 7 0 0 14 10 3 2.16671124633e-42 2 2 
159 20 2.0 3 5 0 0 19 17 2 0.0615986223303 1 3 
159 20 2.0 8 4 0 0 12 9 3 1.01167914398e-30 3 0 
159 20 2.0 2 2 0 0 14 13 2 0.0613108679238 1 2 
159 20 2.0 4 5 2 0 15 7 2 0.0605051321446 1 3 
159 20 2.0 5 2 1 0 15 8 2 5.97411827914e-15 2 1 
159 20 2.0 11 3 0 0 6 4 4 3.76809252921e-46 2 0 
159 20 2.0 7 2 0 0 7 5 3 1.39513866435e-26 1 1 
159 20 2.0 10 4 0 0 14 9 3 4.41408338882e-31 3 0 
159 21 0.0 12 2 0 0 4 1 4 8.71751944202e-78 1 0 
159 21 0.0 6 6 1 0 18 12 2 8.10251006272e-23 2 2 
159 21 0.0 1 9 2 0 21 10 1 0.32227640675 0 5 
159 21 0.0 9 7 0 0 14 10 3 1.26563206708e-67 2 2 
159 21 0.0 3 5 0 0 19 17 2 0.030108878599 1 3 
159 21 0.0 8 4 0 0 12 9 3 1.23351432592e-59 3 0 
159 21 0.0 2 2 0 0 14 13 2 0.0300419400045 1 2 
159 21 0.0 4 5 2 0 15 7 2 0.0296320564701 1 3 
159 21 0.0 5 2 1 0 15 8 2 1.22831455994e-22 2 1 
159 21 0.0 11 3 0 0 6 4 4 6.13830374896e-78 2 0 
159 21 0.0 7 2 0 0 7 5 3 1.72861814292e-59 1 1 
159 21 0.0 10 4 0 0 14 9 3 1.09496026945e-59 3 0 
159 21 2.0 12 2 0 0 4 1 4 2.57101118145e-46 1 0 
159 21 2.0 6 6 1 0 18 12 2 5.31810224541e-16 2 2 
159 21 2.0 1 9 2 0 21 10 1 0.286931556915 0 5 
159 21 2.0 9 7 0 0 14 10 3 2.31697791031e-42 2 2 
159 21 2.0 3 5 0 0 19 17 2 0.0201534282105 1 3 
159 21 2.0 8 4 0 0 12 9 3 1.57044277313e-30 3 0 
159 21 2.0 2 2 0 0 14 13 2 0.0201456159627 1 2 
159 21 2.0 4 5 2 0 15 7 2 0.0196760742576 1 3 
159 21 2.0 5 2 1 0 15 8 2 4.9912444343e-16 2 1 
159 21 2.0 11 3 0 0 6 4 4 3.94185977488e-46 2 0 
159 21 2.0 7 2 0 0 7 5 3 7.13374015144e-30 1 1 
159 21 2.0 10 4 0 0 14 9 3 1.53341220514e-30 3 0 
159 22 0.0 12 2 0 0 4 1 4 9.74353282296e-78 1 0 
159 22 0.0 6 6 1 0 18 12 2 1.88424063218e-23 2 2 
159 22 0.0 1 9 2 0 21 10 1 0.0858618397029 0 5 
159 22 0.0 9 7 0 0 14 10 3 4.21850173328e-67 2 2 
159 22 0.0 3 5 0 0 19 17 2 0.0280080558467 1 3 
159 22 0.0 8 4 0 0 12 9 3 1.65523139403e-58 3 0 
159 22 0.0 2 2 0 0 14 13 2 0.0280123607894 1 2 
159 22 0.0 4 5 2 0 15 7 2 0.027477359971 1 3 
159 22 0.0 5 2 1 0 15 8 2 1.36870282205e-23 2 1 
159 22 0.0 11 3 0 0 6 4 4 1.33444016577e-77 2 0 
159 22 0.0 7 2 0 0 7 5 3 8.6507642662e-61 1 1 
159 22 0.0 10 4 0 0 14 9 3 1.70202050438e-58 3 0 
159 22 2.0 12 2 0 0 4 1 4 1.80103753276e-46 1 0 
159 22 2.0 6 6 1 0 18 12 2 2.31231256747e-16 2 2 
159 22 2.0 1 9 2 0 21 10 1 0.0242411836658 0 5 
159 22 2.0 9 7 0 0 14 10 3 3.95410870521e-41 2 2 
159 22 2.0 3 5 0 0 19 17 2 0.023516143301 1 3 
159 22 2.0 8 4 0 0 12 9 3 2.61228335629e-29 3 0 
159 22 2.0 2 2 0 0 14 13 2 0.0236206500834 1 2 
159 22 2.0 4 5 2 0 15 7 2 0.0230616346835 1 3 
159 22 2.0 5 2 1 0 15 8 2 9.05080518168e-17 2 1 
159 22 2.0 11 3 0 0 6 4 4 1.73663531996e-46 2 0 
159 22 2.0 7 2 0 0 7 5 3 6.08078003281e-31 1 1 
159 22 2.0 10 4 0 0 14 9 3 5.12863386845e-29 3 0 
159 23 0.0 12 2 0 0 4 1 4 3.25981316887e-78 1 0 
159 23 0.0 6 6 1 0 18 12 2 1.42536239695e-21 2 2 
159 23 0.0 1 9 2 0 21 10 1 0.350315041146 0 5 
159 23 0.0 9 7 0 0 14 10 3 1.19047575722e-67 2 2 
159 23 0.0 3 5 0 0 19 17 2 0.0372062512148 1 3 
159 23 0.0 8 4 0 0 12 9 3 1.05555880352e-60 3 0 
159 23 0.0 2 2 0 0 14 13 2 0.0372546934034 1 2 
159 23 0.0 4 5 2 0 15 7 2 0.0371112863173 1 3 
159 23 0.0 5 2 1 0 15 8 2 1.34942145294e-22 2 1 
159 23 0.0 11 3 0 0 6 4 4 9.6478435453e-78 2 0 
159 23 0.0 7 2 0 0 7 5 3 3.58247522013e-56 1 1 
159 23 0.0 10 4 0 0 14 9 3 8.88524216135e-61 3 0 
159 23 2.0 12 2 0 0 4 1 4 1.23745303915e-46 1 0 
159 23 2.0 6 6 1 0 18 12 2 2.34101442739e-15 2 2 
159 23 2.0 1 9 2 0 21 10 1 0.0954183296978 0 5 
159 23 2.0 9 7 0 0 14 10 3 4.71461121272e-39 2 2 
159 23 2.0 3 5 0 0 19 17 2 0.1520447046 1 3 
159 23 2.0 8 4 0 0 12 9 3 3.80540763417e-30 3 0 
159 23 2.0 2 2 0 0 14 13 2 0.151144648446 1 2 
159 23 2.0 4 5 2 0 15 7 2 0.149736940376 1 3 
159 23 2.0 5 2 1 0 15 8 2 3.65371977968e-15 2 1 
159 23 2.0 11 3 0 0 6 4 4 4.99219561501e-46 2 0 
159 23 2.0 7 2 0 0 7 5 3 1.80227247506e-28 1 1 
159 23 2.0 10 4 0 0 14 9 3 1.33124917175e-30 3 0 
159 24 0.0 12 2 0 0 4 1 4 7.04127345577e-78 1 0 
159 24 0.0 6 6 1 0 18 12 2 5.55224829223e-22 2 2 
159 24 0.0 1 9 2 0 21 10 1 0.235521446462 0 5 
159 24 0.0 9 7 0 0 14 10 3 2.16416587725e-69 2 2 
159 24 0.0 3 5 0 0 19 17 2 0.0843851716929 1 3 
159 24 0.0 8 4 0 0 12 9 3 2.61681492797e-60 3 0 
159 24 0.0 2 2 0 0 14 13 2 0.0849821908254 1 2 
159 24 0.0 4 5 2 0 15 7 2 0.0844746221753 1 3 
159 24 0.0 5 2 1 0 15 8 2 7.69089438749e-22 2 1 
159 24 0.0 11 3 0 0 6 4 4 1.11412354321e-77 2 0 
159 24 0.0 7 2 0 0 7 5 3 1.30470191253e-56 1 1 
159 24 0.0 10 4 0 0 14 9 3 1.25143459983e-60 3 0 
159 24 2.0 12 2 0 0 4 1 4 3.21834683997e-46 1 0 
159 24 2.0 6 6 1 0 18 12 2 2.708914208e-17 2 2 
159 24 2.0 1 9 2 0 21 10 1 0.176848788915 0 5 
159 24 2.0 9 7 0 0 14 10 3 4.31317255092e-43 2 2 
159 24 2.0 3 5 0 0 19 17 2 0.149775729716 1 3 
159 24 2.0 8 4 0 0 12 9 3 3.62216298023e-29 3 0 
159 24 2.0 2 2 0 0 14 13 2 0.149857437852 1 2 
159 24 2.0 4 5 2 0 15 7 2 0.145637155006 1 3 
159 24 2.0 5 2 1 0 15 8 2 1.26346133424e-16 2 1 
159 24 2.0 11 3 0 0 6 4 4 5.33934309957e-46 2 0 
159 24 2.0 7 2 0 0 7 5 3 5.13375163293e-35 1 1 
159 24 2.0 10 4 0 0 14 9 3 2.3020180723e-29 3 0 
159 25 0.0 12 2 0 0 4 1 4 3.40450202432e-78 1 0 
159 25 0.0 6 6 1 0 18 12 2 7.60108761986e-23 2 2 
159 25 0.0 1 9 2 0 21 10 1 0.255653395069 0 5 
159 25 0.0 9 7 0 0 14 10 3 1.36922088501e-67 2 2 
159 25 0.0 3 5 0 0 19 17 2 0.0810041924755 1 3 
159 25 0.0 8 4 0 0 12 9 3 6.39775406811e-59 3 0 
159 25 0.0 2 2 0 0 14 13 2 0.0815273920324 1 2 
159 25 0.0 4 5 2 0 15 7 2 0.0796445553954 1 3 
159 25 0.0 5 2 1 0 15 8 2 5.95787478845e-24 2 1 
159 25 0.0 11 3 0 0 6 4 4 9.37638363736e-78 2 0 
159 25 0.0 7 2 0 0 7 5 3 6.77622856515e-61 1 1 
159 25 0.0 10 4 0 0 14 9 3 2.09110881003e-59 3 0 
159 25 2.0 12 2 0 0 4 1 4 3.99380435117e-46 1 0 
159 25 2.0 6 6 1 0 18 12 2 3.4902563844e-16 2 2 
159 25 2.0 1 9 2 0 21 10 1 0.047365706004 0 5 
159 25 2.0 9 7 0 0 14 10 3 9.71722164194e-44 2 2 
159 25 2.0 3 5 0 0 19 17 2 0.0137191172676 1 3 
159 25 2.0 8 4 0 0 12 9 3 4.13961889405e-30 3 0 
159 25 2.0 2 2 0 0 14 13 2 0.0137277092543 1 2 
159 25 2.0 4 5 2 0 15 7 2 0.0135537318495 1 3 
159 25 2.0 5 2 1 0 15 8 2 4.59538053387e-16 2 1 
159 25 2.0 11 3 0 0 6 4 4 4.0234485509e-46 2 0 
159 25 2.0 7 2 0 0 7 5 3 8.54583726192e-29 1 1 
159 25 2.0 10 4 0 0 14 9 3 5.73908489598e-30 3 0 
159 26 0.0 12 2 0 0 4 1 4 2.92489850131e-78 1 0 
159 26 0.0 6 6 1 0 18 12 2 1.36396156944e-20 2 2 
159 26 0.0 1 9 2 0 21 10 1 0.307086903798 0 5 
159 26 0.0 9 7 0 0 14 10 3 4.19047535544e-69 2 2 
159 26 0.0 3 5 0 0 19 17 2 0.027907435431 1 3 
159 26 0.0 8 4 0 0 12 9 3 5.99848571952e-62 3 0 
159 26 0.0 2 2 0 0 14 13 2 0.0279704330268 1 2 
159 26 0.0 4 5 2 0 15 7 2 0.0281123126862 1 3 
159 26 0.0 5 2 1 0 15 8 2 2.07753839644e-20 2 1 
159 26 0.0 11 3 0 0 6 4 4 1.83594078985e-77 2 0 
159 26 0.0 7 2 0 0 7 5 3 1.1441156405e-50 1 1 
159 26 0.0 10 4 0 0 14 9 3 5.50969965888e-62 3 0 
159 26 2.0 12 2 0 0 4 1 4 4.28657189812e-46 1 0 
159 26 2.0 6 6 1 0 18 12 2 2.78412951674e-16 2 2 
159 26 2.0 1 9 2 0 21 10 1 0.016566093477 0 5 
159 26 2.0 9 7 0 0 14 10 3 5.55453363512e-40 2 2 
159 26 2.0 3 5 0 0 19 17 2 0.0474845345247 1 3 
159 26 2.0 8 4 0 0 12 9 3 3.17730739352e-29 3 0 
159 26 2.0 2 2 0 0 14 13 2 0.0473786177797 1 2 
159 26 2.0 4 5 2 0 15 7 2 0.0463547905951 1 3 
159 26 2.0 5 2 1 0 15 8 2 1.04608486525e-16 2 1 
159 26 2.0 11 3 0 0 6 4 4 1.56556396771e-46 2 0 
159 26 2.0 7 2 0 0 7 5 3 1.03448588681e-30 1 1 
159 26 2.0 10 4 0 0 14 9 3 4.39210606565e-29 3 0 
159 27 0.0 12 2 0 0 4 1 4 6.34572292154e-78 1 0 
159 27 0.0 6 6 1 0 18 12 2 9.24351786792e-27 2 2 
159 27 0.0 1 9 2 0 21 10 1 0.187011033888 0 5 
159 27 0.0 9 7 0 0 14 10 3 3.55190030355e-62 2 2 
159 27 0.0 3 5 0 0 19 17 2 0.083986850906 1 3 
159 27 0.0 8 4 0 0 12 9 3 5.51079631945e-56 3 0 
159 27 0.0 2 2 0 0 14 13 2 0.0838703488568 1 2 
159 27 0.0 4 5 2 0 15 7 2 0.0704211458463 1 3 
159 27 0.0 5 2 1 0 15 8 2 8.11938637757e-27 2 1 
159 27 0.0 11 3 0 0 6 4 4 7.54070680427e-78 2 0 
159 27 0.0 7 2 0 0 7 5 3 3.56747140523e-70 1 1 
159 27 0.0 10 4 0 0 14 9 3 5.48191999097e-56 3 0 
159 27 2.0 12 2 0 0 4 1 4 2.02681380579e-46 1 0 
159 27 2.0 6 6 1 0 18 12 2 6.41456295514e-18 2 2 
159 27 2.0 1 9 2 0 21 10 1 0.164994482177 0 5 
159 27 2.0 9 7 0 0 14 10 3 7.82546954795e-42 2 2 
159 27 2.0 3 5 0 0 19 17 2 0.151139728767 1 3 
159 27 2.0 8 4 0 0 12 9 3 2.20820454e-28 3 0 
159 27 2.0 2 2 0 0 14 13 2 0.151470350491 1 2 
159 27 2.0 4 5 2 0 15 7 2 0.145283395049 1 3 
159 27 2.0 5 2 1 0 15 8 2 4.29088218536e-17 2 1 
159 27 2.0 11 3 0 0 6 4 4 2.3109801274e-46 2 0 
159 27 2.0 7 2 0 0 7 5 3 3.06700352937e-36 1 1 
159 27 2.0 10 4 0 0 14 9 3 1.18660926682e-28 3 0 
159 28 0.0 12 2 0 0 4 1 4 9.72162754392e-78 1 0 
159 28 0.0 6 6 1 0 18 12 2 2.59232728278e-23 2 2 
159 28 0.0 1 9 2 0 21 10 1 0.0731625687472 0 5 
159 28 0.0 9 7 0 0 14 10 3 4.80987981782e-69 2 2 
159 28 0.0 3 5 0 0 19 17 2 0.0361149050372 1 3 
159 28 0.0 8 4 0 0 12 9 3 6.17098387488e-59 3 0 
159 28 0.0 2 2 0 0 14 13 2 0.0362878246183 1 2 
159 28 0.0 4 5 2 0 15 7 2 0.0356947676112 1 3 
159 28 0.0 5 2 1 0 15 8 2 2.50416788554e-23 2 1 
159 28 0.0 11 3 0 0 6 4 4 1.18207629945e-77 2 0 
159 28 0.0 7 2 0 0 7 5 3 6.14756799835e-60 1 1 
159 28 0.0 10 4 0 0 14 9 3 2.91135018537e-59 3 0 
159 28 2.0 12 2 0 0 4 1 4 2.62365473767e-46 1 0 
159 28 2.0 6 6 1 0 18 12 2 3.97762589812e-15 2 2 
159 28 2.0 1 9 2 0 21 10 1 0.0416807327425 0 5 
159 28 2.0 9 7 0 0 14 10 3 1.61535828419e-45 2 2 
159 28 2.0 3 5 0 0 19 17 2 0.126821270229 1 3 
159 28 2.0 8 4 0 0 12 9 3 1.25124397357e-30 3 0 
159 28 2.0 2 2 0 0 14 13 2 0.127455046053 1 2 
159 28 2.0 4 5 2 0 15 7 2 0.125871225755 1 3 
159 28 2.0 5 2 1 0 15 8 2 8.77029547234e-15 2 1 
159 28 2.0 11 3 0 0 6 4 4 5.74435411644e-46 2 0 
159 28 2.0 7 2 0 0 7 5 3 4.62404054669e-29 1 1 
159 28 2.0 10 4 0 0 14 9 3 5.60619013144e-31 3 0 
159 29 0.0 12 2 0 0 4 1 4 6.5353964219e-78 1 0 
159 29 0.0 6 6 1 0 18 12 2 1.01032569012e-21 2 2 
159 29 0.0 1 9 2 0 21 10 1 0.181993145979 0 5 
159 29 0.0 9 7 0 0 14 10 3 3.71122611207e-69 2 2 
159 29 0.0 3 5 0 0 19 17 2 0.019495917126 1 3 
159 29 0.0 8 4 0 0 12 9 3 8.73646332636e-61 3 0 
159 29 0.0 2 2 0 0 14 13 2 0.0196220012529 1 2 
159 29 0.0 4 5 2 0 15 7 2 0.0195050154454 1 3 
159 29 0.0 5 2 1 0 15 8 2 3.80862487691e-22 2 1 
159 29 0.0 11 3 0 0 6 4 4 4.69436014616e-78 2 0 
159 29 0.0 7 2 0 0 7 5 3 1.63294589359e-56 1 1 
159 29 0.0 10 4 0 0 14 9 3 8.53379935526e-61 3 0 
159 29 2.0 12 2 0 0 4 1 4 2.90351467211e-46 1 0 
159 29 2.0 6 6 1 0 18 12 2 4.06855141116e-17 2 2 
159 29 2.0 1 9 2 0 21 10 1 0.0170608302933 0 5 
159 29 2.0 9 7 0 0 14 10 3 4.85012995317e-43 2 2 
159 29 2.0 3 5 0 0 19 17 2 0.0449273785897 1 3 
159 29 2.0 8 4 0 0 12 9 3 3.97890619721e-28 3 0 
159 29 2.0 2 2 0 0 14 13 2 0.0450659119669 1 2 
159 29 2.0 4 5 2 0 15 7 2 0.0441931308457 1 3 
159 29 2.0 5 2 1 0 15 8 2 6.06524229616e-17 2 1 
159 29 2.0 11 3 0 0 6 4 4 3.73631262688e-46 2 0 
159 29 2.0 7 2 0 0 7 5 3 5.74827709661e-32 1 1 
159 29 2.0 10 4 0 0 14 9 3 1.12555312783e-28 3 0 
159 30 0.0 12 2 0 0 4 1 4 1.04230935981e-77 1 0 
159 30 0.0 6 6 1 0 18 12 2 3.54246886926e-23 2 2 
159 30 0.0 1 9 2 0 21 10 1 0.0701916480786 0 5 
159 30 0.0 9 7 0 0 14 10 3 2.32350816056e-65 2 2 
159 30 0.0 3 5 0 0 19 17 2 0.0451163525584 1 3 
159 30 0.0 8 4 0 0 12 9 3 3.48880574445e-59 3 0 
159 30 0.0 2 2 0 0 14 13 2 0.0448547277606 1 2 
159 30 0.0 4 5 2 0 15 7 2 0.0444867194782 1 3 
159 30 0.0 5 2 1 0 15 8 2 1.07619717442e-22 2 1 
159 30 0.0 11 3 0 0 6 4 4 6.7232945134e-78 2 0 
159 30 0.0 7 2 0 0 7 5 3 5.87294262284e-58 1 1 
159 30 0.0 10 4 0 0 14 9 3 2.81129227242e-59 3 0 
159 30 2.0 12 2 0 0 4 1 4 1.5435626043e-46 1 0 
159 30 2.0 6 6 1 0 18 12 2 1.52832029357e-14 2 2 
159 30 2.0 1 9 2 0 21 10 1 0.377475575371 0 5 
159 30 2.0 9 7 0 0 14 10 3 7.59704522347e-41 2 2 
159 30 2.0 3 5 0 0 19 17 2 0.0426024409613 1 3 
159 30 2.0 8 4 0 0 12 9 3 2.90119470779e-32 3 0 
159 30 2.0 2 2 0 0 14 13 2 0.0426889767932 1 2 
159 30 2.0 4 5 2 0 15 7 2 0.0421459952374 1 3 
159 30 2.0 5 2 1 0 15 8 2 1.5593691816e-15 2 1 
159 30 2.0 11 3 0 0 6 4 4 2.42078136028e-46 2 0 
159 30 2.0 7 2 0 0 7 5 3 1.22955866118e-27 1 1 
159 30 2.0 10 4 0 0 14 9 3 9.69769464341e-32 3 0 
159 31 0.0 12 2 0 0 4 1 4 8.92280641631e-78 1 0 
159 31 0.0 6 6 1 0 18 12 2 1.32955996476e-20 2 2 
159 31 0.0 1 9 2 0 21 10 1 0.131337859668 0 5 
159 31 0.0 9 7 0 0 14 10 3 8.28804059591e-70 2 2 
159 31 0.0 3 5 0 0 19 17 2 0.0209040819357 1 3 
159 31 0.0 8 4 0 0 12 9 3 5.99412500824e-62 3 0 
159 31 0.0 2 2 0 0 14 13 2 0.0207488975584 1 2 
159 31 0.0 4 5 2 0 15 7 2 0.0209901140499 1 3 
159 31 0.0 5 2 1 0 15 8 2 1.07572478283e-19 2 1 
159 31 0.0 11 3 0 0 6 4 4 8.38212991525e-78 2 0 
159 31 0.0 7 2 0 0 7 5 3 3.98514513323e-50 1 1 
159 31 0.0 10 4 0 0 14 9 3 1.92449099682e-62 3 0 
159 31 2.0 12 2 0 0 4 1 4 1.40477395786e-46 1 0 
159 31 2.0 6 6 1 0 18 12 2 7.13719783603e-16 2 2 
159 31 2.0 1 9 2 0 21 10 1 0.360017152036 0 5 
159 31 2.0 9 7 0 0 14 10 3 5.09460838149e-41 2 2 
159 31 2.0 3 5 0 0 19 17 2 0.0340302683609 1 3 
159 31 2.0 8 4 0 0 12 9 3 2.24593213369e-30 3 0 
159 31 2.0 2 2 0 0 14 13 2 0.0339908943731 1 2 
159 31 2.0 4 5 2 0 15 7 2 0.0336283148158 1 3 
159 31 2.0 5 2 1 0 15 8 2 4.14068062382e-16 2 1 
159 31 2.0 11 3 0 0 6 4 4 5.47943294402e-46 2 0 
159 31 2.0 7 2 0 0 7 5 3 4.3579694132e-29 1 1 
159 31 2.0 10 4 0 0 14 9 3 1.69331795094e-30 3 0 
159 32 0.0 12 2 0 0 4 1 4 2.58187659118e-78 1 0 
159 32 0.0 6 6 1 0 18 12 2 5.08220196949e-22 2 2 
159 32 0.0 1 9 2 0 21 10 1 0.35244631298 0 5 
159 32 0.0 9 7 0 0 14 10 3 3.99239690137e-67 2 2 
159 32 0.0 3 5 0 0 19 17 2 0.0500264960092 1 3 
159 32 0.0 8 4 0 0 12 9 3 2.55288645958e-60 3 0 
159 32 0.0 2 2 0 0 14 13 2 0.0501166858445 1 2 
159 32 0.0 4 5 2 0 15 7 2 0.0498574941798 1 3 
159 32 0.0 5 2 1 0 15 8 2 4.75985741758e-22 2 1 
159 32 0.0 11 3 0 0 6 4 4 9.58559315325e-78 2 0 
159 32 0.0 7 2 0 0 7 5 3 1.76937091081e-55 1 1 
159 32 0.0 10 4 0 0 14 9 3 8.08459079556e-60 3 0 
159 32 2.0 12 2 0 0 4 1 4 2.69447665925e-46 1 0 
159 32 2.0 6 6 1 0 18 12 2 5.32103526556e-16 2 2 
159 32 2.0 1 9 2 0 21 10 1 0.0163524419 0 5 
159 32 2.0 9 7 0 0 14 10 3 3.47400127776e-43 2 2 
159 32 2.0 3 5 0 0 19 17 2 0.0518320779864 1 3 
159 32 2.0 8 4 0 0 12 9 3 5.01400568842e-30 3 0 
159 32 2.0 2 2 0 0 14 13 2 0.0515879011973 1 2 
159 32 2.0 4 5 2 0 15 7 2 0.0510948370858 1 3 
159 32 2.0 5 2 1 0 15 8 2 5.33962822513e-15 2 1 
159 32 2.0 11 3 0 0 6 4 4 5.54541633052e-46 2 0 
159 32 2.0 7 2 0 0 7 5 3 7.94237852417e-29 1 1 
159 32 2.0 10 4 0 0 14 9 3 6.47612927627e-31 3 0 
159 33 0.0 12 2 0 0 4 1 4 6.47070477084e-78 1 0 
159 33 0.0 6 6 1 0 18 12 2 2.63157607293e-23 2 2 
159 33 0.0 1 9 2 0 21 10 1 0.0708691783777 0 5 
159 33 0.0 9 7 0 0 14 10 3 5.6250880065e-69 2 2 
159 33 0.0 3 5 0 0 19 17 2 0.046166594682 1 3 
159 33 0.0 8 4 0 0 12 9 3 6.44826009721e-59 3 0 
159 33 0.0 2 2 0 0 14 13 2 0.0465675206628 1 2 
159 33 0.0 4 5 2 0 15 7 2 0.0458496331727 1 3 
159 33 0.0 5 2 1 0 15 8 2 7.21731455133e-23 2 1 
159 33 0.0 11 3 0 0 6 4 4 1.00452621324e-77 2 0 
159 33 0.0 7 2 0 0 7 5 3 5.57944844225e-59 1 1 
159 33 0.0 10 4 0 0 14 9 3 3.98875596561e-59 3 0 
159 33 2.0 12 2 0 0 4 1 4 3.19017567303e-46 1 0 
159 33 2.0 6 6 1 0 18 12 2 5.67285192742e-16 2 2 
159 33 2.0 1 9 2 0 21 10 1 0.367971290568 0 5 
159 33 2.0 9 7 0 0 14 10 3 1.19221074748e-44 2 2 
159 33 2.0 3 5 0 0 19 17 2 0.0733682353504 1 3 
159 33 2.0 8 4 0 0 12 9 3 8.67215068583e-30 3 0 
159 33 2.0 2 2 0 0 14 13 2 0.0740602844495 1 2 
159 33 2.0 4 5 2 0 15 7 2 0.0726589499009 1 3 
159 33 2.0 5 2 1 0 15 8 2 5.55225046533e-16 2 1 
159 33 2.0 11 3 0 0 6 4 4 2.5492289815e-46 2 0 
159 33 2.0 7 2 0 0 7 5 3 1.16254807279e-29 1 1 
159 33 2.0 10 4 0 0 14 9 3 6.45108402081e-30 3 0 
159 34 0.0 12 2 0 0 4 1 4 8.65952502552e-78 1 0 
159 34 0.0 6 6 1 0 18 12 2 3.08893060148e-25 2 2 
159 34 0.0 1 9 2 0 21 10 1 0.075846648585 0 5 
159 34 0.0 9 7 0 0 14 10 3 2.12060348607e-68 2 2 
159 34 0.0 3 5 0 0 19 17 2 0.0486532331947 1 3 
159 34 0.0 8 4 0 0 12 9 3 3.95735516716e-57 3 0 
159 34 0.0 2 2 0 0 14 13 2 0.0488898334971 1 2 
159 34 0.0 4 5 2 0 15 7 2 0.0463035512875 1 3 
159 34 0.0 5 2 1 0 15 8 2 1.96415257908e-25 2 1 
159 34 0.0 11 3 0 0 6 4 4 8.8180240271e-78 2 0 
159 34 0.0 7 2 0 0 7 5 3 6.67004360996e-65 1 1 
159 34 0.0 10 4 0 0 14 9 3 1.44411371232e-57 3 0 
159 34 2.0 12 2 0 0 4 1 4 3.23869478824e-46 1 0 
159 34 2.0 6 6 1 0 18 12 2 2.79096512627e-15 2 2 
159 34 2.0 1 9 2 0 21 10 1 0.375394580578 0 5 
159 34 2.0 9 7 0 0 14 10 3 2.8037748038e-46 2 2 
159 34 2.0 3 5 0 0 19 17 2 0.0418914947908 1 3 
159 34 2.0 8 4 0 0 12 9 3 3.51004133944e-31 3 0 
159 34 2.0 2 2 0 0 14 13 2 0.0421729381957 1 2 
159 34 2.0 4 5 2 0 15 7 2 0.0418074790885 1 3 
159 34 2.0 5 2 1 0 15 8 2 6.54085762215e-15 2 1 
159 34 2.0 11 3 0 0 6 4 4 4.65629630932e-46 2 0 
159 34 2.0 7 2 0 0 7 5 3 1.53287142303e-25 1 1 
159 34 2.0 10 4 0 0 14 9 3 1.41713432793e-31 3 0 
159 35 0.0 12 2 0 0 4 1 4 5.3943266026e-78 1 0 
159 35 0.0 6 6 1 0 18 12 2 5.4559278364e-24 2 2 
159 35 0.0 1 9 2 0 21 10 1 0.293255446459 0 5 
159 35 0.0 9 7 0 0 14 10 3 8.86818339791e-67 2 2 
159 35 0.0 3 5 0 0 19 17 2 0.0732561758302 1 3 
159 35 0.0 8 4 0 0 12 9 3 5.4417427293e-58 3 0 
159 35 0.0 2 2 0 0 14 13 2 0.0733485544208 1 2 
159 35 0.0 4 5 2 0 15 7 2 0.0701046838549 1 3 
159 35 0.0 5 2 1 0 15 8 2 5.29089704959e-24 2 1 
159 35 0.0 11 3 0 0 6 4 4 7.28552775391e-78 2 0 
159 35 0.0 7 2 0 0 7 5 3 8.55393143543e-64 1 1 
159 35 0.0 10 4 0 0 14 9 3 5.63344565506e-58 3 0 
159 35 2.0 12 2 0 0 4 1 4 6.81427787415e-47 1 0 
159 35 2.0 6 6 1 0 18 12 2 2.19348406539e-17 2 2 
159 35 2.0 1 9 2 0 21 10 1 0.216417650504 0 5 
159 35 2.0 9 7 0 0 14 10 3 9.3441816921e-37 2 2 
159 35 2.0 3 5 0 0 19 17 2 0.0143330386634 1 3 
159 35 2.0 8 4 0 0 12 9 3 8.73411430632e-29 3 0 
159 35 2.0 2 2 0 0 14 13 2 0.0142262150438 1 2 
159 35 2.0 4 5 2 0 15 7 2 0.0139281918089 1 3 
159 35 2.0 5 2 1 0 15 8 2 3.91036705971e-17 2 1 
159 35 2.0 11 3 0 0 6 4 4 4.17325567552e-46 2 0 
159 35 2.0 7 2 0 0 7 5 3 2.28115835386e-33 1 1 
159 35 2.0 10 4 0 0 14 9 3 4.12353453612e-29 3 0 
159 36 0.0 12 2 0 0 4 1 4 3.60373150964e-78 1 0 
159 36 0.0 6 6 1 0 18 12 2 7.10064046533e-23 2 2 
159 36 0.0 1 9 2 0 21 10 1 0.156880072968 0 5 
159 36 0.0 9 7 0 0 14 10 3 3.2656457865e-68 2 2 
159 36 0.0 3 5 0 0 19 17 2 0.0195631096236 1 3 
159 36 0.0 8 4 0 0 12 9 3 7.25796677018e-61 3 0 
159 36 0.0 2 2 0 0 14 13 2 0.0196324316695 1 2 
159 36 0.0 4 5 2 0 15 7 2 0.0194990900182 1 3 
159 36 0.0 5 2 1 0 15 8 2 5.7901256635e-22 2 1 
159 36 0.0 11 3 0 0 6 4 4 1.03470864282e-77 2 0 
159 36 0.0 7 2 0 0 7 5 3 1.98453985478e-57 1 1 
159 36 0.0 10 4 0 0 14 9 3 5.49352290793e-61 3 0 
159 36 2.0 12 2 0 0 4 1 4 2.69370592849e-46 1 0 
159 36 2.0 6 6 1 0 18 12 2 1.81567890275e-14 2 2 
159 36 2.0 1 9 2 0 21 10 1 0.0208916500579 0 5 
159 36 2.0 9 7 0 0 14 10 3 2.11681504553e-41 2 2 
159 36 2.0 3 5 0 0 19 17 2 0.0296859924866 1 3 
159 36 2.0 8 4 0 0 12 9 3 5.85345144742e-32 3 0 
159 36 2.0 2 2 0 0 14 13 2 0.0293008198167 1 2 
159 36 2.0 4 5 2 0 15 7 2 0.0293932105383 1 3 
159 36 2.0 5 2 1 0 15 8 2 2.1888820368e-14 2 1 
159 36 2.0 11 3 0 0 6 4 4 4.4873314466e-46 2 0 
159 36 2.0 7 2 0 0 7 5 3 1.54273284338e-22 1 1 
159 36 2.0 10 4 0 0 14 9 3 6.89858574071e-32 3 0 
159 37 0.0 12 2 0 0 4 1 4 8.21487012069e-78 1 0 
159 37 0.0 6 6 1 0 18 12 2 4.3278012397e-29 2 2 
159 37 0.0 1 9 2 0 21 10 1 0.116612833604 0 5 
159 37 0.0 9 7 0 0 14 10 3 3.1048276394e-63 2 2 
159 37 0.0 3 5 0 0 19 17 2 0.0712307992352 1 3 
159 37 0.0 8 4 0 0 12 9 3 3.50614075778e-54 3 0 
159 37 0.0 2 2 0 0 14 13 2 0.071234654204 1 2 
159 37 0.0 4 5 2 0 15 7 2 0.0374199771998 1 3 
159 37 0.0 5 2 1 0 15 8 2 2.93840731486e-28 2 1 
159 37 0.0 11 3 0 0 6 4 4 4.31422724339e-78 2 0 
159 37 0.0 7 2 0 0 7 5 3 1.25809757647e-74 1 1 
159 37 0.0 10 4 0 0 14 9 3 7.9626278352e-54 3 0 
159 37 2.0 12 2 0 0 4 1 4 1.73323306784e-46 1 0 
159 37 2.0 6 6 1 0 18 12 2 2.81500251065e-18 2 2 
159 37 2.0 1 9 2 0 21 10 1 0.131075649228 0 5 
159 37 2.0 9 7 0 0 14 10 3 2.57603666897e-42 2 2 
159 37 2.0 3 5 0 0 19 17 2 0.0110156301131 1 3 
159 37 2.0 8 4 0 0 12 9 3 5.30376808265e-29 3 0 
159 37 2.0 2 2 0 0 14 13 2 0.0110377179541 1 2 
159 37 2.0 4 5 2 0 15 7 2 0.0107723133718 1 3 
159 37 2.0 5 2 1 0 15 8 2 2.8174961768e-17 2 1 
159 37 2.0 11 3 0 0 6 4 4 5.33504909518e-46 2 0 
159 37 2.0 7 2 0 0 7 5 3 2.4152937745e-33 1 1 
159 37 2.0 10 4 0 0 14 9 3 4.56534360318e-29 3 0 
159 38 0.0 12 2 0 0 4 1 4 7.03094399232e-78 1 0 
159 38 0.0 6 6 1 0 18 12 2 1.19514674077e-21 2 2 
159 38 0.0 1 9 2 0 21 10 1 0.0992957412259 0 5 
159 38 0.0 9 7 0 0 14 10 3 6.83717976196e-70 2 2 
159 38 0.0 3 5 0 0 19 17 2 0.0235787644803 1 3 
159 38 0.0 8 4 0 0 12 9 3 4.44529711708e-61 3 0 
159 38 0.0 2 2 0 0 14 13 2 0.0236934479522 1 2 
159 38 0.0 4 5 2 0 15 7 2 0.023635565665 1 3 
159 38 0.0 5 2 1 0 15 8 2 1.73438548638e-21 2 1 
159 38 0.0 11 3 0 0 6 4 4 1.35930126832e-77 2 0 
159 38 0.0 7 2 0 0 7 5 3 4.05900404574e-56 1 1 
159 38 0.0 10 4 0 0 14 9 3 1.82805118823e-61 3 0 
159 38 2.0 12 2 0 0 4 1 4 3.69603717907e-46 1 0 
159 38 2.0 6 6 1 0 18 12 2 5.60535527208e-15 2 2 
159 38 2.0 1 9 2 0 21 10 1 0.133796115291 0 5 
159 38 2.0 9 7 0 0 14 10 3 4.92618973983e-46 2 2 
159 38 2.0 3 5 0 0 19 17 2 0.154356185846 1 3 
159 38 2.0 8 4 0 0 12 9 3 2.62520868547e-31 3 0 
159 38 2.0 2 2 0 0 14 13 2 0.154848139302 1 2 
159 38 2.0 4 5 2 0 15 7 2 0.153241940059 1 3 
159 38 2.0 5 2 1 0 15 8 2 1.68085470795e-14 2 1 
159 38 2.0 11 3 0 0 6 4 4 4.9001854662e-46 2 0 
159 38 2.0 7 2 0 0 7 5 3 2.78244172917e-28 1 1 
159 38 2.0 10 4 0 0 14 9 3 2.07481843169e-31 3 0 
159 39 0.0 12 2 0 0 4 1 4 8.36989200129e-78 1 0 
159 39 0.0 6 6 1 0 18 12 2 6.65709773127e-25 2 2 
159 39 0.0 1 9 2 0 21 10 1 0.120171697284 0 5 
159 39 0.0 9 7 0 0 14 10 3 2.41296689338e-69 2 2 
159 39 0.0 3 5 0 0 19 17 2 0.0222175773837 1 3 
159 39 0.0 8 4 0 0 12 9 3 4.53246232547e-58 3 0 
159 39 0.0 2 2 0 0 14 13 2 0.0223957619497 1 2 
159 39 0.0 4 5 2 0 15 7 2 0.02187211067 1 3 
159 39 0.0 5 2 1 0 15 8 2 1.08538373192e-23 2 1 
159 39 0.0 11 3 0 0 6 4 4 1.06902012388e-77 2 0 
159 39 0.0 7 2 0 0 7 5 3 7.25961708782e-61 1 1 
159 39 0.0 10 4 0 0 14 9 3 2.27626799996e-58 3 0 
159 39 2.0 12 2 0 0 4 1 4 3.25636066222e-46 1 0 
159 39 2.0 6 6 1 0 18 12 2 3.75338365619e-15 2 2 
159 39 2.0 1 9 2 0 21 10 1 0.213177822106 0 5 
159 39 2.0 9 7 0 0 14 10 3 3.81321500704e-43 2 2 
159 39 2.0 3 5 0 0 19 17 2 0.140898080734 1 3 
159 39 2.0 8 4 0 0 12 9 3 1.19232310305e-30 3 0 
159 39 2.0 2 2 0 0 14 13 2 0.141341914892 1 2 
159 39 2.0 4 5 2 0 15 7 2 0.139711109834 1 3 
159 39 2.0 5 2 1 0 15 8 2 2.72761226421e-15 2 1 
159 39 2.0 11 3 0 0 6 4 4 4.15295665252e-46 2 0 
159 39 2.0 7 2 0 0 7 5 3 2.7021084892e-27 1 1 
159 39 2.0 10 4 0 0 14 9 3 1.52366345808e-30 3 0 
159 40 0.0 12 2 0 0 4 1 4 6.49104488134e-78 1 0 
159 40 0.0 6 6 1 0 18 12 2 4.07746979483e-25 2 2 
159 40 0.0 1 9 2 0 21 10 1 0.325931217716 0 5 
159 40 0.0 9 7 0 0 14 10 3 9.09179752065e-67 2 2 
159 40 0.0 3 5 0 0 19 17 2 0.0335758838318 1 3 
159 40 0.0 8 4 0 0 12 9 3 2.70789871603e-58 3 0 
159 40 0.0 2 2 0 0 14 13 2 0.0336718718258 1 2 
159 40 0.0 4 5 2 0 15 7 2 0.0325130053148 1 3 
159 40 0.0 5 2 1 0 15 8 2 1.13177032164e-24 2 1 
159 40 0.0 11 3 0 0 6 4 4 9.01971075354e-78 2 0 
159 40 0.0 7 2 0 0 7 5 3 4.09613985943e-63 1 1 
159 40 0.0 10 4 0 0 14 9 3 1.40672867732e-57 3 0 
159 40 2.0 12 2 0 0 4 1 4 3.42488743211e-46 1 0 
159 40 2.0 6 6 1 0 18 12 2 3.20214918373e-15 2 2 
159 40 2.0 1 9 2 0 21 10 1 0.0179781210072 0 5 
159 40 2.0 9 7 0 0 14 10 3 5.53944335362e-45 2 2 
159 40 2.0 3 5 0 0 19 17 2 0.039746940552 1 3 
159 40 2.0 8 4 0 0 12 9 3 1.89913639918e-30 3 0 
159 40 2.0 2 2 0 0 14 13 2 0.0401007321557 1 2 
159 40 2.0 4 5 2 0 15 7 2 0.0394145094879 1 3 
159 40 2.0 5 2 1 0 15 8 2 2.91745372098e-15 2 1 
159 40 2.0 11 3 0 0 6 4 4 2.80433377572e-46 2 0 
159 40 2.0 7 2 0 0 7 5 3 4.98026588407e-26 1 1 
159 40 2.0 10 4 0 0 14 9 3 2.05740871165e-30 3 0 
