118 1 0.0 2 4 9 0 31 30 1 0.116390336441 0 7 
118 1 0.0 8 6 4 0 13 17 2 0.117647486949 3 1 
118 1 0.0 5 7 6 0 27 27 2 0.143000610287 3 3 
118 1 0.0 11 11 6 0 17 8 2 7.99874285035e-35 4 1 
118 1 0.0 6 2 2 0 19 16 2 0.0904567891385 2 1 
118 1 0.0 7 3 4 0 18 20 2 0.0904550076139 2 2 
118 1 0.0 10 17 15 0 18 46 2 4.26924237668e-24 8 2 
118 1 0.0 12 11 1 0 4 2 3 1.60228543349e-77 2 0 
118 1 0.0 9 3 4 0 21 17 2 0.0642664768256 3 1 
118 1 0.0 1 5 3 0 10 16 1 0.413767103542 0 4 
118 1 0.0 3 5 3 0 10 24 1 0.24709108527 0 4 
118 1 0.0 4 4 6 0 19 20 2 0.00206227024288 2 3 
118 1 2.0 2 4 9 0 31 30 1 0.0112514033826 0 7 
118 1 2.0 8 6 4 0 13 17 2 0.221619453951 3 1 
118 1 2.0 5 7 6 0 27 27 2 0.0501150219501 3 3 
118 1 2.0 11 11 6 0 17 8 2 1.94180165049e-40 4 1 
118 1 2.0 6 2 2 0 19 16 2 0.136123950661 2 1 
118 1 2.0 7 3 4 0 18 20 2 0.136123910947 2 2 
118 1 2.0 10 17 15 0 18 46 2 2.70568078288e-08 8 2 
118 1 2.0 12 11 1 0 4 2 3 1.20732614547e-54 2 0 
118 1 2.0 9 3 4 0 21 17 2 0.131022800679 3 1 
118 1 2.0 1 5 3 0 10 16 1 0.353059516204 0 4 
118 1 2.0 3 5 3 0 10 24 1 0.232716569796 0 4 
118 1 2.0 4 4 6 0 19 20 2 2.38460525713e-27 2 3 
118 2 0.0 2 4 9 0 31 30 1 0.116396181405 0 7 
118 2 0.0 8 6 4 0 13 17 2 0.117648695992 3 1 
118 2 0.0 5 7 6 0 27 27 2 0.143005915133 3 3 
118 2 0.0 11 11 6 0 17 8 2 3.04689032617e-35 4 1 
118 2 0.0 6 2 2 0 19 16 2 0.0904581594414 2 1 
118 2 0.0 7 3 4 0 18 20 2 0.0904562222145 2 2 
118 2 0.0 10 17 15 0 18 46 2 4.79598262726e-25 8 2 
118 2 0.0 12 11 1 0 4 2 3 2.65080308732e-77 2 0 
118 2 0.0 9 3 4 0 21 17 2 0.0642713356132 3 1 
118 2 0.0 1 5 3 0 10 16 1 0.413770662569 0 4 
118 2 0.0 3 5 3 0 10 24 1 0.247087615447 0 4 
118 2 0.0 4 4 6 0 19 20 2 0.00205599895936 2 3 
118 2 2.0 2 4 9 0 31 30 1 0.0112774527341 0 7 
118 2 2.0 8 6 4 0 13 17 2 0.221593596644 3 1 
118 2 2.0 5 7 6 0 27 27 2 0.050136101184 3 3 
118 2 2.0 11 11 6 0 17 8 2 9.82508632992e-41 4 1 
118 2 2.0 6 2 2 0 19 16 2 0.136121654739 2 1 
118 2 2.0 7 3 4 0 18 20 2 0.136121486161 2 2 
118 2 2.0 10 17 15 0 18 46 2 2.34154564135e-08 8 2 
118 2 2.0 12 11 1 0 4 2 3 1.76349542062e-54 2 0 
118 2 2.0 9 3 4 0 21 17 2 0.131037411893 3 1 
118 2 2.0 1 5 3 0 10 16 1 0.353036138489 0 4 
118 2 2.0 3 5 3 0 10 24 1 0.232690090345 0 4 
118 2 2.0 4 4 6 0 19 20 2 8.03783276339e-28 2 3 
118 3 0.0 2 4 9 0 31 30 1 0.117031677737 0 7 
118 3 0.0 8 6 4 0 13 17 2 0.117742894169 3 1 
118 3 0.0 5 7 6 0 27 27 2 0.143447134469 3 3 
118 3 0.0 11 11 6 0 17 8 2 1.32623707492e-35 4 1 
118 3 0.0 6 2 2 0 19 16 2 0.0904573869061 2 1 
118 3 0.0 7 3 4 0 18 20 2 0.0904535468665 2 2 
118 3 0.0 10 17 15 0 18 46 2 2.53144415941e-24 8 2 
118 3 0.0 12 11 1 0 4 2 3 1.12181182466e-77 2 0 
118 3 0.0 9 3 4 0 21 17 2 0.0648427881543 3 1 
118 3 0.0 1 5 3 0 10 16 1 0.414210819867 0 4 
118 3 0.0 3 5 3 0 10 24 1 0.246452880783 0 4 
118 3 0.0 4 4 6 0 19 20 2 0.00121844607072 2 3 
118 3 2.0 2 4 9 0 31 30 1 0.0113312825682 0 7 
118 3 2.0 8 6 4 0 13 17 2 0.221543280796 3 1 
118 3 2.0 5 7 6 0 27 27 2 0.0501828708256 3 3 
118 3 2.0 11 11 6 0 17 8 2 2.18530915157e-38 4 1 
118 3 2.0 6 2 2 0 19 16 2 0.136115590155 2 1 
118 3 2.0 7 3 4 0 18 20 2 0.136115652336 2 2 
118 3 2.0 10 17 15 0 18 46 2 3.31166081551e-08 8 2 
118 3 2.0 12 11 1 0 4 2 3 1.04038956558e-54 2 0 
118 3 2.0 9 3 4 0 21 17 2 0.131062078975 3 1 
118 3 2.0 1 5 3 0 10 16 1 0.352986746981 0 4 
118 3 2.0 3 5 3 0 10 24 1 0.232635492426 0 4 
118 3 2.0 4 4 6 0 19 20 2 1.96343766327e-27 2 3 
118 4 0.0 2 4 9 0 31 30 1 0.115908713554 0 7 
118 4 0.0 8 6 4 0 13 17 2 0.117582473853 3 1 
118 4 0.0 5 7 6 0 27 27 2 0.142660574759 3 3 
118 4 0.0 11 11 6 0 17 8 2 7.20798047145e-34 4 1 
118 4 0.0 6 2 2 0 19 16 2 0.0904592704227 2 1 
118 4 0.0 7 3 4 0 18 20 2 0.0904617450079 2 2 
118 4 0.0 10 17 15 0 18 46 2 6.0925433619e-25 8 2 
118 4 0.0 12 11 1 0 4 2 3 1.95623841054e-77 2 0 
118 4 0.0 9 3 4 0 21 17 2 0.0638297863279 3 1 
118 4 0.0 1 5 3 0 10 16 1 0.413444119023 0 4 
118 4 0.0 3 5 3 0 10 24 1 0.247573196425 0 4 
118 4 0.0 4 4 6 0 19 20 2 0.00269608519789 2 3 
118 4 2.0 2 4 9 0 31 30 1 0.011264145485 0 7 
118 4 2.0 8 6 4 0 13 17 2 0.221606267452 3 1 
118 4 2.0 5 7 6 0 27 27 2 0.0501249558228 3 3 
118 4 2.0 11 11 6 0 17 8 2 6.3297243176e-41 4 1 
118 4 2.0 6 2 2 0 19 16 2 0.136122931499 2 1 
118 4 2.0 7 3 4 0 18 20 2 0.136122888183 2 2 
118 4 2.0 10 17 15 0 18 46 2 3.97220235974e-09 8 2 
118 4 2.0 12 11 1 0 4 2 3 1.51837007762e-54 2 0 
118 4 2.0 9 3 4 0 21 17 2 0.131030771266 3 1 
118 4 2.0 1 5 3 0 10 16 1 0.353048163033 0 4 
118 4 2.0 3 5 3 0 10 24 1 0.2327035663 0 4 
118 4 2.0 4 4 6 0 19 20 2 2.83517718529e-28 2 3 
118 5 0.0 2 4 9 0 31 30 1 0.116183815556 0 7 
118 5 0.0 8 6 4 0 13 17 2 0.117618365785 3 1 
118 5 0.0 5 7 6 0 27 27 2 0.142854351289 3 3 
118 5 0.0 11 11 6 0 17 8 2 2.53824117545e-35 4 1 
118 5 0.0 6 2 2 0 19 16 2 0.0904596989816 2 1 
118 5 0.0 7 3 4 0 18 20 2 0.0904557635203 2 2 
118 5 0.0 10 17 15 0 18 46 2 1.15183031028e-24 8 2 
118 5 0.0 12 11 1 0 4 2 3 7.65699456632e-78 2 0 
118 5 0.0 9 3 4 0 21 17 2 0.0640772076962 3 1 
118 5 0.0 1 5 3 0 10 16 1 0.413629115137 0 4 
118 5 0.0 3 5 3 0 10 24 1 0.247305556633 0 4 
118 5 0.0 4 4 6 0 19 20 2 0.00233783656979 2 3 
118 5 2.0 2 4 9 0 31 30 1 0.0112919047596 0 7 
118 5 2.0 8 6 4 0 13 17 2 0.221581192966 3 1 
118 5 2.0 5 7 6 0 27 27 2 0.0501475834038 3 3 
118 5 2.0 11 11 6 0 17 8 2 5.60790140256e-40 4 1 
118 5 2.0 6 2 2 0 19 16 2 0.136120444142 2 1 
118 5 2.0 7 3 4 0 18 20 2 0.136120393404 2 2 
118 5 2.0 10 17 15 0 18 46 2 1.03026563428e-08 8 2 
118 5 2.0 12 11 1 0 4 2 3 1.48529780494e-54 2 0 
118 5 2.0 9 3 4 0 21 17 2 0.131043848422 3 1 
118 5 2.0 1 5 3 0 10 16 1 0.353023560685 0 4 
118 5 2.0 3 5 3 0 10 24 1 0.232675489542 0 4 
118 5 2.0 4 4 6 0 19 20 2 6.29802479524e-29 2 3 
118 6 0.0 2 4 9 0 31 30 1 0.116478143326 0 7 
118 6 0.0 8 6 4 0 13 17 2 0.117660032799 3 1 
118 6 0.0 5 7 6 0 27 27 2 0.143062612967 3 3 
118 6 0.0 11 11 6 0 17 8 2 5.13481323906e-35 4 1 
118 6 0.0 6 2 2 0 19 16 2 0.090457191047 2 1 
118 6 0.0 7 3 4 0 18 20 2 0.0904555411727 2 2 
118 6 0.0 10 17 15 0 18 46 2 4.92644574972e-25 8 2 
118 6 0.0 12 11 1 0 4 2 3 1.04330768845e-77 2 0 
118 6 0.0 9 3 4 0 21 17 2 0.064344736082 3 1 
118 6 0.0 1 5 3 0 10 16 1 0.413827163554 0 4 
118 6 0.0 3 5 3 0 10 24 1 0.247007356597 0 4 
118 6 0.0 4 4 6 0 19 20 2 0.00194875990599 2 3 
118 6 2.0 2 4 9 0 31 30 1 0.0112957381721 0 7 
118 6 2.0 8 6 4 0 13 17 2 0.221577579843 3 1 
118 6 2.0 5 7 6 0 27 27 2 0.0501519704025 3 3 
118 6 2.0 11 11 6 0 17 8 2 9.74952981136e-40 4 1 
118 6 2.0 6 2 2 0 19 16 2 0.136119537234 2 1 
118 6 2.0 7 3 4 0 18 20 2 0.13611961608 2 2 
118 6 2.0 10 17 15 0 18 46 2 6.13440698739e-09 8 2 
118 6 2.0 12 11 1 0 4 2 3 2.25769311314e-54 2 0 
118 6 2.0 9 3 4 0 21 17 2 0.131044770047 3 1 
118 6 2.0 1 5 3 0 10 16 1 0.353019536922 0 4 
118 6 2.0 3 5 3 0 10 24 1 0.232671623144 0 4 
118 6 2.0 4 4 6 0 19 20 2 1.40893138419e-27 2 3 
118 7 0.0 2 4 9 0 31 30 1 0.116719025441 0 7 
118 7 0.0 8 6 4 0 13 17 2 0.117694971224 3 1 
118 7 0.0 5 7 6 0 27 27 2 0.14322985982 3 3 
118 7 0.0 11 11 6 0 17 8 2 1.57330622557e-37 4 1 
118 7 0.0 6 2 2 0 19 16 2 0.0904578922175 2 1 
118 7 0.0 7 3 4 0 18 20 2 0.0904512639973 2 2 
118 7 0.0 10 17 15 0 18 46 2 5.67641690385e-25 8 2 
118 7 0.0 12 11 1 0 4 2 3 2.13640446033e-77 2 0 
118 7 0.0 9 3 4 0 21 17 2 0.0645623277471 3 1 
118 7 0.0 1 5 3 0 10 16 1 0.413992950618 0 4 
118 7 0.0 3 5 3 0 10 24 1 0.246764065936 0 4 
118 7 0.0 4 4 6 0 19 20 2 0.00162998613269 2 3 
118 7 2.0 2 4 9 0 31 30 1 0.0113159945369 0 7 
118 7 2.0 8 6 4 0 13 17 2 0.221557104105 3 1 
118 7 2.0 5 7 6 0 27 27 2 0.0501698785073 3 3 
118 7 2.0 11 11 6 0 17 8 2 1.84602117788e-40 4 1 
118 7 2.0 6 2 2 0 19 16 2 0.136117285429 2 1 
118 7 2.0 7 3 4 0 18 20 2 0.136117148337 2 2 
118 7 2.0 10 17 15 0 18 46 2 1.11155235441e-08 8 2 
118 7 2.0 12 11 1 0 4 2 3 1.58615516092e-54 2 0 
118 7 2.0 9 3 4 0 21 17 2 0.131055309341 3 1 
118 7 2.0 1 5 3 0 10 16 1 0.353000559195 0 4 
118 7 2.0 3 5 3 0 10 24 1 0.232650991059 0 4 
118 7 2.0 4 4 6 0 19 20 2 4.55920231582e-28 2 3 
118 8 0.0 2 4 9 0 31 30 1 0.115948475864 0 7 
118 8 0.0 8 6 4 0 13 17 2 0.117587540758 3 1 
118 8 0.0 5 7 6 0 27 27 2 0.142689026368 3 3 
118 8 0.0 11 11 6 0 17 8 2 1.41386085075e-35 4 1 
118 8 0.0 6 2 2 0 19 16 2 0.0904609297867 2 1 
118 8 0.0 7 3 4 0 18 20 2 0.0904606732206 2 2 
118 8 0.0 10 17 15 0 18 46 2 1.28143989124e-24 8 2 
118 8 0.0 12 11 1 0 4 2 3 2.17852046206e-77 2 0 
118 8 0.0 9 3 4 0 21 17 2 0.06386462501 3 1 
118 8 0.0 1 5 3 0 10 16 1 0.41347105381 0 4 
118 8 0.0 3 5 3 0 10 24 1 0.247538417082 0 4 
118 8 0.0 4 4 6 0 19 20 2 0.00264625023401 2 3 
118 8 2.0 2 4 9 0 31 30 1 0.011313140818 0 7 
118 8 2.0 8 6 4 0 13 17 2 0.221559525901 3 1 
118 8 2.0 5 7 6 0 27 27 2 0.0501677320624 3 3 
118 8 2.0 11 11 6 0 17 8 2 4.7517981876e-40 4 1 
118 8 2.0 6 2 2 0 19 16 2 0.136117544406 2 1 
118 8 2.0 7 3 4 0 18 20 2 0.136117281305 2 2 
118 8 2.0 10 17 15 0 18 46 2 5.11574205207e-08 8 2 
118 8 2.0 12 11 1 0 4 2 3 7.50363007961e-55 2 0 
118 8 2.0 9 3 4 0 21 17 2 0.131053977644 3 1 
118 8 2.0 1 5 3 0 10 16 1 0.353002995596 0 4 
118 8 2.0 3 5 3 0 10 24 1 0.232653879636 0 4 
118 8 2.0 4 4 6 0 19 20 2 1.97680337657e-27 2 3 
118 9 0.0 2 4 9 0 31 30 1 0.116373706456 0 7 
118 9 0.0 8 6 4 0 13 17 2 0.117645226256 3 1 
118 9 0.0 5 7 6 0 27 27 2 0.142989304835 3 3 
118 9 0.0 11 11 6 0 17 8 2 5.7020276049e-36 4 1 
118 9 0.0 6 2 2 0 19 16 2 0.0904575049207 2 1 
118 9 0.0 7 3 4 0 18 20 2 0.0904558940838 2 2 
118 9 0.0 10 17 15 0 18 46 2 2.29120261267e-25 8 2 
118 9 0.0 12 11 1 0 4 2 3 2.56462299351e-77 2 0 
118 9 0.0 9 3 4 0 21 17 2 0.0642507254977 3 1 
118 9 0.0 1 5 3 0 10 16 1 0.413755924762 0 4 
118 9 0.0 3 5 3 0 10 24 1 0.247110504851 0 4 
118 9 0.0 4 4 6 0 19 20 2 0.00208564724018 2 3 
118 9 2.0 2 4 9 0 31 30 1 0.0112985965274 0 7 
118 9 2.0 8 6 4 0 13 17 2 0.221572980376 3 1 
118 9 2.0 5 7 6 0 27 27 2 0.0501551172307 3 3 
118 9 2.0 11 11 6 0 17 8 2 2.35655964015e-39 4 1 
118 9 2.0 6 2 2 0 19 16 2 0.13611898151 2 1 
118 9 2.0 7 3 4 0 18 20 2 0.136119035334 2 2 
118 9 2.0 10 17 15 0 18 46 2 1.49106730615e-08 8 2 
118 9 2.0 12 11 1 0 4 2 3 1.78277703128e-54 2 0 
118 9 2.0 9 3 4 0 21 17 2 0.1310474308 3 1 
118 9 2.0 1 5 3 0 10 16 1 0.353016293008 0 4 
118 9 2.0 3 5 3 0 10 24 1 0.23266861624 0 4 
118 9 2.0 4 4 6 0 19 20 2 1.621088027e-27 2 3 
118 10 0.0 2 4 9 0 31 30 1 0.116379678192 0 7 
118 10 0.0 8 6 4 0 13 17 2 0.117646101642 3 1 
118 10 0.0 5 7 6 0 27 27 2 0.142993517361 3 3 
118 10 0.0 11 11 6 0 17 8 2 4.50933343374e-35 4 1 
118 10 0.0 6 2 2 0 19 16 2 0.0904551080799 2 1 
118 10 0.0 7 3 4 0 18 20 2 0.0904580072947 2 2 
118 10 0.0 10 17 15 0 18 46 2 2.89825628402e-25 8 2 
118 10 0.0 12 11 1 0 4 2 3 2.44080644262e-77 2 0 
118 10 0.0 9 3 4 0 21 17 2 0.0642564080993 3 1 
118 10 0.0 1 5 3 0 10 16 1 0.413759841299 0 4 
118 10 0.0 3 5 3 0 10 24 1 0.247103548801 0 4 
118 10 0.0 4 4 6 0 19 20 2 0.0020773046352 2 3 
118 10 2.0 2 4 9 0 31 30 1 0.0112008028879 0 7 
118 10 2.0 8 6 4 0 13 17 2 0.221666801377 3 1 
118 10 2.0 5 7 6 0 27 27 2 0.0500709908019 3 3 
118 10 2.0 11 11 6 0 17 8 2 7.37569471063e-41 4 1 
118 10 2.0 6 2 2 0 19 16 2 0.136129507871 2 1 
118 10 2.0 7 3 4 0 18 20 2 0.136129500504 2 2 
118 10 2.0 10 17 15 0 18 46 2 8.91160930231e-09 8 2 
118 10 2.0 12 11 1 0 4 2 3 1.59768177302e-54 2 0 
118 10 2.0 9 3 4 0 21 17 2 0.130999587778 3 1 
118 10 2.0 1 5 3 0 10 16 1 0.353105967999 0 4 
118 10 2.0 3 5 3 0 10 24 1 0.232767848119 0 4 
118 10 2.0 4 4 6 0 19 20 2 9.12582831716e-29 2 3 
118 11 0.0 2 4 9 0 31 30 1 0.116394969212 0 7 
118 11 0.0 8 6 4 0 13 17 2 0.117648260138 3 1 
118 11 0.0 5 7 6 0 27 27 2 0.143004454002 3 3 
118 11 0.0 11 11 6 0 17 8 2 1.47150838329e-36 4 1 
118 11 0.0 6 2 2 0 19 16 2 0.0904576486019 2 1 
118 11 0.0 7 3 4 0 18 20 2 0.0904559334386 2 2 
118 11 0.0 10 17 15 0 18 46 2 6.24502246526e-25 8 2 
118 11 0.0 12 11 1 0 4 2 3 2.16214768057e-77 2 0 
118 11 0.0 9 3 4 0 21 17 2 0.0642698006796 3 1 
118 11 0.0 1 5 3 0 10 16 1 0.413770344087 0 4 
118 11 0.0 3 5 3 0 10 24 1 0.247089886489 0 4 
118 11 0.0 4 4 6 0 19 20 2 0.00205798008748 2 3 
118 11 2.0 2 4 9 0 31 30 1 0.0113182928553 0 7 
118 11 2.0 8 6 4 0 13 17 2 0.221555252022 3 1 
118 11 2.0 5 7 6 0 27 27 2 0.0501714588105 3 3 
118 11 2.0 11 11 6 0 17 8 2 1.18698250931e-40 4 1 
118 11 2.0 6 2 2 0 19 16 2 0.136117238376 2 1 
118 11 2.0 7 3 4 0 18 20 2 0.136116972957 2 2 
118 11 2.0 10 17 15 0 18 46 2 2.25553267886e-08 8 2 
118 11 2.0 12 11 1 0 4 2 3 8.18837666156e-55 2 0 
118 11 2.0 9 3 4 0 21 17 2 0.131056397629 3 1 
118 11 2.0 1 5 3 0 10 16 1 0.352998716674 0 4 
118 11 2.0 3 5 3 0 10 24 1 0.23264871177 0 4 
118 11 2.0 4 4 6 0 19 20 2 2.5371706042e-27 2 3 
118 12 0.0 2 4 9 0 31 30 1 0.116624808441 0 7 
118 12 0.0 8 6 4 0 13 17 2 0.11768165388 3 1 
118 12 0.0 5 7 6 0 27 27 2 0.143166016042 3 3 
118 12 0.0 11 11 6 0 17 8 2 5.40660604219e-35 4 1 
118 12 0.0 6 2 2 0 19 16 2 0.0904578724676 2 1 
118 12 0.0 7 3 4 0 18 20 2 0.0904550981132 2 2 
118 12 0.0 10 17 15 0 18 46 2 4.31803466894e-25 8 2 
118 12 0.0 12 11 1 0 4 2 3 1.98336783251e-77 2 0 
118 12 0.0 9 3 4 0 21 17 2 0.0644774241754 3 1 
118 12 0.0 1 5 3 0 10 16 1 0.413927065002 0 4 
118 12 0.0 3 5 3 0 10 24 1 0.246859853741 0 4 
118 12 0.0 4 4 6 0 19 20 2 0.00175531066131 2 3 
118 12 2.0 2 4 9 0 31 30 1 0.0112708511701 0 7 
118 12 2.0 8 6 4 0 13 17 2 0.221600843837 3 1 
118 12 2.0 5 7 6 0 27 27 2 0.0501307305256 3 3 
118 12 2.0 11 11 6 0 17 8 2 1.05104287178e-40 4 1 
118 12 2.0 6 2 2 0 19 16 2 0.136122260912 2 1 
118 12 2.0 7 3 4 0 18 20 2 0.136122157829 2 2 
118 12 2.0 10 17 15 0 18 46 2 1.62869544476e-08 8 2 
118 12 2.0 12 11 1 0 4 2 3 1.31880922516e-54 2 0 
118 12 2.0 9 3 4 0 21 17 2 0.131033075148 3 1 
118 12 2.0 1 5 3 0 10 16 1 0.353042174294 0 4 
118 12 2.0 3 5 3 0 10 24 1 0.232696821452 0 4 
118 12 2.0 4 4 6 0 19 20 2 3.99112822164e-28 2 3 
118 13 0.0 2 4 9 0 31 30 1 0.116557952154 0 7 
118 13 0.0 8 6 4 0 13 17 2 0.11767189716 3 1 
118 13 0.0 5 7 6 0 27 27 2 0.143118934334 3 3 
118 13 0.0 11 11 6 0 17 8 2 4.92224803784e-34 4 1 
118 13 0.0 6 2 2 0 19 16 2 0.0904580603715 2 1 
118 13 0.0 7 3 4 0 18 20 2 0.0904533204957 2 2 
118 13 0.0 10 17 15 0 18 46 2 2.94080451533e-24 8 2 
118 13 0.0 12 11 1 0 4 2 3 2.79235369895e-78 2 0 
118 13 0.0 9 3 4 0 21 17 2 0.064418467431 3 1 
118 13 0.0 1 5 3 0 10 16 1 0.413880728499 0 4 
118 13 0.0 3 5 3 0 10 24 1 0.24692163373 0 4 
118 13 0.0 4 4 6 0 19 20 2 0.00184082533044 2 3 
118 13 2.0 2 4 9 0 31 30 1 0.0113154995792 0 7 
118 13 2.0 8 6 4 0 13 17 2 0.221558323615 3 1 
118 13 2.0 5 7 6 0 27 27 2 0.0501687920161 3 3 
118 13 2.0 11 11 6 0 17 8 2 1.96412952219e-39 4 1 
118 13 2.0 6 2 2 0 19 16 2 0.136117582449 2 1 
118 13 2.0 7 3 4 0 18 20 2 0.136117534029 2 2 
118 13 2.0 10 17 15 0 18 46 2 5.23905887331e-08 8 2 
118 13 2.0 12 11 1 0 4 2 3 1.52262555987e-54 2 0 
118 13 2.0 9 3 4 0 21 17 2 0.131054897246 3 1 
118 13 2.0 1 5 3 0 10 16 1 0.353001449021 0 4 
118 13 2.0 3 5 3 0 10 24 1 0.232651500428 0 4 
118 13 2.0 4 4 6 0 19 20 2 2.47013982869e-27 2 3 
118 14 0.0 2 4 9 0 31 30 1 0.116278135205 0 7 
118 14 0.0 8 6 4 0 13 17 2 0.117631794004 3 1 
118 14 0.0 5 7 6 0 27 27 2 0.142921577943 3 3 
118 14 0.0 11 11 6 0 17 8 2 1.72929448505e-34 4 1 
118 14 0.0 6 2 2 0 19 16 2 0.0904569290906 2 1 
118 14 0.0 7 3 4 0 18 20 2 0.0904555294241 2 2 
118 14 0.0 10 17 15 0 18 46 2 2.48820954611e-24 8 2 
118 14 0.0 12 11 1 0 4 2 3 2.11235275805e-77 2 0 
118 14 0.0 9 3 4 0 21 17 2 0.0641654873354 3 1 
118 14 0.0 1 5 3 0 10 16 1 0.413690939415 0 4 
118 14 0.0 3 5 3 0 10 24 1 0.24720138924 0 4 
118 14 0.0 4 4 6 0 19 20 2 0.00220899431597 2 3 
118 14 2.0 2 4 9 0 31 30 1 0.0113082109926 0 7 
118 14 2.0 8 6 4 0 13 17 2 0.221565308252 3 1 
118 14 2.0 5 7 6 0 27 27 2 0.0501621749118 3 3 
118 14 2.0 11 11 6 0 17 8 2 2.83464766329e-38 4 1 
118 14 2.0 6 2 2 0 19 16 2 0.136118402736 2 1 
118 14 2.0 7 3 4 0 18 20 2 0.136118360456 2 2 
118 14 2.0 10 17 15 0 18 46 2 2.09895195095e-07 8 2 
118 14 2.0 12 11 1 0 4 2 3 9.54953466897e-55 2 0 
118 14 2.0 9 3 4 0 21 17 2 0.131051546875 3 1 
118 14 2.0 1 5 3 0 10 16 1 0.353008402402 0 4 
118 14 2.0 3 5 3 0 10 24 1 0.232658997915 0 4 
118 14 2.0 4 4 6 0 19 20 2 2.54946502462e-27 2 3 
118 15 0.0 2 4 9 0 31 30 1 0.116618515949 0 7 
118 15 0.0 8 6 4 0 13 17 2 0.117680552133 3 1 
118 15 0.0 5 7 6 0 27 27 2 0.143160834285 3 3 
118 15 0.0 11 11 6 0 17 8 2 8.11359240867e-34 4 1 
118 15 0.0 6 2 2 0 19 16 2 0.0904541756671 2 1 
118 15 0.0 7 3 4 0 18 20 2 0.0904565684184 2 2 
118 15 0.0 10 17 15 0 18 46 2 2.11370607767e-24 8 2 
118 15 0.0 12 11 1 0 4 2 3 1.88573603064e-77 2 0 
118 15 0.0 9 3 4 0 21 17 2 0.0644726047206 3 1 
118 15 0.0 1 5 3 0 10 16 1 0.413922742964 0 4 
118 15 0.0 3 5 3 0 10 24 1 0.246862486336 0 4 
118 15 0.0 4 4 6 0 19 20 2 0.00176164356164 2 3 
118 15 2.0 2 4 9 0 31 30 1 0.0113078502322 0 7 
118 15 2.0 8 6 4 0 13 17 2 0.221565476636 3 1 
118 15 2.0 5 7 6 0 27 27 2 0.0501625597945 3 3 
118 15 2.0 11 11 6 0 17 8 2 4.66853880957e-39 4 1 
118 15 2.0 6 2 2 0 19 16 2 0.136118207174 2 1 
118 15 2.0 7 3 4 0 18 20 2 0.136118175911 2 2 
118 15 2.0 10 17 15 0 18 46 2 1.45235193162e-07 8 2 
118 15 2.0 12 11 1 0 4 2 3 8.04931623975e-55 2 0 
118 15 2.0 9 3 4 0 21 17 2 0.131051011619 3 1 
118 15 2.0 1 5 3 0 10 16 1 0.353008328946 0 4 
118 15 2.0 3 5 3 0 10 24 1 0.23265931658 0 4 
118 15 2.0 4 4 6 0 19 20 2 1.38592757669e-27 2 3 
118 16 0.0 2 4 9 0 31 30 1 0.116195136196 0 7 
118 16 0.0 8 6 4 0 13 17 2 0.117619786366 3 1 
118 16 0.0 5 7 6 0 27 27 2 0.142862255669 3 3 
118 16 0.0 11 11 6 0 17 8 2 1.56707701145e-35 4 1 
118 16 0.0 6 2 2 0 19 16 2 0.0904585658769 2 1 
118 16 0.0 7 3 4 0 18 20 2 0.0904574393322 2 2 
118 16 0.0 10 17 15 0 18 46 2 1.60124334672e-25 8 2 
118 16 0.0 12 11 1 0 4 2 3 1.75402126939e-77 2 0 
118 16 0.0 9 3 4 0 21 17 2 0.0640865006026 3 1 
118 16 0.0 1 5 3 0 10 16 1 0.413637221085 0 4 
118 16 0.0 3 5 3 0 10 24 1 0.247297623737 0 4 
118 16 0.0 4 4 6 0 19 20 2 0.00232458878118 2 3 
118 16 2.0 2 4 9 0 31 30 1 0.0112463773121 0 7 
118 16 2.0 8 6 4 0 13 17 2 0.221624111664 3 1 
118 16 2.0 5 7 6 0 27 27 2 0.0501097620887 3 3 
118 16 2.0 11 11 6 0 17 8 2 2.85852946359e-40 4 1 
118 16 2.0 6 2 2 0 19 16 2 0.136124811146 2 1 
118 16 2.0 7 3 4 0 18 20 2 0.136124784434 2 2 
118 16 2.0 10 17 15 0 18 46 2 2.17512653797e-08 8 2 
118 16 2.0 12 11 1 0 4 2 3 8.74240364481e-55 2 0 
118 16 2.0 9 3 4 0 21 17 2 0.131021236066 3 1 
118 16 2.0 1 5 3 0 10 16 1 0.353064549983 0 4 
118 16 2.0 3 5 3 0 10 24 1 0.232721656945 0 4 
118 16 2.0 4 4 6 0 19 20 2 1.13482532772e-27 2 3 
118 17 0.0 2 4 9 0 31 30 1 0.116230329458 0 7 
118 17 0.0 8 6 4 0 13 17 2 0.117625729849 3 1 
118 17 0.0 5 7 6 0 27 27 2 0.142889605292 3 3 
118 17 0.0 11 11 6 0 17 8 2 2.13257051959e-34 4 1 
118 17 0.0 6 2 2 0 19 16 2 0.0904573326156 2 1 
118 17 0.0 7 3 4 0 18 20 2 0.0904594990454 2 2 
118 17 0.0 10 17 15 0 18 46 2 1.52842227093e-25 8 2 
118 17 0.0 12 11 1 0 4 2 3 1.54808272942e-77 2 0 
118 17 0.0 9 3 4 0 21 17 2 0.0641216641419 3 1 
118 17 0.0 1 5 3 0 10 16 1 0.413658134683 0 4 
118 17 0.0 3 5 3 0 10 24 1 0.247252438405 0 4 
118 17 0.0 4 4 6 0 19 20 2 0.00227381696928 2 3 
118 17 2.0 2 4 9 0 31 30 1 0.0113099551771 0 7 
118 17 2.0 8 6 4 0 13 17 2 0.221563894728 3 1 
118 17 2.0 5 7 6 0 27 27 2 0.0501636669202 3 3 
118 17 2.0 11 11 6 0 17 8 2 6.99640277675e-40 4 1 
118 17 2.0 6 2 2 0 19 16 2 0.136118286778 2 1 
118 17 2.0 7 3 4 0 18 20 2 0.136118103279 2 2 
118 17 2.0 10 17 15 0 18 46 2 1.72560668772e-07 8 2 
118 17 2.0 12 11 1 0 4 2 3 1.24803880946e-54 2 0 
118 17 2.0 9 3 4 0 21 17 2 0.13105215212 3 1 
118 17 2.0 1 5 3 0 10 16 1 0.353006833743 0 4 
118 17 2.0 3 5 3 0 10 24 1 0.232657240859 0 4 
118 17 2.0 4 4 6 0 19 20 2 3.45275866099e-27 2 3 
118 18 0.0 2 4 9 0 31 30 1 0.116597282717 0 7 
118 18 0.0 8 6 4 0 13 17 2 0.117677471584 3 1 
118 18 0.0 5 7 6 0 27 27 2 0.143146237233 3 3 
118 18 0.0 11 11 6 0 17 8 2 5.42483772481e-35 4 1 
118 18 0.0 6 2 2 0 19 16 2 0.0904569590307 2 1 
118 18 0.0 7 3 4 0 18 20 2 0.0904544578713 2 2 
118 18 0.0 10 17 15 0 18 46 2 2.88610197979e-24 8 2 
118 18 0.0 12 11 1 0 4 2 3 2.29336067207e-77 2 0 
118 18 0.0 9 3 4 0 21 17 2 0.0644532376954 3 1 
118 18 0.0 1 5 3 0 10 16 1 0.413908160777 0 4 
118 18 0.0 3 5 3 0 10 24 1 0.246884737128 0 4 
118 18 0.0 4 4 6 0 19 20 2 0.00179013682702 2 3 
118 18 2.0 2 4 9 0 31 30 1 0.0112723259554 0 7 
118 18 2.0 8 6 4 0 13 17 2 0.221599149203 3 1 
118 18 2.0 5 7 6 0 27 27 2 0.0501320991932 3 3 
118 18 2.0 11 11 6 0 17 8 2 9.51654096682e-42 4 1 
118 18 2.0 6 2 2 0 19 16 2 0.136122056536 2 1 
118 18 2.0 7 3 4 0 18 20 2 0.136121939678 2 2 
118 18 2.0 10 17 15 0 18 46 2 2.03200269221e-08 8 2 
118 18 2.0 12 11 1 0 4 2 3 1.66540965442e-54 2 0 
118 18 2.0 9 3 4 0 21 17 2 0.131033979491 3 1 
118 18 2.0 1 5 3 0 10 16 1 0.353040746909 0 4 
118 18 2.0 3 5 3 0 10 24 1 0.232695348716 0 4 
118 18 2.0 4 4 6 0 19 20 2 5.42031661312e-28 2 3 
118 19 0.0 2 4 9 0 31 30 1 0.117464408372 0 7 
118 19 0.0 8 6 4 0 13 17 2 0.117812045453 3 1 
118 19 0.0 5 7 6 0 27 27 2 0.143742236795 3 3 
118 19 0.0 11 11 6 0 17 8 2 1.74307995199e-35 4 1 
118 19 0.0 6 2 2 0 19 16 2 0.090457283206 2 1 
118 19 0.0 7 3 4 0 18 20 2 0.0904547601411 2 2 
118 19 0.0 10 17 15 0 18 46 2 7.33441922913e-25 8 2 
118 19 0.0 12 11 1 0 4 2 3 2.66298598673e-77 2 0 
118 19 0.0 9 3 4 0 21 17 2 0.0652290876367 3 1 
118 19 0.0 1 5 3 0 10 16 1 0.414519453645 0 4 
118 19 0.0 3 5 3 0 10 24 1 0.246019338709 0 4 
118 19 0.0 4 4 6 0 19 20 2 0.00064616497863 2 3 
118 19 2.0 2 4 9 0 31 30 1 0.0113076856814 0 7 
118 19 2.0 8 6 4 0 13 17 2 0.221564906585 3 1 
118 19 2.0 5 7 6 0 27 27 2 0.050162577191 3 3 
118 19 2.0 11 11 6 0 17 8 2 5.91682817758e-39 4 1 
118 19 2.0 6 2 2 0 19 16 2 0.136118122067 2 1 
118 19 2.0 7 3 4 0 18 20 2 0.136118191628 2 2 
118 19 2.0 10 17 15 0 18 46 2 2.56350588965e-08 8 2 
118 19 2.0 12 11 1 0 4 2 3 1.39858285955e-54 2 0 
118 19 2.0 9 3 4 0 21 17 2 0.131051526403 3 1 
118 19 2.0 1 5 3 0 10 16 1 0.353008251032 0 4 
118 19 2.0 3 5 3 0 10 24 1 0.232659463184 0 4 
118 19 2.0 4 4 6 0 19 20 2 9.0059850713e-28 2 3 
118 20 0.0 2 4 9 0 31 30 1 0.115196351957 0 7 
118 20 0.0 8 6 4 0 13 17 2 0.117495618401 3 1 
118 20 0.0 5 7 6 0 27 27 2 0.142144702032 3 3 
118 20 0.0 11 11 6 0 17 8 2 6.13276710287e-36 4 1 
118 20 0.0 6 2 2 0 19 16 2 0.0904711481745 2 1 
118 20 0.0 7 3 4 0 18 20 2 0.0904687714771 2 2 
118 20 0.0 10 17 15 0 18 46 2 2.55767275196e-25 8 2 
118 20 0.0 12 11 1 0 4 2 3 2.43594497047e-77 2 0 
118 20 0.0 9 3 4 0 21 17 2 0.0631786638128 3 1 
118 20 0.0 1 5 3 0 10 16 1 0.412985600491 0 4 
118 20 0.0 3 5 3 0 10 24 1 0.248286434586 0 4 
118 20 0.0 4 4 6 0 19 20 2 0.00363041364542 2 3 
118 20 2.0 2 4 9 0 31 30 1 0.0113159358483 0 7 
118 20 2.0 8 6 4 0 13 17 2 0.221556983926 3 1 
118 20 2.0 5 7 6 0 27 27 2 0.0501701299622 3 3 
118 20 2.0 11 11 6 0 17 8 2 7.0640393686e-40 4 1 
118 20 2.0 6 2 2 0 19 16 2 0.136117200511 2 1 
118 20 2.0 7 3 4 0 18 20 2 0.136117048567 2 2 
118 20 2.0 10 17 15 0 18 46 2 1.04318580658e-08 8 2 
118 20 2.0 12 11 1 0 4 2 3 1.33008292239e-54 2 0 
118 20 2.0 9 3 4 0 21 17 2 0.131055223015 3 1 
118 20 2.0 1 5 3 0 10 16 1 0.353000448285 0 4 
118 20 2.0 3 5 3 0 10 24 1 0.232651068107 0 4 
118 20 2.0 4 4 6 0 19 20 2 7.96867133977e-27 2 3 
118 21 0.0 2 4 9 0 31 30 1 0.116570047857 0 7 
118 21 0.0 8 6 4 0 13 17 2 0.117673672002 3 1 
118 21 0.0 5 7 6 0 27 27 2 0.143127571686 3 3 
118 21 0.0 11 11 6 0 17 8 2 1.42202571326e-33 4 1 
118 21 0.0 6 2 2 0 19 16 2 0.0904543410069 2 1 
118 21 0.0 7 3 4 0 18 20 2 0.0904576714168 2 2 
118 21 0.0 10 17 15 0 18 46 2 3.8919123575e-25 8 2 
118 21 0.0 12 11 1 0 4 2 3 1.67318065239e-77 2 0 
118 21 0.0 9 3 4 0 21 17 2 0.0644289967571 3 1 
118 21 0.0 1 5 3 0 10 16 1 0.413889121844 0 4 
118 21 0.0 3 5 3 0 10 24 1 0.246911100691 0 4 
118 21 0.0 4 4 6 0 19 20 2 0.00182568593908 2 3 
118 21 2.0 2 4 9 0 31 30 1 0.0112892010925 0 7 
118 21 2.0 8 6 4 0 13 17 2 0.221583766222 3 1 
118 21 2.0 5 7 6 0 27 27 2 0.0501463378998 3 3 
118 21 2.0 11 11 6 0 17 8 2 3.49158760731e-40 4 1 
118 21 2.0 6 2 2 0 19 16 2 0.136120301274 2 1 
118 21 2.0 7 3 4 0 18 20 2 0.136120292912 2 2 
118 21 2.0 10 17 15 0 18 46 2 8.01395386806e-09 8 2 
118 21 2.0 12 11 1 0 4 2 3 1.4781062416e-54 2 0 
118 21 2.0 9 3 4 0 21 17 2 0.131041672941 3 1 
118 21 2.0 1 5 3 0 10 16 1 0.353025510293 0 4 
118 21 2.0 3 5 3 0 10 24 1 0.232678220756 0 4 
118 21 2.0 4 4 6 0 19 20 2 8.62012232359e-28 2 3 
118 22 0.0 2 4 9 0 31 30 1 0.117309264431 0 7 
118 22 0.0 8 6 4 0 13 17 2 0.117786954279 3 1 
118 22 0.0 5 7 6 0 27 27 2 0.143636847794 3 3 
118 22 0.0 11 11 6 0 17 8 2 1.79900626796e-34 4 1 
118 22 0.0 6 2 2 0 19 16 2 0.090455894707 2 1 
118 22 0.0 7 3 4 0 18 20 2 0.09045418566 2 2 
118 22 0.0 10 17 15 0 18 46 2 1.19739069833e-24 8 2 
118 22 0.0 12 11 1 0 4 2 3 2.64876592034e-77 2 0 
118 22 0.0 9 3 4 0 21 17 2 0.065092084577 3 1 
118 22 0.0 1 5 3 0 10 16 1 0.414407474966 0 4 
118 22 0.0 3 5 3 0 10 24 1 0.246170258354 0 4 
118 22 0.0 4 4 6 0 19 20 2 0.000849237911316 2 3 
118 22 2.0 2 4 9 0 31 30 1 0.0113031127686 0 7 
118 22 2.0 8 6 4 0 13 17 2 0.221570207326 3 1 
118 22 2.0 5 7 6 0 27 27 2 0.05015816194 3 3 
118 22 2.0 11 11 6 0 17 8 2 1.53917083004e-40 4 1 
118 22 2.0 6 2 2 0 19 16 2 0.136118861231 2 1 
118 22 2.0 7 3 4 0 18 20 2 0.136118823802 2 2 
118 22 2.0 10 17 15 0 18 46 2 4.78468898278e-09 8 2 
118 22 2.0 12 11 1 0 4 2 3 1.80990515454e-54 2 0 
118 22 2.0 9 3 4 0 21 17 2 0.131048790774 3 1 
118 22 2.0 1 5 3 0 10 16 1 0.353012786273 0 4 
118 22 2.0 3 5 3 0 10 24 1 0.232664085292 0 4 
118 22 2.0 4 4 6 0 19 20 2 1.83911991738e-27 2 3 
118 23 0.0 2 4 9 0 31 30 1 0.116844241531 0 7 
118 23 0.0 8 6 4 0 13 17 2 0.117714176851 3 1 
118 23 0.0 5 7 6 0 27 27 2 0.143317991255 3 3 
118 23 0.0 11 11 6 0 17 8 2 4.27392146117e-35 4 1 
118 23 0.0 6 2 2 0 19 16 2 0.0904559482695 2 1 
118 23 0.0 7 3 4 0 18 20 2 0.0904556645638 2 2 
118 23 0.0 10 17 15 0 18 46 2 3.45374523402e-25 8 2 
118 23 0.0 12 11 1 0 4 2 3 2.21847551766e-77 2 0 
118 23 0.0 9 3 4 0 21 17 2 0.0646744271108 3 1 
118 23 0.0 1 5 3 0 10 16 1 0.414079458228 0 4 
118 23 0.0 3 5 3 0 10 24 1 0.246641359306 0 4 
118 23 0.0 4 4 6 0 19 20 2 0.00146637955444 2 3 
118 23 2.0 2 4 9 0 31 30 1 0.011317662489 0 7 
118 23 2.0 8 6 4 0 13 17 2 0.221555000597 3 1 
118 23 2.0 5 7 6 0 27 27 2 0.0501720226152 3 3 
118 23 2.0 11 11 6 0 17 8 2 2.3203416218e-39 4 1 
118 23 2.0 6 2 2 0 19 16 2 0.136116842794 2 1 
118 23 2.0 7 3 4 0 18 20 2 0.136116774037 2 2 
118 23 2.0 10 17 15 0 18 46 2 1.31088078099e-08 8 2 
118 23 2.0 12 11 1 0 4 2 3 1.5458004632e-54 2 0 
118 23 2.0 9 3 4 0 21 17 2 0.131056077028 3 1 
118 23 2.0 1 5 3 0 10 16 1 0.352998611787 0 4 
118 23 2.0 3 5 3 0 10 24 1 0.232649286521 0 4 
118 23 2.0 4 4 6 0 19 20 2 2.40219115072e-27 2 3 
118 24 0.0 2 4 9 0 31 30 1 0.117484300701 0 7 
118 24 0.0 8 6 4 0 13 17 2 0.117814993203 3 1 
118 24 0.0 5 7 6 0 27 27 2 0.143755019724 3 3 
118 24 0.0 11 11 6 0 17 8 2 1.2307192307e-35 4 1 
118 24 0.0 6 2 2 0 19 16 2 0.090457505784 2 1 
118 24 0.0 7 3 4 0 18 20 2 0.0904540898133 2 2 
118 24 0.0 10 17 15 0 18 46 2 1.36164105869e-25 8 2 
118 24 0.0 12 11 1 0 4 2 3 1.47660023192e-77 2 0 
118 24 0.0 9 3 4 0 21 17 2 0.0652460640365 3 1 
118 24 0.0 1 5 3 0 10 16 1 0.414534462723 0 4 
118 24 0.0 3 5 3 0 10 24 1 0.246001576977 0 4 
118 24 0.0 4 4 6 0 19 20 2 0.000620777332314 2 3 
118 24 2.0 2 4 9 0 31 30 1 0.0113043911231 0 7 
118 24 2.0 8 6 4 0 13 17 2 0.221569379247 3 1 
118 24 2.0 5 7 6 0 27 27 2 0.0501589951621 3 3 
118 24 2.0 11 11 6 0 17 8 2 6.94202472595e-40 4 1 
118 24 2.0 6 2 2 0 19 16 2 0.136118848771 2 1 
118 24 2.0 7 3 4 0 18 20 2 0.136118699003 2 2 
118 24 2.0 10 17 15 0 18 46 2 3.28166410511e-08 8 2 
118 24 2.0 12 11 1 0 4 2 3 9.79401398808e-55 2 0 
118 24 2.0 9 3 4 0 21 17 2 0.131049216537 3 1 
118 24 2.0 1 5 3 0 10 16 1 0.353011832009 0 4 
118 24 2.0 3 5 3 0 10 24 1 0.232662846886 0 4 
118 24 2.0 4 4 6 0 19 20 2 4.38471949329e-27 2 3 
118 25 0.0 2 4 9 0 31 30 1 0.116180306453 0 7 
118 25 0.0 8 6 4 0 13 17 2 0.117618192632 3 1 
118 25 0.0 5 7 6 0 27 27 2 0.142852700555 3 3 
118 25 0.0 11 11 6 0 17 8 2 5.60478376879e-36 4 1 
118 25 0.0 6 2 2 0 19 16 2 0.0904595358282 2 1 
118 25 0.0 7 3 4 0 18 20 2 0.0904571631231 2 2 
118 25 0.0 10 17 15 0 18 46 2 1.53722524305e-25 8 2 
118 25 0.0 12 11 1 0 4 2 3 2.00262550985e-77 2 0 
118 25 0.0 9 3 4 0 21 17 2 0.0640743229827 3 1 
118 25 0.0 1 5 3 0 10 16 1 0.413626211245 0 4 
118 25 0.0 3 5 3 0 10 24 1 0.247308542338 0 4 
118 25 0.0 4 4 6 0 19 20 2 0.00234234860357 2 3 
118 25 2.0 2 4 9 0 31 30 1 0.0113211124169 0 7 
118 25 2.0 8 6 4 0 13 17 2 0.221552649942 3 1 
118 25 2.0 5 7 6 0 27 27 2 0.0501740064469 3 3 
118 25 2.0 11 11 6 0 17 8 2 6.54683803391e-38 4 1 
118 25 2.0 6 2 2 0 19 16 2 0.136116698295 2 1 
118 25 2.0 7 3 4 0 18 20 2 0.136116794471 2 2 
118 25 2.0 10 17 15 0 18 46 2 4.95998534454e-08 8 2 
118 25 2.0 12 11 1 0 4 2 3 1.46700692574e-54 2 0 
118 25 2.0 9 3 4 0 21 17 2 0.131057568892 3 1 
118 25 2.0 1 5 3 0 10 16 1 0.352996096346 0 4 
118 25 2.0 3 5 3 0 10 24 1 0.232645848846 0 4 
118 25 2.0 4 4 6 0 19 20 2 1.11317442662e-27 2 3 
118 26 0.0 2 4 9 0 31 30 1 0.116006735592 0 7 
118 26 0.0 8 6 4 0 13 17 2 0.117595491233 3 1 
118 26 0.0 5 7 6 0 27 27 2 0.142730954574 3 3 
118 26 0.0 11 11 6 0 17 8 2 2.6843640819e-35 4 1 
118 26 0.0 6 2 2 0 19 16 2 0.0904595308186 2 1 
118 26 0.0 7 3 4 0 18 20 2 0.0904601790758 2 2 
118 26 0.0 10 17 15 0 18 46 2 9.11802841388e-25 8 2 
118 26 0.0 12 11 1 0 4 2 3 2.7073530072e-77 2 0 
118 26 0.0 9 3 4 0 21 17 2 0.0639191795491 3 1 
118 26 0.0 1 5 3 0 10 16 1 0.413508653546 0 4 
118 26 0.0 3 5 3 0 10 24 1 0.247474667293 0 4 
118 26 0.0 4 4 6 0 19 20 2 0.00256707944245 2 3 
118 26 2.0 2 4 9 0 31 30 1 0.0112750531048 0 7 
118 26 2.0 8 6 4 0 13 17 2 0.221597103905 3 1 
118 26 2.0 5 7 6 0 27 27 2 0.0501347184099 3 3 
118 26 2.0 11 11 6 0 17 8 2 4.87510129205e-40 4 1 
118 26 2.0 6 2 2 0 19 16 2 0.136121610421 2 1 
118 26 2.0 7 3 4 0 18 20 2 0.136121605221 2 2 
118 26 2.0 10 17 15 0 18 46 2 3.24421185403e-08 8 2 
118 26 2.0 12 11 1 0 4 2 3 1.41599416113e-54 2 0 
118 26 2.0 9 3 4 0 21 17 2 0.131034538866 3 1 
118 26 2.0 1 5 3 0 10 16 1 0.353038208359 0 4 
118 26 2.0 3 5 3 0 10 24 1 0.232692613441 0 4 
118 26 2.0 4 4 6 0 19 20 2 1.39310831865e-27 2 3 
118 27 0.0 2 4 9 0 31 30 1 0.116580198701 0 7 
118 27 0.0 8 6 4 0 13 17 2 0.117675106838 3 1 
118 27 0.0 5 7 6 0 27 27 2 0.143134722206 3 3 
118 27 0.0 11 11 6 0 17 8 2 4.79146864963e-35 4 1 
118 27 0.0 6 2 2 0 19 16 2 0.0904563766133 2 1 
118 27 0.0 7 3 4 0 18 20 2 0.0904561872198 2 2 
118 27 0.0 10 17 15 0 18 46 2 8.75993825717e-25 8 2 
118 27 0.0 12 11 1 0 4 2 3 2.28112765143e-77 2 0 
118 27 0.0 9 3 4 0 21 17 2 0.0644375659558 3 1 
118 27 0.0 1 5 3 0 10 16 1 0.413896321113 0 4 
118 27 0.0 3 5 3 0 10 24 1 0.246903054937 0 4 
118 27 0.0 4 4 6 0 19 20 2 0.00181335797438 2 3 
118 27 2.0 2 4 9 0 31 30 1 0.0113302147414 0 7 
118 27 2.0 8 6 4 0 13 17 2 0.221544008573 3 1 
118 27 2.0 5 7 6 0 27 27 2 0.0501820835473 3 3 
118 27 2.0 11 11 6 0 17 8 2 1.93845112788e-38 4 1 
118 27 2.0 6 2 2 0 19 16 2 0.13611564691 2 1 
118 27 2.0 7 3 4 0 18 20 2 0.136115708852 2 2 
118 27 2.0 10 17 15 0 18 46 2 6.86594334478e-08 8 2 
118 27 2.0 12 11 1 0 4 2 3 1.36339958417e-54 2 0 
118 27 2.0 9 3 4 0 21 17 2 0.13106173665 3 1 
118 27 2.0 1 5 3 0 10 16 1 0.352987666275 0 4 
118 27 2.0 3 5 3 0 10 24 1 0.232636656433 0 4 
118 27 2.0 4 4 6 0 19 20 2 7.09244760554e-27 2 3 
118 28 0.0 2 4 9 0 31 30 1 0.117098376629 0 7 
118 28 0.0 8 6 4 0 13 17 2 0.117753645655 3 1 
118 28 0.0 5 7 6 0 27 27 2 0.143493382221 3 3 
118 28 0.0 11 11 6 0 17 8 2 1.0977277855e-34 4 1 
118 28 0.0 6 2 2 0 19 16 2 0.0904550386948 2 1 
118 28 0.0 7 3 4 0 18 20 2 0.0904555224781 2 2 
118 28 0.0 10 17 15 0 18 46 2 6.74624272172e-25 8 2 
118 28 0.0 12 11 1 0 4 2 3 1.34690345322e-77 2 0 
118 28 0.0 9 3 4 0 21 17 2 0.0649038974112 3 1 
118 28 0.0 1 5 3 0 10 16 1 0.414257058025 0 4 
118 28 0.0 3 5 3 0 10 24 1 0.246381316489 0 4 
118 28 0.0 4 4 6 0 19 20 2 0.00112807439264 2 3 
118 28 2.0 2 4 9 0 31 30 1 0.011324708744 0 7 
118 28 2.0 8 6 4 0 13 17 2 0.221548828315 3 1 
118 28 2.0 5 7 6 0 27 27 2 0.0501771318684 3 3 
118 28 2.0 11 11 6 0 17 8 2 4.25080186711e-39 4 1 
118 28 2.0 6 2 2 0 19 16 2 0.136116351919 2 1 
118 28 2.0 7 3 4 0 18 20 2 0.136116392862 2 2 
118 28 2.0 10 17 15 0 18 46 2 1.05331201821e-08 8 2 
118 28 2.0 12 11 1 0 4 2 3 1.51773654033e-54 2 0 
118 28 2.0 9 3 4 0 21 17 2 0.131059684275 3 1 
118 28 2.0 1 5 3 0 10 16 1 0.352992684681 0 4 
118 28 2.0 3 5 3 0 10 24 1 0.2326421158 0 4 
118 28 2.0 4 4 6 0 19 20 2 2.8573678935e-27 2 3 
118 29 0.0 2 4 9 0 31 30 1 0.116760856046 0 7 
118 29 0.0 8 6 4 0 13 17 2 0.117701455987 3 1 
118 29 0.0 5 7 6 0 27 27 2 0.143259556354 3 3 
118 29 0.0 11 11 6 0 17 8 2 2.89365797609e-35 4 1 
118 29 0.0 6 2 2 0 19 16 2 0.0904557482849 2 1 
118 29 0.0 7 3 4 0 18 20 2 0.0904544347529 2 2 
118 29 0.0 10 17 15 0 18 46 2 8.66915124902e-25 8 2 
118 29 0.0 12 11 1 0 4 2 3 1.6334633303e-77 2 0 
118 29 0.0 9 3 4 0 21 17 2 0.0645999933344 3 1 
118 29 0.0 1 5 3 0 10 16 1 0.414021573235 0 4 
118 29 0.0 3 5 3 0 10 24 1 0.246722494966 0 4 
118 29 0.0 4 4 6 0 19 20 2 0.00157511277922 2 3 
118 29 2.0 2 4 9 0 31 30 1 0.0113159877102 0 7 
118 29 2.0 8 6 4 0 13 17 2 0.221557395737 3 1 
118 29 2.0 5 7 6 0 27 27 2 0.0501694213576 3 3 
118 29 2.0 11 11 6 0 17 8 2 1.13908410665e-38 4 1 
118 29 2.0 6 2 2 0 19 16 2 0.136117368814 2 1 
118 29 2.0 7 3 4 0 18 20 2 0.136117288054 2 2 
118 29 2.0 10 17 15 0 18 46 2 3.47007301004e-07 8 2 
118 29 2.0 12 11 1 0 4 2 3 1.93173037597e-54 2 0 
118 29 2.0 9 3 4 0 21 17 2 0.131055337711 3 1 
118 29 2.0 1 5 3 0 10 16 1 0.353001015496 0 4 
118 29 2.0 3 5 3 0 10 24 1 0.232651169046 0 4 
118 29 2.0 4 4 6 0 19 20 2 9.45250078505e-28 2 3 
118 30 0.0 2 4 9 0 31 30 1 0.117467378771 0 7 
118 30 0.0 8 6 4 0 13 17 2 0.117812403397 3 1 
118 30 0.0 5 7 6 0 27 27 2 0.143743908641 3 3 
118 30 0.0 11 11 6 0 17 8 2 7.02448596502e-36 4 1 
118 30 0.0 6 2 2 0 19 16 2 0.0904563681945 2 1 
118 30 0.0 7 3 4 0 18 20 2 0.090455039143 2 2 
118 30 0.0 10 17 15 0 18 46 2 1.54514776569e-24 8 2 
118 30 0.0 12 11 1 0 4 2 3 1.61596697316e-77 2 0 
118 30 0.0 9 3 4 0 21 17 2 0.0652317101385 3 1 
118 30 0.0 1 5 3 0 10 16 1 0.414521794558 0 4 
118 30 0.0 3 5 3 0 10 24 1 0.246016193659 0 4 
118 30 0.0 4 4 6 0 19 20 2 0.00064206436293 2 3 
118 30 2.0 2 4 9 0 31 30 1 0.0112854124036 0 7 
118 30 2.0 8 6 4 0 13 17 2 0.22158728338 3 1 
118 30 2.0 5 7 6 0 27 27 2 0.0501430641652 3 3 
118 30 2.0 11 11 6 0 17 8 2 9.33261579101e-40 4 1 
118 30 2.0 6 2 2 0 19 16 2 0.13612068167 2 1 
118 30 2.0 7 3 4 0 18 20 2 0.136120699614 2 2 
118 30 2.0 10 17 15 0 18 46 2 1.97464972577e-08 8 2 
118 30 2.0 12 11 1 0 4 2 3 1.58069705258e-54 2 0 
118 30 2.0 9 3 4 0 21 17 2 0.131039933732 3 1 
118 30 2.0 1 5 3 0 10 16 1 0.353029004831 0 4 
118 30 2.0 3 5 3 0 10 24 1 0.232682128108 0 4 
118 30 2.0 4 4 6 0 19 20 2 1.78158935735e-27 2 3 
118 31 0.0 2 4 9 0 31 30 1 0.116030799737 0 7 
118 31 0.0 8 6 4 0 13 17 2 0.117597694571 3 1 
118 31 0.0 5 7 6 0 27 27 2 0.142745625841 3 3 
118 31 0.0 11 11 6 0 17 8 2 2.43061812397e-33 4 1 
118 31 0.0 6 2 2 0 19 16 2 0.0904581057177 2 1 
118 31 0.0 7 3 4 0 18 20 2 0.0904590785973 2 2 
118 31 0.0 10 17 15 0 18 46 2 1.63461533769e-24 8 2 
118 31 0.0 12 11 1 0 4 2 3 2.03994808184e-77 2 0 
118 31 0.0 9 3 4 0 21 17 2 0.0639387049641 3 1 
118 31 0.0 1 5 3 0 10 16 1 0.413526905222 0 4 
118 31 0.0 3 5 3 0 10 24 1 0.247457205128 0 4 
118 31 0.0 4 4 6 0 19 20 2 0.00253828552316 2 3 
118 31 2.0 2 4 9 0 31 30 1 0.0112655529425 0 7 
118 31 2.0 8 6 4 0 13 17 2 0.221605672541 3 1 
118 31 2.0 5 7 6 0 27 27 2 0.0501257842902 3 3 
118 31 2.0 11 11 6 0 17 8 2 3.1532233581e-40 4 1 
118 31 2.0 6 2 2 0 19 16 2 0.136122902242 2 1 
118 31 2.0 7 3 4 0 18 20 2 0.136122830639 2 2 
118 31 2.0 10 17 15 0 18 46 2 1.5093440482e-07 8 2 
118 31 2.0 12 11 1 0 4 2 3 1.62191566738e-54 2 0 
118 31 2.0 9 3 4 0 21 17 2 0.131030996985 3 1 
118 31 2.0 1 5 3 0 10 16 1 0.35304725627 0 4 
118 31 2.0 3 5 3 0 10 24 1 0.232702241405 0 4 
118 31 2.0 4 4 6 0 19 20 2 4.77621253189e-28 2 3 
118 32 0.0 2 4 9 0 31 30 1 0.117370222497 0 7 
118 32 0.0 8 6 4 0 13 17 2 0.117796157248 3 1 
118 32 0.0 5 7 6 0 27 27 2 0.143676940887 3 3 
118 32 0.0 11 11 6 0 17 8 2 2.68905813967e-36 4 1 
118 32 0.0 6 2 2 0 19 16 2 0.0904554716431 2 1 
118 32 0.0 7 3 4 0 18 20 2 0.0904538292468 2 2 
118 32 0.0 10 17 15 0 18 46 2 7.42022521313e-25 8 2 
118 32 0.0 12 11 1 0 4 2 3 2.85819365928e-77 2 0 
118 32 0.0 9 3 4 0 21 17 2 0.0651448355741 3 1 
118 32 0.0 1 5 3 0 10 16 1 0.414452516079 0 4 
118 32 0.0 3 5 3 0 10 24 1 0.246113981833 0 4 
118 32 0.0 4 4 6 0 19 20 2 0.000770710805476 2 3 
118 32 2.0 2 4 9 0 31 30 1 0.0112945057114 0 7 
118 32 2.0 8 6 4 0 13 17 2 0.221577976481 3 1 
118 32 2.0 5 7 6 0 27 27 2 0.0501505964084 3 3 
118 32 2.0 11 11 6 0 17 8 2 5.04702679708e-41 4 1 
118 32 2.0 6 2 2 0 19 16 2 0.136119882533 2 1 
118 32 2.0 7 3 4 0 18 20 2 0.136119726805 2 2 
118 32 2.0 10 17 15 0 18 46 2 1.8026118085e-08 8 2 
118 32 2.0 12 11 1 0 4 2 3 1.20583274537e-54 2 0 
118 32 2.0 9 3 4 0 21 17 2 0.131045171134 3 1 
118 32 2.0 1 5 3 0 10 16 1 0.353020705289 0 4 
118 32 2.0 3 5 3 0 10 24 1 0.232672841911 0 4 
118 32 2.0 4 4 6 0 19 20 2 6.01283562463e-28 2 3 
118 33 0.0 2 4 9 0 31 30 1 0.116772575274 0 7 
118 33 0.0 8 6 4 0 13 17 2 0.117703072579 3 1 
118 33 0.0 5 7 6 0 27 27 2 0.143267761552 3 3 
118 33 0.0 11 11 6 0 17 8 2 1.65832835298e-35 4 1 
118 33 0.0 6 2 2 0 19 16 2 0.0904564144779 2 1 
118 33 0.0 7 3 4 0 18 20 2 0.0904552024849 2 2 
118 33 0.0 10 17 15 0 18 46 2 3.27954398252e-25 8 2 
118 33 0.0 12 11 1 0 4 2 3 1.78135927516e-77 2 0 
118 33 0.0 9 3 4 0 21 17 2 0.0646091194332 3 1 
118 33 0.0 1 5 3 0 10 16 1 0.414030312546 0 4 
118 33 0.0 3 5 3 0 10 24 1 0.246716005559 0 4 
118 33 0.0 4 4 6 0 19 20 2 0.00156224686817 2 3 
118 33 2.0 2 4 9 0 31 30 1 0.0113087746091 0 7 
118 33 2.0 8 6 4 0 13 17 2 0.221564759334 3 1 
118 33 2.0 5 7 6 0 27 27 2 0.0501627426665 3 3 
118 33 2.0 11 11 6 0 17 8 2 1.08784887147e-39 4 1 
118 33 2.0 6 2 2 0 19 16 2 0.136118339705 2 1 
118 33 2.0 7 3 4 0 18 20 2 0.136118344412 2 2 
118 33 2.0 10 17 15 0 18 46 2 1.50268772014e-08 8 2 
118 33 2.0 12 11 1 0 4 2 3 1.4751507359e-54 2 0 
118 33 2.0 9 3 4 0 21 17 2 0.131051807475 3 1 
118 33 2.0 1 5 3 0 10 16 1 0.353007728776 0 4 
118 33 2.0 3 5 3 0 10 24 1 0.232658320729 0 4 
118 33 2.0 4 4 6 0 19 20 2 4.68120733118e-27 2 3 
118 34 0.0 2 4 9 0 31 30 1 0.116784339056 0 7 
118 34 0.0 8 6 4 0 13 17 2 0.117705158547 3 1 
118 34 0.0 5 7 6 0 27 27 2 0.143276001972 3 3 
118 34 0.0 11 11 6 0 17 8 2 5.96782108092e-34 4 1 
118 34 0.0 6 2 2 0 19 16 2 0.0904549505342 2 1 
118 34 0.0 7 3 4 0 18 20 2 0.090454549745 2 2 
118 34 0.0 10 17 15 0 18 46 2 1.97853494385e-25 8 2 
118 34 0.0 12 11 1 0 4 2 3 2.27091419713e-77 2 0 
118 34 0.0 9 3 4 0 21 17 2 0.0646221338365 3 1 
118 34 0.0 1 5 3 0 10 16 1 0.41403733313 0 4 
118 34 0.0 3 5 3 0 10 24 1 0.24669541301 0 4 
118 34 0.0 4 4 6 0 19 20 2 0.00154241797217 2 3 
118 34 2.0 2 4 9 0 31 30 1 0.011286456388 0 7 
118 34 2.0 8 6 4 0 13 17 2 0.221585982853 3 1 
118 34 2.0 5 7 6 0 27 27 2 0.0501432852861 3 3 
118 34 2.0 11 11 6 0 17 8 2 1.74128963642e-40 4 1 
118 34 2.0 6 2 2 0 19 16 2 0.136120872188 2 1 
118 34 2.0 7 3 4 0 18 20 2 0.136120833082 2 2 
118 34 2.0 10 17 15 0 18 46 2 3.7194184229e-09 8 2 
118 34 2.0 12 11 1 0 4 2 3 1.26371373681e-54 2 0 
118 34 2.0 9 3 4 0 21 17 2 0.131041294365 3 1 
118 34 2.0 1 5 3 0 10 16 1 0.353028294431 0 4 
118 34 2.0 3 5 3 0 10 24 1 0.232680984158 0 4 
118 34 2.0 4 4 6 0 19 20 2 1.17245553091e-27 2 3 
118 35 0.0 2 4 9 0 31 30 1 0.116894756317 0 7 
118 35 0.0 8 6 4 0 13 17 2 0.117721379406 3 1 
118 35 0.0 5 7 6 0 27 27 2 0.14335157629 3 3 
118 35 0.0 11 11 6 0 17 8 2 2.12523622296e-35 4 1 
118 35 0.0 6 2 2 0 19 16 2 0.0904559433046 2 1 
118 35 0.0 7 3 4 0 18 20 2 0.0904533110787 2 2 
118 35 0.0 10 17 15 0 18 46 2 4.04598265572e-25 8 2 
118 35 0.0 12 11 1 0 4 2 3 2.24833962882e-77 2 0 
118 35 0.0 9 3 4 0 21 17 2 0.0647195818433 3 1 
118 35 0.0 1 5 3 0 10 16 1 0.414115486359 0 4 
118 35 0.0 3 5 3 0 10 24 1 0.246590578398 0 4 
118 35 0.0 4 4 6 0 19 20 2 0.00139934622823 2 3 
118 35 2.0 2 4 9 0 31 30 1 0.0112675167774 0 7 
118 35 2.0 8 6 4 0 13 17 2 0.221603362516 3 1 
118 35 2.0 5 7 6 0 27 27 2 0.0501273589005 3 3 
118 35 2.0 11 11 6 0 17 8 2 5.74765392678e-41 4 1 
118 35 2.0 6 2 2 0 19 16 2 0.136122803692 2 1 
118 35 2.0 7 3 4 0 18 20 2 0.136122645746 2 2 
118 35 2.0 10 17 15 0 18 46 2 1.08390277669e-08 8 2 
118 35 2.0 12 11 1 0 4 2 3 1.75265497748e-54 2 0 
118 35 2.0 9 3 4 0 21 17 2 0.131032489628 3 1 
118 35 2.0 1 5 3 0 10 16 1 0.35304536637 0 4 
118 35 2.0 3 5 3 0 10 24 1 0.232700162382 0 4 
118 35 2.0 4 4 6 0 19 20 2 3.14746711894e-28 2 3 
118 36 0.0 2 4 9 0 31 30 1 0.116111804643 0 7 
118 36 0.0 8 6 4 0 13 17 2 0.11760946516 3 1 
118 36 0.0 5 7 6 0 27 27 2 0.142805376301 3 3 
118 36 0.0 11 11 6 0 17 8 2 9.44471808684e-36 4 1 
118 36 0.0 6 2 2 0 19 16 2 0.0904630215634 2 1 
118 36 0.0 7 3 4 0 18 20 2 0.0904550065374 2 2 
118 36 0.0 10 17 15 0 18 46 2 3.17856052442e-24 8 2 
118 36 0.0 12 11 1 0 4 2 3 2.4622355662e-77 2 0 
118 36 0.0 9 3 4 0 21 17 2 0.0640141399902 3 1 
118 36 0.0 1 5 3 0 10 16 1 0.413578869259 0 4 
118 36 0.0 3 5 3 0 10 24 1 0.247370918155 0 4 
118 36 0.0 4 4 6 0 19 20 2 0.00242962825829 2 3 
118 36 2.0 2 4 9 0 31 30 1 0.0112442738231 0 7 
118 36 2.0 8 6 4 0 13 17 2 0.221623974404 3 1 
118 36 2.0 5 7 6 0 27 27 2 0.0501074123762 3 3 
118 36 2.0 11 11 6 0 17 8 2 2.27341707243e-41 4 1 
118 36 2.0 6 2 2 0 19 16 2 0.136125229514 2 1 
118 36 2.0 7 3 4 0 18 20 2 0.136125104554 2 2 
118 36 2.0 10 17 15 0 18 46 2 1.39247961211e-08 8 2 
118 36 2.0 12 11 1 0 4 2 3 1.55240595133e-54 2 0 
118 36 2.0 9 3 4 0 21 17 2 0.13102270379 3 1 
118 36 2.0 1 5 3 0 10 16 1 0.353066391336 0 4 
118 36 2.0 3 5 3 0 10 24 1 0.232723644071 0 4 
118 36 2.0 4 4 6 0 19 20 2 1.28777344764e-27 2 3 
118 37 0.0 2 4 9 0 31 30 1 0.11584117958 0 7 
118 37 0.0 8 6 4 0 13 17 2 0.117573553925 3 1 
118 37 0.0 5 7 6 0 27 27 2 0.142611912667 3 3 
118 37 0.0 11 11 6 0 17 8 2 1.31875688683e-36 4 1 
118 37 0.0 6 2 2 0 19 16 2 0.0904634076774 2 1 
118 37 0.0 7 3 4 0 18 20 2 0.0904589365524 2 2 
118 37 0.0 10 17 15 0 18 46 2 3.6736931117e-25 8 2 
118 37 0.0 12 11 1 0 4 2 3 3.08414360614e-77 2 0 
118 37 0.0 9 3 4 0 21 17 2 0.0637677585176 3 1 
118 37 0.0 1 5 3 0 10 16 1 0.413400170926 0 4 
118 37 0.0 3 5 3 0 10 24 1 0.247642652888 0 4 
118 37 0.0 4 4 6 0 19 20 2 0.00278563452513 2 3 
118 37 2.0 2 4 9 0 31 30 1 0.0112814351515 0 7 
118 37 2.0 8 6 4 0 13 17 2 0.221590808614 3 1 
118 37 2.0 5 7 6 0 27 27 2 0.0501393743682 3 3 
118 37 2.0 11 11 6 0 17 8 2 1.60338441017e-39 4 1 
118 37 2.0 6 2 2 0 19 16 2 0.136121193828 2 1 
118 37 2.0 7 3 4 0 18 20 2 0.136121241279 2 2 
118 37 2.0 10 17 15 0 18 46 2 1.30462444704e-08 8 2 
118 37 2.0 12 11 1 0 4 2 3 1.1706953166e-54 2 0 
118 37 2.0 9 3 4 0 21 17 2 0.131038485503 3 1 
118 37 2.0 1 5 3 0 10 16 1 0.353032712896 0 4 
118 37 2.0 3 5 3 0 10 24 1 0.232686093138 0 4 
118 37 2.0 4 4 6 0 19 20 2 8.09355093494e-28 2 3 
118 38 0.0 2 4 9 0 31 30 1 0.117103188662 0 7 
118 38 0.0 8 6 4 0 13 17 2 0.117753767483 3 1 
118 38 0.0 5 7 6 0 27 27 2 0.143495271557 3 3 
118 38 0.0 11 11 6 0 17 8 2 1.6357528975e-34 4 1 
118 38 0.0 6 2 2 0 19 16 2 0.0904548215363 2 1 
118 38 0.0 7 3 4 0 18 20 2 0.090454391517 2 2 
118 38 0.0 10 17 15 0 18 46 2 8.86266734686e-25 8 2 
118 38 0.0 12 11 1 0 4 2 3 1.85972020885e-77 2 0 
118 38 0.0 9 3 4 0 21 17 2 0.0649068761524 3 1 
118 38 0.0 1 5 3 0 10 16 1 0.41426173943 0 4 
118 38 0.0 3 5 3 0 10 24 1 0.246380295534 0 4 
118 38 0.0 4 4 6 0 19 20 2 0.00112332842609 2 3 
118 38 2.0 2 4 9 0 31 30 1 0.0112800164387 0 7 
118 38 2.0 8 6 4 0 13 17 2 0.22159113719 3 1 
118 38 2.0 5 7 6 0 27 27 2 0.0501385517017 3 3 
118 38 2.0 11 11 6 0 17 8 2 7.42363005685e-40 4 1 
118 38 2.0 6 2 2 0 19 16 2 0.136121234735 2 1 
118 38 2.0 7 3 4 0 18 20 2 0.136121196411 2 2 
118 38 2.0 10 17 15 0 18 46 2 1.14151900016e-08 8 2 
118 38 2.0 12 11 1 0 4 2 3 1.370854579e-54 2 0 
118 38 2.0 9 3 4 0 21 17 2 0.131038479127 3 1 
118 38 2.0 1 5 3 0 10 16 1 0.353033664142 0 4 
118 38 2.0 3 5 3 0 10 24 1 0.232687489783 0 4 
118 38 2.0 4 4 6 0 19 20 2 3.87626542368e-28 2 3 
118 39 0.0 2 4 9 0 31 30 1 0.116868394652 0 7 
118 39 0.0 8 6 4 0 13 17 2 0.117717271447 3 1 
118 39 0.0 5 7 6 0 27 27 2 0.143333518232 3 3 
118 39 0.0 11 11 6 0 17 8 2 1.94593725037e-35 4 1 
118 39 0.0 6 2 2 0 19 16 2 0.0904562881767 2 1 
118 39 0.0 7 3 4 0 18 20 2 0.0904544713196 2 2 
118 39 0.0 10 17 15 0 18 46 2 9.80660609264e-25 8 2 
118 39 0.0 12 11 1 0 4 2 3 1.65179915533e-77 2 0 
118 39 0.0 9 3 4 0 21 17 2 0.0646946800943 3 1 
118 39 0.0 1 5 3 0 10 16 1 0.414097546835 0 4 
118 39 0.0 3 5 3 0 10 24 1 0.246621620663 0 4 
118 39 0.0 4 4 6 0 19 20 2 0.0014364612442 2 3 
118 39 2.0 2 4 9 0 31 30 1 0.0113136197383 0 7 
118 39 2.0 8 6 4 0 13 17 2 0.221559254876 3 1 
118 39 2.0 5 7 6 0 27 27 2 0.0501675110828 3 3 
118 39 2.0 11 11 6 0 17 8 2 2.1767747956e-40 4 1 
118 39 2.0 6 2 2 0 19 16 2 0.136117647311 2 1 
118 39 2.0 7 3 4 0 18 20 2 0.136117560022 2 2 
118 39 2.0 10 17 15 0 18 46 2 6.73960078298e-09 8 2 
118 39 2.0 12 11 1 0 4 2 3 1.66701646899e-54 2 0 
118 39 2.0 9 3 4 0 21 17 2 0.131054539278 3 1 
118 39 2.0 1 5 3 0 10 16 1 0.353002854472 0 4 
118 39 2.0 3 5 3 0 10 24 1 0.232653349364 0 4 
118 39 2.0 4 4 6 0 19 20 2 8.02836695957e-28 2 3 
118 40 0.0 2 4 9 0 31 30 1 0.116898757812 0 7 
118 40 0.0 8 6 4 0 13 17 2 0.117722688471 3 1 
118 40 0.0 5 7 6 0 27 27 2 0.143356041207 3 3 
118 40 0.0 11 11 6 0 17 8 2 1.99753328076e-35 4 1 
118 40 0.0 6 2 2 0 19 16 2 0.0904563417641 2 1 
118 40 0.0 7 3 4 0 18 20 2 0.0904547176619 2 2 
118 40 0.0 10 17 15 0 18 46 2 1.57871435002e-25 8 2 
118 40 0.0 12 11 1 0 4 2 3 1.23685767233e-77 2 0 
118 40 0.0 9 3 4 0 21 17 2 0.0647245059345 3 1 
118 40 0.0 1 5 3 0 10 16 1 0.414116880255 0 4 
118 40 0.0 3 5 3 0 10 24 1 0.246583023941 0 4 
118 40 0.0 4 4 6 0 19 20 2 0.00139259904542 2 3 
118 40 2.0 2 4 9 0 31 30 1 0.0113310258554 0 7 
118 40 2.0 8 6 4 0 13 17 2 0.221542943278 3 1 
118 40 2.0 5 7 6 0 27 27 2 0.0501823231989 3 3 
118 40 2.0 11 11 6 0 17 8 2 1.84940805188e-39 4 1 
118 40 2.0 6 2 2 0 19 16 2 0.136115803184 2 1 
118 40 2.0 7 3 4 0 18 20 2 0.136115804053 2 2 
118 40 2.0 10 17 15 0 18 46 2 9.66307445175e-09 8 2 
118 40 2.0 12 11 1 0 4 2 3 1.58859973364e-54 2 0 
118 40 2.0 9 3 4 0 21 17 2 0.131062811027 3 1 
118 40 2.0 1 5 3 0 10 16 1 0.352987017202 0 4 
118 40 2.0 3 5 3 0 10 24 1 0.232635667495 0 4 
118 40 2.0 4 4 6 0 19 20 2 2.44192753967e-27 2 3 
