125 1 0.0 6 3 1 0 12 7 2 0.0220485575129 1 2 
125 1 0.0 9 1 0 0 11 11 2 0.0386665773476 1 1 
125 1 0.0 1 6 1 0 23 14 1 0.0726474291618 0 5 
125 1 0.0 3 1 0 0 11 7 2 0.0393904411165 1 1 
125 1 0.0 11 5 1 0 8 16 3 8.39333330635e-66 2 2 
125 1 0.0 2 7 0 0 25 14 1 0.0689700664459 0 5 
125 1 0.0 10 5 1 0 14 18 2 6.9180761314e-20 2 2 
125 1 0.0 5 4 0 0 24 20 2 0.0342775162041 2 2 
125 1 0.0 13 5 0 0 10 9 3 9.1958829208e-59 3 0 
125 1 0.0 8 1 0 0 11 11 2 0.0280916382441 1 1 
125 1 0.0 4 3 1 0 19 6 2 0.0342908261015 2 1 
125 1 0.0 12 2 1 0 6 2 3 6.59794535613e-74 2 0 
125 1 0.0 7 3 0 0 11 5 2 0.0284692542854 1 1 
125 1 0.0 14 8 0 0 16 25 3 6.19970915073e-64 5 0 
125 1 2.0 6 3 1 0 12 7 2 0.00743483429719 1 2 
125 1 2.0 9 1 0 0 11 11 2 0.0207545312093 1 1 
125 1 2.0 1 6 1 0 23 14 1 0.0265988135173 0 5 
125 1 2.0 3 1 0 0 11 7 2 0.0203859292588 1 1 
125 1 2.0 11 5 1 0 8 16 3 2.03949090473e-37 2 2 
125 1 2.0 2 7 0 0 25 14 1 0.0249667663237 0 5 
125 1 2.0 10 5 1 0 14 18 2 4.08528757293e-13 2 2 
125 1 2.0 5 4 0 0 24 20 2 0.0171099585959 2 2 
125 1 2.0 13 5 0 0 10 9 3 3.54028884235e-40 3 0 
125 1 2.0 8 1 0 0 11 11 2 0.0169716158059 1 1 
125 1 2.0 4 3 1 0 19 6 2 0.0189799673623 2 1 
125 1 2.0 12 2 1 0 6 2 3 9.86183151517e-53 2 0 
125 1 2.0 7 3 0 0 11 5 2 0.0170370621903 1 1 
125 1 2.0 14 8 0 0 16 25 3 8.65629410228e-35 5 0 
125 2 0.0 6 3 1 0 12 7 2 0.0267849568768 1 2 
125 2 0.0 9 1 0 0 11 11 2 0.0571440696863 1 1 
125 2 0.0 1 6 1 0 23 14 1 0.0671585660859 0 5 
125 2 0.0 3 1 0 0 11 7 2 0.0565719065661 1 1 
125 2 0.0 11 5 1 0 8 16 3 3.64985184144e-65 2 2 
125 2 0.0 2 7 0 0 25 14 1 0.0647618588529 0 5 
125 2 0.0 10 5 1 0 14 18 2 2.76228274207e-20 2 2 
125 2 0.0 5 4 0 0 24 20 2 0.0504678443065 2 2 
125 2 0.0 13 5 0 0 10 9 3 1.88060293532e-63 3 0 
125 2 0.0 8 1 0 0 11 11 2 0.0442116790551 1 1 
125 2 0.0 4 3 1 0 19 6 2 0.0510968023005 2 1 
125 2 0.0 12 2 1 0 6 2 3 3.70052204132e-75 2 0 
125 2 0.0 7 3 0 0 11 5 2 0.0444913311917 1 1 
125 2 0.0 14 8 0 0 16 25 3 3.06308659206e-64 5 0 
125 2 2.0 6 3 1 0 12 7 2 0.102722872499 1 2 
125 2 2.0 9 1 0 0 11 11 2 0.176431554938 1 1 
125 2 2.0 1 6 1 0 23 14 1 0.114108708774 0 5 
125 2 2.0 3 1 0 0 11 7 2 0.17422857121 1 1 
125 2 2.0 11 5 1 0 8 16 3 1.02551752959e-35 2 2 
125 2 2.0 2 7 0 0 25 14 1 0.122645177993 0 5 
125 2 2.0 10 5 1 0 14 18 2 7.35248251332e-12 2 2 
125 2 2.0 5 4 0 0 24 20 2 0.113653275012 2 2 
125 2 2.0 13 5 0 0 10 9 3 2.75373427589e-41 3 0 
125 2 2.0 8 1 0 0 11 11 2 0.12089748059 1 1 
125 2 2.0 4 3 1 0 19 6 2 0.150393166782 2 1 
125 2 2.0 12 2 1 0 6 2 3 1.64843461447e-48 2 0 
125 2 2.0 7 3 0 0 11 5 2 0.12247630967 1 1 
125 2 2.0 14 8 0 0 16 25 3 1.16207216189e-37 5 0 
125 3 0.0 6 3 1 0 12 7 2 0.0183092819873 1 2 
125 3 0.0 9 1 0 0 11 11 2 0.0382130400184 1 1 
125 3 0.0 1 6 1 0 23 14 1 0.274598144374 0 5 
125 3 0.0 3 1 0 0 11 7 2 0.0379340854876 1 1 
125 3 0.0 11 5 1 0 8 16 3 8.29264561974e-65 2 2 
125 3 0.0 2 7 0 0 25 14 1 0.272516288089 0 5 
125 3 0.0 10 5 1 0 14 18 2 1.76825001703e-19 2 2 
125 3 0.0 5 4 0 0 24 20 2 0.0329096382606 2 2 
125 3 0.0 13 5 0 0 10 9 3 8.24017720945e-62 3 0 
125 3 0.0 8 1 0 0 11 11 2 0.0264193361691 1 1 
125 3 0.0 4 3 1 0 19 6 2 0.033027207788 2 1 
125 3 0.0 12 2 1 0 6 2 3 4.28923524268e-75 2 0 
125 3 0.0 7 3 0 0 11 5 2 0.0276990965384 1 1 
125 3 0.0 14 8 0 0 16 25 3 2.78889023888e-64 5 0 
125 3 2.0 6 3 1 0 12 7 2 0.0538674263564 1 2 
125 3 2.0 9 1 0 0 11 11 2 0.110996677208 1 1 
125 3 2.0 1 6 1 0 23 14 1 0.34420422159 0 5 
125 3 2.0 3 1 0 0 11 7 2 0.112699556324 1 1 
125 3 2.0 11 5 1 0 8 16 3 1.78992232077e-36 2 2 
125 3 2.0 2 7 0 0 25 14 1 0.358546769089 0 5 
125 3 2.0 10 5 1 0 14 18 2 1.81242508223e-12 2 2 
125 3 2.0 5 4 0 0 24 20 2 0.0924263051665 2 2 
125 3 2.0 13 5 0 0 10 9 3 9.72963358534e-33 3 0 
125 3 2.0 8 1 0 0 11 11 2 0.0725902364276 1 1 
125 3 2.0 4 3 1 0 19 6 2 0.0939371876419 2 1 
125 3 2.0 12 2 1 0 6 2 3 2.06605751875e-50 2 0 
125 3 2.0 7 3 0 0 11 5 2 0.0751724246901 1 1 
125 3 2.0 14 8 0 0 16 25 3 4.66856516006e-39 5 0 
125 4 0.0 6 3 1 0 12 7 2 0.026782483968 1 2 
125 4 0.0 9 1 0 0 11 11 2 0.0581927616751 1 1 
125 4 0.0 1 6 1 0 23 14 1 0.208259380924 0 5 
125 4 0.0 3 1 0 0 11 7 2 0.0578590685322 1 1 
125 4 0.0 11 5 1 0 8 16 3 1.40955592404e-67 2 2 
125 4 0.0 2 7 0 0 25 14 1 0.207827356836 0 5 
125 4 0.0 10 5 1 0 14 18 2 1.37639145524e-17 2 2 
125 4 0.0 5 4 0 0 24 20 2 0.0524038491269 2 2 
125 4 0.0 13 5 0 0 10 9 3 6.07046660666e-61 3 0 
125 4 0.0 8 1 0 0 11 11 2 0.0439957859481 1 1 
125 4 0.0 4 3 1 0 19 6 2 0.0524563262661 2 1 
125 4 0.0 12 2 1 0 6 2 3 1.64565650023e-75 2 0 
125 4 0.0 7 3 0 0 11 5 2 0.0446580544242 1 1 
125 4 0.0 14 8 0 0 16 25 3 1.25920423902e-63 5 0 
125 4 2.0 6 3 1 0 12 7 2 0.071118627322 1 2 
125 4 2.0 9 1 0 0 11 11 2 0.153856729344 1 1 
125 4 2.0 1 6 1 0 23 14 1 0.210959929928 0 5 
125 4 2.0 3 1 0 0 11 7 2 0.154556025433 1 1 
125 4 2.0 11 5 1 0 8 16 3 4.93723054444e-42 2 2 
125 4 2.0 2 7 0 0 25 14 1 0.225283999456 0 5 
125 4 2.0 10 5 1 0 14 18 2 2.24423939126e-11 2 2 
125 4 2.0 5 4 0 0 24 20 2 0.133721403558 2 2 
125 4 2.0 13 5 0 0 10 9 3 7.17679723929e-34 3 0 
125 4 2.0 8 1 0 0 11 11 2 0.111166584063 1 1 
125 4 2.0 4 3 1 0 19 6 2 0.133994721034 2 1 
125 4 2.0 12 2 1 0 6 2 3 2.93708718725e-51 2 0 
125 4 2.0 7 3 0 0 11 5 2 0.111626984289 1 1 
125 4 2.0 14 8 0 0 16 25 3 8.30852574398e-37 5 0 
125 5 0.0 6 3 1 0 12 7 2 0.0266676669606 1 2 
125 5 0.0 9 1 0 0 11 11 2 0.0833238242356 1 1 
125 5 0.0 1 6 1 0 23 14 1 0.109357182341 0 5 
125 5 0.0 3 1 0 0 11 7 2 0.0834352486302 1 1 
125 5 0.0 11 5 1 0 8 16 3 2.62067160826e-65 2 2 
125 5 0.0 2 7 0 0 25 14 1 0.10885199156 0 5 
125 5 0.0 10 5 1 0 14 18 2 5.68770830731e-20 2 2 
125 5 0.0 5 4 0 0 24 20 2 0.0763804257857 2 2 
125 5 0.0 13 5 0 0 10 9 3 4.01366411936e-63 3 0 
125 5 0.0 8 1 0 0 11 11 2 0.0704935111974 1 1 
125 5 0.0 4 3 1 0 19 6 2 0.0779287848034 2 1 
125 5 0.0 12 2 1 0 6 2 3 1.61658301522e-76 2 0 
125 5 0.0 7 3 0 0 11 5 2 0.0714499805733 1 1 
125 5 0.0 14 8 0 0 16 25 3 8.57326518632e-65 5 0 
125 5 2.0 6 3 1 0 12 7 2 0.0323132243823 1 2 
125 5 2.0 9 1 0 0 11 11 2 0.0628078084148 1 1 
125 5 2.0 1 6 1 0 23 14 1 0.014636811236 0 5 
125 5 2.0 3 1 0 0 11 7 2 0.0630281945072 1 1 
125 5 2.0 11 5 1 0 8 16 3 9.74410894589e-37 2 2 
125 5 2.0 2 7 0 0 25 14 1 0.0136613724522 0 5 
125 5 2.0 10 5 1 0 14 18 2 7.94511177236e-12 2 2 
125 5 2.0 5 4 0 0 24 20 2 0.0509201308997 2 2 
125 5 2.0 13 5 0 0 10 9 3 7.1392763793e-36 3 0 
125 5 2.0 8 1 0 0 11 11 2 0.0474358935567 1 1 
125 5 2.0 4 3 1 0 19 6 2 0.055908385613 2 1 
125 5 2.0 12 2 1 0 6 2 3 9.76937245079e-51 2 0 
125 5 2.0 7 3 0 0 11 5 2 0.0480097189622 1 1 
125 5 2.0 14 8 0 0 16 25 3 2.15882488892e-38 5 0 
125 6 0.0 6 3 1 0 12 7 2 0.0178924319006 1 2 
125 6 0.0 9 1 0 0 11 11 2 0.039393956498 1 1 
125 6 0.0 1 6 1 0 23 14 1 0.369979069392 0 5 
125 6 0.0 3 1 0 0 11 7 2 0.0390183924307 1 1 
125 6 0.0 11 5 1 0 8 16 3 3.93759692345e-66 2 2 
125 6 0.0 2 7 0 0 25 14 1 0.368737020771 0 5 
125 6 0.0 10 5 1 0 14 18 2 5.90166637921e-23 2 2 
125 6 0.0 5 4 0 0 24 20 2 0.0320409193323 2 2 
125 6 0.0 13 5 0 0 10 9 3 1.4248044115e-64 3 0 
125 6 0.0 8 1 0 0 11 11 2 0.0277664375367 1 1 
125 6 0.0 4 3 1 0 19 6 2 0.0329286324616 2 1 
125 6 0.0 12 2 1 0 6 2 3 5.80673403516e-75 2 0 
125 6 0.0 7 3 0 0 11 5 2 0.0276023644475 1 1 
125 6 0.0 14 8 0 0 16 25 3 2.37320933518e-63 5 0 
125 6 2.0 6 3 1 0 12 7 2 0.0289742862615 1 2 
125 6 2.0 9 1 0 0 11 11 2 0.0940329835283 1 1 
125 6 2.0 1 6 1 0 23 14 1 0.0209548460151 0 5 
125 6 2.0 3 1 0 0 11 7 2 0.0917976953457 1 1 
125 6 2.0 11 5 1 0 8 16 3 1.22685210018e-39 2 2 
125 6 2.0 2 7 0 0 25 14 1 0.0205113174806 0 5 
125 6 2.0 10 5 1 0 14 18 2 2.39565658731e-11 2 2 
125 6 2.0 5 4 0 0 24 20 2 0.084629075731 2 2 
125 6 2.0 13 5 0 0 10 9 3 1.93651067173e-38 3 0 
125 6 2.0 8 1 0 0 11 11 2 0.0795675237283 1 1 
125 6 2.0 4 3 1 0 19 6 2 0.0874457660608 2 1 
125 6 2.0 12 2 1 0 6 2 3 2.95900905288e-53 2 0 
125 6 2.0 7 3 0 0 11 5 2 0.0797092577895 1 1 
125 6 2.0 14 8 0 0 16 25 3 7.0543903458e-35 5 0 
125 7 0.0 6 3 1 0 12 7 2 0.00862479974647 1 2 
125 7 0.0 9 1 0 0 11 11 2 0.0198945822293 1 1 
125 7 0.0 1 6 1 0 23 14 1 0.219113956747 0 5 
125 7 0.0 3 1 0 0 11 7 2 0.0197303976191 1 1 
125 7 0.0 11 5 1 0 8 16 3 3.16080321347e-66 2 2 
125 7 0.0 2 7 0 0 25 14 1 0.211936427902 0 5 
125 7 0.0 10 5 1 0 14 18 2 3.84220059166e-20 2 2 
125 7 0.0 5 4 0 0 24 20 2 0.0170108923224 2 2 
125 7 0.0 13 5 0 0 10 9 3 2.15021095368e-63 3 0 
125 7 0.0 8 1 0 0 11 11 2 0.0145499496242 1 1 
125 7 0.0 4 3 1 0 19 6 2 0.0172505162155 2 1 
125 7 0.0 12 2 1 0 6 2 3 3.14175367006e-75 2 0 
125 7 0.0 7 3 0 0 11 5 2 0.014504052968 1 1 
125 7 0.0 14 8 0 0 16 25 3 2.75056508108e-63 5 0 
125 7 2.0 6 3 1 0 12 7 2 0.0104372367236 1 2 
125 7 2.0 9 1 0 0 11 11 2 0.0176791704684 1 1 
125 7 2.0 1 6 1 0 23 14 1 0.0307622817176 0 5 
125 7 2.0 3 1 0 0 11 7 2 0.0178374839486 1 1 
125 7 2.0 11 5 1 0 8 16 3 2.05740831716e-35 2 2 
125 7 2.0 2 7 0 0 25 14 1 0.0286866934377 0 5 
125 7 2.0 10 5 1 0 14 18 2 1.75853726686e-12 2 2 
125 7 2.0 5 4 0 0 24 20 2 0.0153221434804 2 2 
125 7 2.0 13 5 0 0 10 9 3 3.39930971962e-32 3 0 
125 7 2.0 8 1 0 0 11 11 2 0.0120675940941 1 1 
125 7 2.0 4 3 1 0 19 6 2 0.0153432964022 2 1 
125 7 2.0 12 2 1 0 6 2 3 8.4045797507e-49 2 0 
125 7 2.0 7 3 0 0 11 5 2 0.0125022787765 1 1 
125 7 2.0 14 8 0 0 16 25 3 3.42822699494e-38 5 0 
125 8 0.0 6 3 1 0 12 7 2 0.00790239188812 1 2 
125 8 0.0 9 1 0 0 11 11 2 0.0202964127279 1 1 
125 8 0.0 1 6 1 0 23 14 1 0.14379559573 0 5 
125 8 0.0 3 1 0 0 11 7 2 0.0199708068762 1 1 
125 8 0.0 11 5 1 0 8 16 3 3.74913749828e-66 2 2 
125 8 0.0 2 7 0 0 25 14 1 0.138103328417 0 5 
125 8 0.0 10 5 1 0 14 18 2 1.15476049086e-19 2 2 
125 8 0.0 5 4 0 0 24 20 2 0.017914924957 2 2 
125 8 0.0 13 5 0 0 10 9 3 7.12097149484e-64 3 0 
125 8 0.0 8 1 0 0 11 11 2 0.0154944870409 1 1 
125 8 0.0 4 3 1 0 19 6 2 0.0181378901846 2 1 
125 8 0.0 12 2 1 0 6 2 3 1.0504021739e-75 2 0 
125 8 0.0 7 3 0 0 11 5 2 0.0157293881185 1 1 
125 8 0.0 14 8 0 0 16 25 3 4.15668981275e-64 5 0 
125 8 2.0 6 3 1 0 12 7 2 0.0665569052939 1 2 
125 8 2.0 9 1 0 0 11 11 2 0.153693792784 1 1 
125 8 2.0 1 6 1 0 23 14 1 0.231651428501 0 5 
125 8 2.0 3 1 0 0 11 7 2 0.15121563529 1 1 
125 8 2.0 11 5 1 0 8 16 3 5.13165138516e-35 2 2 
125 8 2.0 2 7 0 0 25 14 1 0.246610531001 0 5 
125 8 2.0 10 5 1 0 14 18 2 1.83172815124e-13 2 2 
125 8 2.0 5 4 0 0 24 20 2 0.125967361319 2 2 
125 8 2.0 13 5 0 0 10 9 3 1.49692567541e-38 3 0 
125 8 2.0 8 1 0 0 11 11 2 0.109815103208 1 1 
125 8 2.0 4 3 1 0 19 6 2 0.132369140415 2 1 
125 8 2.0 12 2 1 0 6 2 3 1.05836666047e-51 2 0 
125 8 2.0 7 3 0 0 11 5 2 0.112011531599 1 1 
125 8 2.0 14 8 0 0 16 25 3 4.31830449006e-36 5 0 
125 9 0.0 6 3 1 0 12 7 2 0.0159177516715 1 2 
125 9 0.0 9 1 0 0 11 11 2 0.0272646664026 1 1 
125 9 0.0 1 6 1 0 23 14 1 0.0788294265117 0 5 
125 9 0.0 3 1 0 0 11 7 2 0.0272583184259 1 1 
125 9 0.0 11 5 1 0 8 16 3 9.63649822949e-62 2 2 
125 9 0.0 2 7 0 0 25 14 1 0.0742240022358 0 5 
125 9 0.0 10 5 1 0 14 18 2 1.78343582627e-22 2 2 
125 9 0.0 5 4 0 0 24 20 2 0.0220357306881 2 2 
125 9 0.0 13 5 0 0 10 9 3 7.16761911826e-64 3 0 
125 9 0.0 8 1 0 0 11 11 2 0.0190282774275 1 1 
125 9 0.0 4 3 1 0 19 6 2 0.0231214993996 2 1 
125 9 0.0 12 2 1 0 6 2 3 2.16387636247e-73 2 0 
125 9 0.0 7 3 0 0 11 5 2 0.019359388411 1 1 
125 9 0.0 14 8 0 0 16 25 3 7.10831812382e-65 5 0 
125 9 2.0 6 3 1 0 12 7 2 0.00687931236478 1 2 
125 9 2.0 9 1 0 0 11 11 2 0.0142511191263 1 1 
125 9 2.0 1 6 1 0 23 14 1 0.240730317877 0 5 
125 9 2.0 3 1 0 0 11 7 2 0.0138507596039 1 1 
125 9 2.0 11 5 1 0 8 16 3 9.99557088792e-36 2 2 
125 9 2.0 2 7 0 0 25 14 1 0.229229492697 0 5 
125 9 2.0 10 5 1 0 14 18 2 7.43997394936e-12 2 2 
125 9 2.0 5 4 0 0 24 20 2 0.0116390670603 2 2 
125 9 2.0 13 5 0 0 10 9 3 1.65927467079e-37 3 0 
125 9 2.0 8 1 0 0 11 11 2 0.00893444804215 1 1 
125 9 2.0 4 3 1 0 19 6 2 0.0118239125324 2 1 
125 9 2.0 12 2 1 0 6 2 3 2.44176230625e-50 2 0 
125 9 2.0 7 3 0 0 11 5 2 0.00943017426359 1 1 
125 9 2.0 14 8 0 0 16 25 3 8.42693239711e-37 5 0 
125 10 0.0 6 3 1 0 12 7 2 0.0381874677152 1 2 
125 10 0.0 9 1 0 0 11 11 2 0.0626323048234 1 1 
125 10 0.0 1 6 1 0 23 14 1 0.0691786502659 0 5 
125 10 0.0 3 1 0 0 11 7 2 0.0622572076187 1 1 
125 10 0.0 11 5 1 0 8 16 3 4.00162186993e-64 2 2 
125 10 0.0 2 7 0 0 25 14 1 0.0666808089278 0 5 
125 10 0.0 10 5 1 0 14 18 2 1.34487899017e-19 2 2 
125 10 0.0 5 4 0 0 24 20 2 0.0489299817507 2 2 
125 10 0.0 13 5 0 0 10 9 3 8.53471972681e-66 3 0 
125 10 0.0 8 1 0 0 11 11 2 0.0443222872714 1 1 
125 10 0.0 4 3 1 0 19 6 2 0.0541805935584 2 1 
125 10 0.0 12 2 1 0 6 2 3 6.51920014441e-73 2 0 
125 10 0.0 7 3 0 0 11 5 2 0.0449270518356 1 1 
125 10 0.0 14 8 0 0 16 25 3 1.36273268808e-65 5 0 
125 10 2.0 6 3 1 0 12 7 2 0.00621803663165 1 2 
125 10 2.0 9 1 0 0 11 11 2 0.0106313572141 1 1 
125 10 2.0 1 6 1 0 23 14 1 0.140572303319 0 5 
125 10 2.0 3 1 0 0 11 7 2 0.0105564543913 1 1 
125 10 2.0 11 5 1 0 8 16 3 1.16679400188e-32 2 2 
125 10 2.0 2 7 0 0 25 14 1 0.130229978782 0 5 
125 10 2.0 10 5 1 0 14 18 2 1.2389148666e-13 2 2 
125 10 2.0 5 4 0 0 24 20 2 0.00644621853054 2 2 
125 10 2.0 13 5 0 0 10 9 3 3.80863603757e-40 3 0 
125 10 2.0 8 1 0 0 11 11 2 0.00664113757987 1 1 
125 10 2.0 4 3 1 0 19 6 2 0.00874505573535 2 1 
125 10 2.0 12 2 1 0 6 2 3 1.11345927795e-46 2 0 
125 10 2.0 7 3 0 0 11 5 2 0.00687387411984 1 1 
125 10 2.0 14 8 0 0 16 25 3 3.20983117459e-39 5 0 
125 11 0.0 6 3 1 0 12 7 2 0.0215377443145 1 2 
125 11 0.0 9 1 0 0 11 11 2 0.0366974237292 1 1 
125 11 0.0 1 6 1 0 23 14 1 0.362862848521 0 5 
125 11 0.0 3 1 0 0 11 7 2 0.0362620477862 1 1 
125 11 0.0 11 5 1 0 8 16 3 3.50474050603e-62 2 2 
125 11 0.0 2 7 0 0 25 14 1 0.359899460247 0 5 
125 11 0.0 10 5 1 0 14 18 2 3.33641151782e-20 2 2 
125 11 0.0 5 4 0 0 24 20 2 0.0258538047132 2 2 
125 11 0.0 13 5 0 0 10 9 3 6.94629271866e-67 3 0 
125 11 0.0 8 1 0 0 11 11 2 0.022913484109 1 1 
125 11 0.0 4 3 1 0 19 6 2 0.0297989833915 2 1 
125 11 0.0 12 2 1 0 6 2 3 3.4333537915e-71 2 0 
125 11 0.0 7 3 0 0 11 5 2 0.0230337337531 1 1 
125 11 0.0 14 8 0 0 16 25 3 1.46642868577e-64 5 0 
125 11 2.0 6 3 1 0 12 7 2 0.0160888254714 1 2 
125 11 2.0 9 1 0 0 11 11 2 0.0362907095859 1 1 
125 11 2.0 1 6 1 0 23 14 1 0.385911941928 0 5 
125 11 2.0 3 1 0 0 11 7 2 0.036473165823 1 1 
125 11 2.0 11 5 1 0 8 16 3 1.83938258528e-36 2 2 
125 11 2.0 2 7 0 0 25 14 1 0.37984179628 0 5 
125 11 2.0 10 5 1 0 14 18 2 6.97321925173e-12 2 2 
125 11 2.0 5 4 0 0 24 20 2 0.0293073721173 2 2 
125 11 2.0 13 5 0 0 10 9 3 3.25631845636e-35 3 0 
125 11 2.0 8 1 0 0 11 11 2 0.0232911157832 1 1 
125 11 2.0 4 3 1 0 19 6 2 0.0300848646448 2 1 
125 11 2.0 12 2 1 0 6 2 3 6.88492173824e-51 2 0 
125 11 2.0 7 3 0 0 11 5 2 0.0241296204084 1 1 
125 11 2.0 14 8 0 0 16 25 3 6.69685963418e-39 5 0 
125 12 0.0 6 3 1 0 12 7 2 0.0138065106928 1 2 
125 12 0.0 9 1 0 0 11 11 2 0.0239940876138 1 1 
125 12 0.0 1 6 1 0 23 14 1 0.296569457045 0 5 
125 12 0.0 3 1 0 0 11 7 2 0.0239149278548 1 1 
125 12 0.0 11 5 1 0 8 16 3 4.90986274866e-64 2 2 
125 12 0.0 2 7 0 0 25 14 1 0.288758234487 0 5 
125 12 0.0 10 5 1 0 14 18 2 2.00339841354e-24 2 2 
125 12 0.0 5 4 0 0 24 20 2 0.0190171628439 2 2 
125 12 0.0 13 5 0 0 10 9 3 6.94405721246e-63 3 0 
125 12 0.0 8 1 0 0 11 11 2 0.0154795143334 1 1 
125 12 0.0 4 3 1 0 19 6 2 0.0191003223968 2 1 
125 12 0.0 12 2 1 0 6 2 3 5.48285203561e-72 2 0 
125 12 0.0 7 3 0 0 11 5 2 0.015259738773 1 1 
125 12 0.0 14 8 0 0 16 25 3 2.40526960598e-63 5 0 
125 12 2.0 6 3 1 0 12 7 2 0.00997251899382 1 2 
125 12 2.0 9 1 0 0 11 11 2 0.0314283819798 1 1 
125 12 2.0 1 6 1 0 23 14 1 0.0194030138012 0 5 
125 12 2.0 3 1 0 0 11 7 2 0.0308130111463 1 1 
125 12 2.0 11 5 1 0 8 16 3 1.51639623305e-41 2 2 
125 12 2.0 2 7 0 0 25 14 1 0.0182395201378 0 5 
125 12 2.0 10 5 1 0 14 18 2 7.86642554775e-12 2 2 
125 12 2.0 5 4 0 0 24 20 2 0.0290715542221 2 2 
125 12 2.0 13 5 0 0 10 9 3 2.10038981895e-33 3 0 
125 12 2.0 8 1 0 0 11 11 2 0.0259392538158 1 1 
125 12 2.0 4 3 1 0 19 6 2 0.0289728237403 2 1 
125 12 2.0 12 2 1 0 6 2 3 4.60990727264e-53 2 0 
125 12 2.0 7 3 0 0 11 5 2 0.0259381234664 1 1 
125 12 2.0 14 8 0 0 16 25 3 4.45380250399e-34 5 0 
125 13 0.0 6 3 1 0 12 7 2 0.0415660063101 1 2 
125 13 0.0 9 1 0 0 11 11 2 0.0724090625999 1 1 
125 13 0.0 1 6 1 0 23 14 1 0.285879235347 0 5 
125 13 0.0 3 1 0 0 11 7 2 0.0716583374283 1 1 
125 13 0.0 11 5 1 0 8 16 3 3.70008196682e-66 2 2 
125 13 0.0 2 7 0 0 25 14 1 0.291668887402 0 5 
125 13 0.0 10 5 1 0 14 18 2 3.32230731212e-18 2 2 
125 13 0.0 5 4 0 0 24 20 2 0.0616709222528 2 2 
125 13 0.0 13 5 0 0 10 9 3 1.07714995802e-62 3 0 
125 13 0.0 8 1 0 0 11 11 2 0.0479575646106 1 1 
125 13 0.0 4 3 1 0 19 6 2 0.0619911451691 2 1 
125 13 0.0 12 2 1 0 6 2 3 2.35937396988e-73 2 0 
125 13 0.0 7 3 0 0 11 5 2 0.0499098634114 1 1 
125 13 0.0 14 8 0 0 16 25 3 8.98893007852e-65 5 0 
125 13 2.0 6 3 1 0 12 7 2 0.0669468171496 1 2 
125 13 2.0 9 1 0 0 11 11 2 0.117913552174 1 1 
125 13 2.0 1 6 1 0 23 14 1 0.340430920253 0 5 
125 13 2.0 3 1 0 0 11 7 2 0.116787007409 1 1 
125 13 2.0 11 5 1 0 8 16 3 1.71847208056e-36 2 2 
125 13 2.0 2 7 0 0 25 14 1 0.354045385492 0 5 
125 13 2.0 10 5 1 0 14 18 2 3.85267639939e-12 2 2 
125 13 2.0 5 4 0 0 24 20 2 0.0782606425212 2 2 
125 13 2.0 13 5 0 0 10 9 3 3.5964204509e-40 3 0 
125 13 2.0 8 1 0 0 11 11 2 0.0734013636484 1 1 
125 13 2.0 4 3 1 0 19 6 2 0.095977549725 2 1 
125 13 2.0 12 2 1 0 6 2 3 1.0691606808e-46 2 0 
125 13 2.0 7 3 0 0 11 5 2 0.0724820086831 1 1 
125 13 2.0 14 8 0 0 16 25 3 4.63113085106e-37 5 0 
125 14 0.0 6 3 1 0 12 7 2 0.0119682783818 1 2 
125 14 0.0 9 1 0 0 11 11 2 0.0196904673038 1 1 
125 14 0.0 1 6 1 0 23 14 1 0.168645392373 0 5 
125 14 0.0 3 1 0 0 11 7 2 0.0195586444622 1 1 
125 14 0.0 11 5 1 0 8 16 3 2.15807663076e-60 2 2 
125 14 0.0 2 7 0 0 25 14 1 0.160136443679 0 5 
125 14 0.0 10 5 1 0 14 18 2 6.20154513399e-23 2 2 
125 14 0.0 5 4 0 0 24 20 2 0.0131092681609 2 2 
125 14 0.0 13 5 0 0 10 9 3 2.59510046751e-66 3 0 
125 14 0.0 8 1 0 0 11 11 2 0.0126040200332 1 1 
125 14 0.0 4 3 1 0 19 6 2 0.0161684859456 2 1 
125 14 0.0 12 2 1 0 6 2 3 5.00909173071e-71 2 0 
125 14 0.0 7 3 0 0 11 5 2 0.0129380363566 1 1 
125 14 0.0 14 8 0 0 16 25 3 2.66477156273e-65 5 0 
125 14 2.0 6 3 1 0 12 7 2 0.019780583822 1 2 
125 14 2.0 9 1 0 0 11 11 2 0.0356627251031 1 1 
125 14 2.0 1 6 1 0 23 14 1 0.0152144447671 0 5 
125 14 2.0 3 1 0 0 11 7 2 0.0352055132526 1 1 
125 14 2.0 11 5 1 0 8 16 3 2.90663302517e-38 2 2 
125 14 2.0 2 7 0 0 25 14 1 0.0140646483857 0 5 
125 14 2.0 10 5 1 0 14 18 2 1.70848841355e-12 2 2 
125 14 2.0 5 4 0 0 24 20 2 0.03041614936 2 2 
125 14 2.0 13 5 0 0 10 9 3 2.63502246791e-36 3 0 
125 14 2.0 8 1 0 0 11 11 2 0.0260779521493 1 1 
125 14 2.0 4 3 1 0 19 6 2 0.0311504533386 2 1 
125 14 2.0 12 2 1 0 6 2 3 4.8575600707e-50 2 0 
125 14 2.0 7 3 0 0 11 5 2 0.0259730052389 1 1 
125 14 2.0 14 8 0 0 16 25 3 2.76175648828e-35 5 0 
125 15 0.0 6 3 1 0 12 7 2 0.0420726546794 1 2 
125 15 0.0 9 1 0 0 11 11 2 0.067416091683 1 1 
125 15 0.0 1 6 1 0 23 14 1 0.0709423896717 0 5 
125 15 0.0 3 1 0 0 11 7 2 0.0667225549883 1 1 
125 15 0.0 11 5 1 0 8 16 3 2.84883954573e-64 2 2 
125 15 0.0 2 7 0 0 25 14 1 0.0688442851063 0 5 
125 15 0.0 10 5 1 0 14 18 2 9.27647582635e-21 2 2 
125 15 0.0 5 4 0 0 24 20 2 0.0546378455513 2 2 
125 15 0.0 13 5 0 0 10 9 3 2.41059526104e-65 3 0 
125 15 0.0 8 1 0 0 11 11 2 0.0473555602489 1 1 
125 15 0.0 4 3 1 0 19 6 2 0.0577084176364 2 1 
125 15 0.0 12 2 1 0 6 2 3 1.59505266747e-72 2 0 
125 15 0.0 7 3 0 0 11 5 2 0.0475322280215 1 1 
125 15 0.0 14 8 0 0 16 25 3 3.56660397601e-64 5 0 
125 15 2.0 6 3 1 0 12 7 2 0.0197369682025 1 2 
125 15 2.0 9 1 0 0 11 11 2 0.0316259146045 1 1 
125 15 2.0 1 6 1 0 23 14 1 0.0278924100025 0 5 
125 15 2.0 3 1 0 0 11 7 2 0.0315914217918 1 1 
125 15 2.0 11 5 1 0 8 16 3 4.94163535306e-35 2 2 
125 15 2.0 2 7 0 0 25 14 1 0.0264111306465 0 5 
125 15 2.0 10 5 1 0 14 18 2 7.27529296114e-13 2 2 
125 15 2.0 5 4 0 0 24 20 2 0.0267600516712 2 2 
125 15 2.0 13 5 0 0 10 9 3 3.473810203e-33 3 0 
125 15 2.0 8 1 0 0 11 11 2 0.0198749554278 1 1 
125 15 2.0 4 3 1 0 19 6 2 0.0267770365034 2 1 
125 15 2.0 12 2 1 0 6 2 3 9.773195338e-46 2 0 
125 15 2.0 7 3 0 0 11 5 2 0.0205409643027 1 1 
125 15 2.0 14 8 0 0 16 25 3 1.84776985623e-37 5 0 
125 16 0.0 6 3 1 0 12 7 2 0.0307429481494 1 2 
125 16 0.0 9 1 0 0 11 11 2 0.0637918316538 1 1 
125 16 0.0 1 6 1 0 23 14 1 0.29918625101 0 5 
125 16 0.0 3 1 0 0 11 7 2 0.0672378324624 1 1 
125 16 0.0 11 5 1 0 8 16 3 3.75595463683e-67 2 2 
125 16 0.0 2 7 0 0 25 14 1 0.303667703655 0 5 
125 16 0.0 10 5 1 0 14 18 2 2.06036823427e-19 2 2 
125 16 0.0 5 4 0 0 24 20 2 0.058453683195 2 2 
125 16 0.0 13 5 0 0 10 9 3 1.41577676682e-57 3 0 
125 16 0.0 8 1 0 0 11 11 2 0.0470187034441 1 1 
125 16 0.0 4 3 1 0 19 6 2 0.0584810529139 2 1 
125 16 0.0 12 2 1 0 6 2 3 3.17952366423e-75 2 0 
125 16 0.0 7 3 0 0 11 5 2 0.0489529826304 1 1 
125 16 0.0 14 8 0 0 16 25 3 5.27748927211e-65 5 0 
125 16 2.0 6 3 1 0 12 7 2 0.00607715086531 1 2 
125 16 2.0 9 1 0 0 11 11 2 0.0102257214757 1 1 
125 16 2.0 1 6 1 0 23 14 1 0.125350290376 0 5 
125 16 2.0 3 1 0 0 11 7 2 0.0100917284191 1 1 
125 16 2.0 11 5 1 0 8 16 3 1.06029905126e-31 2 2 
125 16 2.0 2 7 0 0 25 14 1 0.115262118317 0 5 
125 16 2.0 10 5 1 0 14 18 2 1.74447388087e-13 2 2 
125 16 2.0 5 4 0 0 24 20 2 0.00668193717881 2 2 
125 16 2.0 13 5 0 0 10 9 3 1.34756410172e-40 3 0 
125 16 2.0 8 1 0 0 11 11 2 0.00634969771929 1 1 
125 16 2.0 4 3 1 0 19 6 2 0.00841069335474 2 1 
125 16 2.0 12 2 1 0 6 2 3 5.9890957393e-46 2 0 
125 16 2.0 7 3 0 0 11 5 2 0.006524786854 1 1 
125 16 2.0 14 8 0 0 16 25 3 2.97574292021e-38 5 0 
125 17 0.0 6 3 1 0 12 7 2 0.0124403243093 1 2 
125 17 0.0 9 1 0 0 11 11 2 0.0207694808563 1 1 
125 17 0.0 1 6 1 0 23 14 1 0.117798686993 0 5 
125 17 0.0 3 1 0 0 11 7 2 0.0205459564878 1 1 
125 17 0.0 11 5 1 0 8 16 3 1.30368038341e-64 2 2 
125 17 0.0 2 7 0 0 25 14 1 0.111376996526 0 5 
125 17 0.0 10 5 1 0 14 18 2 1.59652762393e-20 2 2 
125 17 0.0 5 4 0 0 24 20 2 0.0165139342464 2 2 
125 17 0.0 13 5 0 0 10 9 3 2.35819957231e-65 3 0 
125 17 0.0 8 1 0 0 11 11 2 0.0140230979903 1 1 
125 17 0.0 4 3 1 0 19 6 2 0.0174043113743 2 1 
125 17 0.0 12 2 1 0 6 2 3 3.47555921069e-72 2 0 
125 17 0.0 7 3 0 0 11 5 2 0.0138798981763 1 1 
125 17 0.0 14 8 0 0 16 25 3 2.19955172564e-63 5 0 
125 17 2.0 6 3 1 0 12 7 2 0.00759756249808 1 2 
125 17 2.0 9 1 0 0 11 11 2 0.0127441372042 1 1 
125 17 2.0 1 6 1 0 23 14 1 0.0517085648053 0 5 
125 17 2.0 3 1 0 0 11 7 2 0.0124881072089 1 1 
125 17 2.0 11 5 1 0 8 16 3 6.35573938377e-36 2 2 
125 17 2.0 2 7 0 0 25 14 1 0.0481145566653 0 5 
125 17 2.0 10 5 1 0 14 18 2 6.24544047059e-13 2 2 
125 17 2.0 5 4 0 0 24 20 2 0.0108247846121 2 2 
125 17 2.0 13 5 0 0 10 9 3 6.27162282283e-37 3 0 
125 17 2.0 8 1 0 0 11 11 2 0.00875198462876 1 1 
125 17 2.0 4 3 1 0 19 6 2 0.0108990410611 2 1 
125 17 2.0 12 2 1 0 6 2 3 1.52954424554e-48 2 0 
125 17 2.0 7 3 0 0 11 5 2 0.00902727853127 1 1 
125 17 2.0 14 8 0 0 16 25 3 6.25736557008e-36 5 0 
125 18 0.0 6 3 1 0 12 7 2 0.0445947360156 1 2 
125 18 0.0 9 1 0 0 11 11 2 0.0890186831792 1 1 
125 18 0.0 1 6 1 0 23 14 1 0.119776329553 0 5 
125 18 0.0 3 1 0 0 11 7 2 0.0880960618804 1 1 
125 18 0.0 11 5 1 0 8 16 3 7.83964217536e-63 2 2 
125 18 0.0 2 7 0 0 25 14 1 0.120057753069 0 5 
125 18 0.0 10 5 1 0 14 18 2 4.31161320227e-19 2 2 
125 18 0.0 5 4 0 0 24 20 2 0.0663296666895 2 2 
125 18 0.0 13 5 0 0 10 9 3 4.23568757299e-67 3 0 
125 18 0.0 8 1 0 0 11 11 2 0.0672559143846 1 1 
125 18 0.0 4 3 1 0 19 6 2 0.0785106295961 2 1 
125 18 0.0 12 2 1 0 6 2 3 4.97837500773e-75 2 0 
125 18 0.0 7 3 0 0 11 5 2 0.0679357524512 1 1 
125 18 0.0 14 8 0 0 16 25 3 5.26729535604e-65 5 0 
125 18 2.0 6 3 1 0 12 7 2 0.011762649913 1 2 
125 18 2.0 9 1 0 0 11 11 2 0.0294816407847 1 1 
125 18 2.0 1 6 1 0 23 14 1 0.347982961703 0 5 
125 18 2.0 3 1 0 0 11 7 2 0.0289562212555 1 1 
125 18 2.0 11 5 1 0 8 16 3 1.0912628055e-40 2 2 
125 18 2.0 2 7 0 0 25 14 1 0.342088001572 0 5 
125 18 2.0 10 5 1 0 14 18 2 1.25827633463e-12 2 2 
125 18 2.0 5 4 0 0 24 20 2 0.0249519171738 2 2 
125 18 2.0 13 5 0 0 10 9 3 6.47386816061e-36 3 0 
125 18 2.0 8 1 0 0 11 11 2 0.0206433546749 1 1 
125 18 2.0 4 3 1 0 19 6 2 0.0250989459143 2 1 
125 18 2.0 12 2 1 0 6 2 3 5.21851559058e-52 2 0 
125 18 2.0 7 3 0 0 11 5 2 0.020532974096 1 1 
125 18 2.0 14 8 0 0 16 25 3 4.01685941926e-34 5 0 
125 19 0.0 6 3 1 0 12 7 2 0.0253209913677 1 2 
125 19 0.0 9 1 0 0 11 11 2 0.0546733827629 1 1 
125 19 0.0 1 6 1 0 23 14 1 0.0671343959477 0 5 
125 19 0.0 3 1 0 0 11 7 2 0.0563723915826 1 1 
125 19 0.0 11 5 1 0 8 16 3 1.0363836215e-66 2 2 
125 19 0.0 2 7 0 0 25 14 1 0.0647064265807 0 5 
125 19 0.0 10 5 1 0 14 18 2 8.94546526528e-22 2 2 
125 19 0.0 5 4 0 0 24 20 2 0.0501332271119 2 2 
125 19 0.0 13 5 0 0 10 9 3 1.14457328123e-58 3 0 
125 19 0.0 8 1 0 0 11 11 2 0.0437180245496 1 1 
125 19 0.0 4 3 1 0 19 6 2 0.0499914753737 2 1 
125 19 0.0 12 2 1 0 6 2 3 2.28756727934e-75 2 0 
125 19 0.0 7 3 0 0 11 5 2 0.0435817993607 1 1 
125 19 0.0 14 8 0 0 16 25 3 4.15415328619e-64 5 0 
125 19 2.0 6 3 1 0 12 7 2 0.00887149452843 1 2 
125 19 2.0 9 1 0 0 11 11 2 0.0157911342155 1 1 
125 19 2.0 1 6 1 0 23 14 1 0.249370647546 0 5 
125 19 2.0 3 1 0 0 11 7 2 0.0157609082144 1 1 
125 19 2.0 11 5 1 0 8 16 3 8.91448859906e-37 2 2 
125 19 2.0 2 7 0 0 25 14 1 0.235553402022 0 5 
125 19 2.0 10 5 1 0 14 18 2 7.34035511999e-12 2 2 
125 19 2.0 5 4 0 0 24 20 2 0.0132446713912 2 2 
125 19 2.0 13 5 0 0 10 9 3 2.87389657297e-32 3 0 
125 19 2.0 8 1 0 0 11 11 2 0.00904602985906 1 1 
125 19 2.0 4 3 1 0 19 6 2 0.0132740882342 2 1 
125 19 2.0 12 2 1 0 6 2 3 5.54066055482e-47 2 0 
125 19 2.0 7 3 0 0 11 5 2 0.00960491287694 1 1 
125 19 2.0 14 8 0 0 16 25 3 4.34944842823e-37 5 0 
125 20 0.0 6 3 1 0 12 7 2 0.0249196808771 1 2 
125 20 0.0 9 1 0 0 11 11 2 0.0473840113152 1 1 
125 20 0.0 1 6 1 0 23 14 1 0.363297215639 0 5 
125 20 0.0 3 1 0 0 11 7 2 0.0471180914311 1 1 
125 20 0.0 11 5 1 0 8 16 3 2.00780430734e-64 2 2 
125 20 0.0 2 7 0 0 25 14 1 0.364735747081 0 5 
125 20 0.0 10 5 1 0 14 18 2 1.63066117448e-19 2 2 
125 20 0.0 5 4 0 0 24 20 2 0.0299049115231 2 2 
125 20 0.0 13 5 0 0 10 9 3 5.82313869729e-67 3 0 
125 20 0.0 8 1 0 0 11 11 2 0.0314498020492 1 1 
125 20 0.0 4 3 1 0 19 6 2 0.0393749921896 2 1 
125 20 0.0 12 2 1 0 6 2 3 5.7592913212e-74 2 0 
125 20 0.0 7 3 0 0 11 5 2 0.0313799060221 1 1 
125 20 0.0 14 8 0 0 16 25 3 3.85414848218e-65 5 0 
125 20 2.0 6 3 1 0 12 7 2 0.0151336356478 1 2 
125 20 2.0 9 1 0 0 11 11 2 0.0362068461504 1 1 
125 20 2.0 1 6 1 0 23 14 1 0.368777673526 0 5 
125 20 2.0 3 1 0 0 11 7 2 0.0358643903697 1 1 
125 20 2.0 11 5 1 0 8 16 3 8.65215203754e-32 2 2 
125 20 2.0 2 7 0 0 25 14 1 0.361454847015 0 5 
125 20 2.0 10 5 1 0 14 18 2 2.2077495308e-14 2 2 
125 20 2.0 5 4 0 0 24 20 2 0.0235587390335 2 2 
125 20 2.0 13 5 0 0 10 9 3 1.84498427617e-40 3 0 
125 20 2.0 8 1 0 0 11 11 2 0.023511179838 1 1 
125 20 2.0 4 3 1 0 19 6 2 0.0297027523774 2 1 
125 20 2.0 12 2 1 0 6 2 3 3.32137648958e-51 2 0 
125 20 2.0 7 3 0 0 11 5 2 0.0239974768905 1 1 
125 20 2.0 14 8 0 0 16 25 3 1.52230681336e-37 5 0 
125 21 0.0 6 3 1 0 12 7 2 0.039628685799 1 2 
125 21 0.0 9 1 0 0 11 11 2 0.0824638460111 1 1 
125 21 0.0 1 6 1 0 23 14 1 0.098636218605 0 5 
125 21 0.0 3 1 0 0 11 7 2 0.0821627601971 1 1 
125 21 0.0 11 5 1 0 8 16 3 6.44859215723e-62 2 2 
125 21 0.0 2 7 0 0 25 14 1 0.0978648643613 0 5 
125 21 0.0 10 5 1 0 14 18 2 1.77832050569e-23 2 2 
125 21 0.0 5 4 0 0 24 20 2 0.0706224953669 2 2 
125 21 0.0 13 5 0 0 10 9 3 1.43545929802e-63 3 0 
125 21 0.0 8 1 0 0 11 11 2 0.0634777404644 1 1 
125 21 0.0 4 3 1 0 19 6 2 0.0725677734894 2 1 
125 21 0.0 12 2 1 0 6 2 3 4.00301785602e-75 2 0 
125 21 0.0 7 3 0 0 11 5 2 0.0643018272177 1 1 
125 21 0.0 14 8 0 0 16 25 3 1.17455731177e-63 5 0 
125 21 2.0 6 3 1 0 12 7 2 0.00552243462155 1 2 
125 21 2.0 9 1 0 0 11 11 2 0.00976188009375 1 1 
125 21 2.0 1 6 1 0 23 14 1 0.136678741987 0 5 
125 21 2.0 3 1 0 0 11 7 2 0.00973477145112 1 1 
125 21 2.0 11 5 1 0 8 16 3 1.56263591989e-37 2 2 
125 21 2.0 2 7 0 0 25 14 1 0.127289111299 0 5 
125 21 2.0 10 5 1 0 14 18 2 2.74309570256e-12 2 2 
125 21 2.0 5 4 0 0 24 20 2 0.00794934840364 2 2 
125 21 2.0 13 5 0 0 10 9 3 5.05744518568e-36 3 0 
125 21 2.0 8 1 0 0 11 11 2 0.00634523083326 1 1 
125 21 2.0 4 3 1 0 19 6 2 0.00821895171991 2 1 
125 21 2.0 12 2 1 0 6 2 3 3.11633885982e-48 2 0 
125 21 2.0 7 3 0 0 11 5 2 0.00641862936551 1 1 
125 21 2.0 14 8 0 0 16 25 3 1.27539804466e-37 5 0 
125 22 0.0 6 3 1 0 12 7 2 0.0139932691006 1 2 
125 22 0.0 9 1 0 0 11 11 2 0.0429093426606 1 1 
125 22 0.0 1 6 1 0 23 14 1 0.17431433467 0 5 
125 22 0.0 3 1 0 0 11 7 2 0.0427559459975 1 1 
125 22 0.0 11 5 1 0 8 16 3 3.45093557345e-69 2 2 
125 22 0.0 2 7 0 0 25 14 1 0.172391122365 0 5 
125 22 0.0 10 5 1 0 14 18 2 2.99886782244e-19 2 2 
125 22 0.0 5 4 0 0 24 20 2 0.0399093469591 2 2 
125 22 0.0 13 5 0 0 10 9 3 5.48403536614e-60 3 0 
125 22 0.0 8 1 0 0 11 11 2 0.0353144334747 1 1 
125 22 0.0 4 3 1 0 19 6 2 0.0399230094228 2 1 
125 22 0.0 12 2 1 0 6 2 3 1.90863905588e-76 2 0 
125 22 0.0 7 3 0 0 11 5 2 0.0351611331534 1 1 
125 22 0.0 14 8 0 0 16 25 3 1.91692349693e-62 5 0 
125 22 2.0 6 3 1 0 12 7 2 0.0167651226281 1 2 
125 22 2.0 9 1 0 0 11 11 2 0.0300390217796 1 1 
125 22 2.0 1 6 1 0 23 14 1 0.0196566826312 0 5 
125 22 2.0 3 1 0 0 11 7 2 0.0300486789206 1 1 
125 22 2.0 11 5 1 0 8 16 3 1.26568797872e-42 2 2 
125 22 2.0 2 7 0 0 25 14 1 0.0180241027439 0 5 
125 22 2.0 10 5 1 0 14 18 2 1.51431342399e-11 2 2 
125 22 2.0 5 4 0 0 24 20 2 0.0267302610476 2 2 
125 22 2.0 13 5 0 0 10 9 3 4.72399398079e-32 3 0 
125 22 2.0 8 1 0 0 11 11 2 0.0221564721994 1 1 
125 22 2.0 4 3 1 0 19 6 2 0.026608652369 2 1 
125 22 2.0 12 2 1 0 6 2 3 4.76557589581e-50 2 0 
125 22 2.0 7 3 0 0 11 5 2 0.0216778640353 1 1 
125 22 2.0 14 8 0 0 16 25 3 9.50388247062e-35 5 0 
125 23 0.0 6 3 1 0 12 7 2 0.0360388107894 1 2 
125 23 0.0 9 1 0 0 11 11 2 0.0664077576726 1 1 
125 23 0.0 1 6 1 0 23 14 1 0.128547671177 0 5 
125 23 0.0 3 1 0 0 11 7 2 0.0665472872126 1 1 
125 23 0.0 11 5 1 0 8 16 3 7.80902992135e-68 2 2 
125 23 0.0 2 7 0 0 25 14 1 0.126447665111 0 5 
125 23 0.0 10 5 1 0 14 18 2 2.92018721125e-17 2 2 
125 23 0.0 5 4 0 0 24 20 2 0.0587886617555 2 2 
125 23 0.0 13 5 0 0 10 9 3 5.02828145115e-61 3 0 
125 23 0.0 8 1 0 0 11 11 2 0.0491644828972 1 1 
125 23 0.0 4 3 1 0 19 6 2 0.0589095435098 2 1 
125 23 0.0 12 2 1 0 6 2 3 4.7933036635e-75 2 0 
125 23 0.0 7 3 0 0 11 5 2 0.0488260500949 1 1 
125 23 0.0 14 8 0 0 16 25 3 4.41696445834e-64 5 0 
125 23 2.0 6 3 1 0 12 7 2 0.0213902053366 1 2 
125 23 2.0 9 1 0 0 11 11 2 0.0354377865045 1 1 
125 23 2.0 1 6 1 0 23 14 1 0.0153223658967 0 5 
125 23 2.0 3 1 0 0 11 7 2 0.0357077836022 1 1 
125 23 2.0 11 5 1 0 8 16 3 3.00878975051e-34 2 2 
125 23 2.0 2 7 0 0 25 14 1 0.0142769437404 0 5 
125 23 2.0 10 5 1 0 14 18 2 4.45235690662e-12 2 2 
125 23 2.0 5 4 0 0 24 20 2 0.030815713503 2 2 
125 23 2.0 13 5 0 0 10 9 3 7.34802548559e-33 3 0 
125 23 2.0 8 1 0 0 11 11 2 0.0246464677203 1 1 
125 23 2.0 4 3 1 0 19 6 2 0.0311883198719 2 1 
125 23 2.0 12 2 1 0 6 2 3 5.98782189664e-49 2 0 
125 23 2.0 7 3 0 0 11 5 2 0.0262743843413 1 1 
125 23 2.0 14 8 0 0 16 25 3 6.02580323937e-39 5 0 
125 24 0.0 6 3 1 0 12 7 2 0.0337177690307 1 2 
125 24 0.0 9 1 0 0 11 11 2 0.0591004131587 1 1 
125 24 0.0 1 6 1 0 23 14 1 0.0682452093346 0 5 
125 24 0.0 3 1 0 0 11 7 2 0.0595541344438 1 1 
125 24 0.0 11 5 1 0 8 16 3 5.52341340801e-66 2 2 
125 24 0.0 2 7 0 0 25 14 1 0.0658541605765 0 5 
125 24 0.0 10 5 1 0 14 18 2 1.4352475897e-19 2 2 
125 24 0.0 5 4 0 0 24 20 2 0.0519084753083 2 2 
125 24 0.0 13 5 0 0 10 9 3 4.71896424851e-62 3 0 
125 24 0.0 8 1 0 0 11 11 2 0.0434583873623 1 1 
125 24 0.0 4 3 1 0 19 6 2 0.0524306972306 2 1 
125 24 0.0 12 2 1 0 6 2 3 6.41836331843e-74 2 0 
125 24 0.0 7 3 0 0 11 5 2 0.0436139316139 1 1 
125 24 0.0 14 8 0 0 16 25 3 9.38938380269e-65 5 0 
125 24 2.0 6 3 1 0 12 7 2 0.00520197822532 1 2 
125 24 2.0 9 1 0 0 11 11 2 0.0101454088008 1 1 
125 24 2.0 1 6 1 0 23 14 1 0.145844168557 0 5 
125 24 2.0 3 1 0 0 11 7 2 0.0102017599437 1 1 
125 24 2.0 11 5 1 0 8 16 3 3.07206547785e-38 2 2 
125 24 2.0 2 7 0 0 25 14 1 0.136636970385 0 5 
125 24 2.0 10 5 1 0 14 18 2 4.96743570277e-12 2 2 
125 24 2.0 5 4 0 0 24 20 2 0.00833049021181 2 2 
125 24 2.0 13 5 0 0 10 9 3 2.35703905459e-35 3 0 
125 24 2.0 8 1 0 0 11 11 2 0.00678157272716 1 1 
125 24 2.0 4 3 1 0 19 6 2 0.00856131637967 2 1 
125 24 2.0 12 2 1 0 6 2 3 6.27239628785e-50 2 0 
125 24 2.0 7 3 0 0 11 5 2 0.00688248851507 1 1 
125 24 2.0 14 8 0 0 16 25 3 2.14226880167e-38 5 0 
125 25 0.0 6 3 1 0 12 7 2 0.0275567858863 1 2 
125 25 0.0 9 1 0 0 11 11 2 0.0570763691614 1 1 
125 25 0.0 1 6 1 0 23 14 1 0.0806481731316 0 5 
125 25 0.0 3 1 0 0 11 7 2 0.0558934300341 1 1 
125 25 0.0 11 5 1 0 8 16 3 1.26436754536e-67 2 2 
125 25 0.0 2 7 0 0 25 14 1 0.0779484419425 0 5 
125 25 0.0 10 5 1 0 14 18 2 7.77926806546e-19 2 2 
125 25 0.0 5 4 0 0 24 20 2 0.0503527019131 2 2 
125 25 0.0 13 5 0 0 10 9 3 7.91856645445e-64 3 0 
125 25 0.0 8 1 0 0 11 11 2 0.0434188439003 1 1 
125 25 0.0 4 3 1 0 19 6 2 0.0507332413116 2 1 
125 25 0.0 12 2 1 0 6 2 3 4.09292212465e-75 2 0 
125 25 0.0 7 3 0 0 11 5 2 0.0435546237869 1 1 
125 25 0.0 14 8 0 0 16 25 3 3.53507760195e-63 5 0 
125 25 2.0 6 3 1 0 12 7 2 0.00697219965667 1 2 
125 25 2.0 9 1 0 0 11 11 2 0.0120394946564 1 1 
125 25 2.0 1 6 1 0 23 14 1 0.071559854589 0 5 
125 25 2.0 3 1 0 0 11 7 2 0.011907061552 1 1 
125 25 2.0 11 5 1 0 8 16 3 1.11296481036e-36 2 2 
125 25 2.0 2 7 0 0 25 14 1 0.0658811813032 0 5 
125 25 2.0 10 5 1 0 14 18 2 2.22258639777e-12 2 2 
125 25 2.0 5 4 0 0 24 20 2 0.010201199298 2 2 
125 25 2.0 13 5 0 0 10 9 3 1.58598129468e-32 3 0 
125 25 2.0 8 1 0 0 11 11 2 0.00764853931912 1 1 
125 25 2.0 4 3 1 0 19 6 2 0.0101169720435 2 1 
125 25 2.0 12 2 1 0 6 2 3 2.31014149042e-48 2 0 
125 25 2.0 7 3 0 0 11 5 2 0.00799665066166 1 1 
125 25 2.0 14 8 0 0 16 25 3 7.75556213996e-36 5 0 
125 26 0.0 6 3 1 0 12 7 2 0.0107615588864 1 2 
125 26 0.0 9 1 0 0 11 11 2 0.0242087445272 1 1 
125 26 0.0 1 6 1 0 23 14 1 0.173215316251 0 5 
125 26 0.0 3 1 0 0 11 7 2 0.0246194973671 1 1 
125 26 0.0 11 5 1 0 8 16 3 5.56680296588e-67 2 2 
125 26 0.0 2 7 0 0 25 14 1 0.167392151419 0 5 
125 26 0.0 10 5 1 0 14 18 2 6.91053922794e-18 2 2 
125 26 0.0 5 4 0 0 24 20 2 0.0216022774575 2 2 
125 26 0.0 13 5 0 0 10 9 3 8.86528770425e-61 3 0 
125 26 0.0 8 1 0 0 11 11 2 0.0179960957178 1 1 
125 26 0.0 4 3 1 0 19 6 2 0.0217517605823 2 1 
125 26 0.0 12 2 1 0 6 2 3 1.97402512476e-75 2 0 
125 26 0.0 7 3 0 0 11 5 2 0.0185004464479 1 1 
125 26 0.0 14 8 0 0 16 25 3 1.01812690256e-65 5 0 
125 26 2.0 6 3 1 0 12 7 2 0.0351622069962 1 2 
125 26 2.0 9 1 0 0 11 11 2 0.0534143622695 1 1 
125 26 2.0 1 6 1 0 23 14 1 0.0137961675031 0 5 
125 26 2.0 3 1 0 0 11 7 2 0.053157498394 1 1 
125 26 2.0 11 5 1 0 8 16 3 3.91139031284e-30 2 2 
125 26 2.0 2 7 0 0 25 14 1 0.0128333662071 0 5 
125 26 2.0 10 5 1 0 14 18 2 1.24553068108e-13 2 2 
125 26 2.0 5 4 0 0 24 20 2 0.037104526878 2 2 
125 26 2.0 13 5 0 0 10 9 3 6.76479064858e-39 3 0 
125 26 2.0 8 1 0 0 11 11 2 0.0359399873759 1 1 
125 26 2.0 4 3 1 0 19 6 2 0.0457684041761 2 1 
125 26 2.0 12 2 1 0 6 2 3 2.79656502094e-45 2 0 
125 26 2.0 7 3 0 0 11 5 2 0.0376762628177 1 1 
125 26 2.0 14 8 0 0 16 25 3 1.04289197793e-38 5 0 
125 27 0.0 6 3 1 0 12 7 2 0.0264589629011 1 2 
125 27 0.0 9 1 0 0 11 11 2 0.0440019181423 1 1 
125 27 0.0 1 6 1 0 23 14 1 0.383503673021 0 5 
125 27 0.0 3 1 0 0 11 7 2 0.0446869442599 1 1 
125 27 0.0 11 5 1 0 8 16 3 3.22848908242e-61 2 2 
125 27 0.0 2 7 0 0 25 14 1 0.383764514589 0 5 
125 27 0.0 10 5 1 0 14 18 2 4.30237991989e-22 2 2 
125 27 0.0 5 4 0 0 24 20 2 0.0356790066762 2 2 
125 27 0.0 13 5 0 0 10 9 3 9.85899193406e-61 3 0 
125 27 0.0 8 1 0 0 11 11 2 0.0276273575047 1 1 
125 27 0.0 4 3 1 0 19 6 2 0.0362803455837 2 1 
125 27 0.0 12 2 1 0 6 2 3 5.10533945156e-71 2 0 
125 27 0.0 7 3 0 0 11 5 2 0.0283757746982 1 1 
125 27 0.0 14 8 0 0 16 25 3 6.14730569645e-66 5 0 
125 27 2.0 6 3 1 0 12 7 2 0.0159443972794 1 2 
125 27 2.0 9 1 0 0 11 11 2 0.0283678305592 1 1 
125 27 2.0 1 6 1 0 23 14 1 0.018976137053 0 5 
125 27 2.0 3 1 0 0 11 7 2 0.0287200475718 1 1 
125 27 2.0 11 5 1 0 8 16 3 8.0379182341e-38 2 2 
125 27 2.0 2 7 0 0 25 14 1 0.0173709452066 0 5 
125 27 2.0 10 5 1 0 14 18 2 2.52015432388e-12 2 2 
125 27 2.0 5 4 0 0 24 20 2 0.0248708059291 2 2 
125 27 2.0 13 5 0 0 10 9 3 3.0305904957e-32 3 0 
125 27 2.0 8 1 0 0 11 11 2 0.0201506499412 1 1 
125 27 2.0 4 3 1 0 19 6 2 0.0247624390831 2 1 
125 27 2.0 12 2 1 0 6 2 3 9.62601606932e-50 2 0 
125 27 2.0 7 3 0 0 11 5 2 0.0204987928603 1 1 
125 27 2.0 14 8 0 0 16 25 3 3.29345858866e-37 5 0 
125 28 0.0 6 3 1 0 12 7 2 0.0202747661252 1 2 
125 28 0.0 9 1 0 0 11 11 2 0.0336856032702 1 1 
125 28 0.0 1 6 1 0 23 14 1 0.0698163069931 0 5 
125 28 0.0 3 1 0 0 11 7 2 0.0336042524166 1 1 
125 28 0.0 11 5 1 0 8 16 3 2.44481123212e-65 2 2 
125 28 0.0 2 7 0 0 25 14 1 0.0659656288905 0 5 
125 28 0.0 10 5 1 0 14 18 2 1.17640135939e-19 2 2 
125 28 0.0 5 4 0 0 24 20 2 0.028965830928 2 2 
125 28 0.0 13 5 0 0 10 9 3 1.91744461273e-61 3 0 
125 28 0.0 8 1 0 0 11 11 2 0.0237524630724 1 1 
125 28 0.0 4 3 1 0 19 6 2 0.0290608926988 2 1 
125 28 0.0 12 2 1 0 6 2 3 3.23904297463e-73 2 0 
125 28 0.0 7 3 0 0 11 5 2 0.0235442507042 1 1 
125 28 0.0 14 8 0 0 16 25 3 4.15462791208e-63 5 0 
125 28 2.0 6 3 1 0 12 7 2 0.00458864260507 1 2 
125 28 2.0 9 1 0 0 11 11 2 0.0102141543129 1 1 
125 28 2.0 1 6 1 0 23 14 1 0.149718683469 0 5 
125 28 2.0 3 1 0 0 11 7 2 0.0103083965033 1 1 
125 28 2.0 11 5 1 0 8 16 3 1.3872882203e-35 2 2 
125 28 2.0 2 7 0 0 25 14 1 0.140448464656 0 5 
125 28 2.0 10 5 1 0 14 18 2 8.22178149804e-18 2 2 
125 28 2.0 5 4 0 0 24 20 2 0.00829897376685 2 2 
125 28 2.0 13 5 0 0 10 9 3 7.92036699631e-33 3 0 
125 28 2.0 8 1 0 0 11 11 2 0.00721175468395 1 1 
125 28 2.0 4 3 1 0 19 6 2 0.00861409129292 2 1 
125 28 2.0 12 2 1 0 6 2 3 4.31995926555e-51 2 0 
125 28 2.0 7 3 0 0 11 5 2 0.00729383202627 1 1 
125 28 2.0 14 8 0 0 16 25 3 1.30074645774e-37 5 0 
125 29 0.0 6 3 1 0 12 7 2 0.0111817001541 1 2 
125 29 0.0 9 1 0 0 11 11 2 0.0197227768838 1 1 
125 29 0.0 1 6 1 0 23 14 1 0.22408633925 0 5 
125 29 0.0 3 1 0 0 11 7 2 0.0197219200831 1 1 
125 29 0.0 11 5 1 0 8 16 3 4.21120424574e-61 2 2 
125 29 0.0 2 7 0 0 25 14 1 0.215444779803 0 5 
125 29 0.0 10 5 1 0 14 18 2 1.3204714896e-22 2 2 
125 29 0.0 5 4 0 0 24 20 2 0.0154085667819 2 2 
125 29 0.0 13 5 0 0 10 9 3 1.27693099602e-63 3 0 
125 29 0.0 8 1 0 0 11 11 2 0.0128598704528 1 1 
125 29 0.0 4 3 1 0 19 6 2 0.0162329398748 2 1 
125 29 0.0 12 2 1 0 6 2 3 7.1549791317e-73 2 0 
125 29 0.0 7 3 0 0 11 5 2 0.0131282879248 1 1 
125 29 0.0 14 8 0 0 16 25 3 5.48623255815e-65 5 0 
125 29 2.0 6 3 1 0 12 7 2 0.0273627495597 1 2 
125 29 2.0 9 1 0 0 11 11 2 0.0453030920273 1 1 
125 29 2.0 1 6 1 0 23 14 1 0.0145210432887 0 5 
125 29 2.0 3 1 0 0 11 7 2 0.0444477466266 1 1 
125 29 2.0 11 5 1 0 8 16 3 1.01803308133e-39 2 2 
125 29 2.0 2 7 0 0 25 14 1 0.0133287236502 0 5 
125 29 2.0 10 5 1 0 14 18 2 1.24060781744e-12 2 2 
125 29 2.0 5 4 0 0 24 20 2 0.0382094354466 2 2 
125 29 2.0 13 5 0 0 10 9 3 1.91614146166e-36 3 0 
125 29 2.0 8 1 0 0 11 11 2 0.0317417016461 1 1 
125 29 2.0 4 3 1 0 19 6 2 0.0383861344742 2 1 
125 29 2.0 12 2 1 0 6 2 3 3.94163422098e-48 2 0 
125 29 2.0 7 3 0 0 11 5 2 0.0308805088819 1 1 
125 29 2.0 14 8 0 0 16 25 3 8.46013666545e-34 5 0 
125 30 0.0 6 3 1 0 12 7 2 0.0374556767037 1 2 
125 30 0.0 9 1 0 0 11 11 2 0.0622760246835 1 1 
125 30 0.0 1 6 1 0 23 14 1 0.372846867208 0 5 
125 30 0.0 3 1 0 0 11 7 2 0.0622612079035 1 1 
125 30 0.0 11 5 1 0 8 16 3 4.95039414019e-62 2 2 
125 30 0.0 2 7 0 0 25 14 1 0.378641666317 0 5 
125 30 0.0 10 5 1 0 14 18 2 6.70699788792e-23 2 2 
125 30 0.0 5 4 0 0 24 20 2 0.0461574274075 2 2 
125 30 0.0 13 5 0 0 10 9 3 2.08474628357e-64 3 0 
125 30 0.0 8 1 0 0 11 11 2 0.0394499230954 1 1 
125 30 0.0 4 3 1 0 19 6 2 0.0505013435347 2 1 
125 30 0.0 12 2 1 0 6 2 3 7.1762118104e-71 2 0 
125 30 0.0 7 3 0 0 11 5 2 0.0399110781055 1 1 
125 30 0.0 14 8 0 0 16 25 3 1.80929020656e-65 5 0 
125 30 2.0 6 3 1 0 12 7 2 0.00461686971489 1 2 
125 30 2.0 9 1 0 0 11 11 2 0.0126940984087 1 1 
125 30 2.0 1 6 1 0 23 14 1 0.0484031231703 0 5 
125 30 2.0 3 1 0 0 11 7 2 0.0126358282143 1 1 
125 30 2.0 11 5 1 0 8 16 3 2.40216229526e-37 2 2 
125 30 2.0 2 7 0 0 25 14 1 0.0453943706205 0 5 
125 30 2.0 10 5 1 0 14 18 2 2.41830033534e-13 2 2 
125 30 2.0 5 4 0 0 24 20 2 0.0109375074634 2 2 
125 30 2.0 13 5 0 0 10 9 3 7.13777584601e-37 3 0 
125 30 2.0 8 1 0 0 11 11 2 0.0101215455007 1 1 
125 30 2.0 4 3 1 0 19 6 2 0.0115592818413 2 1 
125 30 2.0 12 2 1 0 6 2 3 1.55825135812e-52 2 0 
125 30 2.0 7 3 0 0 11 5 2 0.0102968256247 1 1 
125 30 2.0 14 8 0 0 16 25 3 3.29160684999e-37 5 0 
125 31 0.0 6 3 1 0 12 7 2 0.0131927379515 1 2 
125 31 0.0 9 1 0 0 11 11 2 0.0211237864877 1 1 
125 31 0.0 1 6 1 0 23 14 1 0.110842209352 0 5 
125 31 0.0 3 1 0 0 11 7 2 0.0211963780327 1 1 
125 31 0.0 11 5 1 0 8 16 3 3.28902906714e-61 2 2 
125 31 0.0 2 7 0 0 25 14 1 0.10441982978 0 5 
125 31 0.0 10 5 1 0 14 18 2 7.05165602271e-24 2 2 
125 31 0.0 5 4 0 0 24 20 2 0.015927461459 2 2 
125 31 0.0 13 5 0 0 10 9 3 1.98179134475e-63 3 0 
125 31 0.0 8 1 0 0 11 11 2 0.0140707071171 1 1 
125 31 0.0 4 3 1 0 19 6 2 0.0173818104425 2 1 
125 31 0.0 12 2 1 0 6 2 3 5.41015326307e-71 2 0 
125 31 0.0 7 3 0 0 11 5 2 0.0141754054044 1 1 
125 31 0.0 14 8 0 0 16 25 3 4.09474628187e-65 5 0 
125 31 2.0 6 3 1 0 12 7 2 0.0937127925131 1 2 
125 31 2.0 9 1 0 0 11 11 2 0.15070420292 1 1 
125 31 2.0 1 6 1 0 23 14 1 0.0443761164849 0 5 
125 31 2.0 3 1 0 0 11 7 2 0.150027401336 1 1 
125 31 2.0 11 5 1 0 8 16 3 4.11545267249e-32 2 2 
125 31 2.0 2 7 0 0 25 14 1 0.0467207139133 0 5 
125 31 2.0 10 5 1 0 14 18 2 1.12848866888e-13 2 2 
125 31 2.0 5 4 0 0 24 20 2 0.0851222558717 2 2 
125 31 2.0 13 5 0 0 10 9 3 4.13826098868e-40 3 0 
125 31 2.0 8 1 0 0 11 11 2 0.106210566325 1 1 
125 31 2.0 4 3 1 0 19 6 2 0.130104736704 2 1 
125 31 2.0 12 2 1 0 6 2 3 4.86538150873e-48 2 0 
125 31 2.0 7 3 0 0 11 5 2 0.107690960094 1 1 
125 31 2.0 14 8 0 0 16 25 3 3.52533786083e-38 5 0 
125 32 0.0 6 3 1 0 12 7 2 0.0278913820506 1 2 
125 32 0.0 9 1 0 0 11 11 2 0.0545467647134 1 1 
125 32 0.0 1 6 1 0 23 14 1 0.189717801525 0 5 
125 32 0.0 3 1 0 0 11 7 2 0.050831504785 1 1 
125 32 0.0 11 5 1 0 8 16 3 3.40310349114e-69 2 2 
125 32 0.0 2 7 0 0 25 14 1 0.187837957311 0 5 
125 32 0.0 10 5 1 0 14 18 2 2.88287017269e-17 2 2 
125 32 0.0 5 4 0 0 24 20 2 0.0475560303351 2 2 
125 32 0.0 13 5 0 0 10 9 3 1.05472674847e-61 3 0 
125 32 0.0 8 1 0 0 11 11 2 0.038435338133 1 1 
125 32 0.0 4 3 1 0 19 6 2 0.0475759243435 2 1 
125 32 0.0 12 2 1 0 6 2 3 5.80895379334e-75 2 0 
125 32 0.0 7 3 0 0 11 5 2 0.0381142102051 1 1 
125 32 0.0 14 8 0 0 16 25 3 1.54255654754e-62 5 0 
125 32 2.0 6 3 1 0 12 7 2 0.0176866922997 1 2 
125 32 2.0 9 1 0 0 11 11 2 0.0313724475811 1 1 
125 32 2.0 1 6 1 0 23 14 1 0.0166690941366 0 5 
125 32 2.0 3 1 0 0 11 7 2 0.0311813228483 1 1 
125 32 2.0 11 5 1 0 8 16 3 2.46863214118e-36 2 2 
125 32 2.0 2 7 0 0 25 14 1 0.0153396747702 0 5 
125 32 2.0 10 5 1 0 14 18 2 2.20512032414e-12 2 2 
125 32 2.0 5 4 0 0 24 20 2 0.0273410595574 2 2 
125 32 2.0 13 5 0 0 10 9 3 2.3406008492e-33 3 0 
125 32 2.0 8 1 0 0 11 11 2 0.0220825113435 1 1 
125 32 2.0 4 3 1 0 19 6 2 0.0273877788919 2 1 
125 32 2.0 12 2 1 0 6 2 3 1.28734886005e-49 2 0 
125 32 2.0 7 3 0 0 11 5 2 0.022970278793 1 1 
125 32 2.0 14 8 0 0 16 25 3 2.29267238571e-36 5 0 
125 33 0.0 6 3 1 0 12 7 2 0.0149358946237 1 2 
125 33 0.0 9 1 0 0 11 11 2 0.0249343682823 1 1 
125 33 0.0 1 6 1 0 23 14 1 0.0881242550868 0 5 
125 33 0.0 3 1 0 0 11 7 2 0.0244829267721 1 1 
125 33 0.0 11 5 1 0 8 16 3 4.42016910028e-64 2 2 
125 33 0.0 2 7 0 0 25 14 1 0.0829640893708 0 5 
125 33 0.0 10 5 1 0 14 18 2 1.4622591723e-20 2 2 
125 33 0.0 5 4 0 0 24 20 2 0.0198540818357 2 2 
125 33 0.0 13 5 0 0 10 9 3 4.33814272409e-66 3 0 
125 33 0.0 8 1 0 0 11 11 2 0.017008527782 1 1 
125 33 0.0 4 3 1 0 19 6 2 0.0210840083741 2 1 
125 33 0.0 12 2 1 0 6 2 3 1.07282537496e-72 2 0 
125 33 0.0 7 3 0 0 11 5 2 0.0169766211329 1 1 
125 33 0.0 14 8 0 0 16 25 3 9.31513217395e-64 5 0 
125 33 2.0 6 3 1 0 12 7 2 0.00627632656785 1 2 
125 33 2.0 9 1 0 0 11 11 2 0.0105651336749 1 1 
125 33 2.0 1 6 1 0 23 14 1 0.124715965188 0 5 
125 33 2.0 3 1 0 0 11 7 2 0.0105466409967 1 1 
125 33 2.0 11 5 1 0 8 16 3 9.33758522684e-30 2 2 
125 33 2.0 2 7 0 0 25 14 1 0.115153891195 0 5 
125 33 2.0 10 5 1 0 14 18 2 1.371502649e-12 2 2 
125 33 2.0 5 4 0 0 24 20 2 0.00710288987883 2 2 
125 33 2.0 13 5 0 0 10 9 3 1.98729566771e-38 3 0 
125 33 2.0 8 1 0 0 11 11 2 0.00657159105294 1 1 
125 33 2.0 4 3 1 0 19 6 2 0.00883968889894 2 1 
125 33 2.0 12 2 1 0 6 2 3 3.12046879692e-47 2 0 
125 33 2.0 7 3 0 0 11 5 2 0.00710337658129 1 1 
125 33 2.0 14 8 0 0 16 25 3 1.16493845925e-40 5 0 
125 34 0.0 6 3 1 0 12 7 2 0.0239787362124 1 2 
125 34 0.0 9 1 0 0 11 11 2 0.0401142005717 1 1 
125 34 0.0 1 6 1 0 23 14 1 0.0684390860791 0 5 
125 34 0.0 3 1 0 0 11 7 2 0.0398159862962 1 1 
125 34 0.0 11 5 1 0 8 16 3 3.70484961751e-66 2 2 
125 34 0.0 2 7 0 0 25 14 1 0.0648702114658 0 5 
125 34 0.0 10 5 1 0 14 18 2 6.38791176076e-20 2 2 
125 34 0.0 5 4 0 0 24 20 2 0.0346050438691 2 2 
125 34 0.0 13 5 0 0 10 9 3 8.15587476157e-62 3 0 
125 34 0.0 8 1 0 0 11 11 2 0.0284369901078 1 1 
125 34 0.0 4 3 1 0 19 6 2 0.0347458187237 2 1 
125 34 0.0 12 2 1 0 6 2 3 3.66512348553e-73 2 0 
125 34 0.0 7 3 0 0 11 5 2 0.0282175932082 1 1 
125 34 0.0 14 8 0 0 16 25 3 2.16647186081e-63 5 0 
125 34 2.0 6 3 1 0 12 7 2 0.00375882553108 1 2 
125 34 2.0 9 1 0 0 11 11 2 0.0106770308418 1 1 
125 34 2.0 1 6 1 0 23 14 1 0.0791975662352 0 5 
125 34 2.0 3 1 0 0 11 7 2 0.0106799687783 1 1 
125 34 2.0 11 5 1 0 8 16 3 1.23097431878e-39 2 2 
125 34 2.0 2 7 0 0 25 14 1 0.0743087855112 0 5 
125 34 2.0 10 5 1 0 14 18 2 9.51641167932e-13 2 2 
125 34 2.0 5 4 0 0 24 20 2 0.00938418822473 2 2 
125 34 2.0 13 5 0 0 10 9 3 4.33002763067e-35 3 0 
125 34 2.0 8 1 0 0 11 11 2 0.00836706575841 1 1 
125 34 2.0 4 3 1 0 19 6 2 0.00961121946729 2 1 
125 34 2.0 12 2 1 0 6 2 3 8.9474206061e-53 2 0 
125 34 2.0 7 3 0 0 11 5 2 0.008398822634 1 1 
125 34 2.0 14 8 0 0 16 25 3 1.38756738036e-36 5 0 
125 35 0.0 6 3 1 0 12 7 2 0.02593548225 1 2 
125 35 0.0 9 1 0 0 11 11 2 0.043627890574 1 1 
125 35 0.0 1 6 1 0 23 14 1 0.06222047671 0 5 
125 35 0.0 3 1 0 0 11 7 2 0.0434596010382 1 1 
125 35 0.0 11 5 1 0 8 16 3 3.80554508999e-64 2 2 
125 35 0.0 2 7 0 0 25 14 1 0.059048148329 0 5 
125 35 0.0 10 5 1 0 14 18 2 7.60104436427e-21 2 2 
125 35 0.0 5 4 0 0 24 20 2 0.0357263359646 2 2 
125 35 0.0 13 5 0 0 10 9 3 1.42756796485e-64 3 0 
125 35 0.0 8 1 0 0 11 11 2 0.0310022862087 1 1 
125 35 0.0 4 3 1 0 19 6 2 0.0374986127328 2 1 
125 35 0.0 12 2 1 0 6 2 3 4.00759954811e-73 2 0 
125 35 0.0 7 3 0 0 11 5 2 0.0312677925857 1 1 
125 35 0.0 14 8 0 0 16 25 3 1.67492218798e-64 5 0 
125 35 2.0 6 3 1 0 12 7 2 0.00698453795286 1 2 
125 35 2.0 9 1 0 0 11 11 2 0.0123273805579 1 1 
125 35 2.0 1 6 1 0 23 14 1 0.0498903196813 0 5 
125 35 2.0 3 1 0 0 11 7 2 0.0122529153815 1 1 
125 35 2.0 11 5 1 0 8 16 3 1.28735813068e-32 2 2 
125 35 2.0 2 7 0 0 25 14 1 0.0455739150789 0 5 
125 35 2.0 10 5 1 0 14 18 2 8.92510969866e-14 2 2 
125 35 2.0 5 4 0 0 24 20 2 0.0100159061311 2 2 
125 35 2.0 13 5 0 0 10 9 3 3.46110486935e-37 3 0 
125 35 2.0 8 1 0 0 11 11 2 0.00841328873852 1 1 
125 35 2.0 4 3 1 0 19 6 2 0.0106101254166 2 1 
125 35 2.0 12 2 1 0 6 2 3 3.13805628427e-49 2 0 
125 35 2.0 7 3 0 0 11 5 2 0.00871250110162 1 1 
125 35 2.0 14 8 0 0 16 25 3 5.33741032226e-38 5 0 
125 36 0.0 6 3 1 0 12 7 2 0.0550348104323 1 2 
125 36 0.0 9 1 0 0 11 11 2 0.0961510803973 1 1 
125 36 0.0 1 6 1 0 23 14 1 0.15248802686 0 5 
125 36 0.0 3 1 0 0 11 7 2 0.0941923513024 1 1 
125 36 0.0 11 5 1 0 8 16 3 2.70402386562e-65 2 2 
125 36 0.0 2 7 0 0 25 14 1 0.155089759558 0 5 
125 36 0.0 10 5 1 0 14 18 2 5.87971585109e-20 2 2 
125 36 0.0 5 4 0 0 24 20 2 0.0825883068528 2 2 
125 36 0.0 13 5 0 0 10 9 3 3.95634094295e-63 3 0 
125 36 0.0 8 1 0 0 11 11 2 0.0678906953316 1 1 
125 36 0.0 4 3 1 0 19 6 2 0.0831107989025 2 1 
125 36 0.0 12 2 1 0 6 2 3 1.30793602651e-73 2 0 
125 36 0.0 7 3 0 0 11 5 2 0.068841102701 1 1 
125 36 0.0 14 8 0 0 16 25 3 5.34126454336e-63 5 0 
125 36 2.0 6 3 1 0 12 7 2 0.0275650165348 1 2 
125 36 2.0 9 1 0 0 11 11 2 0.0558869216658 1 1 
125 36 2.0 1 6 1 0 23 14 1 0.3828568972 0 5 
125 36 2.0 3 1 0 0 11 7 2 0.0558730891259 1 1 
125 36 2.0 11 5 1 0 8 16 3 5.60659269868e-36 2 2 
125 36 2.0 2 7 0 0 25 14 1 0.379897132366 0 5 
125 36 2.0 10 5 1 0 14 18 2 3.64485017792e-12 2 2 
125 36 2.0 5 4 0 0 24 20 2 0.0470704492369 2 2 
125 36 2.0 13 5 0 0 10 9 3 2.02707389701e-33 3 0 
125 36 2.0 8 1 0 0 11 11 2 0.0350950916063 1 1 
125 36 2.0 4 3 1 0 19 6 2 0.0472263968473 2 1 
125 36 2.0 12 2 1 0 6 2 3 2.14707281751e-50 2 0 
125 36 2.0 7 3 0 0 11 5 2 0.0377923205731 1 1 
125 36 2.0 14 8 0 0 16 25 3 5.26933482197e-38 5 0 
125 37 0.0 6 3 1 0 12 7 2 0.0139914832089 1 2 
125 37 0.0 9 1 0 0 11 11 2 0.0257808001987 1 1 
125 37 0.0 1 6 1 0 23 14 1 0.311214995485 0 5 
125 37 0.0 3 1 0 0 11 7 2 0.0258088924524 1 1 
125 37 0.0 11 5 1 0 8 16 3 1.44589873e-64 2 2 
125 37 0.0 2 7 0 0 25 14 1 0.304420044939 0 5 
125 37 0.0 10 5 1 0 14 18 2 1.87891933797e-20 2 2 
125 37 0.0 5 4 0 0 24 20 2 0.0208931765053 2 2 
125 37 0.0 13 5 0 0 10 9 3 6.90654308746e-63 3 0 
125 37 0.0 8 1 0 0 11 11 2 0.0169437683164 1 1 
125 37 0.0 4 3 1 0 19 6 2 0.0214970471926 2 1 
125 37 0.0 12 2 1 0 6 2 3 1.93140026403e-73 2 0 
125 37 0.0 7 3 0 0 11 5 2 0.0170840175056 1 1 
125 37 0.0 14 8 0 0 16 25 3 7.84178195241e-65 5 0 
125 37 2.0 6 3 1 0 12 7 2 0.026554747914 1 2 
125 37 2.0 9 1 0 0 11 11 2 0.0645836685238 1 1 
125 37 2.0 1 6 1 0 23 14 1 0.403621088529 0 5 
125 37 2.0 3 1 0 0 11 7 2 0.0642399828063 1 1 
125 37 2.0 11 5 1 0 8 16 3 1.02889883887e-33 2 2 
125 37 2.0 2 7 0 0 25 14 1 0.40684609833 0 5 
125 37 2.0 10 5 1 0 14 18 2 8.12322782619e-16 2 2 
125 37 2.0 5 4 0 0 24 20 2 0.0511424161787 2 2 
125 37 2.0 13 5 0 0 10 9 3 1.12269634622e-36 3 0 
125 37 2.0 8 1 0 0 11 11 2 0.0428252475629 1 1 
125 37 2.0 4 3 1 0 19 6 2 0.0537630596944 2 1 
125 37 2.0 12 2 1 0 6 2 3 1.93544741121e-51 2 0 
125 37 2.0 7 3 0 0 11 5 2 0.0439705717313 1 1 
125 37 2.0 14 8 0 0 16 25 3 3.82866747568e-37 5 0 
125 38 0.0 6 3 1 0 12 7 2 0.0307893346135 1 2 
125 38 0.0 9 1 0 0 11 11 2 0.0539334859668 1 1 
125 38 0.0 1 6 1 0 23 14 1 0.374461737797 0 5 
125 38 0.0 3 1 0 0 11 7 2 0.0538604696786 1 1 
125 38 0.0 11 5 1 0 8 16 3 6.50928357248e-64 2 2 
125 38 0.0 2 7 0 0 25 14 1 0.377902973132 0 5 
125 38 0.0 10 5 1 0 14 18 2 1.3625545843e-19 2 2 
125 38 0.0 5 4 0 0 24 20 2 0.0380510881384 2 2 
125 38 0.0 13 5 0 0 10 9 3 1.62591723545e-65 3 0 
125 38 0.0 8 1 0 0 11 11 2 0.0348872979382 1 1 
125 38 0.0 4 3 1 0 19 6 2 0.044481454603 2 1 
125 38 0.0 12 2 1 0 6 2 3 9.48735507917e-73 2 0 
125 38 0.0 7 3 0 0 11 5 2 0.0349883730229 1 1 
125 38 0.0 14 8 0 0 16 25 3 8.9175430775e-66 5 0 
125 38 2.0 6 3 1 0 12 7 2 0.0876078681711 1 2 
125 38 2.0 9 1 0 0 11 11 2 0.137286190588 1 1 
125 38 2.0 1 6 1 0 23 14 1 0.0368869671402 0 5 
125 38 2.0 3 1 0 0 11 7 2 0.13546996437 1 1 
125 38 2.0 11 5 1 0 8 16 3 2.82523242905e-34 2 2 
125 38 2.0 2 7 0 0 25 14 1 0.0379062582933 0 5 
125 38 2.0 10 5 1 0 14 18 2 2.47382621691e-12 2 2 
125 38 2.0 5 4 0 0 24 20 2 0.117878079073 2 2 
125 38 2.0 13 5 0 0 10 9 3 3.05605170673e-35 3 0 
125 38 2.0 8 1 0 0 11 11 2 0.0934109785319 1 1 
125 38 2.0 4 3 1 0 19 6 2 0.117497932988 2 1 
125 38 2.0 12 2 1 0 6 2 3 1.56666548318e-47 2 0 
125 38 2.0 7 3 0 0 11 5 2 0.0978477459392 1 1 
125 38 2.0 14 8 0 0 16 25 3 1.66544672831e-36 5 0 
125 39 0.0 6 3 1 0 12 7 2 0.0335047451832 1 2 
125 39 0.0 9 1 0 0 11 11 2 0.0903455724937 1 1 
125 39 0.0 1 6 1 0 23 14 1 0.2120741996 0 5 
125 39 0.0 3 1 0 0 11 7 2 0.0895534574757 1 1 
125 39 0.0 11 5 1 0 8 16 3 2.80492397189e-64 2 2 
125 39 0.0 2 7 0 0 25 14 1 0.215967868032 0 5 
125 39 0.0 10 5 1 0 14 18 2 2.15941368167e-18 2 2 
125 39 0.0 5 4 0 0 24 20 2 0.0793655739217 2 2 
125 39 0.0 13 5 0 0 10 9 3 8.33150533077e-65 3 0 
125 39 0.0 8 1 0 0 11 11 2 0.071717712196 1 1 
125 39 0.0 4 3 1 0 19 6 2 0.0822877980871 2 1 
125 39 0.0 12 2 1 0 6 2 3 4.54503701578e-76 2 0 
125 39 0.0 7 3 0 0 11 5 2 0.0736633957246 1 1 
125 39 0.0 14 8 0 0 16 25 3 3.12699161352e-65 5 0 
125 39 2.0 6 3 1 0 12 7 2 0.00523747473921 1 2 
125 39 2.0 9 1 0 0 11 11 2 0.0109632782057 1 1 
125 39 2.0 1 6 1 0 23 14 1 0.170753306001 0 5 
125 39 2.0 3 1 0 0 11 7 2 0.0109236623381 1 1 
125 39 2.0 11 5 1 0 8 16 3 1.43387412741e-37 2 2 
125 39 2.0 2 7 0 0 25 14 1 0.161607393441 0 5 
125 39 2.0 10 5 1 0 14 18 2 5.04746676374e-12 2 2 
125 39 2.0 5 4 0 0 24 20 2 0.0093886731171 2 2 
125 39 2.0 13 5 0 0 10 9 3 5.8309979028e-35 3 0 
125 39 2.0 8 1 0 0 11 11 2 0.00743004084218 1 1 
125 39 2.0 4 3 1 0 19 6 2 0.00950837246732 2 1 
125 39 2.0 12 2 1 0 6 2 3 9.29441929387e-51 2 0 
125 39 2.0 7 3 0 0 11 5 2 0.0077157887424 1 1 
125 39 2.0 14 8 0 0 16 25 3 9.07576604266e-38 5 0 
125 40 0.0 6 3 1 0 12 7 2 0.0121398377846 1 2 
125 40 0.0 9 1 0 0 11 11 2 0.0248693185544 1 1 
125 40 0.0 1 6 1 0 23 14 1 0.0905944254635 0 5 
125 40 0.0 3 1 0 0 11 7 2 0.0244211599517 1 1 
125 40 0.0 11 5 1 0 8 16 3 2.60276548121e-65 2 2 
125 40 0.0 2 7 0 0 25 14 1 0.0858097713085 0 5 
125 40 0.0 10 5 1 0 14 18 2 8.0359933973e-21 2 2 
125 40 0.0 5 4 0 0 24 20 2 0.0206958978962 2 2 
125 40 0.0 13 5 0 0 10 9 3 1.74785980673e-65 3 0 
125 40 0.0 8 1 0 0 11 11 2 0.0183175546707 1 1 
125 40 0.0 4 3 1 0 19 6 2 0.0215955590076 2 1 
125 40 0.0 12 2 1 0 6 2 3 9.43521343035e-75 2 0 
125 40 0.0 7 3 0 0 11 5 2 0.0182763190403 1 1 
125 40 0.0 14 8 0 0 16 25 3 2.62945264918e-63 5 0 
125 40 2.0 6 3 1 0 12 7 2 0.0648670401074 1 2 
125 40 2.0 9 1 0 0 11 11 2 0.134314766639 1 1 
125 40 2.0 1 6 1 0 23 14 1 0.0360482013391 0 5 
125 40 2.0 3 1 0 0 11 7 2 0.132010432217 1 1 
125 40 2.0 11 5 1 0 8 16 3 3.22600086666e-35 2 2 
125 40 2.0 2 7 0 0 25 14 1 0.0361839368998 0 5 
125 40 2.0 10 5 1 0 14 18 2 2.31841746099e-12 2 2 
125 40 2.0 5 4 0 0 24 20 2 0.100324090504 2 2 
125 40 2.0 13 5 0 0 10 9 3 3.78817046791e-41 3 0 
125 40 2.0 8 1 0 0 11 11 2 0.102314101547 1 1 
125 40 2.0 4 3 1 0 19 6 2 0.119098709919 2 1 
125 40 2.0 12 2 1 0 6 2 3 1.19031117134e-51 2 0 
125 40 2.0 7 3 0 0 11 5 2 0.103419492552 1 1 
125 40 2.0 14 8 0 0 16 25 3 2.19811791908e-36 5 0 
