160 1 0.0 6 3 2 0 7 12 3 6.98294849482e-40 2 1 
160 1 0.0 10 6 0 0 2 1 4 1.41531168674e-77 1 0 
160 1 0.0 9 9 4 0 13 30 3 3.78078808204e-53 6 1 
160 1 0.0 1 5 0 0 4 4 1 0.197217350731 0 2 
160 1 0.0 8 2 1 0 3 11 4 5.29119794961e-78 1 1 
160 1 0.0 3 3 1 0 6 15 2 0.0855854374088 1 2 
160 1 0.0 2 1 0 0 1 2 1 0.191727720567 0 1 
160 1 0.0 5 2 0 0 3 13 2 0.149353981798 1 1 
160 1 0.0 4 5 2 0 9 15 2 0.0855339571479 1 3 
160 1 0.0 7 3 2 0 6 11 3 1.52618331546e-46 1 2 
160 1 2.0 6 3 2 0 7 12 3 7.85907708486e-05 2 1 
160 1 2.0 10 6 0 0 2 1 4 3.19507566122e-46 1 0 
160 1 2.0 9 9 4 0 13 30 3 9.52730510586e-18 6 1 
160 1 2.0 1 5 0 0 4 4 1 0.18663033624 0 2 
160 1 2.0 8 2 1 0 3 11 4 2.62931258454e-46 1 1 
160 1 2.0 3 3 1 0 6 15 2 0.057434336433 1 2 
160 1 2.0 2 1 0 0 1 2 1 0.12671869831 0 1 
160 1 2.0 5 2 0 0 3 13 2 0.180868118709 1 1 
160 1 2.0 4 5 2 0 9 15 2 0.0574088171326 1 3 
160 1 2.0 7 3 2 0 6 11 3 3.83020300418e-15 1 2 
160 2 0.0 6 3 2 0 7 12 3 3.8241940261e-41 2 1 
160 2 0.0 10 6 0 0 2 1 4 1.44025400941e-77 1 0 
160 2 0.0 9 9 4 0 13 30 3 5.59978659432e-53 6 1 
160 2 0.0 1 5 0 0 4 4 1 0.170199756182 0 2 
160 2 0.0 8 2 1 0 3 11 4 5.78905493413e-78 1 1 
160 2 0.0 3 3 1 0 6 15 2 0.0534453332734 1 2 
160 2 0.0 2 1 0 0 1 2 1 0.19163823716 0 1 
160 2 0.0 5 2 0 0 3 13 2 0.149315757801 1 1 
160 2 0.0 4 5 2 0 9 15 2 0.0534513314321 1 3 
160 2 0.0 7 3 2 0 6 11 3 6.41025444439e-41 1 2 
160 2 2.0 6 3 2 0 7 12 3 7.13597314488e-05 2 1 
160 2 2.0 10 6 0 0 2 1 4 4.51227153786e-46 1 0 
160 2 2.0 9 9 4 0 13 30 3 3.93221637806e-20 6 1 
160 2 2.0 1 5 0 0 4 4 1 0.0523504037296 0 2 
160 2 2.0 8 2 1 0 3 11 4 3.14410286963e-46 1 1 
160 2 2.0 3 3 1 0 6 15 2 0.0731651464487 1 2 
160 2 2.0 2 1 0 0 1 2 1 0.127019356532 0 1 
160 2 2.0 5 2 0 0 3 13 2 0.180786968266 1 1 
160 2 2.0 4 5 2 0 9 15 2 0.0731502101779 1 3 
160 2 2.0 7 3 2 0 6 11 3 7.17321346553e-13 1 2 
160 3 0.0 6 3 2 0 7 12 3 1.41094038077e-40 2 1 
160 3 0.0 10 6 0 0 2 1 4 7.15387678318e-78 1 0 
160 3 0.0 9 9 4 0 13 30 3 6.30537724743e-52 6 1 
160 3 0.0 1 5 0 0 4 4 1 0.14283322772 0 2 
160 3 0.0 8 2 1 0 3 11 4 1.15485656248e-77 1 1 
160 3 0.0 3 3 1 0 6 15 2 0.0572609188882 1 2 
160 3 0.0 2 1 0 0 1 2 1 0.19134836089 0 1 
160 3 0.0 5 2 0 0 3 13 2 0.149332594771 1 1 
160 3 0.0 4 5 2 0 9 15 2 0.0572814262007 1 3 
160 3 0.0 7 3 2 0 6 11 3 2.59829705771e-41 1 2 
160 3 2.0 6 3 2 0 7 12 3 6.48219939456e-05 2 1 
160 3 2.0 10 6 0 0 2 1 4 3.73019488883e-46 1 0 
160 3 2.0 9 9 4 0 13 30 3 1.16033095292e-18 6 1 
160 3 2.0 1 5 0 0 4 4 1 0.189050087031 0 2 
160 3 2.0 8 2 1 0 3 11 4 1.84127985593e-46 1 1 
160 3 2.0 3 3 1 0 6 15 2 0.0574664761046 1 2 
160 3 2.0 2 1 0 0 1 2 1 0.126055757018 0 1 
160 3 2.0 5 2 0 0 3 13 2 0.179343204297 1 1 
160 3 2.0 4 5 2 0 9 15 2 0.0574502416951 1 3 
160 3 2.0 7 3 2 0 6 11 3 1.02298989995e-12 1 2 
160 4 0.0 6 3 2 0 7 12 3 1.56030687773e-40 2 1 
160 4 0.0 10 6 0 0 2 1 4 2.4475279669e-77 1 0 
160 4 0.0 9 9 4 0 13 30 3 3.24196030783e-52 6 1 
160 4 0.0 1 5 0 0 4 4 1 0.153399285754 0 2 
160 4 0.0 8 2 1 0 3 11 4 3.89419809877e-78 1 1 
160 4 0.0 3 3 1 0 6 15 2 0.0550732040891 1 2 
160 4 0.0 2 1 0 0 1 2 1 0.191855799563 0 1 
160 4 0.0 5 2 0 0 3 13 2 0.149708100075 1 1 
160 4 0.0 4 5 2 0 9 15 2 0.0550517182484 1 3 
160 4 0.0 7 3 2 0 6 11 3 1.65776759891e-45 1 2 
160 4 2.0 6 3 2 0 7 12 3 1.47094116576e-05 2 1 
160 4 2.0 10 6 0 0 2 1 4 3.60633887414e-46 1 0 
160 4 2.0 9 9 4 0 13 30 3 5.33849156088e-21 6 1 
160 4 2.0 1 5 0 0 4 4 1 0.209631113614 0 2 
160 4 2.0 8 2 1 0 3 11 4 3.64625099143e-46 1 1 
160 4 2.0 3 3 1 0 6 15 2 0.116424925237 1 2 
160 4 2.0 2 1 0 0 1 2 1 0.126006956513 0 1 
160 4 2.0 5 2 0 0 3 13 2 0.180056617276 1 1 
160 4 2.0 4 5 2 0 9 15 2 0.116402368005 1 3 
160 4 2.0 7 3 2 0 6 11 3 2.12962999653e-13 1 2 
160 5 0.0 6 3 2 0 7 12 3 2.30992841918e-41 2 1 
160 5 0.0 10 6 0 0 2 1 4 1.35066402098e-77 1 0 
160 5 0.0 9 9 4 0 13 30 3 6.24938548875e-54 6 1 
160 5 0.0 1 5 0 0 4 4 1 0.238201913631 0 2 
160 5 0.0 8 2 1 0 3 11 4 2.70990239388e-78 1 1 
160 5 0.0 3 3 1 0 6 15 2 0.0630883290454 1 2 
160 5 0.0 2 1 0 0 1 2 1 0.191947093256 0 1 
160 5 0.0 5 2 0 0 3 13 2 0.149540420289 1 1 
160 5 0.0 4 5 2 0 9 15 2 0.0630695065291 1 3 
160 5 0.0 7 3 2 0 6 11 3 2.01853425397e-44 1 2 
160 5 2.0 6 3 2 0 7 12 3 6.01420267566e-05 2 1 
160 5 2.0 10 6 0 0 2 1 4 5.5378487978e-46 1 0 
160 5 2.0 9 9 4 0 13 30 3 6.30604975416e-21 6 1 
160 5 2.0 1 5 0 0 4 4 1 0.070391756054 0 2 
160 5 2.0 8 2 1 0 3 11 4 2.89591371369e-46 1 1 
160 5 2.0 3 3 1 0 6 15 2 0.0487825095974 1 2 
160 5 2.0 2 1 0 0 1 2 1 0.126244284581 0 1 
160 5 2.0 5 2 0 0 3 13 2 0.18043231567 1 1 
160 5 2.0 4 5 2 0 9 15 2 0.0487827476899 1 3 
160 5 2.0 7 3 2 0 6 11 3 2.10861517913e-08 1 2 
160 6 0.0 6 3 2 0 7 12 3 2.25042235007e-41 2 1 
160 6 0.0 10 6 0 0 2 1 4 7.03137647475e-78 1 0 
160 6 0.0 9 9 4 0 13 30 3 2.9213331573e-53 6 1 
160 6 0.0 1 5 0 0 4 4 1 0.244008566899 0 2 
160 6 0.0 8 2 1 0 3 11 4 6.9454243029e-78 1 1 
160 6 0.0 3 3 1 0 6 15 2 0.069925301856 1 2 
160 6 0.0 2 1 0 0 1 2 1 0.191516686248 0 1 
160 6 0.0 5 2 0 0 3 13 2 0.14931131305 1 1 
160 6 0.0 4 5 2 0 9 15 2 0.0699025636053 1 3 
160 6 0.0 7 3 2 0 6 11 3 6.46040435199e-47 1 2 
160 6 2.0 6 3 2 0 7 12 3 0.000116551481761 2 1 
160 6 2.0 10 6 0 0 2 1 4 3.10377627648e-46 1 0 
160 6 2.0 9 9 4 0 13 30 3 4.51360403093e-19 6 1 
160 6 2.0 1 5 0 0 4 4 1 0.0988755061647 0 2 
160 6 2.0 8 2 1 0 3 11 4 2.81394878595e-46 1 1 
160 6 2.0 3 3 1 0 6 15 2 0.13767753228 1 2 
160 6 2.0 2 1 0 0 1 2 1 0.126453468078 0 1 
160 6 2.0 5 2 0 0 3 13 2 0.179045172215 1 1 
160 6 2.0 4 5 2 0 9 15 2 0.137602526731 1 3 
160 6 2.0 7 3 2 0 6 11 3 1.08999277339e-06 1 2 
160 7 0.0 6 3 2 0 7 12 3 5.74380107336e-40 2 1 
160 7 0.0 10 6 0 0 2 1 4 1.49867434209e-77 1 0 
160 7 0.0 9 9 4 0 13 30 3 1.13626136886e-51 6 1 
160 7 0.0 1 5 0 0 4 4 1 0.207150403906 0 2 
160 7 0.0 8 2 1 0 3 11 4 4.29972814552e-78 1 1 
160 7 0.0 3 3 1 0 6 15 2 0.0670264234353 1 2 
160 7 0.0 2 1 0 0 1 2 1 0.191827042149 0 1 
160 7 0.0 5 2 0 0 3 13 2 0.149558032786 1 1 
160 7 0.0 4 5 2 0 9 15 2 0.0669642605968 1 3 
160 7 0.0 7 3 2 0 6 11 3 3.33822972343e-48 1 2 
160 7 2.0 6 3 2 0 7 12 3 5.20273368647e-05 2 1 
160 7 2.0 10 6 0 0 2 1 4 4.88366662328e-46 1 0 
160 7 2.0 9 9 4 0 13 30 3 8.88700532364e-22 6 1 
160 7 2.0 1 5 0 0 4 4 1 0.0526763336874 0 2 
160 7 2.0 8 2 1 0 3 11 4 1.57524036119e-46 1 1 
160 7 2.0 3 3 1 0 6 15 2 0.0687698767258 1 2 
160 7 2.0 2 1 0 0 1 2 1 0.126038209482 0 1 
160 7 2.0 5 2 0 0 3 13 2 0.179725220055 1 1 
160 7 2.0 4 5 2 0 9 15 2 0.0687613238024 1 3 
160 7 2.0 7 3 2 0 6 11 3 2.51030724774e-08 1 2 
160 8 0.0 6 3 2 0 7 12 3 5.28708552814e-41 2 1 
160 8 0.0 10 6 0 0 2 1 4 8.56890891776e-78 1 0 
160 8 0.0 9 9 4 0 13 30 3 2.23749016999e-52 6 1 
160 8 0.0 1 5 0 0 4 4 1 0.161809914729 0 2 
160 8 0.0 8 2 1 0 3 11 4 1.06582100244e-77 1 1 
160 8 0.0 3 3 1 0 6 15 2 0.0910175770164 1 2 
160 8 0.0 2 1 0 0 1 2 1 0.191628971958 0 1 
160 8 0.0 5 2 0 0 3 13 2 0.14940308453 1 1 
160 8 0.0 4 5 2 0 9 15 2 0.0910064958067 1 3 
160 8 0.0 7 3 2 0 6 11 3 1.72375026176e-44 1 2 
160 8 2.0 6 3 2 0 7 12 3 1.34441486954e-05 2 1 
160 8 2.0 10 6 0 0 2 1 4 3.0361277364e-46 1 0 
160 8 2.0 9 9 4 0 13 30 3 4.34895379665e-20 6 1 
160 8 2.0 1 5 0 0 4 4 1 0.0486629641577 0 2 
160 8 2.0 8 2 1 0 3 11 4 1.16922928484e-46 1 1 
160 8 2.0 3 3 1 0 6 15 2 0.0747762182058 1 2 
160 8 2.0 2 1 0 0 1 2 1 0.126505245436 0 1 
160 8 2.0 5 2 0 0 3 13 2 0.180697855656 1 1 
160 8 2.0 4 5 2 0 9 15 2 0.0747566842142 1 3 
160 8 2.0 7 3 2 0 6 11 3 5.26600886859e-12 1 2 
160 9 0.0 6 3 2 0 7 12 3 2.29613286927e-40 2 1 
160 9 0.0 10 6 0 0 2 1 4 1.45210348286e-77 1 0 
160 9 0.0 9 9 4 0 13 30 3 8.90532057241e-52 6 1 
160 9 0.0 1 5 0 0 4 4 1 0.220967248082 0 2 
160 9 0.0 8 2 1 0 3 11 4 6.38487671405e-78 1 1 
160 9 0.0 3 3 1 0 6 15 2 0.0782525818863 1 2 
160 9 0.0 2 1 0 0 1 2 1 0.191713686512 0 1 
160 9 0.0 5 2 0 0 3 13 2 0.1495569427 1 1 
160 9 0.0 4 5 2 0 9 15 2 0.0782672208066 1 3 
160 9 0.0 7 3 2 0 6 11 3 1.03993264766e-40 1 2 
160 9 2.0 6 3 2 0 7 12 3 1.16178469886e-05 2 1 
160 9 2.0 10 6 0 0 2 1 4 5.13781830299e-46 1 0 
160 9 2.0 9 9 4 0 13 30 3 7.43901310569e-22 6 1 
160 9 2.0 1 5 0 0 4 4 1 0.0490658035218 0 2 
160 9 2.0 8 2 1 0 3 11 4 1.98238584276e-46 1 1 
160 9 2.0 3 3 1 0 6 15 2 0.0911213331532 1 2 
160 9 2.0 2 1 0 0 1 2 1 0.12639480386 0 1 
160 9 2.0 5 2 0 0 3 13 2 0.178997698299 1 1 
160 9 2.0 4 5 2 0 9 15 2 0.0911098398936 1 3 
160 9 2.0 7 3 2 0 6 11 3 1.13293532561e-10 1 2 
160 10 0.0 6 3 2 0 7 12 3 1.77712480655e-40 2 1 
160 10 0.0 10 6 0 0 2 1 4 9.01663307723e-78 1 0 
160 10 0.0 9 9 4 0 13 30 3 5.1090709022e-53 6 1 
160 10 0.0 1 5 0 0 4 4 1 0.147025781671 0 2 
160 10 0.0 8 2 1 0 3 11 4 7.02141942161e-78 1 1 
160 10 0.0 3 3 1 0 6 15 2 0.0821064944463 1 2 
160 10 0.0 2 1 0 0 1 2 1 0.19175297546 0 1 
160 10 0.0 5 2 0 0 3 13 2 0.149455778059 1 1 
160 10 0.0 4 5 2 0 9 15 2 0.0819965715664 1 3 
160 10 0.0 7 3 2 0 6 11 3 7.74699466771e-49 1 2 
160 10 2.0 6 3 2 0 7 12 3 0.000294378391112 2 1 
160 10 2.0 10 6 0 0 2 1 4 5.98565748199e-46 1 0 
160 10 2.0 9 9 4 0 13 30 3 1.38664015707e-20 6 1 
160 10 2.0 1 5 0 0 4 4 1 0.0677241662698 0 2 
160 10 2.0 8 2 1 0 3 11 4 2.13507566218e-46 1 1 
160 10 2.0 3 3 1 0 6 15 2 0.0634491683582 1 2 
160 10 2.0 2 1 0 0 1 2 1 0.126354821435 0 1 
160 10 2.0 5 2 0 0 3 13 2 0.179186792643 1 1 
160 10 2.0 4 5 2 0 9 15 2 0.0634357404606 1 3 
160 10 2.0 7 3 2 0 6 11 3 2.34116849897e-12 1 2 
160 11 0.0 6 3 2 0 7 12 3 1.78210288311e-41 2 1 
160 11 0.0 10 6 0 0 2 1 4 8.57240124551e-78 1 0 
160 11 0.0 9 9 4 0 13 30 3 2.9942044366e-53 6 1 
160 11 0.0 1 5 0 0 4 4 1 0.242185175477 0 2 
160 11 0.0 8 2 1 0 3 11 4 9.43056755302e-78 1 1 
160 11 0.0 3 3 1 0 6 15 2 0.0749917042398 1 2 
160 11 0.0 2 1 0 0 1 2 1 0.19184356799 0 1 
160 11 0.0 5 2 0 0 3 13 2 0.149423482979 1 1 
160 11 0.0 4 5 2 0 9 15 2 0.0749650061398 1 3 
160 11 0.0 7 3 2 0 6 11 3 1.15069652646e-46 1 2 
160 11 2.0 6 3 2 0 7 12 3 8.66540387259e-05 2 1 
160 11 2.0 10 6 0 0 2 1 4 4.00235732925e-46 1 0 
160 11 2.0 9 9 4 0 13 30 3 1.86940077062e-20 6 1 
160 11 2.0 1 5 0 0 4 4 1 0.055966641171 0 2 
160 11 2.0 8 2 1 0 3 11 4 2.28389862347e-46 1 1 
160 11 2.0 3 3 1 0 6 15 2 0.0647094203981 1 2 
160 11 2.0 2 1 0 0 1 2 1 0.12669869968 0 1 
160 11 2.0 5 2 0 0 3 13 2 0.179316903831 1 1 
160 11 2.0 4 5 2 0 9 15 2 0.0646874994841 1 3 
160 11 2.0 7 3 2 0 6 11 3 3.84765019581e-13 1 2 
160 12 0.0 6 3 2 0 7 12 3 8.75259281284e-41 2 1 
160 12 0.0 10 6 0 0 2 1 4 1.26897580394e-77 1 0 
160 12 0.0 9 9 4 0 13 30 3 1.44816761604e-51 6 1 
160 12 0.0 1 5 0 0 4 4 1 0.130263930105 0 2 
160 12 0.0 8 2 1 0 3 11 4 5.00547018327e-78 1 1 
160 12 0.0 3 3 1 0 6 15 2 0.0763019736603 1 2 
160 12 0.0 2 1 0 0 1 2 1 0.191934603808 0 1 
160 12 0.0 5 2 0 0 3 13 2 0.14955540833 1 1 
160 12 0.0 4 5 2 0 9 15 2 0.0762822229779 1 3 
160 12 0.0 7 3 2 0 6 11 3 2.24694140419e-44 1 2 
160 12 2.0 6 3 2 0 7 12 3 1.51421486128e-05 2 1 
160 12 2.0 10 6 0 0 2 1 4 4.30984106648e-46 1 0 
160 12 2.0 9 9 4 0 13 30 3 1.35129227941e-20 6 1 
160 12 2.0 1 5 0 0 4 4 1 0.223410201222 0 2 
160 12 2.0 8 2 1 0 3 11 4 1.69822807015e-46 1 1 
160 12 2.0 3 3 1 0 6 15 2 0.0717130159549 1 2 
160 12 2.0 2 1 0 0 1 2 1 0.126412813566 0 1 
160 12 2.0 5 2 0 0 3 13 2 0.180646823323 1 1 
160 12 2.0 4 5 2 0 9 15 2 0.0716859793923 1 3 
160 12 2.0 7 3 2 0 6 11 3 1.32202210347e-12 1 2 
160 13 0.0 6 3 2 0 7 12 3 6.44340740422e-40 2 1 
160 13 0.0 10 6 0 0 2 1 4 1.54085775603e-77 1 0 
160 13 0.0 9 9 4 0 13 30 3 1.30168913795e-53 6 1 
160 13 0.0 1 5 0 0 4 4 1 0.200665829416 0 2 
160 13 0.0 8 2 1 0 3 11 4 1.63099879272e-78 1 1 
160 13 0.0 3 3 1 0 6 15 2 0.0852730904601 1 2 
160 13 0.0 2 1 0 0 1 2 1 0.191703377774 0 1 
160 13 0.0 5 2 0 0 3 13 2 0.149327531908 1 1 
160 13 0.0 4 5 2 0 9 15 2 0.0852538503309 1 3 
160 13 0.0 7 3 2 0 6 11 3 1.06290833888e-42 1 2 
160 13 2.0 6 3 2 0 7 12 3 1.53961193698e-05 2 1 
160 13 2.0 10 6 0 0 2 1 4 5.476727505e-46 1 0 
160 13 2.0 9 9 4 0 13 30 3 1.54946165142e-21 6 1 
160 13 2.0 1 5 0 0 4 4 1 0.208049907442 0 2 
160 13 2.0 8 2 1 0 3 11 4 2.61038132317e-46 1 1 
160 13 2.0 3 3 1 0 6 15 2 0.117800516371 1 2 
160 13 2.0 2 1 0 0 1 2 1 0.127431754749 0 1 
160 13 2.0 5 2 0 0 3 13 2 0.180488586459 1 1 
160 13 2.0 4 5 2 0 9 15 2 0.117785569857 1 3 
160 13 2.0 7 3 2 0 6 11 3 1.25192002827e-10 1 2 
160 14 0.0 6 3 2 0 7 12 3 8.47398226239e-41 2 1 
160 14 0.0 10 6 0 0 2 1 4 1.53324362825e-77 1 0 
160 14 0.0 9 9 4 0 13 30 3 9.89266358609e-53 6 1 
160 14 0.0 1 5 0 0 4 4 1 0.139116950344 0 2 
160 14 0.0 8 2 1 0 3 11 4 7.28697074611e-78 1 1 
160 14 0.0 3 3 1 0 6 15 2 0.0832140780095 1 2 
160 14 0.0 2 1 0 0 1 2 1 0.191731405226 0 1 
160 14 0.0 5 2 0 0 3 13 2 0.14934159425 1 1 
160 14 0.0 4 5 2 0 9 15 2 0.0831799408946 1 3 
160 14 0.0 7 3 2 0 6 11 3 7.94672421849e-46 1 2 
160 14 2.0 6 3 2 0 7 12 3 6.27809876164e-05 2 1 
160 14 2.0 10 6 0 0 2 1 4 4.67065592244e-46 1 0 
160 14 2.0 9 9 4 0 13 30 3 2.53555257423e-20 6 1 
160 14 2.0 1 5 0 0 4 4 1 0.197550197954 0 2 
160 14 2.0 8 2 1 0 3 11 4 3.39849217952e-46 1 1 
160 14 2.0 3 3 1 0 6 15 2 0.0617930625443 1 2 
160 14 2.0 2 1 0 0 1 2 1 0.125999377002 0 1 
160 14 2.0 5 2 0 0 3 13 2 0.17975692584 1 1 
160 14 2.0 4 5 2 0 9 15 2 0.0617773117825 1 3 
160 14 2.0 7 3 2 0 6 11 3 2.28543574309e-14 1 2 
160 15 0.0 6 3 2 0 7 12 3 3.85895405485e-40 2 1 
160 15 0.0 10 6 0 0 2 1 4 1.12819178562e-77 1 0 
160 15 0.0 9 9 4 0 13 30 3 3.87961684434e-53 6 1 
160 15 0.0 1 5 0 0 4 4 1 0.144001876707 0 2 
160 15 0.0 8 2 1 0 3 11 4 4.1678482778e-78 1 1 
160 15 0.0 3 3 1 0 6 15 2 0.0616753328906 1 2 
160 15 0.0 2 1 0 0 1 2 1 0.191789662733 0 1 
160 15 0.0 5 2 0 0 3 13 2 0.149774306222 1 1 
160 15 0.0 4 5 2 0 9 15 2 0.0615954523254 1 3 
160 15 0.0 7 3 2 0 6 11 3 2.23041233845e-49 1 2 
160 15 2.0 6 3 2 0 7 12 3 0.000353367836824 2 1 
160 15 2.0 10 6 0 0 2 1 4 3.17200266405e-46 1 0 
160 15 2.0 9 9 4 0 13 30 3 1.51933631099e-18 6 1 
160 15 2.0 1 5 0 0 4 4 1 0.165526122934 0 2 
160 15 2.0 8 2 1 0 3 11 4 2.11565395257e-46 1 1 
160 15 2.0 3 3 1 0 6 15 2 0.077714385656 1 2 
160 15 2.0 2 1 0 0 1 2 1 0.127236402547 0 1 
160 15 2.0 5 2 0 0 3 13 2 0.180647289542 1 1 
160 15 2.0 4 5 2 0 9 15 2 0.0776158322688 1 3 
160 15 2.0 7 3 2 0 6 11 3 3.01158672517e-06 1 2 
160 16 0.0 6 3 2 0 7 12 3 1.37284660877e-40 2 1 
160 16 0.0 10 6 0 0 2 1 4 1.63794167653e-77 1 0 
160 16 0.0 9 9 4 0 13 30 3 9.24769614431e-54 6 1 
160 16 0.0 1 5 0 0 4 4 1 0.144880411477 0 2 
160 16 0.0 8 2 1 0 3 11 4 7.31259384364e-78 1 1 
160 16 0.0 3 3 1 0 6 15 2 0.0849951245842 1 2 
160 16 0.0 2 1 0 0 1 2 1 0.191778173791 0 1 
160 16 0.0 5 2 0 0 3 13 2 0.149362071521 1 1 
160 16 0.0 4 5 2 0 9 15 2 0.0849337956826 1 3 
160 16 0.0 7 3 2 0 6 11 3 6.12997201882e-47 1 2 
160 16 2.0 6 3 2 0 7 12 3 2.04463359314e-05 2 1 
160 16 2.0 10 6 0 0 2 1 4 3.95895441469e-46 1 0 
160 16 2.0 9 9 4 0 13 30 3 2.12963219777e-20 6 1 
160 16 2.0 1 5 0 0 4 4 1 0.186577584721 0 2 
160 16 2.0 8 2 1 0 3 11 4 2.12556979269e-46 1 1 
160 16 2.0 3 3 1 0 6 15 2 0.052237783525 1 2 
160 16 2.0 2 1 0 0 1 2 1 0.12677106943 0 1 
160 16 2.0 5 2 0 0 3 13 2 0.180702553243 1 1 
160 16 2.0 4 5 2 0 9 15 2 0.0522102105178 1 3 
160 16 2.0 7 3 2 0 6 11 3 1.77482242145e-15 1 2 
160 17 0.0 6 3 2 0 7 12 3 1.64441040409e-40 2 1 
160 17 0.0 10 6 0 0 2 1 4 7.58410970755e-78 1 0 
160 17 0.0 9 9 4 0 13 30 3 4.12615367337e-53 6 1 
160 17 0.0 1 5 0 0 4 4 1 0.139089221485 0 2 
160 17 0.0 8 2 1 0 3 11 4 5.55961715798e-78 1 1 
160 17 0.0 3 3 1 0 6 15 2 0.0582848304257 1 2 
160 17 0.0 2 1 0 0 1 2 1 0.191836426488 0 1 
160 17 0.0 5 2 0 0 3 13 2 0.149501957865 1 1 
160 17 0.0 4 5 2 0 9 15 2 0.0582966778714 1 3 
160 17 0.0 7 3 2 0 6 11 3 2.8046999638e-40 1 2 
160 17 2.0 6 3 2 0 7 12 3 6.41758247474e-05 2 1 
160 17 2.0 10 6 0 0 2 1 4 5.42055215288e-46 1 0 
160 17 2.0 9 9 4 0 13 30 3 4.069942075e-22 6 1 
160 17 2.0 1 5 0 0 4 4 1 0.0538569986123 0 2 
160 17 2.0 8 2 1 0 3 11 4 1.56824737645e-46 1 1 
160 17 2.0 3 3 1 0 6 15 2 0.0706649898913 1 2 
160 17 2.0 2 1 0 0 1 2 1 0.12724497648 0 1 
160 17 2.0 5 2 0 0 3 13 2 0.180649555172 1 1 
160 17 2.0 4 5 2 0 9 15 2 0.0706600175128 1 3 
160 17 2.0 7 3 2 0 6 11 3 3.98772737728e-09 1 2 
160 18 0.0 6 3 2 0 7 12 3 2.27201181542e-41 2 1 
160 18 0.0 10 6 0 0 2 1 4 1.73929123957e-77 1 0 
160 18 0.0 9 9 4 0 13 30 3 1.41885236221e-53 6 1 
160 18 0.0 1 5 0 0 4 4 1 0.221970627327 0 2 
160 18 0.0 8 2 1 0 3 11 4 1.00485507239e-77 1 1 
160 18 0.0 3 3 1 0 6 15 2 0.0868076965989 1 2 
160 18 0.0 2 1 0 0 1 2 1 0.191445948551 0 1 
160 18 0.0 5 2 0 0 3 13 2 0.149309062818 1 1 
160 18 0.0 4 5 2 0 9 15 2 0.08676829971 1 3 
160 18 0.0 7 3 2 0 6 11 3 1.38640538855e-46 1 2 
160 18 2.0 6 3 2 0 7 12 3 3.10927928711e-05 2 1 
160 18 2.0 10 6 0 0 2 1 4 3.70411625317e-46 1 0 
160 18 2.0 9 9 4 0 13 30 3 1.03511527605e-20 6 1 
160 18 2.0 1 5 0 0 4 4 1 0.0963991195616 0 2 
160 18 2.0 8 2 1 0 3 11 4 2.61381576395e-46 1 1 
160 18 2.0 3 3 1 0 6 15 2 0.144586985809 1 2 
160 18 2.0 2 1 0 0 1 2 1 0.126080277638 0 1 
160 18 2.0 5 2 0 0 3 13 2 0.180140888203 1 1 
160 18 2.0 4 5 2 0 9 15 2 0.144580608506 1 3 
160 18 2.0 7 3 2 0 6 11 3 5.73703188083e-10 1 2 
160 19 0.0 6 3 2 0 7 12 3 1.03176681572e-39 2 1 
160 19 0.0 10 6 0 0 2 1 4 5.26218446375e-78 1 0 
160 19 0.0 9 9 4 0 13 30 3 2.53107901152e-52 6 1 
160 19 0.0 1 5 0 0 4 4 1 0.221773456833 0 2 
160 19 0.0 8 2 1 0 3 11 4 1.11076342537e-77 1 1 
160 19 0.0 3 3 1 0 6 15 2 0.0674227510395 1 2 
160 19 0.0 2 1 0 0 1 2 1 0.191679499172 0 1 
160 19 0.0 5 2 0 0 3 13 2 0.149353651952 1 1 
160 19 0.0 4 5 2 0 9 15 2 0.0673732734702 1 3 
160 19 0.0 7 3 2 0 6 11 3 1.06756498147e-48 1 2 
160 19 2.0 6 3 2 0 7 12 3 5.80853722141e-05 2 1 
160 19 2.0 10 6 0 0 2 1 4 3.48323798106e-46 1 0 
160 19 2.0 9 9 4 0 13 30 3 1.06562114481e-19 6 1 
160 19 2.0 1 5 0 0 4 4 1 0.214082370291 0 2 
160 19 2.0 8 2 1 0 3 11 4 1.223889728e-46 1 1 
160 19 2.0 3 3 1 0 6 15 2 0.0773215258276 1 2 
160 19 2.0 2 1 0 0 1 2 1 0.126169065143 0 1 
160 19 2.0 5 2 0 0 3 13 2 0.180026775022 1 1 
160 19 2.0 4 5 2 0 9 15 2 0.0773145933513 1 3 
160 19 2.0 7 3 2 0 6 11 3 8.74231584927e-10 1 2 
160 20 0.0 6 3 2 0 7 12 3 1.32783516357e-40 2 1 
160 20 0.0 10 6 0 0 2 1 4 1.25044817707e-77 1 0 
160 20 0.0 9 9 4 0 13 30 3 9.1858909111e-53 6 1 
160 20 0.0 1 5 0 0 4 4 1 0.2106849452 0 2 
160 20 0.0 8 2 1 0 3 11 4 3.60777945954e-78 1 1 
160 20 0.0 3 3 1 0 6 15 2 0.0568412923335 1 2 
160 20 0.0 2 1 0 0 1 2 1 0.191774495502 0 1 
160 20 0.0 5 2 0 0 3 13 2 0.149469388399 1 1 
160 20 0.0 4 5 2 0 9 15 2 0.0568269826123 1 3 
160 20 0.0 7 3 2 0 6 11 3 2.35303976769e-44 1 2 
160 20 2.0 6 3 2 0 7 12 3 5.39766973059e-06 2 1 
160 20 2.0 10 6 0 0 2 1 4 3.91943198451e-46 1 0 
160 20 2.0 9 9 4 0 13 30 3 2.42355708233e-21 6 1 
160 20 2.0 1 5 0 0 4 4 1 0.0822366113938 0 2 
160 20 2.0 8 2 1 0 3 11 4 3.24834639728e-46 1 1 
160 20 2.0 3 3 1 0 6 15 2 0.142769317612 1 2 
160 20 2.0 2 1 0 0 1 2 1 0.126282305391 0 1 
160 20 2.0 5 2 0 0 3 13 2 0.180498156461 1 1 
160 20 2.0 4 5 2 0 9 15 2 0.142766065195 1 3 
160 20 2.0 7 3 2 0 6 11 3 9.34198980315e-11 1 2 
160 21 0.0 6 3 2 0 7 12 3 1.48421933687e-40 2 1 
160 21 0.0 10 6 0 0 2 1 4 1.1411242958e-77 1 0 
160 21 0.0 9 9 4 0 13 30 3 6.7548191027e-53 6 1 
160 21 0.0 1 5 0 0 4 4 1 0.133782144379 0 2 
160 21 0.0 8 2 1 0 3 11 4 1.17542479775e-77 1 1 
160 21 0.0 3 3 1 0 6 15 2 0.0631139187437 1 2 
160 21 0.0 2 1 0 0 1 2 1 0.19174974915 0 1 
160 21 0.0 5 2 0 0 3 13 2 0.149794176482 1 1 
160 21 0.0 4 5 2 0 9 15 2 0.0630902873394 1 3 
160 21 0.0 7 3 2 0 6 11 3 4.26442371652e-46 1 2 
160 21 2.0 6 3 2 0 7 12 3 1.02958909265e-05 2 1 
160 21 2.0 10 6 0 0 2 1 4 4.5832604364e-46 1 0 
160 21 2.0 9 9 4 0 13 30 3 6.18530658978e-21 6 1 
160 21 2.0 1 5 0 0 4 4 1 0.215115441454 0 2 
160 21 2.0 8 2 1 0 3 11 4 1.27679075054e-46 1 1 
160 21 2.0 3 3 1 0 6 15 2 0.0619033105324 1 2 
160 21 2.0 2 1 0 0 1 2 1 0.12696037256 0 1 
160 21 2.0 5 2 0 0 3 13 2 0.180779575714 1 1 
160 21 2.0 4 5 2 0 9 15 2 0.0619007403019 1 3 
160 21 2.0 7 3 2 0 6 11 3 1.42729949876e-08 1 2 
160 22 0.0 6 3 2 0 7 12 3 2.52214895598e-40 2 1 
160 22 0.0 10 6 0 0 2 1 4 1.24849800378e-77 1 0 
160 22 0.0 9 9 4 0 13 30 3 1.57107487046e-53 6 1 
160 22 0.0 1 5 0 0 4 4 1 0.165141120315 0 2 
160 22 0.0 8 2 1 0 3 11 4 7.75513718431e-78 1 1 
160 22 0.0 3 3 1 0 6 15 2 0.054604964781 1 2 
160 22 0.0 2 1 0 0 1 2 1 0.191588053945 0 1 
160 22 0.0 5 2 0 0 3 13 2 0.149485968919 1 1 
160 22 0.0 4 5 2 0 9 15 2 0.0546085636561 1 3 
160 22 0.0 7 3 2 0 6 11 3 6.08049521687e-42 1 2 
160 22 2.0 6 3 2 0 7 12 3 5.16092299854e-06 2 1 
160 22 2.0 10 6 0 0 2 1 4 2.67116837211e-46 1 0 
160 22 2.0 9 9 4 0 13 30 3 2.28612245258e-20 6 1 
160 22 2.0 1 5 0 0 4 4 1 0.128621064373 0 2 
160 22 2.0 8 2 1 0 3 11 4 2.02397320273e-46 1 1 
160 22 2.0 3 3 1 0 6 15 2 0.152554425688 1 2 
160 22 2.0 2 1 0 0 1 2 1 0.126467922548 0 1 
160 22 2.0 5 2 0 0 3 13 2 0.179430033719 1 1 
160 22 2.0 4 5 2 0 9 15 2 0.152491426508 1 3 
160 22 2.0 7 3 2 0 6 11 3 1.78086541995e-13 1 2 
160 23 0.0 6 3 2 0 7 12 3 4.21598185026e-40 2 1 
160 23 0.0 10 6 0 0 2 1 4 1.01348063593e-77 1 0 
160 23 0.0 9 9 4 0 13 30 3 6.08310291793e-53 6 1 
160 23 0.0 1 5 0 0 4 4 1 0.2123326531 0 2 
160 23 0.0 8 2 1 0 3 11 4 6.62484514319e-78 1 1 
160 23 0.0 3 3 1 0 6 15 2 0.0605208002493 1 2 
160 23 0.0 2 1 0 0 1 2 1 0.1916714992 0 1 
160 23 0.0 5 2 0 0 3 13 2 0.149396197906 1 1 
160 23 0.0 4 5 2 0 9 15 2 0.0604744780164 1 3 
160 23 0.0 7 3 2 0 6 11 3 1.40640180584e-46 1 2 
160 23 2.0 6 3 2 0 7 12 3 6.884398679e-05 2 1 
160 23 2.0 10 6 0 0 2 1 4 2.61928824102e-46 1 0 
160 23 2.0 9 9 4 0 13 30 3 1.19732298449e-18 6 1 
160 23 2.0 1 5 0 0 4 4 1 0.137240497153 0 2 
160 23 2.0 8 2 1 0 3 11 4 3.04584798226e-46 1 1 
160 23 2.0 3 3 1 0 6 15 2 0.0446571838817 1 2 
160 23 2.0 2 1 0 0 1 2 1 0.127411079912 0 1 
160 23 2.0 5 2 0 0 3 13 2 0.180510583607 1 1 
160 23 2.0 4 5 2 0 9 15 2 0.0446404003459 1 3 
160 23 2.0 7 3 2 0 6 11 3 3.9902662106e-14 1 2 
160 24 0.0 6 3 2 0 7 12 3 7.55866482178e-40 2 1 
160 24 0.0 10 6 0 0 2 1 4 1.50203391851e-77 1 0 
160 24 0.0 9 9 4 0 13 30 3 5.1758327207e-53 6 1 
160 24 0.0 1 5 0 0 4 4 1 0.201666651146 0 2 
160 24 0.0 8 2 1 0 3 11 4 7.68778865996e-78 1 1 
160 24 0.0 3 3 1 0 6 15 2 0.0584564086395 1 2 
160 24 0.0 2 1 0 0 1 2 1 0.191682169339 0 1 
160 24 0.0 5 2 0 0 3 13 2 0.149379600379 1 1 
160 24 0.0 4 5 2 0 9 15 2 0.0583985728882 1 3 
160 24 0.0 7 3 2 0 6 11 3 2.42959380726e-48 1 2 
160 24 2.0 6 3 2 0 7 12 3 7.18852599632e-05 2 1 
160 24 2.0 10 6 0 0 2 1 4 2.36195378703e-46 1 0 
160 24 2.0 9 9 4 0 13 30 3 1.12561029947e-18 6 1 
160 24 2.0 1 5 0 0 4 4 1 0.0519333730901 0 2 
160 24 2.0 8 2 1 0 3 11 4 1.6046892639e-46 1 1 
160 24 2.0 3 3 1 0 6 15 2 0.0747542644201 1 2 
160 24 2.0 2 1 0 0 1 2 1 0.127293676031 0 1 
160 24 2.0 5 2 0 0 3 13 2 0.180615339375 1 1 
160 24 2.0 4 5 2 0 9 15 2 0.0747402577534 1 3 
160 24 2.0 7 3 2 0 6 11 3 3.95622711269e-12 1 2 
160 25 0.0 6 3 2 0 7 12 3 2.9293887254e-40 2 1 
160 25 0.0 10 6 0 0 2 1 4 1.70128016026e-77 1 0 
160 25 0.0 9 9 4 0 13 30 3 4.9097329724e-53 6 1 
160 25 0.0 1 5 0 0 4 4 1 0.145488740867 0 2 
160 25 0.0 8 2 1 0 3 11 4 1.01075856945e-77 1 1 
160 25 0.0 3 3 1 0 6 15 2 0.057202016165 1 2 
160 25 0.0 2 1 0 0 1 2 1 0.191849421155 0 1 
160 25 0.0 5 2 0 0 3 13 2 0.149447737117 1 1 
160 25 0.0 4 5 2 0 9 15 2 0.0571741325709 1 3 
160 25 0.0 7 3 2 0 6 11 3 1.09593853284e-46 1 2 
160 25 2.0 6 3 2 0 7 12 3 5.07730200933e-05 2 1 
160 25 2.0 10 6 0 0 2 1 4 2.83097160837e-46 1 0 
160 25 2.0 9 9 4 0 13 30 3 1.21155688294e-18 6 1 
160 25 2.0 1 5 0 0 4 4 1 0.0981362685678 0 2 
160 25 2.0 8 2 1 0 3 11 4 3.70229544585e-46 1 1 
160 25 2.0 3 3 1 0 6 15 2 0.0422993971843 1 2 
160 25 2.0 2 1 0 0 1 2 1 0.127021697102 0 1 
160 25 2.0 5 2 0 0 3 13 2 0.180648259942 1 1 
160 25 2.0 4 5 2 0 9 15 2 0.0423010543386 1 3 
160 25 2.0 7 3 2 0 6 11 3 6.15588994773e-09 1 2 
160 26 0.0 6 3 2 0 7 12 3 5.00481693222e-40 2 1 
160 26 0.0 10 6 0 0 2 1 4 7.58461566059e-78 1 0 
160 26 0.0 9 9 4 0 13 30 3 1.27750084505e-52 6 1 
160 26 0.0 1 5 0 0 4 4 1 0.166577447139 0 2 
160 26 0.0 8 2 1 0 3 11 4 8.79551005487e-78 1 1 
160 26 0.0 3 3 1 0 6 15 2 0.0546347301105 1 2 
160 26 0.0 2 1 0 0 1 2 1 0.191885150955 0 1 
160 26 0.0 5 2 0 0 3 13 2 0.149743833097 1 1 
160 26 0.0 4 5 2 0 9 15 2 0.054596861254 1 3 
160 26 0.0 7 3 2 0 6 11 3 1.38534228262e-48 1 2 
160 26 2.0 6 3 2 0 7 12 3 6.23606616657e-05 2 1 
160 26 2.0 10 6 0 0 2 1 4 5.29792355419e-46 1 0 
160 26 2.0 9 9 4 0 13 30 3 3.63148027877e-21 6 1 
160 26 2.0 1 5 0 0 4 4 1 0.0602759038519 0 2 
160 26 2.0 8 2 1 0 3 11 4 7.14049949253e-47 1 1 
160 26 2.0 3 3 1 0 6 15 2 0.0560801525838 1 2 
160 26 2.0 2 1 0 0 1 2 1 0.126916991563 0 1 
160 26 2.0 5 2 0 0 3 13 2 0.179224582716 1 1 
160 26 2.0 4 5 2 0 9 15 2 0.0560730520068 1 3 
160 26 2.0 7 3 2 0 6 11 3 2.16861981668e-08 1 2 
160 27 0.0 6 3 2 0 7 12 3 1.64374214192e-40 2 1 
160 27 0.0 10 6 0 0 2 1 4 1.9457414723e-77 1 0 
160 27 0.0 9 9 4 0 13 30 3 1.13934573751e-52 6 1 
160 27 0.0 1 5 0 0 4 4 1 0.140969774472 0 2 
160 27 0.0 8 2 1 0 3 11 4 7.17595043285e-78 1 1 
160 27 0.0 3 3 1 0 6 15 2 0.0594744853743 1 2 
160 27 0.0 2 1 0 0 1 2 1 0.19187867301 0 1 
160 27 0.0 5 2 0 0 3 13 2 0.149434809276 1 1 
160 27 0.0 4 5 2 0 9 15 2 0.05945085192 1 3 
160 27 0.0 7 3 2 0 6 11 3 4.3580136771e-46 1 2 
160 27 2.0 6 3 2 0 7 12 3 0.000190086692641 2 1 
160 27 2.0 10 6 0 0 2 1 4 6.20752159364e-46 1 0 
160 27 2.0 9 9 4 0 13 30 3 3.39139035828e-21 6 1 
160 27 2.0 1 5 0 0 4 4 1 0.0692240857352 0 2 
160 27 2.0 8 2 1 0 3 11 4 2.8123631767e-46 1 1 
160 27 2.0 3 3 1 0 6 15 2 0.0564382415029 1 2 
160 27 2.0 2 1 0 0 1 2 1 0.126348873288 0 1 
160 27 2.0 5 2 0 0 3 13 2 0.180610140162 1 1 
160 27 2.0 4 5 2 0 9 15 2 0.0564357054541 1 3 
160 27 2.0 7 3 2 0 6 11 3 1.82666414977e-08 1 2 
160 28 0.0 6 3 2 0 7 12 3 9.86451618563e-41 2 1 
160 28 0.0 10 6 0 0 2 1 4 5.88717077014e-78 1 0 
160 28 0.0 9 9 4 0 13 30 3 8.89628678686e-52 6 1 
160 28 0.0 1 5 0 0 4 4 1 0.167865827464 0 2 
160 28 0.0 8 2 1 0 3 11 4 6.61928618487e-78 1 1 
160 28 0.0 3 3 1 0 6 15 2 0.0926980403503 1 2 
160 28 0.0 2 1 0 0 1 2 1 0.191745459895 0 1 
160 28 0.0 5 2 0 0 3 13 2 0.149369565646 1 1 
160 28 0.0 4 5 2 0 9 15 2 0.0926687566724 1 3 
160 28 0.0 7 3 2 0 6 11 3 3.20095937616e-46 1 2 
160 28 2.0 6 3 2 0 7 12 3 0.000589240099021 2 1 
160 28 2.0 10 6 0 0 2 1 4 2.30400958408e-46 1 0 
160 28 2.0 9 9 4 0 13 30 3 3.7951426009e-18 6 1 
160 28 2.0 1 5 0 0 4 4 1 0.111018539232 0 2 
160 28 2.0 8 2 1 0 3 11 4 4.53410289494e-46 1 1 
160 28 2.0 3 3 1 0 6 15 2 0.104697568116 1 2 
160 28 2.0 2 1 0 0 1 2 1 0.127656330684 0 1 
160 28 2.0 5 2 0 0 3 13 2 0.179446006661 1 1 
160 28 2.0 4 5 2 0 9 15 2 0.104696022456 1 3 
160 28 2.0 7 3 2 0 6 11 3 4.17821086947e-09 1 2 
160 29 0.0 6 3 2 0 7 12 3 1.5680701306e-40 2 1 
160 29 0.0 10 6 0 0 2 1 4 1.14740333026e-77 1 0 
160 29 0.0 9 9 4 0 13 30 3 3.83899618318e-53 6 1 
160 29 0.0 1 5 0 0 4 4 1 0.136648221915 0 2 
160 29 0.0 8 2 1 0 3 11 4 9.21575440824e-78 1 1 
160 29 0.0 3 3 1 0 6 15 2 0.0675817142469 1 2 
160 29 0.0 2 1 0 0 1 2 1 0.191858079194 0 1 
160 29 0.0 5 2 0 0 3 13 2 0.149746308674 1 1 
160 29 0.0 4 5 2 0 9 15 2 0.0675616143268 1 3 
160 29 0.0 7 3 2 0 6 11 3 4.74951241488e-45 1 2 
160 29 2.0 6 3 2 0 7 12 3 1.56178665925e-05 2 1 
160 29 2.0 10 6 0 0 2 1 4 4.4545217322e-46 1 0 
160 29 2.0 9 9 4 0 13 30 3 4.18839757799e-21 6 1 
160 29 2.0 1 5 0 0 4 4 1 0.130711108222 0 2 
160 29 2.0 8 2 1 0 3 11 4 4.35981389122e-46 1 1 
160 29 2.0 3 3 1 0 6 15 2 0.0410746009806 1 2 
160 29 2.0 2 1 0 0 1 2 1 0.126188767934 0 1 
160 29 2.0 5 2 0 0 3 13 2 0.180401359233 1 1 
160 29 2.0 4 5 2 0 9 15 2 0.0410744740115 1 3 
160 29 2.0 7 3 2 0 6 11 3 4.01958268035e-10 1 2 
160 30 0.0 6 3 2 0 7 12 3 1.08189922894e-40 2 1 
160 30 0.0 10 6 0 0 2 1 4 7.25844648731e-78 1 0 
160 30 0.0 9 9 4 0 13 30 3 4.35856499088e-52 6 1 
160 30 0.0 1 5 0 0 4 4 1 0.132078812147 0 2 
160 30 0.0 8 2 1 0 3 11 4 9.76348069556e-78 1 1 
160 30 0.0 3 3 1 0 6 15 2 0.0656715629163 1 2 
160 30 0.0 2 1 0 0 1 2 1 0.191570536775 0 1 
160 30 0.0 5 2 0 0 3 13 2 0.149459657936 1 1 
160 30 0.0 4 5 2 0 9 15 2 0.0656370643204 1 3 
160 30 0.0 7 3 2 0 6 11 3 9.6561374145e-47 1 2 
160 30 2.0 6 3 2 0 7 12 3 1.18101390797e-05 2 1 
160 30 2.0 10 6 0 0 2 1 4 9.53657580733e-46 1 0 
160 30 2.0 9 9 4 0 13 30 3 1.90020622234e-22 6 1 
160 30 2.0 1 5 0 0 4 4 1 0.229720763747 0 2 
160 30 2.0 8 2 1 0 3 11 4 1.64700583174e-46 1 1 
160 30 2.0 3 3 1 0 6 15 2 0.0889194682839 1 2 
160 30 2.0 2 1 0 0 1 2 1 0.12613590158 0 1 
160 30 2.0 5 2 0 0 3 13 2 0.180331449607 1 1 
160 30 2.0 4 5 2 0 9 15 2 0.0889048516322 1 3 
160 30 2.0 7 3 2 0 6 11 3 8.03422677671e-11 1 2 
160 31 0.0 6 3 2 0 7 12 3 9.01127227649e-40 2 1 
160 31 0.0 10 6 0 0 2 1 4 1.34543751957e-77 1 0 
160 31 0.0 9 9 4 0 13 30 3 1.80855036272e-52 6 1 
160 31 0.0 1 5 0 0 4 4 1 0.155574280821 0 2 
160 31 0.0 8 2 1 0 3 11 4 5.64410724812e-78 1 1 
160 31 0.0 3 3 1 0 6 15 2 0.0755715624798 1 2 
160 31 0.0 2 1 0 0 1 2 1 0.191754240859 0 1 
160 31 0.0 5 2 0 0 3 13 2 0.149334868639 1 1 
160 31 0.0 4 5 2 0 9 15 2 0.0755508972142 1 3 
160 31 0.0 7 3 2 0 6 11 3 5.32923424538e-45 1 2 
160 31 2.0 6 3 2 0 7 12 3 1.28542725603e-05 2 1 
160 31 2.0 10 6 0 0 2 1 4 2.75884520503e-46 1 0 
160 31 2.0 9 9 4 0 13 30 3 4.32079142555e-19 6 1 
160 31 2.0 1 5 0 0 4 4 1 0.0808015363048 0 2 
160 31 2.0 8 2 1 0 3 11 4 3.94006854451e-46 1 1 
160 31 2.0 3 3 1 0 6 15 2 0.0422737149234 1 2 
160 31 2.0 2 1 0 0 1 2 1 0.126141651548 0 1 
160 31 2.0 5 2 0 0 3 13 2 0.179747465484 1 1 
160 31 2.0 4 5 2 0 9 15 2 0.0422686558525 1 3 
160 31 2.0 7 3 2 0 6 11 3 2.8086653633e-12 1 2 
160 32 0.0 6 3 2 0 7 12 3 5.1728865673e-40 2 1 
160 32 0.0 10 6 0 0 2 1 4 1.62342814751e-77 1 0 
160 32 0.0 9 9 4 0 13 30 3 2.37052912023e-53 6 1 
160 32 0.0 1 5 0 0 4 4 1 0.176330766923 0 2 
160 32 0.0 8 2 1 0 3 11 4 7.65609078418e-78 1 1 
160 32 0.0 3 3 1 0 6 15 2 0.0543232025941 1 2 
160 32 0.0 2 1 0 0 1 2 1 0.191870918718 0 1 
160 32 0.0 5 2 0 0 3 13 2 0.149724509762 1 1 
160 32 0.0 4 5 2 0 9 15 2 0.0542902346138 1 3 
160 32 0.0 7 3 2 0 6 11 3 6.98067322289e-47 1 2 
160 32 2.0 6 3 2 0 7 12 3 2.97483497219e-05 2 1 
160 32 2.0 10 6 0 0 2 1 4 3.22495437414e-46 1 0 
160 32 2.0 9 9 4 0 13 30 3 2.45953828289e-19 6 1 
160 32 2.0 1 5 0 0 4 4 1 0.0984474464409 0 2 
160 32 2.0 8 2 1 0 3 11 4 2.56108241788e-46 1 1 
160 32 2.0 3 3 1 0 6 15 2 0.145972657873 1 2 
160 32 2.0 2 1 0 0 1 2 1 0.126215664533 0 1 
160 32 2.0 5 2 0 0 3 13 2 0.180284403129 1 1 
160 32 2.0 4 5 2 0 9 15 2 0.145955810891 1 3 
160 32 2.0 7 3 2 0 6 11 3 4.92571078479e-10 1 2 
160 33 0.0 6 3 2 0 7 12 3 2.88970266772e-40 2 1 
160 33 0.0 10 6 0 0 2 1 4 1.68994681972e-77 1 0 
160 33 0.0 9 9 4 0 13 30 3 3.19604031545e-53 6 1 
160 33 0.0 1 5 0 0 4 4 1 0.147379543594 0 2 
160 33 0.0 8 2 1 0 3 11 4 1.15705156222e-77 1 1 
160 33 0.0 3 3 1 0 6 15 2 0.056586631719 1 2 
160 33 0.0 2 1 0 0 1 2 1 0.191789982704 0 1 
160 33 0.0 5 2 0 0 3 13 2 0.149428330304 1 1 
160 33 0.0 4 5 2 0 9 15 2 0.0565603218375 1 3 
160 33 0.0 7 3 2 0 6 11 3 3.15781265402e-47 1 2 
160 33 2.0 6 3 2 0 7 12 3 7.62029295167e-05 2 1 
160 33 2.0 10 6 0 0 2 1 4 3.51776789104e-46 1 0 
160 33 2.0 9 9 4 0 13 30 3 1.87608901956e-19 6 1 
160 33 2.0 1 5 0 0 4 4 1 0.0549217424089 0 2 
160 33 2.0 8 2 1 0 3 11 4 6.48316149188e-47 1 1 
160 33 2.0 3 3 1 0 6 15 2 0.0639603421727 1 2 
160 33 2.0 2 1 0 0 1 2 1 0.126832369964 0 1 
160 33 2.0 5 2 0 0 3 13 2 0.180754402051 1 1 
160 33 2.0 4 5 2 0 9 15 2 0.0639449236316 1 3 
160 33 2.0 7 3 2 0 6 11 3 2.89626000965e-10 1 2 
160 34 0.0 6 3 2 0 7 12 3 4.26430779148e-41 2 1 
160 34 0.0 10 6 0 0 2 1 4 2.04821761759e-77 1 0 
160 34 0.0 9 9 4 0 13 30 3 4.84777630885e-53 6 1 
160 34 0.0 1 5 0 0 4 4 1 0.191181777498 0 2 
160 34 0.0 8 2 1 0 3 11 4 7.3424441737e-78 1 1 
160 34 0.0 3 3 1 0 6 15 2 0.0925946994756 1 2 
160 34 0.0 2 1 0 0 1 2 1 0.191868251451 0 1 
160 34 0.0 5 2 0 0 3 13 2 0.149452997203 1 1 
160 34 0.0 4 5 2 0 9 15 2 0.0925377480626 1 3 
160 34 0.0 7 3 2 0 6 11 3 7.56511324824e-48 1 2 
160 34 2.0 6 3 2 0 7 12 3 1.68216909914e-05 2 1 
160 34 2.0 10 6 0 0 2 1 4 2.83247092421e-46 1 0 
160 34 2.0 9 9 4 0 13 30 3 2.78836121876e-20 6 1 
160 34 2.0 1 5 0 0 4 4 1 0.0795484177309 0 2 
160 34 2.0 8 2 1 0 3 11 4 4.99268691953e-46 1 1 
160 34 2.0 3 3 1 0 6 15 2 0.0434439166027 1 2 
160 34 2.0 2 1 0 0 1 2 1 0.127557374241 0 1 
160 34 2.0 5 2 0 0 3 13 2 0.180252517561 1 1 
160 34 2.0 4 5 2 0 9 15 2 0.0434280994642 1 3 
160 34 2.0 7 3 2 0 6 11 3 4.7819473305e-15 1 2 
160 35 0.0 6 3 2 0 7 12 3 4.56068132468e-41 2 1 
160 35 0.0 10 6 0 0 2 1 4 1.05761412287e-77 1 0 
160 35 0.0 9 9 4 0 13 30 3 4.25666931083e-52 6 1 
160 35 0.0 1 5 0 0 4 4 1 0.211735455413 0 2 
160 35 0.0 8 2 1 0 3 11 4 5.34910699036e-78 1 1 
160 35 0.0 3 3 1 0 6 15 2 0.0904009929294 1 2 
160 35 0.0 2 1 0 0 1 2 1 0.191648752273 0 1 
160 35 0.0 5 2 0 0 3 13 2 0.149468430198 1 1 
160 35 0.0 4 5 2 0 9 15 2 0.0903709086938 1 3 
160 35 0.0 7 3 2 0 6 11 3 1.02420565746e-45 1 2 
160 35 2.0 6 3 2 0 7 12 3 1.63863353232e-05 2 1 
160 35 2.0 10 6 0 0 2 1 4 3.84188174515e-46 1 0 
160 35 2.0 9 9 4 0 13 30 3 1.50694865084e-20 6 1 
160 35 2.0 1 5 0 0 4 4 1 0.116611935886 0 2 
160 35 2.0 8 2 1 0 3 11 4 3.04764445459e-46 1 1 
160 35 2.0 3 3 1 0 6 15 2 0.0404566356492 1 2 
160 35 2.0 2 1 0 0 1 2 1 0.126256114933 0 1 
160 35 2.0 5 2 0 0 3 13 2 0.179260464935 1 1 
160 35 2.0 4 5 2 0 9 15 2 0.0404401777467 1 3 
160 35 2.0 7 3 2 0 6 11 3 4.14011654678e-14 1 2 
160 36 0.0 6 3 2 0 7 12 3 4.41884082854e-41 2 1 
160 36 0.0 10 6 0 0 2 1 4 7.31060855112e-78 1 0 
160 36 0.0 9 9 4 0 13 30 3 2.68646709662e-52 6 1 
160 36 0.0 1 5 0 0 4 4 1 0.21470903274 0 2 
160 36 0.0 8 2 1 0 3 11 4 8.85428910434e-78 1 1 
160 36 0.0 3 3 1 0 6 15 2 0.0891072906067 1 2 
160 36 0.0 2 1 0 0 1 2 1 0.191656441702 0 1 
160 36 0.0 5 2 0 0 3 13 2 0.14932699052 1 1 
160 36 0.0 4 5 2 0 9 15 2 0.0890560804157 1 3 
160 36 0.0 7 3 2 0 6 11 3 5.02947287642e-47 1 2 
160 36 2.0 6 3 2 0 7 12 3 7.98440867403e-05 2 1 
160 36 2.0 10 6 0 0 2 1 4 3.69864135025e-46 1 0 
160 36 2.0 9 9 4 0 13 30 3 8.88720562453e-20 6 1 
160 36 2.0 1 5 0 0 4 4 1 0.0899850988733 0 2 
160 36 2.0 8 2 1 0 3 11 4 1.92810865349e-46 1 1 
160 36 2.0 3 3 1 0 6 15 2 0.0448428584195 1 2 
160 36 2.0 2 1 0 0 1 2 1 0.126679240227 0 1 
160 36 2.0 5 2 0 0 3 13 2 0.180727709241 1 1 
160 36 2.0 4 5 2 0 9 15 2 0.0448307581991 1 3 
160 36 2.0 7 3 2 0 6 11 3 1.16896450754e-12 1 2 
160 37 0.0 6 3 2 0 7 12 3 5.61204477312e-41 2 1 
160 37 0.0 10 6 0 0 2 1 4 1.25939353764e-77 1 0 
160 37 0.0 9 9 4 0 13 30 3 1.85485879708e-53 6 1 
160 37 0.0 1 5 0 0 4 4 1 0.133762128307 0 2 
160 37 0.0 8 2 1 0 3 11 4 3.65720596576e-78 1 1 
160 37 0.0 3 3 1 0 6 15 2 0.071668900949 1 2 
160 37 0.0 2 1 0 0 1 2 1 0.191372931477 0 1 
160 37 0.0 5 2 0 0 3 13 2 0.149329060649 1 1 
160 37 0.0 4 5 2 0 9 15 2 0.0716267823593 1 3 
160 37 0.0 7 3 2 0 6 11 3 6.8817196525e-46 1 2 
160 37 2.0 6 3 2 0 7 12 3 1.01686887632e-05 2 1 
160 37 2.0 10 6 0 0 2 1 4 3.33982835853e-46 1 0 
160 37 2.0 9 9 4 0 13 30 3 5.68981122486e-21 6 1 
160 37 2.0 1 5 0 0 4 4 1 0.22909020882 0 2 
160 37 2.0 8 2 1 0 3 11 4 1.11905745613e-46 1 1 
160 37 2.0 3 3 1 0 6 15 2 0.095348001542 1 2 
160 37 2.0 2 1 0 0 1 2 1 0.125937045678 0 1 
160 37 2.0 5 2 0 0 3 13 2 0.179830376027 1 1 
160 37 2.0 4 5 2 0 9 15 2 0.09533949472 1 3 
160 37 2.0 7 3 2 0 6 11 3 1.17419280449e-08 1 2 
160 38 0.0 6 3 2 0 7 12 3 4.22890739306e-41 2 1 
160 38 0.0 10 6 0 0 2 1 4 7.8635794334e-78 1 0 
160 38 0.0 9 9 4 0 13 30 3 8.29116163558e-53 6 1 
160 38 0.0 1 5 0 0 4 4 1 0.145597508986 0 2 
160 38 0.0 8 2 1 0 3 11 4 5.6520763262e-78 1 1 
160 38 0.0 3 3 1 0 6 15 2 0.0860973043407 1 2 
160 38 0.0 2 1 0 0 1 2 1 0.191958124624 0 1 
160 38 0.0 5 2 0 0 3 13 2 0.149581162615 1 1 
160 38 0.0 4 5 2 0 9 15 2 0.086051319816 1 3 
160 38 0.0 7 3 2 0 6 11 3 4.52250194279e-46 1 2 
160 38 2.0 6 3 2 0 7 12 3 8.66514240826e-05 2 1 
160 38 2.0 10 6 0 0 2 1 4 4.03762534981e-46 1 0 
160 38 2.0 9 9 4 0 13 30 3 1.01858561151e-19 6 1 
160 38 2.0 1 5 0 0 4 4 1 0.154511385827 0 2 
160 38 2.0 8 2 1 0 3 11 4 3.34513409243e-46 1 1 
160 38 2.0 3 3 1 0 6 15 2 0.136024440935 1 2 
160 38 2.0 2 1 0 0 1 2 1 0.12595548206 0 1 
160 38 2.0 5 2 0 0 3 13 2 0.179590050222 1 1 
160 38 2.0 4 5 2 0 9 15 2 0.136003910068 1 3 
160 38 2.0 7 3 2 0 6 11 3 1.60321622127e-11 1 2 
160 39 0.0 6 3 2 0 7 12 3 4.4771251008e-40 2 1 
160 39 0.0 10 6 0 0 2 1 4 1.51271825546e-77 1 0 
160 39 0.0 9 9 4 0 13 30 3 3.81281153964e-53 6 1 
160 39 0.0 1 5 0 0 4 4 1 0.164884672779 0 2 
160 39 0.0 8 2 1 0 3 11 4 5.85589040156e-78 1 1 
160 39 0.0 3 3 1 0 6 15 2 0.0570568933987 1 2 
160 39 0.0 2 1 0 0 1 2 1 0.19183453686 0 1 
160 39 0.0 5 2 0 0 3 13 2 0.149785480947 1 1 
160 39 0.0 4 5 2 0 9 15 2 0.0569984976819 1 3 
160 39 0.0 7 3 2 0 6 11 3 2.44576156016e-49 1 2 
160 39 2.0 6 3 2 0 7 12 3 1.16070967111e-05 2 1 
160 39 2.0 10 6 0 0 2 1 4 7.24326835297e-46 1 0 
160 39 2.0 9 9 4 0 13 30 3 6.65858525746e-22 6 1 
160 39 2.0 1 5 0 0 4 4 1 0.207538086538 0 2 
160 39 2.0 8 2 1 0 3 11 4 4.073641221e-46 1 1 
160 39 2.0 3 3 1 0 6 15 2 0.0577403891717 1 2 
160 39 2.0 2 1 0 0 1 2 1 0.126374252205 0 1 
160 39 2.0 5 2 0 0 3 13 2 0.180574028739 1 1 
160 39 2.0 4 5 2 0 9 15 2 0.0577291275652 1 3 
160 39 2.0 7 3 2 0 6 11 3 2.4305468453e-13 1 2 
160 40 0.0 6 3 2 0 7 12 3 4.31272021245e-41 2 1 
160 40 0.0 10 6 0 0 2 1 4 1.14132262589e-77 1 0 
160 40 0.0 9 9 4 0 13 30 3 4.20807892354e-53 6 1 
160 40 0.0 1 5 0 0 4 4 1 0.186656898893 0 2 
160 40 0.0 8 2 1 0 3 11 4 1.07611360084e-77 1 1 
160 40 0.0 3 3 1 0 6 15 2 0.0923097479318 1 2 
160 40 0.0 2 1 0 0 1 2 1 0.191840886662 0 1 
160 40 0.0 5 2 0 0 3 13 2 0.149628620254 1 1 
160 40 0.0 4 5 2 0 9 15 2 0.0922507635505 1 3 
160 40 0.0 7 3 2 0 6 11 3 2.82701781256e-47 1 2 
160 40 2.0 6 3 2 0 7 12 3 1.26314024302e-06 2 1 
160 40 2.0 10 6 0 0 2 1 4 5.75019200207e-46 1 0 
160 40 2.0 9 9 4 0 13 30 3 4.80113683072e-23 6 1 
160 40 2.0 1 5 0 0 4 4 1 0.197315637867 0 2 
160 40 2.0 8 2 1 0 3 11 4 3.51451024636e-46 1 1 
160 40 2.0 3 3 1 0 6 15 2 0.129990140891 1 2 
160 40 2.0 2 1 0 0 1 2 1 0.126381985893 0 1 
160 40 2.0 5 2 0 0 3 13 2 0.179302494867 1 1 
160 40 2.0 4 5 2 0 9 15 2 0.12996444399 1 3 
160 40 2.0 7 3 2 0 6 11 3 5.64904591856e-13 1 2 
