131 1 0.0 2 3 1 0 15 11 2 0.0178044377384 1 3 
131 1 0.0 5 4 0 0 24 13 2 0.012061817516 1 4 
131 1 0.0 4 1 0 0 9 7 2 0.0185863324472 1 1 
131 1 0.0 11 1 0 0 8 1 3 3.0671170764e-73 1 0 
131 1 0.0 10 1 0 0 8 1 3 9.77430207211e-74 1 0 
131 1 0.0 9 1 0 0 8 1 3 7.28342518703e-73 1 0 
131 1 0.0 6 1 0 0 6 1 3 2.31470464515e-63 1 0 
131 1 0.0 12 2 2 0 10 5 3 5.79561590652e-65 3 0 
131 1 0.0 1 11 0 0 16 8 1 0.253873501049 0 4 
131 1 0.0 7 2 2 0 9 6 3 1.79544847696e-60 2 1 
131 1 0.0 8 3 0 0 16 9 3 1.88008207092e-57 3 0 
131 1 0.0 3 3 1 0 15 15 2 0.0184221418525 1 3 
131 1 2.0 2 3 1 0 15 11 2 0.0169018751695 1 3 
131 1 2.0 5 4 0 0 24 13 2 1.40227071303e-08 1 4 
131 1 2.0 4 1 0 0 9 7 2 0.0248816863041 1 1 
131 1 2.0 11 1 0 0 8 1 3 4.43541821459e-55 1 0 
131 1 2.0 10 1 0 0 8 1 3 3.46373507704e-55 1 0 
131 1 2.0 9 1 0 0 8 1 3 4.32150894541e-55 1 0 
131 1 2.0 6 1 0 0 6 1 3 7.4229793563e-48 1 0 
131 1 2.0 12 2 2 0 10 5 3 2.75208569032e-40 3 0 
131 1 2.0 1 11 0 0 16 8 1 0.102674115963 0 4 
131 1 2.0 7 2 2 0 9 6 3 6.43362580322e-36 2 1 
131 1 2.0 8 3 0 0 16 9 3 3.21760132275e-21 3 0 
131 1 2.0 3 3 1 0 15 15 2 0.0247950797633 1 3 
131 2 0.0 2 3 1 0 15 11 2 0.0209525242508 1 3 
131 2 0.0 5 4 0 0 24 13 2 0.010601788729 1 4 
131 2 0.0 4 1 0 0 9 7 2 0.0241630735666 1 1 
131 2 0.0 11 1 0 0 8 1 3 2.50525962238e-75 1 0 
131 2 0.0 10 1 0 0 8 1 3 1.0863274406e-75 1 0 
131 2 0.0 9 1 0 0 8 1 3 3.66338802786e-75 1 0 
131 2 0.0 6 1 0 0 6 1 3 5.68936686701e-68 1 0 
131 2 0.0 12 2 2 0 10 5 3 1.61096713531e-64 3 0 
131 2 0.0 1 11 0 0 16 8 1 0.0841555270466 0 4 
131 2 0.0 7 2 2 0 9 6 3 9.20570801641e-60 2 1 
131 2 0.0 8 3 0 0 16 9 3 1.23001390214e-55 3 0 
131 2 0.0 3 3 1 0 15 15 2 0.0241235060371 1 3 
131 2 2.0 2 3 1 0 15 11 2 0.0171481856808 1 3 
131 2 2.0 5 4 0 0 24 13 2 4.91014514597e-05 1 4 
131 2 2.0 4 1 0 0 9 7 2 0.0230944887047 1 1 
131 2 2.0 11 1 0 0 8 1 3 1.61956564069e-55 1 0 
131 2 2.0 10 1 0 0 8 1 3 2.70844676667e-55 1 0 
131 2 2.0 9 1 0 0 8 1 3 2.96773932206e-55 1 0 
131 2 2.0 6 1 0 0 6 1 3 3.53083392971e-46 1 0 
131 2 2.0 12 2 2 0 10 5 3 7.28947618765e-39 3 0 
131 2 2.0 1 11 0 0 16 8 1 0.212553038151 0 4 
131 2 2.0 7 2 2 0 9 6 3 8.09914024134e-33 2 1 
131 2 2.0 8 3 0 0 16 9 3 7.60925976555e-23 3 0 
131 2 2.0 3 3 1 0 15 15 2 0.023036946132 1 3 
131 3 0.0 2 3 1 0 15 11 2 0.0168987020993 1 3 
131 3 0.0 5 4 0 0 24 13 2 0.0147725787287 1 4 
131 3 0.0 4 1 0 0 9 7 2 0.0282988681615 1 1 
131 3 0.0 11 1 0 0 8 1 3 6.71339113591e-75 1 0 
131 3 0.0 10 1 0 0 8 1 3 1.1250002531e-74 1 0 
131 3 0.0 9 1 0 0 8 1 3 1.48008263588e-74 1 0 
131 3 0.0 6 1 0 0 6 1 3 1.69370043679e-73 1 0 
131 3 0.0 12 2 2 0 10 5 3 1.26139440399e-67 3 0 
131 3 0.0 1 11 0 0 16 8 1 0.161466372968 0 4 
131 3 0.0 7 2 2 0 9 6 3 1.1756869892e-63 2 1 
131 3 0.0 8 3 0 0 16 9 3 9.4368722201e-53 3 0 
131 3 0.0 3 3 1 0 15 15 2 0.0281699854282 1 3 
131 3 2.0 2 3 1 0 15 11 2 0.016308876178 1 3 
131 3 2.0 5 4 0 0 24 13 2 4.43572150459e-07 1 4 
131 3 2.0 4 1 0 0 9 7 2 0.0167532773547 1 1 
131 3 2.0 11 1 0 0 8 1 3 2.91331265498e-55 1 0 
131 3 2.0 10 1 0 0 8 1 3 2.42696629955e-55 1 0 
131 3 2.0 9 1 0 0 8 1 3 3.4879785081e-55 1 0 
131 3 2.0 6 1 0 0 6 1 3 2.04719755767e-32 1 0 
131 3 2.0 12 2 2 0 10 5 3 1.3608512811e-37 3 0 
131 3 2.0 1 11 0 0 16 8 1 0.0433316327348 0 4 
131 3 2.0 7 2 2 0 9 6 3 8.5638429947e-32 2 1 
131 3 2.0 8 3 0 0 16 9 3 2.02447945476e-27 3 0 
131 3 2.0 3 3 1 0 15 15 2 0.0164908980101 1 3 
131 4 0.0 2 3 1 0 15 11 2 0.0571208357303 1 3 
131 4 0.0 5 4 0 0 24 13 2 5.67759373553e-05 1 4 
131 4 0.0 4 1 0 0 9 7 2 0.0662163160405 1 1 
131 4 0.0 11 1 0 0 8 1 3 7.85946695822e-78 1 0 
131 4 0.0 10 1 0 0 8 1 3 1.9881104694e-78 1 0 
131 4 0.0 9 1 0 0 8 1 3 7.47316857523e-78 1 0 
131 4 0.0 6 1 0 0 6 1 3 1.35862507476e-68 1 0 
131 4 0.0 12 2 2 0 10 5 3 2.92759096986e-66 3 0 
131 4 0.0 1 11 0 0 16 8 1 0.123775490473 0 4 
131 4 0.0 7 2 2 0 9 6 3 5.8109610123e-62 2 1 
131 4 0.0 8 3 0 0 16 9 3 1.23079050839e-54 3 0 
131 4 0.0 3 3 1 0 15 15 2 0.0658245528415 1 3 
131 4 2.0 2 3 1 0 15 11 2 0.0270426837671 1 3 
131 4 2.0 5 4 0 0 24 13 2 1.59364484253e-07 1 4 
131 4 2.0 4 1 0 0 9 7 2 0.0292948999391 1 1 
131 4 2.0 11 1 0 0 8 1 3 4.34182542628e-55 1 0 
131 4 2.0 10 1 0 0 8 1 3 3.49627823015e-55 1 0 
131 4 2.0 9 1 0 0 8 1 3 2.83414045713e-55 1 0 
131 4 2.0 6 1 0 0 6 1 3 5.04315851542e-39 1 0 
131 4 2.0 12 2 2 0 10 5 3 6.81331792776e-39 3 0 
131 4 2.0 1 11 0 0 16 8 1 0.0333699444755 0 4 
131 4 2.0 7 2 2 0 9 6 3 8.08441149778e-34 2 1 
131 4 2.0 8 3 0 0 16 9 3 6.3497744921e-24 3 0 
131 4 2.0 3 3 1 0 15 15 2 0.0290692502916 1 3 
131 5 0.0 2 3 1 0 15 11 2 0.0637656700385 1 3 
131 5 0.0 5 4 0 0 24 13 2 1.69006132427e-07 1 4 
131 5 0.0 4 1 0 0 9 7 2 0.0650305011779 1 1 
131 5 0.0 11 1 0 0 8 1 3 8.45090665078e-78 1 0 
131 5 0.0 10 1 0 0 8 1 3 8.69138154988e-78 1 0 
131 5 0.0 9 1 0 0 8 1 3 7.15893088864e-78 1 0 
131 5 0.0 6 1 0 0 6 1 3 1.22295352251e-59 1 0 
131 5 0.0 12 2 2 0 10 5 3 5.73720735728e-64 3 0 
131 5 0.0 1 11 0 0 16 8 1 0.0907351433448 0 4 
131 5 0.0 7 2 2 0 9 6 3 7.41009724494e-59 2 1 
131 5 0.0 8 3 0 0 16 9 3 1.60238357906e-57 3 0 
131 5 0.0 3 3 1 0 15 15 2 0.0642802874903 1 3 
131 5 2.0 2 3 1 0 15 11 2 0.0123205440358 1 3 
131 5 2.0 5 4 0 0 24 13 2 5.2175915735e-10 1 4 
131 5 2.0 4 1 0 0 9 7 2 0.012502833153 1 1 
131 5 2.0 11 1 0 0 8 1 3 5.78207548683e-55 1 0 
131 5 2.0 10 1 0 0 8 1 3 5.15675585782e-55 1 0 
131 5 2.0 9 1 0 0 8 1 3 3.81879779616e-55 1 0 
131 5 2.0 6 1 0 0 6 1 3 7.13827526298e-29 1 0 
131 5 2.0 12 2 2 0 10 5 3 1.78507962104e-37 3 0 
131 5 2.0 1 11 0 0 16 8 1 0.08587295911 0 4 
131 5 2.0 7 2 2 0 9 6 3 2.30452949829e-31 2 1 
131 5 2.0 8 3 0 0 16 9 3 1.60621645783e-28 3 0 
131 5 2.0 3 3 1 0 15 15 2 0.0121753962881 1 3 
131 6 0.0 2 3 1 0 15 11 2 0.0404264371926 1 3 
131 6 0.0 5 4 0 0 24 13 2 0.0217958971173 1 4 
131 6 0.0 4 1 0 0 9 7 2 0.0424302074942 1 1 
131 6 0.0 11 1 0 0 8 1 3 9.57526332257e-75 1 0 
131 6 0.0 10 1 0 0 8 1 3 1.88810737536e-74 1 0 
131 6 0.0 9 1 0 0 8 1 3 3.98220281573e-75 1 0 
131 6 0.0 6 1 0 0 6 1 3 1.55760995724e-63 1 0 
131 6 0.0 12 2 2 0 10 5 3 6.72853156905e-65 3 0 
131 6 0.0 1 11 0 0 16 8 1 0.333580029042 0 4 
131 6 0.0 7 2 2 0 9 6 3 1.35083346454e-60 2 1 
131 6 0.0 8 3 0 0 16 9 3 2.76846629721e-56 3 0 
131 6 0.0 3 3 1 0 15 15 2 0.0420821873299 1 3 
131 6 2.0 2 3 1 0 15 11 2 0.0181393614945 1 3 
131 6 2.0 5 4 0 0 24 13 2 0.000490933955488 1 4 
131 6 2.0 4 1 0 0 9 7 2 0.0186918561531 1 1 
131 6 2.0 11 1 0 0 8 1 3 2.22689548977e-55 1 0 
131 6 2.0 10 1 0 0 8 1 3 2.82647683401e-55 1 0 
131 6 2.0 9 1 0 0 8 1 3 5.10142744463e-55 1 0 
131 6 2.0 6 1 0 0 6 1 3 2.54778298605e-33 1 0 
131 6 2.0 12 2 2 0 10 5 3 8.23269411942e-38 3 0 
131 6 2.0 1 11 0 0 16 8 1 0.0444186106545 0 4 
131 6 2.0 7 2 2 0 9 6 3 1.38312532096e-32 2 1 
131 6 2.0 8 3 0 0 16 9 3 5.67586944921e-26 3 0 
131 6 2.0 3 3 1 0 15 15 2 0.0184535845806 1 3 
131 7 0.0 2 3 1 0 15 11 2 0.0734380060289 1 3 
131 7 0.0 5 4 0 0 24 13 2 0.00404549317616 1 4 
131 7 0.0 4 1 0 0 9 7 2 0.0783858015837 1 1 
131 7 0.0 11 1 0 0 8 1 3 1.20666704529e-77 1 0 
131 7 0.0 10 1 0 0 8 1 3 1.33248947888e-78 1 0 
131 7 0.0 9 1 0 0 8 1 3 6.62111267819e-78 1 0 
131 7 0.0 6 1 0 0 6 1 3 5.61024788557e-65 1 0 
131 7 0.0 12 2 2 0 10 5 3 1.21101623808e-65 3 0 
131 7 0.0 1 11 0 0 16 8 1 0.188151379152 0 4 
131 7 0.0 7 2 2 0 9 6 3 9.94442421575e-61 2 1 
131 7 0.0 8 3 0 0 16 9 3 6.31095639904e-56 3 0 
131 7 0.0 3 3 1 0 15 15 2 0.0777104434492 1 3 
131 7 2.0 2 3 1 0 15 11 2 0.0188330491137 1 3 
131 7 2.0 5 4 0 0 24 13 2 1.38626918674e-05 1 4 
131 7 2.0 4 1 0 0 9 7 2 0.023240476589 1 1 
131 7 2.0 11 1 0 0 8 1 3 1.91589723643e-55 1 0 
131 7 2.0 10 1 0 0 8 1 3 2.02263034762e-55 1 0 
131 7 2.0 9 1 0 0 8 1 3 6.06505707028e-55 1 0 
131 7 2.0 6 1 0 0 6 1 3 1.89210433087e-44 1 0 
131 7 2.0 12 2 2 0 10 5 3 3.71271487012e-39 3 0 
131 7 2.0 1 11 0 0 16 8 1 0.054838789115 0 4 
131 7 2.0 7 2 2 0 9 6 3 7.75944950677e-34 2 1 
131 7 2.0 8 3 0 0 16 9 3 2.09024358851e-22 3 0 
131 7 2.0 3 3 1 0 15 15 2 0.0231596660454 1 3 
131 8 0.0 2 3 1 0 15 11 2 0.0287558032296 1 3 
131 8 0.0 5 4 0 0 24 13 2 3.22854702255e-05 1 4 
131 8 0.0 4 1 0 0 9 7 2 0.0388944216111 1 1 
131 8 0.0 11 1 0 0 8 1 3 7.50787202706e-78 1 0 
131 8 0.0 10 1 0 0 8 1 3 3.55299804933e-78 1 0 
131 8 0.0 9 1 0 0 8 1 3 9.5585397835e-78 1 0 
131 8 0.0 6 1 0 0 6 1 3 1.68738508687e-71 1 0 
131 8 0.0 12 2 2 0 10 5 3 2.97867822997e-66 3 0 
131 8 0.0 1 11 0 0 16 8 1 0.12150221359 0 4 
131 8 0.0 7 2 2 0 9 6 3 1.59036938608e-61 2 1 
131 8 0.0 8 3 0 0 16 9 3 1.66471056875e-53 3 0 
131 8 0.0 3 3 1 0 15 15 2 0.0387775427422 1 3 
131 8 2.0 2 3 1 0 15 11 2 0.0227784215426 1 3 
131 8 2.0 5 4 0 0 24 13 2 0.0165064765636 1 4 
131 8 2.0 4 1 0 0 9 7 2 0.0246316009574 1 1 
131 8 2.0 11 1 0 0 8 1 3 4.69398081965e-48 1 0 
131 8 2.0 10 1 0 0 8 1 3 2.13881577624e-48 1 0 
131 8 2.0 9 1 0 0 8 1 3 8.51642860944e-48 1 0 
131 8 2.0 6 1 0 0 6 1 3 3.97348942085e-38 1 0 
131 8 2.0 12 2 2 0 10 5 3 1.60937172406e-38 3 0 
131 8 2.0 1 11 0 0 16 8 1 0.391094462539 0 4 
131 8 2.0 7 2 2 0 9 6 3 4.47743231882e-33 2 1 
131 8 2.0 8 3 0 0 16 9 3 8.41024421712e-26 3 0 
131 8 2.0 3 3 1 0 15 15 2 0.0244252254862 1 3 
131 9 0.0 2 3 1 0 15 11 2 0.0337403591566 1 3 
131 9 0.0 5 4 0 0 24 13 2 0.00182053147739 1 4 
131 9 0.0 4 1 0 0 9 7 2 0.0345931542502 1 1 
131 9 0.0 11 1 0 0 8 1 3 1.88257860648e-77 1 0 
131 9 0.0 10 1 0 0 8 1 3 4.04874868953e-78 1 0 
131 9 0.0 9 1 0 0 8 1 3 3.23461657982e-78 1 0 
131 9 0.0 6 1 0 0 6 1 3 6.12566833552e-61 1 0 
131 9 0.0 12 2 2 0 10 5 3 2.13679604746e-65 3 0 
131 9 0.0 1 11 0 0 16 8 1 0.3052191872 0 4 
131 9 0.0 7 2 2 0 9 6 3 1.82237192925e-61 2 1 
131 9 0.0 8 3 0 0 16 9 3 6.86535381166e-58 3 0 
131 9 0.0 3 3 1 0 15 15 2 0.033780610122 1 3 
131 9 2.0 2 3 1 0 15 11 2 0.0114331346645 1 3 
131 9 2.0 5 4 0 0 24 13 2 2.83699268707e-06 1 4 
131 9 2.0 4 1 0 0 9 7 2 0.0123810157825 1 1 
131 9 2.0 11 1 0 0 8 1 3 2.97881798975e-55 1 0 
131 9 2.0 10 1 0 0 8 1 3 2.16202979025e-55 1 0 
131 9 2.0 9 1 0 0 8 1 3 2.44183124968e-55 1 0 
131 9 2.0 6 1 0 0 6 1 3 2.04585512692e-38 1 0 
131 9 2.0 12 2 2 0 10 5 3 8.40693362313e-36 3 0 
131 9 2.0 1 11 0 0 16 8 1 0.0940665086588 0 4 
131 9 2.0 7 2 2 0 9 6 3 4.24303651029e-28 2 1 
131 9 2.0 8 3 0 0 16 9 3 1.79693119814e-25 3 0 
131 9 2.0 3 3 1 0 15 15 2 0.0123569445794 1 3 
131 10 0.0 2 3 1 0 15 11 2 0.0494474345247 1 3 
131 10 0.0 5 4 0 0 24 13 2 2.69831280437e-05 1 4 
131 10 0.0 4 1 0 0 9 7 2 0.0537694799582 1 1 
131 10 0.0 11 1 0 0 8 1 3 7.28979777474e-78 1 0 
131 10 0.0 10 1 0 0 8 1 3 6.9983466919e-78 1 0 
131 10 0.0 9 1 0 0 8 1 3 3.76922058389e-78 1 0 
131 10 0.0 6 1 0 0 6 1 3 5.24119286082e-66 1 0 
131 10 0.0 12 2 2 0 10 5 3 2.29925976086e-64 3 0 
131 10 0.0 1 11 0 0 16 8 1 0.285743612867 0 4 
131 10 0.0 7 2 2 0 9 6 3 1.58996412518e-59 2 1 
131 10 0.0 8 3 0 0 16 9 3 2.28555558173e-55 3 0 
131 10 0.0 3 3 1 0 15 15 2 0.0536240581101 1 3 
131 10 2.0 2 3 1 0 15 11 2 0.0119764143582 1 3 
131 10 2.0 5 4 0 0 24 13 2 1.25776741564e-09 1 4 
131 10 2.0 4 1 0 0 9 7 2 0.0120796538815 1 1 
131 10 2.0 11 1 0 0 8 1 3 3.9371270301e-55 1 0 
131 10 2.0 10 1 0 0 8 1 3 3.57070348267e-55 1 0 
131 10 2.0 9 1 0 0 8 1 3 3.68324233096e-55 1 0 
131 10 2.0 6 1 0 0 6 1 3 1.08285769631e-25 1 0 
131 10 2.0 12 2 2 0 10 5 3 9.7721047821e-37 3 0 
131 10 2.0 1 11 0 0 16 8 1 0.13407968687 0 4 
131 10 2.0 7 2 2 0 9 6 3 3.84617381219e-30 2 1 
131 10 2.0 8 3 0 0 16 9 3 1.68469574865e-29 3 0 
131 10 2.0 3 3 1 0 15 15 2 0.0116970012657 1 3 
131 11 0.0 2 3 1 0 15 11 2 0.0311705051775 1 3 
131 11 0.0 5 4 0 0 24 13 2 0.0051350247873 1 4 
131 11 0.0 4 1 0 0 9 7 2 0.0346646114227 1 1 
131 11 0.0 11 1 0 0 8 1 3 1.20727933296e-77 1 0 
131 11 0.0 10 1 0 0 8 1 3 3.87878774051e-77 1 0 
131 11 0.0 9 1 0 0 8 1 3 3.63688067852e-77 1 0 
131 11 0.0 6 1 0 0 6 1 3 4.396755087e-67 1 0 
131 11 0.0 12 2 2 0 10 5 3 1.63606591013e-67 3 0 
131 11 0.0 1 11 0 0 16 8 1 0.135295858038 0 4 
131 11 0.0 7 2 2 0 9 6 3 2.13389282667e-64 2 1 
131 11 0.0 8 3 0 0 16 9 3 1.36655782226e-54 3 0 
131 11 0.0 3 3 1 0 15 15 2 0.0340529636992 1 3 
131 11 2.0 2 3 1 0 15 11 2 0.0114558464455 1 3 
131 11 2.0 5 4 0 0 24 13 2 1.2400039166e-08 1 4 
131 11 2.0 4 1 0 0 9 7 2 0.0120162799146 1 1 
131 11 2.0 11 1 0 0 8 1 3 2.7700321221e-55 1 0 
131 11 2.0 10 1 0 0 8 1 3 3.10548914386e-55 1 0 
131 11 2.0 9 1 0 0 8 1 3 4.53365779346e-55 1 0 
131 11 2.0 6 1 0 0 6 1 3 2.35243428483e-35 1 0 
131 11 2.0 12 2 2 0 10 5 3 4.98296592212e-36 3 0 
131 11 2.0 1 11 0 0 16 8 1 0.0862899260884 0 4 
131 11 2.0 7 2 2 0 9 6 3 2.69461222941e-28 2 1 
131 11 2.0 8 3 0 0 16 9 3 2.43275979519e-26 3 0 
131 11 2.0 3 3 1 0 15 15 2 0.0119747202958 1 3 
131 12 0.0 2 3 1 0 15 11 2 0.0307836043371 1 3 
131 12 0.0 5 4 0 0 24 13 2 0.000208496212454 1 4 
131 12 0.0 4 1 0 0 9 7 2 0.0542824840038 1 1 
131 12 0.0 11 1 0 0 8 1 3 7.70986459194e-78 1 0 
131 12 0.0 10 1 0 0 8 1 3 8.08913218695e-78 1 0 
131 12 0.0 9 1 0 0 8 1 3 2.15510725731e-78 1 0 
131 12 0.0 6 1 0 0 6 1 3 8.56186454736e-74 1 0 
131 12 0.0 12 2 2 0 10 5 3 3.96535714785e-67 3 0 
131 12 0.0 1 11 0 0 16 8 1 0.247959129767 0 4 
131 12 0.0 7 2 2 0 9 6 3 2.9070771393e-63 2 1 
131 12 0.0 8 3 0 0 16 9 3 1.55997469634e-53 3 0 
131 12 0.0 3 3 1 0 15 15 2 0.0540874748147 1 3 
131 12 2.0 2 3 1 0 15 11 2 0.0973406775277 1 3 
131 12 2.0 5 4 0 0 24 13 2 0.000323207308096 1 4 
131 12 2.0 4 1 0 0 9 7 2 0.122505599065 1 1 
131 12 2.0 11 1 0 0 8 1 3 1.05950528745e-55 1 0 
131 12 2.0 10 1 0 0 8 1 3 2.98814351778e-55 1 0 
131 12 2.0 9 1 0 0 8 1 3 3.31603348468e-55 1 0 
131 12 2.0 6 1 0 0 6 1 3 6.3432120027e-45 1 0 
131 12 2.0 12 2 2 0 10 5 3 5.35146714981e-37 3 0 
131 12 2.0 1 11 0 0 16 8 1 0.0523401592381 0 4 
131 12 2.0 7 2 2 0 9 6 3 2.33724440067e-30 2 1 
131 12 2.0 8 3 0 0 16 9 3 1.0367010599e-22 3 0 
131 12 2.0 3 3 1 0 15 15 2 0.122352248216 1 3 
131 13 0.0 2 3 1 0 15 11 2 0.0263001150084 1 3 
131 13 0.0 5 4 0 0 24 13 2 0.000131423484543 1 4 
131 13 0.0 4 1 0 0 9 7 2 0.0307099810459 1 1 
131 13 0.0 11 1 0 0 8 1 3 7.95971671785e-78 1 0 
131 13 0.0 10 1 0 0 8 1 3 4.26413610412e-78 1 0 
131 13 0.0 9 1 0 0 8 1 3 4.06493032569e-78 1 0 
131 13 0.0 6 1 0 0 6 1 3 1.15178018028e-68 1 0 
131 13 0.0 12 2 2 0 10 5 3 6.09062825614e-66 3 0 
131 13 0.0 1 11 0 0 16 8 1 0.180185216379 0 4 
131 13 0.0 7 2 2 0 9 6 3 1.75549066445e-61 2 1 
131 13 0.0 8 3 0 0 16 9 3 3.56264877245e-54 3 0 
131 13 0.0 3 3 1 0 15 15 2 0.0305627449108 1 3 
131 13 2.0 2 3 1 0 15 11 2 0.0904969737729 1 3 
131 13 2.0 5 4 0 0 24 13 2 0.00384426944282 1 4 
131 13 2.0 4 1 0 0 9 7 2 0.105136184718 1 1 
131 13 2.0 11 1 0 0 8 1 3 3.18597488764e-55 1 0 
131 13 2.0 10 1 0 0 8 1 3 8.93733178817e-55 1 0 
131 13 2.0 9 1 0 0 8 1 3 1.70502349842e-55 1 0 
131 13 2.0 6 1 0 0 6 1 3 5.98195663169e-43 1 0 
131 13 2.0 12 2 2 0 10 5 3 3.81618179573e-39 3 0 
131 13 2.0 1 11 0 0 16 8 1 0.0436619206164 0 4 
131 13 2.0 7 2 2 0 9 6 3 1.35586957721e-33 2 1 
131 13 2.0 8 3 0 0 16 9 3 2.03891464337e-23 3 0 
131 13 2.0 3 3 1 0 15 15 2 0.104658878165 1 3 
131 14 0.0 2 3 1 0 15 11 2 0.0713760770766 1 3 
131 14 0.0 5 4 0 0 24 13 2 0.000139986631181 1 4 
131 14 0.0 4 1 0 0 9 7 2 0.0749510192546 1 1 
131 14 0.0 11 1 0 0 8 1 3 1.22609458482e-78 1 0 
131 14 0.0 10 1 0 0 8 1 3 7.14872264428e-78 1 0 
131 14 0.0 9 1 0 0 8 1 3 4.81768291919e-78 1 0 
131 14 0.0 6 1 0 0 6 1 3 1.20353456604e-63 1 0 
131 14 0.0 12 2 2 0 10 5 3 2.03463228449e-65 3 0 
131 14 0.0 1 11 0 0 16 8 1 0.128100818598 0 4 
131 14 0.0 7 2 2 0 9 6 3 5.00799152009e-61 2 1 
131 14 0.0 8 3 0 0 16 9 3 2.5058069843e-56 3 0 
131 14 0.0 3 3 1 0 15 15 2 0.0742672326721 1 3 
131 14 2.0 2 3 1 0 15 11 2 0.0303262590763 1 3 
131 14 2.0 5 4 0 0 24 13 2 2.72863447302e-05 1 4 
131 14 2.0 4 1 0 0 9 7 2 0.0314888964786 1 1 
131 14 2.0 11 1 0 0 8 1 3 4.40181214207e-55 1 0 
131 14 2.0 10 1 0 0 8 1 3 7.27754677295e-56 1 0 
131 14 2.0 9 1 0 0 8 1 3 3.43533280892e-55 1 0 
131 14 2.0 6 1 0 0 6 1 3 3.92337427037e-35 1 0 
131 14 2.0 12 2 2 0 10 5 3 6.67632666367e-37 3 0 
131 14 2.0 1 11 0 0 16 8 1 0.0354314335671 0 4 
131 14 2.0 7 2 2 0 9 6 3 5.43818910439e-31 2 1 
131 14 2.0 8 3 0 0 16 9 3 5.17952614914e-25 3 0 
131 14 2.0 3 3 1 0 15 15 2 0.0313299429065 1 3 
131 15 0.0 2 3 1 0 15 11 2 0.0515594578611 1 3 
131 15 0.0 5 4 0 0 24 13 2 0.00623309568699 1 4 
131 15 0.0 4 1 0 0 9 7 2 0.0618980418059 1 1 
131 15 0.0 11 1 0 0 8 1 3 1.9462247728e-78 1 0 
131 15 0.0 10 1 0 0 8 1 3 2.33264906647e-77 1 0 
131 15 0.0 9 1 0 0 8 1 3 1.35912927614e-77 1 0 
131 15 0.0 6 1 0 0 6 1 3 1.8867758401e-69 1 0 
131 15 0.0 12 2 2 0 10 5 3 1.07678264915e-65 3 0 
131 15 0.0 1 11 0 0 16 8 1 0.222487314882 0 4 
131 15 0.0 7 2 2 0 9 6 3 1.51854319837e-60 2 1 
131 15 0.0 8 3 0 0 16 9 3 7.4363459312e-54 3 0 
131 15 0.0 3 3 1 0 15 15 2 0.0617170198791 1 3 
131 15 2.0 2 3 1 0 15 11 2 0.0261502375643 1 3 
131 15 2.0 5 4 0 0 24 13 2 0.00376270730893 1 4 
131 15 2.0 4 1 0 0 9 7 2 0.0265970207238 1 1 
131 15 2.0 11 1 0 0 8 1 3 3.37819273037e-54 1 0 
131 15 2.0 10 1 0 0 8 1 3 1.05375447267e-54 1 0 
131 15 2.0 9 1 0 0 8 1 3 2.37219396693e-54 1 0 
131 15 2.0 6 1 0 0 6 1 3 2.3250362727e-29 1 0 
131 15 2.0 12 2 2 0 10 5 3 4.83262269781e-37 3 0 
131 15 2.0 1 11 0 0 16 8 1 0.0206548578744 0 4 
131 15 2.0 7 2 2 0 9 6 3 9.45037516711e-32 2 1 
131 15 2.0 8 3 0 0 16 9 3 3.82039706377e-28 3 0 
131 15 2.0 3 3 1 0 15 15 2 0.0260202689103 1 3 
131 16 0.0 2 3 1 0 15 11 2 0.019281160492 1 3 
131 16 0.0 5 4 0 0 24 13 2 0.00403114416232 1 4 
131 16 0.0 4 1 0 0 9 7 2 0.0200992349305 1 1 
131 16 0.0 11 1 0 0 8 1 3 2.54371742291e-77 1 0 
131 16 0.0 10 1 0 0 8 1 3 6.28243340138e-77 1 0 
131 16 0.0 9 1 0 0 8 1 3 5.97206508676e-77 1 0 
131 16 0.0 6 1 0 0 6 1 3 8.0722518116e-63 1 0 
131 16 0.0 12 2 2 0 10 5 3 2.01880889079e-65 3 0 
131 16 0.0 1 11 0 0 16 8 1 0.135268361195 0 4 
131 16 0.0 7 2 2 0 9 6 3 3.56886186657e-60 2 1 
131 16 0.0 8 3 0 0 16 9 3 2.93952551546e-57 3 0 
131 16 0.0 3 3 1 0 15 15 2 0.0198647561044 1 3 
131 16 2.0 2 3 1 0 15 11 2 0.0139489563054 1 3 
131 16 2.0 5 4 0 0 24 13 2 0.0039990565145 1 4 
131 16 2.0 4 1 0 0 9 7 2 0.0143698652842 1 1 
131 16 2.0 11 1 0 0 8 1 3 4.53982416615e-53 1 0 
131 16 2.0 10 1 0 0 8 1 3 4.69371842332e-53 1 0 
131 16 2.0 9 1 0 0 8 1 3 1.5049052961e-53 1 0 
131 16 2.0 6 1 0 0 6 1 3 6.58895339311e-33 1 0 
131 16 2.0 12 2 2 0 10 5 3 1.48304348201e-36 3 0 
131 16 2.0 1 11 0 0 16 8 1 0.0371904008803 0 4 
131 16 2.0 7 2 2 0 9 6 3 3.32675657562e-29 2 1 
131 16 2.0 8 3 0 0 16 9 3 1.56737564191e-26 3 0 
131 16 2.0 3 3 1 0 15 15 2 0.0142728692626 1 3 
131 17 0.0 2 3 1 0 15 11 2 0.0760038435818 1 3 
131 17 0.0 5 4 0 0 24 13 2 0.000213009429435 1 4 
131 17 0.0 4 1 0 0 9 7 2 0.0799021158558 1 1 
131 17 0.0 11 1 0 0 8 1 3 4.26977607453e-78 1 0 
131 17 0.0 10 1 0 0 8 1 3 6.32035033751e-78 1 0 
131 17 0.0 9 1 0 0 8 1 3 6.5889853158e-78 1 0 
131 17 0.0 6 1 0 0 6 1 3 7.44764044844e-64 1 0 
131 17 0.0 12 2 2 0 10 5 3 2.51834437406e-65 3 0 
131 17 0.0 1 11 0 0 16 8 1 0.203085692906 0 4 
131 17 0.0 7 2 2 0 9 6 3 2.86473523912e-60 2 1 
131 17 0.0 8 3 0 0 16 9 3 2.81751685199e-56 3 0 
131 17 0.0 3 3 1 0 15 15 2 0.0791472969556 1 3 
131 17 2.0 2 3 1 0 15 11 2 0.0445934740732 1 3 
131 17 2.0 5 4 0 0 24 13 2 9.61319314502e-08 1 4 
131 17 2.0 4 1 0 0 9 7 2 0.0522112813385 1 1 
131 17 2.0 11 1 0 0 8 1 3 3.8814795324e-55 1 0 
131 17 2.0 10 1 0 0 8 1 3 3.30289404511e-55 1 0 
131 17 2.0 9 1 0 0 8 1 3 4.20147949631e-55 1 0 
131 17 2.0 6 1 0 0 6 1 3 3.86742142889e-43 1 0 
131 17 2.0 12 2 2 0 10 5 3 9.39857265358e-39 3 0 
131 17 2.0 1 11 0 0 16 8 1 0.289874702957 0 4 
131 17 2.0 7 2 2 0 9 6 3 1.93338695939e-33 2 1 
131 17 2.0 8 3 0 0 16 9 3 7.30707650415e-23 3 0 
131 17 2.0 3 3 1 0 15 15 2 0.0520236638451 1 3 
131 18 0.0 2 3 1 0 15 11 2 0.0382110989811 1 3 
131 18 0.0 5 4 0 0 24 13 2 0.000265245446042 1 4 
131 18 0.0 4 1 0 0 9 7 2 0.0438499738971 1 1 
131 18 0.0 11 1 0 0 8 1 3 5.41989663647e-78 1 0 
131 18 0.0 10 1 0 0 8 1 3 3.49425861335e-78 1 0 
131 18 0.0 9 1 0 0 8 1 3 6.91455695738e-78 1 0 
131 18 0.0 6 1 0 0 6 1 3 4.46384572607e-68 1 0 
131 18 0.0 12 2 2 0 10 5 3 3.0544730309e-65 3 0 
131 18 0.0 1 11 0 0 16 8 1 0.0920728210057 0 4 
131 18 0.0 7 2 2 0 9 6 3 7.31862281576e-60 2 1 
131 18 0.0 8 3 0 0 16 9 3 1.15558248655e-54 3 0 
131 18 0.0 3 3 1 0 15 15 2 0.0437027700087 1 3 
131 18 2.0 2 3 1 0 15 11 2 0.0186967563887 1 3 
131 18 2.0 5 4 0 0 24 13 2 3.21399537674e-06 1 4 
131 18 2.0 4 1 0 0 9 7 2 0.020675407184 1 1 
131 18 2.0 11 1 0 0 8 1 3 2.47219814293e-55 1 0 
131 18 2.0 10 1 0 0 8 1 3 3.18538520563e-55 1 0 
131 18 2.0 9 1 0 0 8 1 3 4.5495096328e-55 1 0 
131 18 2.0 6 1 0 0 6 1 3 1.44691810326e-40 1 0 
131 18 2.0 12 2 2 0 10 5 3 9.31175127264e-40 3 0 
131 18 2.0 1 11 0 0 16 8 1 0.0640017164852 0 4 
131 18 2.0 7 2 2 0 9 6 3 1.2736502655e-34 2 1 
131 18 2.0 8 3 0 0 16 9 3 1.32717888298e-23 3 0 
131 18 2.0 3 3 1 0 15 15 2 0.0205071159676 1 3 
131 19 0.0 2 3 1 0 15 11 2 0.0218970474055 1 3 
131 19 0.0 5 4 0 0 24 13 2 0.0117232811193 1 4 
131 19 0.0 4 1 0 0 9 7 2 0.0221645013964 1 1 
131 19 0.0 11 1 0 0 8 1 3 2.06354866716e-74 1 0 
131 19 0.0 10 1 0 0 8 1 3 6.25242629483e-75 1 0 
131 19 0.0 9 1 0 0 8 1 3 2.50818972958e-74 1 0 
131 19 0.0 6 1 0 0 6 1 3 1.58884576056e-57 1 0 
131 19 0.0 12 2 2 0 10 5 3 1.29785035587e-65 3 0 
131 19 0.0 1 11 0 0 16 8 1 0.310208227372 0 4 
131 19 0.0 7 2 2 0 9 6 3 5.13533581583e-61 2 1 
131 19 0.0 8 3 0 0 16 9 3 2.84426278834e-59 3 0 
131 19 0.0 3 3 1 0 15 15 2 0.0209633810322 1 3 
131 19 2.0 2 3 1 0 15 11 2 0.0462339341079 1 3 
131 19 2.0 5 4 0 0 24 13 2 4.39284649593e-08 1 4 
131 19 2.0 4 1 0 0 9 7 2 0.0506035241248 1 1 
131 19 2.0 11 1 0 0 8 1 3 2.99724622152e-55 1 0 
131 19 2.0 10 1 0 0 8 1 3 4.34503456273e-55 1 0 
131 19 2.0 9 1 0 0 8 1 3 5.50487791807e-55 1 0 
131 19 2.0 6 1 0 0 6 1 3 1.91284127907e-39 1 0 
131 19 2.0 12 2 2 0 10 5 3 3.24263376322e-38 3 0 
131 19 2.0 1 11 0 0 16 8 1 0.0230028803268 0 4 
131 19 2.0 7 2 2 0 9 6 3 2.24701462563e-32 2 1 
131 19 2.0 8 3 0 0 16 9 3 7.51210621014e-24 3 0 
131 19 2.0 3 3 1 0 15 15 2 0.0503731418308 1 3 
131 20 0.0 2 3 1 0 15 11 2 0.0283102411277 1 3 
131 20 0.0 5 4 0 0 24 13 2 1.92715387265e-05 1 4 
131 20 0.0 4 1 0 0 9 7 2 0.0286046493376 1 1 
131 20 0.0 11 1 0 0 8 1 3 6.58590087831e-78 1 0 
131 20 0.0 10 1 0 0 8 1 3 5.93632807198e-78 1 0 
131 20 0.0 9 1 0 0 8 1 3 4.50516598723e-78 1 0 
131 20 0.0 6 1 0 0 6 1 3 1.30483827693e-56 1 0 
131 20 0.0 12 2 2 0 10 5 3 4.78437812992e-64 3 0 
131 20 0.0 1 11 0 0 16 8 1 0.301377287857 0 4 
131 20 0.0 7 2 2 0 9 6 3 3.15157356664e-58 2 1 
131 20 0.0 8 3 0 0 16 9 3 4.38472546324e-59 3 0 
131 20 0.0 3 3 1 0 15 15 2 0.028065729315 1 3 
131 20 2.0 2 3 1 0 15 11 2 0.019850883955 1 3 
131 20 2.0 5 4 0 0 24 13 2 0.0198754248172 1 4 
131 20 2.0 4 1 0 0 9 7 2 0.0466088610486 1 1 
131 20 2.0 11 1 0 0 8 1 3 2.98352789911e-52 1 0 
131 20 2.0 10 1 0 0 8 1 3 2.31788646161e-51 1 0 
131 20 2.0 9 1 0 0 8 1 3 2.88921111698e-52 1 0 
131 20 2.0 6 1 0 0 6 1 3 2.20231226173e-51 1 0 
131 20 2.0 12 2 2 0 10 5 3 8.54907085105e-40 3 0 
131 20 2.0 1 11 0 0 16 8 1 0.02954894902 0 4 
131 20 2.0 7 2 2 0 9 6 3 1.75422767485e-35 2 1 
131 20 2.0 8 3 0 0 16 9 3 1.0695943687e-20 3 0 
131 20 2.0 3 3 1 0 15 15 2 0.046519450013 1 3 
131 21 0.0 2 3 1 0 15 11 2 0.0192378805541 1 3 
131 21 0.0 5 4 0 0 24 13 2 0.0296055054467 1 4 
131 21 0.0 4 1 0 0 9 7 2 0.0546860633177 1 1 
131 21 0.0 11 1 0 0 8 1 3 4.35444325295e-75 1 0 
131 21 0.0 10 1 0 0 8 1 3 2.93813066295e-74 1 0 
131 21 0.0 9 1 0 0 8 1 3 1.14427320285e-74 1 0 
131 21 0.0 6 1 0 0 6 1 3 1.23999341653e-75 1 0 
131 21 0.0 12 2 2 0 10 5 3 4.19209504197e-68 3 0 
131 21 0.0 1 11 0 0 16 8 1 0.256421755926 0 4 
131 21 0.0 7 2 2 0 9 6 3 1.50273897123e-64 2 1 
131 21 0.0 8 3 0 0 16 9 3 2.18102162421e-53 3 0 
131 21 0.0 3 3 1 0 15 15 2 0.0544494028106 1 3 
131 21 2.0 2 3 1 0 15 11 2 0.0470410800243 1 3 
131 21 2.0 5 4 0 0 24 13 2 2.87815421793e-09 1 4 
131 21 2.0 4 1 0 0 9 7 2 0.0479370829319 1 1 
131 21 2.0 11 1 0 0 8 1 3 4.08902504053e-55 1 0 
131 21 2.0 10 1 0 0 8 1 3 5.29617622153e-55 1 0 
131 21 2.0 9 1 0 0 8 1 3 4.88590144279e-55 1 0 
131 21 2.0 6 1 0 0 6 1 3 2.58851024282e-30 1 0 
131 21 2.0 12 2 2 0 10 5 3 1.01373414659e-37 3 0 
131 21 2.0 1 11 0 0 16 8 1 0.354689777823 0 4 
131 21 2.0 7 2 2 0 9 6 3 2.71518639109e-32 2 1 
131 21 2.0 8 3 0 0 16 9 3 1.00313189594e-27 3 0 
131 21 2.0 3 3 1 0 15 15 2 0.0468971321788 1 3 
131 22 0.0 2 3 1 0 15 11 2 0.0813564044841 1 3 
131 22 0.0 5 4 0 0 24 13 2 9.68885940505e-05 1 4 
131 22 0.0 4 1 0 0 9 7 2 0.08296981417 1 1 
131 22 0.0 11 1 0 0 8 1 3 7.29162911677e-78 1 0 
131 22 0.0 10 1 0 0 8 1 3 8.53505459761e-78 1 0 
131 22 0.0 9 1 0 0 8 1 3 5.3930632303e-79 1 0 
131 22 0.0 6 1 0 0 6 1 3 1.10981989323e-59 1 0 
131 22 0.0 12 2 2 0 10 5 3 8.56849757728e-65 3 0 
131 22 0.0 1 11 0 0 16 8 1 0.169157244367 0 4 
131 22 0.0 7 2 2 0 9 6 3 2.49332839059e-59 2 1 
131 22 0.0 8 3 0 0 16 9 3 8.78384316976e-58 3 0 
131 22 0.0 3 3 1 0 15 15 2 0.0816083891346 1 3 
131 22 2.0 2 3 1 0 15 11 2 0.0583566109795 1 3 
131 22 2.0 5 4 0 0 24 13 2 8.2028889116e-08 1 4 
131 22 2.0 4 1 0 0 9 7 2 0.0690894726266 1 1 
131 22 2.0 11 1 0 0 8 1 3 2.34784051038e-55 1 0 
131 22 2.0 10 1 0 0 8 1 3 3.86276438104e-55 1 0 
131 22 2.0 9 1 0 0 8 1 3 6.20475372062e-55 1 0 
131 22 2.0 6 1 0 0 6 1 3 2.94463642973e-43 1 0 
131 22 2.0 12 2 2 0 10 5 3 5.97010030276e-38 3 0 
131 22 2.0 1 11 0 0 16 8 1 0.0226223245666 0 4 
131 22 2.0 7 2 2 0 9 6 3 4.12136997963e-30 2 1 
131 22 2.0 8 3 0 0 16 9 3 2.56707215534e-24 3 0 
131 22 2.0 3 3 1 0 15 15 2 0.0689420823391 1 3 
131 23 0.0 2 3 1 0 15 11 2 0.066871689036 1 3 
131 23 0.0 5 4 0 0 24 13 2 1.29716952616e-06 1 4 
131 23 0.0 4 1 0 0 9 7 2 0.0771486141469 1 1 
131 23 0.0 11 1 0 0 8 1 3 9.93192350223e-78 1 0 
131 23 0.0 10 1 0 0 8 1 3 6.52836438904e-78 1 0 
131 23 0.0 9 1 0 0 8 1 3 8.18568683637e-78 1 0 
131 23 0.0 6 1 0 0 6 1 3 1.50871925685e-68 1 0 
131 23 0.0 12 2 2 0 10 5 3 9.12990813542e-66 3 0 
131 23 0.0 1 11 0 0 16 8 1 0.178544913814 0 4 
131 23 0.0 7 2 2 0 9 6 3 3.72015221731e-61 2 1 
131 23 0.0 8 3 0 0 16 9 3 2.69541545045e-55 3 0 
131 23 0.0 3 3 1 0 15 15 2 0.0767977622437 1 3 
131 23 2.0 2 3 1 0 15 11 2 0.0258170697708 1 3 
131 23 2.0 5 4 0 0 24 13 2 9.76019010092e-05 1 4 
131 23 2.0 4 1 0 0 9 7 2 0.0271770509355 1 1 
131 23 2.0 11 1 0 0 8 1 3 3.68832010471e-55 1 0 
131 23 2.0 10 1 0 0 8 1 3 4.59859602243e-55 1 0 
131 23 2.0 9 1 0 0 8 1 3 1.27180265822e-55 1 0 
131 23 2.0 6 1 0 0 6 1 3 4.34615893557e-37 1 0 
131 23 2.0 12 2 2 0 10 5 3 1.05409811129e-37 3 0 
131 23 2.0 1 11 0 0 16 8 1 0.166119731958 0 4 
131 23 2.0 7 2 2 0 9 6 3 1.67252732541e-31 2 1 
131 23 2.0 8 3 0 0 16 9 3 1.68750327757e-24 3 0 
131 23 2.0 3 3 1 0 15 15 2 0.0270529160494 1 3 
131 24 0.0 2 3 1 0 15 11 2 0.072232233683 1 3 
131 24 0.0 5 4 0 0 24 13 2 0.0452609631863 1 4 
131 24 0.0 4 1 0 0 9 7 2 0.0735597819875 1 1 
131 24 0.0 11 1 0 0 8 1 3 2.88620505222e-73 1 0 
131 24 0.0 10 1 0 0 8 1 3 1.11358513388e-73 1 0 
131 24 0.0 9 1 0 0 8 1 3 8.43801708366e-74 1 0 
131 24 0.0 6 1 0 0 6 1 3 4.2039091158e-59 1 0 
131 24 0.0 12 2 2 0 10 5 3 7.48769509957e-66 3 0 
131 24 0.0 1 11 0 0 16 8 1 0.241420426925 0 4 
131 24 0.0 7 2 2 0 9 6 3 8.19837419347e-61 2 1 
131 24 0.0 8 3 0 0 16 9 3 3.8453615221e-58 3 0 
131 24 0.0 3 3 1 0 15 15 2 0.0709555191117 1 3 
131 24 2.0 2 3 1 0 15 11 2 0.108502900417 1 3 
131 24 2.0 5 4 0 0 24 13 2 0.000331414972204 1 4 
131 24 2.0 4 1 0 0 9 7 2 0.110381479629 1 1 
131 24 2.0 11 1 0 0 8 1 3 1.61745282416e-55 1 0 
131 24 2.0 10 1 0 0 8 1 3 5.8398012612e-55 1 0 
131 24 2.0 9 1 0 0 8 1 3 8.06030142707e-56 1 0 
131 24 2.0 6 1 0 0 6 1 3 7.23965529944e-30 1 0 
131 24 2.0 12 2 2 0 10 5 3 5.65765231558e-37 3 0 
131 24 2.0 1 11 0 0 16 8 1 0.286718066205 0 4 
131 24 2.0 7 2 2 0 9 6 3 9.38923796432e-31 2 1 
131 24 2.0 8 3 0 0 16 9 3 5.89888080326e-28 3 0 
131 24 2.0 3 3 1 0 15 15 2 0.108672208424 1 3 
131 25 0.0 2 3 1 0 15 11 2 0.0433051125424 1 3 
131 25 0.0 5 4 0 0 24 13 2 0.00844750782376 1 4 
131 25 0.0 4 1 0 0 9 7 2 0.0485906149706 1 1 
131 25 0.0 11 1 0 0 8 1 3 2.5705914984e-77 1 0 
131 25 0.0 10 1 0 0 8 1 3 2.1063259756e-77 1 0 
131 25 0.0 9 1 0 0 8 1 3 4.15538334759e-77 1 0 
131 25 0.0 6 1 0 0 6 1 3 1.78282751281e-67 1 0 
131 25 0.0 12 2 2 0 10 5 3 1.31425812115e-65 3 0 
131 25 0.0 1 11 0 0 16 8 1 0.271536087883 0 4 
131 25 0.0 7 2 2 0 9 6 3 1.36079827833e-61 2 1 
131 25 0.0 8 3 0 0 16 9 3 1.40525870191e-54 3 0 
131 25 0.0 3 3 1 0 15 15 2 0.0483349760226 1 3 
131 25 2.0 2 3 1 0 15 11 2 0.08376930108 1 3 
131 25 2.0 5 4 0 0 24 13 2 0.00119544519437 1 4 
131 25 2.0 4 1 0 0 9 7 2 0.120606222128 1 1 
131 25 2.0 11 1 0 0 8 1 3 5.7690033523e-55 1 0 
131 25 2.0 10 1 0 0 8 1 3 1.98209923557e-55 1 0 
131 25 2.0 9 1 0 0 8 1 3 1.28035558407e-55 1 0 
131 25 2.0 6 1 0 0 6 1 3 1.5653282409e-47 1 0 
131 25 2.0 12 2 2 0 10 5 3 3.25363419918e-37 3 0 
131 25 2.0 1 11 0 0 16 8 1 0.0551933197334 0 4 
131 25 2.0 7 2 2 0 9 6 3 6.49198182169e-32 2 1 
131 25 2.0 8 3 0 0 16 9 3 3.8923801346e-22 3 0 
131 25 2.0 3 3 1 0 15 15 2 0.120482636788 1 3 
131 26 0.0 2 3 1 0 15 11 2 0.0226936331513 1 3 
131 26 0.0 5 4 0 0 24 13 2 0.000315410379666 1 4 
131 26 0.0 4 1 0 0 9 7 2 0.0230043146437 1 1 
131 26 0.0 11 1 0 0 8 1 3 2.85479383867e-78 1 0 
131 26 0.0 10 1 0 0 8 1 3 9.99147316594e-78 1 0 
131 26 0.0 9 1 0 0 8 1 3 5.74490951533e-78 1 0 
131 26 0.0 6 1 0 0 6 1 3 1.04904001452e-57 1 0 
131 26 0.0 12 2 2 0 10 5 3 5.05893048048e-64 3 0 
131 26 0.0 1 11 0 0 16 8 1 0.136233115548 0 4 
131 26 0.0 7 2 2 0 9 6 3 2.16985930964e-58 2 1 
131 26 0.0 8 3 0 0 16 9 3 4.57402081143e-58 3 0 
131 26 0.0 3 3 1 0 15 15 2 0.0226647597181 1 3 
131 26 2.0 2 3 1 0 15 11 2 0.0454150548714 1 3 
131 26 2.0 5 4 0 0 24 13 2 5.20251824615e-06 1 4 
131 26 2.0 4 1 0 0 9 7 2 0.0463858314679 1 1 
131 26 2.0 11 1 0 0 8 1 3 2.49349298633e-55 1 0 
131 26 2.0 10 1 0 0 8 1 3 2.91731652915e-55 1 0 
131 26 2.0 9 1 0 0 8 1 3 4.01016000698e-55 1 0 
131 26 2.0 6 1 0 0 6 1 3 1.95529548382e-31 1 0 
131 26 2.0 12 2 2 0 10 5 3 1.47754744046e-37 3 0 
131 26 2.0 1 11 0 0 16 8 1 0.0211414280639 0 4 
131 26 2.0 7 2 2 0 9 6 3 3.1767881618e-31 2 1 
131 26 2.0 8 3 0 0 16 9 3 8.75903772018e-27 3 0 
131 26 2.0 3 3 1 0 15 15 2 0.0456898418779 1 3 
131 27 0.0 2 3 1 0 15 11 2 0.0567033580199 1 3 
131 27 0.0 5 4 0 0 24 13 2 0.00129806101477 1 4 
131 27 0.0 4 1 0 0 9 7 2 0.0765376902877 1 1 
131 27 0.0 11 1 0 0 8 1 3 1.19190149743e-77 1 0 
131 27 0.0 10 1 0 0 8 1 3 2.42357271301e-78 1 0 
131 27 0.0 9 1 0 0 8 1 3 6.67776224164e-78 1 0 
131 27 0.0 6 1 0 0 6 1 3 1.31356607687e-71 1 0 
131 27 0.0 12 2 2 0 10 5 3 4.55383260013e-66 3 0 
131 27 0.0 1 11 0 0 16 8 1 0.17540677688 0 4 
131 27 0.0 7 2 2 0 9 6 3 5.10776590715e-62 2 1 
131 27 0.0 8 3 0 0 16 9 3 1.89528624429e-54 3 0 
131 27 0.0 3 3 1 0 15 15 2 0.0763311365691 1 3 
131 27 2.0 2 3 1 0 15 11 2 0.012660736217 1 3 
131 27 2.0 5 4 0 0 24 13 2 3.29862482495e-06 1 4 
131 27 2.0 4 1 0 0 9 7 2 0.0135170128225 1 1 
131 27 2.0 11 1 0 0 8 1 3 1.92522121002e-55 1 0 
131 27 2.0 10 1 0 0 8 1 3 6.22371242784e-55 1 0 
131 27 2.0 9 1 0 0 8 1 3 1.38599894523e-55 1 0 
131 27 2.0 6 1 0 0 6 1 3 1.95163362044e-37 1 0 
131 27 2.0 12 2 2 0 10 5 3 2.79780654528e-38 3 0 
131 27 2.0 1 11 0 0 16 8 1 0.141414730656 0 4 
131 27 2.0 7 2 2 0 9 6 3 1.29994566313e-32 2 1 
131 27 2.0 8 3 0 0 16 9 3 1.37030943426e-25 3 0 
131 27 2.0 3 3 1 0 15 15 2 0.0134135050813 1 3 
131 28 0.0 2 3 1 0 15 11 2 0.0696626914021 1 3 
131 28 0.0 5 4 0 0 24 13 2 1.1673513148e-05 1 4 
131 28 0.0 4 1 0 0 9 7 2 0.0737471195216 1 1 
131 28 0.0 11 1 0 0 8 1 3 7.74391608269e-78 1 0 
131 28 0.0 10 1 0 0 8 1 3 5.57866685252e-78 1 0 
131 28 0.0 9 1 0 0 8 1 3 3.9577091625e-78 1 0 
131 28 0.0 6 1 0 0 6 1 3 1.55056371535e-64 1 0 
131 28 0.0 12 2 2 0 10 5 3 5.48969981156e-65 3 0 
131 28 0.0 1 11 0 0 16 8 1 0.261302281884 0 4 
131 28 0.0 7 2 2 0 9 6 3 2.63361450297e-60 2 1 
131 28 0.0 8 3 0 0 16 9 3 2.49284122927e-56 3 0 
131 28 0.0 3 3 1 0 15 15 2 0.0732369155674 1 3 
131 28 2.0 2 3 1 0 15 11 2 0.0168833353419 1 3 
131 28 2.0 5 4 0 0 24 13 2 9.89074986718e-05 1 4 
131 28 2.0 4 1 0 0 9 7 2 0.0174583129873 1 1 
131 28 2.0 11 1 0 0 8 1 3 1.73317632449e-55 1 0 
131 28 2.0 10 1 0 0 8 1 3 3.44682277773e-55 1 0 
131 28 2.0 9 1 0 0 8 1 3 3.10361989831e-55 1 0 
131 28 2.0 6 1 0 0 6 1 3 2.86011757892e-34 1 0 
131 28 2.0 12 2 2 0 10 5 3 3.55302435694e-38 3 0 
131 28 2.0 1 11 0 0 16 8 1 0.179407158917 0 4 
131 28 2.0 7 2 2 0 9 6 3 1.22469861616e-32 2 1 
131 28 2.0 8 3 0 0 16 9 3 5.71619290349e-26 3 0 
131 28 2.0 3 3 1 0 15 15 2 0.0172488246128 1 3 
131 29 0.0 2 3 1 0 15 11 2 0.0259045039559 1 3 
131 29 0.0 5 4 0 0 24 13 2 0.000313039696914 1 4 
131 29 0.0 4 1 0 0 9 7 2 0.0277968878804 1 1 
131 29 0.0 11 1 0 0 8 1 3 6.54450610933e-78 1 0 
131 29 0.0 10 1 0 0 8 1 3 4.95891241641e-78 1 0 
131 29 0.0 9 1 0 0 8 1 3 6.20557506884e-78 1 0 
131 29 0.0 6 1 0 0 6 1 3 4.88375774218e-65 1 0 
131 29 0.0 12 2 2 0 10 5 3 3.27011036416e-64 3 0 
131 29 0.0 1 11 0 0 16 8 1 0.245599338442 0 4 
131 29 0.0 7 2 2 0 9 6 3 1.97471762372e-58 2 1 
131 29 0.0 8 3 0 0 16 9 3 1.1965568101e-55 3 0 
131 29 0.0 3 3 1 0 15 15 2 0.027708828456 1 3 
131 29 2.0 2 3 1 0 15 11 2 0.0386695621321 1 3 
131 29 2.0 5 4 0 0 24 13 2 1.37394910985e-08 1 4 
131 29 2.0 4 1 0 0 9 7 2 0.0669555787838 1 1 
131 29 2.0 11 1 0 0 8 1 3 4.44923971916e-55 1 0 
131 29 2.0 10 1 0 0 8 1 3 4.72295519842e-55 1 0 
131 29 2.0 9 1 0 0 8 1 3 5.14319042348e-55 1 0 
131 29 2.0 6 1 0 0 6 1 3 1.35310139312e-49 1 0 
131 29 2.0 12 2 2 0 10 5 3 1.66992924249e-40 3 0 
131 29 2.0 1 11 0 0 16 8 1 0.230498134479 0 4 
131 29 2.0 7 2 2 0 9 6 3 3.65052859248e-36 2 1 
131 29 2.0 8 3 0 0 16 9 3 1.50231314962e-20 3 0 
131 29 2.0 3 3 1 0 15 15 2 0.0667712052556 1 3 
131 30 0.0 2 3 1 0 15 11 2 0.0680029856659 1 3 
131 30 0.0 5 4 0 0 24 13 2 0.000131852238486 1 4 
131 30 0.0 4 1 0 0 9 7 2 0.074834527105 1 1 
131 30 0.0 11 1 0 0 8 1 3 9.07914590807e-78 1 0 
131 30 0.0 10 1 0 0 8 1 3 1.25531527864e-78 1 0 
131 30 0.0 9 1 0 0 8 1 3 7.10498519457e-78 1 0 
131 30 0.0 6 1 0 0 6 1 3 1.11220065651e-66 1 0 
131 30 0.0 12 2 2 0 10 5 3 1.63795524414e-65 3 0 
131 30 0.0 1 11 0 0 16 8 1 0.1360767133 0 4 
131 30 0.0 7 2 2 0 9 6 3 5.08740290874e-61 2 1 
131 30 0.0 8 3 0 0 16 9 3 3.26519383452e-55 3 0 
131 30 0.0 3 3 1 0 15 15 2 0.0744042785679 1 3 
131 30 2.0 2 3 1 0 15 11 2 0.0436790916677 1 3 
131 30 2.0 5 4 0 0 24 13 2 1.71172697758e-08 1 4 
131 30 2.0 4 1 0 0 9 7 2 0.0444113709403 1 1 
131 30 2.0 11 1 0 0 8 1 3 5.31554145631e-55 1 0 
131 30 2.0 10 1 0 0 8 1 3 4.96948740867e-55 1 0 
131 30 2.0 9 1 0 0 8 1 3 2.9568721775e-55 1 0 
131 30 2.0 6 1 0 0 6 1 3 4.51597132944e-30 1 0 
131 30 2.0 12 2 2 0 10 5 3 4.30216999964e-38 3 0 
131 30 2.0 1 11 0 0 16 8 1 0.343824805616 0 4 
131 30 2.0 7 2 2 0 9 6 3 2.98269646194e-33 2 1 
131 30 2.0 8 3 0 0 16 9 3 3.42832910037e-28 3 0 
131 30 2.0 3 3 1 0 15 15 2 0.0430511123836 1 3 
131 31 0.0 2 3 1 0 15 11 2 0.0584273522583 1 3 
131 31 0.0 5 4 0 0 24 13 2 0.00128740404325 1 4 
131 31 0.0 4 1 0 0 9 7 2 0.0598022666587 1 1 
131 31 0.0 11 1 0 0 8 1 3 7.57875795877e-78 1 0 
131 31 0.0 10 1 0 0 8 1 3 3.40883710502e-78 1 0 
131 31 0.0 9 1 0 0 8 1 3 5.69474074422e-78 1 0 
131 31 0.0 6 1 0 0 6 1 3 1.92835799422e-60 1 0 
131 31 0.0 12 2 2 0 10 5 3 3.34988491785e-64 3 0 
131 31 0.0 1 11 0 0 16 8 1 0.0865793834154 0 4 
131 31 0.0 7 2 2 0 9 6 3 1.22788041941e-59 2 1 
131 31 0.0 8 3 0 0 16 9 3 1.8044596179e-57 3 0 
131 31 0.0 3 3 1 0 15 15 2 0.0590814345758 1 3 
131 31 2.0 2 3 1 0 15 11 2 0.0361910862522 1 3 
131 31 2.0 5 4 0 0 24 13 2 0.000147165743835 1 4 
131 31 2.0 4 1 0 0 9 7 2 0.0370597532803 1 1 
131 31 2.0 11 1 0 0 8 1 3 2.30689653046e-55 1 0 
131 31 2.0 10 1 0 0 8 1 3 1.42384791288e-55 1 0 
131 31 2.0 9 1 0 0 8 1 3 4.79970954191e-55 1 0 
131 31 2.0 6 1 0 0 6 1 3 3.00483879845e-32 1 0 
131 31 2.0 12 2 2 0 10 5 3 3.94211385511e-39 3 0 
131 31 2.0 1 11 0 0 16 8 1 0.317313347015 0 4 
131 31 2.0 7 2 2 0 9 6 3 1.4508064664e-34 2 1 
131 31 2.0 8 3 0 0 16 9 3 2.14699896963e-27 3 0 
131 31 2.0 3 3 1 0 15 15 2 0.0358921290247 1 3 
131 32 0.0 2 3 1 0 15 11 2 0.0260306394088 1 3 
131 32 0.0 5 4 0 0 24 13 2 9.76927980843e-07 1 4 
131 32 0.0 4 1 0 0 9 7 2 0.026225992694 1 1 
131 32 0.0 11 1 0 0 8 1 3 8.57651701211e-78 1 0 
131 32 0.0 10 1 0 0 8 1 3 5.85752200617e-78 1 0 
131 32 0.0 9 1 0 0 8 1 3 4.78282935832e-78 1 0 
131 32 0.0 6 1 0 0 6 1 3 1.57978112436e-55 1 0 
131 32 0.0 12 2 2 0 10 5 3 5.472745646e-64 3 0 
131 32 0.0 1 11 0 0 16 8 1 0.274379058312 0 4 
131 32 0.0 7 2 2 0 9 6 3 5.99977473061e-59 2 1 
131 32 0.0 8 3 0 0 16 9 3 9.46515865912e-60 3 0 
131 32 0.0 3 3 1 0 15 15 2 0.0253677148642 1 3 
131 32 2.0 2 3 1 0 15 11 2 0.13834213119 1 3 
131 32 2.0 5 4 0 0 24 13 2 0.00219994016413 1 4 
131 32 2.0 4 1 0 0 9 7 2 0.142797248672 1 1 
131 32 2.0 11 1 0 0 8 1 3 3.88062348065e-55 1 0 
131 32 2.0 10 1 0 0 8 1 3 1.85491105817e-55 1 0 
131 32 2.0 9 1 0 0 8 1 3 3.79554704034e-55 1 0 
131 32 2.0 6 1 0 0 6 1 3 2.62712741543e-34 1 0 
131 32 2.0 12 2 2 0 10 5 3 5.64907230128e-38 3 0 
131 32 2.0 1 11 0 0 16 8 1 0.119492802339 0 4 
131 32 2.0 7 2 2 0 9 6 3 1.95741584081e-32 2 1 
131 32 2.0 8 3 0 0 16 9 3 1.28603754796e-26 3 0 
131 32 2.0 3 3 1 0 15 15 2 0.141037049327 1 3 
131 33 0.0 2 3 1 0 15 11 2 0.0504289568929 1 3 
131 33 0.0 5 4 0 0 24 13 2 0.0515478670516 1 4 
131 33 0.0 4 1 0 0 9 7 2 0.0740429014537 1 1 
131 33 0.0 11 1 0 0 8 1 3 1.86153566234e-72 1 0 
131 33 0.0 10 1 0 0 8 1 3 9.03845763158e-73 1 0 
131 33 0.0 9 1 0 0 8 1 3 1.55628848231e-72 1 0 
131 33 0.0 6 1 0 0 6 1 3 2.53655468691e-72 1 0 
131 33 0.0 12 2 2 0 10 5 3 2.5732099732e-66 3 0 
131 33 0.0 1 11 0 0 16 8 1 0.153415243242 0 4 
131 33 0.0 7 2 2 0 9 6 3 3.86697423673e-62 2 1 
131 33 0.0 8 3 0 0 16 9 3 8.88594633929e-54 3 0 
131 33 0.0 3 3 1 0 15 15 2 0.0738186051082 1 3 
131 33 2.0 2 3 1 0 15 11 2 0.0120480225472 1 3 
131 33 2.0 5 4 0 0 24 13 2 0.00663143318999 1 4 
131 33 2.0 4 1 0 0 9 7 2 0.0174255747331 1 1 
131 33 2.0 11 1 0 0 8 1 3 1.44708507252e-52 1 0 
131 33 2.0 10 1 0 0 8 1 3 1.49531772094e-52 1 0 
131 33 2.0 9 1 0 0 8 1 3 8.01834319485e-52 1 0 
131 33 2.0 6 1 0 0 6 1 3 1.45295476318e-47 1 0 
131 33 2.0 12 2 2 0 10 5 3 3.93467588993e-38 3 0 
131 33 2.0 1 11 0 0 16 8 1 0.0495709190187 0 4 
131 33 2.0 7 2 2 0 9 6 3 4.13743321501e-32 2 1 
131 33 2.0 8 3 0 0 16 9 3 3.95569839877e-22 3 0 
131 33 2.0 3 3 1 0 15 15 2 0.0173990373192 1 3 
131 34 0.0 2 3 1 0 15 11 2 0.02232795823 1 3 
131 34 0.0 5 4 0 0 24 13 2 0.00112339975501 1 4 
131 34 0.0 4 1 0 0 9 7 2 0.0276327010233 1 1 
131 34 0.0 11 1 0 0 8 1 3 5.23729040427e-78 1 0 
131 34 0.0 10 1 0 0 8 1 3 5.29915084008e-78 1 0 
131 34 0.0 9 1 0 0 8 1 3 1.64188572595e-77 1 0 
131 34 0.0 6 1 0 0 6 1 3 5.15037037469e-70 1 0 
131 34 0.0 12 2 2 0 10 5 3 6.55266453677e-64 3 0 
131 34 0.0 1 11 0 0 16 8 1 0.148220913722 0 4 
131 34 0.0 7 2 2 0 9 6 3 1.02756513746e-58 2 1 
131 34 0.0 8 3 0 0 16 9 3 2.80969614975e-54 3 0 
131 34 0.0 3 3 1 0 15 15 2 0.0276094894584 1 3 
131 34 2.0 2 3 1 0 15 11 2 0.0137183777373 1 3 
131 34 2.0 5 4 0 0 24 13 2 0.00349518148084 1 4 
131 34 2.0 4 1 0 0 9 7 2 0.01560650121 1 1 
131 34 2.0 11 1 0 0 8 1 3 8.69426913621e-54 1 0 
131 34 2.0 10 1 0 0 8 1 3 1.97611300332e-53 1 0 
131 34 2.0 9 1 0 0 8 1 3 2.99158177903e-54 1 0 
131 34 2.0 6 1 0 0 6 1 3 9.13984888065e-42 1 0 
131 34 2.0 12 2 2 0 10 5 3 6.14518061801e-39 3 0 
131 34 2.0 1 11 0 0 16 8 1 0.165387166622 0 4 
131 34 2.0 7 2 2 0 9 6 3 4.80560735909e-34 2 1 
131 34 2.0 8 3 0 0 16 9 3 1.37885165893e-23 3 0 
131 34 2.0 3 3 1 0 15 15 2 0.0155308005203 1 3 
131 35 0.0 2 3 1 0 15 11 2 0.0300240016309 1 3 
131 35 0.0 5 4 0 0 24 13 2 8.13011251108e-05 1 4 
131 35 0.0 4 1 0 0 9 7 2 0.0301689107955 1 1 
131 35 0.0 11 1 0 0 8 1 3 4.87813608448e-78 1 0 
131 35 0.0 10 1 0 0 8 1 3 2.62161488676e-78 1 0 
131 35 0.0 9 1 0 0 8 1 3 6.21741340437e-78 1 0 
131 35 0.0 6 1 0 0 6 1 3 1.57778333592e-54 1 0 
131 35 0.0 12 2 2 0 10 5 3 1.85523228734e-62 3 0 
131 35 0.0 1 11 0 0 16 8 1 0.295801530028 0 4 
131 35 0.0 7 2 2 0 9 6 3 2.0847846912e-56 2 1 
131 35 0.0 8 3 0 0 16 9 3 1.5057872396e-59 3 0 
131 35 0.0 3 3 1 0 15 15 2 0.0298235728045 1 3 
131 35 2.0 2 3 1 0 15 11 2 0.0376245088361 1 3 
131 35 2.0 5 4 0 0 24 13 2 0.000729719324179 1 4 
131 35 2.0 4 1 0 0 9 7 2 0.0854341755891 1 1 
131 35 2.0 11 1 0 0 8 1 3 6.45511258573e-56 1 0 
131 35 2.0 10 1 0 0 8 1 3 5.93986690476e-55 1 0 
131 35 2.0 9 1 0 0 8 1 3 4.73406537142e-55 1 0 
131 35 2.0 6 1 0 0 6 1 3 1.99102982594e-51 1 0 
131 35 2.0 12 2 2 0 10 5 3 1.02339553162e-40 3 0 
131 35 2.0 1 11 0 0 16 8 1 0.0690717839335 0 4 
131 35 2.0 7 2 2 0 9 6 3 1.94364601737e-36 2 1 
131 35 2.0 8 3 0 0 16 9 3 7.70182226659e-20 3 0 
131 35 2.0 3 3 1 0 15 15 2 0.0852526860166 1 3 
131 36 0.0 2 3 1 0 15 11 2 0.0194686235991 1 3 
131 36 0.0 5 4 0 0 24 13 2 0.0138614252548 1 4 
131 36 0.0 4 1 0 0 9 7 2 0.0777359929088 1 1 
131 36 0.0 11 1 0 0 8 1 3 3.36403067245e-77 1 0 
131 36 0.0 10 1 0 0 8 1 3 6.17206908716e-77 1 0 
131 36 0.0 9 1 0 0 8 1 3 1.64857810999e-77 1 0 
131 36 0.0 6 1 0 0 6 1 3 2.89374126472e-76 1 0 
131 36 0.0 12 2 2 0 10 5 3 1.2273933871e-66 3 0 
131 36 0.0 1 11 0 0 16 8 1 0.169929138707 0 4 
131 36 0.0 7 2 2 0 9 6 3 2.8958911723e-63 2 1 
131 36 0.0 8 3 0 0 16 9 3 7.58190685462e-53 3 0 
131 36 0.0 3 3 1 0 15 15 2 0.0776036691324 1 3 
131 36 2.0 2 3 1 0 15 11 2 0.0127899395611 1 3 
131 36 2.0 5 4 0 0 24 13 2 6.95490934826e-08 1 4 
131 36 2.0 4 1 0 0 9 7 2 0.0129015895334 1 1 
131 36 2.0 11 1 0 0 8 1 3 5.27509994606e-55 1 0 
131 36 2.0 10 1 0 0 8 1 3 1.81146060362e-55 1 0 
131 36 2.0 9 1 0 0 8 1 3 3.00406197944e-55 1 0 
131 36 2.0 6 1 0 0 6 1 3 6.97089025929e-25 1 0 
131 36 2.0 12 2 2 0 10 5 3 2.35651099487e-36 3 0 
131 36 2.0 1 11 0 0 16 8 1 0.058721002299 0 4 
131 36 2.0 7 2 2 0 9 6 3 2.4952165826e-29 2 1 
131 36 2.0 8 3 0 0 16 9 3 2.16785675538e-30 3 0 
131 36 2.0 3 3 1 0 15 15 2 0.0124865035209 1 3 
131 37 0.0 2 3 1 0 15 11 2 0.0302693950798 1 3 
131 37 0.0 5 4 0 0 24 13 2 0.00105434515093 1 4 
131 37 0.0 4 1 0 0 9 7 2 0.0313790154836 1 1 
131 37 0.0 11 1 0 0 8 1 3 7.19836384347e-78 1 0 
131 37 0.0 10 1 0 0 8 1 3 1.13595176841e-77 1 0 
131 37 0.0 9 1 0 0 8 1 3 1.85092926887e-78 1 0 
131 37 0.0 6 1 0 0 6 1 3 7.8015997102e-62 1 0 
131 37 0.0 12 2 2 0 10 5 3 5.80299833247e-63 3 0 
131 37 0.0 1 11 0 0 16 8 1 0.0835253017354 0 4 
131 37 0.0 7 2 2 0 9 6 3 4.82583866568e-57 2 1 
131 37 0.0 8 3 0 0 16 9 3 8.88003335874e-57 3 0 
131 37 0.0 3 3 1 0 15 15 2 0.0313002927192 1 3 
131 37 2.0 2 3 1 0 15 11 2 0.0214870279952 1 3 
131 37 2.0 5 4 0 0 24 13 2 0.00117687084728 1 4 
131 37 2.0 4 1 0 0 9 7 2 0.03210485541 1 1 
131 37 2.0 11 1 0 0 8 1 3 7.29400816712e-55 1 0 
131 37 2.0 10 1 0 0 8 1 3 1.03114297186e-55 1 0 
131 37 2.0 9 1 0 0 8 1 3 4.97433509284e-55 1 0 
131 37 2.0 6 1 0 0 6 1 3 5.51140363863e-48 1 0 
131 37 2.0 12 2 2 0 10 5 3 3.02190162543e-40 3 0 
131 37 2.0 1 11 0 0 16 8 1 0.197114798655 0 4 
131 37 2.0 7 2 2 0 9 6 3 8.87195405236e-36 2 1 
131 37 2.0 8 3 0 0 16 9 3 3.89176555562e-21 3 0 
131 37 2.0 3 3 1 0 15 15 2 0.0319994211584 1 3 
131 38 0.0 2 3 1 0 15 11 2 0.0553668666784 1 3 
131 38 0.0 5 4 0 0 24 13 2 0.000115673112168 1 4 
131 38 0.0 4 1 0 0 9 7 2 0.062589528957 1 1 
131 38 0.0 11 1 0 0 8 1 3 6.69007752582e-78 1 0 
131 38 0.0 10 1 0 0 8 1 3 1.59152397066e-78 1 0 
131 38 0.0 9 1 0 0 8 1 3 8.28147016246e-78 1 0 
131 38 0.0 6 1 0 0 6 1 3 1.0701675459e-67 1 0 
131 38 0.0 12 2 2 0 10 5 3 1.84204670578e-66 3 0 
131 38 0.0 1 11 0 0 16 8 1 0.107279373185 0 4 
131 38 0.0 7 2 2 0 9 6 3 5.91393579585e-61 2 1 
131 38 0.0 8 3 0 0 16 9 3 4.72876793783e-55 3 0 
131 38 0.0 3 3 1 0 15 15 2 0.0622903349456 1 3 
131 38 2.0 2 3 1 0 15 11 2 0.0835574651128 1 3 
131 38 2.0 5 4 0 0 24 13 2 0.00121294402018 1 4 
131 38 2.0 4 1 0 0 9 7 2 0.111010751595 1 1 
131 38 2.0 11 1 0 0 8 1 3 2.00716365742e-55 1 0 
131 38 2.0 10 1 0 0 8 1 3 1.40751590157e-55 1 0 
131 38 2.0 9 1 0 0 8 1 3 6.14015869183e-55 1 0 
131 38 2.0 6 1 0 0 6 1 3 1.80389751898e-46 1 0 
131 38 2.0 12 2 2 0 10 5 3 3.27599039054e-40 3 0 
131 38 2.0 1 11 0 0 16 8 1 0.149994092169 0 4 
131 38 2.0 7 2 2 0 9 6 3 1.63787805915e-35 2 1 
131 38 2.0 8 3 0 0 16 9 3 2.75240976936e-21 3 0 
131 38 2.0 3 3 1 0 15 15 2 0.110602530871 1 3 
131 39 0.0 2 3 1 0 15 11 2 0.023538799204 1 3 
131 39 0.0 5 4 0 0 24 13 2 0.0107798917829 1 4 
131 39 0.0 4 1 0 0 9 7 2 0.0350096684819 1 1 
131 39 0.0 11 1 0 0 8 1 3 4.5504750491e-76 1 0 
131 39 0.0 10 1 0 0 8 1 3 6.15471884066e-77 1 0 
131 39 0.0 9 1 0 0 8 1 3 2.05646315862e-76 1 0 
131 39 0.0 6 1 0 0 6 1 3 2.16526765981e-72 1 0 
131 39 0.0 12 2 2 0 10 5 3 2.03882568643e-66 3 0 
131 39 0.0 1 11 0 0 16 8 1 0.274656188921 0 4 
131 39 0.0 7 2 2 0 9 6 3 4.82322500098e-63 2 1 
131 39 0.0 8 3 0 0 16 9 3 4.56060921853e-54 3 0 
131 39 0.0 3 3 1 0 15 15 2 0.0349001633192 1 3 
131 39 2.0 2 3 1 0 15 11 2 0.0611704044033 1 3 
131 39 2.0 5 4 0 0 24 13 2 3.95299042123e-09 1 4 
131 39 2.0 4 1 0 0 9 7 2 0.0623244404767 1 1 
131 39 2.0 11 1 0 0 8 1 3 4.66461065866e-55 1 0 
131 39 2.0 10 1 0 0 8 1 3 5.21023431687e-55 1 0 
131 39 2.0 9 1 0 0 8 1 3 4.0468384106e-55 1 0 
131 39 2.0 6 1 0 0 6 1 3 6.80142826124e-31 1 0 
131 39 2.0 12 2 2 0 10 5 3 5.61570238387e-39 3 0 
131 39 2.0 1 11 0 0 16 8 1 0.339591181085 0 4 
131 39 2.0 7 2 2 0 9 6 3 1.42589621624e-32 2 1 
131 39 2.0 8 3 0 0 16 9 3 5.55907165377e-28 3 0 
131 39 2.0 3 3 1 0 15 15 2 0.0603861944677 1 3 
131 40 0.0 2 3 1 0 15 11 2 0.0284299636311 1 3 
131 40 0.0 5 4 0 0 24 13 2 1.52439791775e-07 1 4 
131 40 0.0 4 1 0 0 9 7 2 0.0509197112978 1 1 
131 40 0.0 11 1 0 0 8 1 3 9.87241459439e-78 1 0 
131 40 0.0 10 1 0 0 8 1 3 9.77289280108e-78 1 0 
131 40 0.0 9 1 0 0 8 1 3 6.9361932526e-78 1 0 
131 40 0.0 6 1 0 0 6 1 3 5.31108300493e-74 1 0 
131 40 0.0 12 2 2 0 10 5 3 8.86210531086e-66 3 0 
131 40 0.0 1 11 0 0 16 8 1 0.268960005812 0 4 
131 40 0.0 7 2 2 0 9 6 3 7.72735915761e-61 2 1 
131 40 0.0 8 3 0 0 16 9 3 4.73843835378e-54 3 0 
131 40 0.0 3 3 1 0 15 15 2 0.0508537542647 1 3 
131 40 2.0 2 3 1 0 15 11 2 0.0135876396838 1 3 
131 40 2.0 5 4 0 0 24 13 2 1.75394388008e-07 1 4 
131 40 2.0 4 1 0 0 9 7 2 0.0156907282628 1 1 
131 40 2.0 11 1 0 0 8 1 3 5.90548227021e-55 1 0 
131 40 2.0 10 1 0 0 8 1 3 1.65492087718e-55 1 0 
131 40 2.0 9 1 0 0 8 1 3 4.07858146736e-55 1 0 
131 40 2.0 6 1 0 0 6 1 3 3.41797335471e-42 1 0 
131 40 2.0 12 2 2 0 10 5 3 2.16052407059e-38 3 0 
131 40 2.0 1 11 0 0 16 8 1 0.0718994755498 0 4 
131 40 2.0 7 2 2 0 9 6 3 2.78007670037e-33 2 1 
131 40 2.0 8 3 0 0 16 9 3 4.64741989553e-24 3 0 
131 40 2.0 3 3 1 0 15 15 2 0.0156235483347 1 3 
