117 1 0.0 8 3 0 0 25 13 2 0.167430703559 3 1 
117 1 0.0 6 5 0 0 12 19 2 0.020440189756 1 2 
117 1 0.0 19 6 0 0 12 4 3 0.00559005347369 2 0 
117 1 0.0 10 6 1 0 15 10 3 5.09488466047e-41 2 1 
117 1 0.0 1 13 1 0 34 24 1 0.0191651533068 0 6 
117 1 0.0 13 5 0 0 12 19 2 0.0189615466524 1 2 
117 1 0.0 18 6 0 0 20 16 3 1.02591083618e-59 4 0 
117 1 0.0 7 17 3 0 43 35 2 0.167430685859 3 5 
117 1 0.0 20 6 1 0 10 2 3 1.14552009441e-77 2 0 
117 1 0.0 12 2 0 0 19 12 2 0.143966597677 2 1 
117 1 0.0 9 10 2 0 17 24 2 0.0863904415223 2 3 
117 1 0.0 15 22 3 0 33 33 3 2.63242126056e-50 5 3 
117 1 0.0 4 6 0 0 4 12 1 0.409987401963 0 2 
117 1 0.0 3 10 0 0 16 16 1 0.169946212708 0 4 
117 1 0.0 14 1 0 0 13 5 2 2.35470678796e-66 1 1 
117 1 0.0 21 8 2 0 12 12 3 1.66083808785e-39 4 0 
117 1 0.0 17 6 0 0 8 4 3 3.19574653235e-78 2 0 
117 1 0.0 16 10 3 0 17 11 3 4.5267119652e-40 3 1 
117 1 0.0 2 6 1 0 7 10 1 0.362145410767 0 3 
117 1 0.0 5 11 2 0 23 12 2 4.55726558935e-15 2 3 
117 1 0.0 11 9 2 0 23 22 2 3.89242084545e-73 2 3 
117 1 2.0 8 3 0 0 25 13 2 0.136878481027 3 1 
117 1 2.0 6 5 0 0 12 19 2 0.0531717436331 1 2 
117 1 2.0 19 6 0 0 12 4 3 0.296101928784 2 0 
117 1 2.0 10 6 1 0 15 10 3 1.27459836896e-24 2 1 
117 1 2.0 1 13 1 0 34 24 1 0.0699221337896 0 6 
117 1 2.0 13 5 0 0 12 19 2 0.0529752227977 1 2 
117 1 2.0 18 6 0 0 20 16 3 6.90854570359e-28 4 0 
117 1 2.0 7 17 3 0 43 35 2 0.0894712334537 3 5 
117 1 2.0 20 6 1 0 10 2 3 5.42794228568e-55 2 0 
117 1 2.0 12 2 0 0 19 12 2 0.270941235648 2 1 
117 1 2.0 9 10 2 0 17 24 2 0.0583567562288 2 3 
117 1 2.0 15 22 3 0 33 33 3 5.74277253518e-28 5 3 
117 1 2.0 4 6 0 0 4 12 1 0.690947124393 0 2 
117 1 2.0 3 10 0 0 16 16 1 0.11307262647 0 4 
117 1 2.0 14 1 0 0 13 5 2 4.94954684907e-27 1 1 
117 1 2.0 21 8 2 0 12 12 3 0.0298629737497 4 0 
117 1 2.0 17 6 0 0 8 4 3 1.21733858111e-54 2 0 
117 1 2.0 16 10 3 0 17 11 3 3.11430115621e-27 3 1 
117 1 2.0 2 6 1 0 7 10 1 0.222329187568 0 3 
117 1 2.0 5 11 2 0 23 12 2 0.00615262700877 2 3 
117 1 2.0 11 9 2 0 23 22 2 2.03841903115e-42 2 3 
117 2 0.0 8 3 0 0 25 13 2 0.167387525894 3 1 
117 2 0.0 6 5 0 0 12 19 2 0.0205177205078 1 2 
117 2 0.0 19 6 0 0 12 4 3 0.00568443225968 2 0 
117 2 0.0 10 6 1 0 15 10 3 1.97041679869e-40 2 1 
117 2 0.0 1 13 1 0 34 24 1 0.0192031926542 0 6 
117 2 0.0 13 5 0 0 12 19 2 0.0189168830843 1 2 
117 2 0.0 18 6 0 0 20 16 3 2.82092398679e-59 4 0 
117 2 0.0 7 17 3 0 43 35 2 0.167387512469 3 5 
117 2 0.0 20 6 1 0 10 2 3 1.55353722383e-77 2 0 
117 2 0.0 12 2 0 0 19 12 2 0.144046293276 2 1 
117 2 0.0 9 10 2 0 17 24 2 0.0863243363358 2 3 
117 2 0.0 15 22 3 0 33 33 3 2.70764527239e-50 5 3 
117 2 0.0 4 6 0 0 4 12 1 0.410191253482 0 2 
117 2 0.0 3 10 0 0 16 16 1 0.169946645292 0 4 
117 2 0.0 14 1 0 0 13 5 2 9.17879262232e-65 1 1 
117 2 0.0 21 8 2 0 12 12 3 2.9726613502e-39 4 0 
117 2 0.0 17 6 0 0 8 4 3 7.04538730161e-78 2 0 
117 2 0.0 16 10 3 0 17 11 3 2.47278501554e-38 3 1 
117 2 0.0 2 6 1 0 7 10 1 0.362129343292 0 3 
117 2 0.0 5 11 2 0 23 12 2 1.38294773592e-15 2 3 
117 2 0.0 11 9 2 0 23 22 2 1.39087686656e-73 2 3 
117 2 2.0 8 3 0 0 25 13 2 0.137722795488 3 1 
117 2 2.0 6 5 0 0 12 19 2 0.0531086857708 1 2 
117 2 2.0 19 6 0 0 12 4 3 0.296485873017 2 0 
117 2 2.0 10 6 1 0 15 10 3 6.03202588687e-27 2 1 
117 2 2.0 1 13 1 0 34 24 1 0.0701050500749 0 6 
117 2 2.0 13 5 0 0 12 19 2 0.0530440297411 1 2 
117 2 2.0 18 6 0 0 20 16 3 2.70129736057e-27 4 0 
117 2 2.0 7 17 3 0 43 35 2 0.0886722324942 3 5 
117 2 2.0 20 6 1 0 10 2 3 3.67037897023e-55 2 0 
117 2 2.0 12 2 0 0 19 12 2 0.268667880266 2 1 
117 2 2.0 9 10 2 0 17 24 2 0.0584946024789 2 3 
117 2 2.0 15 22 3 0 33 33 3 9.7765547314e-26 5 3 
117 2 2.0 4 6 0 0 4 12 1 0.691013290085 0 2 
117 2 2.0 3 10 0 0 16 16 1 0.113066043101 0 4 
117 2 2.0 14 1 0 0 13 5 2 1.07261449792e-25 1 1 
117 2 2.0 21 8 2 0 12 12 3 0.0288046843106 4 0 
117 2 2.0 17 6 0 0 8 4 3 1.25663652304e-54 2 0 
117 2 2.0 16 10 3 0 17 11 3 7.81956506905e-28 3 1 
117 2 2.0 2 6 1 0 7 10 1 0.220946151653 0 3 
117 2 2.0 5 11 2 0 23 12 2 0.0079314631058 2 3 
117 2 2.0 11 9 2 0 23 22 2 5.23130302278e-43 2 3 
117 3 0.0 8 3 0 0 25 13 2 0.16739338571 3 1 
117 3 0.0 6 5 0 0 12 19 2 0.0190812481513 1 2 
117 3 0.0 19 6 0 0 12 4 3 0.00566986678378 2 0 
117 3 0.0 10 6 1 0 15 10 3 3.73044415443e-37 2 1 
117 3 0.0 1 13 1 0 34 24 1 0.0191962923322 0 6 
117 3 0.0 13 5 0 0 12 19 2 0.0203485359319 1 2 
117 3 0.0 18 6 0 0 20 16 3 7.06097294405e-60 4 0 
117 3 0.0 7 17 3 0 43 35 2 0.167393380478 3 5 
117 3 0.0 20 6 1 0 10 2 3 9.47995566369e-78 2 0 
117 3 0.0 12 2 0 0 19 12 2 0.144034022856 2 1 
117 3 0.0 9 10 2 0 17 24 2 0.0863343235841 2 3 
117 3 0.0 15 22 3 0 33 33 3 6.55302660241e-50 5 3 
117 3 0.0 4 6 0 0 4 12 1 0.410162574706 0 2 
117 3 0.0 3 10 0 0 16 16 1 0.169944579406 0 4 
117 3 0.0 14 1 0 0 13 5 2 8.93994182425e-63 1 1 
117 3 0.0 21 8 2 0 12 12 3 3.78151439674e-39 4 0 
117 3 0.0 17 6 0 0 8 4 3 9.98803826614e-78 2 0 
117 3 0.0 16 10 3 0 17 11 3 2.15781414752e-37 3 1 
117 3 0.0 2 6 1 0 7 10 1 0.362132440724 0 3 
117 3 0.0 5 11 2 0 23 12 2 2.3127576259e-14 2 3 
117 3 0.0 11 9 2 0 23 22 2 1.2947355833e-70 2 3 
117 3 2.0 8 3 0 0 25 13 2 0.135996439851 3 1 
117 3 2.0 6 5 0 0 12 19 2 0.0530746133954 1 2 
117 3 2.0 19 6 0 0 12 4 3 0.296757563054 2 0 
117 3 2.0 10 6 1 0 15 10 3 9.2964358797e-27 2 1 
117 3 2.0 1 13 1 0 34 24 1 0.0692063339154 0 6 
117 3 2.0 13 5 0 0 12 19 2 0.0530175264284 1 2 
117 3 2.0 18 6 0 0 20 16 3 1.88785630254e-27 4 0 
117 3 2.0 7 17 3 0 43 35 2 0.0904313783722 3 5 
117 3 2.0 20 6 1 0 10 2 3 3.01807811101e-55 2 0 
117 3 2.0 12 2 0 0 19 12 2 0.266289226586 2 1 
117 3 2.0 9 10 2 0 17 24 2 0.0586538257376 2 3 
117 3 2.0 15 22 3 0 33 33 3 8.07234848599e-27 5 3 
117 3 2.0 4 6 0 0 4 12 1 0.690706701236 0 2 
117 3 2.0 3 10 0 0 16 16 1 0.113061495229 0 4 
117 3 2.0 14 1 0 0 13 5 2 4.13396044459e-26 1 1 
117 3 2.0 21 8 2 0 12 12 3 0.0260618850391 4 0 
117 3 2.0 17 6 0 0 8 4 3 8.87658699506e-55 2 0 
117 3 2.0 16 10 3 0 17 11 3 1.58672491784e-27 3 1 
117 3 2.0 2 6 1 0 7 10 1 0.219649328527 0 3 
117 3 2.0 5 11 2 0 23 12 2 0.00953322069543 2 3 
117 3 2.0 11 9 2 0 23 22 2 7.6831669755e-43 2 3 
117 4 0.0 8 3 0 0 25 13 2 0.167322348148 3 1 
117 4 0.0 6 5 0 0 12 19 2 0.0199739275673 1 2 
117 4 0.0 19 6 0 0 12 4 3 0.00582136309928 2 0 
117 4 0.0 10 6 1 0 15 10 3 1.26579769076e-40 2 1 
117 4 0.0 1 13 1 0 34 24 1 0.019255262611 0 6 
117 4 0.0 13 5 0 0 12 19 2 0.0195091481255 1 2 
117 4 0.0 18 6 0 0 20 16 3 1.40311657788e-60 4 0 
117 4 0.0 7 17 3 0 43 35 2 0.167322333998 3 5 
117 4 0.0 20 6 1 0 10 2 3 9.92244674249e-78 2 0 
117 4 0.0 12 2 0 0 19 12 2 0.144164061504 2 1 
117 4 0.0 9 10 2 0 17 24 2 0.0862258630394 2 3 
117 4 0.0 15 22 3 0 33 33 3 2.38068911062e-52 5 3 
117 4 0.0 4 6 0 0 4 12 1 0.410496224975 0 2 
117 4 0.0 3 10 0 0 16 16 1 0.169940798737 0 4 
117 4 0.0 14 1 0 0 13 5 2 1.93355953614e-63 1 1 
117 4 0.0 21 8 2 0 12 12 3 3.03640112296e-39 4 0 
117 4 0.0 17 6 0 0 8 4 3 1.39839232336e-77 2 0 
117 4 0.0 16 10 3 0 17 11 3 3.00755751249e-39 3 1 
117 4 0.0 2 6 1 0 7 10 1 0.362108041222 0 3 
117 4 0.0 5 11 2 0 23 12 2 4.33454121002e-14 2 3 
117 4 0.0 11 9 2 0 23 22 2 1.31212042711e-70 2 3 
117 4 2.0 8 3 0 0 25 13 2 0.13646813365 3 1 
117 4 2.0 6 5 0 0 12 19 2 0.0530960249847 1 2 
117 4 2.0 19 6 0 0 12 4 3 0.29671931397 2 0 
117 4 2.0 10 6 1 0 15 10 3 2.84573935386e-27 2 1 
117 4 2.0 1 13 1 0 34 24 1 0.0694214774884 0 6 
117 4 2.0 13 5 0 0 12 19 2 0.0530107852682 1 2 
117 4 2.0 18 6 0 0 20 16 3 1.20005913653e-27 4 0 
117 4 2.0 7 17 3 0 43 35 2 0.0899550325873 3 5 
117 4 2.0 20 6 1 0 10 2 3 5.89168155516e-55 2 0 
117 4 2.0 12 2 0 0 19 12 2 0.266654129366 2 1 
117 4 2.0 9 10 2 0 17 24 2 0.0586357232153 2 3 
117 4 2.0 15 22 3 0 33 33 3 9.60368607544e-28 5 3 
117 4 2.0 4 6 0 0 4 12 1 0.690781734942 0 2 
117 4 2.0 3 10 0 0 16 16 1 0.113060204522 0 4 
117 4 2.0 14 1 0 0 13 5 2 5.75948415201e-26 1 1 
117 4 2.0 21 8 2 0 12 12 3 0.0266044365403 4 0 
117 4 2.0 17 6 0 0 8 4 3 1.08745641678e-54 2 0 
117 4 2.0 16 10 3 0 17 11 3 1.8340821457e-27 3 1 
117 4 2.0 2 6 1 0 7 10 1 0.219841857668 0 3 
117 4 2.0 5 11 2 0 23 12 2 0.00929994650073 2 3 
117 4 2.0 11 9 2 0 23 22 2 1.70508189591e-42 2 3 
117 5 0.0 8 3 0 0 25 13 2 0.16742282181 3 1 
117 5 0.0 6 5 0 0 12 19 2 0.0193192816423 1 2 
117 5 0.0 19 6 0 0 12 4 3 0.00560613099996 2 0 
117 5 0.0 10 6 1 0 15 10 3 1.54967462561e-40 2 1 
117 5 0.0 1 13 1 0 34 24 1 0.0191732018575 0 6 
117 5 0.0 13 5 0 0 12 19 2 0.0200879908938 1 2 
117 5 0.0 18 6 0 0 20 16 3 1.34797411002e-60 4 0 
117 5 0.0 7 17 3 0 43 35 2 0.167422807007 3 5 
117 5 0.0 20 6 1 0 10 2 3 8.95697584607e-78 2 0 
117 5 0.0 12 2 0 0 19 12 2 0.143983940285 2 1 
117 5 0.0 9 10 2 0 17 24 2 0.0863759358862 2 3 
117 5 0.0 15 22 3 0 33 33 3 8.43466292575e-52 5 3 
117 5 0.0 4 6 0 0 4 12 1 0.410023502682 0 2 
117 5 0.0 3 10 0 0 16 16 1 0.169942926114 0 4 
117 5 0.0 14 1 0 0 13 5 2 2.01293265489e-64 1 1 
117 5 0.0 21 8 2 0 12 12 3 5.44923964356e-39 4 0 
117 5 0.0 17 6 0 0 8 4 3 1.07578398784e-77 2 0 
117 5 0.0 16 10 3 0 17 11 3 2.3949226929e-39 3 1 
117 5 0.0 2 6 1 0 7 10 1 0.362141959694 0 3 
117 5 0.0 5 11 2 0 23 12 2 1.96140561744e-14 2 3 
117 5 0.0 11 9 2 0 23 22 2 6.33913566953e-72 2 3 
117 5 2.0 8 3 0 0 25 13 2 0.13649932597 3 1 
117 5 2.0 6 5 0 0 12 19 2 0.0531155524644 1 2 
117 5 2.0 19 6 0 0 12 4 3 0.296722711613 2 0 
117 5 2.0 10 6 1 0 15 10 3 1.2472481689e-27 2 1 
117 5 2.0 1 13 1 0 34 24 1 0.0694213878872 0 6 
117 5 2.0 13 5 0 0 12 19 2 0.0529906603395 1 2 
117 5 2.0 18 6 0 0 20 16 3 2.9662657848e-27 4 0 
117 5 2.0 7 17 3 0 43 35 2 0.089925442919 3 5 
117 5 2.0 20 6 1 0 10 2 3 6.0811837255e-55 2 0 
117 5 2.0 12 2 0 0 19 12 2 0.266635563578 2 1 
117 5 2.0 9 10 2 0 17 24 2 0.058633567977 2 3 
117 5 2.0 15 22 3 0 33 33 3 6.44231624015e-28 5 3 
117 5 2.0 4 6 0 0 4 12 1 0.690783359054 0 2 
117 5 2.0 3 10 0 0 16 16 1 0.113061276849 0 4 
117 5 2.0 14 1 0 0 13 5 2 9.21861484584e-29 1 1 
117 5 2.0 21 8 2 0 12 12 3 0.0265903990893 4 0 
117 5 2.0 17 6 0 0 8 4 3 1.30868169558e-54 2 0 
117 5 2.0 16 10 3 0 17 11 3 5.71631419677e-28 3 1 
117 5 2.0 2 6 1 0 7 10 1 0.219828628186 0 3 
117 5 2.0 5 11 2 0 23 12 2 0.00931731779234 2 3 
117 5 2.0 11 9 2 0 23 22 2 1.48136563029e-44 2 3 
117 6 0.0 8 3 0 0 25 13 2 0.167426819509 3 1 
117 6 0.0 6 5 0 0 12 19 2 0.0194286012431 1 2 
117 6 0.0 19 6 0 0 12 4 3 0.00559793870359 2 0 
117 6 0.0 10 6 1 0 15 10 3 6.74196790075e-41 2 1 
117 6 0.0 1 13 1 0 34 24 1 0.0191714461561 0 6 
117 6 0.0 13 5 0 0 12 19 2 0.0199756126829 1 2 
117 6 0.0 18 6 0 0 20 16 3 8.40404661828e-61 4 0 
117 6 0.0 7 17 3 0 43 35 2 0.167426796231 3 5 
117 6 0.0 20 6 1 0 10 2 3 6.93937687027e-78 2 0 
117 6 0.0 12 2 0 0 19 12 2 0.143981518316 2 1 
117 6 0.0 9 10 2 0 17 24 2 0.0863777100168 2 3 
117 6 0.0 15 22 3 0 33 33 3 2.51019413707e-52 5 3 
117 6 0.0 4 6 0 0 4 12 1 0.410004346625 0 2 
117 6 0.0 3 10 0 0 16 16 1 0.169942613472 0 4 
117 6 0.0 14 1 0 0 13 5 2 2.82901771304e-66 1 1 
117 6 0.0 21 8 2 0 12 12 3 1.67601965294e-39 4 0 
117 6 0.0 17 6 0 0 8 4 3 8.10497223863e-78 2 0 
117 6 0.0 16 10 3 0 17 11 3 1.73407632725e-40 3 1 
117 6 0.0 2 6 1 0 7 10 1 0.362142679708 0 3 
117 6 0.0 5 11 2 0 23 12 2 4.72415855303e-14 2 3 
117 6 0.0 11 9 2 0 23 22 2 2.41964355718e-71 2 3 
117 6 2.0 8 3 0 0 25 13 2 0.134904978201 3 1 
117 6 2.0 6 5 0 0 12 19 2 0.05300040397 1 2 
117 6 2.0 19 6 0 0 12 4 3 0.296794730579 2 0 
117 6 2.0 10 6 1 0 15 10 3 1.11161897635e-26 2 1 
117 6 2.0 1 13 1 0 34 24 1 0.068731925396 0 6 
117 6 2.0 13 5 0 0 12 19 2 0.0530629656916 1 2 
117 6 2.0 18 6 0 0 20 16 3 1.30848516057e-27 4 0 
117 6 2.0 7 17 3 0 43 35 2 0.0915238721403 3 5 
117 6 2.0 20 6 1 0 10 2 3 3.16498305321e-55 2 0 
117 6 2.0 12 2 0 0 19 12 2 0.265749150792 2 1 
117 6 2.0 9 10 2 0 17 24 2 0.0586705047689 2 3 
117 6 2.0 15 22 3 0 33 33 3 1.49833994518e-26 5 3 
117 6 2.0 4 6 0 0 4 12 1 0.690549548045 0 2 
117 6 2.0 3 10 0 0 16 16 1 0.113061483939 0 4 
117 6 2.0 14 1 0 0 13 5 2 4.27199679366e-25 1 1 
117 6 2.0 21 8 2 0 12 12 3 0.0250363051756 4 0 
117 6 2.0 17 6 0 0 8 4 3 8.32759983371e-55 2 0 
117 6 2.0 16 10 3 0 17 11 3 7.28096195591e-27 3 1 
117 6 2.0 2 6 1 0 7 10 1 0.219384859525 0 3 
117 6 2.0 5 11 2 0 23 12 2 0.00985562998031 2 3 
117 6 2.0 11 9 2 0 23 22 2 2.61472452947e-42 2 3 
117 7 0.0 8 3 0 0 25 13 2 0.167383721543 3 1 
117 7 0.0 6 5 0 0 12 19 2 0.0197278442945 1 2 
117 7 0.0 19 6 0 0 12 4 3 0.00568833799422 2 0 
117 7 0.0 10 6 1 0 15 10 3 1.48945605955e-38 2 1 
117 7 0.0 1 13 1 0 34 24 1 0.0192029800855 0 6 
117 7 0.0 13 5 0 0 12 19 2 0.0197086634219 1 2 
117 7 0.0 18 6 0 0 20 16 3 3.14914305784e-60 4 0 
117 7 0.0 7 17 3 0 43 35 2 0.167383713136 3 5 
117 7 0.0 20 6 1 0 10 2 3 1.51966501277e-77 2 0 
117 7 0.0 12 2 0 0 19 12 2 0.144053669405 2 1 
117 7 0.0 9 10 2 0 17 24 2 0.0863174224781 2 3 
117 7 0.0 15 22 3 0 33 33 3 5.97550083995e-51 5 3 
117 7 0.0 4 6 0 0 4 12 1 0.410206240367 0 2 
117 7 0.0 3 10 0 0 16 16 1 0.169941206713 0 4 
117 7 0.0 14 1 0 0 13 5 2 3.27217068912e-65 1 1 
117 7 0.0 21 8 2 0 12 12 3 5.4524378138e-39 4 0 
117 7 0.0 17 6 0 0 8 4 3 4.85684716077e-78 2 0 
117 7 0.0 16 10 3 0 17 11 3 7.63647725125e-39 3 1 
117 7 0.0 2 6 1 0 7 10 1 0.362129987181 0 3 
117 7 0.0 5 11 2 0 23 12 2 3.40537329476e-14 2 3 
117 7 0.0 11 9 2 0 23 22 2 1.68910652604e-71 2 3 
117 7 2.0 8 3 0 0 25 13 2 0.135556564803 3 1 
117 7 2.0 6 5 0 0 12 19 2 0.0531495926965 1 2 
117 7 2.0 19 6 0 0 12 4 3 0.2967812921 2 0 
117 7 2.0 10 6 1 0 15 10 3 5.2478460017e-26 2 1 
117 7 2.0 1 13 1 0 34 24 1 0.0690057890374 0 6 
117 7 2.0 13 5 0 0 12 19 2 0.0529305924467 1 2 
117 7 2.0 18 6 0 0 20 16 3 7.28207535493e-28 4 0 
117 7 2.0 7 17 3 0 43 35 2 0.090872406127 3 5 
117 7 2.0 20 6 1 0 10 2 3 5.93667641107e-55 2 0 
117 7 2.0 12 2 0 0 19 12 2 0.266017471891 2 1 
117 7 2.0 9 10 2 0 17 24 2 0.0586610785246 2 3 
117 7 2.0 15 22 3 0 33 33 3 1.26008639926e-27 5 3 
117 7 2.0 4 6 0 0 4 12 1 0.690641030993 0 2 
117 7 2.0 3 10 0 0 16 16 1 0.113061488873 0 4 
117 7 2.0 14 1 0 0 13 5 2 6.16596314225e-26 1 1 
117 7 2.0 21 8 2 0 12 12 3 0.0255995540879 4 0 
117 7 2.0 17 6 0 0 8 4 3 9.35280492576e-55 2 0 
117 7 2.0 16 10 3 0 17 11 3 6.86922176868e-28 3 1 
117 7 2.0 2 6 1 0 7 10 1 0.219509941549 0 3 
117 7 2.0 5 11 2 0 23 12 2 0.0097048719148 2 3 
117 7 2.0 11 9 2 0 23 22 2 6.56709485216e-43 2 3 
117 8 0.0 8 3 0 0 25 13 2 0.167437220856 3 1 
117 8 0.0 6 5 0 0 12 19 2 0.019296920961 1 2 
117 8 0.0 19 6 0 0 12 4 3 0.00557330431643 2 0 
117 8 0.0 10 6 1 0 15 10 3 1.05155074899e-39 2 1 
117 8 0.0 1 13 1 0 34 24 1 0.0191574393634 0 6 
117 8 0.0 13 5 0 0 12 19 2 0.020099287408 1 2 
117 8 0.0 18 6 0 0 20 16 3 3.54917803124e-60 4 0 
117 8 0.0 7 17 3 0 43 35 2 0.167437201189 3 5 
117 8 0.0 20 6 1 0 10 2 3 1.08500726613e-77 2 0 
117 8 0.0 12 2 0 0 19 12 2 0.143955523664 2 1 
117 8 0.0 9 10 2 0 17 24 2 0.0863990953322 2 3 
117 8 0.0 15 22 3 0 33 33 3 9.66567216933e-53 5 3 
117 8 0.0 4 6 0 0 4 12 1 0.409954855728 0 2 
117 8 0.0 3 10 0 0 16 16 1 0.169943034144 0 4 
117 8 0.0 14 1 0 0 13 5 2 4.1628169102e-68 1 1 
117 8 0.0 21 8 2 0 12 12 3 9.62009245527e-40 4 0 
117 8 0.0 17 6 0 0 8 4 3 1.26543696109e-77 2 0 
117 8 0.0 16 10 3 0 17 11 3 1.18566526567e-39 3 1 
117 8 0.0 2 6 1 0 7 10 1 0.362149012959 0 3 
117 8 0.0 5 11 2 0 23 12 2 2.06175759296e-14 2 3 
117 8 0.0 11 9 2 0 23 22 2 5.59127212942e-73 2 3 
117 8 2.0 8 3 0 0 25 13 2 0.135500830229 3 1 
117 8 2.0 6 5 0 0 12 19 2 0.0530148090453 1 2 
117 8 2.0 19 6 0 0 12 4 3 0.296785342864 2 0 
117 8 2.0 10 6 1 0 15 10 3 2.2142290257e-27 2 1 
117 8 2.0 1 13 1 0 34 24 1 0.0689733301869 0 6 
117 8 2.0 13 5 0 0 12 19 2 0.0530641816188 1 2 
117 8 2.0 18 6 0 0 20 16 3 8.82963318927e-28 4 0 
117 8 2.0 7 17 3 0 43 35 2 0.0909285108286 3 5 
117 8 2.0 20 6 1 0 10 2 3 7.91820115357e-55 2 0 
117 8 2.0 12 2 0 0 19 12 2 0.265972400842 2 1 
117 8 2.0 9 10 2 0 17 24 2 0.0586620736783 2 3 
117 8 2.0 15 22 3 0 33 33 3 4.45255108091e-29 5 3 
117 8 2.0 4 6 0 0 4 12 1 0.690631411706 0 2 
117 8 2.0 3 10 0 0 16 16 1 0.113061693108 0 4 
117 8 2.0 14 1 0 0 13 5 2 2.96709749914e-28 1 1 
117 8 2.0 21 8 2 0 12 12 3 0.0255238110724 4 0 
117 8 2.0 17 6 0 0 8 4 3 1.09758671702e-54 2 0 
117 8 2.0 16 10 3 0 17 11 3 5.0744030607e-27 3 1 
117 8 2.0 2 6 1 0 7 10 1 0.219486721259 0 3 
117 8 2.0 5 11 2 0 23 12 2 0.00973426064797 2 3 
117 8 2.0 11 9 2 0 23 22 2 1.58959523263e-44 2 3 
117 9 0.0 8 3 0 0 25 13 2 0.167409238595 3 1 
117 9 0.0 6 5 0 0 12 19 2 0.0192066073474 1 2 
117 9 0.0 19 6 0 0 12 4 3 0.00563432070346 2 0 
117 9 0.0 10 6 1 0 15 10 3 4.50276274426e-38 2 1 
117 9 0.0 1 13 1 0 34 24 1 0.01918154696 0 6 
117 9 0.0 13 5 0 0 12 19 2 0.0202109108942 1 2 
117 9 0.0 18 6 0 0 20 16 3 2.66937797842e-60 4 0 
117 9 0.0 7 17 3 0 43 35 2 0.167409231396 3 5 
117 9 0.0 20 6 1 0 10 2 3 8.59674051141e-78 2 0 
117 9 0.0 12 2 0 0 19 12 2 0.144006556297 2 1 
117 9 0.0 9 10 2 0 17 24 2 0.0863567244052 2 3 
117 9 0.0 15 22 3 0 33 33 3 2.91522279315e-51 5 3 
117 9 0.0 4 6 0 0 4 12 1 0.410086853446 0 2 
117 9 0.0 3 10 0 0 16 16 1 0.169943555201 0 4 
117 9 0.0 14 1 0 0 13 5 2 8.46547638423e-65 1 1 
117 9 0.0 21 8 2 0 12 12 3 9.94009350669e-39 4 0 
117 9 0.0 17 6 0 0 8 4 3 1.06136139898e-77 2 0 
117 9 0.0 16 10 3 0 17 11 3 2.83565634868e-38 3 1 
117 9 0.0 2 6 1 0 7 10 1 0.36213888249 0 3 
117 9 0.0 5 11 2 0 23 12 2 1.85715047891e-14 2 3 
117 9 0.0 11 9 2 0 23 22 2 1.53034978665e-71 2 3 
117 9 2.0 8 3 0 0 25 13 2 0.134707448048 3 1 
117 9 2.0 6 5 0 0 12 19 2 0.0530843461633 1 2 
117 9 2.0 19 6 0 0 12 4 3 0.296791647304 2 0 
117 9 2.0 10 6 1 0 15 10 3 7.2445249643e-27 2 1 
117 9 2.0 1 13 1 0 34 24 1 0.0686583339541 0 6 
117 9 2.0 13 5 0 0 12 19 2 0.0529739504818 1 2 
117 9 2.0 18 6 0 0 20 16 3 2.87090185542e-27 4 0 
117 9 2.0 7 17 3 0 43 35 2 0.0917205547027 3 5 
117 9 2.0 20 6 1 0 10 2 3 5.12868086378e-55 2 0 
117 9 2.0 12 2 0 0 19 12 2 0.265709349663 2 1 
117 9 2.0 9 10 2 0 17 24 2 0.0586714932199 2 3 
117 9 2.0 15 22 3 0 33 33 3 7.97039878034e-27 5 3 
117 9 2.0 4 6 0 0 4 12 1 0.690524602789 0 2 
117 9 2.0 3 10 0 0 16 16 1 0.113061457296 0 4 
117 9 2.0 14 1 0 0 13 5 2 4.92025036168e-24 1 1 
117 9 2.0 21 8 2 0 12 12 3 0.0249080029451 4 0 
117 9 2.0 17 6 0 0 8 4 3 1.02681040514e-54 2 0 
117 9 2.0 16 10 3 0 17 11 3 9.17950189015e-28 3 1 
117 9 2.0 2 6 1 0 7 10 1 0.219371996736 0 3 
117 9 2.0 5 11 2 0 23 12 2 0.00987075167006 2 3 
117 9 2.0 11 9 2 0 23 22 2 9.86463826282e-42 2 3 
117 10 0.0 8 3 0 0 25 13 2 0.167874545978 3 1 
117 10 0.0 6 5 0 0 12 19 2 0.0199057321622 1 2 
117 10 0.0 19 6 0 0 12 4 3 0.00462269143343 2 0 
117 10 0.0 10 6 1 0 15 10 3 2.81720092467e-41 2 1 
117 10 0.0 1 13 1 0 34 24 1 0.018775220705 0 6 
117 10 0.0 13 5 0 0 12 19 2 0.0191593307854 1 2 
117 10 0.0 18 6 0 0 20 16 3 4.24943497438e-60 4 0 
117 10 0.0 7 17 3 0 43 35 2 0.167874528624 3 5 
117 10 0.0 20 6 1 0 10 2 3 1.49429766852e-77 2 0 
117 10 0.0 12 2 0 0 19 12 2 0.143179749152 2 1 
117 10 0.0 9 10 2 0 17 24 2 0.0870403217711 2 3 
117 10 0.0 15 22 3 0 33 33 3 7.60252997552e-51 5 3 
117 10 0.0 4 6 0 0 4 12 1 0.407906157956 0 2 
117 10 0.0 3 10 0 0 16 16 1 0.169941424888 0 4 
117 10 0.0 14 1 0 0 13 5 2 6.44836142045e-65 1 1 
117 10 0.0 21 8 2 0 12 12 3 1.63098137243e-39 4 0 
117 10 0.0 17 6 0 0 8 4 3 4.65709341869e-78 2 0 
117 10 0.0 16 10 3 0 17 11 3 2.09848622844e-38 3 1 
117 10 0.0 2 6 1 0 7 10 1 0.362311751585 0 3 
117 10 0.0 5 11 2 0 23 12 2 9.57458403627e-16 2 3 
117 10 0.0 11 9 2 0 23 22 2 3.63174200079e-73 2 3 
117 10 2.0 8 3 0 0 25 13 2 0.136316875633 3 1 
117 10 2.0 6 5 0 0 12 19 2 0.0531369930903 1 2 
117 10 2.0 19 6 0 0 12 4 3 0.296738388908 2 0 
117 10 2.0 10 6 1 0 15 10 3 2.74014315532e-29 2 1 
117 10 2.0 1 13 1 0 34 24 1 0.0693371268207 0 6 
117 10 2.0 13 5 0 0 12 19 2 0.0529640596235 1 2 
117 10 2.0 18 6 0 0 20 16 3 1.95794579571e-27 4 0 
117 10 2.0 7 17 3 0 43 35 2 0.0901091885629 3 5 
117 10 2.0 20 6 1 0 10 2 3 4.7422824694e-55 2 0 
117 10 2.0 12 2 0 0 19 12 2 0.266486153242 2 1 
117 10 2.0 9 10 2 0 17 24 2 0.0586413293524 2 3 
117 10 2.0 15 22 3 0 33 33 3 2.04721518207e-28 5 3 
117 10 2.0 4 6 0 0 4 12 1 0.690754595662 0 2 
117 10 2.0 3 10 0 0 16 16 1 0.113061002456 0 4 
117 10 2.0 14 1 0 0 13 5 2 8.49906657925e-28 1 1 
117 10 2.0 21 8 2 0 12 12 3 0.0263740252885 4 0 
117 10 2.0 17 6 0 0 8 4 3 8.40852814719e-55 2 0 
117 10 2.0 16 10 3 0 17 11 3 2.15906404556e-28 3 1 
117 10 2.0 2 6 1 0 7 10 1 0.219749296699 0 3 
117 10 2.0 5 11 2 0 23 12 2 0.00941377308068 2 3 
117 10 2.0 11 9 2 0 23 22 2 8.69901166066e-45 2 3 
117 11 0.0 8 3 0 0 25 13 2 0.167406289185 3 1 
117 11 0.0 6 5 0 0 12 19 2 0.0206055999537 1 2 
117 11 0.0 19 6 0 0 12 4 3 0.00564428137707 2 0 
117 11 0.0 10 6 1 0 15 10 3 4.59490278751e-40 2 1 
117 11 0.0 1 13 1 0 34 24 1 0.0191867858744 0 6 
117 11 0.0 13 5 0 0 12 19 2 0.0188149771382 1 2 
117 11 0.0 18 6 0 0 20 16 3 4.17975146992e-60 4 0 
117 11 0.0 7 17 3 0 43 35 2 0.16740627791 3 5 
117 11 0.0 20 6 1 0 10 2 3 1.01659093967e-77 2 0 
117 11 0.0 12 2 0 0 19 12 2 0.144012701807 2 1 
117 11 0.0 9 10 2 0 17 24 2 0.0863521036449 2 3 
117 11 0.0 15 22 3 0 33 33 3 1.03440011044e-51 5 3 
117 11 0.0 4 6 0 0 4 12 1 0.410103022557 0 2 
117 11 0.0 3 10 0 0 16 16 1 0.169948214568 0 4 
117 11 0.0 14 1 0 0 13 5 2 2.18587987233e-65 1 1 
117 11 0.0 21 8 2 0 12 12 3 5.62808624105e-39 4 0 
117 11 0.0 17 6 0 0 8 4 3 1.08617117006e-77 2 0 
117 11 0.0 16 10 3 0 17 11 3 5.89602337661e-39 3 1 
117 11 0.0 2 6 1 0 7 10 1 0.362136310231 0 3 
117 11 0.0 5 11 2 0 23 12 2 2.10649152887e-14 2 3 
117 11 0.0 11 9 2 0 23 22 2 9.97994182838e-73 2 3 
117 11 2.0 8 3 0 0 25 13 2 0.135704786891 3 1 
117 11 2.0 6 5 0 0 12 19 2 0.0530505672564 1 2 
117 11 2.0 19 6 0 0 12 4 3 0.296772800478 2 0 
117 11 2.0 10 6 1 0 15 10 3 1.29745675435e-27 2 1 
117 11 2.0 1 13 1 0 34 24 1 0.0690740458339 0 6 
117 11 2.0 13 5 0 0 12 19 2 0.0530328009015 1 2 
117 11 2.0 18 6 0 0 20 16 3 1.6473064761e-27 4 0 
117 11 2.0 7 17 3 0 43 35 2 0.0907239836937 3 5 
117 11 2.0 20 6 1 0 10 2 3 7.45422257299e-55 2 0 
117 11 2.0 12 2 0 0 19 12 2 0.266102799573 2 1 
117 11 2.0 9 10 2 0 17 24 2 0.058660467157 2 3 
117 11 2.0 15 22 3 0 33 33 3 2.36460539466e-28 5 3 
117 11 2.0 4 6 0 0 4 12 1 0.690663601369 0 2 
117 11 2.0 3 10 0 0 16 16 1 0.113060629109 0 4 
117 11 2.0 14 1 0 0 13 5 2 1.33397564974e-24 1 1 
117 11 2.0 21 8 2 0 12 12 3 0.025752950521 4 0 
117 11 2.0 17 6 0 0 8 4 3 1.10807670682e-54 2 0 
117 11 2.0 16 10 3 0 17 11 3 1.08510376153e-27 3 1 
117 11 2.0 2 6 1 0 7 10 1 0.219553304446 0 3 
117 11 2.0 5 11 2 0 23 12 2 0.00965064846924 2 3 
117 11 2.0 11 9 2 0 23 22 2 3.39468394782e-43 2 3 
117 12 0.0 8 3 0 0 25 13 2 0.167381937373 3 1 
117 12 0.0 6 5 0 0 12 19 2 0.0174714224754 1 2 
117 12 0.0 19 6 0 0 12 4 3 0.00571515778092 2 0 
117 12 0.0 10 6 1 0 15 10 3 1.43523207923e-40 2 1 
117 12 0.0 1 13 1 0 34 24 1 0.0192097894783 0 6 
117 12 0.0 13 5 0 0 12 19 2 0.0219729571356 1 2 
117 12 0.0 18 6 0 0 20 16 3 5.89996437888e-60 4 0 
117 12 0.0 7 17 3 0 43 35 2 0.167381915776 3 5 
117 12 0.0 20 6 1 0 10 2 3 1.0915784183e-77 2 0 
117 12 0.0 12 2 0 0 19 12 2 0.144058238382 2 1 
117 12 0.0 9 10 2 0 17 24 2 0.0863146836708 2 3 
117 12 0.0 15 22 3 0 33 33 3 1.51742226838e-52 5 3 
117 12 0.0 4 6 0 0 4 12 1 0.410228984194 0 2 
117 12 0.0 3 10 0 0 16 16 1 0.169983841166 0 4 
117 12 0.0 14 1 0 0 13 5 2 2.8542609066e-67 1 1 
117 12 0.0 21 8 2 0 12 12 3 1.07374191115e-39 4 0 
117 12 0.0 17 6 0 0 8 4 3 1.03877782747e-77 2 0 
117 12 0.0 16 10 3 0 17 11 3 3.80436589649e-40 3 1 
117 12 0.0 2 6 1 0 7 10 1 0.362126519914 0 3 
117 12 0.0 5 11 2 0 23 12 2 2.9042443544e-14 2 3 
117 12 0.0 11 9 2 0 23 22 2 4.57671726525e-73 2 3 
117 12 2.0 8 3 0 0 25 13 2 0.135056335697 3 1 
117 12 2.0 6 5 0 0 12 19 2 0.0531585464467 1 2 
117 12 2.0 19 6 0 0 12 4 3 0.296794076068 2 0 
117 12 2.0 10 6 1 0 15 10 3 4.88182149334e-27 2 1 
117 12 2.0 1 13 1 0 34 24 1 0.0687830249415 0 6 
117 12 2.0 13 5 0 0 12 19 2 0.0529080194376 1 2 
117 12 2.0 18 6 0 0 20 16 3 1.7040587303e-27 4 0 
117 12 2.0 7 17 3 0 43 35 2 0.0913724465985 3 5 
117 12 2.0 20 6 1 0 10 2 3 7.13115093704e-55 2 0 
117 12 2.0 12 2 0 0 19 12 2 0.265783490815 2 1 
117 12 2.0 9 10 2 0 17 24 2 0.058666378454 2 3 
117 12 2.0 15 22 3 0 33 33 3 3.60170833202e-26 5 3 
117 12 2.0 4 6 0 0 4 12 1 0.690569945073 0 2 
117 12 2.0 3 10 0 0 16 16 1 0.113060376476 0 4 
117 12 2.0 14 1 0 0 13 5 2 5.40701812074e-27 1 1 
117 12 2.0 21 8 2 0 12 12 3 0.0251284502688 4 0 
117 12 2.0 17 6 0 0 8 4 3 6.08246519361e-55 2 0 
117 12 2.0 16 10 3 0 17 11 3 3.28785617967e-27 3 1 
117 12 2.0 2 6 1 0 7 10 1 0.219395982189 0 3 
117 12 2.0 5 11 2 0 23 12 2 0.00984352985452 2 3 
117 12 2.0 11 9 2 0 23 22 2 5.27461044814e-46 2 3 
117 13 0.0 8 3 0 0 25 13 2 0.167395467283 3 1 
117 13 0.0 6 5 0 0 12 19 2 0.0195992944807 1 2 
117 13 0.0 19 6 0 0 12 4 3 0.00566401105138 2 0 
117 13 0.0 10 6 1 0 15 10 3 3.58954917143e-40 2 1 
117 13 0.0 1 13 1 0 34 24 1 0.0191949766364 0 6 
117 13 0.0 13 5 0 0 12 19 2 0.0198284472634 1 2 
117 13 0.0 18 6 0 0 20 16 3 7.35155457068e-60 4 0 
117 13 0.0 7 17 3 0 43 35 2 0.167395452458 3 5 
117 13 0.0 20 6 1 0 10 2 3 6.11380449588e-78 2 0 
117 13 0.0 12 2 0 0 19 12 2 0.144031869858 2 1 
117 13 0.0 9 10 2 0 17 24 2 0.086336003135 2 3 
117 13 0.0 15 22 3 0 33 33 3 1.39470581178e-51 5 3 
117 13 0.0 4 6 0 0 4 12 1 0.410151730758 0 2 
117 13 0.0 3 10 0 0 16 16 1 0.169941433375 0 4 
117 13 0.0 14 1 0 0 13 5 2 3.33171684606e-64 1 1 
117 13 0.0 21 8 2 0 12 12 3 7.26587117816e-39 4 0 
117 13 0.0 17 6 0 0 8 4 3 1.06518925241e-77 2 0 
117 13 0.0 16 10 3 0 17 11 3 2.27058566287e-39 3 1 
117 13 0.0 2 6 1 0 7 10 1 0.362132992751 0 3 
117 13 0.0 5 11 2 0 23 12 2 4.74033641229e-14 2 3 
117 13 0.0 11 9 2 0 23 22 2 3.05174090287e-70 2 3 
117 13 2.0 8 3 0 0 25 13 2 0.137366692767 3 1 
117 13 2.0 6 5 0 0 12 19 2 0.0530492846048 1 2 
117 13 2.0 19 6 0 0 12 4 3 0.296620884959 2 0 
117 13 2.0 10 6 1 0 15 10 3 3.7303033945e-29 2 1 
117 13 2.0 1 13 1 0 34 24 1 0.0698385343177 0 6 
117 13 2.0 13 5 0 0 12 19 2 0.0530862602223 1 2 
117 13 2.0 18 6 0 0 20 16 3 8.11620123704e-28 4 0 
117 13 2.0 7 17 3 0 43 35 2 0.0890460212592 3 5 
117 13 2.0 20 6 1 0 10 2 3 9.81781232814e-55 2 0 
117 13 2.0 12 2 0 0 19 12 2 0.267573561686 2 1 
117 13 2.0 9 10 2 0 17 24 2 0.0585701040854 2 3 
117 13 2.0 15 22 3 0 33 33 3 4.15599875283e-29 5 3 
117 13 2.0 4 6 0 0 4 12 1 0.690928864123 0 2 
117 13 2.0 3 10 0 0 16 16 1 0.113063320682 0 4 
117 13 2.0 14 1 0 0 13 5 2 1.98722395097e-28 1 1 
117 13 2.0 21 8 2 0 12 12 3 0.0277699518739 4 0 
117 13 2.0 17 6 0 0 8 4 3 7.73110452295e-55 2 0 
117 13 2.0 16 10 3 0 17 11 3 2.29493519472e-28 3 1 
117 13 2.0 2 6 1 0 7 10 1 0.220332928697 0 3 
117 13 2.0 5 11 2 0 23 12 2 0.008701705259 2 3 
117 13 2.0 11 9 2 0 23 22 2 7.8164747736e-46 2 3 
117 14 0.0 8 3 0 0 25 13 2 0.167362214771 3 1 
117 14 0.0 6 5 0 0 12 19 2 0.0199556705575 1 2 
117 14 0.0 19 6 0 0 12 4 3 0.00573603190303 2 0 
117 14 0.0 10 6 1 0 15 10 3 3.90822175817e-41 2 1 
117 14 0.0 1 13 1 0 34 24 1 0.0192231055945 0 6 
117 14 0.0 13 5 0 0 12 19 2 0.0194973051517 1 2 
117 14 0.0 18 6 0 0 20 16 3 2.08223023858e-60 4 0 
117 14 0.0 7 17 3 0 43 35 2 0.167362197104 3 5 
117 14 0.0 20 6 1 0 10 2 3 1.19615408544e-77 2 0 
117 14 0.0 12 2 0 0 19 12 2 0.144091527805 2 1 
117 14 0.0 9 10 2 0 17 24 2 0.0862864957367 2 3 
117 14 0.0 15 22 3 0 33 33 3 7.24341089268e-52 5 3 
117 14 0.0 4 6 0 0 4 12 1 0.410308727365 0 2 
117 14 0.0 3 10 0 0 16 16 1 0.169941355237 0 4 
117 14 0.0 14 1 0 0 13 5 2 5.48226601698e-65 1 1 
117 14 0.0 21 8 2 0 12 12 3 4.61830396325e-39 4 0 
117 14 0.0 17 6 0 0 8 4 3 1.19773115713e-77 2 0 
117 14 0.0 16 10 3 0 17 11 3 7.76145263289e-40 3 1 
117 14 0.0 2 6 1 0 7 10 1 0.362121210171 0 3 
117 14 0.0 5 11 2 0 23 12 2 3.39562152471e-14 2 3 
117 14 0.0 11 9 2 0 23 22 2 5.21711783925e-73 2 3 
117 14 2.0 8 3 0 0 25 13 2 0.136679037609 3 1 
117 14 2.0 6 5 0 0 12 19 2 0.0531647449228 1 2 
117 14 2.0 19 6 0 0 12 4 3 0.296705355796 2 0 
117 14 2.0 10 6 1 0 15 10 3 7.50067717597e-26 2 1 
117 14 2.0 1 13 1 0 34 24 1 0.06950688626 0 6 
117 14 2.0 13 5 0 0 12 19 2 0.052946945919 1 2 
117 14 2.0 18 6 0 0 20 16 3 7.51936721778e-28 4 0 
117 14 2.0 7 17 3 0 43 35 2 0.0897439063513 3 5 
117 14 2.0 20 6 1 0 10 2 3 5.09675333181e-55 2 0 
117 14 2.0 12 2 0 0 19 12 2 0.26680329434 2 1 
117 14 2.0 9 10 2 0 17 24 2 0.0586228781916 2 3 
117 14 2.0 15 22 3 0 33 33 3 1.02609373769e-26 5 3 
117 14 2.0 4 6 0 0 4 12 1 0.690812571645 0 2 
117 14 2.0 3 10 0 0 16 16 1 0.113061684624 0 4 
117 14 2.0 14 1 0 0 13 5 2 4.90221326963e-26 1 1 
117 14 2.0 21 8 2 0 12 12 3 0.0268181824485 4 0 
117 14 2.0 17 6 0 0 8 4 3 9.45588104296e-55 2 0 
117 14 2.0 16 10 3 0 17 11 3 1.91068906398e-27 3 1 
117 14 2.0 2 6 1 0 7 10 1 0.219917532395 0 3 
117 14 2.0 5 11 2 0 23 12 2 0.0092088435777 2 3 
117 14 2.0 11 9 2 0 23 22 2 8.3925080238e-42 2 3 
117 15 0.0 8 3 0 0 25 13 2 0.167469400797 3 1 
117 15 0.0 6 5 0 0 12 19 2 0.019719978373 1 2 
117 15 0.0 19 6 0 0 12 4 3 0.00550441704581 2 0 
117 15 0.0 10 6 1 0 15 10 3 3.67917273061e-41 2 1 
117 15 0.0 1 13 1 0 34 24 1 0.0191327962366 0 6 
117 15 0.0 13 5 0 0 12 19 2 0.0196518070944 1 2 
117 15 0.0 18 6 0 0 20 16 3 2.7494700373e-60 4 0 
117 15 0.0 7 17 3 0 43 35 2 0.167469380006 3 5 
117 15 0.0 20 6 1 0 10 2 3 1.2951508507e-77 2 0 
117 15 0.0 12 2 0 0 19 12 2 0.143899979667 2 1 
117 15 0.0 9 10 2 0 17 24 2 0.0864454778101 2 3 
117 15 0.0 15 22 3 0 33 33 3 6.81229926926e-52 5 3 
117 15 0.0 4 6 0 0 4 12 1 0.4098036608 0 2 
117 15 0.0 3 10 0 0 16 16 1 0.169942081002 0 4 
117 15 0.0 14 1 0 0 13 5 2 2.1892653401e-66 1 1 
117 15 0.0 21 8 2 0 12 12 3 4.09274227141e-39 4 0 
117 15 0.0 17 6 0 0 8 4 3 1.1551463253e-77 2 0 
117 15 0.0 16 10 3 0 17 11 3 6.04998031358e-40 3 1 
117 15 0.0 2 6 1 0 7 10 1 0.362159035065 0 3 
117 15 0.0 5 11 2 0 23 12 2 2.09240778822e-14 2 3 
117 15 0.0 11 9 2 0 23 22 2 1.23612498503e-73 2 3 
117 15 2.0 8 3 0 0 25 13 2 0.136422837647 3 1 
117 15 2.0 6 5 0 0 12 19 2 0.0530079688563 1 2 
117 15 2.0 19 6 0 0 12 4 3 0.296724090475 2 0 
117 15 2.0 10 6 1 0 15 10 3 3.0092277984e-27 2 1 
117 15 2.0 1 13 1 0 34 24 1 0.069404937099 0 6 
117 15 2.0 13 5 0 0 12 19 2 0.0530979427384 1 2 
117 15 2.0 18 6 0 0 20 16 3 7.64518355137e-28 4 0 
117 15 2.0 7 17 3 0 43 35 2 0.090001894993 3 5 
117 15 2.0 20 6 1 0 10 2 3 3.40560836381e-55 2 0 
117 15 2.0 12 2 0 0 19 12 2 0.266629241024 2 1 
117 15 2.0 9 10 2 0 17 24 2 0.0586381829078 2 3 
117 15 2.0 15 22 3 0 33 33 3 5.62579144523e-27 5 3 
117 15 2.0 4 6 0 0 4 12 1 0.690772664044 0 2 
117 15 2.0 3 10 0 0 16 16 1 0.113062778715 0 4 
117 15 2.0 14 1 0 0 13 5 2 3.04203317398e-25 1 1 
117 15 2.0 21 8 2 0 12 12 3 0.0265663645024 4 0 
117 15 2.0 17 6 0 0 8 4 3 1.22958425089e-54 2 0 
117 15 2.0 16 10 3 0 17 11 3 9.7763227866e-28 3 1 
117 15 2.0 2 6 1 0 7 10 1 0.219830813304 0 3 
117 15 2.0 5 11 2 0 23 12 2 0.00931327083084 2 3 
117 15 2.0 11 9 2 0 23 22 2 9.56726544505e-42 2 3 
117 16 0.0 8 3 0 0 25 13 2 0.167390906094 3 1 
117 16 0.0 6 5 0 0 12 19 2 0.0195348430486 1 2 
117 16 0.0 19 6 0 0 12 4 3 0.00567356948312 2 0 
117 16 0.0 10 6 1 0 15 10 3 1.45345912554e-38 2 1 
117 16 0.0 1 13 1 0 34 24 1 0.0191980475522 0 6 
117 16 0.0 13 5 0 0 12 19 2 0.0198963410238 1 2 
117 16 0.0 18 6 0 0 20 16 3 3.69031007249e-60 4 0 
117 16 0.0 7 17 3 0 43 35 2 0.167390895311 3 5 
117 16 0.0 20 6 1 0 10 2 3 6.8437098344e-78 2 0 
117 16 0.0 12 2 0 0 19 12 2 0.14403870659 2 1 
117 16 0.0 9 10 2 0 17 24 2 0.0863303297394 2 3 
117 16 0.0 15 22 3 0 33 33 3 5.86479002622e-52 5 3 
117 16 0.0 4 6 0 0 4 12 1 0.410173233335 0 2 
117 16 0.0 3 10 0 0 16 16 1 0.169941487752 0 4 
117 16 0.0 14 1 0 0 13 5 2 1.8486769396e-64 1 1 
117 16 0.0 21 8 2 0 12 12 3 3.06501388888e-39 4 0 
117 16 0.0 17 6 0 0 8 4 3 1.3236424779e-77 2 0 
117 16 0.0 16 10 3 0 17 11 3 1.02427606102e-38 3 1 
117 16 0.0 2 6 1 0 7 10 1 0.3621317677 0 3 
117 16 0.0 5 11 2 0 23 12 2 4.14946593953e-14 2 3 
117 16 0.0 11 9 2 0 23 22 2 4.36175063619e-70 2 3 
117 16 2.0 8 3 0 0 25 13 2 0.135235209238 3 1 
117 16 2.0 6 5 0 0 12 19 2 0.0530181934944 1 2 
117 16 2.0 19 6 0 0 12 4 3 0.296791256044 2 0 
117 16 2.0 10 6 1 0 15 10 3 1.31893405971e-28 2 1 
117 16 2.0 1 13 1 0 34 24 1 0.0688725703231 0 6 
117 16 2.0 13 5 0 0 12 19 2 0.0530536121988 1 2 
117 16 2.0 18 6 0 0 20 16 3 1.31670317644e-27 4 0 
117 16 2.0 7 17 3 0 43 35 2 0.0911950795939 3 5 
117 16 2.0 20 6 1 0 10 2 3 1.95244116803e-55 2 0 
117 16 2.0 12 2 0 0 19 12 2 0.265872655377 2 1 
117 16 2.0 9 10 2 0 17 24 2 0.0586688206489 2 3 
117 16 2.0 15 22 3 0 33 33 3 1.08299919028e-24 5 3 
117 16 2.0 4 6 0 0 4 12 1 0.690593939663 0 2 
117 16 2.0 3 10 0 0 16 16 1 0.113062858051 0 4 
117 16 2.0 14 1 0 0 13 5 2 1.31122662908e-24 1 1 
117 16 2.0 21 8 2 0 12 12 3 0.0253178624928 4 0 
117 16 2.0 17 6 0 0 8 4 3 5.93834320231e-55 2 0 
117 16 2.0 16 10 3 0 17 11 3 2.32897582692e-28 3 1 
117 16 2.0 2 6 1 0 7 10 1 0.219442182801 0 3 
117 16 2.0 5 11 2 0 23 12 2 0.00978627363426 2 3 
117 16 2.0 11 9 2 0 23 22 2 1.76387631458e-42 2 3 
117 17 0.0 8 3 0 0 25 13 2 0.167369373861 3 1 
117 17 0.0 6 5 0 0 12 19 2 0.0187541650669 1 2 
117 17 0.0 19 6 0 0 12 4 3 0.00572395676835 2 0 
117 17 0.0 10 6 1 0 15 10 3 1.6474873459e-39 2 1 
117 17 0.0 1 13 1 0 34 24 1 0.0192168357929 0 6 
117 17 0.0 13 5 0 0 12 19 2 0.0206944537897 1 2 
117 17 0.0 18 6 0 0 20 16 3 1.35737286135e-60 4 0 
117 17 0.0 7 17 3 0 43 35 2 0.167369358588 3 5 
117 17 0.0 20 6 1 0 10 2 3 1.05674046116e-77 2 0 
117 17 0.0 12 2 0 0 19 12 2 0.144080742017 2 1 
117 17 0.0 9 10 2 0 17 24 2 0.0862951723922 2 3 
117 17 0.0 15 22 3 0 33 33 3 6.46306911187e-53 5 3 
117 17 0.0 4 6 0 0 4 12 1 0.410276673295 0 2 
117 17 0.0 3 10 0 0 16 16 1 0.169949000012 0 4 
117 17 0.0 14 1 0 0 13 5 2 1.81172478699e-65 1 1 
117 17 0.0 21 8 2 0 12 12 3 2.64138205905e-39 4 0 
117 17 0.0 17 6 0 0 8 4 3 1.32750576674e-77 2 0 
117 17 0.0 16 10 3 0 17 11 3 1.19121532154e-39 3 1 
117 17 0.0 2 6 1 0 7 10 1 0.362124004816 0 3 
117 17 0.0 5 11 2 0 23 12 2 7.03255182327e-14 2 3 
117 17 0.0 11 9 2 0 23 22 2 6.73715308396e-71 2 3 
117 17 2.0 8 3 0 0 25 13 2 0.136610870881 3 1 
117 17 2.0 6 5 0 0 12 19 2 0.0530372104182 1 2 
117 17 2.0 19 6 0 0 12 4 3 0.296706507951 2 0 
117 17 2.0 10 6 1 0 15 10 3 3.27437472546e-25 2 1 
117 17 2.0 1 13 1 0 34 24 1 0.0694888630169 0 6 
117 17 2.0 13 5 0 0 12 19 2 0.053074407841 1 2 
117 17 2.0 18 6 0 0 20 16 3 1.29572622048e-27 4 0 
117 17 2.0 7 17 3 0 43 35 2 0.0898116023376 3 5 
117 17 2.0 20 6 1 0 10 2 3 5.34316267608e-55 2 0 
117 17 2.0 12 2 0 0 19 12 2 0.266785622357 2 1 
117 17 2.0 9 10 2 0 17 24 2 0.0586290362129 2 3 
117 17 2.0 15 22 3 0 33 33 3 6.84294626614e-28 5 3 
117 17 2.0 4 6 0 0 4 12 1 0.690803186205 0 2 
117 17 2.0 3 10 0 0 16 16 1 0.113062113902 0 4 
117 17 2.0 14 1 0 0 13 5 2 8.89755872314e-26 1 1 
117 17 2.0 21 8 2 0 12 12 3 0.0267861554609 4 0 
117 17 2.0 17 6 0 0 8 4 3 8.01753247849e-55 2 0 
117 17 2.0 16 10 3 0 17 11 3 1.22035174456e-26 3 1 
117 17 2.0 2 6 1 0 7 10 1 0.219913856775 0 3 
117 17 2.0 5 11 2 0 23 12 2 0.00921295348523 2 3 
117 17 2.0 11 9 2 0 23 22 2 1.00589671178e-42 2 3 
117 18 0.0 8 3 0 0 25 13 2 0.167520589996 3 1 
117 18 0.0 6 5 0 0 12 19 2 0.0203420404131 1 2 
117 18 0.0 19 6 0 0 12 4 3 0.00539634514046 2 0 
117 18 0.0 10 6 1 0 15 10 3 3.27534166246e-39 2 1 
117 18 0.0 1 13 1 0 34 24 1 0.0190909016681 0 6 
117 18 0.0 13 5 0 0 12 19 2 0.0189916398203 1 2 
117 18 0.0 18 6 0 0 20 16 3 2.61178648562e-60 4 0 
117 18 0.0 7 17 3 0 43 35 2 0.167520579265 3 5 
117 18 0.0 20 6 1 0 10 2 3 1.21121555142e-77 2 0 
117 18 0.0 12 2 0 0 19 12 2 0.143810381237 2 1 
117 18 0.0 9 10 2 0 17 24 2 0.0865199173177 2 3 
117 18 0.0 15 22 3 0 33 33 3 2.20285289291e-51 5 3 
117 18 0.0 4 6 0 0 4 12 1 0.409564436891 0 2 
117 18 0.0 3 10 0 0 16 16 1 0.169946327602 0 4 
117 18 0.0 14 1 0 0 13 5 2 8.13650621529e-66 1 1 
117 18 0.0 21 8 2 0 12 12 3 1.61923240471e-38 4 0 
117 18 0.0 17 6 0 0 8 4 3 1.21590859503e-77 2 0 
117 18 0.0 16 10 3 0 17 11 3 8.32515143479e-39 3 1 
117 18 0.0 2 6 1 0 7 10 1 0.362176501551 0 3 
117 18 0.0 5 11 2 0 23 12 2 1.53309994676e-14 2 3 
117 18 0.0 11 9 2 0 23 22 2 1.21881903595e-72 2 3 
117 18 2.0 8 3 0 0 25 13 2 0.135039398441 3 1 
117 18 2.0 6 5 0 0 12 19 2 0.0532363070309 1 2 
117 18 2.0 19 6 0 0 12 4 3 0.296796637127 2 0 
117 18 2.0 10 6 1 0 15 10 3 7.97288300486e-31 2 1 
117 18 2.0 1 13 1 0 34 24 1 0.0687656913687 0 6 
117 18 2.0 13 5 0 0 12 19 2 0.0528304205015 1 2 
117 18 2.0 18 6 0 0 20 16 3 1.42165808496e-27 4 0 
117 18 2.0 7 17 3 0 43 35 2 0.0913896944173 3 5 
117 18 2.0 20 6 1 0 10 2 3 9.27216207501e-55 2 0 
117 18 2.0 12 2 0 0 19 12 2 0.265764913917 2 1 
117 18 2.0 9 10 2 0 17 24 2 0.0586656422461 2 3 
117 18 2.0 15 22 3 0 33 33 3 1.5868289329e-27 5 3 
117 18 2.0 4 6 0 0 4 12 1 0.690565297521 0 2 
117 18 2.0 3 10 0 0 16 16 1 0.113061386912 0 4 
117 18 2.0 14 1 0 0 13 5 2 1.25609953974e-25 1 1 
117 18 2.0 21 8 2 0 12 12 3 0.0250893782538 4 0 
117 18 2.0 17 6 0 0 8 4 3 8.14016024515e-55 2 0 
117 18 2.0 16 10 3 0 17 11 3 7.12534063479e-28 3 1 
117 18 2.0 2 6 1 0 7 10 1 0.219385889065 0 3 
117 18 2.0 5 11 2 0 23 12 2 0.00985619967435 2 3 
117 18 2.0 11 9 2 0 23 22 2 2.42588401028e-44 2 3 
117 19 0.0 8 3 0 0 25 13 2 0.167393091962 3 1 
117 19 0.0 6 5 0 0 12 19 2 0.018244527 1 2 
117 19 0.0 19 6 0 0 12 4 3 0.00567923504831 2 0 
117 19 0.0 10 6 1 0 15 10 3 6.19863115879e-41 2 1 
117 19 0.0 1 13 1 0 34 24 1 0.0191999650552 0 6 
117 19 0.0 13 5 0 0 12 19 2 0.021187813456 1 2 
117 19 0.0 18 6 0 0 20 16 3 5.1965589882e-60 4 0 
117 19 0.0 7 17 3 0 43 35 2 0.167393073858 3 5 
117 19 0.0 20 6 1 0 10 2 3 9.46652499199e-78 2 0 
117 19 0.0 12 2 0 0 19 12 2 0.144038354834 2 1 
117 19 0.0 9 10 2 0 17 24 2 0.0863310212828 2 3 
117 19 0.0 15 22 3 0 33 33 3 1.75831073347e-52 5 3 
117 19 0.0 4 6 0 0 4 12 1 0.410169006265 0 2 
117 19 0.0 3 10 0 0 16 16 1 0.169959632793 0 4 
117 19 0.0 14 1 0 0 13 5 2 1.25335498049e-64 1 1 
117 19 0.0 21 8 2 0 12 12 3 6.55061584331e-39 4 0 
117 19 0.0 17 6 0 0 8 4 3 1.2777621635e-77 2 0 
117 19 0.0 16 10 3 0 17 11 3 1.18875959543e-39 3 1 
117 19 0.0 2 6 1 0 7 10 1 0.362130611481 0 3 
117 19 0.0 5 11 2 0 23 12 2 4.46186811194e-14 2 3 
117 19 0.0 11 9 2 0 23 22 2 3.00519426581e-72 2 3 
117 19 2.0 8 3 0 0 25 13 2 0.137080398455 3 1 
117 19 2.0 6 5 0 0 12 19 2 0.0530810826373 1 2 
117 19 2.0 19 6 0 0 12 4 3 0.296171250715 2 0 
117 19 2.0 10 6 1 0 15 10 3 2.38149208606e-27 2 1 
117 19 2.0 1 13 1 0 34 24 1 0.0700073090755 0 6 
117 19 2.0 13 5 0 0 12 19 2 0.053069587766 1 2 
117 19 2.0 18 6 0 0 20 16 3 2.57515541747e-28 4 0 
117 19 2.0 7 17 3 0 43 35 2 0.0892770774556 3 5 
117 19 2.0 20 6 1 0 10 2 3 9.14306961517e-55 2 0 
117 19 2.0 12 2 0 0 19 12 2 0.270628318524 2 1 
117 19 2.0 9 10 2 0 17 24 2 0.0583732574658 2 3 
117 19 2.0 15 22 3 0 33 33 3 4.10185375426e-30 5 3 
117 19 2.0 4 6 0 0 4 12 1 0.690969749749 0 2 
117 19 2.0 3 10 0 0 16 16 1 0.113073130288 0 4 
117 19 2.0 14 1 0 0 13 5 2 2.68558796739e-29 1 1 
117 19 2.0 21 8 2 0 12 12 3 0.0297923071801 4 0 
117 19 2.0 17 6 0 0 8 4 3 7.7674300041e-55 2 0 
117 19 2.0 16 10 3 0 17 11 3 1.53794599056e-28 3 1 
117 19 2.0 2 6 1 0 7 10 1 0.222123828974 0 3 
117 19 2.0 5 11 2 0 23 12 2 0.0064112370096 2 3 
117 19 2.0 11 9 2 0 23 22 2 5.51107055536e-46 2 3 
117 20 0.0 8 3 0 0 25 13 2 0.167329184787 3 1 
117 20 0.0 6 5 0 0 12 19 2 0.019691129641 1 2 
117 20 0.0 19 6 0 0 12 4 3 0.00580571943628 2 0 
117 20 0.0 10 6 1 0 15 10 3 7.51236702121e-40 2 1 
117 20 0.0 1 13 1 0 34 24 1 0.0192481256295 0 6 
117 20 0.0 13 5 0 0 12 19 2 0.0197866380651 1 2 
117 20 0.0 18 6 0 0 20 16 3 1.1949513534e-60 4 0 
117 20 0.0 7 17 3 0 43 35 2 0.167329164273 3 5 
117 20 0.0 20 6 1 0 10 2 3 3.592777758e-78 2 0 
117 20 0.0 12 2 0 0 19 12 2 0.144150967125 2 1 
117 20 0.0 9 10 2 0 17 24 2 0.086236547782 2 3 
117 20 0.0 15 22 3 0 33 33 3 4.41629142838e-51 5 3 
117 20 0.0 4 6 0 0 4 12 1 0.410463487874 0 2 
117 20 0.0 3 10 0 0 16 16 1 0.169940450019 0 4 
117 20 0.0 14 1 0 0 13 5 2 3.12949273931e-64 1 1 
117 20 0.0 21 8 2 0 12 12 3 4.9411951741e-40 4 0 
117 20 0.0 17 6 0 0 8 4 3 1.42519565202e-77 2 0 
117 20 0.0 16 10 3 0 17 11 3 2.80332849653e-40 3 1 
117 20 0.0 2 6 1 0 7 10 1 0.362111211157 0 3 
117 20 0.0 5 11 2 0 23 12 2 5.09195628361e-14 2 3 
117 20 0.0 11 9 2 0 23 22 2 7.39265328864e-70 2 3 
117 20 2.0 8 3 0 0 25 13 2 0.136889134973 3 1 
117 20 2.0 6 5 0 0 12 19 2 0.0530852228823 1 2 
117 20 2.0 19 6 0 0 12 4 3 0.296662772715 2 0 
117 20 2.0 10 6 1 0 15 10 3 2.16921294714e-29 2 1 
117 20 2.0 1 13 1 0 34 24 1 0.0696399335528 0 6 
117 20 2.0 13 5 0 0 12 19 2 0.0530358397412 1 2 
117 20 2.0 18 6 0 0 20 16 3 9.10247956443e-28 4 0 
117 20 2.0 7 17 3 0 43 35 2 0.0895282655134 3 5 
117 20 2.0 20 6 1 0 10 2 3 5.62178269465e-55 2 0 
117 20 2.0 12 2 0 0 19 12 2 0.267152127406 2 1 
117 20 2.0 9 10 2 0 17 24 2 0.0586087840394 2 3 
117 20 2.0 15 22 3 0 33 33 3 1.16095246401e-27 5 3 
117 20 2.0 4 6 0 0 4 12 1 0.690853402678 0 2 
117 20 2.0 3 10 0 0 16 16 1 0.113062191211 0 4 
117 20 2.0 14 1 0 0 13 5 2 1.93569809029e-25 1 1 
117 20 2.0 21 8 2 0 12 12 3 0.0272357831936 4 0 
117 20 2.0 17 6 0 0 8 4 3 9.92552807987e-55 2 0 
117 20 2.0 16 10 3 0 17 11 3 5.60801773601e-29 3 1 
117 20 2.0 2 6 1 0 7 10 1 0.220116129186 0 3 
117 20 2.0 5 11 2 0 23 12 2 0.00896468835864 2 3 
117 20 2.0 11 9 2 0 23 22 2 1.56460532116e-42 2 3 
117 21 0.0 8 3 0 0 25 13 2 0.167338542285 3 1 
117 21 0.0 6 5 0 0 12 19 2 0.0198335148653 1 2 
117 21 0.0 19 6 0 0 12 4 3 0.00578605323991 2 0 
117 21 0.0 10 6 1 0 15 10 3 1.0121241196e-38 2 1 
117 21 0.0 1 13 1 0 34 24 1 0.01924120889 0 6 
117 21 0.0 13 5 0 0 12 19 2 0.0196372373755 1 2 
117 21 0.0 18 6 0 0 20 16 3 2.8486499315e-60 4 0 
117 21 0.0 7 17 3 0 43 35 2 0.167338530468 3 5 
117 21 0.0 20 6 1 0 10 2 3 1.53589529821e-77 2 0 
117 21 0.0 12 2 0 0 19 12 2 0.14413331596 2 1 
117 21 0.0 9 10 2 0 17 24 2 0.0862515048883 2 3 
117 21 0.0 15 22 3 0 33 33 3 6.68408920928e-52 5 3 
117 21 0.0 4 6 0 0 4 12 1 0.410419801031 0 2 
117 21 0.0 3 10 0 0 16 16 1 0.169940612243 0 4 
117 21 0.0 14 1 0 0 13 5 2 2.03095032453e-64 1 1 
117 21 0.0 21 8 2 0 12 12 3 2.14900418006e-39 4 0 
117 21 0.0 17 6 0 0 8 4 3 6.03352385664e-78 2 0 
117 21 0.0 16 10 3 0 17 11 3 2.48712431864e-39 3 1 
117 21 0.0 2 6 1 0 7 10 1 0.362113899655 0 3 
117 21 0.0 5 11 2 0 23 12 2 6.1633575729e-14 2 3 
117 21 0.0 11 9 2 0 23 22 2 1.18186499544e-70 2 3 
117 21 2.0 8 3 0 0 25 13 2 0.137657101687 3 1 
117 21 2.0 6 5 0 0 12 19 2 0.0529980828217 1 2 
117 21 2.0 19 6 0 0 12 4 3 0.296340077014 2 0 
117 21 2.0 10 6 1 0 15 10 3 1.04259977372e-25 2 1 
117 21 2.0 1 13 1 0 34 24 1 0.0701883574917 0 6 
117 21 2.0 13 5 0 0 12 19 2 0.053161029145 1 2 
117 21 2.0 18 6 0 0 20 16 3 6.94644702982e-28 4 0 
117 21 2.0 7 17 3 0 43 35 2 0.0887183725248 3 5 
117 21 2.0 20 6 1 0 10 2 3 3.08600510888e-55 2 0 
117 21 2.0 12 2 0 0 19 12 2 0.269724279263 2 1 
117 21 2.0 9 10 2 0 17 24 2 0.0584217289509 2 3 
117 21 2.0 15 22 3 0 33 33 3 5.84653621414e-27 5 3 
117 21 2.0 4 6 0 0 4 12 1 0.691034430527 0 2 
117 21 2.0 3 10 0 0 16 16 1 0.11306809507 0 4 
117 21 2.0 14 1 0 0 13 5 2 2.68350343444e-28 1 1 
117 21 2.0 21 8 2 0 12 12 3 0.0295245711814 4 0 
117 21 2.0 17 6 0 0 8 4 3 9.55345662576e-55 2 0 
117 21 2.0 16 10 3 0 17 11 3 5.18268245855e-28 3 1 
117 21 2.0 2 6 1 0 7 10 1 0.221554103044 0 3 
117 21 2.0 5 11 2 0 23 12 2 0.00714891677765 2 3 
117 21 2.0 11 9 2 0 23 22 2 3.35612639769e-43 2 3 
117 22 0.0 8 3 0 0 25 13 2 0.168307945848 3 1 
117 22 0.0 6 5 0 0 12 19 2 0.0192966430163 1 2 
117 22 0.0 19 6 0 0 12 4 3 0.00367733674732 2 0 
117 22 0.0 10 6 1 0 15 10 3 3.62055436353e-39 2 1 
117 22 0.0 1 13 1 0 34 24 1 0.0183900558934 0 6 
117 22 0.0 13 5 0 0 12 19 2 0.019440873416 1 2 
117 22 0.0 18 6 0 0 20 16 3 1.86988738837e-60 4 0 
117 22 0.0 7 17 3 0 43 35 2 0.168307934266 3 5 
117 22 0.0 20 6 1 0 10 2 3 1.16517187467e-77 2 0 
117 22 0.0 12 2 0 0 19 12 2 0.142444828961 2 1 
117 22 0.0 9 10 2 0 17 24 2 0.0876437636295 2 3 
117 22 0.0 15 22 3 0 33 33 3 4.07178691692e-52 5 3 
117 22 0.0 4 6 0 0 4 12 1 0.40589896721 0 2 
117 22 0.0 3 10 0 0 16 16 1 0.169928842636 0 4 
117 22 0.0 14 1 0 0 13 5 2 1.14694990044e-69 1 1 
117 22 0.0 21 8 2 0 12 12 3 8.23898122758e-39 4 0 
117 22 0.0 17 6 0 0 8 4 3 8.00125783779e-78 2 0 
117 22 0.0 16 10 3 0 17 11 3 1.44506133502e-38 3 1 
117 22 0.0 2 6 1 0 7 10 1 0.362478584801 0 3 
117 22 0.0 5 11 2 0 23 12 2 4.47947765121e-15 2 3 
117 22 0.0 11 9 2 0 23 22 2 9.12123267407e-76 2 3 
117 22 2.0 8 3 0 0 25 13 2 0.135013318727 3 1 
117 22 2.0 6 5 0 0 12 19 2 0.0530688372734 1 2 
117 22 2.0 19 6 0 0 12 4 3 0.29679287951 2 0 
117 22 2.0 10 6 1 0 15 10 3 9.2458295658e-29 2 1 
117 22 2.0 1 13 1 0 34 24 1 0.0687810164508 0 6 
117 22 2.0 13 5 0 0 12 19 2 0.0529957551513 1 2 
117 22 2.0 18 6 0 0 20 16 3 7.08491334712e-28 4 0 
117 22 2.0 7 17 3 0 43 35 2 0.0914175375008 3 5 
117 22 2.0 20 6 1 0 10 2 3 5.60988106543e-55 2 0 
117 22 2.0 12 2 0 0 19 12 2 0.26579204742 2 1 
117 22 2.0 9 10 2 0 17 24 2 0.0586707405302 2 3 
117 22 2.0 15 22 3 0 33 33 3 5.94828198688e-28 5 3 
117 22 2.0 4 6 0 0 4 12 1 0.690563428665 0 2 
117 22 2.0 3 10 0 0 16 16 1 0.113062686762 0 4 
117 22 2.0 14 1 0 0 13 5 2 1.83476800861e-25 1 1 
117 22 2.0 21 8 2 0 12 12 3 0.0251359548937 4 0 
117 22 2.0 17 6 0 0 8 4 3 9.0177714743e-55 2 0 
117 22 2.0 16 10 3 0 17 11 3 5.50662118917e-29 3 1 
117 22 2.0 2 6 1 0 7 10 1 0.219405505523 0 3 
117 22 2.0 5 11 2 0 23 12 2 0.00983020644945 2 3 
117 22 2.0 11 9 2 0 23 22 2 1.23814912245e-43 2 3 
117 23 0.0 8 3 0 0 25 13 2 0.167391674997 3 1 
117 23 0.0 6 5 0 0 12 19 2 0.0199755673098 1 2 
117 23 0.0 19 6 0 0 12 4 3 0.0056723934255 2 0 
117 23 0.0 10 6 1 0 15 10 3 3.61904938804e-41 2 1 
117 23 0.0 1 13 1 0 34 24 1 0.0191980512442 0 6 
117 23 0.0 13 5 0 0 12 19 2 0.0194551207315 1 2 
117 23 0.0 18 6 0 0 20 16 3 5.13112813186e-60 4 0 
117 23 0.0 7 17 3 0 43 35 2 0.167391652094 3 5 
117 23 0.0 20 6 1 0 10 2 3 1.15216189449e-77 2 0 
117 23 0.0 12 2 0 0 19 12 2 0.144037667476 2 1 
117 23 0.0 9 10 2 0 17 24 2 0.0863312889915 2 3 
117 23 0.0 15 22 3 0 33 33 3 9.74258243194e-53 5 3 
117 23 0.0 4 6 0 0 4 12 1 0.410169929842 0 2 
117 23 0.0 3 10 0 0 16 16 1 0.169941813561 0 4 
117 23 0.0 14 1 0 0 13 5 2 4.49688552419e-65 1 1 
117 23 0.0 21 8 2 0 12 12 3 1.63649302907e-39 4 0 
117 23 0.0 17 6 0 0 8 4 3 1.36745449264e-77 2 0 
117 23 0.0 16 10 3 0 17 11 3 3.50033338194e-40 3 1 
117 23 0.0 2 6 1 0 7 10 1 0.362131679139 0 3 
117 23 0.0 5 11 2 0 23 12 2 6.10068249495e-14 2 3 
117 23 0.0 11 9 2 0 23 22 2 3.60443908242e-72 2 3 
117 23 2.0 8 3 0 0 25 13 2 0.134919924267 3 1 
117 23 2.0 6 5 0 0 12 19 2 0.0529227683954 1 2 
117 23 2.0 19 6 0 0 12 4 3 0.296794003148 2 0 
117 23 2.0 10 6 1 0 15 10 3 2.47905095869e-27 2 1 
117 23 2.0 1 13 1 0 34 24 1 0.0687370342104 0 6 
117 23 2.0 13 5 0 0 12 19 2 0.0531409684638 1 2 
117 23 2.0 18 6 0 0 20 16 3 1.75760691765e-27 4 0 
117 23 2.0 7 17 3 0 43 35 2 0.0915086323769 3 5 
117 23 2.0 20 6 1 0 10 2 3 4.03767299498e-55 2 0 
117 23 2.0 12 2 0 0 19 12 2 0.265753448331 2 1 
117 23 2.0 9 10 2 0 17 24 2 0.0586698371574 2 3 
117 23 2.0 15 22 3 0 33 33 3 7.66076356378e-28 5 3 
117 23 2.0 4 6 0 0 4 12 1 0.690551955338 0 2 
117 23 2.0 3 10 0 0 16 16 1 0.113061173483 0 4 
117 23 2.0 14 1 0 0 13 5 2 6.87006362884e-27 1 1 
117 23 2.0 21 8 2 0 12 12 3 0.025047293561 4 0 
117 23 2.0 17 6 0 0 8 4 3 1.10033846436e-54 2 0 
117 23 2.0 16 10 3 0 17 11 3 1.44589694639e-27 3 1 
117 23 2.0 2 6 1 0 7 10 1 0.219387007623 0 3 
117 23 2.0 5 11 2 0 23 12 2 0.0098539608236 2 3 
117 23 2.0 11 9 2 0 23 22 2 3.67717224292e-43 2 3 
117 24 0.0 8 3 0 0 25 13 2 0.167710780126 3 1 
117 24 0.0 6 5 0 0 12 19 2 0.0203418684969 1 2 
117 24 0.0 19 6 0 0 12 4 3 0.00498095960799 2 0 
117 24 0.0 10 6 1 0 15 10 3 4.14799263645e-39 2 1 
117 24 0.0 1 13 1 0 34 24 1 0.0189197565515 0 6 
117 24 0.0 13 5 0 0 12 19 2 0.0188476523057 1 2 
117 24 0.0 18 6 0 0 20 16 3 1.92221832445e-60 4 0 
117 24 0.0 7 17 3 0 43 35 2 0.167710764903 3 5 
117 24 0.0 20 6 1 0 10 2 3 9.19736600067e-78 2 0 
117 24 0.0 12 2 0 0 19 12 2 0.143466624478 2 1 
117 24 0.0 9 10 2 0 17 24 2 0.0868037667231 2 3 
117 24 0.0 15 22 3 0 33 33 3 1.18618549001e-51 5 3 
117 24 0.0 4 6 0 0 4 12 1 0.408671704717 0 2 
117 24 0.0 3 10 0 0 16 16 1 0.169946708772 0 4 
117 24 0.0 14 1 0 0 13 5 2 3.01187938208e-65 1 1 
117 24 0.0 21 8 2 0 12 12 3 7.99580934325e-40 4 0 
117 24 0.0 17 6 0 0 8 4 3 7.39730115284e-78 2 0 
117 24 0.0 16 10 3 0 17 11 3 1.12678306583e-38 3 1 
117 24 0.0 2 6 1 0 7 10 1 0.362249799582 0 3 
117 24 0.0 5 11 2 0 23 12 2 1.94773738477e-14 2 3 
117 24 0.0 11 9 2 0 23 22 2 3.75465748694e-71 2 3 
117 24 2.0 8 3 0 0 25 13 2 0.137428742604 3 1 
117 24 2.0 6 5 0 0 12 19 2 0.0530671601533 1 2 
117 24 2.0 19 6 0 0 12 4 3 0.296594815089 2 0 
117 24 2.0 10 6 1 0 15 10 3 1.08351150436e-25 2 1 
117 24 2.0 1 13 1 0 34 24 1 0.069892747284 0 6 
117 24 2.0 13 5 0 0 12 19 2 0.0530706165589 1 2 
117 24 2.0 18 6 0 0 20 16 3 3.96495415478e-28 4 0 
117 24 2.0 7 17 3 0 43 35 2 0.0889819402455 3 5 
117 24 2.0 20 6 1 0 10 2 3 5.46555824632e-55 2 0 
117 24 2.0 12 2 0 0 19 12 2 0.267779763148 2 1 
117 24 2.0 9 10 2 0 17 24 2 0.0585584074635 2 3 
117 24 2.0 15 22 3 0 33 33 3 3.52198170768e-28 5 3 
117 24 2.0 4 6 0 0 4 12 1 0.690943478814 0 2 
117 24 2.0 3 10 0 0 16 16 1 0.113065017761 0 4 
117 24 2.0 14 1 0 0 13 5 2 7.09755483246e-29 1 1 
117 24 2.0 21 8 2 0 12 12 3 0.0279767948184 4 0 
117 24 2.0 17 6 0 0 8 4 3 1.3060709688e-54 2 0 
117 24 2.0 16 10 3 0 17 11 3 1.16302128948e-27 3 1 
117 24 2.0 2 6 1 0 7 10 1 0.220451191585 0 3 
117 24 2.0 5 11 2 0 23 12 2 0.00855417244565 2 3 
117 24 2.0 11 9 2 0 23 22 2 2.8543927271e-44 2 3 
117 25 0.0 8 3 0 0 25 13 2 0.167355735086 3 1 
117 25 0.0 6 5 0 0 12 19 2 0.0200620470188 1 2 
117 25 0.0 19 6 0 0 12 4 3 0.00575036938583 2 0 
117 25 0.0 10 6 1 0 15 10 3 1.05871787531e-39 2 1 
117 25 0.0 1 13 1 0 34 24 1 0.0192288368782 0 6 
117 25 0.0 13 5 0 0 12 19 2 0.0193959073513 1 2 
117 25 0.0 18 6 0 0 20 16 3 7.24941045113e-60 4 0 
117 25 0.0 7 17 3 0 43 35 2 0.167355722231 3 5 
117 25 0.0 20 6 1 0 10 2 3 2.23020333184e-78 2 0 
117 25 0.0 12 2 0 0 19 12 2 0.144103173507 2 1 
117 25 0.0 9 10 2 0 17 24 2 0.0862768797952 2 3 
117 25 0.0 15 22 3 0 33 33 3 4.59439576991e-51 5 3 
117 25 0.0 4 6 0 0 4 12 1 0.410339490067 0 2 
117 25 0.0 3 10 0 0 16 16 1 0.169941759056 0 4 
117 25 0.0 14 1 0 0 13 5 2 1.28618044663e-64 1 1 
117 25 0.0 21 8 2 0 12 12 3 6.97312095996e-39 4 0 
117 25 0.0 17 6 0 0 8 4 3 1.85087249811e-77 2 0 
117 25 0.0 16 10 3 0 17 11 3 4.43966039021e-39 3 1 
117 25 0.0 2 6 1 0 7 10 1 0.362118774146 0 3 
117 25 0.0 5 11 2 0 23 12 2 6.56352800512e-14 2 3 
117 25 0.0 11 9 2 0 23 22 2 1.43350574473e-70 2 3 
117 25 2.0 8 3 0 0 25 13 2 0.136980779987 3 1 
117 25 2.0 6 5 0 0 12 19 2 0.0530682434892 1 2 
117 25 2.0 19 6 0 0 12 4 3 0.296653970928 2 0 
117 25 2.0 10 6 1 0 15 10 3 3.35567606442e-28 2 1 
117 25 2.0 1 13 1 0 34 24 1 0.0696758511605 0 6 
117 25 2.0 13 5 0 0 12 19 2 0.0530526579809 1 2 
117 25 2.0 18 6 0 0 20 16 3 1.95186075047e-28 4 0 
117 25 2.0 7 17 3 0 43 35 2 0.0894381004328 3 5 
117 25 2.0 20 6 1 0 10 2 3 8.30142466997e-55 2 0 
117 25 2.0 12 2 0 0 19 12 2 0.267222160352 2 1 
117 25 2.0 9 10 2 0 17 24 2 0.0586022186517 2 3 
117 25 2.0 15 22 3 0 33 33 3 2.75589826922e-29 5 3 
117 25 2.0 4 6 0 0 4 12 1 0.690866516385 0 2 
117 25 2.0 3 10 0 0 16 16 1 0.113063196007 0 4 
117 25 2.0 14 1 0 0 13 5 2 2.71221193281e-27 1 1 
117 25 2.0 21 8 2 0 12 12 3 0.0273307078572 4 0 
117 25 2.0 17 6 0 0 8 4 3 6.63846922084e-55 2 0 
117 25 2.0 16 10 3 0 17 11 3 4.6778024641e-28 3 1 
117 25 2.0 2 6 1 0 7 10 1 0.22015217399 0 3 
117 25 2.0 5 11 2 0 23 12 2 0.00892120691047 2 3 
117 25 2.0 11 9 2 0 23 22 2 2.36998330656e-44 2 3 
117 26 0.0 8 3 0 0 25 13 2 0.167356534448 3 1 
117 26 0.0 6 5 0 0 12 19 2 0.0192730528505 1 2 
117 26 0.0 19 6 0 0 12 4 3 0.00574897549982 2 0 
117 26 0.0 10 6 1 0 15 10 3 2.08731280395e-41 2 1 
117 26 0.0 1 13 1 0 34 24 1 0.0192281581128 0 6 
117 26 0.0 13 5 0 0 12 19 2 0.0201843983605 1 2 
117 26 0.0 18 6 0 0 20 16 3 4.0029605937e-61 4 0 
117 26 0.0 7 17 3 0 43 35 2 0.167356513468 3 5 
117 26 0.0 20 6 1 0 10 2 3 1.52024560864e-77 2 0 
117 26 0.0 12 2 0 0 19 12 2 0.144104621084 2 1 
117 26 0.0 9 10 2 0 17 24 2 0.0862753321877 2 3 
117 26 0.0 15 22 3 0 33 33 3 4.30179617603e-53 5 3 
117 26 0.0 4 6 0 0 4 12 1 0.410335482428 0 2 
117 26 0.0 3 10 0 0 16 16 1 0.169942717049 0 4 
117 26 0.0 14 1 0 0 13 5 2 7.43090063385e-65 1 1 
117 26 0.0 21 8 2 0 12 12 3 5.42536475717e-39 4 0 
117 26 0.0 17 6 0 0 8 4 3 1.12777312902e-77 2 0 
117 26 0.0 16 10 3 0 17 11 3 2.3311686241e-40 3 1 
117 26 0.0 2 6 1 0 7 10 1 0.36211920944 0 3 
117 26 0.0 5 11 2 0 23 12 2 4.44744195449e-14 2 3 
117 26 0.0 11 9 2 0 23 22 2 1.84268004552e-71 2 3 
117 26 2.0 8 3 0 0 25 13 2 0.135219372883 3 1 
117 26 2.0 6 5 0 0 12 19 2 0.0530042312196 1 2 
117 26 2.0 19 6 0 0 12 4 3 0.296794594847 2 0 
117 26 2.0 10 6 1 0 15 10 3 2.97425730301e-29 2 1 
117 26 2.0 1 13 1 0 34 24 1 0.0688493606643 0 6 
117 26 2.0 13 5 0 0 12 19 2 0.0530668343689 1 2 
117 26 2.0 18 6 0 0 20 16 3 1.11115349664e-27 4 0 
117 26 2.0 7 17 3 0 43 35 2 0.091210733274 3 5 
117 26 2.0 20 6 1 0 10 2 3 2.88191700065e-55 2 0 
117 26 2.0 12 2 0 0 19 12 2 0.265838990485 2 1 
117 26 2.0 9 10 2 0 17 24 2 0.0586658113395 2 3 
117 26 2.0 15 22 3 0 33 33 3 2.19744611152e-25 5 3 
117 26 2.0 4 6 0 0 4 12 1 0.690590198731 0 2 
117 26 2.0 3 10 0 0 16 16 1 0.113062091706 0 4 
117 26 2.0 14 1 0 0 13 5 2 4.12724348226e-25 1 1 
117 26 2.0 21 8 2 0 12 12 3 0.0252575213341 4 0 
117 26 2.0 17 6 0 0 8 4 3 6.73372589399e-55 2 0 
117 26 2.0 16 10 3 0 17 11 3 5.75903279683e-28 3 1 
117 26 2.0 2 6 1 0 7 10 1 0.219420721265 0 3 
117 26 2.0 5 11 2 0 23 12 2 0.00981286632819 2 3 
117 26 2.0 11 9 2 0 23 22 2 7.43116301251e-43 2 3 
117 27 0.0 8 3 0 0 25 13 2 0.167362669624 3 1 
117 27 0.0 6 5 0 0 12 19 2 0.0194172617628 1 2 
117 27 0.0 19 6 0 0 12 4 3 0.00573569514657 2 0 
117 27 0.0 10 6 1 0 15 10 3 2.11384090298e-40 2 1 
117 27 0.0 1 13 1 0 34 24 1 0.0192237192721 0 6 
117 27 0.0 13 5 0 0 12 19 2 0.0200354585894 1 2 
117 27 0.0 18 6 0 0 20 16 3 3.20100600994e-60 4 0 
117 27 0.0 7 17 3 0 43 35 2 0.167362654208 3 5 
117 27 0.0 20 6 1 0 10 2 3 7.18558950534e-78 2 0 
117 27 0.0 12 2 0 0 19 12 2 0.144090963723 2 1 
117 27 0.0 9 10 2 0 17 24 2 0.0862871378116 2 3 
117 27 0.0 15 22 3 0 33 33 3 2.35500134997e-51 5 3 
117 27 0.0 4 6 0 0 4 12 1 0.410306952177 0 2 
117 27 0.0 3 10 0 0 16 16 1 0.16994174347 0 4 
117 27 0.0 14 1 0 0 13 5 2 2.72586275637e-63 1 1 
117 27 0.0 21 8 2 0 12 12 3 4.0672852971e-39 4 0 
117 27 0.0 17 6 0 0 8 4 3 1.46916832862e-77 2 0 
117 27 0.0 16 10 3 0 17 11 3 2.58832310058e-39 3 1 
117 27 0.0 2 6 1 0 7 10 1 0.36212080995 0 3 
117 27 0.0 5 11 2 0 23 12 2 6.82152221119e-14 2 3 
117 27 0.0 11 9 2 0 23 22 2 9.2395129809e-70 2 3 
117 27 2.0 8 3 0 0 25 13 2 0.135605286641 3 1 
117 27 2.0 6 5 0 0 12 19 2 0.0529112421766 1 2 
117 27 2.0 19 6 0 0 12 4 3 0.296778608891 2 0 
117 27 2.0 10 6 1 0 15 10 3 2.60719608251e-28 2 1 
117 27 2.0 1 13 1 0 34 24 1 0.0690277359733 0 6 
117 27 2.0 13 5 0 0 12 19 2 0.0531700148763 1 2 
117 27 2.0 18 6 0 0 20 16 3 1.57915187392e-27 4 0 
117 27 2.0 7 17 3 0 43 35 2 0.0908236049281 3 5 
117 27 2.0 20 6 1 0 10 2 3 4.37479000147e-55 2 0 
117 27 2.0 12 2 0 0 19 12 2 0.266041515847 2 1 
117 27 2.0 9 10 2 0 17 24 2 0.0586623378337 2 3 
117 27 2.0 15 22 3 0 33 33 3 4.42711217505e-26 5 3 
117 27 2.0 4 6 0 0 4 12 1 0.690648439968 0 2 
117 27 2.0 3 10 0 0 16 16 1 0.113060783037 0 4 
117 27 2.0 14 1 0 0 13 5 2 4.48401095957e-25 1 1 
117 27 2.0 21 8 2 0 12 12 3 0.0256466288681 4 0 
117 27 2.0 17 6 0 0 8 4 3 3.04377389373e-55 2 0 
117 27 2.0 16 10 3 0 17 11 3 8.86856323788e-28 3 1 
117 27 2.0 2 6 1 0 7 10 1 0.219522054553 0 3 
117 27 2.0 5 11 2 0 23 12 2 0.00968908670222 2 3 
117 27 2.0 11 9 2 0 23 22 2 1.29209591686e-43 2 3 
117 28 0.0 8 3 0 0 25 13 2 0.167371235637 3 1 
117 28 0.0 6 5 0 0 12 19 2 0.0203865530129 1 2 
117 28 0.0 19 6 0 0 12 4 3 0.00571843040651 2 0 
117 28 0.0 10 6 1 0 15 10 3 4.07359296272e-40 2 1 
117 28 0.0 1 13 1 0 34 24 1 0.0192162002947 0 6 
117 28 0.0 13 5 0 0 12 19 2 0.0190600996575 1 2 
117 28 0.0 18 6 0 0 20 16 3 1.73285463187e-60 4 0 
117 28 0.0 7 17 3 0 43 35 2 0.167371222333 3 5 
117 28 0.0 20 6 1 0 10 2 3 3.45694206084e-78 2 0 
117 28 0.0 12 2 0 0 19 12 2 0.144076506339 2 1 
117 28 0.0 9 10 2 0 17 24 2 0.086298979742 2 3 
117 28 0.0 15 22 3 0 33 33 3 2.50524992775e-51 5 3 
117 28 0.0 4 6 0 0 4 12 1 0.410267166259 0 2 
117 28 0.0 3 10 0 0 16 16 1 0.169944782089 0 4 
117 28 0.0 14 1 0 0 13 5 2 2.76959423398e-64 1 1 
117 28 0.0 21 8 2 0 12 12 3 2.64087857209e-39 4 0 
117 28 0.0 17 6 0 0 8 4 3 4.93511119512e-78 2 0 
117 28 0.0 16 10 3 0 17 11 3 2.99014994367e-39 3 1 
117 28 0.0 2 6 1 0 7 10 1 0.362124056799 0 3 
117 28 0.0 5 11 2 0 23 12 2 4.95071409093e-14 2 3 
117 28 0.0 11 9 2 0 23 22 2 5.41673561207e-72 2 3 
117 28 2.0 8 3 0 0 25 13 2 0.134450297247 3 1 
117 28 2.0 6 5 0 0 12 19 2 0.0530956038274 1 2 
117 28 2.0 19 6 0 0 12 4 3 0.296786652714 2 0 
117 28 2.0 10 6 1 0 15 10 3 2.43095300051e-26 2 1 
117 28 2.0 1 13 1 0 34 24 1 0.0685534751472 0 6 
117 28 2.0 13 5 0 0 12 19 2 0.0529571579323 1 2 
117 28 2.0 18 6 0 0 20 16 3 2.29854968894e-27 4 0 
117 28 2.0 7 17 3 0 43 35 2 0.0919759685009 3 5 
117 28 2.0 20 6 1 0 10 2 3 6.23462237824e-55 2 0 
117 28 2.0 12 2 0 0 19 12 2 0.265661448964 2 1 
117 28 2.0 9 10 2 0 17 24 2 0.0586711983465 2 3 
117 28 2.0 15 22 3 0 33 33 3 1.21850807152e-25 5 3 
117 28 2.0 4 6 0 0 4 12 1 0.690490719291 0 2 
117 28 2.0 3 10 0 0 16 16 1 0.11306163485 0 4 
117 28 2.0 14 1 0 0 13 5 2 1.82330866708e-24 1 1 
117 28 2.0 21 8 2 0 12 12 3 0.0247308416532 4 0 
117 28 2.0 17 6 0 0 8 4 3 4.60716901426e-55 2 0 
117 28 2.0 16 10 3 0 17 11 3 5.24950333243e-27 3 1 
117 28 2.0 2 6 1 0 7 10 1 0.219358645218 0 3 
117 28 2.0 5 11 2 0 23 12 2 0.00988771894074 2 3 
117 28 2.0 11 9 2 0 23 22 2 5.75314605994e-43 2 3 
117 29 0.0 8 3 0 0 25 13 2 0.167376498163 3 1 
117 29 0.0 6 5 0 0 12 19 2 0.018796558194 1 2 
117 29 0.0 19 6 0 0 12 4 3 0.00570883283219 2 0 
117 29 0.0 10 6 1 0 15 10 3 6.07426257099e-40 2 1 
117 29 0.0 1 13 1 0 34 24 1 0.0192119840584 0 6 
117 29 0.0 13 5 0 0 12 19 2 0.020646627835 1 2 
117 29 0.0 18 6 0 0 20 16 3 7.47311329519e-60 4 0 
117 29 0.0 7 17 3 0 43 35 2 0.167376485984 3 5 
117 29 0.0 20 6 1 0 10 2 3 9.24053019371e-78 2 0 
117 29 0.0 12 2 0 0 19 12 2 0.144066923254 2 1 
117 29 0.0 9 10 2 0 17 24 2 0.0863070068827 2 3 
117 29 0.0 15 22 3 0 33 33 3 9.61040252366e-52 5 3 
117 29 0.0 4 6 0 0 4 12 1 0.410243453921 0 2 
117 29 0.0 3 10 0 0 16 16 1 0.169948342465 0 4 
117 29 0.0 14 1 0 0 13 5 2 2.66922726625e-64 1 1 
117 29 0.0 21 8 2 0 12 12 3 1.58316586397e-38 4 0 
117 29 0.0 17 6 0 0 8 4 3 7.03189111692e-78 2 0 
117 29 0.0 16 10 3 0 17 11 3 4.79370586159e-39 3 1 
117 29 0.0 2 6 1 0 7 10 1 0.362125794543 0 3 
117 29 0.0 5 11 2 0 23 12 2 3.80557680123e-14 2 3 
117 29 0.0 11 9 2 0 23 22 2 5.68044733821e-72 2 3 
117 29 2.0 8 3 0 0 25 13 2 0.136948463734 3 1 
117 29 2.0 6 5 0 0 12 19 2 0.0530480757926 1 2 
117 29 2.0 19 6 0 0 12 4 3 0.296714062279 2 0 
117 29 2.0 10 6 1 0 15 10 3 9.41435932358e-31 2 1 
117 29 2.0 1 13 1 0 34 24 1 0.0695184027724 0 6 
117 29 2.0 13 5 0 0 12 19 2 0.0530690214492 1 2 
117 29 2.0 18 6 0 0 20 16 3 2.48859540715e-27 4 0 
117 29 2.0 7 17 3 0 43 35 2 0.0894744726344 3 5 
117 29 2.0 20 6 1 0 10 2 3 8.26558590598e-55 2 0 
117 29 2.0 12 2 0 0 19 12 2 0.266775860825 2 1 
117 29 2.0 9 10 2 0 17 24 2 0.058594869064 2 3 
117 29 2.0 15 22 3 0 33 33 3 2.33735378748e-28 5 3 
117 29 2.0 4 6 0 0 4 12 1 0.690841146841 0 2 
117 29 2.0 3 10 0 0 16 16 1 0.113060448771 0 4 
117 29 2.0 14 1 0 0 13 5 2 6.231569413e-29 1 1 
117 29 2.0 21 8 2 0 12 12 3 0.0267857157665 4 0 
117 29 2.0 17 6 0 0 8 4 3 7.18461943222e-55 2 0 
117 29 2.0 16 10 3 0 17 11 3 4.87747982423e-28 3 1 
117 29 2.0 2 6 1 0 7 10 1 0.219874198926 0 3 
117 29 2.0 5 11 2 0 23 12 2 0.00926766142752 2 3 
117 29 2.0 11 9 2 0 23 22 2 6.78953998758e-47 2 3 
117 30 0.0 8 3 0 0 25 13 2 0.167714545542 3 1 
117 30 0.0 6 5 0 0 12 19 2 0.0194100955639 1 2 
117 30 0.0 19 6 0 0 12 4 3 0.00497133076466 2 0 
117 30 0.0 10 6 1 0 15 10 3 9.21331066802e-42 2 1 
117 30 0.0 1 13 1 0 34 24 1 0.0189178286776 0 6 
117 30 0.0 13 5 0 0 12 19 2 0.019775993311 1 2 
117 30 0.0 18 6 0 0 20 16 3 1.69124670219e-60 4 0 
117 30 0.0 7 17 3 0 43 35 2 0.167714517976 3 5 
117 30 0.0 20 6 1 0 10 2 3 9.16458036498e-78 2 0 
117 30 0.0 12 2 0 0 19 12 2 0.143460593268 2 1 
117 30 0.0 9 10 2 0 17 24 2 0.0868089408424 2 3 
117 30 0.0 15 22 3 0 33 33 3 1.99828277177e-52 5 3 
117 30 0.0 4 6 0 0 4 12 1 0.408653208016 0 2 
117 30 0.0 3 10 0 0 16 16 1 0.169942287036 0 4 
117 30 0.0 14 1 0 0 13 5 2 4.80171129354e-64 1 1 
117 30 0.0 21 8 2 0 12 12 3 3.22920213723e-40 4 0 
117 30 0.0 17 6 0 0 8 4 3 7.03174626395e-78 2 0 
117 30 0.0 16 10 3 0 17 11 3 2.38101178142e-40 3 1 
117 30 0.0 2 6 1 0 7 10 1 0.362250433907 0 3 
117 30 0.0 5 11 2 0 23 12 2 2.07260224707e-14 2 3 
117 30 0.0 11 9 2 0 23 22 2 5.79954170344e-72 2 3 
117 30 2.0 8 3 0 0 25 13 2 0.134548499421 3 1 
117 30 2.0 6 5 0 0 12 19 2 0.0529227317899 1 2 
117 30 2.0 19 6 0 0 12 4 3 0.296790816368 2 0 
117 30 2.0 10 6 1 0 15 10 3 7.76593485521e-26 2 1 
117 30 2.0 1 13 1 0 34 24 1 0.0685900549426 0 6 
117 30 2.0 13 5 0 0 12 19 2 0.0531326709789 1 2 
117 30 2.0 18 6 0 0 20 16 3 3.45715326119e-27 4 0 
117 30 2.0 7 17 3 0 43 35 2 0.0918783870599 3 5 
117 30 2.0 20 6 1 0 10 2 3 5.12540574326e-55 2 0 
117 30 2.0 12 2 0 0 19 12 2 0.265669542418 2 1 
117 30 2.0 9 10 2 0 17 24 2 0.0586712815959 2 3 
117 30 2.0 15 22 3 0 33 33 3 1.36084563324e-26 5 3 
117 30 2.0 4 6 0 0 4 12 1 0.690502904414 0 2 
117 30 2.0 3 10 0 0 16 16 1 0.113061611574 0 4 
117 30 2.0 14 1 0 0 13 5 2 6.68560068691e-26 1 1 
117 30 2.0 21 8 2 0 12 12 3 0.0247853735339 4 0 
117 30 2.0 17 6 0 0 8 4 3 8.89848853006e-55 2 0 
117 30 2.0 16 10 3 0 17 11 3 1.62780862003e-26 3 1 
117 30 2.0 2 6 1 0 7 10 1 0.2193572195 0 3 
117 30 2.0 5 11 2 0 23 12 2 0.00988916481989 2 3 
117 30 2.0 11 9 2 0 23 22 2 2.06640344983e-43 2 3 
117 31 0.0 8 3 0 0 25 13 2 0.16734352623 3 1 
117 31 0.0 6 5 0 0 12 19 2 0.0194239120222 1 2 
117 31 0.0 19 6 0 0 12 4 3 0.0057768118367 2 0 
117 31 0.0 10 6 1 0 15 10 3 1.3602305279e-39 2 1 
117 31 0.0 1 13 1 0 34 24 1 0.0192393921663 0 6 
117 31 0.0 13 5 0 0 12 19 2 0.0200432849862 1 2 
117 31 0.0 18 6 0 0 20 16 3 8.79532591981e-60 4 0 
117 31 0.0 7 17 3 0 43 35 2 0.167343509249 3 5 
117 31 0.0 20 6 1 0 10 2 3 5.24067208039e-78 2 0 
117 31 0.0 12 2 0 0 19 12 2 0.144125249598 2 1 
117 31 0.0 9 10 2 0 17 24 2 0.0862585888741 2 3 
117 31 0.0 15 22 3 0 33 33 3 3.96589326845e-51 5 3 
117 31 0.0 4 6 0 0 4 12 1 0.410397187846 0 2 
117 31 0.0 3 10 0 0 16 16 1 0.169941475105 0 4 
117 31 0.0 14 1 0 0 13 5 2 1.38271162818e-62 1 1 
117 31 0.0 21 8 2 0 12 12 3 2.75923856721e-39 4 0 
117 31 0.0 17 6 0 0 8 4 3 1.58253826991e-77 2 0 
117 31 0.0 16 10 3 0 17 11 3 1.66566333733e-39 3 1 
117 31 0.0 2 6 1 0 7 10 1 0.362114325615 0 3 
117 31 0.0 5 11 2 0 23 12 2 1.32271681524e-13 2 3 
117 31 0.0 11 9 2 0 23 22 2 1.24513431856e-68 2 3 
117 31 2.0 8 3 0 0 25 13 2 0.135789567097 3 1 
117 31 2.0 6 5 0 0 12 19 2 0.0530415027821 1 2 
117 31 2.0 19 6 0 0 12 4 3 0.296769990532 2 0 
117 31 2.0 10 6 1 0 15 10 3 6.2986095324e-27 2 1 
117 31 2.0 1 13 1 0 34 24 1 0.0691065643054 0 6 
117 31 2.0 13 5 0 0 12 19 2 0.0530425909412 1 2 
117 31 2.0 18 6 0 0 20 16 3 5.39379829324e-28 4 0 
117 31 2.0 7 17 3 0 43 35 2 0.090640880579 3 5 
117 31 2.0 20 6 1 0 10 2 3 9.13068268158e-55 2 0 
117 31 2.0 12 2 0 0 19 12 2 0.266139761342 2 1 
117 31 2.0 9 10 2 0 17 24 2 0.0586589321695 2 3 
117 31 2.0 15 22 3 0 33 33 3 4.33473731941e-26 5 3 
117 31 2.0 4 6 0 0 4 12 1 0.690673978161 0 2 
117 31 2.0 3 10 0 0 16 16 1 0.113061750187 0 4 
117 31 2.0 14 1 0 0 13 5 2 8.73711939607e-25 1 1 
117 31 2.0 21 8 2 0 12 12 3 0.0258231323731 4 0 
117 31 2.0 17 6 0 0 8 4 3 1.16119307061e-55 2 0 
117 31 2.0 16 10 3 0 17 11 3 3.57899522935e-27 3 1 
117 31 2.0 2 6 1 0 7 10 1 0.219571224508 0 3 
117 31 2.0 5 11 2 0 23 12 2 0.00962880951295 2 3 
117 31 2.0 11 9 2 0 23 22 2 5.21072703361e-43 2 3 
117 32 0.0 8 3 0 0 25 13 2 0.167387060035 3 1 
117 32 0.0 6 5 0 0 12 19 2 0.0201542734834 1 2 
117 32 0.0 19 6 0 0 12 4 3 0.00568274524819 2 0 
117 32 0.0 10 6 1 0 15 10 3 1.82810314641e-39 2 1 
117 32 0.0 1 13 1 0 34 24 1 0.0192017406389 0 6 
117 32 0.0 13 5 0 0 12 19 2 0.0192800477999 1 2 
117 32 0.0 18 6 0 0 20 16 3 7.80652649118e-60 4 0 
117 32 0.0 7 17 3 0 43 35 2 0.167387046866 3 5 
117 32 0.0 20 6 1 0 10 2 3 1.5016880168e-77 2 0 
117 32 0.0 12 2 0 0 19 12 2 0.144045875176 2 1 
117 32 0.0 9 10 2 0 17 24 2 0.0863244442749 2 3 
117 32 0.0 15 22 3 0 33 33 3 3.90448614821e-51 5 3 
117 32 0.0 4 6 0 0 4 12 1 0.410191911573 0 2 
117 32 0.0 3 10 0 0 16 16 1 0.169942789891 0 4 
117 32 0.0 14 1 0 0 13 5 2 5.14425399137e-66 1 1 
117 32 0.0 21 8 2 0 12 12 3 1.01402662009e-39 4 0 
117 32 0.0 17 6 0 0 8 4 3 6.98269427315e-78 2 0 
117 32 0.0 16 10 3 0 17 11 3 2.27842688288e-38 3 1 
117 32 0.0 2 6 1 0 7 10 1 0.362130167658 0 3 
117 32 0.0 5 11 2 0 23 12 2 2.32708584489e-14 2 3 
117 32 0.0 11 9 2 0 23 22 2 3.87124578618e-73 2 3 
117 32 2.0 8 3 0 0 25 13 2 0.135662614152 3 1 
117 32 2.0 6 5 0 0 12 19 2 0.0530409878218 1 2 
117 32 2.0 19 6 0 0 12 4 3 0.296776036631 2 0 
117 32 2.0 10 6 1 0 15 10 3 2.30726793573e-28 2 1 
117 32 2.0 1 13 1 0 34 24 1 0.0690570050285 0 6 
117 32 2.0 13 5 0 0 12 19 2 0.0530407820476 1 2 
117 32 2.0 18 6 0 0 20 16 3 9.54038665953e-28 4 0 
117 32 2.0 7 17 3 0 43 35 2 0.0907680144986 3 5 
117 32 2.0 20 6 1 0 10 2 3 4.03018950585e-55 2 0 
117 32 2.0 12 2 0 0 19 12 2 0.266080578008 2 1 
117 32 2.0 9 10 2 0 17 24 2 0.0586623903953 2 3 
117 32 2.0 15 22 3 0 33 33 3 1.4519716636e-26 5 3 
117 32 2.0 4 6 0 0 4 12 1 0.690655281496 0 2 
117 32 2.0 3 10 0 0 16 16 1 0.113062665361 0 4 
117 32 2.0 14 1 0 0 13 5 2 1.32797281848e-25 1 1 
117 32 2.0 21 8 2 0 12 12 3 0.025715030651 4 0 
117 32 2.0 17 6 0 0 8 4 3 8.96722916451e-55 2 0 
117 32 2.0 16 10 3 0 17 11 3 6.22132000981e-28 3 1 
117 32 2.0 2 6 1 0 7 10 1 0.219543187472 0 3 
117 32 2.0 5 11 2 0 23 12 2 0.00966254025571 2 3 
117 32 2.0 11 9 2 0 23 22 2 4.22467086365e-42 2 3 
117 33 0.0 8 3 0 0 25 13 2 0.167362387458 3 1 
117 33 0.0 6 5 0 0 12 19 2 0.020590683924 1 2 
117 33 0.0 19 6 0 0 12 4 3 0.00573816534842 2 0 
117 33 0.0 10 6 1 0 15 10 3 1.24575458866e-38 2 1 
117 33 0.0 1 13 1 0 34 24 1 0.0192224665684 0 6 
117 33 0.0 13 5 0 0 12 19 2 0.0188629816671 1 2 
117 33 0.0 18 6 0 0 20 16 3 5.71014587105e-60 4 0 
117 33 0.0 7 17 3 0 43 35 2 0.167362376146 3 5 
117 33 0.0 20 6 1 0 10 2 3 5.76143298902e-78 2 0 
117 33 0.0 12 2 0 0 19 12 2 0.144091474546 2 1 
117 33 0.0 9 10 2 0 17 24 2 0.0862864214581 2 3 
117 33 0.0 15 22 3 0 33 33 3 3.42981561561e-51 5 3 
117 33 0.0 4 6 0 0 4 12 1 0.410309358999 0 2 
117 33 0.0 3 10 0 0 16 16 1 0.169947182443 0 4 
117 33 0.0 14 1 0 0 13 5 2 6.7798984439e-66 1 1 
117 33 0.0 21 8 2 0 12 12 3 3.91932168485e-39 4 0 
117 33 0.0 17 6 0 0 8 4 3 1.18646322619e-77 2 0 
117 33 0.0 16 10 3 0 17 11 3 1.67379248086e-38 3 1 
117 33 0.0 2 6 1 0 7 10 1 0.362121592366 0 3 
117 33 0.0 5 11 2 0 23 12 2 5.63523778907e-14 2 3 
117 33 0.0 11 9 2 0 23 22 2 8.96131724641e-71 2 3 
117 33 2.0 8 3 0 0 25 13 2 0.134675289325 3 1 
117 33 2.0 6 5 0 0 12 19 2 0.0530169604835 1 2 
117 33 2.0 19 6 0 0 12 4 3 0.296793283409 2 0 
117 33 2.0 10 6 1 0 15 10 3 2.18792072936e-24 2 1 
117 33 2.0 1 13 1 0 34 24 1 0.068639321265 0 6 
117 33 2.0 13 5 0 0 12 19 2 0.053041156035 1 2 
117 33 2.0 18 6 0 0 20 16 3 3.05808470314e-27 4 0 
117 33 2.0 7 17 3 0 43 35 2 0.0917522321808 3 5 
117 33 2.0 20 6 1 0 10 2 3 6.33842774024e-55 2 0 
117 33 2.0 12 2 0 0 19 12 2 0.265690517167 2 1 
117 33 2.0 9 10 2 0 17 24 2 0.0586712567644 2 3 
117 33 2.0 15 22 3 0 33 33 3 5.46241901987e-27 5 3 
117 33 2.0 4 6 0 0 4 12 1 0.690519422046 0 2 
117 33 2.0 3 10 0 0 16 16 1 0.113061431089 0 4 
117 33 2.0 14 1 0 0 13 5 2 1.74881201573e-23 1 1 
117 33 2.0 21 8 2 0 12 12 3 0.0248676433793 4 0 
117 33 2.0 17 6 0 0 8 4 3 1.20476079887e-54 2 0 
117 33 2.0 16 10 3 0 17 11 3 4.95949441725e-26 3 1 
117 33 2.0 2 6 1 0 7 10 1 0.219362476033 0 3 
117 33 2.0 5 11 2 0 23 12 2 0.00988278451504 2 3 
117 33 2.0 11 9 2 0 23 22 2 9.47597332208e-42 2 3 
117 34 0.0 8 3 0 0 25 13 2 0.167358583533 3 1 
117 34 0.0 6 5 0 0 12 19 2 0.0195646029673 1 2 
117 34 0.0 19 6 0 0 12 4 3 0.00574355948068 2 0 
117 34 0.0 10 6 1 0 15 10 3 1.69044477489e-41 2 1 
117 34 0.0 1 13 1 0 34 24 1 0.0192257317069 0 6 
117 34 0.0 13 5 0 0 12 19 2 0.0198910706915 1 2 
117 34 0.0 18 6 0 0 20 16 3 3.1029875898e-60 4 0 
117 34 0.0 7 17 3 0 43 35 2 0.167358560243 3 5 
117 34 0.0 20 6 1 0 10 2 3 1.17311595207e-77 2 0 
117 34 0.0 12 2 0 0 19 12 2 0.144097775925 2 1 
117 34 0.0 9 10 2 0 17 24 2 0.0862812502416 2 3 
117 34 0.0 15 22 3 0 33 33 3 4.40075800171e-53 5 3 
117 34 0.0 4 6 0 0 4 12 1 0.410325695135 0 2 
117 34 0.0 3 10 0 0 16 16 1 0.16994107034 0 4 
117 34 0.0 14 1 0 0 13 5 2 1.55985499099e-65 1 1 
117 34 0.0 21 8 2 0 12 12 3 2.99232924227e-39 4 0 
117 34 0.0 17 6 0 0 8 4 3 1.54723591143e-77 2 0 
117 34 0.0 16 10 3 0 17 11 3 2.31085417788e-40 3 1 
117 34 0.0 2 6 1 0 7 10 1 0.362120166977 0 3 
117 34 0.0 5 11 2 0 23 12 2 6.35760385701e-14 2 3 
117 34 0.0 11 9 2 0 23 22 2 2.29482226208e-72 2 3 
117 34 2.0 8 3 0 0 25 13 2 0.136281369999 3 1 
117 34 2.0 6 5 0 0 12 19 2 0.0530769381077 1 2 
117 34 2.0 19 6 0 0 12 4 3 0.296734803347 2 0 
117 34 2.0 10 6 1 0 15 10 3 1.90767437444e-26 2 1 
117 34 2.0 1 13 1 0 34 24 1 0.06933873974 0 6 
117 34 2.0 13 5 0 0 12 19 2 0.0530232759264 1 2 
117 34 2.0 18 6 0 0 20 16 3 1.62447165544e-27 4 0 
117 34 2.0 7 17 3 0 43 35 2 0.090144586986 3 5 
117 34 2.0 20 6 1 0 10 2 3 6.16945958284e-55 2 0 
117 34 2.0 12 2 0 0 19 12 2 0.266508468897 2 1 
117 34 2.0 9 10 2 0 17 24 2 0.0586440406207 2 3 
117 34 2.0 15 22 3 0 33 33 3 1.89857218048e-28 5 3 
117 34 2.0 4 6 0 0 4 12 1 0.690751427166 0 2 
117 34 2.0 3 10 0 0 16 16 1 0.113061401137 0 4 
117 34 2.0 14 1 0 0 13 5 2 5.55299459383e-25 1 1 
117 34 2.0 21 8 2 0 12 12 3 0.0263932521293 4 0 
117 34 2.0 17 6 0 0 8 4 3 1.17209529478e-54 2 0 
117 34 2.0 16 10 3 0 17 11 3 2.85719899171e-28 3 1 
117 34 2.0 2 6 1 0 7 10 1 0.21976518454 0 3 
117 34 2.0 5 11 2 0 23 12 2 0.00939213877567 2 3 
117 34 2.0 11 9 2 0 23 22 2 2.98104660655e-42 2 3 
117 35 0.0 8 3 0 0 25 13 2 0.167364544278 3 1 
117 35 0.0 6 5 0 0 12 19 2 0.018686377887 1 2 
117 35 0.0 19 6 0 0 12 4 3 0.00573627475425 2 0 
117 35 0.0 10 6 1 0 15 10 3 1.12739303609e-39 2 1 
117 35 0.0 1 13 1 0 34 24 1 0.0192235306608 0 6 
117 35 0.0 13 5 0 0 12 19 2 0.0207662077841 1 2 
117 35 0.0 18 6 0 0 20 16 3 6.48167953906e-60 4 0 
117 35 0.0 7 17 3 0 43 35 2 0.167364535618 3 5 
117 35 0.0 20 6 1 0 10 2 3 1.63040437744e-77 2 0 
117 35 0.0 12 2 0 0 19 12 2 0.144088755424 2 1 
117 35 0.0 9 10 2 0 17 24 2 0.0862891439521 2 3 
117 35 0.0 15 22 3 0 33 33 3 6.07836820776e-52 5 3 
117 35 0.0 4 6 0 0 4 12 1 0.410300857872 0 2 
117 35 0.0 3 10 0 0 16 16 1 0.169950108483 0 4 
117 35 0.0 14 1 0 0 13 5 2 3.67308397842e-65 1 1 
117 35 0.0 21 8 2 0 12 12 3 2.27190573083e-38 4 0 
117 35 0.0 17 6 0 0 8 4 3 1.46647840959e-77 2 0 
117 35 0.0 16 10 3 0 17 11 3 7.13754498153e-38 3 1 
117 35 0.0 2 6 1 0 7 10 1 0.362120754324 0 3 
117 35 0.0 5 11 2 0 23 12 2 1.11845935261e-14 2 3 
117 35 0.0 11 9 2 0 23 22 2 8.21109143038e-73 2 3 
117 35 2.0 8 3 0 0 25 13 2 0.13594281926 3 1 
117 35 2.0 6 5 0 0 12 19 2 0.0530453245432 1 2 
117 35 2.0 19 6 0 0 12 4 3 0.296761115827 2 0 
117 35 2.0 10 6 1 0 15 10 3 1.78500361047e-28 2 1 
117 35 2.0 1 13 1 0 34 24 1 0.0691812058863 0 6 
117 35 2.0 13 5 0 0 12 19 2 0.0530467122214 1 2 
117 35 2.0 18 6 0 0 20 16 3 3.97439196167e-28 4 0 
117 35 2.0 7 17 3 0 43 35 2 0.090484388259 3 5 
117 35 2.0 20 6 1 0 10 2 3 4.91890910733e-55 2 0 
117 35 2.0 12 2 0 0 19 12 2 0.26625542497 2 1 
117 35 2.0 9 10 2 0 17 24 2 0.0586537117643 2 3 
117 35 2.0 15 22 3 0 33 33 3 2.8058453622e-27 5 3 
117 35 2.0 4 6 0 0 4 12 1 0.690698893782 0 2 
117 35 2.0 3 10 0 0 16 16 1 0.113061498441 0 4 
117 35 2.0 14 1 0 0 13 5 2 1.9468432442e-26 1 1 
117 35 2.0 21 8 2 0 12 12 3 0.0260053513488 4 0 
117 35 2.0 17 6 0 0 8 4 3 7.10542984237e-55 2 0 
117 35 2.0 16 10 3 0 17 11 3 7.82023232887e-29 3 1 
117 35 2.0 2 6 1 0 7 10 1 0.219632586827 0 3 
117 35 2.0 5 11 2 0 23 12 2 0.0095556821687 2 3 
117 35 2.0 11 9 2 0 23 22 2 4.05248446751e-44 2 3 
117 36 0.0 8 3 0 0 25 13 2 0.167324200339 3 1 
117 36 0.0 6 5 0 0 12 19 2 0.0204049072698 1 2 
117 36 0.0 19 6 0 0 12 4 3 0.00581912770995 2 0 
117 36 0.0 10 6 1 0 15 10 3 5.85710418242e-39 2 1 
117 36 0.0 1 13 1 0 34 24 1 0.019254131831 0 6 
117 36 0.0 13 5 0 0 12 19 2 0.0190772639171 1 2 
117 36 0.0 18 6 0 0 20 16 3 1.69957959313e-60 4 0 
117 36 0.0 7 17 3 0 43 35 2 0.167324192576 3 5 
117 36 0.0 20 6 1 0 10 2 3 6.61851326572e-78 2 0 
117 36 0.0 12 2 0 0 19 12 2 0.14416041081 2 1 
117 36 0.0 9 10 2 0 17 24 2 0.0862290330813 2 3 
117 36 0.0 15 22 3 0 33 33 3 1.36399270859e-51 5 3 
117 36 0.0 4 6 0 0 4 12 1 0.410488679919 0 2 
117 36 0.0 3 10 0 0 16 16 1 0.169944092429 0 4 
117 36 0.0 14 1 0 0 13 5 2 2.15903992877e-65 1 1 
117 36 0.0 21 8 2 0 12 12 3 2.6492932855e-38 4 0 
117 36 0.0 17 6 0 0 8 4 3 1.93131020698e-77 2 0 
117 36 0.0 16 10 3 0 17 11 3 6.76915197063e-39 3 1 
117 36 0.0 2 6 1 0 7 10 1 0.362108448869 0 3 
117 36 0.0 5 11 2 0 23 12 2 4.82365091592e-14 2 3 
117 36 0.0 11 9 2 0 23 22 2 1.43807470569e-71 2 3 
117 36 2.0 8 3 0 0 25 13 2 0.137043463285 3 1 
117 36 2.0 6 5 0 0 12 19 2 0.0529850862473 1 2 
117 36 2.0 19 6 0 0 12 4 3 0.296665176028 2 0 
117 36 2.0 10 6 1 0 15 10 3 4.47548231494e-24 2 1 
117 36 2.0 1 13 1 0 34 24 1 0.0696779472355 0 6 
117 36 2.0 13 5 0 0 12 19 2 0.0531388687735 1 2 
117 36 2.0 18 6 0 0 20 16 3 2.01883273169e-27 4 0 
117 36 2.0 7 17 3 0 43 35 2 0.0893746242302 3 5 
117 36 2.0 20 6 1 0 10 2 3 7.65612502322e-55 2 0 
117 36 2.0 12 2 0 0 19 12 2 0.267167317432 2 1 
117 36 2.0 9 10 2 0 17 24 2 0.0586006462849 2 3 
117 36 2.0 15 22 3 0 33 33 3 6.86689068206e-27 5 3 
117 36 2.0 4 6 0 0 4 12 1 0.690872821376 0 2 
117 36 2.0 3 10 0 0 16 16 1 0.113061828719 0 4 
117 36 2.0 14 1 0 0 13 5 2 3.14138927536e-28 1 1 
117 36 2.0 21 8 2 0 12 12 3 0.0272920674166 4 0 
117 36 2.0 17 6 0 0 8 4 3 5.4652971998e-55 2 0 
117 36 2.0 16 10 3 0 17 11 3 2.55711152815e-26 3 1 
117 36 2.0 2 6 1 0 7 10 1 0.220113748122 0 3 
117 36 2.0 5 11 2 0 23 12 2 0.00897016229404 2 3 
117 36 2.0 11 9 2 0 23 22 2 3.12336516743e-43 2 3 
117 37 0.0 8 3 0 0 25 13 2 0.167910797611 3 1 
117 37 0.0 6 5 0 0 12 19 2 0.0193567522562 1 2 
117 37 0.0 19 6 0 0 12 4 3 0.00454088582333 2 0 
117 37 0.0 10 6 1 0 15 10 3 1.08397968363e-39 2 1 
117 37 0.0 1 13 1 0 34 24 1 0.0187384821619 0 6 
117 37 0.0 13 5 0 0 12 19 2 0.0196805010242 1 2 
117 37 0.0 18 6 0 0 20 16 3 2.8457224938e-60 4 0 
117 37 0.0 7 17 3 0 43 35 2 0.167910777225 3 5 
117 37 0.0 20 6 1 0 10 2 3 1.28721406677e-77 2 0 
117 37 0.0 12 2 0 0 19 12 2 0.143118625714 2 1 
117 37 0.0 9 10 2 0 17 24 2 0.0870894702929 2 3 
117 37 0.0 15 22 3 0 33 33 3 2.23507899408e-53 5 3 
117 37 0.0 4 6 0 0 4 12 1 0.407735168917 0 2 
117 37 0.0 3 10 0 0 16 16 1 0.169939892016 0 4 
117 37 0.0 14 1 0 0 13 5 2 5.38063491424e-68 1 1 
117 37 0.0 21 8 2 0 12 12 3 1.22352598353e-39 4 0 
117 37 0.0 17 6 0 0 8 4 3 1.53868917454e-77 2 0 
117 37 0.0 16 10 3 0 17 11 3 1.03576204598e-39 3 1 
117 37 0.0 2 6 1 0 7 10 1 0.362328312467 0 3 
117 37 0.0 5 11 2 0 23 12 2 1.44715401115e-14 2 3 
117 37 0.0 11 9 2 0 23 22 2 9.16478736825e-73 2 3 
117 37 2.0 8 3 0 0 25 13 2 0.137640249278 3 1 
117 37 2.0 6 5 0 0 12 19 2 0.0530018930402 1 2 
117 37 2.0 19 6 0 0 12 4 3 0.296247716787 2 0 
117 37 2.0 10 6 1 0 15 10 3 1.81233243255e-26 2 1 
117 37 2.0 1 13 1 0 34 24 1 0.0702312753649 0 6 
117 37 2.0 13 5 0 0 12 19 2 0.053161350901 1 2 
117 37 2.0 18 6 0 0 20 16 3 4.25445854709e-28 4 0 
117 37 2.0 7 17 3 0 43 35 2 0.0887240710475 3 5 
117 37 2.0 20 6 1 0 10 2 3 3.33032168517e-55 2 0 
117 37 2.0 12 2 0 0 19 12 2 0.270415341959 2 1 
117 37 2.0 9 10 2 0 17 24 2 0.0583699617454 2 3 
117 37 2.0 15 22 3 0 33 33 3 1.01624154379e-27 5 3 
117 37 2.0 4 6 0 0 4 12 1 0.691047160838 0 2 
117 37 2.0 3 10 0 0 16 16 1 0.113070843242 0 4 
117 37 2.0 14 1 0 0 13 5 2 1.68441072449e-28 1 1 
117 37 2.0 21 8 2 0 12 12 3 0.0299607598296 4 0 
117 37 2.0 17 6 0 0 8 4 3 4.9305808696e-55 2 0 
117 37 2.0 16 10 3 0 17 11 3 2.05769412992e-27 3 1 
117 37 2.0 2 6 1 0 7 10 1 0.2219469724 0 3 
117 37 2.0 5 11 2 0 23 12 2 0.00663869647714 2 3 
117 37 2.0 11 9 2 0 23 22 2 2.73803735084e-45 2 3 
117 38 0.0 8 3 0 0 25 13 2 0.167402001943 3 1 
117 38 0.0 6 5 0 0 12 19 2 0.0205235375111 1 2 
117 38 0.0 19 6 0 0 12 4 3 0.00565299207805 2 0 
117 38 0.0 10 6 1 0 15 10 3 8.16581265966e-39 2 1 
117 38 0.0 1 13 1 0 34 24 1 0.0191905429272 0 6 
117 38 0.0 13 5 0 0 12 19 2 0.0189000970133 1 2 
117 38 0.0 18 6 0 0 20 16 3 3.72227159465e-60 4 0 
117 38 0.0 7 17 3 0 43 35 2 0.167401996702 3 5 
117 38 0.0 20 6 1 0 10 2 3 6.23441770821e-78 2 0 
117 38 0.0 12 2 0 0 19 12 2 0.144021636302 2 1 
117 38 0.0 9 10 2 0 17 24 2 0.086344558239 2 3 
117 38 0.0 15 22 3 0 33 33 3 2.19369222253e-50 5 3 
117 38 0.0 4 6 0 0 4 12 1 0.410122644226 0 2 
117 38 0.0 3 10 0 0 16 16 1 0.169947014145 0 4 
117 38 0.0 14 1 0 0 13 5 2 2.85302114452e-65 1 1 
117 38 0.0 21 8 2 0 12 12 3 3.95062519301e-38 4 0 
117 38 0.0 17 6 0 0 8 4 3 1.73266306686e-77 2 0 
117 38 0.0 16 10 3 0 17 11 3 7.41957698021e-38 3 1 
117 38 0.0 2 6 1 0 7 10 1 0.362134772091 0 3 
117 38 0.0 5 11 2 0 23 12 2 1.96039893985e-14 2 3 
117 38 0.0 11 9 2 0 23 22 2 4.36509847975e-71 2 3 
117 38 2.0 8 3 0 0 25 13 2 0.136824431123 3 1 
117 38 2.0 6 5 0 0 12 19 2 0.0531825840032 1 2 
117 38 2.0 19 6 0 0 12 4 3 0.296683438465 2 0 
117 38 2.0 10 6 1 0 15 10 3 5.95237990085e-28 2 1 
117 38 2.0 1 13 1 0 34 24 1 0.0695868427816 0 6 
117 38 2.0 13 5 0 0 12 19 2 0.0529344552909 1 2 
117 38 2.0 18 6 0 0 20 16 3 1.56577573238e-27 4 0 
117 38 2.0 7 17 3 0 43 35 2 0.0895959362498 3 5 
117 38 2.0 20 6 1 0 10 2 3 6.74314264582e-55 2 0 
117 38 2.0 12 2 0 0 19 12 2 0.2669858114 2 1 
117 38 2.0 9 10 2 0 17 24 2 0.0586154930701 2 3 
117 38 2.0 15 22 3 0 33 33 3 1.72097638914e-26 5 3 
117 38 2.0 4 6 0 0 4 12 1 0.69083865237 0 2 
117 38 2.0 3 10 0 0 16 16 1 0.113061470383 0 4 
117 38 2.0 14 1 0 0 13 5 2 1.53292187951e-26 1 1 
117 38 2.0 21 8 2 0 12 12 3 0.0270507380719 4 0 
117 38 2.0 17 6 0 0 8 4 3 4.10887825133e-55 2 0 
117 38 2.0 16 10 3 0 17 11 3 7.43898809535e-28 3 1 
117 38 2.0 2 6 1 0 7 10 1 0.220019315363 0 3 
117 38 2.0 5 11 2 0 23 12 2 0.00908385837724 2 3 
117 38 2.0 11 9 2 0 23 22 2 3.66345865227e-45 2 3 
117 39 0.0 8 3 0 0 25 13 2 0.167386238103 3 1 
117 39 0.0 6 5 0 0 12 19 2 0.0196594402123 1 2 
117 39 0.0 19 6 0 0 12 4 3 0.00568382825239 2 0 
117 39 0.0 10 6 1 0 15 10 3 1.4726846085e-40 2 1 
117 39 0.0 1 13 1 0 34 24 1 0.0192025502843 0 6 
117 39 0.0 13 5 0 0 12 19 2 0.0197752777448 1 2 
117 39 0.0 18 6 0 0 20 16 3 1.2499073124e-60 4 0 
117 39 0.0 7 17 3 0 43 35 2 0.167386219059 3 5 
117 39 0.0 20 6 1 0 10 2 3 1.1193384371e-77 2 0 
117 39 0.0 12 2 0 0 19 12 2 0.144047425419 2 1 
117 39 0.0 9 10 2 0 17 24 2 0.0863231674849 2 3 
117 39 0.0 15 22 3 0 33 33 3 3.42034748904e-52 5 3 
117 39 0.0 4 6 0 0 4 12 1 0.410195360077 0 2 
117 39 0.0 3 10 0 0 16 16 1 0.169941207242 0 4 
117 39 0.0 14 1 0 0 13 5 2 6.47426953829e-66 1 1 
117 39 0.0 21 8 2 0 12 12 3 9.67812348437e-40 4 0 
117 39 0.0 17 6 0 0 8 4 3 1.56990764209e-77 2 0 
117 39 0.0 16 10 3 0 17 11 3 1.76366074997e-39 3 1 
117 39 0.0 2 6 1 0 7 10 1 0.36212980819 0 3 
117 39 0.0 5 11 2 0 23 12 2 5.26037226155e-14 2 3 
117 39 0.0 11 9 2 0 23 22 2 7.38502958568e-71 2 3 
117 39 2.0 8 3 0 0 25 13 2 0.135486279906 3 1 
117 39 2.0 6 5 0 0 12 19 2 0.0530595659325 1 2 
117 39 2.0 19 6 0 0 12 4 3 0.296785157233 2 0 
117 39 2.0 10 6 1 0 15 10 3 4.52619709556e-27 2 1 
117 39 2.0 1 13 1 0 34 24 1 0.0689715098295 0 6 
117 39 2.0 13 5 0 0 12 19 2 0.0530176298413 1 2 
117 39 2.0 18 6 0 0 20 16 3 6.46775111361e-28 4 0 
117 39 2.0 7 17 3 0 43 35 2 0.0909446819465 3 5 
117 39 2.0 20 6 1 0 10 2 3 3.58236783113e-55 2 0 
117 39 2.0 12 2 0 0 19 12 2 0.265971743358 2 1 
117 39 2.0 9 10 2 0 17 24 2 0.0586635552309 2 3 
117 39 2.0 15 22 3 0 33 33 3 1.47313787804e-26 5 3 
117 39 2.0 4 6 0 0 4 12 1 0.690628550695 0 2 
117 39 2.0 3 10 0 0 16 16 1 0.113062648638 0 4 
117 39 2.0 14 1 0 0 13 5 2 5.25785653574e-26 1 1 
117 39 2.0 21 8 2 0 12 12 3 0.0255214143915 4 0 
117 39 2.0 17 6 0 0 8 4 3 6.31565395279e-55 2 0 
117 39 2.0 16 10 3 0 17 11 3 2.9981495678e-27 3 1 
117 39 2.0 2 6 1 0 7 10 1 0.219487241069 0 3 
117 39 2.0 5 11 2 0 23 12 2 0.00973226072377 2 3 
117 39 2.0 11 9 2 0 23 22 2 1.04155826748e-43 2 3 
117 40 0.0 8 3 0 0 25 13 2 0.16768925121 3 1 
117 40 0.0 6 5 0 0 12 19 2 0.020447823599 1 2 
117 40 0.0 19 6 0 0 12 4 3 0.00503113648704 2 0 
117 40 0.0 10 6 1 0 15 10 3 6.36016251821e-40 2 1 
117 40 0.0 1 13 1 0 34 24 1 0.0189443187094 0 6 
117 40 0.0 13 5 0 0 12 19 2 0.0187584437821 1 2 
117 40 0.0 18 6 0 0 20 16 3 2.65939867044e-60 4 0 
117 40 0.0 7 17 3 0 43 35 2 0.167689230656 3 5 
117 40 0.0 20 6 1 0 10 2 3 1.00995949784e-77 2 0 
117 40 0.0 12 2 0 0 19 12 2 0.143513320474 2 1 
117 40 0.0 9 10 2 0 17 24 2 0.0867652942589 2 3 
117 40 0.0 15 22 3 0 33 33 3 7.42198867044e-53 5 3 
117 40 0.0 4 6 0 0 4 12 1 0.40877350394 0 2 
117 40 0.0 3 10 0 0 16 16 1 0.169948617664 0 4 
117 40 0.0 14 1 0 0 13 5 2 5.52620426541e-69 1 1 
117 40 0.0 21 8 2 0 12 12 3 1.30792691252e-39 4 0 
117 40 0.0 17 6 0 0 8 4 3 1.51494128254e-77 2 0 
117 40 0.0 16 10 3 0 17 11 3 1.09659905496e-39 3 1 
117 40 0.0 2 6 1 0 7 10 1 0.362238897081 0 3 
117 40 0.0 5 11 2 0 23 12 2 2.03905702384e-14 2 3 
117 40 0.0 11 9 2 0 23 22 2 3.8709341511e-73 2 3 
117 40 2.0 8 3 0 0 25 13 2 0.134646743376 3 1 
117 40 2.0 6 5 0 0 12 19 2 0.0531204880936 1 2 
117 40 2.0 19 6 0 0 12 4 3 0.296793199933 2 0 
117 40 2.0 10 6 1 0 15 10 3 3.38983583411e-30 2 1 
117 40 2.0 1 13 1 0 34 24 1 0.06860652449 0 6 
117 40 2.0 13 5 0 0 12 19 2 0.0529371198659 1 2 
117 40 2.0 18 6 0 0 20 16 3 1.3303973986e-27 4 0 
117 40 2.0 7 17 3 0 43 35 2 0.0917799290353 3 5 
117 40 2.0 20 6 1 0 10 2 3 4.49559517101e-55 2 0 
117 40 2.0 12 2 0 0 19 12 2 0.26566848683 2 1 
117 40 2.0 9 10 2 0 17 24 2 0.0586648178897 2 3 
117 40 2.0 15 22 3 0 33 33 3 2.22333172361e-27 5 3 
117 40 2.0 4 6 0 0 4 12 1 0.690514357261 0 2 
117 40 2.0 3 10 0 0 16 16 1 0.113060328867 0 4 
117 40 2.0 14 1 0 0 13 5 2 7.58060385787e-28 1 1 
117 40 2.0 21 8 2 0 12 12 3 0.0248008551466 4 0 
117 40 2.0 17 6 0 0 8 4 3 1.05518931843e-54 2 0 
117 40 2.0 16 10 3 0 17 11 3 5.25849242348e-29 3 1 
117 40 2.0 2 6 1 0 7 10 1 0.219348412987 0 3 
117 40 2.0 5 11 2 0 23 12 2 0.00990168153639 2 3 
117 40 2.0 11 9 2 0 23 22 2 1.48403709388e-45 2 3 
