137 1 0.0 11 3 3 0 25 17 0 0 0 0 0 0 0 0 9.0 0.675824869892 0.0750916522102 0.189438882687 0.042421014931 
137 1 2.0 11 3 3 0 25 17 0 0 0 0 0 0 0 0 9.0 0.608416547927 0.0676018386586 0.128014552075 0.0503410633967 
137 2 0.0 11 3 3 0 25 17 0 0 0 0 0 0 0 0 9.0 0.654694605392 0.0727438450435 0.186586737754 0.0402173042692 
137 2 2.0 11 3 3 0 25 17 0 0 0 0 0 0 0 0 9.0 0.60967101573 0.06774122397 0.126450393861 0.0509671754298 
137 3 0.0 11 3 3 0 25 17 0 0 0 0 0 0 0 0 9.0 0.672987857386 0.0747764285985 0.192045568566 0.0412709600365 
137 3 2.0 11 3 3 0 25 17 0 0 0 0 0 0 0 0 9.0 0.600901563628 0.0667668404031 0.129406728848 0.0488697294189 
137 4 0.0 11 3 3 0 25 17 0 0 0 0 0 0 0 0 9.0 0.653622492371 0.0726247213746 0.183229113218 0.0410234665621 
137 4 2.0 11 3 3 0 25 17 0 0 0 0 0 0 0 0 9.0 0.60181277664 0.0668680862933 0.124678612015 0.0503507932301 
137 5 0.0 11 3 3 0 25 17 0 0 0 0 0 0 0 0 9.0 0.662318965257 0.0735909961396 0.183885682646 0.0420782285663 
137 5 2.0 11 3 3 0 25 17 0 0 0 0 0 0 0 0 9.0 0.590398386452 0.0655998207169 0.123517435815 0.0490519306887 
137 6 0.0 11 3 3 0 25 17 0 0 0 0 0 0 0 0 9.0 0.659484913691 0.0732761015212 0.18307485377 0.04190502945 
137 6 2.0 11 3 3 0 25 17 0 0 0 0 0 0 0 0 9.0 0.60046371298 0.0667181903311 0.129086674381 0.0488986234597 
137 7 0.0 11 3 3 0 25 17 0 0 0 0 0 0 0 0 9.0 0.671473711208 0.0746081901343 0.191916061417 0.0410916554821 
137 7 2.0 11 3 3 0 25 17 0 0 0 0 0 0 0 0 9.0 0.590866509432 0.0656518343814 0.12486723422 0.0487331487132 
137 8 0.0 11 3 3 0 25 17 0 0 0 0 0 0 0 0 9.0 0.667724171249 0.0741915745833 0.185812691748 0.0422998268218 
137 8 2.0 11 3 3 0 25 17 0 0 0 0 0 0 0 0 9.0 0.607494910277 0.0674994344752 0.126066478581 0.0507659933022 
137 9 0.0 11 3 3 0 25 17 0 0 0 0 0 0 0 0 9.0 0.654803984826 0.072755998314 0.182290040731 0.0414605576235 
137 9 2.0 11 3 3 0 25 17 0 0 0 0 0 0 0 0 9.0 0.589069953231 0.0654522170256 0.124790940802 0.0484982959465 
137 10 0.0 11 3 3 0 25 17 0 0 0 0 0 0 0 0 9.0 0.656200999327 0.0729112221475 0.183970925059 0.0411798784584 
137 10 2.0 11 3 3 0 25 17 0 0 0 0 0 0 0 0 9.0 0.595319549024 0.0661466165583 0.122798781974 0.0499602835824 
137 1 0.0 11 3 3 0 25 17 0 0 0 0 0 0 0 0 9.0 0.650655535781 0.0722950595312 0.183769417303 0.040445243025 
137 1 2.0 11 3 3 0 25 17 0 0 0 0 0 0 0 0 9.0 0.603966795476 0.0671074217195 0.129160649253 0.0493779281386 
137 2 0.0 11 3 3 0 25 17 0 0 0 0 0 0 0 0 9.0 0.672713903129 0.0747459892365 0.189772463948 0.0418812821762 
137 2 2.0 11 3 3 0 25 17 0 0 0 0 0 0 0 0 9.0 0.598966777871 0.0665518642079 0.122968784197 0.0504327442111 
137 3 0.0 11 3 3 0 25 17 0 0 0 0 0 0 0 0 9.0 0.654223326576 0.0726914807307 0.185604735061 0.0404305509221 
137 3 2.0 11 3 3 0 25 17 0 0 0 0 0 0 0 0 9.0 0.590523649256 0.0656137388062 0.125489400577 0.0485064068715 
137 4 0.0 11 3 3 0 25 17 0 0 0 0 0 0 0 0 9.0 0.672627210106 0.0747363566784 0.18985706282 0.0418447263523 
137 4 2.0 11 3 3 0 25 17 0 0 0 0 0 0 0 0 9.0 0.588836713533 0.0654263015036 0.123043996931 0.0489641028101 
137 5 0.0 11 3 3 0 25 17 0 0 0 0 0 0 0 0 9.0 0.66575492007 0.0739727688967 0.185057761499 0.0422341995818 
137 5 2.0 11 3 3 0 25 17 0 0 0 0 0 0 0 0 9.0 0.588772883999 0.0654192093333 0.123030830798 0.0489587460577 
137 6 0.0 11 3 3 0 25 17 0 0 0 0 0 0 0 0 9.0 0.671194051552 0.0745771168391 0.192367613403 0.0409226892494 
137 6 2.0 11 3 3 0 25 17 0 0 0 0 0 0 0 0 9.0 0.588431030715 0.065381225635 0.123306237605 0.0488312222151 
137 7 0.0 11 3 3 0 25 17 0 0 0 0 0 0 0 0 9.0 0.668742873042 0.0743047636713 0.186284663382 0.0423105066111 
137 7 2.0 11 3 3 0 25 17 0 0 0 0 0 0 0 0 9.0 0.589348670391 0.065483185599 0.122494272283 0.0491943036893 
137 8 0.0 11 3 3 0 25 17 0 0 0 0 0 0 0 0 9.0 0.661491963686 0.0734991070762 0.189703441755 0.0402978685965 
137 8 2.0 11 3 3 0 25 17 0 0 0 0 0 0 0 0 9.0 0.591099930401 0.0656777700446 0.12227415915 0.0495073731575 
137 9 0.0 11 3 3 0 25 17 0 0 0 0 0 0 0 0 9.0 0.661839126769 0.0735376807521 0.190140124154 0.040222696923 
137 9 2.0 11 3 3 0 25 17 0 0 0 0 0 0 0 0 9.0 0.590705338961 0.0656339265512 0.122494156884 0.0493881464561 
137 10 0.0 11 3 3 0 25 17 0 0 0 0 0 0 0 0 9.0 0.655947429187 0.0728830476875 0.182742465005 0.0414946427397 
137 10 2.0 11 3 3 0 25 17 0 0 0 0 0 0 0 0 9.0 0.596827015023 0.0663141127803 0.126634911576 0.0490795988388 
137 11 0.0 11 3 3 0 25 17 0 0 0 0 0 0 0 0 9.0 0.657113153374 0.0730125725971 0.186877833219 0.0404796409907 
137 11 2.0 11 3 3 0 25 17 0 0 0 0 0 0 0 0 9.0 0.605698047272 0.0672997830302 0.130281807041 0.0493049190271 
137 12 0.0 11 3 3 0 25 17 0 0 0 0 0 0 0 0 9.0 0.66629771355 0.0740330792833 0.185267871812 0.0422517099894 
137 12 2.0 11 3 3 0 25 17 0 0 0 0 0 0 0 0 9.0 0.595833888027 0.0662037653363 0.127803567375 0.0486038218967 
137 13 0.0 11 3 3 0 25 17 0 0 0 0 0 0 0 0 9.0 0.655781905535 0.0728646561706 0.182652203381 0.0414967855389 
137 13 2.0 11 3 3 0 25 17 0 0 0 0 0 0 0 0 9.0 0.600143316381 0.066682590709 0.123567576814 0.0504297375362 
137 14 0.0 11 3 3 0 25 17 0 0 0 0 0 0 0 0 9.0 0.673635650249 0.0748484055833 0.191634107954 0.0414810620489 
137 14 2.0 11 3 3 0 25 17 0 0 0 0 0 0 0 0 9.0 0.606964154693 0.0674404616325 0.129077043834 0.0498300095749 
137 15 0.0 11 3 3 0 25 17 0 0 0 0 0 0 0 0 9.0 0.675486760601 0.0750540845112 0.194595448146 0.0408994091868 
137 15 2.0 11 3 3 0 25 17 0 0 0 0 0 0 0 0 9.0 0.60318142907 0.0670201587856 0.124810008236 0.0505087732282 
137 16 0.0 11 3 3 0 25 17 0 0 0 0 0 0 0 0 9.0 0.660965550934 0.0734406167705 0.183543048504 0.0419827791325 
137 16 2.0 11 3 3 0 25 17 0 0 0 0 0 0 0 0 9.0 0.605710855034 0.0673012061148 0.129206289823 0.0496140393412 
137 17 0.0 11 3 3 0 25 17 0 0 0 0 0 0 0 0 9.0 0.677232158068 0.0752480175631 0.19054510794 0.0423059917412 
137 17 2.0 11 3 3 0 25 17 0 0 0 0 0 0 0 0 9.0 0.603453333084 0.0670503703427 0.129577408847 0.0491855021986 
137 18 0.0 11 3 3 0 25 17 0 0 0 0 0 0 0 0 9.0 0.660906512455 0.0734340569395 0.184272549558 0.0417659161912 
137 18 2.0 11 3 3 0 25 17 0 0 0 0 0 0 0 0 9.0 0.590140252923 0.0655711392137 0.123170353994 0.0491142207049 
137 19 0.0 11 3 3 0 25 17 0 0 0 0 0 0 0 0 9.0 0.668632523765 0.0742925026406 0.192847190409 0.0404197347067 
137 19 2.0 11 3 3 0 25 17 0 0 0 0 0 0 0 0 9.0 0.592156061335 0.0657951179261 0.12544493914 0.0487523118649 
137 20 0.0 11 3 3 0 25 17 0 0 0 0 0 0 0 0 9.0 0.663947567577 0.073771951953 0.184407251731 0.042161866302 
137 20 2.0 11 3 3 0 25 17 0 0 0 0 0 0 0 0 9.0 0.595373869124 0.0661526521249 0.122662704605 0.0500069228448 
137 21 0.0 11 3 3 0 25 17 0 0 0 0 0 0 0 0 9.0 0.660665924354 0.0734073249282 0.189204633766 0.0403223795461 
137 21 2.0 11 3 3 0 25 17 0 0 0 0 0 0 0 0 9.0 0.589854443109 0.0655393825677 0.124047617755 0.0488227439428 
137 22 0.0 11 3 3 0 25 17 0 0 0 0 0 0 0 0 9.0 0.681112205064 0.075679133896 0.193619965985 0.0419817532991 
137 22 2.0 11 3 3 0 25 17 0 0 0 0 0 0 0 0 9.0 0.600549872468 0.0667277636075 0.124767899732 0.0501448675719 
137 23 0.0 11 3 3 0 25 17 0 0 0 0 0 0 0 0 9.0 0.650371607461 0.0722635119402 0.182406492245 0.0407940889958 
137 23 2.0 11 3 3 0 25 17 0 0 0 0 0 0 0 0 9.0 0.589582872056 0.0655092080062 0.12415622372 0.0487529178024 
137 24 0.0 11 3 3 0 25 17 0 0 0 0 0 0 0 0 9.0 0.656280594957 0.0729200661063 0.182407711832 0.0416378816132 
137 24 2.0 11 3 3 0 25 17 0 0 0 0 0 0 0 0 9.0 0.587499430356 0.065277714484 0.12331026142 0.048696986788 
137 25 0.0 11 3 3 0 25 17 0 0 0 0 0 0 0 0 9.0 0.661108276788 0.0734564751986 0.183819226082 0.0419242606606 
137 25 2.0 11 3 3 0 25 17 0 0 0 0 0 0 0 0 9.0 0.599369755698 0.066596639522 0.123048150214 0.0504676364671 
137 26 0.0 11 3 3 0 25 17 0 0 0 0 0 0 0 0 9.0 0.680326201728 0.075591800192 0.192598458484 0.0421613263943 
137 26 2.0 11 3 3 0 25 17 0 0 0 0 0 0 0 0 9.0 0.608143806354 0.0675715340393 0.128102705329 0.0502769136709 
137 27 0.0 11 3 3 0 25 17 0 0 0 0 0 0 0 0 9.0 0.676231197442 0.0751367997158 0.190459631073 0.0421874193281 
137 27 2.0 11 3 3 0 25 17 0 0 0 0 0 0 0 0 9.0 0.597180786289 0.0663534206988 0.12751539245 0.0488785716269 
137 28 0.0 11 3 3 0 25 17 0 0 0 0 0 0 0 0 9.0 0.654294030119 0.0726993366799 0.185336497361 0.0405172907709 
137 28 2.0 11 3 3 0 25 17 0 0 0 0 0 0 0 0 9.0 0.608383344736 0.0675981494152 0.128005613045 0.0503388740925 
137 29 0.0 11 3 3 0 25 17 0 0 0 0 0 0 0 0 9.0 0.670213739236 0.0744681932485 0.19128379004 0.0410923084508 
137 29 2.0 11 3 3 0 25 17 0 0 0 0 0 0 0 0 9.0 0.604625845475 0.0671806494972 0.124298443752 0.05086127971 
137 30 0.0 11 3 3 0 25 17 0 0 0 0 0 0 0 0 9.0 0.657490330614 0.0730544811793 0.187491289862 0.0403582501272 
137 30 2.0 11 3 3 0 25 17 0 0 0 0 0 0 0 0 9.0 0.58885488608 0.0654283206756 0.124770201703 0.048473497525 
137 31 0.0 11 3 3 0 25 17 0 0 0 0 0 0 0 0 9.0 0.653789239602 0.0726432488447 0.18213682201 0.0413593707973 
137 31 2.0 11 3 3 0 25 17 0 0 0 0 0 0 0 0 9.0 0.587915976861 0.065323997429 0.123852458412 0.0486015800054 
137 32 0.0 11 3 3 0 25 17 0 0 0 0 0 0 0 0 9.0 0.665303731827 0.0739226368697 0.185000551572 0.042186089812 
137 32 2.0 11 3 3 0 25 17 0 0 0 0 0 0 0 0 9.0 0.598527647797 0.0665030719775 0.123159948267 0.0503153930377 
137 33 0.0 11 3 3 0 25 17 0 0 0 0 0 0 0 0 9.0 0.65396445461 0.0726627171789 0.18473582468 0.0406418293215 
137 33 2.0 11 3 3 0 25 17 0 0 0 0 0 0 0 0 9.0 0.590959511149 0.0656621679054 0.125596992806 0.0485379322197 
137 34 0.0 11 3 3 0 25 17 0 0 0 0 0 0 0 0 9.0 0.67030838162 0.0744787090689 0.192145335576 0.040859672924 
137 34 2.0 11 3 3 0 25 17 0 0 0 0 0 0 0 0 9.0 0.589750628185 0.0655278475761 0.122634183393 0.0492117516284 
137 35 0.0 11 3 3 0 25 17 0 0 0 0 0 0 0 0 9.0 0.650957555915 0.0723286173239 0.184139539697 0.0403826395031 
137 35 2.0 11 3 3 0 25 17 0 0 0 0 0 0 0 0 9.0 0.608328947942 0.0675921053269 0.128070488723 0.0503125672138 
137 36 0.0 11 3 3 0 25 17 0 0 0 0 0 0 0 0 9.0 0.678587734947 0.0753986372163 0.191936664446 0.0421020580079 
137 36 2.0 11 3 3 0 25 17 0 0 0 0 0 0 0 0 9.0 0.593819097321 0.0659798997023 0.126371130254 0.0487252624019 
137 37 0.0 11 3 3 0 25 17 0 0 0 0 0 0 0 0 9.0 0.660101853362 0.0733446503735 0.18941893178 0.0401805699717 
137 37 2.0 11 3 3 0 25 17 0 0 0 0 0 0 0 0 9.0 0.595462878382 0.0661625420425 0.127390813161 0.0486687502942 
137 38 0.0 11 3 3 0 25 17 0 0 0 0 0 0 0 0 9.0 0.67237830929 0.0747087010322 0.189399474016 0.0419399087511 
137 38 2.0 11 3 3 0 25 17 0 0 0 0 0 0 0 0 9.0 0.600620567716 0.0667356186351 0.129348071362 0.0488463464276 
137 39 0.0 11 3 3 0 25 17 0 0 0 0 0 0 0 0 9.0 0.674902879624 0.0749892088471 0.189080771725 0.0423916194533 
137 39 2.0 11 3 3 0 25 17 0 0 0 0 0 0 0 0 9.0 0.592764336237 0.0658627040264 0.125568021148 0.0488040419916 
137 40 0.0 11 3 3 0 25 17 0 0 0 0 0 0 0 0 9.0 0.650472804881 0.0722747560979 0.18324008813 0.0405703755173 
137 40 2.0 11 3 3 0 25 17 0 0 0 0 0 0 0 0 9.0 0.595723669632 0.066191518848 0.123061786012 0.0499428710869 
