132 1 0.0 2 3 7 0 11 18 1 1.20846587975e-05 0 5 
132 1 0.0 5 3 4 0 10 14 2 0.208926333861 2 2 
132 1 0.0 4 5 4 0 10 12 2 0.0646661361735 2 2 
132 1 0.0 7 8 10 0 12 19 2 0.0354509550051 5 2 
132 1 0.0 9 9 3 0 6 3 3 4.19570065735e-46 3 0 
132 1 0.0 6 6 8 0 11 17 2 0.160111200893 3 3 
132 1 0.0 1 4 1 0 2 8 1 0.553326453239 0 2 
132 1 0.0 8 7 7 0 11 8 2 9.53790049132e-29 4 1 
132 1 0.0 3 3 1 0 2 12 1 0.429346802267 0 2 
132 1 2.0 2 3 7 0 11 18 1 3.47860833028e-22 0 5 
132 1 2.0 5 3 4 0 10 14 2 0.236829478388 2 2 
132 1 2.0 4 5 4 0 10 12 2 0.164264569493 2 2 
132 1 2.0 7 8 10 0 12 19 2 0.147226579316 5 2 
132 1 2.0 9 9 3 0 6 3 3 0.0788534060746 3 0 
132 1 2.0 6 6 8 0 11 17 2 0.135335353302 3 3 
132 1 2.0 1 4 1 0 2 8 1 0.438810535853 0 2 
132 1 2.0 8 7 7 0 11 8 2 3.1618312452e-15 4 1 
132 1 2.0 3 3 1 0 2 12 1 0.340100735349 0 2 
132 2 0.0 2 3 7 0 11 18 1 5.31181450978e-06 0 5 
132 2 0.0 5 3 4 0 10 14 2 0.208916528242 2 2 
132 2 0.0 4 5 4 0 10 12 2 0.0646858248744 2 2 
132 2 0.0 7 8 10 0 12 19 2 0.0354612319319 5 2 
132 2 0.0 9 9 3 0 6 3 3 1.07940679956e-45 3 0 
132 2 0.0 6 6 8 0 11 17 2 0.160085773732 3 3 
132 2 0.0 1 4 1 0 2 8 1 0.553316087976 0 2 
132 2 0.0 8 7 7 0 11 8 2 2.75748237394e-29 4 1 
132 2 0.0 3 3 1 0 2 12 1 0.429358942421 0 2 
132 2 2.0 2 3 7 0 11 18 1 4.88160188209e-21 0 5 
132 2 2.0 5 3 4 0 10 14 2 0.236829317541 2 2 
132 2 2.0 4 5 4 0 10 12 2 0.164264758528 2 2 
132 2 2.0 7 8 10 0 12 19 2 0.147226873653 5 2 
132 2 2.0 9 9 3 0 6 3 3 0.0788534285929 3 0 
132 2 2.0 6 6 8 0 11 17 2 0.135335113681 3 3 
132 2 2.0 1 4 1 0 2 8 1 0.438810548708 0 2 
132 2 2.0 8 7 7 0 11 8 2 6.37090119267e-16 4 1 
132 2 2.0 3 3 1 0 2 12 1 0.340100876097 0 2 
132 3 0.0 2 3 7 0 11 18 1 4.51525444729e-05 0 5 
132 3 0.0 5 3 4 0 10 14 2 0.208830083473 2 2 
132 3 0.0 4 5 4 0 10 12 2 0.0648224549706 2 2 
132 3 0.0 7 8 10 0 12 19 2 0.0356108292739 5 2 
132 3 0.0 9 9 3 0 6 3 3 6.68650256824e-45 3 0 
132 3 0.0 6 6 8 0 11 17 2 0.159924043969 3 3 
132 3 0.0 1 4 1 0 2 8 1 0.553239871524 0 2 
132 3 0.0 8 7 7 0 11 8 2 9.13605467539e-29 4 1 
132 3 0.0 3 3 1 0 2 12 1 0.429406382694 0 2 
132 3 2.0 2 3 7 0 11 18 1 4.60521203472e-21 0 5 
132 3 2.0 5 3 4 0 10 14 2 0.236829324003 2 2 
132 3 2.0 4 5 4 0 10 12 2 0.164264793464 2 2 
132 3 2.0 7 8 10 0 12 19 2 0.147226860535 5 2 
132 3 2.0 9 9 3 0 6 3 3 0.0788533791397 3 0 
132 3 2.0 6 6 8 0 11 17 2 0.135335078057 3 3 
132 3 2.0 1 4 1 0 2 8 1 0.438810484864 0 2 
132 3 2.0 8 7 7 0 11 8 2 1.42278803435e-16 4 1 
132 3 2.0 3 3 1 0 2 12 1 0.340100856044 0 2 
132 4 0.0 2 3 7 0 11 18 1 1.93347078047e-05 0 5 
132 4 0.0 5 3 4 0 10 14 2 0.208815738494 2 2 
132 4 0.0 4 5 4 0 10 12 2 0.0648611108307 2 2 
132 4 0.0 7 8 10 0 12 19 2 0.0356164415195 5 2 
132 4 0.0 9 9 3 0 6 3 3 6.0191425059e-47 3 0 
132 4 0.0 6 6 8 0 11 17 2 0.15987301007 3 3 
132 4 0.0 1 4 1 0 2 8 1 0.553217637245 0 2 
132 4 0.0 8 7 7 0 11 8 2 4.48310705416e-30 4 1 
132 4 0.0 3 3 1 0 2 12 1 0.429433679288 0 2 
132 4 2.0 2 3 7 0 11 18 1 7.58332073094e-22 0 5 
132 4 2.0 5 3 4 0 10 14 2 0.23682951401 2 2 
132 4 2.0 4 5 4 0 10 12 2 0.164265061265 2 2 
132 4 2.0 7 8 10 0 12 19 2 0.147226581982 5 2 
132 4 2.0 9 9 3 0 6 3 3 0.0788534775297 3 0 
132 4 2.0 6 6 8 0 11 17 2 0.135334893736 3 3 
132 4 2.0 1 4 1 0 2 8 1 0.43881019812 0 2 
132 4 2.0 8 7 7 0 11 8 2 1.1736015705e-15 4 1 
132 4 2.0 3 3 1 0 2 12 1 0.340100747402 0 2 
132 5 0.0 2 3 7 0 11 18 1 1.82628373569e-05 0 5 
132 5 0.0 5 3 4 0 10 14 2 0.208831726862 2 2 
132 5 0.0 4 5 4 0 10 12 2 0.0648313722617 2 2 
132 5 0.0 7 8 10 0 12 19 2 0.0355925009714 5 2 
132 5 0.0 9 9 3 0 6 3 3 1.50566228725e-45 3 0 
132 5 0.0 6 6 8 0 11 17 2 0.159908953795 3 3 
132 5 0.0 1 4 1 0 2 8 1 0.553235206461 0 2 
132 5 0.0 8 7 7 0 11 8 2 1.25883464974e-29 4 1 
132 5 0.0 3 3 1 0 2 12 1 0.42942112969 0 2 
132 5 2.0 2 3 7 0 11 18 1 1.33879276897e-21 0 5 
132 5 2.0 5 3 4 0 10 14 2 0.236829421464 2 2 
132 5 2.0 4 5 4 0 10 12 2 0.16426465649 2 2 
132 5 2.0 7 8 10 0 12 19 2 0.147226683114 5 2 
132 5 2.0 9 9 3 0 6 3 3 0.0788533930722 3 0 
132 5 2.0 6 6 8 0 11 17 2 0.135335247275 3 3 
132 5 2.0 1 4 1 0 2 8 1 0.438810511798 0 2 
132 5 2.0 8 7 7 0 11 8 2 1.22848609938e-15 4 1 
132 5 2.0 3 3 1 0 2 12 1 0.340100779 0 2 
132 6 0.0 2 3 7 0 11 18 1 7.84837079744e-05 0 5 
132 6 0.0 5 3 4 0 10 14 2 0.208797658497 2 2 
132 6 0.0 4 5 4 0 10 12 2 0.0648663899277 2 2 
132 6 0.0 7 8 10 0 12 19 2 0.0356778435249 5 2 
132 6 0.0 9 9 3 0 6 3 3 7.96097615635e-44 3 0 
132 6 0.0 6 6 8 0 11 17 2 0.159875396197 3 3 
132 6 0.0 1 4 1 0 2 8 1 0.553214667676 0 2 
132 6 0.0 8 7 7 0 11 8 2 6.73032295038e-28 4 1 
132 6 0.0 3 3 1 0 2 12 1 0.429413177189 0 2 
132 6 2.0 2 3 7 0 11 18 1 3.5190714075e-21 0 5 
132 6 2.0 5 3 4 0 10 14 2 0.236829440925 2 2 
132 6 2.0 4 5 4 0 10 12 2 0.164265051489 2 2 
132 6 2.0 7 8 10 0 12 19 2 0.147226695235 5 2 
132 6 2.0 9 9 3 0 6 3 3 0.0788534061945 3 0 
132 6 2.0 6 6 8 0 11 17 2 0.135334871304 3 3 
132 6 2.0 1 4 1 0 2 8 1 0.438810218495 0 2 
132 6 2.0 8 7 7 0 11 8 2 1.69783111806e-15 4 1 
132 6 2.0 3 3 1 0 2 12 1 0.340100781445 0 2 
132 7 0.0 2 3 7 0 11 18 1 2.63021751654e-06 0 5 
132 7 0.0 5 3 4 0 10 14 2 0.209004763827 2 2 
132 7 0.0 4 5 4 0 10 12 2 0.0645354086196 2 2 
132 7 0.0 7 8 10 0 12 19 2 0.0353310684885 5 2 
132 7 0.0 9 9 3 0 6 3 3 4.29962292647e-47 3 0 
132 7 0.0 6 6 8 0 11 17 2 0.160271620339 3 3 
132 7 0.0 1 4 1 0 2 8 1 0.5533960278 0 2 
132 7 0.0 8 7 7 0 11 8 2 4.02643469589e-29 4 1 
132 7 0.0 3 3 1 0 2 12 1 0.429287830316 0 2 
132 7 2.0 2 3 7 0 11 18 1 6.04387036867e-22 0 5 
132 7 2.0 5 3 4 0 10 14 2 0.236829727775 2 2 
132 7 2.0 4 5 4 0 10 12 2 0.164264855478 2 2 
132 7 2.0 7 8 10 0 12 19 2 0.14722621177 5 2 
132 7 2.0 9 9 3 0 6 3 3 0.078853577907 3 0 
132 7 2.0 6 6 8 0 11 17 2 0.135335178497 3 3 
132 7 2.0 1 4 1 0 2 8 1 0.438810235528 0 2 
132 7 2.0 8 7 7 0 11 8 2 5.51479213921e-15 4 1 
132 7 2.0 3 3 1 0 2 12 1 0.340100604457 0 2 
132 8 0.0 2 3 7 0 11 18 1 2.66713875087e-05 0 5 
132 8 0.0 5 3 4 0 10 14 2 0.208843022162 2 2 
132 8 0.0 4 5 4 0 10 12 2 0.0648074097424 2 2 
132 8 0.0 7 8 10 0 12 19 2 0.0355810193859 5 2 
132 8 0.0 9 9 3 0 6 3 3 1.09416538115e-45 3 0 
132 8 0.0 6 6 8 0 11 17 2 0.15993965705 3 3 
132 8 0.0 1 4 1 0 2 8 1 0.553248475816 0 2 
132 8 0.0 8 7 7 0 11 8 2 1.25094565889e-29 4 1 
132 8 0.0 3 3 1 0 2 12 1 0.429406775041 0 2 
132 8 2.0 2 3 7 0 11 18 1 4.17102040249e-22 0 5 
132 8 2.0 5 3 4 0 10 14 2 0.236829548102 2 2 
132 8 2.0 4 5 4 0 10 12 2 0.164264691619 2 2 
132 8 2.0 7 8 10 0 12 19 2 0.147226471805 5 2 
132 8 2.0 9 9 3 0 6 3 3 0.0788533775427 3 0 
132 8 2.0 6 6 8 0 11 17 2 0.135335257273 3 3 
132 8 2.0 1 4 1 0 2 8 1 0.438810370038 0 2 
132 8 2.0 8 7 7 0 11 8 2 5.031961994e-15 4 1 
132 8 2.0 3 3 1 0 2 12 1 0.3401006752 0 2 
132 9 0.0 2 3 7 0 11 18 1 2.41298964872e-05 0 5 
132 9 0.0 5 3 4 0 10 14 2 0.208889370743 2 2 
132 9 0.0 4 5 4 0 10 12 2 0.0647251917718 2 2 
132 9 0.0 7 8 10 0 12 19 2 0.0355119601696 5 2 
132 9 0.0 9 9 3 0 6 3 3 1.39769715254e-44 3 0 
132 9 0.0 6 6 8 0 11 17 2 0.160040104951 3 3 
132 9 0.0 1 4 1 0 2 8 1 0.553294537181 0 2 
132 9 0.0 8 7 7 0 11 8 2 1.20855542249e-27 4 1 
132 9 0.0 3 3 1 0 2 12 1 0.429370067201 0 2 
132 9 2.0 2 3 7 0 11 18 1 8.7343939291e-22 0 5 
132 9 2.0 5 3 4 0 10 14 2 0.236829475528 2 2 
132 9 2.0 4 5 4 0 10 12 2 0.16426459636 2 2 
132 9 2.0 7 8 10 0 12 19 2 0.147226585383 5 2 
132 9 2.0 9 9 3 0 6 3 3 0.078853392258 3 0 
132 9 2.0 6 6 8 0 11 17 2 0.135335325047 3 3 
132 9 2.0 1 4 1 0 2 8 1 0.43881050954 0 2 
132 9 2.0 8 7 7 0 11 8 2 6.01717802888e-16 4 1 
132 9 2.0 3 3 1 0 2 12 1 0.340100734014 0 2 
132 10 0.0 2 3 7 0 11 18 1 1.09284003005e-05 0 5 
132 10 0.0 5 3 4 0 10 14 2 0.208936565851 2 2 
132 10 0.0 4 5 4 0 10 12 2 0.0646485461541 2 2 
132 10 0.0 7 8 10 0 12 19 2 0.0354353590538 5 2 
132 10 0.0 9 9 3 0 6 3 3 9.09303153326e-46 3 0 
132 10 0.0 6 6 8 0 11 17 2 0.160132672023 3 3 
132 10 0.0 1 4 1 0 2 8 1 0.553336138866 0 2 
132 10 0.0 8 7 7 0 11 8 2 6.96114602101e-29 4 1 
132 10 0.0 3 3 1 0 2 12 1 0.429339060262 0 2 
132 10 2.0 2 3 7 0 11 18 1 7.48044421546e-22 0 5 
132 10 2.0 5 3 4 0 10 14 2 0.236829590682 2 2 
132 10 2.0 4 5 4 0 10 12 2 0.164264989605 2 2 
132 10 2.0 7 8 10 0 12 19 2 0.14722644917 5 2 
132 10 2.0 9 9 3 0 6 3 3 0.078853511401 3 0 
132 10 2.0 6 6 8 0 11 17 2 0.135334993611 3 3 
132 10 2.0 1 4 1 0 2 8 1 0.438810208552 0 2 
132 10 2.0 8 7 7 0 11 8 2 1.10352691854e-15 4 1 
132 10 2.0 3 3 1 0 2 12 1 0.340100695509 0 2 
132 11 0.0 2 3 7 0 11 18 1 0.000108545650705 0 5 
132 11 0.0 5 3 4 0 10 14 2 0.20877001102 2 2 
132 11 0.0 4 5 4 0 10 12 2 0.0649037419656 2 2 
132 11 0.0 7 8 10 0 12 19 2 0.0357359590144 5 2 
132 11 0.0 9 9 3 0 6 3 3 1.13270073591e-43 3 0 
132 11 0.0 6 6 8 0 11 17 2 0.159834460164 3 3 
132 11 0.0 1 4 1 0 2 8 1 0.553192834328 0 2 
132 11 0.0 8 7 7 0 11 8 2 6.96332367458e-28 4 1 
132 11 0.0 3 3 1 0 2 12 1 0.429417989578 0 2 
132 11 2.0 2 3 7 0 11 18 1 3.86369471036e-22 0 5 
132 11 2.0 5 3 4 0 10 14 2 0.23682953988 2 2 
132 11 2.0 4 5 4 0 10 12 2 0.164264825634 2 2 
132 11 2.0 7 8 10 0 12 19 2 0.147226502375 5 2 
132 11 2.0 9 9 3 0 6 3 3 0.0788533941721 3 0 
132 11 2.0 6 6 8 0 11 17 2 0.135335125378 3 3 
132 11 2.0 1 4 1 0 2 8 1 0.438810291092 0 2 
132 11 2.0 8 7 7 0 11 8 2 1.04590671784e-15 4 1 
132 11 2.0 3 3 1 0 2 12 1 0.340100691704 0 2 
132 12 0.0 2 3 7 0 11 18 1 2.15385309194e-05 0 5 
132 12 0.0 5 3 4 0 10 14 2 0.20884796442 2 2 
132 12 0.0 4 5 4 0 10 12 2 0.0648005202784 2 2 
132 12 0.0 7 8 10 0 12 19 2 0.035570774298 5 2 
132 12 0.0 9 9 3 0 6 3 3 2.41471348723e-45 3 0 
132 12 0.0 6 6 8 0 11 17 2 0.159947247169 3 3 
132 12 0.0 1 4 1 0 2 8 1 0.553252562416 0 2 
132 12 0.0 8 7 7 0 11 8 2 1.36974383219e-28 4 1 
132 12 0.0 3 3 1 0 2 12 1 0.429405771696 0 2 
132 12 2.0 2 3 7 0 11 18 1 5.52715297947e-21 0 5 
132 12 2.0 5 3 4 0 10 14 2 0.23682937883 2 2 
132 12 2.0 4 5 4 0 10 12 2 0.164264712229 2 2 
132 12 2.0 7 8 10 0 12 19 2 0.147226759629 5 2 
132 12 2.0 9 9 3 0 6 3 3 0.0788533817639 3 0 
132 12 2.0 6 6 8 0 11 17 2 0.135335176895 3 3 
132 12 2.0 1 4 1 0 2 8 1 0.438810499544 0 2 
132 12 2.0 8 7 7 0 11 8 2 6.21892970443e-16 4 1 
132 12 2.0 3 3 1 0 2 12 1 0.340100810857 0 2 
132 13 0.0 2 3 7 0 11 18 1 0.00021268297505 0 5 
132 13 0.0 5 3 4 0 10 14 2 0.208695012686 2 2 
132 13 0.0 4 5 4 0 10 12 2 0.0649949722173 2 2 
132 13 0.0 7 8 10 0 12 19 2 0.0359069974208 5 2 
132 13 0.0 9 9 3 0 6 3 3 3.00005374449e-43 3 0 
132 13 0.0 6 6 8 0 11 17 2 0.159739267321 3 3 
132 13 0.0 1 4 1 0 2 8 1 0.553139039971 0 2 
132 13 0.0 8 7 7 0 11 8 2 6.20730537302e-27 4 1 
132 13 0.0 3 3 1 0 2 12 1 0.429417513778 0 2 
132 13 2.0 2 3 7 0 11 18 1 1.68801980273e-21 0 5 
132 13 2.0 5 3 4 0 10 14 2 0.236829384668 2 2 
132 13 2.0 4 5 4 0 10 12 2 0.164264738058 2 2 
132 13 2.0 7 8 10 0 12 19 2 0.14722675094 5 2 
132 13 2.0 9 9 3 0 6 3 3 0.0788533679954 3 0 
132 13 2.0 6 6 8 0 11 17 2 0.135335152771 3 3 
132 13 2.0 1 4 1 0 2 8 1 0.43881046674 0 2 
132 13 2.0 8 7 7 0 11 8 2 6.66434226447e-16 4 1 
132 13 2.0 3 3 1 0 2 12 1 0.340100802638 0 2 
132 14 0.0 2 3 7 0 11 18 1 1.86973964171e-05 0 5 
132 14 0.0 5 3 4 0 10 14 2 0.208920629621 2 2 
132 14 0.0 4 5 4 0 10 12 2 0.0646738949349 2 2 
132 14 0.0 7 8 10 0 12 19 2 0.0354631857971 5 2 
132 14 0.0 9 9 3 0 6 3 3 1.39993467498e-46 3 0 
132 14 0.0 6 6 8 0 11 17 2 0.160102809849 3 3 
132 14 0.0 1 4 1 0 2 8 1 0.553321760611 0 2 
132 14 0.0 8 7 7 0 11 8 2 1.57576462469e-29 4 1 
132 14 0.0 3 3 1 0 2 12 1 0.429347544046 0 2 
132 14 2.0 2 3 7 0 11 18 1 2.67334250826e-21 0 5 
132 14 2.0 5 3 4 0 10 14 2 0.236829455784 2 2 
132 14 2.0 4 5 4 0 10 12 2 0.164264578845 2 2 
132 14 2.0 7 8 10 0 12 19 2 0.147226620298 5 2 
132 14 2.0 9 9 3 0 6 3 3 0.078853421502 3 0 
132 14 2.0 6 6 8 0 11 17 2 0.135335337349 3 3 
132 14 2.0 1 4 1 0 2 8 1 0.438810558338 0 2 
132 14 2.0 8 7 7 0 11 8 2 3.42588871972e-16 4 1 
132 14 2.0 3 3 1 0 2 12 1 0.340100758545 0 2 
132 15 0.0 2 3 7 0 11 18 1 6.89326971898e-06 0 5 
132 15 0.0 5 3 4 0 10 14 2 0.208928146713 2 2 
132 15 0.0 4 5 4 0 10 12 2 0.0646651646028 2 2 
132 15 0.0 7 8 10 0 12 19 2 0.0354452373421 5 2 
132 15 0.0 9 9 3 0 6 3 3 4.55075532163e-46 3 0 
132 15 0.0 6 6 8 0 11 17 2 0.160111590519 3 3 
132 15 0.0 1 4 1 0 2 8 1 0.553327062138 0 2 
132 15 0.0 8 7 7 0 11 8 2 4.84632621746e-29 4 1 
132 15 0.0 3 3 1 0 2 12 1 0.429348416567 0 2 
132 15 2.0 2 3 7 0 11 18 1 1.86982728432e-21 0 5 
132 15 2.0 5 3 4 0 10 14 2 0.236829612762 2 2 
132 15 2.0 4 5 4 0 10 12 2 0.164264883845 2 2 
132 15 2.0 7 8 10 0 12 19 2 0.147226395079 5 2 
132 15 2.0 9 9 3 0 6 3 3 0.0788534680049 3 0 
132 15 2.0 6 6 8 0 11 17 2 0.135335100852 3 3 
132 15 2.0 1 4 1 0 2 8 1 0.438810237514 0 2 
132 15 2.0 8 7 7 0 11 8 2 6.03686077642e-15 4 1 
132 15 2.0 3 3 1 0 2 12 1 0.340100660295 0 2 
132 16 0.0 2 3 7 0 11 18 1 3.58760502301e-06 0 5 
132 16 0.0 5 3 4 0 10 14 2 0.208905917935 2 2 
132 16 0.0 4 5 4 0 10 12 2 0.0647066388124 2 2 
132 16 0.0 7 8 10 0 12 19 2 0.0354756733412 5 2 
132 16 0.0 9 9 3 0 6 3 3 3.69772031803e-47 3 0 
132 16 0.0 6 6 8 0 11 17 2 0.160060220981 3 3 
132 16 0.0 1 4 1 0 2 8 1 0.553303833887 0 2 
132 16 0.0 8 7 7 0 11 8 2 2.21235237765e-30 4 1 
132 16 0.0 3 3 1 0 2 12 1 0.42936872118 0 2 
132 16 2.0 2 3 7 0 11 18 1 7.82832894401e-22 0 5 
132 16 2.0 5 3 4 0 10 14 2 0.236829510467 2 2 
132 16 2.0 4 5 4 0 10 12 2 0.164265081028 2 2 
132 16 2.0 7 8 10 0 12 19 2 0.147226591098 5 2 
132 16 2.0 9 9 3 0 6 3 3 0.0788534855502 3 0 
132 16 2.0 6 6 8 0 11 17 2 0.135334873899 3 3 
132 16 2.0 1 4 1 0 2 8 1 0.438810192161 0 2 
132 16 2.0 8 7 7 0 11 8 2 1.99786275516e-15 4 1 
132 16 2.0 3 3 1 0 2 12 1 0.340100753494 0 2 
132 17 0.0 2 3 7 0 11 18 1 2.79465304937e-05 0 5 
132 17 0.0 5 3 4 0 10 14 2 0.208810860196 2 2 
132 17 0.0 4 5 4 0 10 12 2 0.0648647166895 2 2 
132 17 0.0 7 8 10 0 12 19 2 0.0356286553166 5 2 
132 17 0.0 9 9 3 0 6 3 3 4.06580222024e-45 3 0 
132 17 0.0 6 6 8 0 11 17 2 0.159869578686 3 3 
132 17 0.0 1 4 1 0 2 8 1 0.553216375348 0 2 
132 17 0.0 8 7 7 0 11 8 2 9.99734039923e-29 4 1 
132 17 0.0 3 3 1 0 2 12 1 0.429432550201 0 2 
132 17 2.0 2 3 7 0 11 18 1 1.8315247562e-21 0 5 
132 17 2.0 5 3 4 0 10 14 2 0.236829522179 2 2 
132 17 2.0 4 5 4 0 10 12 2 0.164264643073 2 2 
132 17 2.0 7 8 10 0 12 19 2 0.147226509524 5 2 
132 17 2.0 9 9 3 0 6 3 3 0.0788533725237 3 0 
132 17 2.0 6 6 8 0 11 17 2 0.13533529477 3 3 
132 17 2.0 1 4 1 0 2 8 1 0.438810423484 0 2 
132 17 2.0 8 7 7 0 11 8 2 6.51258389373e-16 4 1 
132 17 2.0 3 3 1 0 2 12 1 0.340100692356 0 2 
132 18 0.0 2 3 7 0 11 18 1 1.05488350268e-05 0 5 
132 18 0.0 5 3 4 0 10 14 2 0.208955098755 2 2 
132 18 0.0 4 5 4 0 10 12 2 0.0646167195949 2 2 
132 18 0.0 7 8 10 0 12 19 2 0.0354081274679 5 2 
132 18 0.0 9 9 3 0 6 3 3 4.60074052704e-46 3 0 
132 18 0.0 6 6 8 0 11 17 2 0.160171982908 3 3 
132 18 0.0 1 4 1 0 2 8 1 0.553353149651 0 2 
132 18 0.0 8 7 7 0 11 8 2 4.26431518964e-29 4 1 
132 18 0.0 3 3 1 0 2 12 1 0.429324011787 0 2 
132 18 2.0 2 3 7 0 11 18 1 1.33744925568e-21 0 5 
132 18 2.0 5 3 4 0 10 14 2 0.236829386918 2 2 
132 18 2.0 4 5 4 0 10 12 2 0.164264750931 2 2 
132 18 2.0 7 8 10 0 12 19 2 0.14722674751 5 2 
132 18 2.0 9 9 3 0 6 3 3 0.0788533594223 3 0 
132 18 2.0 6 6 8 0 11 17 2 0.135335140373 3 3 
132 18 2.0 1 4 1 0 2 8 1 0.438810449793 0 2 
132 18 2.0 8 7 7 0 11 8 2 3.12674402071e-16 4 1 
132 18 2.0 3 3 1 0 2 12 1 0.340100798503 0 2 
132 19 0.0 2 3 7 0 11 18 1 1.76348253772e-05 0 5 
132 19 0.0 5 3 4 0 10 14 2 0.208816102705 2 2 
132 19 0.0 4 5 4 0 10 12 2 0.0648609358109 2 2 
132 19 0.0 7 8 10 0 12 19 2 0.0356149032994 5 2 
132 19 0.0 9 9 3 0 6 3 3 1.11553497398e-46 3 0 
132 19 0.0 6 6 8 0 11 17 2 0.159872894732 3 3 
132 19 0.0 1 4 1 0 2 8 1 0.553217925892 0 2 
132 19 0.0 8 7 7 0 11 8 2 9.79605048594e-30 4 1 
132 19 0.0 3 3 1 0 2 12 1 0.429434396934 0 2 
132 19 2.0 2 3 7 0 11 18 1 2.55993858981e-21 0 5 
132 19 2.0 5 3 4 0 10 14 2 0.236829403222 2 2 
132 19 2.0 4 5 4 0 10 12 2 0.164264659892 2 2 
132 19 2.0 7 8 10 0 12 19 2 0.147226717078 5 2 
132 19 2.0 9 9 3 0 6 3 3 0.0788534165052 3 0 
132 19 2.0 6 6 8 0 11 17 2 0.135335239313 3 3 
132 19 2.0 1 4 1 0 2 8 1 0.438810540307 0 2 
132 19 2.0 8 7 7 0 11 8 2 9.04471217369e-16 4 1 
132 19 2.0 3 3 1 0 2 12 1 0.340100801163 0 2 
132 20 0.0 2 3 7 0 11 18 1 2.46792079104e-05 0 5 
132 20 0.0 5 3 4 0 10 14 2 0.208804931996 2 2 
132 20 0.0 4 5 4 0 10 12 2 0.0648776750447 2 2 
132 20 0.0 7 8 10 0 12 19 2 0.0356353608398 5 2 
132 20 0.0 9 9 3 0 6 3 3 8.02279311672e-46 3 0 
132 20 0.0 6 6 8 0 11 17 2 0.159853394179 3 3 
132 20 0.0 1 4 1 0 2 8 1 0.553208628796 0 2 
132 20 0.0 8 7 7 0 11 8 2 7.76923120592e-30 4 1 
132 20 0.0 3 3 1 0 2 12 1 0.429439398254 0 2 
132 20 2.0 2 3 7 0 11 18 1 3.79468251905e-21 0 5 
132 20 2.0 5 3 4 0 10 14 2 0.236829280832 2 2 
132 20 2.0 4 5 4 0 10 12 2 0.164264844501 2 2 
132 20 2.0 7 8 10 0 12 19 2 0.147226942136 5 2 
132 20 2.0 9 9 3 0 6 3 3 0.0788534061256 3 0 
132 20 2.0 6 6 8 0 11 17 2 0.135335015134 3 3 
132 20 2.0 1 4 1 0 2 8 1 0.438810502138 0 2 
132 20 2.0 8 7 7 0 11 8 2 5.60284433728e-16 4 1 
132 20 2.0 3 3 1 0 2 12 1 0.34010090067 0 2 
132 21 0.0 2 3 7 0 11 18 1 7.53036760201e-05 0 5 
132 21 0.0 5 3 4 0 10 14 2 0.208785603446 2 2 
132 21 0.0 4 5 4 0 10 12 2 0.0648900784677 2 2 
132 21 0.0 7 8 10 0 12 19 2 0.0356935332252 5 2 
132 21 0.0 9 9 3 0 6 3 3 1.74551456029e-44 3 0 
132 21 0.0 6 6 8 0 11 17 2 0.159846004538 3 3 
132 21 0.0 1 4 1 0 2 8 1 0.553201076994 0 2 
132 21 0.0 8 7 7 0 11 8 2 6.08805708252e-28 4 1 
132 21 0.0 3 3 1 0 2 12 1 0.429425032633 0 2 
132 21 2.0 2 3 7 0 11 18 1 1.36543308579e-21 0 5 
132 21 2.0 5 3 4 0 10 14 2 0.236829368977 2 2 
132 21 2.0 4 5 4 0 10 12 2 0.164264752969 2 2 
132 21 2.0 7 8 10 0 12 19 2 0.147226779518 5 2 
132 21 2.0 9 9 3 0 6 3 3 0.0788533722445 3 0 
132 21 2.0 6 6 8 0 11 17 2 0.135335132991 3 3 
132 21 2.0 1 4 1 0 2 8 1 0.438810471924 0 2 
132 21 2.0 8 7 7 0 11 8 2 1.08313603844e-15 4 1 
132 21 2.0 3 3 1 0 2 12 1 0.340100816918 0 2 
132 22 0.0 2 3 7 0 11 18 1 1.69497972298e-06 0 5 
132 22 0.0 5 3 4 0 10 14 2 0.208954927416 2 2 
132 22 0.0 4 5 4 0 10 12 2 0.0646239550381 2 2 
132 22 0.0 7 8 10 0 12 19 2 0.0354031320318 5 2 
132 22 0.0 9 9 3 0 6 3 3 1.5184868122e-48 3 0 
132 22 0.0 6 6 8 0 11 17 2 0.160162494751 3 3 
132 22 0.0 1 4 1 0 2 8 1 0.553347298341 0 2 
132 22 0.0 8 7 7 0 11 8 2 7.18666117869e-31 4 1 
132 22 0.0 3 3 1 0 2 12 1 0.429329450936 0 2 
132 22 2.0 2 3 7 0 11 18 1 1.69626838438e-21 0 5 
132 22 2.0 5 3 4 0 10 14 2 0.236829537104 2 2 
132 22 2.0 4 5 4 0 10 12 2 0.16426472326 2 2 
132 22 2.0 7 8 10 0 12 19 2 0.147226493696 5 2 
132 22 2.0 9 9 3 0 6 3 3 0.0788533767608 3 0 
132 22 2.0 6 6 8 0 11 17 2 0.135335222507 3 3 
132 22 2.0 1 4 1 0 2 8 1 0.438810355817 0 2 
132 22 2.0 8 7 7 0 11 8 2 4.62556666491e-16 4 1 
132 22 2.0 3 3 1 0 2 12 1 0.340100684706 0 2 
132 23 0.0 2 3 7 0 11 18 1 1.85716465067e-05 0 5 
132 23 0.0 5 3 4 0 10 14 2 0.208821360622 2 2 
132 23 0.0 4 5 4 0 10 12 2 0.0648505655426 2 2 
132 23 0.0 7 8 10 0 12 19 2 0.0356077941526 5 2 
132 23 0.0 9 9 3 0 6 3 3 3.64044965343e-46 3 0 
132 23 0.0 6 6 8 0 11 17 2 0.15988563322 3 3 
132 23 0.0 1 4 1 0 2 8 1 0.553224031306 0 2 
132 23 0.0 8 7 7 0 11 8 2 1.99197576182e-29 4 1 
132 23 0.0 3 3 1 0 2 12 1 0.429429497677 0 2 
132 23 2.0 2 3 7 0 11 18 1 2.82459722923e-21 0 5 
132 23 2.0 5 3 4 0 10 14 2 0.236829413784 2 2 
132 23 2.0 4 5 4 0 10 12 2 0.164264689588 2 2 
132 23 2.0 7 8 10 0 12 19 2 0.147226697278 5 2 
132 23 2.0 9 9 3 0 6 3 3 0.0788533735328 3 0 
132 23 2.0 6 6 8 0 11 17 2 0.135335210774 3 3 
132 23 2.0 1 4 1 0 2 8 1 0.438810481171 0 2 
132 23 2.0 8 7 7 0 11 8 2 8.26697066754e-17 4 1 
132 23 2.0 3 3 1 0 2 12 1 0.340100779812 0 2 
132 24 0.0 2 3 7 0 11 18 1 4.70546979263e-06 0 5 
132 24 0.0 5 3 4 0 10 14 2 0.209064167597 2 2 
132 24 0.0 4 5 4 0 10 12 2 0.0644340527108 2 2 
132 24 0.0 7 8 10 0 12 19 2 0.0352457503344 5 2 
132 24 0.0 9 9 3 0 6 3 3 3.18021096735e-47 3 0 
132 24 0.0 6 6 8 0 11 17 2 0.160397861362 3 3 
132 24 0.0 1 4 1 0 2 8 1 0.553448903817 0 2 
132 24 0.0 8 7 7 0 11 8 2 2.6162858439e-29 4 1 
132 24 0.0 3 3 1 0 2 12 1 0.429237665367 0 2 
132 24 2.0 2 3 7 0 11 18 1 5.82358065018e-22 0 5 
132 24 2.0 5 3 4 0 10 14 2 0.236829571678 2 2 
132 24 2.0 4 5 4 0 10 12 2 0.164264769236 2 2 
132 24 2.0 7 8 10 0 12 19 2 0.14722644312 5 2 
132 24 2.0 9 9 3 0 6 3 3 0.0788533980211 3 0 
132 24 2.0 6 6 8 0 11 17 2 0.135335191914 3 3 
132 24 2.0 1 4 1 0 2 8 1 0.438810307885 0 2 
132 24 2.0 8 7 7 0 11 8 2 2.19680424993e-15 4 1 
132 24 2.0 3 3 1 0 2 12 1 0.340100665939 0 2 
132 25 0.0 2 3 7 0 11 18 1 1.74302284227e-06 0 5 
132 25 0.0 5 3 4 0 10 14 2 0.209299799816 2 2 
132 25 0.0 4 5 4 0 10 12 2 0.0640482123641 2 2 
132 25 0.0 7 8 10 0 12 19 2 0.0349008070519 5 2 
132 25 0.0 9 9 3 0 6 3 3 1.87262343414e-46 3 0 
132 25 0.0 6 6 8 0 11 17 2 0.160879896878 3 3 
132 25 0.0 1 4 1 0 2 8 1 0.553643149954 0 2 
132 25 0.0 8 7 7 0 11 8 2 4.95496023402e-29 4 1 
132 25 0.0 3 3 1 0 2 12 1 0.429045659161 0 2 
132 25 2.0 2 3 7 0 11 18 1 1.33751534649e-21 0 5 
132 25 2.0 5 3 4 0 10 14 2 0.236829339964 2 2 
132 25 2.0 4 5 4 0 10 12 2 0.164264910171 2 2 
132 25 2.0 7 8 10 0 12 19 2 0.14722684192 5 2 
132 25 2.0 9 9 3 0 6 3 3 0.0788533422335 3 0 
132 25 2.0 6 6 8 0 11 17 2 0.135334967352 3 3 
132 25 2.0 1 4 1 0 2 8 1 0.438810362316 0 2 
132 25 2.0 8 7 7 0 11 8 2 1.19934138235e-15 4 1 
132 25 2.0 3 3 1 0 2 12 1 0.340100835391 0 2 
132 26 0.0 2 3 7 0 11 18 1 4.20122243279e-05 0 5 
132 26 0.0 5 3 4 0 10 14 2 0.208911515927 2 2 
132 26 0.0 4 5 4 0 10 12 2 0.0646794660087 2 2 
132 26 0.0 7 8 10 0 12 19 2 0.0354902804542 5 2 
132 26 0.0 9 9 3 0 6 3 3 1.34894914323e-45 3 0 
132 26 0.0 6 6 8 0 11 17 2 0.160099444426 3 3 
132 26 0.0 1 4 1 0 2 8 1 0.553318686843 0 2 
132 26 0.0 8 7 7 0 11 8 2 5.8138968844e-28 4 1 
132 26 0.0 3 3 1 0 2 12 1 0.429341094863 0 2 
132 26 2.0 2 3 7 0 11 18 1 1.28641091551e-21 0 5 
132 26 2.0 5 3 4 0 10 14 2 0.236829415104 2 2 
132 26 2.0 4 5 4 0 10 12 2 0.164264723026 2 2 
132 26 2.0 7 8 10 0 12 19 2 0.147226697878 5 2 
132 26 2.0 9 9 3 0 6 3 3 0.0788533666865 3 0 
132 26 2.0 6 6 8 0 11 17 2 0.13533517819 3 3 
132 26 2.0 1 4 1 0 2 8 1 0.43881045128 0 2 
132 26 2.0 8 7 7 0 11 8 2 3.32315073982e-16 4 1 
132 26 2.0 3 3 1 0 2 12 1 0.340100777678 0 2 
132 27 0.0 2 3 7 0 11 18 1 5.24937970469e-06 0 5 
132 27 0.0 5 3 4 0 10 14 2 0.208918834622 2 2 
132 27 0.0 4 5 4 0 10 12 2 0.0646833421085 2 2 
132 27 0.0 7 8 10 0 12 19 2 0.0354578340293 5 2 
132 27 0.0 9 9 3 0 6 3 3 3.15997068324e-47 3 0 
132 27 0.0 6 6 8 0 11 17 2 0.160089217325 3 3 
132 27 0.0 1 4 1 0 2 8 1 0.553316449689 0 2 
132 27 0.0 8 7 7 0 11 8 2 5.57086356751e-30 4 1 
132 27 0.0 3 3 1 0 2 12 1 0.429357076352 0 2 
132 27 2.0 2 3 7 0 11 18 1 4.4460425756e-22 0 5 
132 27 2.0 5 3 4 0 10 14 2 0.236829518888 2 2 
132 27 2.0 4 5 4 0 10 12 2 0.164265225587 2 2 
132 27 2.0 7 8 10 0 12 19 2 0.14722662832 5 2 
132 27 2.0 9 9 3 0 6 3 3 0.0788537755466 3 0 
132 27 2.0 6 6 8 0 11 17 2 0.135334759704 3 3 
132 27 2.0 1 4 1 0 2 8 1 0.438810274961 0 2 
132 27 2.0 8 7 7 0 11 8 2 9.07960685578e-16 4 1 
132 27 2.0 3 3 1 0 2 12 1 0.340100846495 0 2 
132 28 0.0 2 3 7 0 11 18 1 2.40454999732e-05 0 5 
132 28 0.0 5 3 4 0 10 14 2 0.209085508409 2 2 
132 28 0.0 4 5 4 0 10 12 2 0.0643887213722 2 2 
132 28 0.0 7 8 10 0 12 19 2 0.0352261160977 5 2 
132 28 0.0 9 9 3 0 6 3 3 8.87332115367e-45 3 0 
132 28 0.0 6 6 8 0 11 17 2 0.160456843621 3 3 
132 28 0.0 1 4 1 0 2 8 1 0.553473151372 0 2 
132 28 0.0 8 7 7 0 11 8 2 4.17534943982e-28 4 1 
132 28 0.0 3 3 1 0 2 12 1 0.429208514233 0 2 
132 28 2.0 2 3 7 0 11 18 1 8.83465157292e-22 0 5 
132 28 2.0 5 3 4 0 10 14 2 0.236829539138 2 2 
132 28 2.0 4 5 4 0 10 12 2 0.164264833922 2 2 
132 28 2.0 7 8 10 0 12 19 2 0.147226504879 5 2 
132 28 2.0 9 9 3 0 6 3 3 0.0788533969895 3 0 
132 28 2.0 6 6 8 0 11 17 2 0.135335117281 3 3 
132 28 2.0 1 4 1 0 2 8 1 0.438810287604 0 2 
132 28 2.0 8 7 7 0 11 8 2 6.01019817791e-16 4 1 
132 28 2.0 3 3 1 0 2 12 1 0.340100693493 0 2 
132 29 0.0 2 3 7 0 11 18 1 1.28196588069e-05 0 5 
132 29 0.0 5 3 4 0 10 14 2 0.208943006701 2 2 
132 29 0.0 4 5 4 0 10 12 2 0.0646363022253 2 2 
132 29 0.0 7 8 10 0 12 19 2 0.0354270935834 5 2 
132 29 0.0 9 9 3 0 6 3 3 2.49673542994e-45 3 0 
132 29 0.0 6 6 8 0 11 17 2 0.16014802489 3 3 
132 29 0.0 1 4 1 0 2 8 1 0.553342871557 0 2 
132 29 0.0 8 7 7 0 11 8 2 1.14652203486e-28 4 1 
132 29 0.0 3 3 1 0 2 12 1 0.429332618887 0 2 
132 29 2.0 2 3 7 0 11 18 1 2.26423783204e-21 0 5 
132 29 2.0 5 3 4 0 10 14 2 0.236829440975 2 2 
132 29 2.0 4 5 4 0 10 12 2 0.164264596371 2 2 
132 29 2.0 7 8 10 0 12 19 2 0.147226647007 5 2 
132 29 2.0 9 9 3 0 6 3 3 0.07885342029 3 0 
132 29 2.0 6 6 8 0 11 17 2 0.135335314904 3 3 
132 29 2.0 1 4 1 0 2 8 1 0.43881055723 0 2 
132 29 2.0 8 7 7 0 11 8 2 1.37729889108e-15 4 1 
132 29 2.0 3 3 1 0 2 12 1 0.340100770434 0 2 
132 30 0.0 2 3 7 0 11 18 1 1.23446756685e-05 0 5 
132 30 0.0 5 3 4 0 10 14 2 0.208838817126 2 2 
132 30 0.0 4 5 4 0 10 12 2 0.0648230256004 2 2 
132 30 0.0 7 8 10 0 12 19 2 0.035578659638 5 2 
132 30 0.0 9 9 3 0 6 3 3 1.40984234563e-47 3 0 
132 30 0.0 6 6 8 0 11 17 2 0.15991872226 3 3 
132 30 0.0 1 4 1 0 2 8 1 0.55323882091 0 2 
132 30 0.0 8 7 7 0 11 8 2 4.56351642967e-30 4 1 
132 30 0.0 3 3 1 0 2 12 1 0.429418820971 0 2 
132 30 2.0 2 3 7 0 11 18 1 1.79767660032e-21 0 5 
132 30 2.0 5 3 4 0 10 14 2 0.236829421059 2 2 
132 30 2.0 4 5 4 0 10 12 2 0.164264877752 2 2 
132 30 2.0 7 8 10 0 12 19 2 0.147226702802 5 2 
132 30 2.0 9 9 3 0 6 3 3 0.0788533503483 3 0 
132 30 2.0 6 6 8 0 11 17 2 0.135335028591 3 3 
132 30 2.0 1 4 1 0 2 8 1 0.438810323383 0 2 
132 30 2.0 8 7 7 0 11 8 2 8.46250408721e-16 4 1 
132 30 2.0 3 3 1 0 2 12 1 0.340100772939 0 2 
132 31 0.0 2 3 7 0 11 18 1 1.33471130301e-05 0 5 
132 31 0.0 5 3 4 0 10 14 2 0.208961243503 2 2 
132 31 0.0 4 5 4 0 10 12 2 0.0646043873655 2 2 
132 31 0.0 7 8 10 0 12 19 2 0.0354008311521 5 2 
132 31 0.0 9 9 3 0 6 3 3 2.18595969788e-45 3 0 
132 31 0.0 6 6 8 0 11 17 2 0.160187529221 3 3 
132 31 0.0 1 4 1 0 2 8 1 0.553360061973 0 2 
132 31 0.0 8 7 7 0 11 8 2 1.21451235838e-28 4 1 
132 31 0.0 3 3 1 0 2 12 1 0.4293172725 0 2 
132 31 2.0 2 3 7 0 11 18 1 1.53629176369e-21 0 5 
132 31 2.0 5 3 4 0 10 14 2 0.236829664301 2 2 
132 31 2.0 4 5 4 0 10 12 2 0.164264376067 2 2 
132 31 2.0 7 8 10 0 12 19 2 0.147226247919 5 2 
132 31 2.0 9 9 3 0 6 3 3 0.0788534294508 3 0 
132 31 2.0 6 6 8 0 11 17 2 0.135335609869 3 3 
132 31 2.0 1 4 1 0 2 8 1 0.438810535983 0 2 
132 31 2.0 8 7 7 0 11 8 2 3.71163319932e-15 4 1 
132 31 2.0 3 3 1 0 2 12 1 0.34010058966 0 2 
132 32 0.0 2 3 7 0 11 18 1 7.53204819446e-05 0 5 
132 32 0.0 5 3 4 0 10 14 2 0.208790539112 2 2 
132 32 0.0 4 5 4 0 10 12 2 0.0648810748039 2 2 
132 32 0.0 7 8 10 0 12 19 2 0.0356863479578 5 2 
132 32 0.0 9 9 3 0 6 3 3 9.72235011005e-45 3 0 
132 32 0.0 6 6 8 0 11 17 2 0.159857019032 3 3 
132 32 0.0 1 4 1 0 2 8 1 0.553206187763 0 2 
132 32 0.0 8 7 7 0 11 8 2 7.78528153292e-28 4 1 
132 32 0.0 3 3 1 0 2 12 1 0.429420948264 0 2 
132 32 2.0 2 3 7 0 11 18 1 3.26581387413e-21 0 5 
132 32 2.0 5 3 4 0 10 14 2 0.236829386929 2 2 
132 32 2.0 4 5 4 0 10 12 2 0.164264677673 2 2 
132 32 2.0 7 8 10 0 12 19 2 0.147226744789 5 2 
132 32 2.0 9 9 3 0 6 3 3 0.0788534028407 3 0 
132 32 2.0 6 6 8 0 11 17 2 0.135335215088 3 3 
132 32 2.0 1 4 1 0 2 8 1 0.438810531908 0 2 
132 32 2.0 8 7 7 0 11 8 2 3.40958712121e-16 4 1 
132 32 2.0 3 3 1 0 2 12 1 0.340100810167 0 2 
132 33 0.0 2 3 7 0 11 18 1 1.69679802796e-05 0 5 
132 33 0.0 5 3 4 0 10 14 2 0.208834988763 2 2 
132 33 0.0 4 5 4 0 10 12 2 0.0648262752572 2 2 
132 33 0.0 7 8 10 0 12 19 2 0.0355869791658 5 2 
132 33 0.0 9 9 3 0 6 3 3 4.36716833648e-46 3 0 
132 33 0.0 6 6 8 0 11 17 2 0.159915054097 3 3 
132 33 0.0 1 4 1 0 2 8 1 0.553237949989 0 2 
132 33 0.0 8 7 7 0 11 8 2 5.3169822718e-29 4 1 
132 33 0.0 3 3 1 0 2 12 1 0.429419213377 0 2 
132 33 2.0 2 3 7 0 11 18 1 1.47507258326e-21 0 5 
132 33 2.0 5 3 4 0 10 14 2 0.236829511301 2 2 
132 33 2.0 4 5 4 0 10 12 2 0.164265236161 2 2 
132 33 2.0 7 8 10 0 12 19 2 0.147226642243 5 2 
132 33 2.0 9 9 3 0 6 3 3 0.0788537754425 3 0 
132 33 2.0 6 6 8 0 11 17 2 0.135334746697 3 3 
132 33 2.0 1 4 1 0 2 8 1 0.438810273587 0 2 
132 33 2.0 8 7 7 0 11 8 2 2.77553215134e-15 4 1 
132 33 2.0 3 3 1 0 2 12 1 0.34010085281 0 2 
132 34 0.0 2 3 7 0 11 18 1 1.20953796527e-05 0 5 
132 34 0.0 5 3 4 0 10 14 2 0.208858053177 2 2 
132 34 0.0 4 5 4 0 10 12 2 0.0647869949729 2 2 
132 34 0.0 7 8 10 0 12 19 2 0.0355504741789 5 2 
132 34 0.0 9 9 3 0 6 3 3 4.08382459502e-46 3 0 
132 34 0.0 6 6 8 0 11 17 2 0.15996248869 3 3 
132 34 0.0 1 4 1 0 2 8 1 0.553259964775 0 2 
132 34 0.0 8 7 7 0 11 8 2 1.54679150159e-29 4 1 
132 34 0.0 3 3 1 0 2 12 1 0.429403103036 0 2 
132 34 2.0 2 3 7 0 11 18 1 1.65226698316e-21 0 5 
132 34 2.0 5 3 4 0 10 14 2 0.236829375943 2 2 
132 34 2.0 4 5 4 0 10 12 2 0.16426485308 2 2 
132 34 2.0 7 8 10 0 12 19 2 0.147226775439 5 2 
132 34 2.0 9 9 3 0 6 3 3 0.0788533451909 3 0 
132 34 2.0 6 6 8 0 11 17 2 0.135335035989 3 3 
132 34 2.0 1 4 1 0 2 8 1 0.438810375516 0 2 
132 34 2.0 8 7 7 0 11 8 2 4.53339879104e-16 4 1 
132 34 2.0 3 3 1 0 2 12 1 0.340100806011 0 2 
132 35 0.0 2 3 7 0 11 18 1 7.85104028318e-06 0 5 
132 35 0.0 5 3 4 0 10 14 2 0.208918193991 2 2 
132 35 0.0 4 5 4 0 10 12 2 0.0646823242897 2 2 
132 35 0.0 7 8 10 0 12 19 2 0.035460308958 5 2 
132 35 0.0 9 9 3 0 6 3 3 4.00781341598e-46 3 0 
132 35 0.0 6 6 8 0 11 17 2 0.160090612742 3 3 
132 35 0.0 1 4 1 0 2 8 1 0.553317631718 0 2 
132 35 0.0 8 7 7 0 11 8 2 1.26604260025e-29 4 1 
132 35 0.0 3 3 1 0 2 12 1 0.429356047941 0 2 
132 35 2.0 2 3 7 0 11 18 1 1.50436175903e-21 0 5 
132 35 2.0 5 3 4 0 10 14 2 0.236829404259 2 2 
132 35 2.0 4 5 4 0 10 12 2 0.164264681601 2 2 
132 35 2.0 7 8 10 0 12 19 2 0.147226713768 5 2 
132 35 2.0 9 9 3 0 6 3 3 0.0788533843423 3 0 
132 35 2.0 6 6 8 0 11 17 2 0.135335215994 3 3 
132 35 2.0 1 4 1 0 2 8 1 0.438810502166 0 2 
132 35 2.0 8 7 7 0 11 8 2 1.4731930831e-15 4 1 
132 35 2.0 3 3 1 0 2 12 1 0.340100790585 0 2 
132 36 0.0 2 3 7 0 11 18 1 6.890453074e-05 0 5 
132 36 0.0 5 3 4 0 10 14 2 0.208792771212 2 2 
132 36 0.0 4 5 4 0 10 12 2 0.0648800893773 2 2 
132 36 0.0 7 8 10 0 12 19 2 0.0356792927126 5 2 
132 36 0.0 9 9 3 0 6 3 3 2.8869890096e-45 3 0 
132 36 0.0 6 6 8 0 11 17 2 0.159857284859 3 3 
132 36 0.0 1 4 1 0 2 8 1 0.553206694633 0 2 
132 36 0.0 8 7 7 0 11 8 2 1.07177672003e-28 4 1 
132 36 0.0 3 3 1 0 2 12 1 0.429422948776 0 2 
132 36 2.0 2 3 7 0 11 18 1 1.95087364397e-21 0 5 
132 36 2.0 5 3 4 0 10 14 2 0.236829432424 2 2 
132 36 2.0 4 5 4 0 10 12 2 0.164264663755 2 2 
132 36 2.0 7 8 10 0 12 19 2 0.14722666385 5 2 
132 36 2.0 9 9 3 0 6 3 3 0.0788533799976 3 0 
132 36 2.0 6 6 8 0 11 17 2 0.13533524309 3 3 
132 36 2.0 1 4 1 0 2 8 1 0.438810488606 0 2 
132 36 2.0 8 7 7 0 11 8 2 1.59748870465e-15 4 1 
132 36 2.0 3 3 1 0 2 12 1 0.34010076633 0 2 
132 37 0.0 2 3 7 0 11 18 1 1.34878004816e-05 0 5 
132 37 0.0 5 3 4 0 10 14 2 0.20896935456 2 2 
132 37 0.0 4 5 4 0 10 12 2 0.0645901440467 2 2 
132 37 0.0 7 8 10 0 12 19 2 0.0353890952805 5 2 
132 37 0.0 9 9 3 0 6 3 3 8.50481611863e-45 3 0 
132 37 0.0 6 6 8 0 11 17 2 0.160205122294 3 3 
132 37 0.0 1 4 1 0 2 8 1 0.55336779483 0 2 
132 37 0.0 8 7 7 0 11 8 2 7.1215059049e-28 4 1 
132 37 0.0 3 3 1 0 2 12 1 0.429310504232 0 2 
132 37 2.0 2 3 7 0 11 18 1 2.48417001453e-21 0 5 
132 37 2.0 5 3 4 0 10 14 2 0.236829401317 2 2 
132 37 2.0 4 5 4 0 10 12 2 0.1642646698 2 2 
132 37 2.0 7 8 10 0 12 19 2 0.147226717697 5 2 
132 37 2.0 9 9 3 0 6 3 3 0.0788533865375 3 0 
132 37 2.0 6 6 8 0 11 17 2 0.135335226588 3 3 
132 37 2.0 1 4 1 0 2 8 1 0.438810514637 0 2 
132 37 2.0 8 7 7 0 11 8 2 6.54889733687e-16 4 1 
132 37 2.0 3 3 1 0 2 12 1 0.340100793219 0 2 
132 38 0.0 2 3 7 0 11 18 1 2.76106122299e-05 0 5 
132 38 0.0 5 3 4 0 10 14 2 0.20896983376 2 2 
132 38 0.0 4 5 4 0 10 12 2 0.0645840487768 2 2 
132 38 0.0 7 8 10 0 12 19 2 0.035396763732 5 2 
132 38 0.0 9 9 3 0 6 3 3 1.87491576009e-45 3 0 
132 38 0.0 6 6 8 0 11 17 2 0.160215026848 3 3 
132 38 0.0 1 4 1 0 2 8 1 0.553370413902 0 2 
132 38 0.0 8 7 7 0 11 8 2 1.59189562672e-28 4 1 
132 38 0.0 3 3 1 0 2 12 1 0.429301649979 0 2 
132 38 2.0 2 3 7 0 11 18 1 1.79482180896e-21 0 5 
132 38 2.0 5 3 4 0 10 14 2 0.236829442005 2 2 
132 38 2.0 4 5 4 0 10 12 2 0.164264612358 2 2 
132 38 2.0 7 8 10 0 12 19 2 0.147226644457 5 2 
132 38 2.0 9 9 3 0 6 3 3 0.0788533993475 3 0 
132 38 2.0 6 6 8 0 11 17 2 0.135335298047 3 3 
132 38 2.0 1 4 1 0 2 8 1 0.438810530758 0 2 
132 38 2.0 8 7 7 0 11 8 2 1.95161604229e-15 4 1 
132 38 2.0 3 3 1 0 2 12 1 0.34010076333 0 2 
132 39 0.0 2 3 7 0 11 18 1 5.1312471545e-06 0 5 
132 39 0.0 5 3 4 0 10 14 2 0.208848029444 2 2 
132 39 0.0 4 5 4 0 10 12 2 0.0648091149648 2 2 
132 39 0.0 7 8 10 0 12 19 2 0.0355609576442 5 2 
132 39 0.0 9 9 3 0 6 3 3 1.56896355976e-47 3 0 
132 39 0.0 6 6 8 0 11 17 2 0.159934537327 3 3 
132 39 0.0 1 4 1 0 2 8 1 0.55324702499 0 2 
132 39 0.0 8 7 7 0 11 8 2 4.65804215489e-30 4 1 
132 39 0.0 3 3 1 0 2 12 1 0.429415540431 0 2 
132 39 2.0 2 3 7 0 11 18 1 2.14948910373e-21 0 5 
132 39 2.0 5 3 4 0 10 14 2 0.236829420891 2 2 
132 39 2.0 4 5 4 0 10 12 2 0.164264635619 2 2 
132 39 2.0 7 8 10 0 12 19 2 0.147226682469 5 2 
132 39 2.0 9 9 3 0 6 3 3 0.0788533985952 3 0 
132 39 2.0 6 6 8 0 11 17 2 0.135335267804 3 3 
132 39 2.0 1 4 1 0 2 8 1 0.438810531083 0 2 
132 39 2.0 8 7 7 0 11 8 2 1.17029347442e-15 4 1 
132 39 2.0 3 3 1 0 2 12 1 0.340100780541 0 2 
132 40 0.0 2 3 7 0 11 18 1 1.6556413292e-05 0 5 
132 40 0.0 5 3 4 0 10 14 2 0.208887724776 2 2 
132 40 0.0 4 5 4 0 10 12 2 0.0647322898465 2 2 
132 40 0.0 7 8 10 0 12 19 2 0.0355098718961 5 2 
132 40 0.0 9 9 3 0 6 3 3 4.07313914271e-46 3 0 
132 40 0.0 6 6 8 0 11 17 2 0.160030427883 3 3 
132 40 0.0 1 4 1 0 2 8 1 0.553290152242 0 2 
132 40 0.0 8 7 7 0 11 8 2 3.89961513097e-29 4 1 
132 40 0.0 3 3 1 0 2 12 1 0.429375958763 0 2 
132 40 2.0 2 3 7 0 11 18 1 3.88029224379e-22 0 5 
132 40 2.0 5 3 4 0 10 14 2 0.236829507876 2 2 
132 40 2.0 4 5 4 0 10 12 2 0.164264868083 2 2 
132 40 2.0 7 8 10 0 12 19 2 0.147226559749 5 2 
132 40 2.0 9 9 3 0 6 3 3 0.0788533846227 3 0 
132 40 2.0 6 6 8 0 11 17 2 0.13533507187 3 3 
132 40 2.0 1 4 1 0 2 8 1 0.438810280743 0 2 
132 40 2.0 8 7 7 0 11 8 2 1.18237036526e-15 4 1 
132 40 2.0 3 3 1 0 2 12 1 0.340100715293 0 2 
