16 1 0.0 14 3 1 0 12 7 3 9.10083955809e-24 3 0 
16 1 0.0 6 2 0 0 6 15 2 0.149857662961 1 2 
16 1 0.0 1 1 0 0 1 2 1 0.191289593716 0 1 
16 1 0.0 9 3 2 0 16 19 2 0.118844985424 1 4 
16 1 0.0 3 0 1 0 14 14 1 0.134885292912 0 4 
16 1 0.0 8 0 0 0 8 1 2 0.0582166520721 1 0 
16 1 0.0 11 2 1 0 20 14 2 2.14509564249e-16 4 0 
16 1 0.0 4 4 1 0 2 4 1 0.230434390777 0 2 
16 1 0.0 5 1 0 0 3 3 2 0.149511729529 1 1 
16 1 0.0 10 1 0 0 2 1 3 2.31728588546e-08 1 0 
16 1 0.0 13 1 2 0 9 6 2 0.0495381557361 2 1 
16 1 0.0 2 2 0 0 1 2 1 0.191777062948 0 1 
16 1 0.0 7 0 1 0 7 7 2 0.0581341094186 1 1 
16 1 0.0 12 1 0 0 16 4 2 1.92693869241e-09 2 0 
16 1 2.0 14 3 1 0 12 7 3 0.411817180756 3 0 
16 1 2.0 6 2 0 0 6 15 2 0.177856255065 1 2 
16 1 2.0 1 1 0 0 1 2 1 0.664843491486 0 1 
16 1 2.0 9 3 2 0 16 19 2 0.146405260721 1 4 
16 1 2.0 3 0 1 0 14 14 1 0.104345001205 0 4 
16 1 2.0 8 0 0 0 8 1 2 0.0565039599248 1 0 
16 1 2.0 11 2 1 0 20 14 2 0.000502657199574 4 0 
16 1 2.0 4 4 1 0 2 4 1 0.366945776682 0 2 
16 1 2.0 5 1 0 0 3 3 2 0.117775500665 1 1 
16 1 2.0 10 1 0 0 2 1 3 0.349082975878 1 0 
16 1 2.0 13 1 2 0 9 6 2 0.0489655967709 2 1 
16 1 2.0 2 2 0 0 1 2 1 0.269338600699 0 1 
16 1 2.0 7 0 1 0 7 7 2 0.0542068981699 1 1 
16 1 2.0 12 1 0 0 16 4 2 0.0611901112492 2 0 
16 2 0.0 14 3 1 0 12 7 3 3.64820036913e-23 3 0 
16 2 0.0 6 2 0 0 6 15 2 0.14961464279 1 2 
16 2 0.0 1 1 0 0 1 2 1 0.191307133504 0 1 
16 2 0.0 9 3 2 0 16 19 2 0.118506590454 1 4 
16 2 0.0 3 0 1 0 14 14 1 0.150609224502 0 4 
16 2 0.0 8 0 0 0 8 1 2 0.0903618755621 1 0 
16 2 0.0 11 2 1 0 20 14 2 1.85961153429e-16 4 0 
16 2 0.0 4 4 1 0 2 4 1 0.23087583135 0 2 
16 2 0.0 5 1 0 0 3 3 2 0.149503204335 1 1 
16 2 0.0 10 1 0 0 2 1 3 2.80207879067e-08 1 0 
16 2 0.0 13 1 2 0 9 6 2 0.0500916400197 2 1 
16 2 0.0 2 2 0 0 1 2 1 0.191404951168 0 1 
16 2 0.0 7 0 1 0 7 7 2 0.0903059343288 1 1 
16 2 0.0 12 1 0 0 16 4 2 9.39354838754e-10 2 0 
16 2 2.0 14 3 1 0 12 7 3 0.408555638974 3 0 
16 2 2.0 6 2 0 0 6 15 2 0.183232629092 1 2 
16 2 2.0 1 1 0 0 1 2 1 0.664844628235 0 1 
16 2 2.0 9 3 2 0 16 19 2 0.134694650122 1 4 
16 2 2.0 3 0 1 0 14 14 1 0.1430792064 0 4 
16 2 2.0 8 0 0 0 8 1 2 0.0814239128508 1 0 
16 2 2.0 11 2 1 0 20 14 2 0.000950337291729 4 0 
16 2 2.0 4 4 1 0 2 4 1 0.370983626146 0 2 
16 2 2.0 5 1 0 0 3 3 2 0.117777443665 1 1 
16 2 2.0 10 1 0 0 2 1 3 0.349080643348 1 0 
16 2 2.0 13 1 2 0 9 6 2 0.04557208362 2 1 
16 2 2.0 2 2 0 0 1 2 1 0.273908881406 0 1 
16 2 2.0 7 0 1 0 7 7 2 0.0769675762505 1 1 
16 2 2.0 12 1 0 0 16 4 2 0.0731828919044 2 0 
16 3 0.0 14 3 1 0 12 7 3 3.69118811863e-22 3 0 
16 3 0.0 6 2 0 0 6 15 2 0.149705442825 1 2 
16 3 0.0 1 1 0 0 1 2 1 0.191558947696 0 1 
16 3 0.0 9 3 2 0 16 19 2 0.117738465767 1 4 
16 3 0.0 3 0 1 0 14 14 1 0.125245867928 0 4 
16 3 0.0 8 0 0 0 8 1 2 0.0671782613765 1 0 
16 3 0.0 11 2 1 0 20 14 2 1.52758432195e-17 4 0 
16 3 0.0 4 4 1 0 2 4 1 0.231881349557 0 2 
16 3 0.0 5 1 0 0 3 3 2 0.149887169493 1 1 
16 3 0.0 10 1 0 0 2 1 3 1.20984853239e-08 1 0 
16 3 0.0 13 1 2 0 9 6 2 0.0513532810123 2 1 
16 3 0.0 2 2 0 0 1 2 1 0.191335514994 0 1 
16 3 0.0 7 0 1 0 7 7 2 0.0670991333803 1 1 
16 3 0.0 12 1 0 0 16 4 2 4.50173308003e-12 2 0 
16 3 2.0 14 3 1 0 12 7 3 0.40754061147 3 0 
16 3 2.0 6 2 0 0 6 15 2 0.179773933379 1 2 
16 3 2.0 1 1 0 0 1 2 1 0.664834746953 0 1 
16 3 2.0 9 3 2 0 16 19 2 0.144895024713 1 4 
16 3 2.0 3 0 1 0 14 14 1 0.0856294997034 0 4 
16 3 2.0 8 0 0 0 8 1 2 0.0659318048748 1 0 
16 3 2.0 11 2 1 0 20 14 2 0.000883423078904 4 0 
16 3 2.0 4 4 1 0 2 4 1 0.381719678585 0 2 
16 3 2.0 5 1 0 0 3 3 2 0.117778623378 1 1 
16 3 2.0 10 1 0 0 2 1 3 0.349090174319 1 0 
16 3 2.0 13 1 2 0 9 6 2 0.0491077939481 2 1 
16 3 2.0 2 2 0 0 1 2 1 0.265791266591 0 1 
16 3 2.0 7 0 1 0 7 7 2 0.0623896067559 1 1 
16 3 2.0 12 1 0 0 16 4 2 0.0644851112797 2 0 
16 4 0.0 14 3 1 0 12 7 3 4.75878455169e-22 3 0 
16 4 0.0 6 2 0 0 6 15 2 0.149661429853 1 2 
16 4 0.0 1 1 0 0 1 2 1 0.191586724638 0 1 
16 4 0.0 9 3 2 0 16 19 2 0.117878308598 1 4 
16 4 0.0 3 0 1 0 14 14 1 0.138262883118 0 4 
16 4 0.0 8 0 0 0 8 1 2 0.0756726222799 1 0 
16 4 0.0 11 2 1 0 20 14 2 1.54293473921e-18 4 0 
16 4 0.0 4 4 1 0 2 4 1 0.231698096521 0 2 
16 4 0.0 5 1 0 0 3 3 2 0.149403941118 1 1 
16 4 0.0 10 1 0 0 2 1 3 4.37720180901e-08 1 0 
16 4 0.0 13 1 2 0 9 6 2 0.0511236040898 2 1 
16 4 0.0 2 2 0 0 1 2 1 0.191344120187 0 1 
16 4 0.0 7 0 1 0 7 7 2 0.0755002488542 1 1 
16 4 0.0 12 1 0 0 16 4 2 4.87645636679e-12 2 0 
16 4 2.0 14 3 1 0 12 7 3 0.413530424019 3 0 
16 4 2.0 6 2 0 0 6 15 2 0.177908171392 1 2 
16 4 2.0 1 1 0 0 1 2 1 0.664838248575 0 1 
16 4 2.0 9 3 2 0 16 19 2 0.144092822531 1 4 
16 4 2.0 3 0 1 0 14 14 1 0.122316302743 0 4 
16 4 2.0 8 0 0 0 8 1 2 0.0551760263984 1 0 
16 4 2.0 11 2 1 0 20 14 2 0.000212636137606 4 0 
16 4 2.0 4 4 1 0 2 4 1 0.360528033599 0 2 
16 4 2.0 5 1 0 0 3 3 2 0.117778393613 1 1 
16 4 2.0 10 1 0 0 2 1 3 0.349086684921 1 0 
16 4 2.0 13 1 2 0 9 6 2 0.0484586186427 2 1 
16 4 2.0 2 2 0 0 1 2 1 0.272283678531 0 1 
16 4 2.0 7 0 1 0 7 7 2 0.0539146267279 1 1 
16 4 2.0 12 1 0 0 16 4 2 0.0614169712379 2 0 
16 5 0.0 14 3 1 0 12 7 3 3.32474876411e-23 3 0 
16 5 0.0 6 2 0 0 6 15 2 0.149834031927 1 2 
16 5 0.0 1 1 0 0 1 2 1 0.191316034232 0 1 
16 5 0.0 9 3 2 0 16 19 2 0.118433406666 1 4 
16 5 0.0 3 0 1 0 14 14 1 0.142836140718 0 4 
16 5 0.0 8 0 0 0 8 1 2 0.0575418510563 1 0 
16 5 0.0 11 2 1 0 20 14 2 1.18428927585e-17 4 0 
16 5 0.0 4 4 1 0 2 4 1 0.230971651314 0 2 
16 5 0.0 5 1 0 0 3 3 2 0.149749617909 1 1 
16 5 0.0 10 1 0 0 2 1 3 1.84240754782e-08 1 0 
16 5 0.0 13 1 2 0 9 6 2 0.0502119825401 2 1 
16 5 0.0 2 2 0 0 1 2 1 0.191859974157 0 1 
16 5 0.0 7 0 1 0 7 7 2 0.0574671960355 1 1 
16 5 0.0 12 1 0 0 16 4 2 1.49254445001e-10 2 0 
16 5 2.0 14 3 1 0 12 7 3 0.414725134276 3 0 
16 5 2.0 6 2 0 0 6 15 2 0.177607096441 1 2 
16 5 2.0 1 1 0 0 1 2 1 0.664836185388 0 1 
16 5 2.0 9 3 2 0 16 19 2 0.144474352875 1 4 
16 5 2.0 3 0 1 0 14 14 1 0.122771550771 0 4 
16 5 2.0 8 0 0 0 8 1 2 0.0548625786469 1 0 
16 5 2.0 11 2 1 0 20 14 2 0.000972484515748 4 0 
16 5 2.0 4 4 1 0 2 4 1 0.359386360679 0 2 
16 5 2.0 5 1 0 0 3 3 2 0.11777741159 1 1 
16 5 2.0 10 1 0 0 2 1 3 0.349089405344 1 0 
16 5 2.0 13 1 2 0 9 6 2 0.0486884467626 2 1 
16 5 2.0 2 2 0 0 1 2 1 0.272975736029 0 1 
16 5 2.0 7 0 1 0 7 7 2 0.0513957013013 1 1 
16 5 2.0 12 1 0 0 16 4 2 0.0599402990135 2 0 
16 6 0.0 14 3 1 0 12 7 3 2.07243674434e-22 3 0 
16 6 0.0 6 2 0 0 6 15 2 0.149622566097 1 2 
16 6 0.0 1 1 0 0 1 2 1 0.191403540588 0 1 
16 6 0.0 9 3 2 0 16 19 2 0.11720479339 1 4 
16 6 0.0 3 0 1 0 14 14 1 0.167573195625 0 4 
16 6 0.0 8 0 0 0 8 1 2 0.0528317298146 1 0 
16 6 0.0 11 2 1 0 20 14 2 5.84885048299e-19 4 0 
16 6 0.0 4 4 1 0 2 4 1 0.232581708437 0 2 
16 6 0.0 5 1 0 0 3 3 2 0.149816499958 1 1 
16 6 0.0 10 1 0 0 2 1 3 1.46342547479e-08 1 0 
16 6 0.0 13 1 2 0 9 6 2 0.0522302557099 2 1 
16 6 0.0 2 2 0 0 1 2 1 0.192001415367 0 1 
16 6 0.0 7 0 1 0 7 7 2 0.0527257296439 1 1 
16 6 0.0 12 1 0 0 16 4 2 7.40778503168e-13 2 0 
16 6 2.0 14 3 1 0 12 7 3 0.412444515275 3 0 
16 6 2.0 6 2 0 0 6 15 2 0.17732550327 1 2 
16 6 2.0 1 1 0 0 1 2 1 0.664848018756 0 1 
16 6 2.0 9 3 2 0 16 19 2 0.147767332892 1 4 
16 6 2.0 3 0 1 0 14 14 1 0.100021597704 0 4 
16 6 2.0 8 0 0 0 8 1 2 0.0538909310743 1 0 
16 6 2.0 11 2 1 0 20 14 2 0.000442841577643 4 0 
16 6 2.0 4 4 1 0 2 4 1 0.366814067683 0 2 
16 6 2.0 5 1 0 0 3 3 2 0.117786900183 1 1 
16 6 2.0 10 1 0 0 2 1 3 0.349071507998 1 0 
16 6 2.0 13 1 2 0 9 6 2 0.0494667968608 2 1 
16 6 2.0 2 2 0 0 1 2 1 0.268837902727 0 1 
16 6 2.0 7 0 1 0 7 7 2 0.0522831326727 1 1 
16 6 2.0 12 1 0 0 16 4 2 0.059939285933 2 0 
16 7 0.0 14 3 1 0 12 7 3 7.58496297297e-23 3 0 
16 7 0.0 6 2 0 0 6 15 2 0.149598179322 1 2 
16 7 0.0 1 1 0 0 1 2 1 0.191324679419 0 1 
16 7 0.0 9 3 2 0 16 19 2 0.118593791264 1 4 
16 7 0.0 3 0 1 0 14 14 1 0.123646911235 0 4 
16 7 0.0 8 0 0 0 8 1 2 0.0708148803048 1 0 
16 7 0.0 11 2 1 0 20 14 2 1.44995854212e-16 4 0 
16 7 0.0 4 4 1 0 2 4 1 0.23076132168 0 2 
16 7 0.0 5 1 0 0 3 3 2 0.149483740661 1 1 
16 7 0.0 10 1 0 0 2 1 3 2.6870812467e-08 1 0 
16 7 0.0 13 1 2 0 9 6 2 0.04994891703 2 1 
16 7 0.0 2 2 0 0 1 2 1 0.191331313947 0 1 
16 7 0.0 7 0 1 0 7 7 2 0.070763199146 1 1 
16 7 0.0 12 1 0 0 16 4 2 5.10815682926e-10 2 0 
16 7 2.0 14 3 1 0 12 7 3 0.405766512281 3 0 
16 7 2.0 6 2 0 0 6 15 2 0.182979349061 1 2 
16 7 2.0 1 1 0 0 1 2 1 0.664848449948 0 1 
16 7 2.0 9 3 2 0 16 19 2 0.138187408748 1 4 
16 7 2.0 3 0 1 0 14 14 1 0.10259898647 0 4 
16 7 2.0 8 0 0 0 8 1 2 0.082319270373 1 0 
16 7 2.0 11 2 1 0 20 14 2 0.000899946890543 4 0 
16 7 2.0 4 4 1 0 2 4 1 0.382502660637 0 2 
16 7 2.0 5 1 0 0 3 3 2 0.1177856725 1 1 
16 7 2.0 10 1 0 0 2 1 3 0.349071791696 1 0 
16 7 2.0 13 1 2 0 9 6 2 0.0462380531649 2 1 
16 7 2.0 2 2 0 0 1 2 1 0.268245744198 0 1 
16 7 2.0 7 0 1 0 7 7 2 0.0778978313438 1 1 
16 7 2.0 12 1 0 0 16 4 2 0.0714935048763 2 0 
16 8 0.0 14 3 1 0 12 7 3 2.01803800469e-23 3 0 
16 8 0.0 6 2 0 0 6 15 2 0.149472546793 1 2 
16 8 0.0 1 1 0 0 1 2 1 0.191708482614 0 1 
16 8 0.0 9 3 2 0 16 19 2 0.118893934538 1 4 
16 8 0.0 3 0 1 0 14 14 1 0.232005673659 0 4 
16 8 0.0 8 0 0 0 8 1 2 0.0643380647906 1 0 
16 8 0.0 11 2 1 0 20 14 2 2.4067691997e-16 4 0 
16 8 0.0 4 4 1 0 2 4 1 0.23037228779 0 2 
16 8 0.0 5 1 0 0 3 3 2 0.149638994738 1 1 
16 8 0.0 10 1 0 0 2 1 3 9.93229622327e-08 1 0 
16 8 0.0 13 1 2 0 9 6 2 0.0494590213698 2 1 
16 8 0.0 2 2 0 0 1 2 1 0.191459135093 0 1 
16 8 0.0 7 0 1 0 7 7 2 0.064205431878 1 1 
16 8 0.0 12 1 0 0 16 4 2 6.89352994989e-09 2 0 
16 8 2.0 14 3 1 0 12 7 3 0.413266412975 3 0 
16 8 2.0 6 2 0 0 6 15 2 0.177093965966 1 2 
16 8 2.0 1 1 0 0 1 2 1 0.664834217845 0 1 
16 8 2.0 9 3 2 0 16 19 2 0.147190897209 1 4 
16 8 2.0 3 0 1 0 14 14 1 0.104926227371 0 4 
16 8 2.0 8 0 0 0 8 1 2 0.0530884356201 1 0 
16 8 2.0 11 2 1 0 20 14 2 0.000687602483235 4 0 
16 8 2.0 4 4 1 0 2 4 1 0.364531647425 0 2 
16 8 2.0 5 1 0 0 3 3 2 0.117786407257 1 1 
16 8 2.0 10 1 0 0 2 1 3 0.349086093211 1 0 
16 8 2.0 13 1 2 0 9 6 2 0.049777542102 2 1 
16 8 2.0 2 2 0 0 1 2 1 0.269909854333 0 1 
16 8 2.0 7 0 1 0 7 7 2 0.050705815552 1 1 
16 8 2.0 12 1 0 0 16 4 2 0.0596082011105 2 0 
16 9 0.0 14 3 1 0 12 7 3 6.10304434916e-22 3 0 
16 9 0.0 6 2 0 0 6 15 2 0.149641458364 1 2 
16 9 0.0 1 1 0 0 1 2 1 0.191884984483 0 1 
16 9 0.0 9 3 2 0 16 19 2 0.11725071016 1 4 
16 9 0.0 3 0 1 0 14 14 1 0.23230111794 0 4 
16 9 0.0 8 0 0 0 8 1 2 0.062874472618 1 0 
16 9 0.0 11 2 1 0 20 14 2 1.79082667082e-18 4 0 
16 9 0.0 4 4 1 0 2 4 1 0.232521442838 0 2 
16 9 0.0 5 1 0 0 3 3 2 0.149837088477 1 1 
16 9 0.0 10 1 0 0 2 1 3 5.61136835207e-09 1 0 
16 9 0.0 13 1 2 0 9 6 2 0.0521548077481 2 1 
16 9 0.0 2 2 0 0 1 2 1 0.191402306044 0 1 
16 9 0.0 7 0 1 0 7 7 2 0.062761615166 1 1 
16 9 0.0 12 1 0 0 16 4 2 3.74056974165e-13 2 0 
16 9 2.0 14 3 1 0 12 7 3 0.406626295788 3 0 
16 9 2.0 6 2 0 0 6 15 2 0.180536335745 1 2 
16 9 2.0 1 1 0 0 1 2 1 0.664838830814 0 1 
16 9 2.0 9 3 2 0 16 19 2 0.14358272652 1 4 
16 9 2.0 3 0 1 0 14 14 1 0.0877142553486 0 4 
16 9 2.0 8 0 0 0 8 1 2 0.0694304637081 1 0 
16 9 2.0 11 2 1 0 20 14 2 0.000803750220785 4 0 
16 9 2.0 4 4 1 0 2 4 1 0.382587998358 0 2 
16 9 2.0 5 1 0 0 3 3 2 0.117776225643 1 1 
16 9 2.0 10 1 0 0 2 1 3 0.349087371111 1 0 
16 9 2.0 13 1 2 0 9 6 2 0.0482237377925 2 1 
16 9 2.0 2 2 0 0 1 2 1 0.265900092017 0 1 
16 9 2.0 7 0 1 0 7 7 2 0.0660223891611 1 1 
16 9 2.0 12 1 0 0 16 4 2 0.0661568388741 2 0 
16 10 0.0 14 3 1 0 12 7 3 7.35974392431e-23 3 0 
16 10 0.0 6 2 0 0 6 15 2 0.149774520336 1 2 
16 10 0.0 1 1 0 0 1 2 1 0.191718717858 0 1 
16 10 0.0 9 3 2 0 16 19 2 0.118177639843 1 4 
16 10 0.0 3 0 1 0 14 14 1 0.170723517093 0 4 
16 10 0.0 8 0 0 0 8 1 2 0.0957674043005 1 0 
16 10 0.0 11 2 1 0 20 14 2 5.13557514261e-17 4 0 
16 10 0.0 4 4 1 0 2 4 1 0.231305083606 0 2 
16 10 0.0 5 1 0 0 3 3 2 0.149892956378 1 1 
16 10 0.0 10 1 0 0 2 1 3 7.5445038166e-09 1 0 
16 10 0.0 13 1 2 0 9 6 2 0.0506314808808 2 1 
16 10 0.0 2 2 0 0 1 2 1 0.191502214093 0 1 
16 10 0.0 7 0 1 0 7 7 2 0.0957069758352 1 1 
16 10 0.0 12 1 0 0 16 4 2 3.59390600435e-11 2 0 
16 10 2.0 14 3 1 0 12 7 3 0.413332171539 3 0 
16 10 2.0 6 2 0 0 6 15 2 0.176968140542 1 2 
16 10 2.0 1 1 0 0 1 2 1 0.664833723783 0 1 
16 10 2.0 9 3 2 0 16 19 2 0.1476323685 1 4 
16 10 2.0 3 0 1 0 14 14 1 0.101176850105 0 4 
16 10 2.0 8 0 0 0 8 1 2 0.0529017427275 1 0 
16 10 2.0 11 2 1 0 20 14 2 0.000885946702103 4 0 
16 10 2.0 4 4 1 0 2 4 1 0.365929405718 0 2 
16 10 2.0 5 1 0 0 3 3 2 0.117784511298 1 1 
16 10 2.0 10 1 0 0 2 1 3 0.349087732442 1 0 
16 10 2.0 13 1 2 0 9 6 2 0.0503564731471 2 1 
16 10 2.0 2 2 0 0 1 2 1 0.269471332703 0 1 
16 10 2.0 7 0 1 0 7 7 2 0.0499502386292 1 1 
16 10 2.0 12 1 0 0 16 4 2 0.0591797116067 2 0 
16 11 0.0 14 3 1 0 12 7 3 1.31966140212e-22 3 0 
16 11 0.0 6 2 0 0 6 15 2 0.149820717394 1 2 
16 11 0.0 1 1 0 0 1 2 1 0.19135159597 0 1 
16 11 0.0 9 3 2 0 16 19 2 0.117627545895 1 4 
16 11 0.0 3 0 1 0 14 14 1 0.225269885624 0 4 
16 11 0.0 8 0 0 0 8 1 2 0.0586726003195 1 0 
16 11 0.0 11 2 1 0 20 14 2 1.62902015388e-18 4 0 
16 11 0.0 4 4 1 0 2 4 1 0.232026847956 0 2 
16 11 0.0 5 1 0 0 3 3 2 0.149469834645 1 1 
16 11 0.0 10 1 0 0 2 1 3 2.34661211373e-08 1 0 
16 11 0.0 13 1 2 0 9 6 2 0.0515355543004 2 1 
16 11 0.0 2 2 0 0 1 2 1 0.191888965629 0 1 
16 11 0.0 7 0 1 0 7 7 2 0.0585819479869 1 1 
16 11 0.0 12 1 0 0 16 4 2 3.71278642701e-12 2 0 
16 11 2.0 14 3 1 0 12 7 3 0.409407616717 3 0 
16 11 2.0 6 2 0 0 6 15 2 0.178430955729 1 2 
16 11 2.0 1 1 0 0 1 2 1 0.664845756891 0 1 
16 11 2.0 9 3 2 0 16 19 2 0.147222571469 1 4 
16 11 2.0 3 0 1 0 14 14 1 0.0865304365204 0 4 
16 11 2.0 8 0 0 0 8 1 2 0.0599186019621 1 0 
16 11 2.0 11 2 1 0 20 14 2 0.00113570093049 4 0 
16 11 2.0 4 4 1 0 2 4 1 0.377168604489 0 2 
16 11 2.0 5 1 0 0 3 3 2 0.117775308529 1 1 
16 11 2.0 10 1 0 0 2 1 3 0.349080744174 1 0 
16 11 2.0 13 1 2 0 9 6 2 0.0499051540819 2 1 
16 11 2.0 2 2 0 0 1 2 1 0.266404346281 0 1 
16 11 2.0 7 0 1 0 7 7 2 0.0559397286069 1 1 
16 11 2.0 12 1 0 0 16 4 2 0.0617597701071 2 0 
16 12 0.0 14 3 1 0 12 7 3 4.9417862764e-24 3 0 
16 12 0.0 6 2 0 0 6 15 2 0.149548717934 1 2 
16 12 0.0 1 1 0 0 1 2 1 0.191322896618 0 1 
16 12 0.0 9 3 2 0 16 19 2 0.119333608148 1 4 
16 12 0.0 3 0 1 0 14 14 1 0.174645184073 0 4 
16 12 0.0 8 0 0 0 8 1 2 0.0520798915994 1 0 
16 12 0.0 11 2 1 0 20 14 2 9.43273456106e-16 4 0 
16 12 0.0 4 4 1 0 2 4 1 0.229798880817 0 2 
16 12 0.0 5 1 0 0 3 3 2 0.149467065432 1 1 
16 12 0.0 10 1 0 0 2 1 3 2.13638353403e-08 1 0 
16 12 0.0 13 1 2 0 9 6 2 0.0487311324294 2 1 
16 12 0.0 2 2 0 0 1 2 1 0.191449106102 0 1 
16 12 0.0 7 0 1 0 7 7 2 0.0520402541329 1 1 
16 12 0.0 12 1 0 0 16 4 2 1.62996354085e-09 2 0 
16 12 2.0 14 3 1 0 12 7 3 0.410424336843 3 0 
16 12 2.0 6 2 0 0 6 15 2 0.178373519832 1 2 
16 12 2.0 1 1 0 0 1 2 1 0.664863131811 0 1 
16 12 2.0 9 3 2 0 16 19 2 0.14645144397 1 4 
16 12 2.0 3 0 1 0 14 14 1 0.0981176467645 0 4 
16 12 2.0 8 0 0 0 8 1 2 0.0589300072874 1 0 
16 12 2.0 11 2 1 0 20 14 2 0.00047362355995 4 0 
16 12 2.0 4 4 1 0 2 4 1 0.371016608275 0 2 
16 12 2.0 5 1 0 0 3 3 2 0.117776003834 1 1 
16 12 2.0 10 1 0 0 2 1 3 0.349062337137 1 0 
16 12 2.0 13 1 2 0 9 6 2 0.0487740443538 2 1 
16 12 2.0 2 2 0 0 1 2 1 0.26803899062 0 1 
16 12 2.0 7 0 1 0 7 7 2 0.0566635084138 1 1 
16 12 2.0 12 1 0 0 16 4 2 0.0620956179375 2 0 
16 13 0.0 14 3 1 0 12 7 3 2.54858028631e-23 3 0 
16 13 0.0 6 2 0 0 6 15 2 0.149511874877 1 2 
16 13 0.0 1 1 0 0 1 2 1 0.191322481937 0 1 
16 13 0.0 9 3 2 0 16 19 2 0.118664018512 1 4 
16 13 0.0 3 0 1 0 14 14 1 0.133599557053 0 4 
16 13 0.0 8 0 0 0 8 1 2 0.0846073299631 1 0 
16 13 0.0 11 2 1 0 20 14 2 1.04202318525e-15 4 0 
16 13 0.0 4 4 1 0 2 4 1 0.230665679675 0 2 
16 13 0.0 5 1 0 0 3 3 2 0.149484251808 1 1 
16 13 0.0 10 1 0 0 2 1 3 2.9324558374e-08 1 0 
16 13 0.0 13 1 2 0 9 6 2 0.0498324779018 2 1 
16 13 0.0 2 2 0 0 1 2 1 0.191420955562 0 1 
16 13 0.0 7 0 1 0 7 7 2 0.0845739618431 1 1 
16 13 0.0 12 1 0 0 16 4 2 1.08844571469e-08 2 0 
16 13 2.0 14 3 1 0 12 7 3 0.407814803655 3 0 
16 13 2.0 6 2 0 0 6 15 2 0.180002914472 1 2 
16 13 2.0 1 1 0 0 1 2 1 0.664836806792 0 1 
16 13 2.0 9 3 2 0 16 19 2 0.144156147397 1 4 
16 13 2.0 3 0 1 0 14 14 1 0.0930827517637 0 4 
16 13 2.0 8 0 0 0 8 1 2 0.0662953251945 1 0 
16 13 2.0 11 2 1 0 20 14 2 0.000451480797386 4 0 
16 13 2.0 4 4 1 0 2 4 1 0.378330784743 0 2 
16 13 2.0 5 1 0 0 3 3 2 0.117786727175 1 1 
16 13 2.0 10 1 0 0 2 1 3 0.349083221933 1 0 
16 13 2.0 13 1 2 0 9 6 2 0.0481800101784 2 1 
16 13 2.0 2 2 0 0 1 2 1 0.266731255501 0 1 
16 13 2.0 7 0 1 0 7 7 2 0.0642437750996 1 1 
16 13 2.0 12 1 0 0 16 4 2 0.0652471774568 2 0 
16 14 0.0 14 3 1 0 12 7 3 2.26472284172e-22 3 0 
16 14 0.0 6 2 0 0 6 15 2 0.149886178013 1 2 
16 14 0.0 1 1 0 0 1 2 1 0.191361636565 0 1 
16 14 0.0 9 3 2 0 16 19 2 0.117752427966 1 4 
16 14 0.0 3 0 1 0 14 14 1 0.15606944225 0 4 
16 14 0.0 8 0 0 0 8 1 2 0.0531767048803 1 0 
16 14 0.0 11 2 1 0 20 14 2 6.25465032642e-18 4 0 
16 14 0.0 4 4 1 0 2 4 1 0.231863047472 0 2 
16 14 0.0 5 1 0 0 3 3 2 0.149449996629 1 1 
16 14 0.0 10 1 0 0 2 1 3 3.01391241865e-08 1 0 
16 14 0.0 13 1 2 0 9 6 2 0.0513303064859 2 1 
16 14 0.0 2 2 0 0 1 2 1 0.191664949183 0 1 
16 14 0.0 7 0 1 0 7 7 2 0.0531341485716 1 1 
16 14 0.0 12 1 0 0 16 4 2 1.54329469739e-12 2 0 
16 14 2.0 14 3 1 0 12 7 3 0.40592742874 3 0 
16 14 2.0 6 2 0 0 6 15 2 0.182661668817 1 2 
16 14 2.0 1 1 0 0 1 2 1 0.664833557437 0 1 
16 14 2.0 9 3 2 0 16 19 2 0.138483438466 1 4 
16 14 2.0 3 0 1 0 14 14 1 0.104462857528 0 4 
16 14 2.0 8 0 0 0 8 1 2 0.0803373536058 1 0 
16 14 2.0 11 2 1 0 20 14 2 0.000852396111053 4 0 
16 14 2.0 4 4 1 0 2 4 1 0.381279259317 0 2 
16 14 2.0 5 1 0 0 3 3 2 0.117778941652 1 1 
16 14 2.0 10 1 0 0 2 1 3 0.349091216828 1 0 
16 14 2.0 13 1 2 0 9 6 2 0.0464803361389 2 1 
16 14 2.0 2 2 0 0 1 2 1 0.268411672885 0 1 
16 14 2.0 7 0 1 0 7 7 2 0.0762096139352 1 1 
16 14 2.0 12 1 0 0 16 4 2 0.0711520586322 2 0 
16 15 0.0 14 3 1 0 12 7 3 7.66990980649e-23 3 0 
16 15 0.0 6 2 0 0 6 15 2 0.149780983062 1 2 
16 15 0.0 1 1 0 0 1 2 1 0.191542391823 0 1 
16 15 0.0 9 3 2 0 16 19 2 0.118479319613 1 4 
16 15 0.0 3 0 1 0 14 14 1 0.197941666776 0 4 
16 15 0.0 8 0 0 0 8 1 2 0.0898357444941 1 0 
16 15 0.0 11 2 1 0 20 14 2 2.56132102687e-17 4 0 
16 15 0.0 4 4 1 0 2 4 1 0.230911818272 0 2 
16 15 0.0 5 1 0 0 3 3 2 0.149882605945 1 1 
16 15 0.0 10 1 0 0 2 1 3 9.10379350605e-09 1 0 
16 15 0.0 13 1 2 0 9 6 2 0.05013739012 2 1 
16 15 0.0 2 2 0 0 1 2 1 0.191361759406 0 1 
16 15 0.0 7 0 1 0 7 7 2 0.0897606726864 1 1 
16 15 0.0 12 1 0 0 16 4 2 7.58020597399e-11 2 0 
16 15 2.0 14 3 1 0 12 7 3 0.414751265137 3 0 
16 15 2.0 6 2 0 0 6 15 2 0.177077862095 1 2 
16 15 2.0 1 1 0 0 1 2 1 0.664845745258 0 1 
16 15 2.0 9 3 2 0 16 19 2 0.145707755922 1 4 
16 15 2.0 3 0 1 0 14 14 1 0.117609293484 0 4 
16 15 2.0 8 0 0 0 8 1 2 0.0526435199095 1 0 
16 15 2.0 11 2 1 0 20 14 2 0.000971623666738 4 0 
16 15 2.0 4 4 1 0 2 4 1 0.359553086953 0 2 
16 15 2.0 5 1 0 0 3 3 2 0.117776149138 1 1 
16 15 2.0 10 1 0 0 2 1 3 0.349080256376 1 0 
16 15 2.0 13 1 2 0 9 6 2 0.0492217543973 2 1 
16 15 2.0 2 2 0 0 1 2 1 0.272274189953 0 1 
16 15 2.0 7 0 1 0 7 7 2 0.0494359207397 1 1 
16 15 2.0 12 1 0 0 16 4 2 0.0592372783987 2 0 
16 16 0.0 14 3 1 0 12 7 3 3.91105165913e-22 3 0 
16 16 0.0 6 2 0 0 6 15 2 0.149497899183 1 2 
16 16 0.0 1 1 0 0 1 2 1 0.191448470435 0 1 
16 16 0.0 9 3 2 0 16 19 2 0.117999104785 1 4 
16 16 0.0 3 0 1 0 14 14 1 0.242576249983 0 4 
16 16 0.0 8 0 0 0 8 1 2 0.06566993038 1 0 
16 16 0.0 11 2 1 0 20 14 2 1.82367343257e-17 4 0 
16 16 0.0 4 4 1 0 2 4 1 0.231539732678 0 2 
16 16 0.0 5 1 0 0 3 3 2 0.149416631081 1 1 
16 16 0.0 10 1 0 0 2 1 3 3.85249745677e-08 1 0 
16 16 0.0 13 1 2 0 9 6 2 0.0509250930454 2 1 
16 16 0.0 2 2 0 0 1 2 1 0.191455336008 0 1 
16 16 0.0 7 0 1 0 7 7 2 0.0656068881729 1 1 
16 16 0.0 12 1 0 0 16 4 2 1.4293619334e-11 2 0 
16 16 2.0 14 3 1 0 12 7 3 0.414767589126 3 0 
16 16 2.0 6 2 0 0 6 15 2 0.177174150995 1 2 
16 16 2.0 1 1 0 0 1 2 1 0.664836395616 0 1 
16 16 2.0 9 3 2 0 16 19 2 0.145133894156 1 4 
16 16 2.0 3 0 1 0 14 14 1 0.120685557079 0 4 
16 16 2.0 8 0 0 0 8 1 2 0.0527901521729 1 0 
16 16 2.0 11 2 1 0 20 14 2 0.000921238304655 4 0 
16 16 2.0 4 4 1 0 2 4 1 0.358914700361 0 2 
16 16 2.0 5 1 0 0 3 3 2 0.117780636005 1 1 
16 16 2.0 10 1 0 0 2 1 3 0.349087270282 1 0 
16 16 2.0 13 1 2 0 9 6 2 0.0491195195587 2 1 
16 16 2.0 2 2 0 0 1 2 1 0.272695262181 0 1 
16 16 2.0 7 0 1 0 7 7 2 0.0497133958991 1 1 
16 16 2.0 12 1 0 0 16 4 2 0.0595620033329 2 0 
16 17 0.0 14 3 1 0 12 7 3 3.18249645849e-21 3 0 
16 17 0.0 6 2 0 0 6 15 2 0.149834615343 1 2 
16 17 0.0 1 1 0 0 1 2 1 0.191777002835 0 1 
16 17 0.0 9 3 2 0 16 19 2 0.11599231734 1 4 
16 17 0.0 3 0 1 0 14 14 1 0.205992529519 0 4 
16 17 0.0 8 0 0 0 8 1 2 0.0552420509942 1 0 
16 17 0.0 11 2 1 0 20 14 2 4.37267817041e-20 4 0 
16 17 0.0 4 4 1 0 2 4 1 0.234175503666 0 2 
16 17 0.0 5 1 0 0 3 3 2 0.149866886401 1 1 
16 17 0.0 10 1 0 0 2 1 3 6.10511953408e-09 1 0 
16 17 0.0 13 1 2 0 9 6 2 0.0542239690471 2 1 
16 17 0.0 2 2 0 0 1 2 1 0.191518080021 0 1 
16 17 0.0 7 0 1 0 7 7 2 0.0551309565036 1 1 
16 17 0.0 12 1 0 0 16 4 2 3.13976169688e-15 2 0 
16 17 2.0 14 3 1 0 12 7 3 0.411848193721 3 0 
16 17 2.0 6 2 0 0 6 15 2 0.181052335208 1 2 
16 17 2.0 1 1 0 0 1 2 1 0.664842792606 0 1 
16 17 2.0 9 3 2 0 16 19 2 0.136757045755 1 4 
16 17 2.0 3 0 1 0 14 14 1 0.152741927983 0 4 
16 17 2.0 8 0 0 0 8 1 2 0.0685648458136 1 0 
16 17 2.0 11 2 1 0 20 14 2 0.000949373117608 4 0 
16 17 2.0 4 4 1 0 2 4 1 0.362202600486 0 2 
16 17 2.0 5 1 0 0 3 3 2 0.117787728848 1 1 
16 17 2.0 10 1 0 0 2 1 3 0.349076427342 1 0 
16 17 2.0 13 1 2 0 9 6 2 0.0465725675732 2 1 
16 17 2.0 2 2 0 0 1 2 1 0.275893707538 0 1 
16 17 2.0 7 0 1 0 7 7 2 0.0644224781216 1 1 
16 17 2.0 12 1 0 0 16 4 2 0.0678724108082 2 0 
16 18 0.0 14 3 1 0 12 7 3 3.15764467925e-22 3 0 
16 18 0.0 6 2 0 0 6 15 2 0.149664825886 1 2 
16 18 0.0 1 1 0 0 1 2 1 0.191616383902 0 1 
16 18 0.0 9 3 2 0 16 19 2 0.1177286286 1 4 
16 18 0.0 3 0 1 0 14 14 1 0.156938332252 0 4 
16 18 0.0 8 0 0 0 8 1 2 0.0525396571882 1 0 
16 18 0.0 11 2 1 0 20 14 2 7.16422247973e-18 4 0 
16 18 0.0 4 4 1 0 2 4 1 0.231894245717 0 2 
16 18 0.0 5 1 0 0 3 3 2 0.14989491124 1 1 
16 18 0.0 10 1 0 0 2 1 3 1.09640687579e-08 1 0 
16 18 0.0 13 1 2 0 9 6 2 0.0513694109929 2 1 
16 18 0.0 2 2 0 0 1 2 1 0.191326683054 0 1 
16 18 0.0 7 0 1 0 7 7 2 0.052464404831 1 1 
16 18 0.0 12 1 0 0 16 4 2 5.56079979957e-12 2 0 
16 18 2.0 14 3 1 0 12 7 3 0.410590702103 3 0 
16 18 2.0 6 2 0 0 6 15 2 0.182032259637 1 2 
16 18 2.0 1 1 0 0 1 2 1 0.66483281454 0 1 
16 18 2.0 9 3 2 0 16 19 2 0.135580903009 1 4 
16 18 2.0 3 0 1 0 14 14 1 0.151661024121 0 4 
16 18 2.0 8 0 0 0 8 1 2 0.0743235903222 1 0 
16 18 2.0 11 2 1 0 20 14 2 0.0011841411046 4 0 
16 18 2.0 4 4 1 0 2 4 1 0.36552449816 0 2 
16 18 2.0 5 1 0 0 3 3 2 0.117780208997 1 1 
16 18 2.0 10 1 0 0 2 1 3 0.3490912325 1 0 
16 18 2.0 13 1 2 0 9 6 2 0.0461294545972 2 1 
16 18 2.0 2 2 0 0 1 2 1 0.275508791332 0 1 
16 18 2.0 7 0 1 0 7 7 2 0.0693958132625 1 1 
16 18 2.0 12 1 0 0 16 4 2 0.0701488245355 2 0 
16 19 0.0 14 3 1 0 12 7 3 1.68081155834e-22 3 0 
16 19 0.0 6 2 0 0 6 15 2 0.149512578285 1 2 
16 19 0.0 1 1 0 0 1 2 1 0.191437133631 0 1 
16 19 0.0 9 3 2 0 16 19 2 0.118182757345 1 4 
16 19 0.0 3 0 1 0 14 14 1 0.247980397994 0 4 
16 19 0.0 8 0 0 0 8 1 2 0.0719229708493 1 0 
16 19 0.0 11 2 1 0 20 14 2 2.4518444874e-16 4 0 
16 19 0.0 4 4 1 0 2 4 1 0.231299140773 0 2 
16 19 0.0 5 1 0 0 3 3 2 0.149592384878 1 1 
16 19 0.0 10 1 0 0 2 1 3 5.42756648468e-08 1 0 
16 19 0.0 13 1 2 0 9 6 2 0.0506233639536 2 1 
16 19 0.0 2 2 0 0 1 2 1 0.191436336707 0 1 
16 19 0.0 7 0 1 0 7 7 2 0.0719421165419 1 1 
16 19 0.0 12 1 0 0 16 4 2 3.54637683314e-11 2 0 
16 19 2.0 14 3 1 0 12 7 3 0.413162598757 3 0 
16 19 2.0 6 2 0 0 6 15 2 0.179456539251 1 2 
16 19 2.0 1 1 0 0 1 2 1 0.664834608449 0 1 
16 19 2.0 9 3 2 0 16 19 2 0.139866709357 1 4 
16 19 2.0 3 0 1 0 14 14 1 0.14311350833 0 4 
16 19 2.0 8 0 0 0 8 1 2 0.0612870982047 1 0 
16 19 2.0 11 2 1 0 20 14 2 0.000794424539072 4 0 
16 19 2.0 4 4 1 0 2 4 1 0.35928942452 0 2 
16 19 2.0 5 1 0 0 3 3 2 0.117781609681 1 1 
16 19 2.0 10 1 0 0 2 1 3 0.349088541934 1 0 
16 19 2.0 13 1 2 0 9 6 2 0.0471694841987 2 1 
16 19 2.0 2 2 0 0 1 2 1 0.275125165335 0 1 
16 19 2.0 7 0 1 0 7 7 2 0.0581873333952 1 1 
16 19 2.0 12 1 0 0 16 4 2 0.0642648991968 2 0 
16 20 0.0 14 3 1 0 12 7 3 3.43977163792e-23 3 0 
16 20 0.0 6 2 0 0 6 15 2 0.149770220993 1 2 
16 20 0.0 1 1 0 0 1 2 1 0.191465402162 0 1 
16 20 0.0 9 3 2 0 16 19 2 0.118285850602 1 4 
16 20 0.0 3 0 1 0 14 14 1 0.20666887726 0 4 
16 20 0.0 8 0 0 0 8 1 2 0.0921431404085 1 0 
16 20 0.0 11 2 1 0 20 14 2 4.00612916857e-17 4 0 
16 20 0.0 4 4 1 0 2 4 1 0.231162846367 0 2 
16 20 0.0 5 1 0 0 3 3 2 0.149859889964 1 1 
16 20 0.0 10 1 0 0 2 1 3 1.31225242641e-08 1 0 
16 20 0.0 13 1 2 0 9 6 2 0.0504535916167 2 1 
16 20 0.0 2 2 0 0 1 2 1 0.191400978559 0 1 
16 20 0.0 7 0 1 0 7 7 2 0.0919732754802 1 1 
16 20 0.0 12 1 0 0 16 4 2 2.29922429117e-10 2 0 
16 20 2.0 14 3 1 0 12 7 3 0.41594333775 3 0 
16 20 2.0 6 2 0 0 6 15 2 0.177693020442 1 2 
16 20 2.0 1 1 0 0 1 2 1 0.664850410393 0 1 
16 20 2.0 9 3 2 0 16 19 2 0.141874692933 1 4 
16 20 2.0 3 0 1 0 14 14 1 0.138186814913 0 4 
16 20 2.0 8 0 0 0 8 1 2 0.0540116013568 1 0 
16 20 2.0 11 2 1 0 20 14 2 0.00126982069666 4 0 
16 20 2.0 4 4 1 0 2 4 1 0.355946280554 0 2 
16 20 2.0 5 1 0 0 3 3 2 0.117786076317 1 1 
16 20 2.0 10 1 0 0 2 1 3 0.349069521212 1 0 
16 20 2.0 13 1 2 0 9 6 2 0.0490971517945 2 1 
16 20 2.0 2 2 0 0 1 2 1 0.275485841259 0 1 
16 20 2.0 7 0 1 0 7 7 2 0.0497535535263 1 1 
16 20 2.0 12 1 0 0 16 4 2 0.0602513763367 2 0 
16 21 0.0 14 3 1 0 12 7 3 2.29997863406e-22 3 0 
16 21 0.0 6 2 0 0 6 15 2 0.149674640208 1 2 
16 21 0.0 1 1 0 0 1 2 1 0.191339349866 0 1 
16 21 0.0 9 3 2 0 16 19 2 0.117858054342 1 4 
16 21 0.0 3 0 1 0 14 14 1 0.20846022486 0 4 
16 21 0.0 8 0 0 0 8 1 2 0.0527976663011 1 0 
16 21 0.0 11 2 1 0 20 14 2 3.4388841851e-17 4 0 
16 21 0.0 4 4 1 0 2 4 1 0.231724574968 0 2 
16 21 0.0 5 1 0 0 3 3 2 0.149777758476 1 1 
16 21 0.0 10 1 0 0 2 1 3 1.6962241496e-08 1 0 
16 21 0.0 13 1 2 0 9 6 2 0.0511567615656 2 1 
16 21 0.0 2 2 0 0 1 2 1 0.191378725007 0 1 
16 21 0.0 7 0 1 0 7 7 2 0.052770667806 1 1 
16 21 0.0 12 1 0 0 16 4 2 9.8351225129e-12 2 0 
16 21 2.0 14 3 1 0 12 7 3 0.404848691181 3 0 
16 21 2.0 6 2 0 0 6 15 2 0.183945510113 1 2 
16 21 2.0 1 1 0 0 1 2 1 0.664848046462 0 1 
16 21 2.0 9 3 2 0 16 19 2 0.135621047133 1 4 
16 21 2.0 3 0 1 0 14 14 1 0.101141410535 0 4 
16 21 2.0 8 0 0 0 8 1 2 0.089218201482 1 0 
16 21 2.0 11 2 1 0 20 14 2 0.00135950739356 4 0 
16 21 2.0 4 4 1 0 2 4 1 0.3872644134 0 2 
16 21 2.0 5 1 0 0 3 3 2 0.117787103183 1 1 
16 21 2.0 10 1 0 0 2 1 3 0.349071358554 1 0 
16 21 2.0 13 1 2 0 9 6 2 0.0467204473944 2 1 
16 21 2.0 2 2 0 0 1 2 1 0.268190918029 0 1 
16 21 2.0 7 0 1 0 7 7 2 0.0829946551596 1 1 
16 21 2.0 12 1 0 0 16 4 2 0.0742893752025 2 0 
16 22 0.0 14 3 1 0 12 7 3 2.69205913598e-23 3 0 
16 22 0.0 6 2 0 0 6 15 2 0.149688570488 1 2 
16 22 0.0 1 1 0 0 1 2 1 0.191298421142 0 1 
16 22 0.0 9 3 2 0 16 19 2 0.118545296025 1 4 
16 22 0.0 3 0 1 0 14 14 1 0.22413517593 0 4 
16 22 0.0 8 0 0 0 8 1 2 0.0569658037106 1 0 
16 22 0.0 11 2 1 0 20 14 2 1.58862834273e-16 4 0 
16 22 0.0 4 4 1 0 2 4 1 0.230823382999 0 2 
16 22 0.0 5 1 0 0 3 3 2 0.149510228347 1 1 
16 22 0.0 10 1 0 0 2 1 3 2.83197527715e-08 1 0 
16 22 0.0 13 1 2 0 9 6 2 0.0500264585705 2 1 
16 22 0.0 2 2 0 0 1 2 1 0.191358038495 0 1 
16 22 0.0 7 0 1 0 7 7 2 0.0569047142441 1 1 
16 22 0.0 12 1 0 0 16 4 2 2.3885694892e-10 2 0 
16 22 2.0 14 3 1 0 12 7 3 0.413682900347 3 0 
16 22 2.0 6 2 0 0 6 15 2 0.17946439875 1 2 
16 22 2.0 1 1 0 0 1 2 1 0.664835801516 0 1 
16 22 2.0 9 3 2 0 16 19 2 0.139099038394 1 4 
16 22 2.0 3 0 1 0 14 14 1 0.147530503101 0 4 
16 22 2.0 8 0 0 0 8 1 2 0.0614726130085 1 0 
16 22 2.0 11 2 1 0 20 14 2 0.00112443819873 4 0 
16 22 2.0 4 4 1 0 2 4 1 0.358710999805 0 2 
16 22 2.0 5 1 0 0 3 3 2 0.117777819607 1 1 
16 22 2.0 10 1 0 0 2 1 3 0.349089560238 1 0 
16 22 2.0 13 1 2 0 9 6 2 0.0475109225231 2 1 
16 22 2.0 2 2 0 0 1 2 1 0.275917732141 0 1 
16 22 2.0 7 0 1 0 7 7 2 0.0571098273496 1 1 
16 22 2.0 12 1 0 0 16 4 2 0.0641704454653 2 0 
16 23 0.0 14 3 1 0 12 7 3 1.75532177923e-22 3 0 
16 23 0.0 6 2 0 0 6 15 2 0.149858817589 1 2 
16 23 0.0 1 1 0 0 1 2 1 0.191483216846 0 1 
16 23 0.0 9 3 2 0 16 19 2 0.118042847315 1 4 
16 23 0.0 3 0 1 0 14 14 1 0.167765340751 0 4 
16 23 0.0 8 0 0 0 8 1 2 0.0512576048483 1 0 
16 23 0.0 11 2 1 0 20 14 2 1.55424378147e-17 4 0 
16 23 0.0 4 4 1 0 2 4 1 0.231482598805 0 2 
16 23 0.0 5 1 0 0 3 3 2 0.149865019129 1 1 
16 23 0.0 10 1 0 0 2 1 3 1.23225515243e-08 1 0 
16 23 0.0 13 1 2 0 9 6 2 0.0508532600841 2 1 
16 23 0.0 2 2 0 0 1 2 1 0.191803203323 0 1 
16 23 0.0 7 0 1 0 7 7 2 0.051198138907 1 1 
16 23 0.0 12 1 0 0 16 4 2 8.32732740635e-12 2 0 
16 23 2.0 14 3 1 0 12 7 3 0.412499275767 3 0 
16 23 2.0 6 2 0 0 6 15 2 0.177497026896 1 2 
16 23 2.0 1 1 0 0 1 2 1 0.664835160111 0 1 
16 23 2.0 9 3 2 0 16 19 2 0.146767584708 1 4 
16 23 2.0 3 0 1 0 14 14 1 0.105208843645 0 4 
16 23 2.0 8 0 0 0 8 1 2 0.0546423808141 1 0 
16 23 2.0 11 2 1 0 20 14 2 0.0004357934828 4 0 
16 23 2.0 4 4 1 0 2 4 1 0.365480630897 0 2 
16 23 2.0 5 1 0 0 3 3 2 0.117788150846 1 1 
16 23 2.0 10 1 0 0 2 1 3 0.349084080395 1 0 
16 23 2.0 13 1 2 0 9 6 2 0.049229442995 2 1 
16 23 2.0 2 2 0 0 1 2 1 0.269621423707 0 1 
16 23 2.0 7 0 1 0 7 7 2 0.0528223318731 1 1 
16 23 2.0 12 1 0 0 16 4 2 0.0605176076983 2 0 
16 24 0.0 14 3 1 0 12 7 3 7.7170594568e-23 3 0 
16 24 0.0 6 2 0 0 6 15 2 0.149752912899 1 2 
16 24 0.0 1 1 0 0 1 2 1 0.191330907822 0 1 
16 24 0.0 9 3 2 0 16 19 2 0.118300864118 1 4 
16 24 0.0 3 0 1 0 14 14 1 0.220623270965 0 4 
16 24 0.0 8 0 0 0 8 1 2 0.0913026554445 1 0 
16 24 0.0 11 2 1 0 20 14 2 3.98301134422e-17 4 0 
16 24 0.0 4 4 1 0 2 4 1 0.231144862423 0 2 
16 24 0.0 5 1 0 0 3 3 2 0.149473240861 1 1 
16 24 0.0 10 1 0 0 2 1 3 2.48433470609e-08 1 0 
16 24 0.0 13 1 2 0 9 6 2 0.0504299710617 2 1 
16 24 0.0 2 2 0 0 1 2 1 0.191865726259 0 1 
16 24 0.0 7 0 1 0 7 7 2 0.0912475959677 1 1 
16 24 0.0 12 1 0 0 16 4 2 2.10775293996e-10 2 0 
16 24 2.0 14 3 1 0 12 7 3 0.411797812565 3 0 
16 24 2.0 6 2 0 0 6 15 2 0.177633090273 1 2 
16 24 2.0 1 1 0 0 1 2 1 0.664834110354 0 1 
16 24 2.0 9 3 2 0 16 19 2 0.147418277083 1 4 
16 24 2.0 3 0 1 0 14 14 1 0.0985910908226 0 4 
16 24 2.0 8 0 0 0 8 1 2 0.055856776218 1 0 
16 24 2.0 11 2 1 0 20 14 2 0.000790388518393 4 0 
16 24 2.0 4 4 1 0 2 4 1 0.368615173524 0 2 
16 24 2.0 5 1 0 0 3 3 2 0.117782078826 1 1 
16 24 2.0 10 1 0 0 2 1 3 0.349088778735 1 0 
16 24 2.0 13 1 2 0 9 6 2 0.0494331982207 2 1 
16 24 2.0 2 2 0 0 1 2 1 0.268611039233 0 1 
16 24 2.0 7 0 1 0 7 7 2 0.0529860189402 1 1 
16 24 2.0 12 1 0 0 16 4 2 0.0604292357455 2 0 
16 25 0.0 14 3 1 0 12 7 3 2.68976364052e-23 3 0 
16 25 0.0 6 2 0 0 6 15 2 0.149615821761 1 2 
16 25 0.0 1 1 0 0 1 2 1 0.191473837444 0 1 
16 25 0.0 9 3 2 0 16 19 2 0.118720036763 1 4 
16 25 0.0 3 0 1 0 14 14 1 0.131762308918 0 4 
16 25 0.0 8 0 0 0 8 1 2 0.0802739058839 1 0 
16 25 0.0 11 2 1 0 20 14 2 1.95493453921e-16 4 0 
16 25 0.0 4 4 1 0 2 4 1 0.230597435958 0 2 
16 25 0.0 5 1 0 0 3 3 2 0.149397723724 1 1 
16 25 0.0 10 1 0 0 2 1 3 3.29513187438e-08 1 0 
16 25 0.0 13 1 2 0 9 6 2 0.0497421339789 2 1 
16 25 0.0 2 2 0 0 1 2 1 0.191370111523 0 1 
16 25 0.0 7 0 1 0 7 7 2 0.0801487800202 1 1 
16 25 0.0 12 1 0 0 16 4 2 1.88286202118e-09 2 0 
16 25 2.0 14 3 1 0 12 7 3 0.413820204407 3 0 
16 25 2.0 6 2 0 0 6 15 2 0.177457280216 1 2 
16 25 2.0 1 1 0 0 1 2 1 0.664865292496 0 1 
16 25 2.0 9 3 2 0 16 19 2 0.145202208231 1 4 
16 25 2.0 3 0 1 0 14 14 1 0.117124655414 0 4 
16 25 2.0 8 0 0 0 8 1 2 0.0541503630139 1 0 
16 25 2.0 11 2 1 0 20 14 2 0.000663442624554 4 0 
16 25 2.0 4 4 1 0 2 4 1 0.361098729904 0 2 
16 25 2.0 5 1 0 0 3 3 2 0.117769318123 1 1 
16 25 2.0 10 1 0 0 2 1 3 0.349064075089 1 0 
16 25 2.0 13 1 2 0 9 6 2 0.0490353310993 2 1 
16 25 2.0 2 2 0 0 1 2 1 0.271822746459 0 1 
16 25 2.0 7 0 1 0 7 7 2 0.0515879709044 1 1 
16 25 2.0 12 1 0 0 16 4 2 0.0603628999533 2 0 
16 26 0.0 14 3 1 0 12 7 3 2.73405071821e-22 3 0 
16 26 0.0 6 2 0 0 6 15 2 0.149505926397 1 2 
16 26 0.0 1 1 0 0 1 2 1 0.19148026691 0 1 
16 26 0.0 9 3 2 0 16 19 2 0.118138931013 1 4 
16 26 0.0 3 0 1 0 14 14 1 0.182568979038 0 4 
16 26 0.0 8 0 0 0 8 1 2 0.0950102046098 1 0 
16 26 0.0 11 2 1 0 20 14 2 6.73264523296e-17 4 0 
16 26 0.0 4 4 1 0 2 4 1 0.231356552784 0 2 
16 26 0.0 5 1 0 0 3 3 2 0.149864542748 1 1 
16 26 0.0 10 1 0 0 2 1 3 1.2039937889e-08 1 0 
16 26 0.0 13 1 2 0 9 6 2 0.0506956618692 2 1 
16 26 0.0 2 2 0 0 1 2 1 0.191488242833 0 1 
16 26 0.0 7 0 1 0 7 7 2 0.0949673139163 1 1 
16 26 0.0 12 1 0 0 16 4 2 4.27874427569e-11 2 0 
16 26 2.0 14 3 1 0 12 7 3 0.411259710359 3 0 
16 26 2.0 6 2 0 0 6 15 2 0.181217612045 1 2 
16 26 2.0 1 1 0 0 1 2 1 0.664835581139 0 1 
16 26 2.0 9 3 2 0 16 19 2 0.137561669836 1 4 
16 26 2.0 3 0 1 0 14 14 1 0.145437897071 0 4 
16 26 2.0 8 0 0 0 8 1 2 0.070148361778 1 0 
16 26 2.0 11 2 1 0 20 14 2 0.000850361624464 4 0 
16 26 2.0 4 4 1 0 2 4 1 0.363810011618 0 2 
16 26 2.0 5 1 0 0 3 3 2 0.117780251043 1 1 
16 26 2.0 10 1 0 0 2 1 3 0.349088342621 1 0 
16 26 2.0 13 1 2 0 9 6 2 0.0461296194017 2 1 
16 26 2.0 2 2 0 0 1 2 1 0.274898942674 0 1 
16 26 2.0 7 0 1 0 7 7 2 0.0665307139947 1 1 
16 26 2.0 12 1 0 0 16 4 2 0.0679117338621 2 0 
16 27 0.0 14 3 1 0 12 7 3 6.34997448652e-22 3 0 
16 27 0.0 6 2 0 0 6 15 2 0.149557630291 1 2 
16 27 0.0 1 1 0 0 1 2 1 0.19135835784 0 1 
16 27 0.0 9 3 2 0 16 19 2 0.117504065548 1 4 
16 27 0.0 3 0 1 0 14 14 1 0.15138961131 0 4 
16 27 0.0 8 0 0 0 8 1 2 0.089711696405 1 0 
16 27 0.0 11 2 1 0 20 14 2 5.43050129024e-18 4 0 
16 27 0.0 4 4 1 0 2 4 1 0.232188935056 0 2 
16 27 0.0 5 1 0 0 3 3 2 0.149452624076 1 1 
16 27 0.0 10 1 0 0 2 1 3 2.49331631854e-08 1 0 
16 27 0.0 13 1 2 0 9 6 2 0.0517384568488 2 1 
16 27 0.0 2 2 0 0 1 2 1 0.191416516859 0 1 
16 27 0.0 7 0 1 0 7 7 2 0.0896242855417 1 1 
16 27 0.0 12 1 0 0 16 4 2 5.26090625819e-13 2 0 
16 27 2.0 14 3 1 0 12 7 3 0.410541008229 3 0 
16 27 2.0 6 2 0 0 6 15 2 0.177837441415 1 2 
16 27 2.0 1 1 0 0 1 2 1 0.664841446648 0 1 
16 27 2.0 9 3 2 0 16 19 2 0.148012846137 1 4 
16 27 2.0 3 0 1 0 14 14 1 0.0854272045307 0 4 
16 27 2.0 8 0 0 0 8 1 2 0.0576307636109 1 0 
16 27 2.0 11 2 1 0 20 14 2 0.00145614835562 4 0 
16 27 2.0 4 4 1 0 2 4 1 0.3762305187 0 2 
16 27 2.0 5 1 0 0 3 3 2 0.117777894729 1 1 
16 27 2.0 10 1 0 0 2 1 3 0.349083669838 1 0 
16 27 2.0 13 1 2 0 9 6 2 0.050890897326 2 1 
16 27 2.0 2 2 0 0 1 2 1 0.26669843583 0 1 
16 27 2.0 7 0 1 0 7 7 2 0.0527263885437 1 1 
16 27 2.0 12 1 0 0 16 4 2 0.0603248856033 2 0 
16 28 0.0 14 3 1 0 12 7 3 1.77242735719e-22 3 0 
16 28 0.0 6 2 0 0 6 15 2 0.149578889151 1 2 
16 28 0.0 1 1 0 0 1 2 1 0.191263651398 0 1 
16 28 0.0 9 3 2 0 16 19 2 0.118079073842 1 4 
16 28 0.0 3 0 1 0 14 14 1 0.18393056288 0 4 
16 28 0.0 8 0 0 0 8 1 2 0.0520483827625 1 0 
16 28 0.0 11 2 1 0 20 14 2 7.22660985245e-17 4 0 
16 28 0.0 4 4 1 0 2 4 1 0.231435213055 0 2 
16 28 0.0 5 1 0 0 3 3 2 0.149645820964 1 1 
16 28 0.0 10 1 0 0 2 1 3 1.77990788304e-08 1 0 
16 28 0.0 13 1 2 0 9 6 2 0.0507936399712 2 1 
16 28 0.0 2 2 0 0 1 2 1 0.191413460419 0 1 
16 28 0.0 7 0 1 0 7 7 2 0.0520198576663 1 1 
16 28 0.0 12 1 0 0 16 4 2 5.93898691266e-11 2 0 
16 28 2.0 14 3 1 0 12 7 3 0.408308481946 3 0 
16 28 2.0 6 2 0 0 6 15 2 0.183259658973 1 2 
16 28 2.0 1 1 0 0 1 2 1 0.664843001244 0 1 
16 28 2.0 9 3 2 0 16 19 2 0.135320656099 1 4 
16 28 2.0 3 0 1 0 14 14 1 0.133951964211 0 4 
16 28 2.0 8 0 0 0 8 1 2 0.0845023369546 1 0 
16 28 2.0 11 2 1 0 20 14 2 0.00153731757054 4 0 
16 28 2.0 4 4 1 0 2 4 1 0.373331921832 0 2 
16 28 2.0 5 1 0 0 3 3 2 0.117788331301 1 1 
16 28 2.0 10 1 0 0 2 1 3 0.349075852922 1 0 
16 28 2.0 13 1 2 0 9 6 2 0.0456194769002 2 1 
16 28 2.0 2 2 0 0 1 2 1 0.273168118143 0 1 
16 28 2.0 7 0 1 0 7 7 2 0.0767091998723 1 1 
16 28 2.0 12 1 0 0 16 4 2 0.0724898613618 2 0 
16 29 0.0 14 3 1 0 12 7 3 4.02504402816e-23 3 0 
16 29 0.0 6 2 0 0 6 15 2 0.149885177356 1 2 
16 29 0.0 1 1 0 0 1 2 1 0.191978602517 0 1 
16 29 0.0 9 3 2 0 16 19 2 0.118455261121 1 4 
16 29 0.0 3 0 1 0 14 14 1 0.192645312218 0 4 
16 29 0.0 8 0 0 0 8 1 2 0.088345098757 1 0 
16 29 0.0 11 2 1 0 20 14 2 4.23039496277e-18 4 0 
16 29 0.0 4 4 1 0 2 4 1 0.230943234876 0 2 
16 29 0.0 5 1 0 0 3 3 2 0.149473155697 1 1 
16 29 0.0 10 1 0 0 2 1 3 1.3504674776e-09 1 0 
16 29 0.0 13 1 2 0 9 6 2 0.0501762030856 2 1 
16 29 0.0 2 2 0 0 1 2 1 0.191611552652 0 1 
16 29 0.0 7 0 1 0 7 7 2 0.0881094006209 1 1 
16 29 0.0 12 1 0 0 16 4 2 1.20586484774e-10 2 0 
16 29 2.0 14 3 1 0 12 7 3 0.414509659468 3 0 
16 29 2.0 6 2 0 0 6 15 2 0.178349757055 1 2 
16 29 2.0 1 1 0 0 1 2 1 0.66483843707 0 1 
16 29 2.0 9 3 2 0 16 19 2 0.142423910719 1 4 
16 29 2.0 3 0 1 0 14 14 1 0.132959161887 0 4 
16 29 2.0 8 0 0 0 8 1 2 0.0567674027492 1 0 
16 29 2.0 11 2 1 0 20 14 2 0.000573708029512 4 0 
16 29 2.0 4 4 1 0 2 4 1 0.358384268782 0 2 
16 29 2.0 5 1 0 0 3 3 2 0.117777887561 1 1 
16 29 2.0 10 1 0 0 2 1 3 0.349086790644 1 0 
16 29 2.0 13 1 2 0 9 6 2 0.0479211366222 2 1 
16 29 2.0 2 2 0 0 1 2 1 0.274118728046 0 1 
16 29 2.0 7 0 1 0 7 7 2 0.0546079902501 1 1 
16 29 2.0 12 1 0 0 16 4 2 0.0614930390796 2 0 
16 30 0.0 14 3 1 0 12 7 3 4.08412802637e-23 3 0 
16 30 0.0 6 2 0 0 6 15 2 0.149852540591 1 2 
16 30 0.0 1 1 0 0 1 2 1 0.191272531407 0 1 
16 30 0.0 9 3 2 0 16 19 2 0.118618416913 1 4 
16 30 0.0 3 0 1 0 14 14 1 0.161931525873 0 4 
16 30 0.0 8 0 0 0 8 1 2 0.0946008402617 1 0 
16 30 0.0 11 2 1 0 20 14 2 1.89391934153e-16 4 0 
16 30 0.0 4 4 1 0 2 4 1 0.23072940021 0 2 
16 30 0.0 5 1 0 0 3 3 2 0.149680121503 1 1 
16 30 0.0 10 1 0 0 2 1 3 1.37453259588e-08 1 0 
16 30 0.0 13 1 2 0 9 6 2 0.0499095312959 2 1 
16 30 0.0 2 2 0 0 1 2 1 0.191772742987 0 1 
16 30 0.0 7 0 1 0 7 7 2 0.0945354264823 1 1 
16 30 0.0 12 1 0 0 16 4 2 2.34973411661e-09 2 0 
16 30 2.0 14 3 1 0 12 7 3 0.414037526456 3 0 
16 30 2.0 6 2 0 0 6 15 2 0.177065753895 1 2 
16 30 2.0 1 1 0 0 1 2 1 0.664843861456 0 1 
16 30 2.0 9 3 2 0 16 19 2 0.146806900445 1 4 
16 30 2.0 3 0 1 0 14 14 1 0.109509045719 0 4 
16 30 2.0 8 0 0 0 8 1 2 0.0532624109623 1 0 
16 30 2.0 11 2 1 0 20 14 2 0.00106795371783 4 0 
16 30 2.0 4 4 1 0 2 4 1 0.362412054028 0 2 
16 30 2.0 5 1 0 0 3 3 2 0.117776464239 1 1 
16 30 2.0 10 1 0 0 2 1 3 0.349082019797 1 0 
16 30 2.0 13 1 2 0 9 6 2 0.0494755767376 2 1 
16 30 2.0 2 2 0 0 1 2 1 0.270951784331 0 1 
16 30 2.0 7 0 1 0 7 7 2 0.0496539219233 1 1 
16 30 2.0 12 1 0 0 16 4 2 0.0591205002728 2 0 
16 31 0.0 14 3 1 0 12 7 3 4.54460609861e-22 3 0 
16 31 0.0 6 2 0 0 6 15 2 0.149587256264 1 2 
16 31 0.0 1 1 0 0 1 2 1 0.191267010816 0 1 
16 31 0.0 9 3 2 0 16 19 2 0.117426675021 1 4 
16 31 0.0 3 0 1 0 14 14 1 0.126113620495 0 4 
16 31 0.0 8 0 0 0 8 1 2 0.0651237633295 1 0 
16 31 0.0 11 2 1 0 20 14 2 1.0559468822e-17 4 0 
16 31 0.0 4 4 1 0 2 4 1 0.232290470103 0 2 
16 31 0.0 5 1 0 0 3 3 2 0.149650244986 1 1 
16 31 0.0 10 1 0 0 2 1 3 1.75718724283e-08 1 0 
16 31 0.0 13 1 2 0 9 6 2 0.0518656841749 2 1 
16 31 0.0 2 2 0 0 1 2 1 0.191362994162 0 1 
16 31 0.0 7 0 1 0 7 7 2 0.0650460553237 1 1 
16 31 0.0 12 1 0 0 16 4 2 2.84909383326e-12 2 0 
16 31 2.0 14 3 1 0 12 7 3 0.4123647713 3 0 
16 31 2.0 6 2 0 0 6 15 2 0.177036516181 1 2 
16 31 2.0 1 1 0 0 1 2 1 0.664836972917 0 1 
16 31 2.0 9 3 2 0 16 19 2 0.148575199591 1 4 
16 31 2.0 3 0 1 0 14 14 1 0.0917226592118 0 4 
16 31 2.0 8 0 0 0 8 1 2 0.053607411229 1 0 
16 31 2.0 11 2 1 0 20 14 2 0.00119608068862 4 0 
16 31 2.0 4 4 1 0 2 4 1 0.370532346213 0 2 
16 31 2.0 5 1 0 0 3 3 2 0.11777720907 1 1 
16 31 2.0 10 1 0 0 2 1 3 0.34908871026 1 0 
16 31 2.0 13 1 2 0 9 6 2 0.05104406418 2 1 
16 31 2.0 2 2 0 0 1 2 1 0.267958926718 0 1 
16 31 2.0 7 0 1 0 7 7 2 0.0499228120077 1 1 
16 31 2.0 12 1 0 0 16 4 2 0.0590830371953 2 0 
16 32 0.0 14 3 1 0 12 7 3 6.24586367697e-22 3 0 
16 32 0.0 6 2 0 0 6 15 2 0.149523592469 1 2 
16 32 0.0 1 1 0 0 1 2 1 0.191692464288 0 1 
16 32 0.0 9 3 2 0 16 19 2 0.117747145233 1 4 
16 32 0.0 3 0 1 0 14 14 1 0.229632143081 0 4 
16 32 0.0 8 0 0 0 8 1 2 0.0838617085819 1 0 
16 32 0.0 11 2 1 0 20 14 2 7.92197854915e-18 4 0 
16 32 0.0 4 4 1 0 2 4 1 0.231870116326 0 2 
16 32 0.0 5 1 0 0 3 3 2 0.149448626331 1 1 
16 32 0.0 10 1 0 0 2 1 3 5.73518011271e-08 1 0 
16 32 0.0 13 1 2 0 9 6 2 0.0513390903728 2 1 
16 32 0.0 2 2 0 0 1 2 1 0.191355669611 0 1 
16 32 0.0 7 0 1 0 7 7 2 0.0837514440074 1 1 
16 32 0.0 12 1 0 0 16 4 2 6.65365854313e-12 2 0 
16 32 2.0 14 3 1 0 12 7 3 0.414507239424 3 0 
16 32 2.0 6 2 0 0 6 15 2 0.177402797446 1 2 
16 32 2.0 1 1 0 0 1 2 1 0.664842395486 0 1 
16 32 2.0 9 3 2 0 16 19 2 0.144572145208 1 4 
16 32 2.0 3 0 1 0 14 14 1 0.122928081783 0 4 
16 32 2.0 8 0 0 0 8 1 2 0.0534831509342 1 0 
16 32 2.0 11 2 1 0 20 14 2 0.000776012697305 4 0 
16 32 2.0 4 4 1 0 2 4 1 0.358902079717 0 2 
16 32 2.0 5 1 0 0 3 3 2 0.11778686929 1 1 
16 32 2.0 10 1 0 0 2 1 3 0.349077349873 1 0 
16 32 2.0 13 1 2 0 9 6 2 0.0488846578473 2 1 
16 32 2.0 2 2 0 0 1 2 1 0.27287559871 0 1 
16 32 2.0 7 0 1 0 7 7 2 0.0507810306525 1 1 
16 32 2.0 12 1 0 0 16 4 2 0.0601394083926 2 0 
16 33 0.0 14 3 1 0 12 7 3 2.23905251602e-22 3 0 
16 33 0.0 6 2 0 0 6 15 2 0.149490807163 1 2 
16 33 0.0 1 1 0 0 1 2 1 0.191431687462 0 1 
16 33 0.0 9 3 2 0 16 19 2 0.117300049426 1 4 
16 33 0.0 3 0 1 0 14 14 1 0.167639701584 0 4 
16 33 0.0 8 0 0 0 8 1 2 0.0949593753693 1 0 
16 33 0.0 11 2 1 0 20 14 2 9.35896767881e-18 4 0 
16 33 0.0 4 4 1 0 2 4 1 0.232456800279 0 2 
16 33 0.0 5 1 0 0 3 3 2 0.149418078381 1 1 
16 33 0.0 10 1 0 0 2 1 3 3.54181707182e-08 1 0 
16 33 0.0 13 1 2 0 9 6 2 0.0520738056865 2 1 
16 33 0.0 2 2 0 0 1 2 1 0.191518851449 0 1 
16 33 0.0 7 0 1 0 7 7 2 0.0948620921279 1 1 
16 33 0.0 12 1 0 0 16 4 2 1.34118271527e-12 2 0 
16 33 2.0 14 3 1 0 12 7 3 0.404852775574 3 0 
16 33 2.0 6 2 0 0 6 15 2 0.184033310008 1 2 
16 33 2.0 1 1 0 0 1 2 1 0.664835657504 0 1 
16 33 2.0 9 3 2 0 16 19 2 0.13532293499 1 4 
16 33 2.0 3 0 1 0 14 14 1 0.10530227326 0 4 
16 33 2.0 8 0 0 0 8 1 2 0.0896967778282 1 0 
16 33 2.0 11 2 1 0 20 14 2 0.00142001244137 4 0 
16 33 2.0 4 4 1 0 2 4 1 0.385879923247 0 2 
16 33 2.0 5 1 0 0 3 3 2 0.117778280974 1 1 
16 33 2.0 10 1 0 0 2 1 3 0.349089435027 1 0 
16 33 2.0 13 1 2 0 9 6 2 0.046432485306 2 1 
16 33 2.0 2 2 0 0 1 2 1 0.268737609995 0 1 
16 33 2.0 7 0 1 0 7 7 2 0.0830692401982 1 1 
16 33 2.0 12 1 0 0 16 4 2 0.0747628994147 2 0 
16 34 0.0 14 3 1 0 12 7 3 1.15807738611e-21 3 0 
16 34 0.0 6 2 0 0 6 15 2 0.149832846802 1 2 
16 34 0.0 1 1 0 0 1 2 1 0.191327346894 0 1 
16 34 0.0 9 3 2 0 16 19 2 0.116419550923 1 4 
16 34 0.0 3 0 1 0 14 14 1 0.212911923752 0 4 
16 34 0.0 8 0 0 0 8 1 2 0.0874826620795 1 0 
16 34 0.0 11 2 1 0 20 14 2 7.36026932456e-20 4 0 
16 34 0.0 4 4 1 0 2 4 1 0.233613463818 0 2 
16 34 0.0 5 1 0 0 3 3 2 0.149768442966 1 1 
16 34 0.0 10 1 0 0 2 1 3 1.55441773169e-08 1 0 
16 34 0.0 13 1 2 0 9 6 2 0.053521241234 2 1 
16 34 0.0 2 2 0 0 1 2 1 0.191805369936 0 1 
16 34 0.0 7 0 1 0 7 7 2 0.0873197636829 1 1 
16 34 0.0 12 1 0 0 16 4 2 1.9911789855e-14 2 0 
16 34 2.0 14 3 1 0 12 7 3 0.412850597741 3 0 
16 34 2.0 6 2 0 0 6 15 2 0.180210394578 1 2 
16 34 2.0 1 1 0 0 1 2 1 0.66484800981 0 1 
16 34 2.0 9 3 2 0 16 19 2 0.137981282161 1 4 
16 34 2.0 3 0 1 0 14 14 1 0.150798603788 0 4 
16 34 2.0 8 0 0 0 8 1 2 0.0652976671934 1 0 
16 34 2.0 11 2 1 0 20 14 2 0.00130152427947 4 0 
16 34 2.0 4 4 1 0 2 4 1 0.360139642778 0 2 
16 34 2.0 5 1 0 0 3 3 2 0.117786743517 1 1 
16 34 2.0 10 1 0 0 2 1 3 0.349071610451 1 0 
16 34 2.0 13 1 2 0 9 6 2 0.0469442924727 2 1 
16 34 2.0 2 2 0 0 1 2 1 0.27612604957 0 1 
16 34 2.0 7 0 1 0 7 7 2 0.0599835060616 1 1 
16 34 2.0 12 1 0 0 16 4 2 0.0657633906209 2 0 
16 35 0.0 14 3 1 0 12 7 3 2.30501742422e-22 3 0 
16 35 0.0 6 2 0 0 6 15 2 0.149745257032 1 2 
16 35 0.0 1 1 0 0 1 2 1 0.191680285239 0 1 
16 35 0.0 9 3 2 0 16 19 2 0.117469666326 1 4 
16 35 0.0 3 0 1 0 14 14 1 0.132261221268 0 4 
16 35 0.0 8 0 0 0 8 1 2 0.0579730184292 1 0 
16 35 0.0 11 2 1 0 20 14 2 8.84194127673e-18 4 0 
16 35 0.0 4 4 1 0 2 4 1 0.232234012065 0 2 
16 35 0.0 5 1 0 0 3 3 2 0.149891149459 1 1 
16 35 0.0 10 1 0 0 2 1 3 8.67416434764e-09 1 0 
16 35 0.0 13 1 2 0 9 6 2 0.0517949433373 2 1 
16 35 0.0 2 2 0 0 1 2 1 0.191968171354 0 1 
16 35 0.0 7 0 1 0 7 7 2 0.0579282047434 1 1 
16 35 0.0 12 1 0 0 16 4 2 2.16884172086e-12 2 0 
16 35 2.0 14 3 1 0 12 7 3 0.405344960273 3 0 
16 35 2.0 6 2 0 0 6 15 2 0.181492366467 1 2 
16 35 2.0 1 1 0 0 1 2 1 0.664834489742 0 1 
16 35 2.0 9 3 2 0 16 19 2 0.141513374121 1 4 
16 35 2.0 3 0 1 0 14 14 1 0.0844545113652 0 4 
16 35 2.0 8 0 0 0 8 1 2 0.0755638528464 1 0 
16 35 2.0 11 2 1 0 20 14 2 0.00145846519787 4 0 
16 35 2.0 4 4 1 0 2 4 1 0.387731956589 0 2 
16 35 2.0 5 1 0 0 3 3 2 0.117784532444 1 1 
16 35 2.0 10 1 0 0 2 1 3 0.349086926684 1 0 
16 35 2.0 13 1 2 0 9 6 2 0.0483987682028 2 1 
16 35 2.0 2 2 0 0 1 2 1 0.265637755306 0 1 
16 35 2.0 7 0 1 0 7 7 2 0.0694232245896 1 1 
16 35 2.0 12 1 0 0 16 4 2 0.0680518507803 2 0 
16 36 0.0 14 3 1 0 12 7 3 7.77641436332e-22 3 0 
16 36 0.0 6 2 0 0 6 15 2 0.149477914208 1 2 
16 36 0.0 1 1 0 0 1 2 1 0.191357395835 0 1 
16 36 0.0 9 3 2 0 16 19 2 0.117377534824 1 4 
16 36 0.0 3 0 1 0 14 14 1 0.232129179648 0 4 
16 36 0.0 8 0 0 0 8 1 2 0.0823114915115 1 0 
16 36 0.0 11 2 1 0 20 14 2 2.944939325e-18 4 0 
16 36 0.0 4 4 1 0 2 4 1 0.232354965758 0 2 
16 36 0.0 5 1 0 0 3 3 2 0.149789121503 1 1 
16 36 0.0 10 1 0 0 2 1 3 1.15535198124e-08 1 0 
16 36 0.0 13 1 2 0 9 6 2 0.0519463840439 2 1 
16 36 0.0 2 2 0 0 1 2 1 0.191490990912 0 1 
16 36 0.0 7 0 1 0 7 7 2 0.0821983177428 1 1 
16 36 0.0 12 1 0 0 16 4 2 7.58103606477e-13 2 0 
16 36 2.0 14 3 1 0 12 7 3 0.413133647623 3 0 
16 36 2.0 6 2 0 0 6 15 2 0.178714083856 1 2 
16 36 2.0 1 1 0 0 1 2 1 0.664831807002 0 1 
16 36 2.0 9 3 2 0 16 19 2 0.142091871958 1 4 
16 36 2.0 3 0 1 0 14 14 1 0.132000928522 0 4 
16 36 2.0 8 0 0 0 8 1 2 0.058685006863 1 0 
16 36 2.0 11 2 1 0 20 14 2 0.000608484381462 4 0 
16 36 2.0 4 4 1 0 2 4 1 0.359906886612 0 2 
16 36 2.0 5 1 0 0 3 3 2 0.117779977243 1 1 
16 36 2.0 10 1 0 0 2 1 3 0.349092413629 1 0 
16 36 2.0 13 1 2 0 9 6 2 0.0475829524767 2 1 
16 36 2.0 2 2 0 0 1 2 1 0.273648980261 0 1 
16 36 2.0 7 0 1 0 7 7 2 0.056081298802 1 1 
16 36 2.0 12 1 0 0 16 4 2 0.0628640357405 2 0 
16 37 0.0 14 3 1 0 12 7 3 3.9589925594e-23 3 0 
16 37 0.0 6 2 0 0 6 15 2 0.149790441626 1 2 
16 37 0.0 1 1 0 0 1 2 1 0.191285732031 0 1 
16 37 0.0 9 3 2 0 16 19 2 0.118144485213 1 4 
16 37 0.0 3 0 1 0 14 14 1 0.156827980291 0 4 
16 37 0.0 8 0 0 0 8 1 2 0.0925498081999 1 0 
16 37 0.0 11 2 1 0 20 14 2 2.96725128512e-16 4 0 
16 37 0.0 4 4 1 0 2 4 1 0.231348385054 0 2 
16 37 0.0 5 1 0 0 3 3 2 0.149702597677 1 1 
16 37 0.0 10 1 0 0 2 1 3 2.02908188203e-08 1 0 
16 37 0.0 13 1 2 0 9 6 2 0.0506860291257 2 1 
16 37 0.0 2 2 0 0 1 2 1 0.191480827509 0 1 
16 37 0.0 7 0 1 0 7 7 2 0.0925756040881 1 1 
16 37 0.0 12 1 0 0 16 4 2 1.3374122211e-11 2 0 
16 37 2.0 14 3 1 0 12 7 3 0.412844086232 3 0 
16 37 2.0 6 2 0 0 6 15 2 0.177217378622 1 2 
16 37 2.0 1 1 0 0 1 2 1 0.664854604271 0 1 
16 37 2.0 9 3 2 0 16 19 2 0.147293189143 1 4 
16 37 2.0 3 0 1 0 14 14 1 0.103559515377 0 4 
16 37 2.0 8 0 0 0 8 1 2 0.0534699668988 1 0 
16 37 2.0 11 2 1 0 20 14 2 0.000518582932919 4 0 
16 37 2.0 4 4 1 0 2 4 1 0.365332941373 0 2 
16 37 2.0 5 1 0 0 3 3 2 0.117783938194 1 1 
16 37 2.0 10 1 0 0 2 1 3 0.349066449667 1 0 
16 37 2.0 13 1 2 0 9 6 2 0.0495973261029 2 1 
16 37 2.0 2 2 0 0 1 2 1 0.269511771109 0 1 
16 37 2.0 7 0 1 0 7 7 2 0.0515871611802 1 1 
16 37 2.0 12 1 0 0 16 4 2 0.0599244896881 2 0 
16 38 0.0 14 3 1 0 12 7 3 2.26462392158e-22 3 0 
16 38 0.0 6 2 0 0 6 15 2 0.149854231799 1 2 
16 38 0.0 1 1 0 0 1 2 1 0.191406122189 0 1 
16 38 0.0 9 3 2 0 16 19 2 0.118026750698 1 4 
16 38 0.0 3 0 1 0 14 14 1 0.241581059598 0 4 
16 38 0.0 8 0 0 0 8 1 2 0.0623356157095 1 0 
16 38 0.0 11 2 1 0 20 14 2 1.80907993222e-17 4 0 
16 38 0.0 4 4 1 0 2 4 1 0.231503740017 0 2 
16 38 0.0 5 1 0 0 3 3 2 0.149427857854 1 1 
16 38 0.0 10 1 0 0 2 1 3 3.47524093951e-08 1 0 
16 38 0.0 13 1 2 0 9 6 2 0.0508798128106 2 1 
16 38 0.0 2 2 0 0 1 2 1 0.191583166583 0 1 
16 38 0.0 7 0 1 0 7 7 2 0.062328310467 1 1 
16 38 0.0 12 1 0 0 16 4 2 1.64211201371e-11 2 0 
16 38 2.0 14 3 1 0 12 7 3 0.41334506769 3 0 
16 38 2.0 6 2 0 0 6 15 2 0.1790653645 1 2 
16 38 2.0 1 1 0 0 1 2 1 0.664836242337 0 1 
16 38 2.0 9 3 2 0 16 19 2 0.140864699076 1 4 
16 38 2.0 3 0 1 0 14 14 1 0.13780152555 0 4 
16 38 2.0 8 0 0 0 8 1 2 0.0592128764353 1 0 
16 38 2.0 11 2 1 0 20 14 2 0.000322069321456 4 0 
16 38 2.0 4 4 1 0 2 4 1 0.359445790972 0 2 
16 38 2.0 5 1 0 0 3 3 2 0.117779545509 1 1 
16 38 2.0 10 1 0 0 2 1 3 0.34908807748 1 0 
16 38 2.0 13 1 2 0 9 6 2 0.0475456005411 2 1 
16 38 2.0 2 2 0 0 1 2 1 0.274328062001 0 1 
16 38 2.0 7 0 1 0 7 7 2 0.057594585459 1 1 
16 38 2.0 12 1 0 0 16 4 2 0.0635760455805 2 0 
16 39 0.0 14 3 1 0 12 7 3 2.87347281968e-22 3 0 
16 39 0.0 6 2 0 0 6 15 2 0.149805535284 1 2 
16 39 0.0 1 1 0 0 1 2 1 0.191380325683 0 1 
16 39 0.0 9 3 2 0 16 19 2 0.117974268204 1 4 
16 39 0.0 3 0 1 0 14 14 1 0.167768224014 0 4 
16 39 0.0 8 0 0 0 8 1 2 0.0912231249887 1 0 
16 39 0.0 11 2 1 0 20 14 2 4.61689574319e-18 4 0 
16 39 0.0 4 4 1 0 2 4 1 0.231572464188 0 2 
16 39 0.0 5 1 0 0 3 3 2 0.149461017734 1 1 
16 39 0.0 10 1 0 0 2 1 3 3.49646285571e-08 1 0 
16 39 0.0 13 1 2 0 9 6 2 0.0509660343475 2 1 
16 39 0.0 2 2 0 0 1 2 1 0.191479370951 0 1 
16 39 0.0 7 0 1 0 7 7 2 0.0910785332386 1 1 
16 39 0.0 12 1 0 0 16 4 2 5.21805397077e-12 2 0 
16 39 2.0 14 3 1 0 12 7 3 0.405372002486 3 0 
16 39 2.0 6 2 0 0 6 15 2 0.182471005358 1 2 
16 39 2.0 1 1 0 0 1 2 1 0.664845549967 0 1 
16 39 2.0 9 3 2 0 16 19 2 0.139375074952 1 4 
16 39 2.0 3 0 1 0 14 14 1 0.0938718363609 0 4 
16 39 2.0 8 0 0 0 8 1 2 0.0790384778479 1 0 
16 39 2.0 11 2 1 0 20 14 2 0.000563528207907 4 0 
16 39 2.0 4 4 1 0 2 4 1 0.38532374637 0 2 
16 39 2.0 5 1 0 0 3 3 2 0.117776483506 1 1 
16 39 2.0 10 1 0 0 2 1 3 0.349080259786 1 0 
16 39 2.0 13 1 2 0 9 6 2 0.0471407541454 2 1 
16 39 2.0 2 2 0 0 1 2 1 0.266657310114 0 1 
16 39 2.0 7 0 1 0 7 7 2 0.0761372548257 1 1 
16 39 2.0 12 1 0 0 16 4 2 0.0705525223007 2 0 
16 40 0.0 14 3 1 0 12 7 3 1.90940841293e-23 3 0 
16 40 0.0 6 2 0 0 6 15 2 0.14970881917 1 2 
16 40 0.0 1 1 0 0 1 2 1 0.191748574636 0 1 
16 40 0.0 9 3 2 0 16 19 2 0.118266011832 1 4 
16 40 0.0 3 0 1 0 14 14 1 0.173741079518 0 4 
16 40 0.0 8 0 0 0 8 1 2 0.0923834553688 1 0 
16 40 0.0 11 2 1 0 20 14 2 1.91253334063e-17 4 0 
16 40 0.0 4 4 1 0 2 4 1 0.231189747652 0 2 
16 40 0.0 5 1 0 0 3 3 2 0.149477155969 1 1 
16 40 0.0 10 1 0 0 2 1 3 3.45803986195e-08 1 0 
16 40 0.0 13 1 2 0 9 6 2 0.050486203526 2 1 
16 40 0.0 2 2 0 0 1 2 1 0.191985976004 0 1 
16 40 0.0 7 0 1 0 7 7 2 0.0922524652646 1 1 
16 40 0.0 12 1 0 0 16 4 2 5.46871102225e-11 2 0 
16 40 2.0 14 3 1 0 12 7 3 0.414031994981 3 0 
16 40 2.0 6 2 0 0 6 15 2 0.177347956125 1 2 
16 40 2.0 1 1 0 0 1 2 1 0.664831142163 0 1 
16 40 2.0 9 3 2 0 16 19 2 0.145590595341 1 4 
16 40 2.0 3 0 1 0 14 14 1 0.115301137539 0 4 
16 40 2.0 8 0 0 0 8 1 2 0.0534517113351 1 0 
16 40 2.0 11 2 1 0 20 14 2 0.000466639163837 4 0 
16 40 2.0 4 4 1 0 2 4 1 0.361267041789 0 2 
16 40 2.0 5 1 0 0 3 3 2 0.117783218232 1 1 
16 40 2.0 10 1 0 0 2 1 3 0.34909117478 1 0 
16 40 2.0 13 1 2 0 9 6 2 0.0491690146607 2 1 
16 40 2.0 2 2 0 0 1 2 1 0.271536389233 0 1 
16 40 2.0 7 0 1 0 7 7 2 0.0515901071392 1 1 
16 40 2.0 12 1 0 0 16 4 2 0.0600337836392 2 0 
