144 1 0.0 20 9 1 0 21 18 3 1.818071298e-48 4 1 
144 1 0.0 21 9 0 0 6 4 4 8.9413374858e-78 2 0 
144 1 0.0 22 5 0 0 4 1 4 9.0181224995e-78 1 0 
144 1 0.0 1 6 1 0 14 12 1 0.183553520059 0 4 
144 1 0.0 3 7 0 0 16 12 1 0.18743283396 0 4 
144 1 0.0 2 8 0 0 9 12 1 0.200793672627 0 3 
144 1 0.0 5 3 1 0 15 7 2 0.0470738195574 1 3 
144 1 0.0 4 0 0 0 1 2 1 0.191683256025 0 1 
144 1 0.0 7 6 0 0 18 18 2 0.0945866979658 2 2 
144 1 0.0 6 7 0 0 18 22 2 0.0945869736937 2 2 
144 1 0.0 9 0 0 0 8 1 2 0.0456934157167 1 0 
144 1 0.0 8 11 0 0 30 28 2 0.0918150993809 2 4 
144 1 0.0 11 0 0 0 2 1 2 0.149381478014 1 0 
144 1 0.0 10 6 2 0 13 17 2 0.0450404628129 1 3 
144 1 0.0 13 0 1 0 12 2 2 7.42248259813e-26 2 0 
144 1 0.0 12 2 0 0 7 5 3 3.20656347494e-67 1 1 
144 1 0.0 15 4 2 0 6 15 3 8.98288896032e-59 1 2 
144 1 0.0 14 1 0 0 6 1 3 1.05022042272e-65 1 0 
144 1 0.0 17 2 0 0 8 1 3 1.16653046364e-52 1 0 
144 1 0.0 16 4 0 0 12 4 3 1.3619521889e-36 2 0 
144 1 0.0 19 17 1 0 28 29 3 3.47693513139e-44 5 2 
144 1 0.0 18 1 0 0 10 4 2 3.2154126444e-31 2 0 
144 1 2.0 20 9 1 0 21 18 3 3.77565599648e-13 4 1 
144 1 2.0 21 9 0 0 6 4 4 4.76145895305e-46 2 0 
144 1 2.0 22 5 0 0 4 1 4 4.01320992676e-46 1 0 
144 1 2.0 1 6 1 0 14 12 1 0.110750783289 0 4 
144 1 2.0 3 7 0 0 16 12 1 0.0862626004456 0 4 
144 1 2.0 2 8 0 0 9 12 1 0.128446400184 0 3 
144 1 2.0 5 3 1 0 15 7 2 0.0460079699457 1 3 
144 1 2.0 4 0 0 0 1 2 1 0.126393515359 0 1 
144 1 2.0 7 6 0 0 18 18 2 0.0807383783512 2 2 
144 1 2.0 6 7 0 0 18 22 2 0.151460866412 2 2 
144 1 2.0 9 0 0 0 8 1 2 0.048916332402 1 0 
144 1 2.0 8 11 0 0 30 28 2 0.0798416599767 2 4 
144 1 2.0 11 0 0 0 2 1 2 0.179825144749 1 0 
144 1 2.0 10 6 2 0 13 17 2 0.0487760806384 1 3 
144 1 2.0 13 0 1 0 12 2 2 2.59585534581e-21 2 0 
144 1 2.0 12 2 0 0 7 5 3 2.47840490276e-43 1 1 
144 1 2.0 15 4 2 0 6 15 3 2.17352114038e-21 1 2 
144 1 2.0 14 1 0 0 6 1 3 3.7817769662e-40 1 0 
144 1 2.0 17 2 0 0 8 1 3 9.68491278691e-28 1 0 
144 1 2.0 16 4 0 0 12 4 3 0.0147400752854 2 0 
144 1 2.0 19 17 1 0 28 29 3 4.99998732804e-12 5 2 
144 1 2.0 18 1 0 0 10 4 2 9.92530126659e-27 2 0 
144 2 0.0 20 9 1 0 21 18 3 4.66208049899e-49 4 1 
144 2 0.0 21 9 0 0 6 4 4 9.62654887815e-78 2 0 
144 2 0.0 22 5 0 0 4 1 4 5.28614277255e-78 1 0 
144 2 0.0 1 6 1 0 14 12 1 0.164880756799 0 4 
144 2 0.0 3 7 0 0 16 12 1 0.159532254329 0 4 
144 2 0.0 2 8 0 0 9 12 1 0.178798413784 0 3 
144 2 0.0 5 3 1 0 15 7 2 0.0478443046078 1 3 
144 2 0.0 4 0 0 0 1 2 1 0.191545950002 0 1 
144 2 0.0 7 6 0 0 18 18 2 0.0965147817571 2 2 
144 2 0.0 6 7 0 0 18 22 2 0.096515139701 2 2 
144 2 0.0 9 0 0 0 8 1 2 0.0480546477186 1 0 
144 2 0.0 8 11 0 0 30 28 2 0.0940888881973 2 4 
144 2 0.0 11 0 0 0 2 1 2 0.14931281499 1 0 
144 2 0.0 10 6 2 0 13 17 2 0.0473898235217 1 3 
144 2 0.0 13 0 1 0 12 2 2 5.90082075218e-25 2 0 
144 2 0.0 12 2 0 0 7 5 3 5.98572069964e-68 1 1 
144 2 0.0 15 4 2 0 6 15 3 9.46053748257e-59 1 2 
144 2 0.0 14 1 0 0 6 1 3 7.54774480998e-67 1 0 
144 2 0.0 17 2 0 0 8 1 3 6.86418198677e-52 1 0 
144 2 0.0 16 4 0 0 12 4 3 4.92009272546e-37 2 0 
144 2 0.0 19 17 1 0 28 29 3 1.8350722271e-45 5 2 
144 2 0.0 18 1 0 0 10 4 2 8.7494698571e-31 2 0 
144 2 2.0 20 9 1 0 21 18 3 2.71711324904e-12 4 1 
144 2 2.0 21 9 0 0 6 4 4 6.7922385706e-46 2 0 
144 2 2.0 22 5 0 0 4 1 4 2.2155809841e-46 1 0 
144 2 2.0 1 6 1 0 14 12 1 0.090855061976 0 4 
144 2 2.0 3 7 0 0 16 12 1 0.106792800899 0 4 
144 2 2.0 2 8 0 0 9 12 1 0.114887174461 0 3 
144 2 2.0 5 3 1 0 15 7 2 0.0489108961078 1 3 
144 2 2.0 4 0 0 0 1 2 1 0.126080508919 0 1 
144 2 2.0 7 6 0 0 18 18 2 0.0868523169263 2 2 
144 2 2.0 6 7 0 0 18 22 2 0.164524432962 2 2 
144 2 2.0 9 0 0 0 8 1 2 0.0645209197681 1 0 
144 2 2.0 8 11 0 0 30 28 2 0.0958813880483 2 4 
144 2 2.0 11 0 0 0 2 1 2 0.179821865258 1 0 
144 2 2.0 10 6 2 0 13 17 2 0.0640801023562 1 3 
144 2 2.0 13 0 1 0 12 2 2 5.51606419747e-19 2 0 
144 2 2.0 12 2 0 0 7 5 3 3.64426263527e-38 1 1 
144 2 2.0 15 4 2 0 6 15 3 3.43845374791e-26 1 2 
144 2 2.0 14 1 0 0 6 1 3 3.97401268055e-35 1 0 
144 2 2.0 17 2 0 0 8 1 3 1.78137252798e-15 1 0 
144 2 2.0 16 4 0 0 12 4 3 0.0165664146304 2 0 
144 2 2.0 19 17 1 0 28 29 3 4.41979841098e-12 5 2 
144 2 2.0 18 1 0 0 10 4 2 1.55875635904e-26 2 0 
144 3 0.0 20 9 1 0 21 18 3 8.53478101808e-48 4 1 
144 3 0.0 21 9 0 0 6 4 4 1.53247392215e-77 2 0 
144 3 0.0 22 5 0 0 4 1 4 1.18137889896e-77 1 0 
144 3 0.0 1 6 1 0 14 12 1 0.165072188579 0 4 
144 3 0.0 3 7 0 0 16 12 1 0.163248798557 0 4 
144 3 0.0 2 8 0 0 9 12 1 0.17980928013 0 3 
144 3 0.0 5 3 1 0 15 7 2 0.0487915921343 1 3 
144 3 0.0 4 0 0 0 1 2 1 0.191805245548 0 1 
144 3 0.0 7 6 0 0 18 18 2 0.0977376227998 2 2 
144 3 0.0 6 7 0 0 18 22 2 0.0977380185314 2 2 
144 3 0.0 9 0 0 0 8 1 2 0.0497296068378 1 0 
144 3 0.0 8 11 0 0 30 28 2 0.097634591899 2 4 
144 3 0.0 11 0 0 0 2 1 2 0.149425111221 1 0 
144 3 0.0 10 6 2 0 13 17 2 0.0493353846501 1 3 
144 3 0.0 13 0 1 0 12 2 2 1.23344709654e-25 2 0 
144 3 0.0 12 2 0 0 7 5 3 1.88444252267e-67 1 1 
144 3 0.0 15 4 2 0 6 15 3 4.66798929564e-56 1 2 
144 3 0.0 14 1 0 0 6 1 3 7.34137639132e-65 1 0 
144 3 0.0 17 2 0 0 8 1 3 7.08727220745e-53 1 0 
144 3 0.0 16 4 0 0 12 4 3 2.50076289645e-37 2 0 
144 3 0.0 19 17 1 0 28 29 3 3.83342672329e-46 5 2 
144 3 0.0 18 1 0 0 10 4 2 9.42204056666e-31 2 0 
144 3 2.0 20 9 1 0 21 18 3 1.88956908111e-13 4 1 
144 3 2.0 21 9 0 0 6 4 4 4.4957514868e-46 2 0 
144 3 2.0 22 5 0 0 4 1 4 3.25585917647e-46 1 0 
144 3 2.0 1 6 1 0 14 12 1 0.130240798108 0 4 
144 3 2.0 3 7 0 0 16 12 1 0.126190716883 0 4 
144 3 2.0 2 8 0 0 9 12 1 0.162038170318 0 3 
144 3 2.0 5 3 1 0 15 7 2 0.043261141332 1 3 
144 3 2.0 4 0 0 0 1 2 1 0.126091419775 0 1 
144 3 2.0 7 6 0 0 18 18 2 0.0744061500068 2 2 
144 3 2.0 6 7 0 0 18 22 2 0.165377866927 2 2 
144 3 2.0 9 0 0 0 8 1 2 0.0546539569458 1 0 
144 3 2.0 8 11 0 0 30 28 2 0.0803632804251 2 4 
144 3 2.0 11 0 0 0 2 1 2 0.179830244367 1 0 
144 3 2.0 10 6 2 0 13 17 2 0.0540050360313 1 3 
144 3 2.0 13 0 1 0 12 2 2 1.49058677112e-20 2 0 
144 3 2.0 12 2 0 0 7 5 3 4.89442842827e-37 1 1 
144 3 2.0 15 4 2 0 6 15 3 1.20877196629e-29 1 2 
144 3 2.0 14 1 0 0 6 1 3 6.29124945125e-36 1 0 
144 3 2.0 17 2 0 0 8 1 3 1.6974606044e-19 1 0 
144 3 2.0 16 4 0 0 12 4 3 0.0165505161892 2 0 
144 3 2.0 19 17 1 0 28 29 3 4.49636673329e-13 5 2 
144 3 2.0 18 1 0 0 10 4 2 2.12745578411e-27 2 0 
144 4 0.0 20 9 1 0 21 18 3 6.82333192065e-49 4 1 
144 4 0.0 21 9 0 0 6 4 4 1.07239716856e-77 2 0 
144 4 0.0 22 5 0 0 4 1 4 7.20352339476e-78 1 0 
144 4 0.0 1 6 1 0 14 12 1 0.166446601061 0 4 
144 4 0.0 3 7 0 0 16 12 1 0.16571207881 0 4 
144 4 0.0 2 8 0 0 9 12 1 0.181987670644 0 3 
144 4 0.0 5 3 1 0 15 7 2 0.0470596245669 1 3 
144 4 0.0 4 0 0 0 1 2 1 0.191644408683 0 1 
144 4 0.0 7 6 0 0 18 18 2 0.0930725687022 2 2 
144 4 0.0 6 7 0 0 18 22 2 0.0930731216368 2 2 
144 4 0.0 9 0 0 0 8 1 2 0.0459666523883 1 0 
144 4 0.0 8 11 0 0 30 28 2 0.0918105564529 2 4 
144 4 0.0 11 0 0 0 2 1 2 0.149334720254 1 0 
144 4 0.0 10 6 2 0 13 17 2 0.0445201609983 1 3 
144 4 0.0 13 0 1 0 12 2 2 2.35636335891e-24 2 0 
144 4 0.0 12 2 0 0 7 5 3 8.05851122176e-61 1 1 
144 4 0.0 15 4 2 0 6 15 3 1.38833523929e-62 1 2 
144 4 0.0 14 1 0 0 6 1 3 4.23630541368e-60 1 0 
144 4 0.0 17 2 0 0 8 1 3 8.00363223818e-41 1 0 
144 4 0.0 16 4 0 0 12 4 3 3.93139569044e-33 2 0 
144 4 0.0 19 17 1 0 28 29 3 2.93747565631e-47 5 2 
144 4 0.0 18 1 0 0 10 4 2 7.23235451765e-31 2 0 
144 4 2.0 20 9 1 0 21 18 3 2.05208531371e-13 4 1 
144 4 2.0 21 9 0 0 6 4 4 8.29023694801e-46 2 0 
144 4 2.0 22 5 0 0 4 1 4 3.21619464864e-46 1 0 
144 4 2.0 1 6 1 0 14 12 1 0.101096566567 0 4 
144 4 2.0 3 7 0 0 16 12 1 0.129514592004 0 4 
144 4 2.0 2 8 0 0 9 12 1 0.127472947408 0 3 
144 4 2.0 5 3 1 0 15 7 2 0.0530400542426 1 3 
144 4 2.0 4 0 0 0 1 2 1 0.12639022132 0 1 
144 4 2.0 7 6 0 0 18 18 2 0.0975169627031 2 2 
144 4 2.0 6 7 0 0 18 22 2 0.180760590291 2 2 
144 4 2.0 9 0 0 0 8 1 2 0.0791479480638 1 0 
144 4 2.0 8 11 0 0 30 28 2 0.114971553144 2 4 
144 4 2.0 11 0 0 0 2 1 2 0.180682862022 1 0 
144 4 2.0 10 6 2 0 13 17 2 0.0789026579102 1 3 
144 4 2.0 13 0 1 0 12 2 2 2.50210863017e-21 2 0 
144 4 2.0 12 2 0 0 7 5 3 2.08410594274e-41 1 1 
144 4 2.0 15 4 2 0 6 15 3 1.34771979431e-21 1 2 
144 4 2.0 14 1 0 0 6 1 3 1.82083516478e-39 1 0 
144 4 2.0 17 2 0 0 8 1 3 1.04049866054e-22 1 0 
144 4 2.0 16 4 0 0 12 4 3 0.0134983301562 2 0 
144 4 2.0 19 17 1 0 28 29 3 7.09542318863e-13 5 2 
144 4 2.0 18 1 0 0 10 4 2 1.23981885679e-26 2 0 
144 5 0.0 20 9 1 0 21 18 3 2.32643963916e-49 4 1 
144 5 0.0 21 9 0 0 6 4 4 1.694213549e-77 2 0 
144 5 0.0 22 5 0 0 4 1 4 5.36255980824e-78 1 0 
144 5 0.0 1 6 1 0 14 12 1 0.164841750869 0 4 
144 5 0.0 3 7 0 0 16 12 1 0.163649412556 0 4 
144 5 0.0 2 8 0 0 9 12 1 0.179838287781 0 3 
144 5 0.0 5 3 1 0 15 7 2 0.0490428555988 1 3 
144 5 0.0 4 0 0 0 1 2 1 0.19172447739 0 1 
144 5 0.0 7 6 0 0 18 18 2 0.0970865125067 2 2 
144 5 0.0 6 7 0 0 18 22 2 0.0970866158899 2 2 
144 5 0.0 9 0 0 0 8 1 2 0.0487530668535 1 0 
144 5 0.0 8 11 0 0 30 28 2 0.0963551776477 2 4 
144 5 0.0 11 0 0 0 2 1 2 0.149345206232 1 0 
144 5 0.0 10 6 2 0 13 17 2 0.0470550903823 1 3 
144 5 0.0 13 0 1 0 12 2 2 4.98583404792e-23 2 0 
144 5 0.0 12 2 0 0 7 5 3 3.55684621266e-62 1 1 
144 5 0.0 15 4 2 0 6 15 3 5.4089903582e-63 1 2 
144 5 0.0 14 1 0 0 6 1 3 1.44325590879e-60 1 0 
144 5 0.0 17 2 0 0 8 1 3 2.51505029963e-42 1 0 
144 5 0.0 16 4 0 0 12 4 3 9.17874140397e-32 2 0 
144 5 0.0 19 17 1 0 28 29 3 3.45840006778e-46 5 2 
144 5 0.0 18 1 0 0 10 4 2 1.48639788e-30 2 0 
144 5 2.0 20 9 1 0 21 18 3 1.1778068715e-12 4 1 
144 5 2.0 21 9 0 0 6 4 4 7.56368097065e-46 2 0 
144 5 2.0 22 5 0 0 4 1 4 3.87440683481e-46 1 0 
144 5 2.0 1 6 1 0 14 12 1 0.124155065772 0 4 
144 5 2.0 3 7 0 0 16 12 1 0.168427667064 0 4 
144 5 2.0 2 8 0 0 9 12 1 0.170253604572 0 3 
144 5 2.0 5 3 1 0 15 7 2 0.0502717014692 1 3 
144 5 2.0 4 0 0 0 1 2 1 0.126667521692 0 1 
144 5 2.0 7 6 0 0 18 18 2 0.0864005354014 2 2 
144 5 2.0 6 7 0 0 18 22 2 0.157289026935 2 2 
144 5 2.0 9 0 0 0 8 1 2 0.0533393663803 1 0 
144 5 2.0 8 11 0 0 30 28 2 0.0883954802792 2 4 
144 5 2.0 11 0 0 0 2 1 2 0.180763148191 1 0 
144 5 2.0 10 6 2 0 13 17 2 0.053171721345 1 3 
144 5 2.0 13 0 1 0 12 2 2 2.7148254734e-22 2 0 
144 5 2.0 12 2 0 0 7 5 3 2.19622406865e-41 1 1 
144 5 2.0 15 4 2 0 6 15 3 1.73919717138e-21 1 2 
144 5 2.0 14 1 0 0 6 1 3 4.67940455866e-41 1 0 
144 5 2.0 17 2 0 0 8 1 3 2.44094580914e-27 1 0 
144 5 2.0 16 4 0 0 12 4 3 0.0198528464804 2 0 
144 5 2.0 19 17 1 0 28 29 3 9.35775831462e-11 5 2 
144 5 2.0 18 1 0 0 10 4 2 7.13599869328e-27 2 0 
144 6 0.0 20 9 1 0 21 18 3 3.25453313401e-49 4 1 
144 6 0.0 21 9 0 0 6 4 4 1.03246692033e-77 2 0 
144 6 0.0 22 5 0 0 4 1 4 4.48072049289e-78 1 0 
144 6 0.0 1 6 1 0 14 12 1 0.165851303707 0 4 
144 6 0.0 3 7 0 0 16 12 1 0.15818310809 0 4 
144 6 0.0 2 8 0 0 9 12 1 0.179765316383 0 3 
144 6 0.0 5 3 1 0 15 7 2 0.0448369196722 1 3 
144 6 0.0 4 0 0 0 1 2 1 0.191768687755 0 1 
144 6 0.0 7 6 0 0 18 18 2 0.089782495875 2 2 
144 6 0.0 6 7 0 0 18 22 2 0.08978257988 2 2 
144 6 0.0 9 0 0 0 8 1 2 0.0433618479393 1 0 
144 6 0.0 8 11 0 0 30 28 2 0.0869238591671 2 4 
144 6 0.0 11 0 0 0 2 1 2 0.149700858499 1 0 
144 6 0.0 10 6 2 0 13 17 2 0.043057227308 1 3 
144 6 0.0 13 0 1 0 12 2 2 6.69010104235e-26 2 0 
144 6 0.0 12 2 0 0 7 5 3 7.73926884503e-67 1 1 
144 6 0.0 15 4 2 0 6 15 3 2.8004457119e-55 1 2 
144 6 0.0 14 1 0 0 6 1 3 5.77239625499e-66 1 0 
144 6 0.0 17 2 0 0 8 1 3 2.3160771146e-54 1 0 
144 6 0.0 16 4 0 0 12 4 3 4.59747874314e-35 2 0 
144 6 0.0 19 17 1 0 28 29 3 3.15322520954e-44 5 2 
144 6 0.0 18 1 0 0 10 4 2 1.06098732393e-30 2 0 
144 6 2.0 20 9 1 0 21 18 3 2.7802044388e-14 4 1 
144 6 2.0 21 9 0 0 6 4 4 6.77339587914e-46 2 0 
144 6 2.0 22 5 0 0 4 1 4 3.08302382346e-46 1 0 
144 6 2.0 1 6 1 0 14 12 1 0.122121766695 0 4 
144 6 2.0 3 7 0 0 16 12 1 0.13407019405 0 4 
144 6 2.0 2 8 0 0 9 12 1 0.148860826163 0 3 
144 6 2.0 5 3 1 0 15 7 2 0.0514745255193 1 3 
144 6 2.0 4 0 0 0 1 2 1 0.127647628741 0 1 
144 6 2.0 7 6 0 0 18 18 2 0.0936531817236 2 2 
144 6 2.0 6 7 0 0 18 22 2 0.174259168776 2 2 
144 6 2.0 9 0 0 0 8 1 2 0.0620807717997 1 0 
144 6 2.0 8 11 0 0 30 28 2 0.0971165510592 2 4 
144 6 2.0 11 0 0 0 2 1 2 0.179405416508 1 0 
144 6 2.0 10 6 2 0 13 17 2 0.0613089169734 1 3 
144 6 2.0 13 0 1 0 12 2 2 1.52604248089e-21 2 0 
144 6 2.0 12 2 0 0 7 5 3 3.15026100843e-40 1 1 
144 6 2.0 15 4 2 0 6 15 3 1.01837453262e-29 1 2 
144 6 2.0 14 1 0 0 6 1 3 7.25240142907e-39 1 0 
144 6 2.0 17 2 0 0 8 1 3 1.59698377107e-20 1 0 
144 6 2.0 16 4 0 0 12 4 3 0.0122873501909 2 0 
144 6 2.0 19 17 1 0 28 29 3 8.79959161818e-14 5 2 
144 6 2.0 18 1 0 0 10 4 2 4.47281188431e-27 2 0 
144 7 0.0 20 9 1 0 21 18 3 3.41104083256e-50 4 1 
144 7 0.0 21 9 0 0 6 4 4 1.21889111777e-77 2 0 
144 7 0.0 22 5 0 0 4 1 4 1.18517837823e-77 1 0 
144 7 0.0 1 6 1 0 14 12 1 0.168227862679 0 4 
144 7 0.0 3 7 0 0 16 12 1 0.164081210844 0 4 
144 7 0.0 2 8 0 0 9 12 1 0.182906054311 0 3 
144 7 0.0 5 3 1 0 15 7 2 0.0463042438192 1 3 
144 7 0.0 4 0 0 0 1 2 1 0.191309392797 0 1 
144 7 0.0 7 6 0 0 18 18 2 0.0929746233586 2 2 
144 7 0.0 6 7 0 0 18 22 2 0.0929748027191 2 2 
144 7 0.0 9 0 0 0 8 1 2 0.0459972159263 1 0 
144 7 0.0 8 11 0 0 30 28 2 0.0907251268671 2 4 
144 7 0.0 11 0 0 0 2 1 2 0.149347809128 1 0 
144 7 0.0 10 6 2 0 13 17 2 0.0449246744534 1 3 
144 7 0.0 13 0 1 0 12 2 2 1.02209284611e-25 2 0 
144 7 0.0 12 2 0 0 7 5 3 1.56440868832e-67 1 1 
144 7 0.0 15 4 2 0 6 15 3 6.54241085199e-61 1 2 
144 7 0.0 14 1 0 0 6 1 3 3.45336792632e-66 1 0 
144 7 0.0 17 2 0 0 8 1 3 1.31313836214e-53 1 0 
144 7 0.0 16 4 0 0 12 4 3 6.20452230535e-36 2 0 
144 7 0.0 19 17 1 0 28 29 3 2.42089816106e-47 5 2 
144 7 0.0 18 1 0 0 10 4 2 2.13061724141e-30 2 0 
144 7 2.0 20 9 1 0 21 18 3 4.90136724697e-16 4 1 
144 7 2.0 21 9 0 0 6 4 4 8.44007220963e-46 2 0 
144 7 2.0 22 5 0 0 4 1 4 4.11572837685e-46 1 0 
144 7 2.0 1 6 1 0 14 12 1 0.137029370512 0 4 
144 7 2.0 3 7 0 0 16 12 1 0.124224792273 0 4 
144 7 2.0 2 8 0 0 9 12 1 0.16888409196 0 3 
144 7 2.0 5 3 1 0 15 7 2 0.0522721425713 1 3 
144 7 2.0 4 0 0 0 1 2 1 0.126940191826 0 1 
144 7 2.0 7 6 0 0 18 18 2 0.0999007472652 2 2 
144 7 2.0 6 7 0 0 18 22 2 0.16915921296 2 2 
144 7 2.0 9 0 0 0 8 1 2 0.0712932963642 1 0 
144 7 2.0 8 11 0 0 30 28 2 0.107121381465 2 4 
144 7 2.0 11 0 0 0 2 1 2 0.179709856697 1 0 
144 7 2.0 10 6 2 0 13 17 2 0.0707753899965 1 3 
144 7 2.0 13 0 1 0 12 2 2 4.05387865826e-22 2 0 
144 7 2.0 12 2 0 0 7 5 3 2.86101861079e-45 1 1 
144 7 2.0 15 4 2 0 6 15 3 1.20591782668e-26 1 2 
144 7 2.0 14 1 0 0 6 1 3 1.16513689758e-44 1 0 
144 7 2.0 17 2 0 0 8 1 3 1.57746706234e-31 1 0 
144 7 2.0 16 4 0 0 12 4 3 0.0190880308068 2 0 
144 7 2.0 19 17 1 0 28 29 3 2.1412433069e-14 5 2 
144 7 2.0 18 1 0 0 10 4 2 1.19567801494e-26 2 0 
144 8 0.0 20 9 1 0 21 18 3 1.40178138649e-49 4 1 
144 8 0.0 21 9 0 0 6 4 4 2.21671830889e-77 2 0 
144 8 0.0 22 5 0 0 4 1 4 9.25100962359e-78 1 0 
144 8 0.0 1 6 1 0 14 12 1 0.15500712393 0 4 
144 8 0.0 3 7 0 0 16 12 1 0.151638516876 0 4 
144 8 0.0 2 8 0 0 9 12 1 0.169157667991 0 3 
144 8 0.0 5 3 1 0 15 7 2 0.0485065222633 1 3 
144 8 0.0 4 0 0 0 1 2 1 0.191173065427 0 1 
144 8 0.0 7 6 0 0 18 18 2 0.0956163388875 2 2 
144 8 0.0 6 7 0 0 18 22 2 0.0956164104382 2 2 
144 8 0.0 9 0 0 0 8 1 2 0.0472419757131 1 0 
144 8 0.0 8 11 0 0 30 28 2 0.0945735689262 2 4 
144 8 0.0 11 0 0 0 2 1 2 0.149462995126 1 0 
144 8 0.0 10 6 2 0 13 17 2 0.0466969089914 1 3 
144 8 0.0 13 0 1 0 12 2 2 9.504641568e-24 2 0 
144 8 0.0 12 2 0 0 7 5 3 7.6452777556e-60 1 1 
144 8 0.0 15 4 2 0 6 15 3 1.09137830786e-57 1 2 
144 8 0.0 14 1 0 0 6 1 3 5.02137202986e-59 1 0 
144 8 0.0 17 2 0 0 8 1 3 1.85621850395e-40 1 0 
144 8 0.0 16 4 0 0 12 4 3 8.85008377282e-32 2 0 
144 8 0.0 19 17 1 0 28 29 3 4.67832992716e-47 5 2 
144 8 0.0 18 1 0 0 10 4 2 6.85883972488e-31 2 0 
144 8 2.0 20 9 1 0 21 18 3 4.85396824351e-14 4 1 
144 8 2.0 21 9 0 0 6 4 4 7.65001326803e-46 2 0 
144 8 2.0 22 5 0 0 4 1 4 3.9219401195e-46 1 0 
144 8 2.0 1 6 1 0 14 12 1 0.114572051429 0 4 
144 8 2.0 3 7 0 0 16 12 1 0.146685561029 0 4 
144 8 2.0 2 8 0 0 9 12 1 0.1439437614 0 3 
144 8 2.0 5 3 1 0 15 7 2 0.0549532087716 1 3 
144 8 2.0 4 0 0 0 1 2 1 0.127596883581 0 1 
144 8 2.0 7 6 0 0 18 18 2 0.100991558076 2 2 
144 8 2.0 6 7 0 0 18 22 2 0.185777883326 2 2 
144 8 2.0 9 0 0 0 8 1 2 0.0716218049169 1 0 
144 8 2.0 8 11 0 0 30 28 2 0.109820693224 2 4 
144 8 2.0 11 0 0 0 2 1 2 0.180201934002 1 0 
144 8 2.0 10 6 2 0 13 17 2 0.0711575023245 1 3 
144 8 2.0 13 0 1 0 12 2 2 7.00571583457e-21 2 0 
144 8 2.0 12 2 0 0 7 5 3 1.88723655412e-42 1 1 
144 8 2.0 15 4 2 0 6 15 3 8.78147922223e-26 1 2 
144 8 2.0 14 1 0 0 6 1 3 1.36113987807e-39 1 0 
144 8 2.0 17 2 0 0 8 1 3 1.12231319925e-23 1 0 
144 8 2.0 16 4 0 0 12 4 3 0.0126088426885 2 0 
144 8 2.0 19 17 1 0 28 29 3 3.89695150035e-14 5 2 
144 8 2.0 18 1 0 0 10 4 2 1.94007958707e-26 2 0 
144 9 0.0 20 9 1 0 21 18 3 1.00925432141e-48 4 1 
144 9 0.0 21 9 0 0 6 4 4 1.07394701436e-77 2 0 
144 9 0.0 22 5 0 0 4 1 4 1.18741842189e-77 1 0 
144 9 0.0 1 6 1 0 14 12 1 0.173369198756 0 4 
144 9 0.0 3 7 0 0 16 12 1 0.168414757885 0 4 
144 9 0.0 2 8 0 0 9 12 1 0.188568448624 0 3 
144 9 0.0 5 3 1 0 15 7 2 0.0434439211293 1 3 
144 9 0.0 4 0 0 0 1 2 1 0.191534870631 0 1 
144 9 0.0 7 6 0 0 18 18 2 0.0867860553617 2 2 
144 9 0.0 6 7 0 0 18 22 2 0.0867863281766 2 2 
144 9 0.0 9 0 0 0 8 1 2 0.0430214982473 1 0 
144 9 0.0 8 11 0 0 30 28 2 0.0862084256189 2 4 
144 9 0.0 11 0 0 0 2 1 2 0.149307057426 1 0 
144 9 0.0 10 6 2 0 13 17 2 0.0425364872172 1 3 
144 9 0.0 13 0 1 0 12 2 2 7.75522207317e-26 2 0 
144 9 0.0 12 2 0 0 7 5 3 5.8207752309e-63 1 1 
144 9 0.0 15 4 2 0 6 15 3 1.43917693074e-57 1 2 
144 9 0.0 14 1 0 0 6 1 3 2.55065925309e-62 1 0 
144 9 0.0 17 2 0 0 8 1 3 4.95555930952e-49 1 0 
144 9 0.0 16 4 0 0 12 4 3 3.58724546946e-35 2 0 
144 9 0.0 19 17 1 0 28 29 3 1.53154746278e-46 5 2 
144 9 0.0 18 1 0 0 10 4 2 1.71603268075e-31 2 0 
144 9 2.0 20 9 1 0 21 18 3 2.35859984468e-14 4 1 
144 9 2.0 21 9 0 0 6 4 4 6.65992535779e-46 2 0 
144 9 2.0 22 5 0 0 4 1 4 3.59784328327e-46 1 0 
144 9 2.0 1 6 1 0 14 12 1 0.120456305442 0 4 
144 9 2.0 3 7 0 0 16 12 1 0.133844223337 0 4 
144 9 2.0 2 8 0 0 9 12 1 0.147307685838 0 3 
144 9 2.0 5 3 1 0 15 7 2 0.0578612470221 1 3 
144 9 2.0 4 0 0 0 1 2 1 0.125953836307 0 1 
144 9 2.0 7 6 0 0 18 18 2 0.10554795301 2 2 
144 9 2.0 6 7 0 0 18 22 2 0.192542493907 2 2 
144 9 2.0 9 0 0 0 8 1 2 0.0695737869682 1 0 
144 9 2.0 8 11 0 0 30 28 2 0.110224866427 2 4 
144 9 2.0 11 0 0 0 2 1 2 0.179684693533 1 0 
144 9 2.0 10 6 2 0 13 17 2 0.0691528950219 1 3 
144 9 2.0 13 0 1 0 12 2 2 4.9326678018e-20 2 0 
144 9 2.0 12 2 0 0 7 5 3 4.08587566879e-39 1 1 
144 9 2.0 15 4 2 0 6 15 3 1.34295383508e-25 1 2 
144 9 2.0 14 1 0 0 6 1 3 2.77834452282e-36 1 0 
144 9 2.0 17 2 0 0 8 1 3 5.81578643728e-20 1 0 
144 9 2.0 16 4 0 0 12 4 3 0.0134827912383 2 0 
144 9 2.0 19 17 1 0 28 29 3 9.52863020761e-15 5 2 
144 9 2.0 18 1 0 0 10 4 2 5.59681238765e-27 2 0 
144 10 0.0 20 9 1 0 21 18 3 3.69284957701e-48 4 1 
144 10 0.0 21 9 0 0 6 4 4 1.23870495647e-77 2 0 
144 10 0.0 22 5 0 0 4 1 4 2.85757792784e-78 1 0 
144 10 0.0 1 6 1 0 14 12 1 0.18087814304 0 4 
144 10 0.0 3 7 0 0 16 12 1 0.185380948979 0 4 
144 10 0.0 2 8 0 0 9 12 1 0.197300220191 0 3 
144 10 0.0 5 3 1 0 15 7 2 0.0508462350896 1 3 
144 10 0.0 4 0 0 0 1 2 1 0.191152441891 0 1 
144 10 0.0 7 6 0 0 18 18 2 0.103201172222 2 2 
144 10 0.0 6 7 0 0 18 22 2 0.103201547222 2 2 
144 10 0.0 9 0 0 0 8 1 2 0.0526926072495 1 0 
144 10 0.0 8 11 0 0 30 28 2 0.102691247168 2 4 
144 10 0.0 11 0 0 0 2 1 2 0.149506615857 1 0 
144 10 0.0 10 6 2 0 13 17 2 0.0522995057139 1 3 
144 10 0.0 13 0 1 0 12 2 2 2.55998464584e-25 2 0 
144 10 0.0 12 2 0 0 7 5 3 3.54307542963e-68 1 1 
144 10 0.0 15 4 2 0 6 15 3 3.62384781473e-56 1 2 
144 10 0.0 14 1 0 0 6 1 3 1.24224483145e-66 1 0 
144 10 0.0 17 2 0 0 8 1 3 6.85711119076e-53 1 0 
144 10 0.0 16 4 0 0 12 4 3 3.54699929257e-37 2 0 
144 10 0.0 19 17 1 0 28 29 3 1.44118449786e-44 5 2 
144 10 0.0 18 1 0 0 10 4 2 1.38112657568e-30 2 0 
144 10 2.0 20 9 1 0 21 18 3 1.66612235971e-13 4 1 
144 10 2.0 21 9 0 0 6 4 4 5.10308030591e-46 2 0 
144 10 2.0 22 5 0 0 4 1 4 4.33538106945e-46 1 0 
144 10 2.0 1 6 1 0 14 12 1 0.128001107194 0 4 
144 10 2.0 3 7 0 0 16 12 1 0.132943018683 0 4 
144 10 2.0 2 8 0 0 9 12 1 0.155765202673 0 3 
144 10 2.0 5 3 1 0 15 7 2 0.0531825731291 1 3 
144 10 2.0 4 0 0 0 1 2 1 0.126184023663 0 1 
144 10 2.0 7 6 0 0 18 18 2 0.0945747023018 2 2 
144 10 2.0 6 7 0 0 18 22 2 0.179498918916 2 2 
144 10 2.0 9 0 0 0 8 1 2 0.0570497065306 1 0 
144 10 2.0 8 11 0 0 30 28 2 0.093908201116 2 4 
144 10 2.0 11 0 0 0 2 1 2 0.180349398949 1 0 
144 10 2.0 10 6 2 0 13 17 2 0.0564829146762 1 3 
144 10 2.0 13 0 1 0 12 2 2 1.35927364908e-20 2 0 
144 10 2.0 12 2 0 0 7 5 3 1.12601063179e-39 1 1 
144 10 2.0 15 4 2 0 6 15 3 1.97349647769e-28 1 2 
144 10 2.0 14 1 0 0 6 1 3 1.7408802477e-37 1 0 
144 10 2.0 17 2 0 0 8 1 3 1.00078761213e-19 1 0 
144 10 2.0 16 4 0 0 12 4 3 0.0135133006217 2 0 
144 10 2.0 19 17 1 0 28 29 3 4.54203179236e-14 5 2 
144 10 2.0 18 1 0 0 10 4 2 1.24105417446e-26 2 0 
144 11 0.0 20 9 1 0 21 18 3 3.38307706376e-48 4 1 
144 11 0.0 21 9 0 0 6 4 4 1.66575375098e-77 2 0 
144 11 0.0 22 5 0 0 4 1 4 1.11677175366e-77 1 0 
144 11 0.0 1 6 1 0 14 12 1 0.15990231371 0 4 
144 11 0.0 3 7 0 0 16 12 1 0.16040210665 0 4 
144 11 0.0 2 8 0 0 9 12 1 0.175182600816 0 3 
144 11 0.0 5 3 1 0 15 7 2 0.0483315624546 1 3 
144 11 0.0 4 0 0 0 1 2 1 0.191727837593 0 1 
144 11 0.0 7 6 0 0 18 18 2 0.0963095214515 2 2 
144 11 0.0 6 7 0 0 18 22 2 0.096309867492 2 2 
144 11 0.0 9 0 0 0 8 1 2 0.0490618126914 1 0 
144 11 0.0 8 11 0 0 30 28 2 0.0967569974637 2 4 
144 11 0.0 11 0 0 0 2 1 2 0.149341881901 1 0 
144 11 0.0 10 6 2 0 13 17 2 0.0488062880815 1 3 
144 11 0.0 13 0 1 0 12 2 2 2.67499976828e-26 2 0 
144 11 0.0 12 2 0 0 7 5 3 6.55257717817e-65 1 1 
144 11 0.0 15 4 2 0 6 15 3 3.191859662e-54 1 2 
144 11 0.0 14 1 0 0 6 1 3 4.9603123246e-63 1 0 
144 11 0.0 17 2 0 0 8 1 3 8.74372793992e-51 1 0 
144 11 0.0 16 4 0 0 12 4 3 5.11663473588e-36 2 0 
144 11 0.0 19 17 1 0 28 29 3 3.04790668361e-46 5 2 
144 11 0.0 18 1 0 0 10 4 2 3.41073439544e-31 2 0 
144 11 2.0 20 9 1 0 21 18 3 8.08955438016e-16 4 1 
144 11 2.0 21 9 0 0 6 4 4 8.03195108917e-46 2 0 
144 11 2.0 22 5 0 0 4 1 4 2.83286064824e-46 1 0 
144 11 2.0 1 6 1 0 14 12 1 0.090636186301 0 4 
144 11 2.0 3 7 0 0 16 12 1 0.103971607416 0 4 
144 11 2.0 2 8 0 0 9 12 1 0.106244140571 0 3 
144 11 2.0 5 3 1 0 15 7 2 0.0493094602027 1 3 
144 11 2.0 4 0 0 0 1 2 1 0.127668784183 0 1 
144 11 2.0 7 6 0 0 18 18 2 0.105286988364 2 2 
144 11 2.0 6 7 0 0 18 22 2 0.108670292084 2 2 
144 11 2.0 9 0 0 0 8 1 2 0.0535125664027 1 0 
144 11 2.0 8 11 0 0 30 28 2 0.0987423329652 2 4 
144 11 2.0 11 0 0 0 2 1 2 0.179827176307 1 0 
144 11 2.0 10 6 2 0 13 17 2 0.053129857905 1 3 
144 11 2.0 13 0 1 0 12 2 2 2.1418768629e-22 2 0 
144 11 2.0 12 2 0 0 7 5 3 3.80962056556e-47 1 1 
144 11 2.0 15 4 2 0 6 15 3 1.30337656728e-26 1 2 
144 11 2.0 14 1 0 0 6 1 3 7.42558874119e-46 1 0 
144 11 2.0 17 2 0 0 8 1 3 3.12377452851e-34 1 0 
144 11 2.0 16 4 0 0 12 4 3 0.00240669928469 2 0 
144 11 2.0 19 17 1 0 28 29 3 7.43839539309e-13 5 2 
144 11 2.0 18 1 0 0 10 4 2 7.57993627519e-27 2 0 
144 12 0.0 20 9 1 0 21 18 3 5.94190003882e-48 4 1 
144 12 0.0 21 9 0 0 6 4 4 1.70643431333e-77 2 0 
144 12 0.0 22 5 0 0 4 1 4 3.72572883357e-78 1 0 
144 12 0.0 1 6 1 0 14 12 1 0.167253568301 0 4 
144 12 0.0 3 7 0 0 16 12 1 0.161545881876 0 4 
144 12 0.0 2 8 0 0 9 12 1 0.181619150906 0 3 
144 12 0.0 5 3 1 0 15 7 2 0.0456335685024 1 3 
144 12 0.0 4 0 0 0 1 2 1 0.191905387688 0 1 
144 12 0.0 7 6 0 0 18 18 2 0.0912408855723 2 2 
144 12 0.0 6 7 0 0 18 22 2 0.0912411285338 2 2 
144 12 0.0 9 0 0 0 8 1 2 0.044801628173 1 0 
144 12 0.0 8 11 0 0 30 28 2 0.0894984964602 2 4 
144 12 0.0 11 0 0 0 2 1 2 0.149656344325 1 0 
144 12 0.0 10 6 2 0 13 17 2 0.0444910623951 1 3 
144 12 0.0 13 0 1 0 12 2 2 5.23969964172e-25 2 0 
144 12 0.0 12 2 0 0 7 5 3 4.44144922587e-67 1 1 
144 12 0.0 15 4 2 0 6 15 3 8.79358975675e-56 1 2 
144 12 0.0 14 1 0 0 6 1 3 5.99895896068e-65 1 0 
144 12 0.0 17 2 0 0 8 1 3 2.919847389e-50 1 0 
144 12 0.0 16 4 0 0 12 4 3 1.44817990274e-35 2 0 
144 12 0.0 19 17 1 0 28 29 3 3.25694646541e-44 5 2 
144 12 0.0 18 1 0 0 10 4 2 2.065336971e-31 2 0 
144 12 2.0 20 9 1 0 21 18 3 2.03987550446e-14 4 1 
144 12 2.0 21 9 0 0 6 4 4 4.65266029695e-46 2 0 
144 12 2.0 22 5 0 0 4 1 4 4.09895659489e-46 1 0 
144 12 2.0 1 6 1 0 14 12 1 0.102429266831 0 4 
144 12 2.0 3 7 0 0 16 12 1 0.104959242116 0 4 
144 12 2.0 2 8 0 0 9 12 1 0.125800874551 0 3 
144 12 2.0 5 3 1 0 15 7 2 0.046758322451 1 3 
144 12 2.0 4 0 0 0 1 2 1 0.127501295817 0 1 
144 12 2.0 7 6 0 0 18 18 2 0.084419359324 2 2 
144 12 2.0 6 7 0 0 18 22 2 0.15767950005 2 2 
144 12 2.0 9 0 0 0 8 1 2 0.0633636451058 1 0 
144 12 2.0 8 11 0 0 30 28 2 0.0922365568905 2 4 
144 12 2.0 11 0 0 0 2 1 2 0.180398136252 1 0 
144 12 2.0 10 6 2 0 13 17 2 0.0613250839737 1 3 
144 12 2.0 13 0 1 0 12 2 2 6.02308101548e-20 2 0 
144 12 2.0 12 2 0 0 7 5 3 3.19378695326e-40 1 1 
144 12 2.0 15 4 2 0 6 15 3 4.16936394076e-35 1 2 
144 12 2.0 14 1 0 0 6 1 3 9.6641889904e-38 1 0 
144 12 2.0 17 2 0 0 8 1 3 4.97523804726e-18 1 0 
144 12 2.0 16 4 0 0 12 4 3 0.0156659391689 2 0 
144 12 2.0 19 17 1 0 28 29 3 7.82508919398e-15 5 2 
144 12 2.0 18 1 0 0 10 4 2 1.34433163087e-26 2 0 
144 13 0.0 20 9 1 0 21 18 3 8.56692954286e-48 4 1 
144 13 0.0 21 9 0 0 6 4 4 3.29269418145e-78 2 0 
144 13 0.0 22 5 0 0 4 1 4 9.78543052198e-78 1 0 
144 13 0.0 1 6 1 0 14 12 1 0.186780087673 0 4 
144 13 0.0 3 7 0 0 16 12 1 0.189076549532 0 4 
144 13 0.0 2 8 0 0 9 12 1 0.203555554811 0 3 
144 13 0.0 5 3 1 0 15 7 2 0.048403900786 1 3 
144 13 0.0 4 0 0 0 1 2 1 0.191446082463 0 1 
144 13 0.0 7 6 0 0 18 18 2 0.0965234283456 2 2 
144 13 0.0 6 7 0 0 18 22 2 0.0965238896147 2 2 
144 13 0.0 9 0 0 0 8 1 2 0.0456816753791 1 0 
144 13 0.0 8 11 0 0 30 28 2 0.0933442497276 2 4 
144 13 0.0 11 0 0 0 2 1 2 0.149303686784 1 0 
144 13 0.0 10 6 2 0 13 17 2 0.0453540740964 1 3 
144 13 0.0 13 0 1 0 12 2 2 3.13094529859e-25 2 0 
144 13 0.0 12 2 0 0 7 5 3 7.43848114227e-65 1 1 
144 13 0.0 15 4 2 0 6 15 3 1.17597491535e-55 1 2 
144 13 0.0 14 1 0 0 6 1 3 1.4167220559e-64 1 0 
144 13 0.0 17 2 0 0 8 1 3 9.58325253946e-53 1 0 
144 13 0.0 16 4 0 0 12 4 3 1.6182470836e-37 2 0 
144 13 0.0 19 17 1 0 28 29 3 2.16951203075e-44 5 2 
144 13 0.0 18 1 0 0 10 4 2 2.7005777026e-31 2 0 
144 13 2.0 20 9 1 0 21 18 3 1.28536606363e-14 4 1 
144 13 2.0 21 9 0 0 6 4 4 6.3194349307e-46 2 0 
144 13 2.0 22 5 0 0 4 1 4 2.22793850762e-46 1 0 
144 13 2.0 1 6 1 0 14 12 1 0.0993776841838 0 4 
144 13 2.0 3 7 0 0 16 12 1 0.106346577933 0 4 
144 13 2.0 2 8 0 0 9 12 1 0.127994760602 0 3 
144 13 2.0 5 3 1 0 15 7 2 0.047388682753 1 3 
144 13 2.0 4 0 0 0 1 2 1 0.126215722193 0 1 
144 13 2.0 7 6 0 0 18 18 2 0.0821634396008 2 2 
144 13 2.0 6 7 0 0 18 22 2 0.174569544112 2 2 
144 13 2.0 9 0 0 0 8 1 2 0.0680313286719 1 0 
144 13 2.0 8 11 0 0 30 28 2 0.0945935627728 2 4 
144 13 2.0 11 0 0 0 2 1 2 0.18042474082 1 0 
144 13 2.0 10 6 2 0 13 17 2 0.0664101686869 1 3 
144 13 2.0 13 0 1 0 12 2 2 1.46028955201e-19 2 0 
144 13 2.0 12 2 0 0 7 5 3 1.86431115487e-37 1 1 
144 13 2.0 15 4 2 0 6 15 3 2.06029958212e-33 1 2 
144 13 2.0 14 1 0 0 6 1 3 7.74568268827e-36 1 0 
144 13 2.0 17 2 0 0 8 1 3 1.29553077595e-18 1 0 
144 13 2.0 16 4 0 0 12 4 3 0.0221809268442 2 0 
144 13 2.0 19 17 1 0 28 29 3 2.89311980878e-14 5 2 
144 13 2.0 18 1 0 0 10 4 2 1.25684208992e-26 2 0 
144 14 0.0 20 9 1 0 21 18 3 1.40521049901e-47 4 1 
144 14 0.0 21 9 0 0 6 4 4 8.48902272822e-78 2 0 
144 14 0.0 22 5 0 0 4 1 4 9.98958430833e-78 1 0 
144 14 0.0 1 6 1 0 14 12 1 0.190758736669 0 4 
144 14 0.0 3 7 0 0 16 12 1 0.187460600685 0 4 
144 14 0.0 2 8 0 0 9 12 1 0.20649112595 0 3 
144 14 0.0 5 3 1 0 15 7 2 0.0462621008571 1 3 
144 14 0.0 4 0 0 0 1 2 1 0.191489541098 0 1 
144 14 0.0 7 6 0 0 18 18 2 0.0925187221002 2 2 
144 14 0.0 6 7 0 0 18 22 2 0.0925190150696 2 2 
144 14 0.0 9 0 0 0 8 1 2 0.0454849825224 1 0 
144 14 0.0 8 11 0 0 30 28 2 0.0918670383953 2 4 
144 14 0.0 11 0 0 0 2 1 2 0.149312231376 1 0 
144 14 0.0 10 6 2 0 13 17 2 0.0450580637975 1 3 
144 14 0.0 13 0 1 0 12 2 2 2.92132487886e-24 2 0 
144 14 0.0 12 2 0 0 7 5 3 5.52370689345e-63 1 1 
144 14 0.0 15 4 2 0 6 15 3 4.38547851354e-57 1 2 
144 14 0.0 14 1 0 0 6 1 3 1.09619620018e-60 1 0 
144 14 0.0 17 2 0 0 8 1 3 1.08158450673e-44 1 0 
144 14 0.0 16 4 0 0 12 4 3 1.8132171665e-33 2 0 
144 14 0.0 19 17 1 0 28 29 3 5.16601099424e-46 5 2 
144 14 0.0 18 1 0 0 10 4 2 1.10990533193e-30 2 0 
144 14 2.0 20 9 1 0 21 18 3 1.79176007732e-12 4 1 
144 14 2.0 21 9 0 0 6 4 4 7.26506209905e-46 2 0 
144 14 2.0 22 5 0 0 4 1 4 3.79937270749e-46 1 0 
144 14 2.0 1 6 1 0 14 12 1 0.0985544054506 0 4 
144 14 2.0 3 7 0 0 16 12 1 0.126063447862 0 4 
144 14 2.0 2 8 0 0 9 12 1 0.124791374542 0 3 
144 14 2.0 5 3 1 0 15 7 2 0.0542248570934 1 3 
144 14 2.0 4 0 0 0 1 2 1 0.126624822007 0 1 
144 14 2.0 7 6 0 0 18 18 2 0.0994049932579 2 2 
144 14 2.0 6 7 0 0 18 22 2 0.180910820768 2 2 
144 14 2.0 9 0 0 0 8 1 2 0.0771067505735 1 0 
144 14 2.0 8 11 0 0 30 28 2 0.114122812745 2 4 
144 14 2.0 11 0 0 0 2 1 2 0.180794110755 1 0 
144 14 2.0 10 6 2 0 13 17 2 0.0767988059064 1 3 
144 14 2.0 13 0 1 0 12 2 2 1.93105182849e-21 2 0 
144 14 2.0 12 2 0 0 7 5 3 2.01137320333e-39 1 1 
144 14 2.0 15 4 2 0 6 15 3 1.27750321848e-23 1 2 
144 14 2.0 14 1 0 0 6 1 3 7.06264548658e-39 1 0 
144 14 2.0 17 2 0 0 8 1 3 1.24473964604e-23 1 0 
144 14 2.0 16 4 0 0 12 4 3 0.0144872408402 2 0 
144 14 2.0 19 17 1 0 28 29 3 9.06791864823e-12 5 2 
144 14 2.0 18 1 0 0 10 4 2 5.42499086555e-27 2 0 
144 15 0.0 20 9 1 0 21 18 3 5.79239830519e-49 4 1 
144 15 0.0 21 9 0 0 6 4 4 2.22525691026e-77 2 0 
144 15 0.0 22 5 0 0 4 1 4 7.36704341572e-78 1 0 
144 15 0.0 1 6 1 0 14 12 1 0.170852261893 0 4 
144 15 0.0 3 7 0 0 16 12 1 0.168806370391 0 4 
144 15 0.0 2 8 0 0 9 12 1 0.185530301032 0 3 
144 15 0.0 5 3 1 0 15 7 2 0.0495454635837 1 3 
144 15 0.0 4 0 0 0 1 2 1 0.191410242393 0 1 
144 15 0.0 7 6 0 0 18 18 2 0.10006259074 2 2 
144 15 0.0 6 7 0 0 18 22 2 0.100062838504 2 2 
144 15 0.0 9 0 0 0 8 1 2 0.0510388403376 1 0 
144 15 0.0 8 11 0 0 30 28 2 0.0994608682351 2 4 
144 15 0.0 11 0 0 0 2 1 2 0.149311017473 1 0 
144 15 0.0 10 6 2 0 13 17 2 0.0506184226501 1 3 
144 15 0.0 13 0 1 0 12 2 2 2.22777233837e-26 2 0 
144 15 0.0 12 2 0 0 7 5 3 4.29925107437e-67 1 1 
144 15 0.0 15 4 2 0 6 15 3 2.45058047499e-56 1 2 
144 15 0.0 14 1 0 0 6 1 3 3.74142809908e-66 1 0 
144 15 0.0 17 2 0 0 8 1 3 2.12210782561e-56 1 0 
144 15 0.0 16 4 0 0 12 4 3 9.61396625421e-38 2 0 
144 15 0.0 19 17 1 0 28 29 3 3.27047634542e-46 5 2 
144 15 0.0 18 1 0 0 10 4 2 5.86504364455e-31 2 0 
144 15 2.0 20 9 1 0 21 18 3 7.68566567985e-14 4 1 
144 15 2.0 21 9 0 0 6 4 4 6.77516358491e-46 2 0 
144 15 2.0 22 5 0 0 4 1 4 1.53268394355e-46 1 0 
144 15 2.0 1 6 1 0 14 12 1 0.122026849085 0 4 
144 15 2.0 3 7 0 0 16 12 1 0.148924620505 0 4 
144 15 2.0 2 8 0 0 9 12 1 0.152838267623 0 3 
144 15 2.0 5 3 1 0 15 7 2 0.0501736598069 1 3 
144 15 2.0 4 0 0 0 1 2 1 0.126091990573 0 1 
144 15 2.0 7 6 0 0 18 18 2 0.0909668219581 2 2 
144 15 2.0 6 7 0 0 18 22 2 0.186155798645 2 2 
144 15 2.0 9 0 0 0 8 1 2 0.0705024253835 1 0 
144 15 2.0 8 11 0 0 30 28 2 0.101590277739 2 4 
144 15 2.0 11 0 0 0 2 1 2 0.180339110167 1 0 
144 15 2.0 10 6 2 0 13 17 2 0.0699298103472 1 3 
144 15 2.0 13 0 1 0 12 2 2 1.38646805591e-20 2 0 
144 15 2.0 12 2 0 0 7 5 3 2.03848975761e-42 1 1 
144 15 2.0 15 4 2 0 6 15 3 1.86851604705e-27 1 2 
144 15 2.0 14 1 0 0 6 1 3 8.88883381785e-41 1 0 
144 15 2.0 17 2 0 0 8 1 3 2.61229151432e-23 1 0 
144 15 2.0 16 4 0 0 12 4 3 0.0130852348401 2 0 
144 15 2.0 19 17 1 0 28 29 3 3.86605102294e-11 5 2 
144 15 2.0 18 1 0 0 10 4 2 9.33576776459e-27 2 0 
144 16 0.0 20 9 1 0 21 18 3 5.15626403275e-48 4 1 
144 16 0.0 21 9 0 0 6 4 4 1.22345452276e-77 2 0 
144 16 0.0 22 5 0 0 4 1 4 1.33263618421e-77 1 0 
144 16 0.0 1 6 1 0 14 12 1 0.169145551984 0 4 
144 16 0.0 3 7 0 0 16 12 1 0.162207808235 0 4 
144 16 0.0 2 8 0 0 9 12 1 0.183475298383 0 3 
144 16 0.0 5 3 1 0 15 7 2 0.044060041912 1 3 
144 16 0.0 4 0 0 0 1 2 1 0.191420963693 0 1 
144 16 0.0 7 6 0 0 18 18 2 0.0881281270006 2 2 
144 16 0.0 6 7 0 0 18 22 2 0.0881283764559 2 2 
144 16 0.0 9 0 0 0 8 1 2 0.0444004912232 1 0 
144 16 0.0 8 11 0 0 30 28 2 0.0883179037546 2 4 
144 16 0.0 11 0 0 0 2 1 2 0.149492496278 1 0 
144 16 0.0 10 6 2 0 13 17 2 0.0441863975894 1 3 
144 16 0.0 13 0 1 0 12 2 2 3.03648734928e-24 2 0 
144 16 0.0 12 2 0 0 7 5 3 3.09897016671e-65 1 1 
144 16 0.0 15 4 2 0 6 15 3 1.49667199516e-54 1 2 
144 16 0.0 14 1 0 0 6 1 3 2.70149469502e-63 1 0 
144 16 0.0 17 2 0 0 8 1 3 5.86145689125e-48 1 0 
144 16 0.0 16 4 0 0 12 4 3 1.57119884452e-34 2 0 
144 16 0.0 19 17 1 0 28 29 3 3.01888489061e-46 5 2 
144 16 0.0 18 1 0 0 10 4 2 1.34697925634e-30 2 0 
144 16 2.0 20 9 1 0 21 18 3 5.4189389994e-12 4 1 
144 16 2.0 21 9 0 0 6 4 4 4.80032622566e-46 2 0 
144 16 2.0 22 5 0 0 4 1 4 3.53821858202e-46 1 0 
144 16 2.0 1 6 1 0 14 12 1 0.12688142537 0 4 
144 16 2.0 3 7 0 0 16 12 1 0.123346349468 0 4 
144 16 2.0 2 8 0 0 9 12 1 0.151135824229 0 3 
144 16 2.0 5 3 1 0 15 7 2 0.0590906282536 1 3 
144 16 2.0 4 0 0 0 1 2 1 0.126228757339 0 1 
144 16 2.0 7 6 0 0 18 18 2 0.104752648353 2 2 
144 16 2.0 6 7 0 0 18 22 2 0.198897555806 2 2 
144 16 2.0 9 0 0 0 8 1 2 0.063797200506 1 0 
144 16 2.0 8 11 0 0 30 28 2 0.105908957463 2 4 
144 16 2.0 11 0 0 0 2 1 2 0.180450107269 1 0 
144 16 2.0 10 6 2 0 13 17 2 0.0635262503936 1 3 
144 16 2.0 13 0 1 0 12 2 2 6.28765773217e-19 2 0 
144 16 2.0 12 2 0 0 7 5 3 9.5196914492e-36 1 1 
144 16 2.0 15 4 2 0 6 15 3 9.02774534164e-24 1 2 
144 16 2.0 14 1 0 0 6 1 3 8.60849741068e-34 1 0 
144 16 2.0 17 2 0 0 8 1 3 7.95700085932e-15 1 0 
144 16 2.0 16 4 0 0 12 4 3 0.0136113012855 2 0 
144 16 2.0 19 17 1 0 28 29 3 2.95002574875e-13 5 2 
144 16 2.0 18 1 0 0 10 4 2 5.05349326817e-27 2 0 
144 17 0.0 20 9 1 0 21 18 3 5.23269162929e-48 4 1 
144 17 0.0 21 9 0 0 6 4 4 1.51923527076e-77 2 0 
144 17 0.0 22 5 0 0 4 1 4 1.111247402e-77 1 0 
144 17 0.0 1 6 1 0 14 12 1 0.178311977567 0 4 
144 17 0.0 3 7 0 0 16 12 1 0.176851612268 0 4 
144 17 0.0 2 8 0 0 9 12 1 0.193515760814 0 3 
144 17 0.0 5 3 1 0 15 7 2 0.0500221234005 1 3 
144 17 0.0 4 0 0 0 1 2 1 0.191165604739 0 1 
144 17 0.0 7 6 0 0 18 18 2 0.0993420132319 2 2 
144 17 0.0 6 7 0 0 18 22 2 0.0993429078556 2 2 
144 17 0.0 9 0 0 0 8 1 2 0.048875494129 1 0 
144 17 0.0 8 11 0 0 30 28 2 0.0981212471181 2 4 
144 17 0.0 11 0 0 0 2 1 2 0.149467354646 1 0 
144 17 0.0 10 6 2 0 13 17 2 0.0481238889165 1 3 
144 17 0.0 13 0 1 0 12 2 2 3.5947442202e-24 2 0 
144 17 0.0 12 2 0 0 7 5 3 2.11197275737e-63 1 1 
144 17 0.0 15 4 2 0 6 15 3 6.57164461507e-59 1 2 
144 17 0.0 14 1 0 0 6 1 3 2.52196325855e-61 1 0 
144 17 0.0 17 2 0 0 8 1 3 2.24328370808e-45 1 0 
144 17 0.0 16 4 0 0 12 4 3 8.39385728727e-36 2 0 
144 17 0.0 19 17 1 0 28 29 3 2.07760030873e-47 5 2 
144 17 0.0 18 1 0 0 10 4 2 1.20771942171e-30 2 0 
144 17 2.0 20 9 1 0 21 18 3 3.59188965583e-16 4 1 
144 17 2.0 21 9 0 0 6 4 4 9.09969737354e-46 2 0 
144 17 2.0 22 5 0 0 4 1 4 2.93502557784e-46 1 0 
144 17 2.0 1 6 1 0 14 12 1 0.11356987187 0 4 
144 17 2.0 3 7 0 0 16 12 1 0.13905073296 0 4 
144 17 2.0 2 8 0 0 9 12 1 0.143701771733 0 3 
144 17 2.0 5 3 1 0 15 7 2 0.0396178111692 1 3 
144 17 2.0 4 0 0 0 1 2 1 0.126184814172 0 1 
144 17 2.0 7 6 0 0 18 18 2 0.0729613138595 2 2 
144 17 2.0 6 7 0 0 18 22 2 0.142100457179 2 2 
144 17 2.0 9 0 0 0 8 1 2 0.0538821996653 1 0 
144 17 2.0 8 11 0 0 30 28 2 0.0773469050457 2 4 
144 17 2.0 11 0 0 0 2 1 2 0.180346485856 1 0 
144 17 2.0 10 6 2 0 13 17 2 0.0535694300391 1 3 
144 17 2.0 13 0 1 0 12 2 2 2.87681389072e-22 2 0 
144 17 2.0 12 2 0 0 7 5 3 1.00700111654e-46 1 1 
144 17 2.0 15 4 2 0 6 15 3 2.66792408873e-25 1 2 
144 17 2.0 14 1 0 0 6 1 3 4.0691966831e-44 1 0 
144 17 2.0 17 2 0 0 8 1 3 5.03861282711e-32 1 0 
144 17 2.0 16 4 0 0 12 4 3 0.0134105184064 2 0 
144 17 2.0 19 17 1 0 28 29 3 4.08408872734e-12 5 2 
144 17 2.0 18 1 0 0 10 4 2 2.53156793797e-26 2 0 
144 18 0.0 20 9 1 0 21 18 3 6.77642888363e-50 4 1 
144 18 0.0 21 9 0 0 6 4 4 9.05190876934e-78 2 0 
144 18 0.0 22 5 0 0 4 1 4 7.97960547731e-78 1 0 
144 18 0.0 1 6 1 0 14 12 1 0.17102017606 0 4 
144 18 0.0 3 7 0 0 16 12 1 0.163439841189 0 4 
144 18 0.0 2 8 0 0 9 12 1 0.185113385359 0 3 
144 18 0.0 5 3 1 0 15 7 2 0.0451964418253 1 3 
144 18 0.0 4 0 0 0 1 2 1 0.191844422138 0 1 
144 18 0.0 7 6 0 0 18 18 2 0.0903162317253 2 2 
144 18 0.0 6 7 0 0 18 22 2 0.0903163456366 2 2 
144 18 0.0 9 0 0 0 8 1 2 0.0439303507131 1 0 
144 18 0.0 8 11 0 0 30 28 2 0.0881543622305 2 4 
144 18 0.0 11 0 0 0 2 1 2 0.149436260932 1 0 
144 18 0.0 10 6 2 0 13 17 2 0.0434592012609 1 3 
144 18 0.0 13 0 1 0 12 2 2 1.71127007826e-25 2 0 
144 18 0.0 12 2 0 0 7 5 3 5.39876510504e-66 1 1 
144 18 0.0 15 4 2 0 6 15 3 1.04638216976e-57 1 2 
144 18 0.0 14 1 0 0 6 1 3 3.96626791469e-65 1 0 
144 18 0.0 17 2 0 0 8 1 3 2.12885015792e-51 1 0 
144 18 0.0 16 4 0 0 12 4 3 5.44331335241e-35 2 0 
144 18 0.0 19 17 1 0 28 29 3 3.40476172808e-46 5 2 
144 18 0.0 18 1 0 0 10 4 2 2.42503422766e-31 2 0 
144 18 2.0 20 9 1 0 21 18 3 1.4032099989e-14 4 1 
144 18 2.0 21 9 0 0 6 4 4 4.76798201387e-46 2 0 
144 18 2.0 22 5 0 0 4 1 4 4.01995357129e-46 1 0 
144 18 2.0 1 6 1 0 14 12 1 0.113060156971 0 4 
144 18 2.0 3 7 0 0 16 12 1 0.121398075728 0 4 
144 18 2.0 2 8 0 0 9 12 1 0.13705283356 0 3 
144 18 2.0 5 3 1 0 15 7 2 0.0521018233968 1 3 
144 18 2.0 4 0 0 0 1 2 1 0.126350934679 0 1 
144 18 2.0 7 6 0 0 18 18 2 0.0967551208812 2 2 
144 18 2.0 6 7 0 0 18 22 2 0.184854811747 2 2 
144 18 2.0 9 0 0 0 8 1 2 0.0800002419284 1 0 
144 18 2.0 8 11 0 0 30 28 2 0.112356213753 2 4 
144 18 2.0 11 0 0 0 2 1 2 0.180575757535 1 0 
144 18 2.0 10 6 2 0 13 17 2 0.0793656799991 1 3 
144 18 2.0 13 0 1 0 12 2 2 1.48978980158e-21 2 0 
144 18 2.0 12 2 0 0 7 5 3 3.14617228766e-43 1 1 
144 18 2.0 15 4 2 0 6 15 3 3.715721403e-27 1 2 
144 18 2.0 14 1 0 0 6 1 3 1.67834786445e-40 1 0 
144 18 2.0 17 2 0 0 8 1 3 5.02867549718e-27 1 0 
144 18 2.0 16 4 0 0 12 4 3 0.0130748521059 2 0 
144 18 2.0 19 17 1 0 28 29 3 1.38282393684e-12 5 2 
144 18 2.0 18 1 0 0 10 4 2 2.76590135436e-26 2 0 
144 19 0.0 20 9 1 0 21 18 3 5.03924096931e-50 4 1 
144 19 0.0 21 9 0 0 6 4 4 2.16236993339e-77 2 0 
144 19 0.0 22 5 0 0 4 1 4 4.98224917134e-78 1 0 
144 19 0.0 1 6 1 0 14 12 1 0.178013504892 0 4 
144 19 0.0 3 7 0 0 16 12 1 0.181261092115 0 4 
144 19 0.0 2 8 0 0 9 12 1 0.194413713722 0 3 
144 19 0.0 5 3 1 0 15 7 2 0.0494582957183 1 3 
144 19 0.0 4 0 0 0 1 2 1 0.191254373213 0 1 
144 19 0.0 7 6 0 0 18 18 2 0.099443846071 2 2 
144 19 0.0 6 7 0 0 18 22 2 0.0994441421266 2 2 
144 19 0.0 9 0 0 0 8 1 2 0.0499682413185 1 0 
144 19 0.0 8 11 0 0 30 28 2 0.0979526206413 2 4 
144 19 0.0 11 0 0 0 2 1 2 0.14938624476 1 0 
144 19 0.0 10 6 2 0 13 17 2 0.0484036535612 1 3 
144 19 0.0 13 0 1 0 12 2 2 5.52127799933e-26 2 0 
144 19 0.0 12 2 0 0 7 5 3 1.30851192238e-67 1 1 
144 19 0.0 15 4 2 0 6 15 3 4.15172434188e-62 1 2 
144 19 0.0 14 1 0 0 6 1 3 6.90017698326e-66 1 0 
144 19 0.0 17 2 0 0 8 1 3 1.58759155436e-53 1 0 
144 19 0.0 16 4 0 0 12 4 3 6.60526944201e-37 2 0 
144 19 0.0 19 17 1 0 28 29 3 2.53843092353e-46 5 2 
144 19 0.0 18 1 0 0 10 4 2 5.32676065711e-30 2 0 
144 19 2.0 20 9 1 0 21 18 3 7.25829181591e-11 4 1 
144 19 2.0 21 9 0 0 6 4 4 5.52088159671e-46 2 0 
144 19 2.0 22 5 0 0 4 1 4 2.45370677255e-46 1 0 
144 19 2.0 1 6 1 0 14 12 1 0.13763682847 0 4 
144 19 2.0 3 7 0 0 16 12 1 0.117444513649 0 4 
144 19 2.0 2 8 0 0 9 12 1 0.161282932617 0 3 
144 19 2.0 5 3 1 0 15 7 2 0.0511933893922 1 3 
144 19 2.0 4 0 0 0 1 2 1 0.127133718063 0 1 
144 19 2.0 7 6 0 0 18 18 2 0.0911579214647 2 2 
144 19 2.0 6 7 0 0 18 22 2 0.176232485657 2 2 
144 19 2.0 9 0 0 0 8 1 2 0.0611131096748 1 0 
144 19 2.0 8 11 0 0 30 28 2 0.0967087952183 2 4 
144 19 2.0 11 0 0 0 2 1 2 0.180654705421 1 0 
144 19 2.0 10 6 2 0 13 17 2 0.0607955384904 1 3 
144 19 2.0 13 0 1 0 12 2 2 1.86798561383e-19 2 0 
144 19 2.0 12 2 0 0 7 5 3 1.96921049865e-35 1 1 
144 19 2.0 15 4 2 0 6 15 3 3.65492190538e-24 1 2 
144 19 2.0 14 1 0 0 6 1 3 1.22738430329e-32 1 0 
144 19 2.0 17 2 0 0 8 1 3 9.99040989374e-12 1 0 
144 19 2.0 16 4 0 0 12 4 3 0.0136103614428 2 0 
144 19 2.0 19 17 1 0 28 29 3 8.90055375163e-12 5 2 
144 19 2.0 18 1 0 0 10 4 2 1.5506598291e-26 2 0 
144 20 0.0 20 9 1 0 21 18 3 1.37615819488e-45 4 1 
144 20 0.0 21 9 0 0 6 4 4 1.14986135968e-77 2 0 
144 20 0.0 22 5 0 0 4 1 4 4.12553828777e-78 1 0 
144 20 0.0 1 6 1 0 14 12 1 0.18649594109 0 4 
144 20 0.0 3 7 0 0 16 12 1 0.185864532379 0 4 
144 20 0.0 2 8 0 0 9 12 1 0.202866932643 0 3 
144 20 0.0 5 3 1 0 15 7 2 0.0457474782877 1 3 
144 20 0.0 4 0 0 0 1 2 1 0.191783827116 0 1 
144 20 0.0 7 6 0 0 18 18 2 0.0916030298179 2 2 
144 20 0.0 6 7 0 0 18 22 2 0.0916047057799 2 2 
144 20 0.0 9 0 0 0 8 1 2 0.0458209021231 1 0 
144 20 0.0 8 11 0 0 30 28 2 0.0920127139648 2 4 
144 20 0.0 11 0 0 0 2 1 2 0.149419055438 1 0 
144 20 0.0 10 6 2 0 13 17 2 0.0456384691745 1 3 
144 20 0.0 13 0 1 0 12 2 2 2.85928706978e-23 2 0 
144 20 0.0 12 2 0 0 7 5 3 4.07235948492e-61 1 1 
144 20 0.0 15 4 2 0 6 15 3 3.82220929096e-54 1 2 
144 20 0.0 14 1 0 0 6 1 3 2.92060589678e-60 1 0 
144 20 0.0 17 2 0 0 8 1 3 1.1544947584e-42 1 0 
144 20 0.0 16 4 0 0 12 4 3 1.02998253554e-35 2 0 
144 20 0.0 19 17 1 0 28 29 3 9.99669746385e-44 5 2 
144 20 0.0 18 1 0 0 10 4 2 3.48589140904e-31 2 0 
144 20 2.0 20 9 1 0 21 18 3 7.70587443664e-13 4 1 
144 20 2.0 21 9 0 0 6 4 4 4.87708314259e-46 2 0 
144 20 2.0 22 5 0 0 4 1 4 2.94077475041e-46 1 0 
144 20 2.0 1 6 1 0 14 12 1 0.120247420711 0 4 
144 20 2.0 3 7 0 0 16 12 1 0.167704930485 0 4 
144 20 2.0 2 8 0 0 9 12 1 0.156967973402 0 3 
144 20 2.0 5 3 1 0 15 7 2 0.0450111918716 1 3 
144 20 2.0 4 0 0 0 1 2 1 0.127454305544 0 1 
144 20 2.0 7 6 0 0 18 18 2 0.0799695058147 2 2 
144 20 2.0 6 7 0 0 18 22 2 0.165751938596 2 2 
144 20 2.0 9 0 0 0 8 1 2 0.0572510812038 1 0 
144 20 2.0 8 11 0 0 30 28 2 0.0869907266501 2 4 
144 20 2.0 11 0 0 0 2 1 2 0.180467294198 1 0 
144 20 2.0 10 6 2 0 13 17 2 0.0571027432161 1 3 
144 20 2.0 13 0 1 0 12 2 2 5.41450854984e-21 2 0 
144 20 2.0 12 2 0 0 7 5 3 9.41726406026e-45 1 1 
144 20 2.0 15 4 2 0 6 15 3 1.19145411817e-20 1 2 
144 20 2.0 14 1 0 0 6 1 3 8.64448617458e-42 1 0 
144 20 2.0 17 2 0 0 8 1 3 9.6239456434e-27 1 0 
144 20 2.0 16 4 0 0 12 4 3 0.0125517159729 2 0 
144 20 2.0 19 17 1 0 28 29 3 1.57655317875e-10 5 2 
144 20 2.0 18 1 0 0 10 4 2 3.28382572233e-26 2 0 
144 21 0.0 20 9 1 0 21 18 3 1.28110184287e-49 4 1 
144 21 0.0 21 9 0 0 6 4 4 1.80736387299e-77 2 0 
144 21 0.0 22 5 0 0 4 1 4 7.86506885596e-78 1 0 
144 21 0.0 1 6 1 0 14 12 1 0.181895598285 0 4 
144 21 0.0 3 7 0 0 16 12 1 0.185152750175 0 4 
144 21 0.0 2 8 0 0 9 12 1 0.198337693006 0 3 
144 21 0.0 5 3 1 0 15 7 2 0.0491590966829 1 3 
144 21 0.0 4 0 0 0 1 2 1 0.191905959735 0 1 
144 21 0.0 7 6 0 0 18 18 2 0.0999294166844 2 2 
144 21 0.0 6 7 0 0 18 22 2 0.0999295161751 2 2 
144 21 0.0 9 0 0 0 8 1 2 0.0505561932804 1 0 
144 21 0.0 8 11 0 0 30 28 2 0.0987432475311 2 4 
144 21 0.0 11 0 0 0 2 1 2 0.149664991857 1 0 
144 21 0.0 10 6 2 0 13 17 2 0.0500471903917 1 3 
144 21 0.0 13 0 1 0 12 2 2 7.60740433688e-26 2 0 
144 21 0.0 12 2 0 0 7 5 3 1.20163079199e-67 1 1 
144 21 0.0 15 4 2 0 6 15 3 3.87306166346e-57 1 2 
144 21 0.0 14 1 0 0 6 1 3 3.28770505409e-67 1 0 
144 21 0.0 17 2 0 0 8 1 3 1.812948337e-54 1 0 
144 21 0.0 16 4 0 0 12 4 3 2.74676074011e-35 2 0 
144 21 0.0 19 17 1 0 28 29 3 1.42327487382e-45 5 2 
144 21 0.0 18 1 0 0 10 4 2 4.94574604883e-31 2 0 
144 21 2.0 20 9 1 0 21 18 3 4.15051241652e-13 4 1 
144 21 2.0 21 9 0 0 6 4 4 3.92838096364e-46 2 0 
144 21 2.0 22 5 0 0 4 1 4 1.1974128742e-46 1 0 
144 21 2.0 1 6 1 0 14 12 1 0.102166125934 0 4 
144 21 2.0 3 7 0 0 16 12 1 0.100247357985 0 4 
144 21 2.0 2 8 0 0 9 12 1 0.12361632749 0 3 
144 21 2.0 5 3 1 0 15 7 2 0.0527029346487 1 3 
144 21 2.0 4 0 0 0 1 2 1 0.127246316253 0 1 
144 21 2.0 7 6 0 0 18 18 2 0.0937380658817 2 2 
144 21 2.0 6 7 0 0 18 22 2 0.176807271954 2 2 
144 21 2.0 9 0 0 0 8 1 2 0.0630740760498 1 0 
144 21 2.0 8 11 0 0 30 28 2 0.0975285745915 2 4 
144 21 2.0 11 0 0 0 2 1 2 0.180648322295 1 0 
144 21 2.0 10 6 2 0 13 17 2 0.0618006157109 1 3 
144 21 2.0 13 0 1 0 12 2 2 3.05960685078e-19 2 0 
144 21 2.0 12 2 0 0 7 5 3 2.05921183141e-36 1 1 
144 21 2.0 15 4 2 0 6 15 3 6.83706215644e-33 1 2 
144 21 2.0 14 1 0 0 6 1 3 1.050469937e-33 1 0 
144 21 2.0 17 2 0 0 8 1 3 1.07485787752e-13 1 0 
144 21 2.0 16 4 0 0 12 4 3 0.0157464135625 2 0 
144 21 2.0 19 17 1 0 28 29 3 4.36966506901e-12 5 2 
144 21 2.0 18 1 0 0 10 4 2 7.68992601961e-27 2 0 
144 22 0.0 20 9 1 0 21 18 3 1.16400796603e-47 4 1 
144 22 0.0 21 9 0 0 6 4 4 1.24984851568e-77 2 0 
144 22 0.0 22 5 0 0 4 1 4 7.06887494617e-78 1 0 
144 22 0.0 1 6 1 0 14 12 1 0.184029619529 0 4 
144 22 0.0 3 7 0 0 16 12 1 0.18302690485 0 4 
144 22 0.0 2 8 0 0 9 12 1 0.199584499545 0 3 
144 22 0.0 5 3 1 0 15 7 2 0.0495587900343 1 3 
144 22 0.0 4 0 0 0 1 2 1 0.191809921041 0 1 
144 22 0.0 7 6 0 0 18 18 2 0.0987150901959 2 2 
144 22 0.0 6 7 0 0 18 22 2 0.0987162248565 2 2 
144 22 0.0 9 0 0 0 8 1 2 0.0486530757091 1 0 
144 22 0.0 8 11 0 0 30 28 2 0.0976393836251 2 4 
144 22 0.0 11 0 0 0 2 1 2 0.14937180859 1 0 
144 22 0.0 10 6 2 0 13 17 2 0.0478516045594 1 3 
144 22 0.0 13 0 1 0 12 2 2 7.17018680423e-25 2 0 
144 22 0.0 12 2 0 0 7 5 3 9.60015522311e-64 1 1 
144 22 0.0 15 4 2 0 6 15 3 3.7684229584e-59 1 2 
144 22 0.0 14 1 0 0 6 1 3 1.03384694565e-61 1 0 
144 22 0.0 17 2 0 0 8 1 3 2.92262026248e-46 1 0 
144 22 0.0 16 4 0 0 12 4 3 1.23649972591e-36 2 0 
144 22 0.0 19 17 1 0 28 29 3 6.79560831243e-46 5 2 
144 22 0.0 18 1 0 0 10 4 2 2.45150796648e-30 2 0 
144 22 2.0 20 9 1 0 21 18 3 2.39657568091e-14 4 1 
144 22 2.0 21 9 0 0 6 4 4 5.3411029932e-46 2 0 
144 22 2.0 22 5 0 0 4 1 4 3.71897340151e-46 1 0 
144 22 2.0 1 6 1 0 14 12 1 0.118313291157 0 4 
144 22 2.0 3 7 0 0 16 12 1 0.140451722894 0 4 
144 22 2.0 2 8 0 0 9 12 1 0.142413975389 0 3 
144 22 2.0 5 3 1 0 15 7 2 0.0437705693486 1 3 
144 22 2.0 4 0 0 0 1 2 1 0.127676021063 0 1 
144 22 2.0 7 6 0 0 18 18 2 0.0893135822384 2 2 
144 22 2.0 6 7 0 0 18 22 2 0.100465799456 2 2 
144 22 2.0 9 0 0 0 8 1 2 0.0506085024122 1 0 
144 22 2.0 8 11 0 0 30 28 2 0.0918581400529 2 4 
144 22 2.0 11 0 0 0 2 1 2 0.179623940642 1 0 
144 22 2.0 10 6 2 0 13 17 2 0.0504875400433 1 3 
144 22 2.0 13 0 1 0 12 2 2 6.45618545115e-22 2 0 
144 22 2.0 12 2 0 0 7 5 3 5.87843555167e-46 1 1 
144 22 2.0 15 4 2 0 6 15 3 4.73953839393e-20 1 2 
144 22 2.0 14 1 0 0 6 1 3 1.35495475314e-43 1 0 
144 22 2.0 17 2 0 0 8 1 3 5.69049216445e-32 1 0 
144 22 2.0 16 4 0 0 12 4 3 0.00662874413591 2 0 
144 22 2.0 19 17 1 0 28 29 3 2.28445591356e-12 5 2 
144 22 2.0 18 1 0 0 10 4 2 3.98333377527e-27 2 0 
144 23 0.0 20 9 1 0 21 18 3 2.3070992297e-49 4 1 
144 23 0.0 21 9 0 0 6 4 4 7.08750262436e-78 2 0 
144 23 0.0 22 5 0 0 4 1 4 1.10305344813e-77 1 0 
144 23 0.0 1 6 1 0 14 12 1 0.165435907219 0 4 
144 23 0.0 3 7 0 0 16 12 1 0.162001494069 0 4 
144 23 0.0 2 8 0 0 9 12 1 0.180294133869 0 3 
144 23 0.0 5 3 1 0 15 7 2 0.0457250435193 1 3 
144 23 0.0 4 0 0 0 1 2 1 0.191714293924 0 1 
144 23 0.0 7 6 0 0 18 18 2 0.0921558962257 2 2 
144 23 0.0 6 7 0 0 18 22 2 0.0921559565373 2 2 
144 23 0.0 9 0 0 0 8 1 2 0.0446286308837 1 0 
144 23 0.0 8 11 0 0 30 28 2 0.0885172391011 2 4 
144 23 0.0 11 0 0 0 2 1 2 0.149378854077 1 0 
144 23 0.0 10 6 2 0 13 17 2 0.0440454631181 1 3 
144 23 0.0 13 0 1 0 12 2 2 8.23555618897e-26 2 0 
144 23 0.0 12 2 0 0 7 5 3 1.69120701568e-68 1 1 
144 23 0.0 15 4 2 0 6 15 3 1.27878287352e-58 1 2 
144 23 0.0 14 1 0 0 6 1 3 3.05259786358e-67 1 0 
144 23 0.0 17 2 0 0 8 1 3 8.0056104462e-56 1 0 
144 23 0.0 16 4 0 0 12 4 3 2.73773917101e-35 2 0 
144 23 0.0 19 17 1 0 28 29 3 1.13174822929e-45 5 2 
144 23 0.0 18 1 0 0 10 4 2 2.64384086617e-30 2 0 
144 23 2.0 20 9 1 0 21 18 3 2.93730482761e-14 4 1 
144 23 2.0 21 9 0 0 6 4 4 7.27175424137e-46 2 0 
144 23 2.0 22 5 0 0 4 1 4 2.23765279184e-46 1 0 
144 23 2.0 1 6 1 0 14 12 1 0.0970928039433 0 4 
144 23 2.0 3 7 0 0 16 12 1 0.0813670222543 0 4 
144 23 2.0 2 8 0 0 9 12 1 0.121830238067 0 3 
144 23 2.0 5 3 1 0 15 7 2 0.049587840699 1 3 
144 23 2.0 4 0 0 0 1 2 1 0.127236532991 0 1 
144 23 2.0 7 6 0 0 18 18 2 0.083379847321 2 2 
144 23 2.0 6 7 0 0 18 22 2 0.155501138103 2 2 
144 23 2.0 9 0 0 0 8 1 2 0.0487192973896 1 0 
144 23 2.0 8 11 0 0 30 28 2 0.0801847172309 2 4 
144 23 2.0 11 0 0 0 2 1 2 0.180656563144 1 0 
144 23 2.0 10 6 2 0 13 17 2 0.0484656045547 1 3 
144 23 2.0 13 0 1 0 12 2 2 4.50193649216e-21 2 0 
144 23 2.0 12 2 0 0 7 5 3 7.52009211984e-44 1 1 
144 23 2.0 15 4 2 0 6 15 3 2.46981653958e-24 1 2 
144 23 2.0 14 1 0 0 6 1 3 1.1906147677e-41 1 0 
144 23 2.0 17 2 0 0 8 1 3 8.45547212354e-28 1 0 
144 23 2.0 16 4 0 0 12 4 3 0.025809797686 2 0 
144 23 2.0 19 17 1 0 28 29 3 1.4442195487e-10 5 2 
144 23 2.0 18 1 0 0 10 4 2 1.8294747831e-26 2 0 
144 24 0.0 20 9 1 0 21 18 3 2.05436217428e-47 4 1 
144 24 0.0 21 9 0 0 6 4 4 1.11185906337e-77 2 0 
144 24 0.0 22 5 0 0 4 1 4 1.20204683008e-77 1 0 
144 24 0.0 1 6 1 0 14 12 1 0.189913748763 0 4 
144 24 0.0 3 7 0 0 16 12 1 0.192889573177 0 4 
144 24 0.0 2 8 0 0 9 12 1 0.207218684033 0 3 
144 24 0.0 5 3 1 0 15 7 2 0.0471273653722 1 3 
144 24 0.0 4 0 0 0 1 2 1 0.191136233321 0 1 
144 24 0.0 7 6 0 0 18 18 2 0.0941041139412 2 2 
144 24 0.0 6 7 0 0 18 22 2 0.0941043460857 2 2 
144 24 0.0 9 0 0 0 8 1 2 0.0439778079854 1 0 
144 24 0.0 8 11 0 0 30 28 2 0.0904654961961 2 4 
144 24 0.0 11 0 0 0 2 1 2 0.149673344701 1 0 
144 24 0.0 10 6 2 0 13 17 2 0.0437469746938 1 3 
144 24 0.0 13 0 1 0 12 2 2 9.14288011516e-26 2 0 
144 24 0.0 12 2 0 0 7 5 3 2.85366874082e-66 1 1 
144 24 0.0 15 4 2 0 6 15 3 2.83046848146e-54 1 2 
144 24 0.0 14 1 0 0 6 1 3 6.24849271049e-65 1 0 
144 24 0.0 17 2 0 0 8 1 3 2.33964491333e-52 1 0 
144 24 0.0 16 4 0 0 12 4 3 5.68376472894e-36 2 0 
144 24 0.0 19 17 1 0 28 29 3 1.94227569734e-45 5 2 
144 24 0.0 18 1 0 0 10 4 2 5.0464914584e-31 2 0 
144 24 2.0 20 9 1 0 21 18 3 9.6105201746e-14 4 1 
144 24 2.0 21 9 0 0 6 4 4 7.68849861658e-46 2 0 
144 24 2.0 22 5 0 0 4 1 4 2.32759397767e-46 1 0 
144 24 2.0 1 6 1 0 14 12 1 0.11002051081 0 4 
144 24 2.0 3 7 0 0 16 12 1 0.103054547653 0 4 
144 24 2.0 2 8 0 0 9 12 1 0.134244968842 0 3 
144 24 2.0 5 3 1 0 15 7 2 0.0485523257767 1 3 
144 24 2.0 4 0 0 0 1 2 1 0.126691135059 0 1 
144 24 2.0 7 6 0 0 18 18 2 0.0868795512212 2 2 
144 24 2.0 6 7 0 0 18 22 2 0.183479188903 2 2 
144 24 2.0 9 0 0 0 8 1 2 0.068101995523 1 0 
144 24 2.0 8 11 0 0 30 28 2 0.0962042056569 2 4 
144 24 2.0 11 0 0 0 2 1 2 0.179166175709 1 0 
144 24 2.0 10 6 2 0 13 17 2 0.0677982230979 1 3 
144 24 2.0 13 0 1 0 12 2 2 8.0252504525e-22 2 0 
144 24 2.0 12 2 0 0 7 5 3 9.68552128681e-44 1 1 
144 24 2.0 15 4 2 0 6 15 3 3.12824440392e-24 1 2 
144 24 2.0 14 1 0 0 6 1 3 5.69375005958e-41 1 0 
144 24 2.0 17 2 0 0 8 1 3 6.47684383335e-28 1 0 
144 24 2.0 16 4 0 0 12 4 3 0.0177945756306 2 0 
144 24 2.0 19 17 1 0 28 29 3 4.33859466848e-10 5 2 
144 24 2.0 18 1 0 0 10 4 2 2.4165997214e-27 2 0 
144 25 0.0 20 9 1 0 21 18 3 2.18875387416e-50 4 1 
144 25 0.0 21 9 0 0 6 4 4 1.23581719434e-77 2 0 
144 25 0.0 22 5 0 0 4 1 4 3.33283628621e-78 1 0 
144 25 0.0 1 6 1 0 14 12 1 0.168892413855 0 4 
144 25 0.0 3 7 0 0 16 12 1 0.165561405799 0 4 
144 25 0.0 2 8 0 0 9 12 1 0.183749364499 0 3 
144 25 0.0 5 3 1 0 15 7 2 0.0465940134929 1 3 
144 25 0.0 4 0 0 0 1 2 1 0.191904189452 0 1 
144 25 0.0 7 6 0 0 18 18 2 0.0936541349889 2 2 
144 25 0.0 6 7 0 0 18 22 2 0.0936542991492 2 2 
144 25 0.0 9 0 0 0 8 1 2 0.0467608915165 1 0 
144 25 0.0 8 11 0 0 30 28 2 0.09157890213 2 4 
144 25 0.0 11 0 0 0 2 1 2 0.149657902026 1 0 
144 25 0.0 10 6 2 0 13 17 2 0.0452313747947 1 3 
144 25 0.0 13 0 1 0 12 2 2 1.96324555841e-25 2 0 
144 25 0.0 12 2 0 0 7 5 3 9.36751122371e-68 1 1 
144 25 0.0 15 4 2 0 6 15 3 3.30057181621e-62 1 2 
144 25 0.0 14 1 0 0 6 1 3 2.7747848607e-66 1 0 
144 25 0.0 17 2 0 0 8 1 3 2.71245272168e-52 1 0 
144 25 0.0 16 4 0 0 12 4 3 1.36853437336e-35 2 0 
144 25 0.0 19 17 1 0 28 29 3 1.66849495216e-45 5 2 
144 25 0.0 18 1 0 0 10 4 2 2.28155482147e-30 2 0 
144 25 2.0 20 9 1 0 21 18 3 8.73398883342e-14 4 1 
144 25 2.0 21 9 0 0 6 4 4 4.4349473754e-46 2 0 
144 25 2.0 22 5 0 0 4 1 4 3.43756293127e-46 1 0 
144 25 2.0 1 6 1 0 14 12 1 0.0973842554342 0 4 
144 25 2.0 3 7 0 0 16 12 1 0.103822880637 0 4 
144 25 2.0 2 8 0 0 9 12 1 0.121558408107 0 3 
144 25 2.0 5 3 1 0 15 7 2 0.0438317977036 1 3 
144 25 2.0 4 0 0 0 1 2 1 0.126180224719 0 1 
144 25 2.0 7 6 0 0 18 18 2 0.0777337156428 2 2 
144 25 2.0 6 7 0 0 18 22 2 0.148531724279 2 2 
144 25 2.0 9 0 0 0 8 1 2 0.0589134107152 1 0 
144 25 2.0 8 11 0 0 30 28 2 0.0858641807887 2 4 
144 25 2.0 11 0 0 0 2 1 2 0.179091309747 1 0 
144 25 2.0 10 6 2 0 13 17 2 0.0579090739292 1 3 
144 25 2.0 13 0 1 0 12 2 2 1.60542331736e-19 2 0 
144 25 2.0 12 2 0 0 7 5 3 1.35061292146e-35 1 1 
144 25 2.0 15 4 2 0 6 15 3 1.91086749395e-31 1 2 
144 25 2.0 14 1 0 0 6 1 3 2.48140899326e-33 1 0 
144 25 2.0 17 2 0 0 8 1 3 8.49975347495e-14 1 0 
144 25 2.0 16 4 0 0 12 4 3 0.0162771550412 2 0 
144 25 2.0 19 17 1 0 28 29 3 9.6041663541e-15 5 2 
144 25 2.0 18 1 0 0 10 4 2 8.85582541219e-27 2 0 
144 26 0.0 20 9 1 0 21 18 3 7.00802339456e-48 4 1 
144 26 0.0 21 9 0 0 6 4 4 1.4511570553e-77 2 0 
144 26 0.0 22 5 0 0 4 1 4 8.64545060052e-78 1 0 
144 26 0.0 1 6 1 0 14 12 1 0.181692988771 0 4 
144 26 0.0 3 7 0 0 16 12 1 0.190008057203 0 4 
144 26 0.0 2 8 0 0 9 12 1 0.199066044511 0 3 
144 26 0.0 5 3 1 0 15 7 2 0.0525951375229 1 3 
144 26 0.0 4 0 0 0 1 2 1 0.191831554157 0 1 
144 26 0.0 7 6 0 0 18 18 2 0.104892652856 2 2 
144 26 0.0 6 7 0 0 18 22 2 0.104893094704 2 2 
144 26 0.0 9 0 0 0 8 1 2 0.0512617007692 1 0 
144 26 0.0 8 11 0 0 30 28 2 0.103137406435 2 4 
144 26 0.0 11 0 0 0 2 1 2 0.14967393787 1 0 
144 26 0.0 10 6 2 0 13 17 2 0.0509652246708 1 3 
144 26 0.0 13 0 1 0 12 2 2 6.04216823059e-25 2 0 
144 26 0.0 12 2 0 0 7 5 3 4.48860315873e-66 1 1 
144 26 0.0 15 4 2 0 6 15 3 5.92187500241e-55 1 2 
144 26 0.0 14 1 0 0 6 1 3 1.83392784531e-64 1 0 
144 26 0.0 17 2 0 0 8 1 3 1.68061666361e-49 1 0 
144 26 0.0 16 4 0 0 12 4 3 3.61619945274e-36 2 0 
144 26 0.0 19 17 1 0 28 29 3 2.08899192697e-46 5 2 
144 26 0.0 18 1 0 0 10 4 2 2.02604799375e-30 2 0 
144 26 2.0 20 9 1 0 21 18 3 3.76288205102e-15 4 1 
144 26 2.0 21 9 0 0 6 4 4 8.96681582302e-46 2 0 
144 26 2.0 22 5 0 0 4 1 4 1.02925826427e-46 1 0 
144 26 2.0 1 6 1 0 14 12 1 0.108889765647 0 4 
144 26 2.0 3 7 0 0 16 12 1 0.127160319167 0 4 
144 26 2.0 2 8 0 0 9 12 1 0.14343306366 0 3 
144 26 2.0 5 3 1 0 15 7 2 0.0539933440672 1 3 
144 26 2.0 4 0 0 0 1 2 1 0.126320118692 0 1 
144 26 2.0 7 6 0 0 18 18 2 0.0955571314305 2 2 
144 26 2.0 6 7 0 0 18 22 2 0.185239216146 2 2 
144 26 2.0 9 0 0 0 8 1 2 0.0733081874767 1 0 
144 26 2.0 8 11 0 0 30 28 2 0.107795504841 2 4 
144 26 2.0 11 0 0 0 2 1 2 0.179185712078 1 0 
144 26 2.0 10 6 2 0 13 17 2 0.072286876615 1 3 
144 26 2.0 13 0 1 0 12 2 2 2.74933932668e-21 2 0 
144 26 2.0 12 2 0 0 7 5 3 6.09904200922e-40 1 1 
144 26 2.0 15 4 2 0 6 15 3 2.56038472732e-30 1 2 
144 26 2.0 14 1 0 0 6 1 3 1.26566638266e-37 1 0 
144 26 2.0 17 2 0 0 8 1 3 1.05368909498e-23 1 0 
144 26 2.0 16 4 0 0 12 4 3 0.022715190711 2 0 
144 26 2.0 19 17 1 0 28 29 3 1.61219833505e-11 5 2 
144 26 2.0 18 1 0 0 10 4 2 1.69086255201e-26 2 0 
144 27 0.0 20 9 1 0 21 18 3 3.90993985784e-49 4 1 
144 27 0.0 21 9 0 0 6 4 4 1.57897801283e-77 2 0 
144 27 0.0 22 5 0 0 4 1 4 1.11041961443e-77 1 0 
144 27 0.0 1 6 1 0 14 12 1 0.167603236796 0 4 
144 27 0.0 3 7 0 0 16 12 1 0.165765124388 0 4 
144 27 0.0 2 8 0 0 9 12 1 0.182237261045 0 3 
144 27 0.0 5 3 1 0 15 7 2 0.0507519938056 1 3 
144 27 0.0 4 0 0 0 1 2 1 0.191742369618 0 1 
144 27 0.0 7 6 0 0 18 18 2 0.100475552247 2 2 
144 27 0.0 6 7 0 0 18 22 2 0.100476425449 2 2 
144 27 0.0 9 0 0 0 8 1 2 0.0506907708937 1 0 
144 27 0.0 8 11 0 0 30 28 2 0.0999279331802 2 4 
144 27 0.0 11 0 0 0 2 1 2 0.149475757985 1 0 
144 27 0.0 10 6 2 0 13 17 2 0.0488439398 1 3 
144 27 0.0 13 0 1 0 12 2 2 3.00175343064e-23 2 0 
144 27 0.0 12 2 0 0 7 5 3 4.34900709934e-62 1 1 
144 27 0.0 15 4 2 0 6 15 3 6.26970227285e-63 1 2 
144 27 0.0 14 1 0 0 6 1 3 1.2535954764e-60 1 0 
144 27 0.0 17 2 0 0 8 1 3 6.85657189023e-43 1 0 
144 27 0.0 16 4 0 0 12 4 3 2.78835057584e-34 2 0 
144 27 0.0 19 17 1 0 28 29 3 8.10236496806e-48 5 2 
144 27 0.0 18 1 0 0 10 4 2 1.67172962337e-30 2 0 
144 27 2.0 20 9 1 0 21 18 3 1.80823256822e-13 4 1 
144 27 2.0 21 9 0 0 6 4 4 6.03670725124e-46 2 0 
144 27 2.0 22 5 0 0 4 1 4 3.95275456806e-46 1 0 
144 27 2.0 1 6 1 0 14 12 1 0.0942799898961 0 4 
144 27 2.0 3 7 0 0 16 12 1 0.0977673127055 0 4 
144 27 2.0 2 8 0 0 9 12 1 0.116986594309 0 3 
144 27 2.0 5 3 1 0 15 7 2 0.0440614380151 1 3 
144 27 2.0 4 0 0 0 1 2 1 0.126520249814 0 1 
144 27 2.0 7 6 0 0 18 18 2 0.0785708817757 2 2 
144 27 2.0 6 7 0 0 18 22 2 0.149415784664 2 2 
144 27 2.0 9 0 0 0 8 1 2 0.0609499687397 1 0 
144 27 2.0 8 11 0 0 30 28 2 0.0878006136475 2 4 
144 27 2.0 11 0 0 0 2 1 2 0.180700791767 1 0 
144 27 2.0 10 6 2 0 13 17 2 0.060111972506 1 3 
144 27 2.0 13 0 1 0 12 2 2 6.06721274535e-20 2 0 
144 27 2.0 12 2 0 0 7 5 3 2.00210350048e-37 1 1 
144 27 2.0 15 4 2 0 6 15 3 9.43295768332e-31 1 2 
144 27 2.0 14 1 0 0 6 1 3 1.75114344183e-35 1 0 
144 27 2.0 17 2 0 0 8 1 3 1.91286261851e-17 1 0 
144 27 2.0 16 4 0 0 12 4 3 0.0166028724144 2 0 
144 27 2.0 19 17 1 0 28 29 3 4.65687277068e-14 5 2 
144 27 2.0 18 1 0 0 10 4 2 9.22734893105e-27 2 0 
144 28 0.0 20 9 1 0 21 18 3 7.10373298761e-49 4 1 
144 28 0.0 21 9 0 0 6 4 4 1.24752672767e-77 2 0 
144 28 0.0 22 5 0 0 4 1 4 9.88235180817e-78 1 0 
144 28 0.0 1 6 1 0 14 12 1 0.179907581058 0 4 
144 28 0.0 3 7 0 0 16 12 1 0.174379075422 0 4 
144 28 0.0 2 8 0 0 9 12 1 0.194979030518 0 3 
144 28 0.0 5 3 1 0 15 7 2 0.0449648143236 1 3 
144 28 0.0 4 0 0 0 1 2 1 0.191592011022 0 1 
144 28 0.0 7 6 0 0 18 18 2 0.089701962785 2 2 
144 28 0.0 6 7 0 0 18 22 2 0.0897023040032 2 2 
144 28 0.0 9 0 0 0 8 1 2 0.0428468735462 1 0 
144 28 0.0 8 11 0 0 30 28 2 0.0871217813515 2 4 
144 28 0.0 11 0 0 0 2 1 2 0.149317466688 1 0 
144 28 0.0 10 6 2 0 13 17 2 0.0424282438978 1 3 
144 28 0.0 13 0 1 0 12 2 2 6.19367573142e-26 2 0 
144 28 0.0 12 2 0 0 7 5 3 3.72986544414e-65 1 1 
144 28 0.0 15 4 2 0 6 15 3 3.88907456899e-57 1 2 
144 28 0.0 14 1 0 0 6 1 3 6.39723815784e-64 1 0 
144 28 0.0 17 2 0 0 8 1 3 7.71534553767e-52 1 0 
144 28 0.0 16 4 0 0 12 4 3 1.51599772205e-36 2 0 
144 28 0.0 19 17 1 0 28 29 3 7.55729773651e-47 5 2 
144 28 0.0 18 1 0 0 10 4 2 5.83174325503e-31 2 0 
144 28 2.0 20 9 1 0 21 18 3 4.6947577434e-15 4 1 
144 28 2.0 21 9 0 0 6 4 4 6.44990329376e-46 2 0 
144 28 2.0 22 5 0 0 4 1 4 3.59857767286e-46 1 0 
144 28 2.0 1 6 1 0 14 12 1 0.0914558049063 0 4 
144 28 2.0 3 7 0 0 16 12 1 0.10583191451 0 4 
144 28 2.0 2 8 0 0 9 12 1 0.121309513413 0 3 
144 28 2.0 5 3 1 0 15 7 2 0.0453467375459 1 3 
144 28 2.0 4 0 0 0 1 2 1 0.127036683159 0 1 
144 28 2.0 7 6 0 0 18 18 2 0.0803404124503 2 2 
144 28 2.0 6 7 0 0 18 22 2 0.136465997124 2 2 
144 28 2.0 9 0 0 0 8 1 2 0.0500127602994 1 0 
144 28 2.0 8 11 0 0 30 28 2 0.0781033563741 2 4 
144 28 2.0 11 0 0 0 2 1 2 0.180666571337 1 0 
144 28 2.0 10 6 2 0 13 17 2 0.0495512355899 1 3 
144 28 2.0 13 0 1 0 12 2 2 1.58262790709e-21 2 0 
144 28 2.0 12 2 0 0 7 5 3 7.39252360053e-47 1 1 
144 28 2.0 15 4 2 0 6 15 3 5.14634132185e-28 1 2 
144 28 2.0 14 1 0 0 6 1 3 2.80228524373e-44 1 0 
144 28 2.0 17 2 0 0 8 1 3 7.61303149712e-30 1 0 
144 28 2.0 16 4 0 0 12 4 3 0.0235605585717 2 0 
144 28 2.0 19 17 1 0 28 29 3 5.09038373405e-13 5 2 
144 28 2.0 18 1 0 0 10 4 2 2.62005159222e-26 2 0 
144 29 0.0 20 9 1 0 21 18 3 5.93275367565e-48 4 1 
144 29 0.0 21 9 0 0 6 4 4 1.84417305572e-77 2 0 
144 29 0.0 22 5 0 0 4 1 4 7.79270105068e-78 1 0 
144 29 0.0 1 6 1 0 14 12 1 0.160511405171 0 4 
144 29 0.0 3 7 0 0 16 12 1 0.156964373441 0 4 
144 29 0.0 2 8 0 0 9 12 1 0.174888469515 0 3 
144 29 0.0 5 3 1 0 15 7 2 0.0480795384544 1 3 
144 29 0.0 4 0 0 0 1 2 1 0.191823142982 0 1 
144 29 0.0 7 6 0 0 18 18 2 0.094960077642 2 2 
144 29 0.0 6 7 0 0 18 22 2 0.0949607121095 2 2 
144 29 0.0 9 0 0 0 8 1 2 0.0469789102056 1 0 
144 29 0.0 8 11 0 0 30 28 2 0.0939169571066 2 4 
144 29 0.0 11 0 0 0 2 1 2 0.149718431358 1 0 
144 29 0.0 10 6 2 0 13 17 2 0.0461416174946 1 3 
144 29 0.0 13 0 1 0 12 2 2 2.56264904195e-24 2 0 
144 29 0.0 12 2 0 0 7 5 3 2.28320939359e-60 1 1 
144 29 0.0 15 4 2 0 6 15 3 3.91222308408e-60 1 2 
144 29 0.0 14 1 0 0 6 1 3 1.91912369944e-59 1 0 
144 29 0.0 17 2 0 0 8 1 3 2.09850118306e-42 1 0 
144 29 0.0 16 4 0 0 12 4 3 1.42807212411e-33 2 0 
144 29 0.0 19 17 1 0 28 29 3 2.11124695997e-45 5 2 
144 29 0.0 18 1 0 0 10 4 2 1.10532519782e-30 2 0 
144 29 2.0 20 9 1 0 21 18 3 2.30501393735e-12 4 1 
144 29 2.0 21 9 0 0 6 4 4 7.89015910808e-46 2 0 
144 29 2.0 22 5 0 0 4 1 4 2.66480984953e-46 1 0 
144 29 2.0 1 6 1 0 14 12 1 0.0944913443559 0 4 
144 29 2.0 3 7 0 0 16 12 1 0.101980675063 0 4 
144 29 2.0 2 8 0 0 9 12 1 0.116903655239 0 3 
144 29 2.0 5 3 1 0 15 7 2 0.0466238899765 1 3 
144 29 2.0 4 0 0 0 1 2 1 0.127389314263 0 1 
144 29 2.0 7 6 0 0 18 18 2 0.0828959555337 2 2 
144 29 2.0 6 7 0 0 18 22 2 0.152183349648 2 2 
144 29 2.0 9 0 0 0 8 1 2 0.057247736165 1 0 
144 29 2.0 8 11 0 0 30 28 2 0.08787335487 2 4 
144 29 2.0 11 0 0 0 2 1 2 0.180508631824 1 0 
144 29 2.0 10 6 2 0 13 17 2 0.0566068221169 1 3 
144 29 2.0 13 0 1 0 12 2 2 2.59670195303e-19 2 0 
144 29 2.0 12 2 0 0 7 5 3 2.77221073173e-35 1 1 
144 29 2.0 15 4 2 0 6 15 3 3.91680348576e-29 1 2 
144 29 2.0 14 1 0 0 6 1 3 1.99160773083e-32 1 0 
144 29 2.0 17 2 0 0 8 1 3 3.78030743042e-11 1 0 
144 29 2.0 16 4 0 0 12 4 3 0.0150132087198 2 0 
144 29 2.0 19 17 1 0 28 29 3 2.17980701827e-13 5 2 
144 29 2.0 18 1 0 0 10 4 2 7.16491743759e-27 2 0 
144 30 0.0 20 9 1 0 21 18 3 2.48919294182e-50 4 1 
144 30 0.0 21 9 0 0 6 4 4 1.1694889336e-77 2 0 
144 30 0.0 22 5 0 0 4 1 4 9.32219505138e-78 1 0 
144 30 0.0 1 6 1 0 14 12 1 0.173378706336 0 4 
144 30 0.0 3 7 0 0 16 12 1 0.171819304844 0 4 
144 30 0.0 2 8 0 0 9 12 1 0.189212957168 0 3 
144 30 0.0 5 3 1 0 15 7 2 0.0451238661276 1 3 
144 30 0.0 4 0 0 0 1 2 1 0.191753990786 0 1 
144 30 0.0 7 6 0 0 18 18 2 0.0898779175338 2 2 
144 30 0.0 6 7 0 0 18 22 2 0.089878250912 2 2 
144 30 0.0 9 0 0 0 8 1 2 0.0453275685264 1 0 
144 30 0.0 8 11 0 0 30 28 2 0.0896845049425 2 4 
144 30 0.0 11 0 0 0 2 1 2 0.149481025693 1 0 
144 30 0.0 10 6 2 0 13 17 2 0.0436840590221 1 3 
144 30 0.0 13 0 1 0 12 2 2 4.04453477065e-25 2 0 
144 30 0.0 12 2 0 0 7 5 3 2.4368398482e-61 1 1 
144 30 0.0 15 4 2 0 6 15 3 1.33395582805e-62 1 2 
144 30 0.0 14 1 0 0 6 1 3 6.71658793917e-61 1 0 
144 30 0.0 17 2 0 0 8 1 3 1.00662464058e-44 1 0 
144 30 0.0 16 4 0 0 12 4 3 8.09224059581e-34 2 0 
144 30 0.0 19 17 1 0 28 29 3 2.44355802469e-47 5 2 
144 30 0.0 18 1 0 0 10 4 2 7.37715644886e-32 2 0 
144 30 2.0 20 9 1 0 21 18 3 7.07733467027e-17 4 1 
144 30 2.0 21 9 0 0 6 4 4 9.25598529605e-46 2 0 
144 30 2.0 22 5 0 0 4 1 4 3.38112940454e-46 1 0 
144 30 2.0 1 6 1 0 14 12 1 0.143016552612 0 4 
144 30 2.0 3 7 0 0 16 12 1 0.124170196036 0 4 
144 30 2.0 2 8 0 0 9 12 1 0.160387097571 0 3 
144 30 2.0 5 3 1 0 15 7 2 0.0567430315405 1 3 
144 30 2.0 4 0 0 0 1 2 1 0.126099962823 0 1 
144 30 2.0 7 6 0 0 18 18 2 0.116672139157 2 2 
144 30 2.0 6 7 0 0 18 22 2 0.138828929299 2 2 
144 30 2.0 9 0 0 0 8 1 2 0.0637025166477 1 0 
144 30 2.0 8 11 0 0 30 28 2 0.11227853296 2 4 
144 30 2.0 11 0 0 0 2 1 2 0.180349958095 1 0 
144 30 2.0 10 6 2 0 13 17 2 0.0631291770175 1 3 
144 30 2.0 13 0 1 0 12 2 2 1.44751807534e-22 2 0 
144 30 2.0 12 2 0 0 7 5 3 2.49545509945e-47 1 1 
144 30 2.0 15 4 2 0 6 15 3 8.07843285095e-28 1 2 
144 30 2.0 14 1 0 0 6 1 3 2.16019373658e-45 1 0 
144 30 2.0 17 2 0 0 8 1 3 5.52583313825e-33 1 0 
144 30 2.0 16 4 0 0 12 4 3 0.00928449649029 2 0 
144 30 2.0 19 17 1 0 28 29 3 4.20813694053e-14 5 2 
144 30 2.0 18 1 0 0 10 4 2 2.68072185695e-26 2 0 
144 31 0.0 20 9 1 0 21 18 3 2.71067594063e-48 4 1 
144 31 0.0 21 9 0 0 6 4 4 1.6844647998e-77 2 0 
144 31 0.0 22 5 0 0 4 1 4 6.46724217104e-78 1 0 
144 31 0.0 1 6 1 0 14 12 1 0.175048287035 0 4 
144 31 0.0 3 7 0 0 16 12 1 0.173861258073 0 4 
144 31 0.0 2 8 0 0 9 12 1 0.19105425901 0 3 
144 31 0.0 5 3 1 0 15 7 2 0.0449814870829 1 3 
144 31 0.0 4 0 0 0 1 2 1 0.191248072698 0 1 
144 31 0.0 7 6 0 0 18 18 2 0.0897959161146 2 2 
144 31 0.0 6 7 0 0 18 22 2 0.0897966763342 2 2 
144 31 0.0 9 0 0 0 8 1 2 0.0449099384541 1 0 
144 31 0.0 8 11 0 0 30 28 2 0.0894594060039 2 4 
144 31 0.0 11 0 0 0 2 1 2 0.149380352608 1 0 
144 31 0.0 10 6 2 0 13 17 2 0.0439749001846 1 3 
144 31 0.0 13 0 1 0 12 2 2 2.87154418636e-24 2 0 
144 31 0.0 12 2 0 0 7 5 3 2.98183882309e-63 1 1 
144 31 0.0 15 4 2 0 6 15 3 3.17879224637e-60 1 2 
144 31 0.0 14 1 0 0 6 1 3 1.05433820198e-61 1 0 
144 31 0.0 17 2 0 0 8 1 3 2.15222193983e-44 1 0 
144 31 0.0 16 4 0 0 12 4 3 4.25900227289e-35 2 0 
144 31 0.0 19 17 1 0 28 29 3 1.93433487706e-46 5 2 
144 31 0.0 18 1 0 0 10 4 2 1.86825461802e-30 2 0 
144 31 2.0 20 9 1 0 21 18 3 2.56457474089e-14 4 1 
144 31 2.0 21 9 0 0 6 4 4 6.53606112163e-46 2 0 
144 31 2.0 22 5 0 0 4 1 4 1.04724292359e-46 1 0 
144 31 2.0 1 6 1 0 14 12 1 0.116464246849 0 4 
144 31 2.0 3 7 0 0 16 12 1 0.154811831741 0 4 
144 31 2.0 2 8 0 0 9 12 1 0.150315224819 0 3 
144 31 2.0 5 3 1 0 15 7 2 0.0453187074692 1 3 
144 31 2.0 4 0 0 0 1 2 1 0.126477176407 0 1 
144 31 2.0 7 6 0 0 18 18 2 0.0815087769722 2 2 
144 31 2.0 6 7 0 0 18 22 2 0.154766176227 2 2 
144 31 2.0 9 0 0 0 8 1 2 0.0534128149485 1 0 
144 31 2.0 8 11 0 0 30 28 2 0.0842237572774 2 4 
144 31 2.0 11 0 0 0 2 1 2 0.180688873406 1 0 
144 31 2.0 10 6 2 0 13 17 2 0.0532149239119 1 3 
144 31 2.0 13 0 1 0 12 2 2 6.95628656806e-23 2 0 
144 31 2.0 12 2 0 0 7 5 3 1.08654336184e-44 1 1 
144 31 2.0 15 4 2 0 6 15 3 9.08091808775e-23 1 2 
144 31 2.0 14 1 0 0 6 1 3 1.23741687081e-42 1 0 
144 31 2.0 17 2 0 0 8 1 3 5.14539805257e-27 1 0 
144 31 2.0 16 4 0 0 12 4 3 0.0127428897246 2 0 
144 31 2.0 19 17 1 0 28 29 3 3.81371322767e-10 5 2 
144 31 2.0 18 1 0 0 10 4 2 1.12056813616e-26 2 0 
144 32 0.0 20 9 1 0 21 18 3 3.09390416436e-48 4 1 
144 32 0.0 21 9 0 0 6 4 4 1.30805406956e-77 2 0 
144 32 0.0 22 5 0 0 4 1 4 1.14864436336e-77 1 0 
144 32 0.0 1 6 1 0 14 12 1 0.162538002211 0 4 
144 32 0.0 3 7 0 0 16 12 1 0.164873859333 0 4 
144 32 0.0 2 8 0 0 9 12 1 0.178479182269 0 3 
144 32 0.0 5 3 1 0 15 7 2 0.048263788365 1 3 
144 32 0.0 4 0 0 0 1 2 1 0.191754830551 0 1 
144 32 0.0 7 6 0 0 18 18 2 0.0958094228454 2 2 
144 32 0.0 6 7 0 0 18 22 2 0.095809900139 2 2 
144 32 0.0 9 0 0 0 8 1 2 0.0482693741769 1 0 
144 32 0.0 8 11 0 0 30 28 2 0.0956414600171 2 4 
144 32 0.0 11 0 0 0 2 1 2 0.149623980533 1 0 
144 32 0.0 10 6 2 0 13 17 2 0.0474141902945 1 3 
144 32 0.0 13 0 1 0 12 2 2 4.71373506969e-26 2 0 
144 32 0.0 12 2 0 0 7 5 3 1.01293286114e-62 1 1 
144 32 0.0 15 4 2 0 6 15 3 7.85720807219e-60 1 2 
144 32 0.0 14 1 0 0 6 1 3 2.5925825152e-61 1 0 
144 32 0.0 17 2 0 0 8 1 3 3.7318746405e-48 1 0 
144 32 0.0 16 4 0 0 12 4 3 9.0200626863e-36 2 0 
144 32 0.0 19 17 1 0 28 29 3 4.75977409146e-46 5 2 
144 32 0.0 18 1 0 0 10 4 2 6.72443312065e-31 2 0 
144 32 2.0 20 9 1 0 21 18 3 9.84259864122e-15 4 1 
144 32 2.0 21 9 0 0 6 4 4 7.28731194121e-46 2 0 
144 32 2.0 22 5 0 0 4 1 4 7.98383550919e-47 1 0 
144 32 2.0 1 6 1 0 14 12 1 0.119696989873 0 4 
144 32 2.0 3 7 0 0 16 12 1 0.104123416753 0 4 
144 32 2.0 2 8 0 0 9 12 1 0.141140123303 0 3 
144 32 2.0 5 3 1 0 15 7 2 0.0428883904036 1 3 
144 32 2.0 4 0 0 0 1 2 1 0.127495999199 0 1 
144 32 2.0 7 6 0 0 18 18 2 0.0761532923121 2 2 
144 32 2.0 6 7 0 0 18 22 2 0.144843545483 2 2 
144 32 2.0 9 0 0 0 8 1 2 0.0482887877684 1 0 
144 32 2.0 8 11 0 0 30 28 2 0.076822039017 2 4 
144 32 2.0 11 0 0 0 2 1 2 0.180390261303 1 0 
144 32 2.0 10 6 2 0 13 17 2 0.0479286492375 1 3 
144 32 2.0 13 0 1 0 12 2 2 1.52200052283e-21 2 0 
144 32 2.0 12 2 0 0 7 5 3 7.17749724852e-39 1 1 
144 32 2.0 15 4 2 0 6 15 3 4.98317722904e-27 1 2 
144 32 2.0 14 1 0 0 6 1 3 6.67583545797e-39 1 0 
144 32 2.0 17 2 0 0 8 1 3 2.92142091432e-23 1 0 
144 32 2.0 16 4 0 0 12 4 3 0.0128447761852 2 0 
144 32 2.0 19 17 1 0 28 29 3 1.06264719872e-10 5 2 
144 32 2.0 18 1 0 0 10 4 2 2.4142307868e-27 2 0 
144 33 0.0 20 9 1 0 21 18 3 3.47660128589e-49 4 1 
144 33 0.0 21 9 0 0 6 4 4 1.44925694478e-77 2 0 
144 33 0.0 22 5 0 0 4 1 4 5.59164065969e-78 1 0 
144 33 0.0 1 6 1 0 14 12 1 0.170534116259 0 4 
144 33 0.0 3 7 0 0 16 12 1 0.169778720917 0 4 
144 33 0.0 2 8 0 0 9 12 1 0.185510391012 0 3 
144 33 0.0 5 3 1 0 15 7 2 0.0498925906423 1 3 
144 33 0.0 4 0 0 0 1 2 1 0.191152111469 0 1 
144 33 0.0 7 6 0 0 18 18 2 0.100548220541 2 2 
144 33 0.0 6 7 0 0 18 22 2 0.100548322966 2 2 
144 33 0.0 9 0 0 0 8 1 2 0.0510283269016 1 0 
144 33 0.0 8 11 0 0 30 28 2 0.0998135696938 2 4 
144 33 0.0 11 0 0 0 2 1 2 0.149508961095 1 0 
144 33 0.0 10 6 2 0 13 17 2 0.0506526329642 1 3 
144 33 0.0 13 0 1 0 12 2 2 1.84855228782e-25 2 0 
144 33 0.0 12 2 0 0 7 5 3 2.63807888654e-68 1 1 
144 33 0.0 15 4 2 0 6 15 3 1.4024279397e-55 1 2 
144 33 0.0 14 1 0 0 6 1 3 5.62868953129e-66 1 0 
144 33 0.0 17 2 0 0 8 1 3 3.87074458044e-52 1 0 
144 33 0.0 16 4 0 0 12 4 3 9.31836148405e-35 2 0 
144 33 0.0 19 17 1 0 28 29 3 4.78591177614e-46 5 2 
144 33 0.0 18 1 0 0 10 4 2 3.47246374756e-31 2 0 
144 33 2.0 20 9 1 0 21 18 3 7.44381028341e-13 4 1 
144 33 2.0 21 9 0 0 6 4 4 7.01683094259e-46 2 0 
144 33 2.0 22 5 0 0 4 1 4 1.29927724686e-46 1 0 
144 33 2.0 1 6 1 0 14 12 1 0.0991254422229 0 4 
144 33 2.0 3 7 0 0 16 12 1 0.118906125111 0 4 
144 33 2.0 2 8 0 0 9 12 1 0.124561660807 0 3 
144 33 2.0 5 3 1 0 15 7 2 0.0553046106248 1 3 
144 33 2.0 4 0 0 0 1 2 1 0.126204174184 0 1 
144 33 2.0 7 6 0 0 18 18 2 0.0984437917698 2 2 
144 33 2.0 6 7 0 0 18 22 2 0.185054644263 2 2 
144 33 2.0 9 0 0 0 8 1 2 0.0670755263009 1 0 
144 33 2.0 8 11 0 0 30 28 2 0.104464332193 2 4 
144 33 2.0 11 0 0 0 2 1 2 0.17913852956 1 0 
144 33 2.0 10 6 2 0 13 17 2 0.0665497844109 1 3 
144 33 2.0 13 0 1 0 12 2 2 1.24410097667e-18 2 0 
144 33 2.0 12 2 0 0 7 5 3 9.43508025019e-38 1 1 
144 33 2.0 15 4 2 0 6 15 3 6.09662373332e-27 1 2 
144 33 2.0 14 1 0 0 6 1 3 3.12309887777e-35 1 0 
144 33 2.0 17 2 0 0 8 1 3 2.8445959712e-15 1 0 
144 33 2.0 16 4 0 0 12 4 3 0.0155716028801 2 0 
144 33 2.0 19 17 1 0 28 29 3 1.85127570169e-11 5 2 
144 33 2.0 18 1 0 0 10 4 2 1.28714585545e-26 2 0 
144 34 0.0 20 9 1 0 21 18 3 8.20115719185e-49 4 1 
144 34 0.0 21 9 0 0 6 4 4 1.54453083848e-77 2 0 
144 34 0.0 22 5 0 0 4 1 4 1.00577448247e-77 1 0 
144 34 0.0 1 6 1 0 14 12 1 0.170105213432 0 4 
144 34 0.0 3 7 0 0 16 12 1 0.164435619865 0 4 
144 34 0.0 2 8 0 0 9 12 1 0.184769268421 0 3 
144 34 0.0 5 3 1 0 15 7 2 0.0447746589105 1 3 
144 34 0.0 4 0 0 0 1 2 1 0.19113401251 0 1 
144 34 0.0 7 6 0 0 18 18 2 0.0896276553274 2 2 
144 34 0.0 6 7 0 0 18 22 2 0.0896278612634 2 2 
144 34 0.0 9 0 0 0 8 1 2 0.0429757370409 1 0 
144 34 0.0 8 11 0 0 30 28 2 0.0865252949611 2 4 
144 34 0.0 11 0 0 0 2 1 2 0.149556005513 1 0 
144 34 0.0 10 6 2 0 13 17 2 0.0425667562298 1 3 
144 34 0.0 13 0 1 0 12 2 2 5.5168700853e-26 2 0 
144 34 0.0 12 2 0 0 7 5 3 1.50097214511e-67 1 1 
144 34 0.0 15 4 2 0 6 15 3 3.63930360428e-57 1 2 
144 34 0.0 14 1 0 0 6 1 3 1.07358569119e-65 1 0 
144 34 0.0 17 2 0 0 8 1 3 3.25814181041e-54 1 0 
144 34 0.0 16 4 0 0 12 4 3 1.44663798376e-36 2 0 
144 34 0.0 19 17 1 0 28 29 3 2.41043417104e-46 5 2 
144 34 0.0 18 1 0 0 10 4 2 8.75535800987e-31 2 0 
144 34 2.0 20 9 1 0 21 18 3 5.1378468172e-15 4 1 
144 34 2.0 21 9 0 0 6 4 4 5.45628901266e-46 2 0 
144 34 2.0 22 5 0 0 4 1 4 4.5322399734e-46 1 0 
144 34 2.0 1 6 1 0 14 12 1 0.0982509332215 0 4 
144 34 2.0 3 7 0 0 16 12 1 0.109932645389 0 4 
144 34 2.0 2 8 0 0 9 12 1 0.130255903524 0 3 
144 34 2.0 5 3 1 0 15 7 2 0.0444263627076 1 3 
144 34 2.0 4 0 0 0 1 2 1 0.12669470588 0 1 
144 34 2.0 7 6 0 0 18 18 2 0.0754713807473 2 2 
144 34 2.0 6 7 0 0 18 22 2 0.148323784946 2 2 
144 34 2.0 9 0 0 0 8 1 2 0.0475021712408 1 0 
144 34 2.0 8 11 0 0 30 28 2 0.0742569805784 2 4 
144 34 2.0 11 0 0 0 2 1 2 0.180816172546 1 0 
144 34 2.0 10 6 2 0 13 17 2 0.0472502622958 1 3 
144 34 2.0 13 0 1 0 12 2 2 1.43271437522e-22 2 0 
144 34 2.0 12 2 0 0 7 5 3 6.66507360395e-45 1 1 
144 34 2.0 15 4 2 0 6 15 3 1.42686791838e-24 1 2 
144 34 2.0 14 1 0 0 6 1 3 2.41630338102e-42 1 0 
144 34 2.0 17 2 0 0 8 1 3 7.94575221962e-32 1 0 
144 34 2.0 16 4 0 0 12 4 3 0.0231849522799 2 0 
144 34 2.0 19 17 1 0 28 29 3 2.09100811821e-13 5 2 
144 34 2.0 18 1 0 0 10 4 2 9.52648835494e-27 2 0 
144 35 0.0 20 9 1 0 21 18 3 1.15189246429e-49 4 1 
144 35 0.0 21 9 0 0 6 4 4 2.07344489925e-77 2 0 
144 35 0.0 22 5 0 0 4 1 4 7.81268099171e-78 1 0 
144 35 0.0 1 6 1 0 14 12 1 0.166585824489 0 4 
144 35 0.0 3 7 0 0 16 12 1 0.16712068138 0 4 
144 35 0.0 2 8 0 0 9 12 1 0.182256838324 0 3 
144 35 0.0 5 3 1 0 15 7 2 0.0477660302028 1 3 
144 35 0.0 4 0 0 0 1 2 1 0.191128970761 0 1 
144 35 0.0 7 6 0 0 18 18 2 0.0951348159644 2 2 
144 35 0.0 6 7 0 0 18 22 2 0.0951351503593 2 2 
144 35 0.0 9 0 0 0 8 1 2 0.0482508476833 1 0 
144 35 0.0 8 11 0 0 30 28 2 0.094549833914 2 4 
144 35 0.0 11 0 0 0 2 1 2 0.14963298476 1 0 
144 35 0.0 10 6 2 0 13 17 2 0.0463224559779 1 3 
144 35 0.0 13 0 1 0 12 2 2 2.37715871202e-24 2 0 
144 35 0.0 12 2 0 0 7 5 3 1.56653562592e-65 1 1 
144 35 0.0 15 4 2 0 6 15 3 3.81777328309e-63 1 2 
144 35 0.0 14 1 0 0 6 1 3 1.33689137558e-63 1 0 
144 35 0.0 17 2 0 0 8 1 3 8.90791643634e-47 1 0 
144 35 0.0 16 4 0 0 12 4 3 1.58344200043e-34 2 0 
144 35 0.0 19 17 1 0 28 29 3 6.52852144185e-48 5 2 
144 35 0.0 18 1 0 0 10 4 2 2.90695774645e-30 2 0 
144 35 2.0 20 9 1 0 21 18 3 2.12512370542e-15 4 1 
144 35 2.0 21 9 0 0 6 4 4 5.73318453978e-46 2 0 
144 35 2.0 22 5 0 0 4 1 4 1.35915060971e-46 1 0 
144 35 2.0 1 6 1 0 14 12 1 0.102133538789 0 4 
144 35 2.0 3 7 0 0 16 12 1 0.0973749000135 0 4 
144 35 2.0 2 8 0 0 9 12 1 0.130784599168 0 3 
144 35 2.0 5 3 1 0 15 7 2 0.0479400656626 1 3 
144 35 2.0 4 0 0 0 1 2 1 0.127646038534 0 1 
144 35 2.0 7 6 0 0 18 18 2 0.0830219809202 2 2 
144 35 2.0 6 7 0 0 18 22 2 0.155071541593 2 2 
144 35 2.0 9 0 0 0 8 1 2 0.055764765031 1 0 
144 35 2.0 8 11 0 0 30 28 2 0.0853256799772 2 4 
144 35 2.0 11 0 0 0 2 1 2 0.180006296891 1 0 
144 35 2.0 10 6 2 0 13 17 2 0.0546942091971 1 3 
144 35 2.0 13 0 1 0 12 2 2 2.92826151855e-21 2 0 
144 35 2.0 12 2 0 0 7 5 3 3.30938357102e-42 1 1 
144 35 2.0 15 4 2 0 6 15 3 1.31394115205e-32 1 2 
144 35 2.0 14 1 0 0 6 1 3 3.89403468806e-41 1 0 
144 35 2.0 17 2 0 0 8 1 3 6.29290724957e-26 1 0 
144 35 2.0 16 4 0 0 12 4 3 0.0246323066321 2 0 
144 35 2.0 19 17 1 0 28 29 3 6.01312997275e-11 5 2 
144 35 2.0 18 1 0 0 10 4 2 2.93275352573e-27 2 0 
144 36 0.0 20 9 1 0 21 18 3 3.40455407782e-47 4 1 
144 36 0.0 21 9 0 0 6 4 4 1.72898028927e-77 2 0 
144 36 0.0 22 5 0 0 4 1 4 2.03475513497e-78 1 0 
144 36 0.0 1 6 1 0 14 12 1 0.192271350781 0 4 
144 36 0.0 3 7 0 0 16 12 1 0.19562224421 0 4 
144 36 0.0 2 8 0 0 9 12 1 0.209377047366 0 3 
144 36 0.0 5 3 1 0 15 7 2 0.0487330281778 1 3 
144 36 0.0 4 0 0 0 1 2 1 0.191259246398 0 1 
144 36 0.0 7 6 0 0 18 18 2 0.0975578189147 2 2 
144 36 0.0 6 7 0 0 18 22 2 0.0975580406949 2 2 
144 36 0.0 9 0 0 0 8 1 2 0.0463012374096 1 0 
144 36 0.0 8 11 0 0 30 28 2 0.0946196506687 2 4 
144 36 0.0 11 0 0 0 2 1 2 0.149385328376 1 0 
144 36 0.0 10 6 2 0 13 17 2 0.046270300863 1 3 
144 36 0.0 13 0 1 0 12 2 2 6.60608973401e-24 2 0 
144 36 0.0 12 2 0 0 7 5 3 2.22080980549e-65 1 1 
144 36 0.0 15 4 2 0 6 15 3 1.02218369296e-49 1 2 
144 36 0.0 14 1 0 0 6 1 3 1.29285109555e-64 1 0 
144 36 0.0 17 2 0 0 8 1 3 2.11794458083e-48 1 0 
144 36 0.0 16 4 0 0 12 4 3 1.22008062562e-34 2 0 
144 36 0.0 19 17 1 0 28 29 3 1.6125129635e-43 5 2 
144 36 0.0 18 1 0 0 10 4 2 1.52208725772e-31 2 0 
144 36 2.0 20 9 1 0 21 18 3 3.53354723747e-14 4 1 
144 36 2.0 21 9 0 0 6 4 4 6.30240549351e-46 2 0 
144 36 2.0 22 5 0 0 4 1 4 2.4212623181e-46 1 0 
144 36 2.0 1 6 1 0 14 12 1 0.146205826813 0 4 
144 36 2.0 3 7 0 0 16 12 1 0.125474883153 0 4 
144 36 2.0 2 8 0 0 9 12 1 0.160563704064 0 3 
144 36 2.0 5 3 1 0 15 7 2 0.0562308209624 1 3 
144 36 2.0 4 0 0 0 1 2 1 0.126429693307 0 1 
144 36 2.0 7 6 0 0 18 18 2 0.120875949212 2 2 
144 36 2.0 6 7 0 0 18 22 2 0.137574850971 2 2 
144 36 2.0 9 0 0 0 8 1 2 0.0584377906831 1 0 
144 36 2.0 8 11 0 0 30 28 2 0.106511040403 2 4 
144 36 2.0 11 0 0 0 2 1 2 0.179856086798 1 0 
144 36 2.0 10 6 2 0 13 17 2 0.0582906990673 1 3 
144 36 2.0 13 0 1 0 12 2 2 9.94121577396e-23 2 0 
144 36 2.0 12 2 0 0 7 5 3 1.99893569974e-49 1 1 
144 36 2.0 15 4 2 0 6 15 3 5.84980826348e-21 1 2 
144 36 2.0 14 1 0 0 6 1 3 9.82054972462e-47 1 0 
144 36 2.0 17 2 0 0 8 1 3 2.26405004437e-34 1 0 
144 36 2.0 16 4 0 0 12 4 3 0.00691805501604 2 0 
144 36 2.0 19 17 1 0 28 29 3 1.12411842631e-10 5 2 
144 36 2.0 18 1 0 0 10 4 2 3.48181271519e-27 2 0 
144 37 0.0 20 9 1 0 21 18 3 2.40642922426e-47 4 1 
144 37 0.0 21 9 0 0 6 4 4 1.64217717741e-77 2 0 
144 37 0.0 22 5 0 0 4 1 4 1.07935876421e-77 1 0 
144 37 0.0 1 6 1 0 14 12 1 0.189984434144 0 4 
144 37 0.0 3 7 0 0 16 12 1 0.186318967693 0 4 
144 37 0.0 2 8 0 0 9 12 1 0.205210868685 0 3 
144 37 0.0 5 3 1 0 15 7 2 0.0484187893003 1 3 
144 37 0.0 4 0 0 0 1 2 1 0.191818499876 0 1 
144 37 0.0 7 6 0 0 18 18 2 0.0965511813707 2 2 
144 37 0.0 6 7 0 0 18 22 2 0.0965524135186 2 2 
144 37 0.0 9 0 0 0 8 1 2 0.0472867667646 1 0 
144 37 0.0 8 11 0 0 30 28 2 0.0954184646376 2 4 
144 37 0.0 11 0 0 0 2 1 2 0.149511161847 1 0 
144 37 0.0 10 6 2 0 13 17 2 0.0465868477108 1 3 
144 37 0.0 13 0 1 0 12 2 2 1.68881893367e-24 2 0 
144 37 0.0 12 2 0 0 7 5 3 5.62658844916e-63 1 1 
144 37 0.0 15 4 2 0 6 15 3 4.70124824312e-59 1 2 
144 37 0.0 14 1 0 0 6 1 3 4.32738606288e-61 1 0 
144 37 0.0 17 2 0 0 8 1 3 2.80666502061e-46 1 0 
144 37 0.0 16 4 0 0 12 4 3 5.11528075758e-37 2 0 
144 37 0.0 19 17 1 0 28 29 3 8.32408603995e-47 5 2 
144 37 0.0 18 1 0 0 10 4 2 1.54055704088e-30 2 0 
144 37 2.0 20 9 1 0 21 18 3 2.29350353651e-12 4 1 
144 37 2.0 21 9 0 0 6 4 4 7.77309313825e-46 2 0 
144 37 2.0 22 5 0 0 4 1 4 3.63648600049e-46 1 0 
144 37 2.0 1 6 1 0 14 12 1 0.122798717072 0 4 
144 37 2.0 3 7 0 0 16 12 1 0.128375848203 0 4 
144 37 2.0 2 8 0 0 9 12 1 0.146948951037 0 3 
144 37 2.0 5 3 1 0 15 7 2 0.0569099385417 1 3 
144 37 2.0 4 0 0 0 1 2 1 0.126381891654 0 1 
144 37 2.0 7 6 0 0 18 18 2 0.102391893652 2 2 
144 37 2.0 6 7 0 0 18 22 2 0.197044441344 2 2 
144 37 2.0 9 0 0 0 8 1 2 0.0679679663056 1 0 
144 37 2.0 8 11 0 0 30 28 2 0.107115223106 2 4 
144 37 2.0 11 0 0 0 2 1 2 0.180558478995 1 0 
144 37 2.0 10 6 2 0 13 17 2 0.0676072622064 1 3 
144 37 2.0 13 0 1 0 12 2 2 4.63503711369e-20 2 0 
144 37 2.0 12 2 0 0 7 5 3 7.98591436221e-37 1 1 
144 37 2.0 15 4 2 0 6 15 3 6.70334929596e-25 1 2 
144 37 2.0 14 1 0 0 6 1 3 1.88796269691e-34 1 0 
144 37 2.0 17 2 0 0 8 1 3 1.18018494048e-14 1 0 
144 37 2.0 16 4 0 0 12 4 3 0.0119729307221 2 0 
144 37 2.0 19 17 1 0 28 29 3 6.30790112576e-14 5 2 
144 37 2.0 18 1 0 0 10 4 2 3.85002303586e-27 2 0 
144 38 0.0 20 9 1 0 21 18 3 1.23001535649e-47 4 1 
144 38 0.0 21 9 0 0 6 4 4 1.69625761163e-77 2 0 
144 38 0.0 22 5 0 0 4 1 4 1.22079704603e-77 1 0 
144 38 0.0 1 6 1 0 14 12 1 0.17319026819 0 4 
144 38 0.0 3 7 0 0 16 12 1 0.170841268958 0 4 
144 38 0.0 2 8 0 0 9 12 1 0.187876286747 0 3 
144 38 0.0 5 3 1 0 15 7 2 0.0506385224977 1 3 
144 38 0.0 4 0 0 0 1 2 1 0.191138115034 0 1 
144 38 0.0 7 6 0 0 18 18 2 0.100378397374 2 2 
144 38 0.0 6 7 0 0 18 22 2 0.100381105964 2 2 
144 38 0.0 9 0 0 0 8 1 2 0.0507653670262 1 0 
144 38 0.0 8 11 0 0 30 28 2 0.100068842584 2 4 
144 38 0.0 11 0 0 0 2 1 2 0.149684770255 1 0 
144 38 0.0 10 6 2 0 13 17 2 0.0487771650668 1 3 
144 38 0.0 13 0 1 0 12 2 2 5.98500543057e-24 2 0 
144 38 0.0 12 2 0 0 7 5 3 3.15496556669e-61 1 1 
144 38 0.0 15 4 2 0 6 15 3 3.81193457949e-63 1 2 
144 38 0.0 14 1 0 0 6 1 3 3.25523295428e-59 1 0 
144 38 0.0 17 2 0 0 8 1 3 3.59950564628e-42 1 0 
144 38 0.0 16 4 0 0 12 4 3 1.0894612372e-36 2 0 
144 38 0.0 19 17 1 0 28 29 3 9.47360695944e-48 5 2 
144 38 0.0 18 1 0 0 10 4 2 2.08721795863e-30 2 0 
144 38 2.0 20 9 1 0 21 18 3 2.38634948627e-12 4 1 
144 38 2.0 21 9 0 0 6 4 4 5.91120609964e-46 2 0 
144 38 2.0 22 5 0 0 4 1 4 3.27284450541e-46 1 0 
144 38 2.0 1 6 1 0 14 12 1 0.107425752868 0 4 
144 38 2.0 3 7 0 0 16 12 1 0.074093069114 0 4 
144 38 2.0 2 8 0 0 9 12 1 0.121599353622 0 3 
144 38 2.0 5 3 1 0 15 7 2 0.0486745198111 1 3 
144 38 2.0 4 0 0 0 1 2 1 0.126440604912 0 1 
144 38 2.0 7 6 0 0 18 18 2 0.0846809580491 2 2 
144 38 2.0 6 7 0 0 18 22 2 0.172658775096 2 2 
144 38 2.0 9 0 0 0 8 1 2 0.055360386375 1 0 
144 38 2.0 8 11 0 0 30 28 2 0.0870676285655 2 4 
144 38 2.0 11 0 0 0 2 1 2 0.180521902228 1 0 
144 38 2.0 10 6 2 0 13 17 2 0.05520156648 1 3 
144 38 2.0 13 0 1 0 12 2 2 9.78548521293e-21 2 0 
144 38 2.0 12 2 0 0 7 5 3 7.03589000136e-44 1 1 
144 38 2.0 15 4 2 0 6 15 3 3.23624817051e-21 1 2 
144 38 2.0 14 1 0 0 6 1 3 1.17214403767e-41 1 0 
144 38 2.0 17 2 0 0 8 1 3 7.16001292163e-25 1 0 
144 38 2.0 16 4 0 0 12 4 3 0.0157182952544 2 0 
144 38 2.0 19 17 1 0 28 29 3 5.46495104155e-12 5 2 
144 38 2.0 18 1 0 0 10 4 2 2.19668449707e-26 2 0 
144 39 0.0 20 9 1 0 21 18 3 2.09969883211e-49 4 1 
144 39 0.0 21 9 0 0 6 4 4 2.01392289194e-77 2 0 
144 39 0.0 22 5 0 0 4 1 4 9.0423916925e-78 1 0 
144 39 0.0 1 6 1 0 14 12 1 0.161425014813 0 4 
144 39 0.0 3 7 0 0 16 12 1 0.161045427877 0 4 
144 39 0.0 2 8 0 0 9 12 1 0.176722120329 0 3 
144 39 0.0 5 3 1 0 15 7 2 0.0474384970885 1 3 
144 39 0.0 4 0 0 0 1 2 1 0.191904426469 0 1 
144 39 0.0 7 6 0 0 18 18 2 0.0942900640453 2 2 
144 39 0.0 6 7 0 0 18 22 2 0.0942905342622 2 2 
144 39 0.0 9 0 0 0 8 1 2 0.0477278238887 1 0 
144 39 0.0 8 11 0 0 30 28 2 0.0939996436803 2 4 
144 39 0.0 11 0 0 0 2 1 2 0.149541235884 1 0 
144 39 0.0 10 6 2 0 13 17 2 0.0464596377662 1 3 
144 39 0.0 13 0 1 0 12 2 2 1.23427731281e-24 2 0 
144 39 0.0 12 2 0 0 7 5 3 1.92274014475e-63 1 1 
144 39 0.0 15 4 2 0 6 15 3 2.04276023278e-61 1 2 
144 39 0.0 14 1 0 0 6 1 3 8.65564298292e-63 1 0 
144 39 0.0 17 2 0 0 8 1 3 1.4246276621e-47 1 0 
144 39 0.0 16 4 0 0 12 4 3 2.61763796075e-35 2 0 
144 39 0.0 19 17 1 0 28 29 3 2.65813142969e-47 5 2 
144 39 0.0 18 1 0 0 10 4 2 9.05119017836e-31 2 0 
144 39 2.0 20 9 1 0 21 18 3 4.43589573617e-14 4 1 
144 39 2.0 21 9 0 0 6 4 4 5.87560584306e-46 2 0 
144 39 2.0 22 5 0 0 4 1 4 3.83863891109e-46 1 0 
144 39 2.0 1 6 1 0 14 12 1 0.111685752147 0 4 
144 39 2.0 3 7 0 0 16 12 1 0.128871004631 0 4 
144 39 2.0 2 8 0 0 9 12 1 0.138887182074 0 3 
144 39 2.0 5 3 1 0 15 7 2 0.0548295506279 1 3 
144 39 2.0 4 0 0 0 1 2 1 0.126134122421 0 1 
144 39 2.0 7 6 0 0 18 18 2 0.0985203415301 2 2 
144 39 2.0 6 7 0 0 18 22 2 0.183834488602 2 2 
144 39 2.0 9 0 0 0 8 1 2 0.0650215047714 1 0 
144 39 2.0 8 11 0 0 30 28 2 0.102306541166 2 4 
144 39 2.0 11 0 0 0 2 1 2 0.180164768852 1 0 
144 39 2.0 10 6 2 0 13 17 2 0.064217558026 1 3 
144 39 2.0 13 0 1 0 12 2 2 3.1522745249e-21 2 0 
144 39 2.0 12 2 0 0 7 5 3 3.86044020163e-40 1 1 
144 39 2.0 15 4 2 0 6 15 3 5.53146121464e-30 1 2 
144 39 2.0 14 1 0 0 6 1 3 6.81961347585e-38 1 0 
144 39 2.0 17 2 0 0 8 1 3 1.77237159347e-21 1 0 
144 39 2.0 16 4 0 0 12 4 3 0.0145894253953 2 0 
144 39 2.0 19 17 1 0 28 29 3 1.0700842943e-13 5 2 
144 39 2.0 18 1 0 0 10 4 2 1.58790625755e-26 2 0 
144 40 0.0 20 9 1 0 21 18 3 8.37023510631e-48 4 1 
144 40 0.0 21 9 0 0 6 4 4 1.66354217158e-77 2 0 
144 40 0.0 22 5 0 0 4 1 4 9.53213233847e-78 1 0 
144 40 0.0 1 6 1 0 14 12 1 0.183674132182 0 4 
144 40 0.0 3 7 0 0 16 12 1 0.187134731576 0 4 
144 40 0.0 2 8 0 0 9 12 1 0.200302118277 0 3 
144 40 0.0 5 3 1 0 15 7 2 0.0503148103564 1 3 
144 40 0.0 4 0 0 0 1 2 1 0.191386893984 0 1 
144 40 0.0 7 6 0 0 18 18 2 0.100139954488 2 2 
144 40 0.0 6 7 0 0 18 22 2 0.100140450243 2 2 
144 40 0.0 9 0 0 0 8 1 2 0.0481794000016 1 0 
144 40 0.0 8 11 0 0 30 28 2 0.0977565061135 2 4 
144 40 0.0 11 0 0 0 2 1 2 0.149325179441 1 0 
144 40 0.0 10 6 2 0 13 17 2 0.0477882707285 1 3 
144 40 0.0 13 0 1 0 12 2 2 1.49452288232e-25 2 0 
144 40 0.0 12 2 0 0 7 5 3 9.8359036303e-66 1 1 
144 40 0.0 15 4 2 0 6 15 3 1.86664801582e-56 1 2 
144 40 0.0 14 1 0 0 6 1 3 3.96532470356e-64 1 0 
144 40 0.0 17 2 0 0 8 1 3 4.95225811731e-51 1 0 
144 40 0.0 16 4 0 0 12 4 3 7.78270510779e-37 2 0 
144 40 0.0 19 17 1 0 28 29 3 5.47009647934e-46 5 2 
144 40 0.0 18 1 0 0 10 4 2 1.75306954967e-30 2 0 
144 40 2.0 20 9 1 0 21 18 3 7.17645693464e-12 4 1 
144 40 2.0 21 9 0 0 6 4 4 7.20758597721e-46 2 0 
144 40 2.0 22 5 0 0 4 1 4 1.29139692808e-46 1 0 
144 40 2.0 1 6 1 0 14 12 1 0.146007850061 0 4 
144 40 2.0 3 7 0 0 16 12 1 0.134360361279 0 4 
144 40 2.0 2 8 0 0 9 12 1 0.171078893936 0 3 
144 40 2.0 5 3 1 0 15 7 2 0.0518102314096 1 3 
144 40 2.0 4 0 0 0 1 2 1 0.126186949719 0 1 
144 40 2.0 7 6 0 0 18 18 2 0.0906474728069 2 2 
144 40 2.0 6 7 0 0 18 22 2 0.179094614363 2 2 
144 40 2.0 9 0 0 0 8 1 2 0.051574103601 1 0 
144 40 2.0 8 11 0 0 30 28 2 0.0888737472153 2 4 
144 40 2.0 11 0 0 0 2 1 2 0.180295449518 1 0 
144 40 2.0 10 6 2 0 13 17 2 0.0514315383619 1 3 
144 40 2.0 13 0 1 0 12 2 2 6.77194057829e-20 2 0 
144 40 2.0 12 2 0 0 7 5 3 8.52805032756e-39 1 1 
144 40 2.0 15 4 2 0 6 15 3 1.50751806368e-20 1 2 
144 40 2.0 14 1 0 0 6 1 3 1.60745582242e-35 1 0 
144 40 2.0 17 2 0 0 8 1 3 2.03201758174e-18 1 0 
144 40 2.0 16 4 0 0 12 4 3 0.0108413616007 2 0 
144 40 2.0 19 17 1 0 28 29 3 1.2616087915e-10 5 2 
144 40 2.0 18 1 0 0 10 4 2 8.90880086967e-27 2 0 
