161 1 0.0 13 3 1 0 40 55 2 0.0168751575308 1 4 
161 1 0.0 12 2 10 0 55 71 2 0.0105221399746 1 7 
161 1 0.0 15 5 5 0 41 51 2 0.0184857681766 1 5 
161 1 0.0 14 0 2 0 26 27 2 0.0372578177604 1 2 
161 1 0.0 17 7 7 0 60 41 2 6.15142872888e-38 5 2 
161 1 0.0 16 8 9 0 66 48 2 3.099204117e-37 6 2 
161 1 0.0 19 2 3 0 72 30 2 1.3471579773e-35 6 0 
161 1 0.0 18 3 4 0 61 24 2 9.63740795826e-33 4 1 
161 1 0.0 24 7 1 0 25 21 3 3.92963713778e-32 3 1 
161 1 0.0 25 12 6 0 48 37 3 2.22530692509e-63 7 0 
161 1 0.0 20 2 6 0 90 69 2 1.27868282111e-45 9 0 
161 1 0.0 21 4 0 0 42 16 3 2.44069153094e-51 4 0 
161 1 0.0 22 13 7 0 52 50 3 3.96466774975e-64 8 0 
161 1 0.0 23 5 1 0 33 13 2 1.06828906356e-08 3 1 
161 1 0.0 1 4 1 0 7 10 1 0.187392866708 0 3 
161 1 0.0 3 9 0 0 1 2 1 0.191867999491 0 1 
161 1 0.0 2 2 0 0 4 6 1 0.187428080596 0 2 
161 1 0.0 5 2 1 0 9 8 2 0.0989140140485 2 1 
161 1 0.0 4 16 17 0 135 46 1 0.37349547903 0 13 
161 1 0.0 7 4 0 0 15 37 2 0.0990307947344 1 3 
161 1 0.0 6 3 0 0 5 13 2 0.0990621056475 1 1 
161 1 0.0 9 2 1 0 33 41 2 0.0362229235842 1 3 
161 1 0.0 8 9 6 0 71 93 2 0.149843386558 1 9 
161 1 0.0 11 2 1 0 25 9 2 0.0375113399516 1 1 
161 1 0.0 10 3 4 0 43 61 2 0.0266371170218 1 5 
161 1 2.0 13 3 1 0 40 55 2 0.00965756030947 1 4 
161 1 2.0 12 2 10 0 55 71 2 0.00139176359997 1 7 
161 1 2.0 15 5 5 0 41 51 2 0.0155780764622 1 5 
161 1 2.0 14 0 2 0 26 27 2 0.018466170004 1 2 
161 1 2.0 17 7 7 0 60 41 2 2.13692597752e-24 5 2 
161 1 2.0 16 8 9 0 66 48 2 1.40286572582e-26 6 2 
161 1 2.0 19 2 3 0 72 30 2 3.103472278e-23 6 0 
161 1 2.0 18 3 4 0 61 24 2 5.66269197998e-20 4 1 
161 1 2.0 24 7 1 0 25 21 3 0.0700362161241 3 1 
161 1 2.0 25 12 6 0 48 37 3 1.58672210298e-29 7 0 
161 1 2.0 20 2 6 0 90 69 2 5.42729593986e-34 9 0 
161 1 2.0 21 4 0 0 42 16 3 1.75679212628e-20 4 0 
161 1 2.0 22 13 7 0 52 50 3 1.67078715199e-36 8 0 
161 1 2.0 23 5 1 0 33 13 2 0.0112536518851 3 1 
161 1 2.0 1 4 1 0 7 10 1 0.139875568883 0 3 
161 1 2.0 3 9 0 0 1 2 1 0.157649062042 0 1 
161 1 2.0 2 2 0 0 4 6 1 0.125307503996 0 2 
161 1 2.0 5 2 1 0 9 8 2 0.156811416651 2 1 
161 1 2.0 4 16 17 0 135 46 1 0.00979009399874 0 13 
161 1 2.0 7 4 0 0 15 37 2 0.0852770551739 1 3 
161 1 2.0 6 3 0 0 5 13 2 0.0987484814361 1 1 
161 1 2.0 9 2 1 0 33 41 2 0.0167221568239 1 3 
161 1 2.0 8 9 6 0 71 93 2 0.180423755561 1 9 
161 1 2.0 11 2 1 0 25 9 2 0.0186964992879 1 1 
161 1 2.0 10 3 4 0 43 61 2 0.00472374399254 1 5 
161 2 0.0 13 3 1 0 40 55 2 0.00694877343744 1 4 
161 2 0.0 12 2 10 0 55 71 2 0.00344066668192 1 7 
161 2 0.0 15 5 5 0 41 51 2 0.0106245189879 1 5 
161 2 0.0 14 0 2 0 26 27 2 0.0123001945005 1 2 
161 2 0.0 17 7 7 0 60 41 2 1.27717358831e-36 5 2 
161 2 0.0 16 8 9 0 66 48 2 3.37642298332e-36 6 2 
161 2 0.0 19 2 3 0 72 30 2 1.22225785534e-33 6 0 
161 2 0.0 18 3 4 0 61 24 2 1.234152811e-30 4 1 
161 2 0.0 24 7 1 0 25 21 3 7.17657977752e-33 3 1 
161 2 0.0 25 12 6 0 48 37 3 7.78996844809e-64 7 0 
161 2 0.0 20 2 6 0 90 69 2 7.33378589536e-45 9 0 
161 2 0.0 21 4 0 0 42 16 3 2.05401488131e-52 4 0 
161 2 0.0 22 13 7 0 52 50 3 3.45827538752e-64 8 0 
161 2 0.0 23 5 1 0 33 13 2 5.56624882886e-07 3 1 
161 2 0.0 1 4 1 0 7 10 1 0.188685227055 0 3 
161 2 0.0 3 9 0 0 1 2 1 0.191507255458 0 1 
161 2 0.0 2 2 0 0 4 6 1 0.18860891778 0 2 
161 2 0.0 5 2 1 0 9 8 2 0.0947559827008 2 1 
161 2 0.0 4 16 17 0 135 46 1 0.401798823013 0 13 
161 2 0.0 7 4 0 0 15 37 2 0.0948336128253 1 3 
161 2 0.0 6 3 0 0 5 13 2 0.0947660307802 1 1 
161 2 0.0 9 2 1 0 33 41 2 0.0105457403313 1 3 
161 2 0.0 8 9 6 0 71 93 2 0.149860282361 1 9 
161 2 0.0 11 2 1 0 25 9 2 0.0120710326122 1 1 
161 2 0.0 10 3 4 0 43 61 2 0.00675984467827 1 5 
161 2 2.0 13 3 1 0 40 55 2 0.0101191955019 1 4 
161 2 2.0 12 2 10 0 55 71 2 0.00187758001186 1 7 
161 2 2.0 15 5 5 0 41 51 2 0.0121880774498 1 5 
161 2 2.0 14 0 2 0 26 27 2 0.0144122894685 1 2 
161 2 2.0 17 7 7 0 60 41 2 7.61351319133e-24 5 2 
161 2 2.0 16 8 9 0 66 48 2 8.03359560977e-26 6 2 
161 2 2.0 19 2 3 0 72 30 2 1.17025024753e-22 6 0 
161 2 2.0 18 3 4 0 61 24 2 7.09946286684e-19 4 1 
161 2 2.0 24 7 1 0 25 21 3 0.0748517082377 3 1 
161 2 2.0 25 12 6 0 48 37 3 5.80343952729e-28 7 0 
161 2 2.0 20 2 6 0 90 69 2 1.48046224783e-33 9 0 
161 2 2.0 21 4 0 0 42 16 3 1.81142861178e-20 4 0 
161 2 2.0 22 13 7 0 52 50 3 3.29709249241e-36 8 0 
161 2 2.0 23 5 1 0 33 13 2 0.0121227814598 3 1 
161 2 2.0 1 4 1 0 7 10 1 0.144021897877 0 3 
161 2 2.0 3 9 0 0 1 2 1 0.158244904748 0 1 
161 2 2.0 2 2 0 0 4 6 1 0.128676910375 0 2 
161 2 2.0 5 2 1 0 9 8 2 0.160171513371 2 1 
161 2 2.0 4 16 17 0 135 46 1 0.00861225750413 0 13 
161 2 2.0 7 4 0 0 15 37 2 0.0826291432963 1 3 
161 2 2.0 6 3 0 0 5 13 2 0.103984412024 1 1 
161 2 2.0 9 2 1 0 33 41 2 0.00981115544177 1 3 
161 2 2.0 8 9 6 0 71 93 2 0.182569053523 1 9 
161 2 2.0 11 2 1 0 25 9 2 0.0146916901551 1 1 
161 2 2.0 10 3 4 0 43 61 2 0.00811078938446 1 5 
161 3 0.0 13 3 1 0 40 55 2 0.00782841209687 1 4 
161 3 0.0 12 2 10 0 55 71 2 0.00728145437279 1 7 
161 3 0.0 15 5 5 0 41 51 2 0.0119825138331 1 5 
161 3 0.0 14 0 2 0 26 27 2 0.0142914419742 1 2 
161 3 0.0 17 7 7 0 60 41 2 1.44592880636e-36 5 2 
161 3 0.0 16 8 9 0 66 48 2 1.5244921689e-36 6 2 
161 3 0.0 19 2 3 0 72 30 2 2.31281457294e-34 6 0 
161 3 0.0 18 3 4 0 61 24 2 3.22885832601e-31 4 1 
161 3 0.0 24 7 1 0 25 21 3 1.11999014932e-32 3 1 
161 3 0.0 25 12 6 0 48 37 3 1.21894762222e-63 7 0 
161 3 0.0 20 2 6 0 90 69 2 1.79677827618e-45 9 0 
161 3 0.0 21 4 0 0 42 16 3 2.30593365844e-53 4 0 
161 3 0.0 22 13 7 0 52 50 3 1.25325257398e-64 8 0 
161 3 0.0 23 5 1 0 33 13 2 7.29134730615e-08 3 1 
161 3 0.0 1 4 1 0 7 10 1 0.190462780446 0 3 
161 3 0.0 3 9 0 0 1 2 1 0.191851276837 0 1 
161 3 0.0 2 2 0 0 4 6 1 0.19051414592 0 2 
161 3 0.0 5 2 1 0 9 8 2 0.0974380870844 2 1 
161 3 0.0 4 16 17 0 135 46 1 0.052030693009 0 13 
161 3 0.0 7 4 0 0 15 37 2 0.0975427882794 1 3 
161 3 0.0 6 3 0 0 5 13 2 0.097468772299 1 1 
161 3 0.0 9 2 1 0 33 41 2 0.0114336417521 1 3 
161 3 0.0 8 9 6 0 71 93 2 0.149852192821 1 9 
161 3 0.0 11 2 1 0 25 9 2 0.0144624514135 1 1 
161 3 0.0 10 3 4 0 43 61 2 0.00519711507522 1 5 
161 3 2.0 13 3 1 0 40 55 2 0.0106681189686 1 4 
161 3 2.0 12 2 10 0 55 71 2 0.00775829492421 1 7 
161 3 2.0 15 5 5 0 41 51 2 0.0215188769884 1 5 
161 3 2.0 14 0 2 0 26 27 2 0.0249861635004 1 2 
161 3 2.0 17 7 7 0 60 41 2 5.67922789647e-24 5 2 
161 3 2.0 16 8 9 0 66 48 2 6.5078308805e-26 6 2 
161 3 2.0 19 2 3 0 72 30 2 2.81972268849e-22 6 0 
161 3 2.0 18 3 4 0 61 24 2 1.54412716923e-19 4 1 
161 3 2.0 24 7 1 0 25 21 3 0.0710598709772 3 1 
161 3 2.0 25 12 6 0 48 37 3 4.37307179431e-29 7 0 
161 3 2.0 20 2 6 0 90 69 2 3.0896268647e-34 9 0 
161 3 2.0 21 4 0 0 42 16 3 1.49088945358e-21 4 0 
161 3 2.0 22 13 7 0 52 50 3 1.02810285066e-36 8 0 
161 3 2.0 23 5 1 0 33 13 2 0.0128746454486 3 1 
161 3 2.0 1 4 1 0 7 10 1 0.141721158434 0 3 
161 3 2.0 3 9 0 0 1 2 1 0.157488021911 0 1 
161 3 2.0 2 2 0 0 4 6 1 0.129164787142 0 2 
161 3 2.0 5 2 1 0 9 8 2 0.15437698217 2 1 
161 3 2.0 4 16 17 0 135 46 1 0.00769179387351 0 13 
161 3 2.0 7 4 0 0 15 37 2 0.0841861762447 1 3 
161 3 2.0 6 3 0 0 5 13 2 0.0960773969083 1 1 
161 3 2.0 9 2 1 0 33 41 2 0.0186075456314 1 3 
161 3 2.0 8 9 6 0 71 93 2 0.182100857415 1 9 
161 3 2.0 11 2 1 0 25 9 2 0.0250549149989 1 1 
161 3 2.0 10 3 4 0 43 61 2 0.00897709743179 1 5 
161 4 0.0 13 3 1 0 40 55 2 0.0253001615207 1 4 
161 4 0.0 12 2 10 0 55 71 2 0.0220516145871 1 7 
161 4 0.0 15 5 5 0 41 51 2 0.0270882613372 1 5 
161 4 0.0 14 0 2 0 26 27 2 0.0541550479226 1 2 
161 4 0.0 17 7 7 0 60 41 2 2.79740076967e-37 5 2 
161 4 0.0 16 8 9 0 66 48 2 4.36051634495e-37 6 2 
161 4 0.0 19 2 3 0 72 30 2 9.07431223707e-35 6 0 
161 4 0.0 18 3 4 0 61 24 2 3.91442874609e-32 4 1 
161 4 0.0 24 7 1 0 25 21 3 2.49187231299e-31 3 1 
161 4 0.0 25 12 6 0 48 37 3 9.70115141146e-64 7 0 
161 4 0.0 20 2 6 0 90 69 2 2.49203609315e-46 9 0 
161 4 0.0 21 4 0 0 42 16 3 5.38082206305e-53 4 0 
161 4 0.0 22 13 7 0 52 50 3 1.68943579632e-64 8 0 
161 4 0.0 23 5 1 0 33 13 2 9.55201640476e-09 3 1 
161 4 0.0 1 4 1 0 7 10 1 0.186725839699 0 3 
161 4 0.0 3 9 0 0 1 2 1 0.191988802176 0 1 
161 4 0.0 2 2 0 0 4 6 1 0.186629796475 0 2 
161 4 0.0 5 2 1 0 9 8 2 0.0958469693276 2 1 
161 4 0.0 4 16 17 0 135 46 1 0.079632873962 0 13 
161 4 0.0 7 4 0 0 15 37 2 0.0964350131142 1 3 
161 4 0.0 6 3 0 0 5 13 2 0.0964496244823 1 1 
161 4 0.0 9 2 1 0 33 41 2 0.0480965922899 1 3 
161 4 0.0 8 9 6 0 71 93 2 0.149481921602 1 9 
161 4 0.0 11 2 1 0 25 9 2 0.0546972112454 1 1 
161 4 0.0 10 3 4 0 43 61 2 0.0253458338394 1 5 
161 4 2.0 13 3 1 0 40 55 2 0.00265868263572 1 4 
161 4 2.0 12 2 10 0 55 71 2 0.000341563112275 1 7 
161 4 2.0 15 5 5 0 41 51 2 0.00594601812323 1 5 
161 4 2.0 14 0 2 0 26 27 2 0.00729976701125 1 2 
161 4 2.0 17 7 7 0 60 41 2 8.16621485622e-24 5 2 
161 4 2.0 16 8 9 0 66 48 2 4.00640697407e-26 6 2 
161 4 2.0 19 2 3 0 72 30 2 2.21082809665e-22 6 0 
161 4 2.0 18 3 4 0 61 24 2 6.93361009446e-20 4 1 
161 4 2.0 24 7 1 0 25 21 3 0.0691896050475 3 1 
161 4 2.0 25 12 6 0 48 37 3 7.32398750216e-31 7 0 
161 4 2.0 20 2 6 0 90 69 2 2.18824343483e-34 9 0 
161 4 2.0 21 4 0 0 42 16 3 6.54472889002e-22 4 0 
161 4 2.0 22 13 7 0 52 50 3 2.14863557934e-37 8 0 
161 4 2.0 23 5 1 0 33 13 2 0.00797902143367 3 1 
161 4 2.0 1 4 1 0 7 10 1 0.139395919489 0 3 
161 4 2.0 3 9 0 0 1 2 1 0.155965857132 0 1 
161 4 2.0 2 2 0 0 4 6 1 0.102891744493 0 2 
161 4 2.0 5 2 1 0 9 8 2 0.158158316006 2 1 
161 4 2.0 4 16 17 0 135 46 1 0.282329711627 0 13 
161 4 2.0 7 4 0 0 15 37 2 0.0857603462457 1 3 
161 4 2.0 6 3 0 0 5 13 2 0.0894784859735 1 1 
161 4 2.0 9 2 1 0 33 41 2 0.0057737789377 1 3 
161 4 2.0 8 9 6 0 71 93 2 0.181056387174 1 9 
161 4 2.0 11 2 1 0 25 9 2 0.00735936684759 1 1 
161 4 2.0 10 3 4 0 43 61 2 0.00121870751641 1 5 
161 5 0.0 13 3 1 0 40 55 2 0.00588612255056 1 4 
161 5 0.0 12 2 10 0 55 71 2 0.0029684515288 1 7 
161 5 0.0 15 5 5 0 41 51 2 0.00424243727732 1 5 
161 5 0.0 14 0 2 0 26 27 2 0.00742503423882 1 2 
161 5 0.0 17 7 7 0 60 41 2 5.4543356457e-37 5 2 
161 5 0.0 16 8 9 0 66 48 2 1.50837450736e-37 6 2 
161 5 0.0 19 2 3 0 72 30 2 5.14716666579e-35 6 0 
161 5 0.0 18 3 4 0 61 24 2 4.02466395398e-33 4 1 
161 5 0.0 24 7 1 0 25 21 3 2.82338499743e-31 3 1 
161 5 0.0 25 12 6 0 48 37 3 2.72727916039e-63 7 0 
161 5 0.0 20 2 6 0 90 69 2 7.78649449036e-46 9 0 
161 5 0.0 21 4 0 0 42 16 3 3.67465909734e-52 4 0 
161 5 0.0 22 13 7 0 52 50 3 5.06613291481e-64 8 0 
161 5 0.0 23 5 1 0 33 13 2 1.21701600092e-08 3 1 
161 5 0.0 1 4 1 0 7 10 1 0.182425121251 0 3 
161 5 0.0 3 9 0 0 1 2 1 0.191933828225 0 1 
161 5 0.0 2 2 0 0 4 6 1 0.182454729297 0 2 
161 5 0.0 5 2 1 0 9 8 2 0.0950402388776 2 1 
161 5 0.0 4 16 17 0 135 46 1 0.203249211472 0 13 
161 5 0.0 7 4 0 0 15 37 2 0.0952788066181 1 3 
161 5 0.0 6 3 0 0 5 13 2 0.095384428321 1 1 
161 5 0.0 9 2 1 0 33 41 2 0.00696087989508 1 3 
161 5 0.0 8 9 6 0 71 93 2 0.149801145492 1 9 
161 5 0.0 11 2 1 0 25 9 2 0.00761143473129 1 1 
161 5 0.0 10 3 4 0 43 61 2 0.00174196900539 1 5 
161 5 2.0 13 3 1 0 40 55 2 0.00232707258504 1 4 
161 5 2.0 12 2 10 0 55 71 2 0.0012134656751 1 7 
161 5 2.0 15 5 5 0 41 51 2 0.00629051450211 1 5 
161 5 2.0 14 0 2 0 26 27 2 0.00750173967463 1 2 
161 5 2.0 17 7 7 0 60 41 2 4.1651501841e-24 5 2 
161 5 2.0 16 8 9 0 66 48 2 2.06410368665e-26 6 2 
161 5 2.0 19 2 3 0 72 30 2 1.60820476541e-22 6 0 
161 5 2.0 18 3 4 0 61 24 2 1.93838718489e-19 4 1 
161 5 2.0 24 7 1 0 25 21 3 0.0708745481188 3 1 
161 5 2.0 25 12 6 0 48 37 3 1.39104088493e-29 7 0 
161 5 2.0 20 2 6 0 90 69 2 1.3621618294e-34 9 0 
161 5 2.0 21 4 0 0 42 16 3 2.99517575949e-21 4 0 
161 5 2.0 22 13 7 0 52 50 3 4.51252869262e-37 8 0 
161 5 2.0 23 5 1 0 33 13 2 0.0084579986282 3 1 
161 5 2.0 1 4 1 0 7 10 1 0.143641113768 0 3 
161 5 2.0 3 9 0 0 1 2 1 0.155141178014 0 1 
161 5 2.0 2 2 0 0 4 6 1 0.118917802401 0 2 
161 5 2.0 5 2 1 0 9 8 2 0.167117927435 2 1 
161 5 2.0 4 16 17 0 135 46 1 0.0274053588983 0 13 
161 5 2.0 7 4 0 0 15 37 2 0.0874040647444 1 3 
161 5 2.0 6 3 0 0 5 13 2 0.104840640193 1 1 
161 5 2.0 9 2 1 0 33 41 2 0.00639642966101 1 3 
161 5 2.0 8 9 6 0 71 93 2 0.180950220593 1 9 
161 5 2.0 11 2 1 0 25 9 2 0.00747053478158 1 1 
161 5 2.0 10 3 4 0 43 61 2 0.000704619242956 1 5 
161 6 0.0 13 3 1 0 40 55 2 0.042826110412 1 4 
161 6 0.0 12 2 10 0 55 71 2 0.00935516109301 1 7 
161 6 0.0 15 5 5 0 41 51 2 0.0203027082419 1 5 
161 6 0.0 14 0 2 0 26 27 2 0.0454847003066 1 2 
161 6 0.0 17 7 7 0 60 41 2 1.81150259527e-37 5 2 
161 6 0.0 16 8 9 0 66 48 2 1.23557113755e-37 6 2 
161 6 0.0 19 2 3 0 72 30 2 4.20518056447e-36 6 0 
161 6 0.0 18 3 4 0 61 24 2 3.5654165391e-33 4 1 
161 6 0.0 24 7 1 0 25 21 3 1.04351714244e-31 3 1 
161 6 0.0 25 12 6 0 48 37 3 9.01242873839e-63 7 0 
161 6 0.0 20 2 6 0 90 69 2 6.09686266656e-46 9 0 
161 6 0.0 21 4 0 0 42 16 3 8.90654423085e-52 4 0 
161 6 0.0 22 13 7 0 52 50 3 4.10477868595e-63 8 0 
161 6 0.0 23 5 1 0 33 13 2 1.19245455216e-08 3 1 
161 6 0.0 1 4 1 0 7 10 1 0.184702311195 0 3 
161 6 0.0 3 9 0 0 1 2 1 0.192006893147 0 1 
161 6 0.0 2 2 0 0 4 6 1 0.184737455391 0 2 
161 6 0.0 5 2 1 0 9 8 2 0.0946704766777 2 1 
161 6 0.0 4 16 17 0 135 46 1 0.0727175889843 0 13 
161 6 0.0 7 4 0 0 15 37 2 0.0948579441384 1 3 
161 6 0.0 6 3 0 0 5 13 2 0.0949013446978 1 1 
161 6 0.0 9 2 1 0 33 41 2 0.0435782127409 1 3 
161 6 0.0 8 9 6 0 71 93 2 0.149707589054 1 9 
161 6 0.0 11 2 1 0 25 9 2 0.0481733840449 1 1 
161 6 0.0 10 3 4 0 43 61 2 0.0335031824105 1 5 
161 6 2.0 13 3 1 0 40 55 2 0.013782782298 1 4 
161 6 2.0 12 2 10 0 55 71 2 0.00635179044786 1 7 
161 6 2.0 15 5 5 0 41 51 2 0.0230308009014 1 5 
161 6 2.0 14 0 2 0 26 27 2 0.0316974605277 1 2 
161 6 2.0 17 7 7 0 60 41 2 4.69719532772e-24 5 2 
161 6 2.0 16 8 9 0 66 48 2 1.19891586377e-26 6 2 
161 6 2.0 19 2 3 0 72 30 2 1.96867256358e-23 6 0 
161 6 2.0 18 3 4 0 61 24 2 3.32903629234e-20 4 1 
161 6 2.0 24 7 1 0 25 21 3 0.0718727624262 3 1 
161 6 2.0 25 12 6 0 48 37 3 2.88910127286e-29 7 0 
161 6 2.0 20 2 6 0 90 69 2 4.45572023706e-34 9 0 
161 6 2.0 21 4 0 0 42 16 3 3.18495571757e-20 4 0 
161 6 2.0 22 13 7 0 52 50 3 3.08854173235e-36 8 0 
161 6 2.0 23 5 1 0 33 13 2 0.0142089979932 3 1 
161 6 2.0 1 4 1 0 7 10 1 0.139612260605 0 3 
161 6 2.0 3 9 0 0 1 2 1 0.158150535697 0 1 
161 6 2.0 2 2 0 0 4 6 1 0.128912818947 0 2 
161 6 2.0 5 2 1 0 9 8 2 0.151563905535 2 1 
161 6 2.0 4 16 17 0 135 46 1 0.00724595574403 0 13 
161 6 2.0 7 4 0 0 15 37 2 0.0830819688614 1 3 
161 6 2.0 6 3 0 0 5 13 2 0.0935379946514 1 1 
161 6 2.0 9 2 1 0 33 41 2 0.0267275269442 1 3 
161 6 2.0 8 9 6 0 71 93 2 0.182019570399 1 9 
161 6 2.0 11 2 1 0 25 9 2 0.0319379939851 1 1 
161 6 2.0 10 3 4 0 43 61 2 0.0199763364186 1 5 
161 7 0.0 13 3 1 0 40 55 2 0.0308379590995 1 4 
161 7 0.0 12 2 10 0 55 71 2 0.029061591276 1 7 
161 7 0.0 15 5 5 0 41 51 2 0.0517759934266 1 5 
161 7 0.0 14 0 2 0 26 27 2 0.0582312426487 1 2 
161 7 0.0 17 7 7 0 60 41 2 3.6233239681e-37 5 2 
161 7 0.0 16 8 9 0 66 48 2 1.02514396853e-35 6 2 
161 7 0.0 19 2 3 0 72 30 2 2.79700384881e-34 6 0 
161 7 0.0 18 3 4 0 61 24 2 1.97327972123e-30 4 1 
161 7 0.0 24 7 1 0 25 21 3 3.1507347789e-31 3 1 
161 7 0.0 25 12 6 0 48 37 3 1.33286172891e-63 7 0 
161 7 0.0 20 2 6 0 90 69 2 3.2492819595e-45 9 0 
161 7 0.0 21 4 0 0 42 16 3 5.223376321e-53 4 0 
161 7 0.0 22 13 7 0 52 50 3 1.972329214e-64 8 0 
161 7 0.0 23 5 1 0 33 13 2 2.83915622652e-08 3 1 
161 7 0.0 1 4 1 0 7 10 1 0.179851207688 0 3 
161 7 0.0 3 9 0 0 1 2 1 0.192013753933 0 1 
161 7 0.0 2 2 0 0 4 6 1 0.179916235753 0 2 
161 7 0.0 5 2 1 0 9 8 2 0.0960448870966 2 1 
161 7 0.0 4 16 17 0 135 46 1 0.0904032523321 0 13 
161 7 0.0 7 4 0 0 15 37 2 0.0964642891051 1 3 
161 7 0.0 6 3 0 0 5 13 2 0.0965107931667 1 1 
161 7 0.0 9 2 1 0 33 41 2 0.0518363441573 1 3 
161 7 0.0 8 9 6 0 71 93 2 0.149688812246 1 9 
161 7 0.0 11 2 1 0 25 9 2 0.0575453814407 1 1 
161 7 0.0 10 3 4 0 43 61 2 0.0196313045218 1 5 
161 7 2.0 13 3 1 0 40 55 2 0.00290331362955 1 4 
161 7 2.0 12 2 10 0 55 71 2 0.000287305038524 1 7 
161 7 2.0 15 5 5 0 41 51 2 0.00820569652943 1 5 
161 7 2.0 14 0 2 0 26 27 2 0.00923966245198 1 2 
161 7 2.0 17 7 7 0 60 41 2 4.54558765869e-22 5 2 
161 7 2.0 16 8 9 0 66 48 2 1.35241640661e-25 6 2 
161 7 2.0 19 2 3 0 72 30 2 6.13510146776e-23 6 0 
161 7 2.0 18 3 4 0 61 24 2 5.34801250393e-19 4 1 
161 7 2.0 24 7 1 0 25 21 3 0.0708593442026 3 1 
161 7 2.0 25 12 6 0 48 37 3 2.58970535166e-30 7 0 
161 7 2.0 20 2 6 0 90 69 2 1.27952938703e-33 9 0 
161 7 2.0 21 4 0 0 42 16 3 1.69368041878e-21 4 0 
161 7 2.0 22 13 7 0 52 50 3 7.5906457851e-37 8 0 
161 7 2.0 23 5 1 0 33 13 2 0.0093544995236 3 1 
161 7 2.0 1 4 1 0 7 10 1 0.140885049829 0 3 
161 7 2.0 3 9 0 0 1 2 1 0.155618137921 0 1 
161 7 2.0 2 2 0 0 4 6 1 0.102923302253 0 2 
161 7 2.0 5 2 1 0 9 8 2 0.161717028315 2 1 
161 7 2.0 4 16 17 0 135 46 1 0.350803077657 0 13 
161 7 2.0 7 4 0 0 15 37 2 0.0887337687437 1 3 
161 7 2.0 6 3 0 0 5 13 2 0.088573749514 1 1 
161 7 2.0 9 2 1 0 33 41 2 0.00770843818006 1 3 
161 7 2.0 8 9 6 0 71 93 2 0.179113661904 1 9 
161 7 2.0 11 2 1 0 25 9 2 0.00956667090513 1 1 
161 7 2.0 10 3 4 0 43 61 2 0.00277753246533 1 5 
161 8 0.0 13 3 1 0 40 55 2 0.0116373896935 1 4 
161 8 0.0 12 2 10 0 55 71 2 0.00135658863933 1 7 
161 8 0.0 15 5 5 0 41 51 2 0.00433736726224 1 5 
161 8 0.0 14 0 2 0 26 27 2 0.0130621651198 1 2 
161 8 0.0 17 7 7 0 60 41 2 6.15357277834e-37 5 2 
161 8 0.0 16 8 9 0 66 48 2 3.31879919743e-35 6 2 
161 8 0.0 19 2 3 0 72 30 2 3.87696813952e-35 6 0 
161 8 0.0 18 3 4 0 61 24 2 3.31198022092e-32 4 1 
161 8 0.0 24 7 1 0 25 21 3 4.26492556673e-31 3 1 
161 8 0.0 25 12 6 0 48 37 3 1.03196027603e-62 7 0 
161 8 0.0 20 2 6 0 90 69 2 5.72862797301e-45 9 0 
161 8 0.0 21 4 0 0 42 16 3 3.02448393631e-51 4 0 
161 8 0.0 22 13 7 0 52 50 3 2.43186625785e-63 8 0 
161 8 0.0 23 5 1 0 33 13 2 2.42588726093e-08 3 1 
161 8 0.0 1 4 1 0 7 10 1 0.180365763542 0 3 
161 8 0.0 3 9 0 0 1 2 1 0.191864871784 0 1 
161 8 0.0 2 2 0 0 4 6 1 0.18021198084 0 2 
161 8 0.0 5 2 1 0 9 8 2 0.0951062854123 2 1 
161 8 0.0 4 16 17 0 135 46 1 0.0513180412946 0 13 
161 8 0.0 7 4 0 0 15 37 2 0.0956844231137 1 3 
161 8 0.0 6 3 0 0 5 13 2 0.0957809057093 1 1 
161 8 0.0 9 2 1 0 33 41 2 0.0127379520468 1 3 
161 8 0.0 8 9 6 0 71 93 2 0.149845430276 1 9 
161 8 0.0 11 2 1 0 25 9 2 0.0141453689022 1 1 
161 8 0.0 10 3 4 0 43 61 2 0.012040403219 1 5 
161 8 2.0 13 3 1 0 40 55 2 0.0106139016085 1 4 
161 8 2.0 12 2 10 0 55 71 2 0.015047873992 1 7 
161 8 2.0 15 5 5 0 41 51 2 0.0369292497199 1 5 
161 8 2.0 14 0 2 0 26 27 2 0.0401613027403 1 2 
161 8 2.0 17 7 7 0 60 41 2 1.59129028263e-23 5 2 
161 8 2.0 16 8 9 0 66 48 2 2.10253521444e-25 6 2 
161 8 2.0 19 2 3 0 72 30 2 1.13996792343e-22 6 0 
161 8 2.0 18 3 4 0 61 24 2 1.27159218911e-18 4 1 
161 8 2.0 24 7 1 0 25 21 3 0.0692065377436 3 1 
161 8 2.0 25 12 6 0 48 37 3 5.92412316056e-30 7 0 
161 8 2.0 20 2 6 0 90 69 2 3.15313127303e-34 9 0 
161 8 2.0 21 4 0 0 42 16 3 1.76197720695e-22 4 0 
161 8 2.0 22 13 7 0 52 50 3 4.41110567736e-37 8 0 
161 8 2.0 23 5 1 0 33 13 2 0.0158267272807 3 1 
161 8 2.0 1 4 1 0 7 10 1 0.143112207114 0 3 
161 8 2.0 3 9 0 0 1 2 1 0.154518121045 0 1 
161 8 2.0 2 2 0 0 4 6 1 0.111925272107 0 2 
161 8 2.0 5 2 1 0 9 8 2 0.156470831797 2 1 
161 8 2.0 4 16 17 0 135 46 1 0.466598542655 0 13 
161 8 2.0 7 4 0 0 15 37 2 0.0883176485098 1 3 
161 8 2.0 6 3 0 0 5 13 2 0.0832322847266 1 1 
161 8 2.0 9 2 1 0 33 41 2 0.0297667924451 1 3 
161 8 2.0 8 9 6 0 71 93 2 0.179736284631 1 9 
161 8 2.0 11 2 1 0 25 9 2 0.0408189228914 1 1 
161 8 2.0 10 3 4 0 43 61 2 0.00839433863108 1 5 
161 9 0.0 13 3 1 0 40 55 2 0.0184033605275 1 4 
161 9 0.0 12 2 10 0 55 71 2 0.0109739339643 1 7 
161 9 0.0 15 5 5 0 41 51 2 0.0168345255589 1 5 
161 9 0.0 14 0 2 0 26 27 2 0.0211380726032 1 2 
161 9 0.0 17 7 7 0 60 41 2 2.10964646311e-36 5 2 
161 9 0.0 16 8 9 0 66 48 2 6.24394145662e-36 6 2 
161 9 0.0 19 2 3 0 72 30 2 3.13932898249e-34 6 0 
161 9 0.0 18 3 4 0 61 24 2 9.12594882832e-31 4 1 
161 9 0.0 24 7 1 0 25 21 3 6.13873169593e-33 3 1 
161 9 0.0 25 12 6 0 48 37 3 1.04109291336e-62 7 0 
161 9 0.0 20 2 6 0 90 69 2 2.26316498729e-45 9 0 
161 9 0.0 21 4 0 0 42 16 3 5.07499918012e-52 4 0 
161 9 0.0 22 13 7 0 52 50 3 3.33258107727e-64 8 0 
161 9 0.0 23 5 1 0 33 13 2 5.04978169932e-07 3 1 
161 9 0.0 1 4 1 0 7 10 1 0.183329676395 0 3 
161 9 0.0 3 9 0 0 1 2 1 0.191878443847 0 1 
161 9 0.0 2 2 0 0 4 6 1 0.183284533606 0 2 
161 9 0.0 5 2 1 0 9 8 2 0.0988214749941 2 1 
161 9 0.0 4 16 17 0 135 46 1 0.478613730565 0 13 
161 9 0.0 7 4 0 0 15 37 2 0.0988487635078 1 3 
161 9 0.0 6 3 0 0 5 13 2 0.0989020884941 1 1 
161 9 0.0 9 2 1 0 33 41 2 0.0167000618092 1 3 
161 9 0.0 8 9 6 0 71 93 2 0.149837755322 1 9 
161 9 0.0 11 2 1 0 25 9 2 0.0210729473134 1 1 
161 9 0.0 10 3 4 0 43 61 2 0.00881665032499 1 5 
161 9 2.0 13 3 1 0 40 55 2 0.0101565588227 1 4 
161 9 2.0 12 2 10 0 55 71 2 0.0048586589948 1 7 
161 9 2.0 15 5 5 0 41 51 2 0.0139821862507 1 5 
161 9 2.0 14 0 2 0 26 27 2 0.0192817818157 1 2 
161 9 2.0 17 7 7 0 60 41 2 4.05386346356e-23 5 2 
161 9 2.0 16 8 9 0 66 48 2 1.72653585831e-26 6 2 
161 9 2.0 19 2 3 0 72 30 2 1.16266930749e-22 6 0 
161 9 2.0 18 3 4 0 61 24 2 5.00486996003e-20 4 1 
161 9 2.0 24 7 1 0 25 21 3 0.0715221858891 3 1 
161 9 2.0 25 12 6 0 48 37 3 5.42687982465e-30 7 0 
161 9 2.0 20 2 6 0 90 69 2 6.57779047224e-34 9 0 
161 9 2.0 21 4 0 0 42 16 3 9.7342866027e-23 4 0 
161 9 2.0 22 13 7 0 52 50 3 1.94824016312e-37 8 0 
161 9 2.0 23 5 1 0 33 13 2 0.0113598181412 3 1 
161 9 2.0 1 4 1 0 7 10 1 0.138679113644 0 3 
161 9 2.0 3 9 0 0 1 2 1 0.159189916501 0 1 
161 9 2.0 2 2 0 0 4 6 1 0.124020015131 0 2 
161 9 2.0 5 2 1 0 9 8 2 0.154392256927 2 1 
161 9 2.0 4 16 17 0 135 46 1 0.0100401203869 0 13 
161 9 2.0 7 4 0 0 15 37 2 0.0829754137359 1 3 
161 9 2.0 6 3 0 0 5 13 2 0.0972137935055 1 1 
161 9 2.0 9 2 1 0 33 41 2 0.0109771970243 1 3 
161 9 2.0 8 9 6 0 71 93 2 0.181870166476 1 9 
161 9 2.0 11 2 1 0 25 9 2 0.0193783434039 1 1 
161 9 2.0 10 3 4 0 43 61 2 0.00295150327493 1 5 
161 10 0.0 13 3 1 0 40 55 2 0.0133275036968 1 4 
161 10 0.0 12 2 10 0 55 71 2 0.0105912638656 1 7 
161 10 0.0 15 5 5 0 41 51 2 0.0117025528348 1 5 
161 10 0.0 14 0 2 0 26 27 2 0.0180241012992 1 2 
161 10 0.0 17 7 7 0 60 41 2 1.27900748488e-37 5 2 
161 10 0.0 16 8 9 0 66 48 2 1.56839991845e-37 6 2 
161 10 0.0 19 2 3 0 72 30 2 8.17833927738e-36 6 0 
161 10 0.0 18 3 4 0 61 24 2 2.52473553599e-32 4 1 
161 10 0.0 24 7 1 0 25 21 3 1.34224530174e-32 3 1 
161 10 0.0 25 12 6 0 48 37 3 3.33060686659e-63 7 0 
161 10 0.0 20 2 6 0 90 69 2 3.5092799933e-46 9 0 
161 10 0.0 21 4 0 0 42 16 3 4.83942210944e-52 4 0 
161 10 0.0 22 13 7 0 52 50 3 4.25101590993e-64 8 0 
161 10 0.0 23 5 1 0 33 13 2 1.75939500972e-08 3 1 
161 10 0.0 1 4 1 0 7 10 1 0.186687678872 0 3 
161 10 0.0 3 9 0 0 1 2 1 0.191890051219 0 1 
161 10 0.0 2 2 0 0 4 6 1 0.1868255448 0 2 
161 10 0.0 5 2 1 0 9 8 2 0.0951279123459 2 1 
161 10 0.0 4 16 17 0 135 46 1 0.349465967491 0 13 
161 10 0.0 7 4 0 0 15 37 2 0.0952176767733 1 3 
161 10 0.0 6 3 0 0 5 13 2 0.0952208409901 1 1 
161 10 0.0 9 2 1 0 33 41 2 0.0164817738383 1 3 
161 10 0.0 8 9 6 0 71 93 2 0.149831720809 1 9 
161 10 0.0 11 2 1 0 25 9 2 0.0182701143809 1 1 
161 10 0.0 10 3 4 0 43 61 2 0.00825351204771 1 5 
161 10 2.0 13 3 1 0 40 55 2 0.023538758987 1 4 
161 10 2.0 12 2 10 0 55 71 2 0.00618593581989 1 7 
161 10 2.0 15 5 5 0 41 51 2 0.0271034725652 1 5 
161 10 2.0 14 0 2 0 26 27 2 0.0329868367855 1 2 
161 10 2.0 17 7 7 0 60 41 2 1.40370481675e-23 5 2 
161 10 2.0 16 8 9 0 66 48 2 5.63180814646e-26 6 2 
161 10 2.0 19 2 3 0 72 30 2 9.10180991871e-23 6 0 
161 10 2.0 18 3 4 0 61 24 2 1.09181956646e-19 4 1 
161 10 2.0 24 7 1 0 25 21 3 0.0739290109404 3 1 
161 10 2.0 25 12 6 0 48 37 3 1.02580355585e-28 7 0 
161 10 2.0 20 2 6 0 90 69 2 7.26571894441e-35 9 0 
161 10 2.0 21 4 0 0 42 16 3 5.60012088973e-21 4 0 
161 10 2.0 22 13 7 0 52 50 3 2.00241435158e-36 8 0 
161 10 2.0 23 5 1 0 33 13 2 0.0156702840098 3 1 
161 10 2.0 1 4 1 0 7 10 1 0.139788256362 0 3 
161 10 2.0 3 9 0 0 1 2 1 0.155515915633 0 1 
161 10 2.0 2 2 0 0 4 6 1 0.131728546117 0 2 
161 10 2.0 5 2 1 0 9 8 2 0.159591399628 2 1 
161 10 2.0 4 16 17 0 135 46 1 0.00691439616568 0 13 
161 10 2.0 7 4 0 0 15 37 2 0.0875175809793 1 3 
161 10 2.0 6 3 0 0 5 13 2 0.0981226537239 1 1 
161 10 2.0 9 2 1 0 33 41 2 0.0213124114347 1 3 
161 10 2.0 8 9 6 0 71 93 2 0.177379070847 1 9 
161 10 2.0 11 2 1 0 25 9 2 0.0332762714011 1 1 
161 10 2.0 10 3 4 0 43 61 2 0.0143981542381 1 5 
161 11 0.0 13 3 1 0 40 55 2 0.0123367568378 1 4 
161 11 0.0 12 2 10 0 55 71 2 0.00072841249219 1 7 
161 11 0.0 15 5 5 0 41 51 2 0.0101731934919 1 5 
161 11 0.0 14 0 2 0 26 27 2 0.0144358418374 1 2 
161 11 0.0 17 7 7 0 60 41 2 2.52502187904e-37 5 2 
161 11 0.0 16 8 9 0 66 48 2 1.40433530961e-36 6 2 
161 11 0.0 19 2 3 0 72 30 2 4.49659016095e-35 6 0 
161 11 0.0 18 3 4 0 61 24 2 5.96760614041e-32 4 1 
161 11 0.0 24 7 1 0 25 21 3 2.53842909915e-32 3 1 
161 11 0.0 25 12 6 0 48 37 3 1.12938301128e-62 7 0 
161 11 0.0 20 2 6 0 90 69 2 9.86257363466e-46 9 0 
161 11 0.0 21 4 0 0 42 16 3 8.91971199261e-52 4 0 
161 11 0.0 22 13 7 0 52 50 3 3.49820533157e-64 8 0 
161 11 0.0 23 5 1 0 33 13 2 6.41380179243e-08 3 1 
161 11 0.0 1 4 1 0 7 10 1 0.182723533037 0 3 
161 11 0.0 3 9 0 0 1 2 1 0.191803266323 0 1 
161 11 0.0 2 2 0 0 4 6 1 0.182718354163 0 2 
161 11 0.0 5 2 1 0 9 8 2 0.0976329127525 2 1 
161 11 0.0 4 16 17 0 135 46 1 0.0476052206087 0 13 
161 11 0.0 7 4 0 0 15 37 2 0.0978597410898 1 3 
161 11 0.0 6 3 0 0 5 13 2 0.097747859071 1 1 
161 11 0.0 9 2 1 0 33 41 2 0.0122065109379 1 3 
161 11 0.0 8 9 6 0 71 93 2 0.149872691282 1 9 
161 11 0.0 11 2 1 0 25 9 2 0.0149179198338 1 1 
161 11 0.0 10 3 4 0 43 61 2 0.0112529451423 1 5 
161 11 2.0 13 3 1 0 40 55 2 0.0134704456673 1 4 
161 11 2.0 12 2 10 0 55 71 2 0.0103121141694 1 7 
161 11 2.0 15 5 5 0 41 51 2 0.034620628924 1 5 
161 11 2.0 14 0 2 0 26 27 2 0.042044544576 1 2 
161 11 2.0 17 7 7 0 60 41 2 1.79887184921e-23 5 2 
161 11 2.0 16 8 9 0 66 48 2 1.114819983e-25 6 2 
161 11 2.0 19 2 3 0 72 30 2 7.72177281513e-22 6 0 
161 11 2.0 18 3 4 0 61 24 2 2.95508836595e-19 4 1 
161 11 2.0 24 7 1 0 25 21 3 0.0716599774275 3 1 
161 11 2.0 25 12 6 0 48 37 3 7.60296557702e-30 7 0 
161 11 2.0 20 2 6 0 90 69 2 2.96616517019e-33 9 0 
161 11 2.0 21 4 0 0 42 16 3 1.22407812696e-21 4 0 
161 11 2.0 22 13 7 0 52 50 3 5.23248683527e-37 8 0 
161 11 2.0 23 5 1 0 33 13 2 0.0148867641698 3 1 
161 11 2.0 1 4 1 0 7 10 1 0.148149708415 0 3 
161 11 2.0 3 9 0 0 1 2 1 0.153541333159 0 1 
161 11 2.0 2 2 0 0 4 6 1 0.135356064323 0 2 
161 11 2.0 5 2 1 0 9 8 2 0.155316072161 2 1 
161 11 2.0 4 16 17 0 135 46 1 0.00883210081478 0 13 
161 11 2.0 7 4 0 0 15 37 2 0.0859551296199 1 3 
161 11 2.0 6 3 0 0 5 13 2 0.0917508894874 1 1 
161 11 2.0 9 2 1 0 33 41 2 0.0343727448224 1 3 
161 11 2.0 8 9 6 0 71 93 2 0.182664541038 1 9 
161 11 2.0 11 2 1 0 25 9 2 0.0418552423038 1 1 
161 11 2.0 10 3 4 0 43 61 2 0.00268202473497 1 5 
161 12 0.0 13 3 1 0 40 55 2 0.0151195016514 1 4 
161 12 0.0 12 2 10 0 55 71 2 0.00237052474706 1 7 
161 12 0.0 15 5 5 0 41 51 2 0.00795668032401 1 5 
161 12 0.0 14 0 2 0 26 27 2 0.0170400033263 1 2 
161 12 0.0 17 7 7 0 60 41 2 1.29162163462e-37 5 2 
161 12 0.0 16 8 9 0 66 48 2 9.58948929155e-37 6 2 
161 12 0.0 19 2 3 0 72 30 2 1.10335116544e-35 6 0 
161 12 0.0 18 3 4 0 61 24 2 3.40755564486e-33 4 1 
161 12 0.0 24 7 1 0 25 21 3 2.98580172979e-30 3 1 
161 12 0.0 25 12 6 0 48 37 3 3.50575274811e-63 7 0 
161 12 0.0 20 2 6 0 90 69 2 1.49205828482e-45 9 0 
161 12 0.0 21 4 0 0 42 16 3 1.58929994128e-51 4 0 
161 12 0.0 22 13 7 0 52 50 3 3.34298231267e-63 8 0 
161 12 0.0 23 5 1 0 33 13 2 2.5629874076e-09 3 1 
161 12 0.0 1 4 1 0 7 10 1 0.182954701698 0 3 
161 12 0.0 3 9 0 0 1 2 1 0.192024002929 0 1 
161 12 0.0 2 2 0 0 4 6 1 0.183006177544 0 2 
161 12 0.0 5 2 1 0 9 8 2 0.0960762666699 2 1 
161 12 0.0 4 16 17 0 135 46 1 0.0456768733556 0 13 
161 12 0.0 7 4 0 0 15 37 2 0.0967823038495 1 3 
161 12 0.0 6 3 0 0 5 13 2 0.0968003839505 1 1 
161 12 0.0 9 2 1 0 33 41 2 0.015559543712 1 3 
161 12 0.0 8 9 6 0 71 93 2 0.149635644971 1 9 
161 12 0.0 11 2 1 0 25 9 2 0.0175476510022 1 1 
161 12 0.0 10 3 4 0 43 61 2 0.0115490349206 1 5 
161 12 2.0 13 3 1 0 40 55 2 0.0227047922773 1 4 
161 12 2.0 12 2 10 0 55 71 2 0.00839175011569 1 7 
161 12 2.0 15 5 5 0 41 51 2 0.060330350893 1 5 
161 12 2.0 14 0 2 0 26 27 2 0.072844188767 1 2 
161 12 2.0 17 7 7 0 60 41 2 1.03126497718e-23 5 2 
161 12 2.0 16 8 9 0 66 48 2 2.5959270656e-26 6 2 
161 12 2.0 19 2 3 0 72 30 2 1.09298531853e-22 6 0 
161 12 2.0 18 3 4 0 61 24 2 1.98906212872e-19 4 1 
161 12 2.0 24 7 1 0 25 21 3 0.0676960322645 3 1 
161 12 2.0 25 12 6 0 48 37 3 1.23172214934e-29 7 0 
161 12 2.0 20 2 6 0 90 69 2 6.55551328906e-34 9 0 
161 12 2.0 21 4 0 0 42 16 3 1.87931161845e-22 4 0 
161 12 2.0 22 13 7 0 52 50 3 2.04264622355e-37 8 0 
161 12 2.0 23 5 1 0 33 13 2 0.0176836719283 3 1 
161 12 2.0 1 4 1 0 7 10 1 0.141922119956 0 3 
161 12 2.0 3 9 0 0 1 2 1 0.153489443893 0 1 
161 12 2.0 2 2 0 0 4 6 1 0.113849524854 0 2 
161 12 2.0 5 2 1 0 9 8 2 0.155924281585 2 1 
161 12 2.0 4 16 17 0 135 46 1 0.383547283201 0 13 
161 12 2.0 7 4 0 0 15 37 2 0.0878864465458 1 3 
161 12 2.0 6 3 0 0 5 13 2 0.0850274895014 1 1 
161 12 2.0 9 2 1 0 33 41 2 0.0530762109564 1 3 
161 12 2.0 8 9 6 0 71 93 2 0.179130149301 1 9 
161 12 2.0 11 2 1 0 25 9 2 0.0730832602502 1 1 
161 12 2.0 10 3 4 0 43 61 2 0.013193951582 1 5 
161 13 0.0 13 3 1 0 40 55 2 0.00399607871215 1 4 
161 13 0.0 12 2 10 0 55 71 2 0.00362001380561 1 7 
161 13 0.0 15 5 5 0 41 51 2 0.0071932407117 1 5 
161 13 0.0 14 0 2 0 26 27 2 0.00762362655453 1 2 
161 13 0.0 17 7 7 0 60 41 2 2.21914202295e-36 5 2 
161 13 0.0 16 8 9 0 66 48 2 4.00623365361e-37 6 2 
161 13 0.0 19 2 3 0 72 30 2 1.92462388775e-34 6 0 
161 13 0.0 18 3 4 0 61 24 2 1.12722206678e-31 4 1 
161 13 0.0 24 7 1 0 25 21 3 3.66321730994e-32 3 1 
161 13 0.0 25 12 6 0 48 37 3 1.4054667846e-63 7 0 
161 13 0.0 20 2 6 0 90 69 2 1.21808791841e-45 9 0 
161 13 0.0 21 4 0 0 42 16 3 1.53730417459e-53 4 0 
161 13 0.0 22 13 7 0 52 50 3 1.63904753897e-64 8 0 
161 13 0.0 23 5 1 0 33 13 2 7.21839051193e-09 3 1 
161 13 0.0 1 4 1 0 7 10 1 0.183415216682 0 3 
161 13 0.0 3 9 0 0 1 2 1 0.19200518525 0 1 
161 13 0.0 2 2 0 0 4 6 1 0.183389504943 0 2 
161 13 0.0 5 2 1 0 9 8 2 0.0989143109487 2 1 
161 13 0.0 4 16 17 0 135 46 1 0.240442252488 0 13 
161 13 0.0 7 4 0 0 15 37 2 0.0990673633027 1 3 
161 13 0.0 6 3 0 0 5 13 2 0.099048517676 1 1 
161 13 0.0 9 2 1 0 33 41 2 0.00598365540476 1 3 
161 13 0.0 8 9 6 0 71 93 2 0.149709196794 1 9 
161 13 0.0 11 2 1 0 25 9 2 0.00773221307907 1 1 
161 13 0.0 10 3 4 0 43 61 2 0.00381493892241 1 5 
161 13 2.0 13 3 1 0 40 55 2 0.00269543425556 1 4 
161 13 2.0 12 2 10 0 55 71 2 0.00187736477064 1 7 
161 13 2.0 15 5 5 0 41 51 2 0.00451174626087 1 5 
161 13 2.0 14 0 2 0 26 27 2 0.00476526170092 1 2 
161 13 2.0 17 7 7 0 60 41 2 8.15376156246e-22 5 2 
161 13 2.0 16 8 9 0 66 48 2 1.54661929257e-25 6 2 
161 13 2.0 19 2 3 0 72 30 2 4.34988283174e-23 6 0 
161 13 2.0 18 3 4 0 61 24 2 1.61645164895e-18 4 1 
161 13 2.0 24 7 1 0 25 21 3 0.0741071231497 3 1 
161 13 2.0 25 12 6 0 48 37 3 3.13792171958e-29 7 0 
161 13 2.0 20 2 6 0 90 69 2 7.65466630494e-34 9 0 
161 13 2.0 21 4 0 0 42 16 3 6.23587654419e-21 4 0 
161 13 2.0 22 13 7 0 52 50 3 4.37092527371e-36 8 0 
161 13 2.0 23 5 1 0 33 13 2 0.00891507476201 3 1 
161 13 2.0 1 4 1 0 7 10 1 0.145716516497 0 3 
161 13 2.0 3 9 0 0 1 2 1 0.157680376114 0 1 
161 13 2.0 2 2 0 0 4 6 1 0.112624600987 0 2 
161 13 2.0 5 2 1 0 9 8 2 0.166777600744 2 1 
161 13 2.0 4 16 17 0 135 46 1 0.0252223760821 0 13 
161 13 2.0 7 4 0 0 15 37 2 0.0844745159165 1 3 
161 13 2.0 6 3 0 0 5 13 2 0.107710437024 1 1 
161 13 2.0 9 2 1 0 33 41 2 0.00419972444641 1 3 
161 13 2.0 8 9 6 0 71 93 2 0.182245904843 1 9 
161 13 2.0 11 2 1 0 25 9 2 0.00520201125115 1 1 
161 13 2.0 10 3 4 0 43 61 2 0.00190652353319 1 5 
161 14 0.0 13 3 1 0 40 55 2 0.00609767104221 1 4 
161 14 0.0 12 2 10 0 55 71 2 0.00122265707291 1 7 
161 14 0.0 15 5 5 0 41 51 2 0.000847056237524 1 5 
161 14 0.0 14 0 2 0 26 27 2 0.0081985322795 1 2 
161 14 0.0 17 7 7 0 60 41 2 4.71945199878e-38 5 2 
161 14 0.0 16 8 9 0 66 48 2 6.23024045641e-37 6 2 
161 14 0.0 19 2 3 0 72 30 2 1.17467273207e-35 6 0 
161 14 0.0 18 3 4 0 61 24 2 1.90904570021e-33 4 1 
161 14 0.0 24 7 1 0 25 21 3 1.08811709602e-31 3 1 
161 14 0.0 25 12 6 0 48 37 3 6.89942292475e-63 7 0 
161 14 0.0 20 2 6 0 90 69 2 1.24822955422e-45 9 0 
161 14 0.0 21 4 0 0 42 16 3 7.88464444561e-51 4 0 
161 14 0.0 22 13 7 0 52 50 3 1.8470150937e-63 8 0 
161 14 0.0 23 5 1 0 33 13 2 2.24543492781e-08 3 1 
161 14 0.0 1 4 1 0 7 10 1 0.179727542749 0 3 
161 14 0.0 3 9 0 0 1 2 1 0.191972649925 0 1 
161 14 0.0 2 2 0 0 4 6 1 0.179856602907 0 2 
161 14 0.0 5 2 1 0 9 8 2 0.0947428892154 2 1 
161 14 0.0 4 16 17 0 135 46 1 0.13067713305 0 13 
161 14 0.0 7 4 0 0 15 37 2 0.0949679475707 1 3 
161 14 0.0 6 3 0 0 5 13 2 0.0949843390623 1 1 
161 14 0.0 9 2 1 0 33 41 2 0.00793549127851 1 3 
161 14 0.0 8 9 6 0 71 93 2 0.149761225362 1 9 
161 14 0.0 11 2 1 0 25 9 2 0.00829350204805 1 1 
161 14 0.0 10 3 4 0 43 61 2 0.00653569022241 1 5 
161 14 2.0 13 3 1 0 40 55 2 0.00865988806706 1 4 
161 14 2.0 12 2 10 0 55 71 2 0.00795091120663 1 7 
161 14 2.0 15 5 5 0 41 51 2 0.0282604142895 1 5 
161 14 2.0 14 0 2 0 26 27 2 0.0294595402446 1 2 
161 14 2.0 17 7 7 0 60 41 2 1.32085554831e-23 5 2 
161 14 2.0 16 8 9 0 66 48 2 3.84893681169e-25 6 2 
161 14 2.0 19 2 3 0 72 30 2 7.26494302446e-22 6 0 
161 14 2.0 18 3 4 0 61 24 2 2.9999936805e-18 4 1 
161 14 2.0 24 7 1 0 25 21 3 0.0743074987918 3 1 
161 14 2.0 25 12 6 0 48 37 3 6.91040560697e-30 7 0 
161 14 2.0 20 2 6 0 90 69 2 4.62895007487e-34 9 0 
161 14 2.0 21 4 0 0 42 16 3 1.91476046584e-21 4 0 
161 14 2.0 22 13 7 0 52 50 3 1.3970422448e-36 8 0 
161 14 2.0 23 5 1 0 33 13 2 0.0145799633555 3 1 
161 14 2.0 1 4 1 0 7 10 1 0.139512926893 0 3 
161 14 2.0 3 9 0 0 1 2 1 0.156118816522 0 1 
161 14 2.0 2 2 0 0 4 6 1 0.130568946247 0 2 
161 14 2.0 5 2 1 0 9 8 2 0.159041340212 2 1 
161 14 2.0 4 16 17 0 135 46 1 0.00755051235518 0 13 
161 14 2.0 7 4 0 0 15 37 2 0.0863558688287 1 3 
161 14 2.0 6 3 0 0 5 13 2 0.0980851166765 1 1 
161 14 2.0 9 2 1 0 33 41 2 0.0252940334804 1 3 
161 14 2.0 8 9 6 0 71 93 2 0.178419241484 1 9 
161 14 2.0 11 2 1 0 25 9 2 0.0296084965762 1 1 
161 14 2.0 10 3 4 0 43 61 2 0.00604204795534 1 5 
161 15 0.0 13 3 1 0 40 55 2 0.00979043845245 1 4 
161 15 0.0 12 2 10 0 55 71 2 0.00174860086291 1 7 
161 15 0.0 15 5 5 0 41 51 2 0.0106571295202 1 5 
161 15 0.0 14 0 2 0 26 27 2 0.0130657732417 1 2 
161 15 0.0 17 7 7 0 60 41 2 7.32139695931e-38 5 2 
161 15 0.0 16 8 9 0 66 48 2 1.30858161168e-37 6 2 
161 15 0.0 19 2 3 0 72 30 2 1.56005500708e-34 6 0 
161 15 0.0 18 3 4 0 61 24 2 1.70891789066e-32 4 1 
161 15 0.0 24 7 1 0 25 21 3 3.07484001282e-32 3 1 
161 15 0.0 25 12 6 0 48 37 3 1.24533713277e-63 7 0 
161 15 0.0 20 2 6 0 90 69 2 1.58587989414e-45 9 0 
161 15 0.0 21 4 0 0 42 16 3 2.65818430542e-52 4 0 
161 15 0.0 22 13 7 0 52 50 3 4.85209888876e-64 8 0 
161 15 0.0 23 5 1 0 33 13 2 5.13339125509e-08 3 1 
161 15 0.0 1 4 1 0 7 10 1 0.184658727818 0 3 
161 15 0.0 3 9 0 0 1 2 1 0.19202304178 0 1 
161 15 0.0 2 2 0 0 4 6 1 0.184539650345 0 2 
161 15 0.0 5 2 1 0 9 8 2 0.0986769038845 2 1 
161 15 0.0 4 16 17 0 135 46 1 0.0597695121583 0 13 
161 15 0.0 7 4 0 0 15 37 2 0.0987558276617 1 3 
161 15 0.0 6 3 0 0 5 13 2 0.0987715270058 1 1 
161 15 0.0 9 2 1 0 33 41 2 0.0117339370897 1 3 
161 15 0.0 8 9 6 0 71 93 2 0.149653023091 1 9 
161 15 0.0 11 2 1 0 25 9 2 0.0128361531214 1 1 
161 15 0.0 10 3 4 0 43 61 2 0.00355093111828 1 5 
161 15 2.0 13 3 1 0 40 55 2 0.0122956134426 1 4 
161 15 2.0 12 2 10 0 55 71 2 0.0025857627976 1 7 
161 15 2.0 15 5 5 0 41 51 2 0.0313315683804 1 5 
161 15 2.0 14 0 2 0 26 27 2 0.0399535549116 1 2 
161 15 2.0 17 7 7 0 60 41 2 1.67774900016e-23 5 2 
161 15 2.0 16 8 9 0 66 48 2 1.07075347769e-26 6 2 
161 15 2.0 19 2 3 0 72 30 2 4.17939072506e-23 6 0 
161 15 2.0 18 3 4 0 61 24 2 1.64408813293e-20 4 1 
161 15 2.0 24 7 1 0 25 21 3 0.0681307094878 3 1 
161 15 2.0 25 12 6 0 48 37 3 5.65178591981e-30 7 0 
161 15 2.0 20 2 6 0 90 69 2 1.5600563326e-34 9 0 
161 15 2.0 21 4 0 0 42 16 3 4.02345656148e-22 4 0 
161 15 2.0 22 13 7 0 52 50 3 2.48791754502e-37 8 0 
161 15 2.0 23 5 1 0 33 13 2 0.0131418394724 3 1 
161 15 2.0 1 4 1 0 7 10 1 0.141661983257 0 3 
161 15 2.0 3 9 0 0 1 2 1 0.154403360579 0 1 
161 15 2.0 2 2 0 0 4 6 1 0.126839726972 0 2 
161 15 2.0 5 2 1 0 9 8 2 0.155716500512 2 1 
161 15 2.0 4 16 17 0 135 46 1 0.0101471719482 0 13 
161 15 2.0 7 4 0 0 15 37 2 0.087176949307 1 3 
161 15 2.0 6 3 0 0 5 13 2 0.0933132412055 1 1 
161 15 2.0 9 2 1 0 33 41 2 0.0308472422773 1 3 
161 15 2.0 8 9 6 0 71 93 2 0.179220974747 1 9 
161 15 2.0 11 2 1 0 25 9 2 0.0403537439406 1 1 
161 15 2.0 10 3 4 0 43 61 2 0.00832432285109 1 5 
161 16 0.0 13 3 1 0 40 55 2 0.00861927567963 1 4 
161 16 0.0 12 2 10 0 55 71 2 0.00485883885849 1 7 
161 16 0.0 15 5 5 0 41 51 2 0.00777360705472 1 5 
161 16 0.0 14 0 2 0 26 27 2 0.0101082231204 1 2 
161 16 0.0 17 7 7 0 60 41 2 1.37342465564e-36 5 2 
161 16 0.0 16 8 9 0 66 48 2 2.19779042243e-36 6 2 
161 16 0.0 19 2 3 0 72 30 2 4.88196035833e-35 6 0 
161 16 0.0 18 3 4 0 61 24 2 2.2211606709e-32 4 1 
161 16 0.0 24 7 1 0 25 21 3 7.68432911493e-32 3 1 
161 16 0.0 25 12 6 0 48 37 3 1.78179005008e-63 7 0 
161 16 0.0 20 2 6 0 90 69 2 6.7117152676e-46 9 0 
161 16 0.0 21 4 0 0 42 16 3 1.15920640194e-52 4 0 
161 16 0.0 22 13 7 0 52 50 3 3.97064447319e-64 8 0 
161 16 0.0 23 5 1 0 33 13 2 5.11173101919e-09 3 1 
161 16 0.0 1 4 1 0 7 10 1 0.184427331566 0 3 
161 16 0.0 3 9 0 0 1 2 1 0.191483070144 0 1 
161 16 0.0 2 2 0 0 4 6 1 0.184332113164 0 2 
161 16 0.0 5 2 1 0 9 8 2 0.0974800410895 2 1 
161 16 0.0 4 16 17 0 135 46 1 0.0678186786258 0 13 
161 16 0.0 7 4 0 0 15 37 2 0.0979307073195 1 3 
161 16 0.0 6 3 0 0 5 13 2 0.0979117528524 1 1 
161 16 0.0 9 2 1 0 33 41 2 0.00772403602758 1 3 
161 16 0.0 8 9 6 0 71 93 2 0.149269169872 1 9 
161 16 0.0 11 2 1 0 25 9 2 0.0105428642031 1 1 
161 16 0.0 10 3 4 0 43 61 2 0.00666866696285 1 5 
161 16 2.0 13 3 1 0 40 55 2 0.0116352933424 1 4 
161 16 2.0 12 2 10 0 55 71 2 0.00103777303944 1 7 
161 16 2.0 15 5 5 0 41 51 2 0.0143574280778 1 5 
161 16 2.0 14 0 2 0 26 27 2 0.0166998120295 1 2 
161 16 2.0 17 7 7 0 60 41 2 8.27564809278e-24 5 2 
161 16 2.0 16 8 9 0 66 48 2 2.84468296137e-26 6 2 
161 16 2.0 19 2 3 0 72 30 2 3.20593312863e-24 6 0 
161 16 2.0 18 3 4 0 61 24 2 3.71257256128e-20 4 1 
161 16 2.0 24 7 1 0 25 21 3 0.0722912369788 3 1 
161 16 2.0 25 12 6 0 48 37 3 8.15753204414e-29 7 0 
161 16 2.0 20 2 6 0 90 69 2 3.71985487194e-34 9 0 
161 16 2.0 21 4 0 0 42 16 3 2.56807073367e-19 4 0 
161 16 2.0 22 13 7 0 52 50 3 1.79618921192e-35 8 0 
161 16 2.0 23 5 1 0 33 13 2 0.0120045667373 3 1 
161 16 2.0 1 4 1 0 7 10 1 0.14483826272 0 3 
161 16 2.0 3 9 0 0 1 2 1 0.156278113744 0 1 
161 16 2.0 2 2 0 0 4 6 1 0.130584537023 0 2 
161 16 2.0 5 2 1 0 9 8 2 0.158331379582 2 1 
161 16 2.0 4 16 17 0 135 46 1 0.00840903636982 0 13 
161 16 2.0 7 4 0 0 15 37 2 0.0844285291911 1 3 
161 16 2.0 6 3 0 0 5 13 2 0.100308771674 1 1 
161 16 2.0 9 2 1 0 33 41 2 0.0164240447995 1 3 
161 16 2.0 8 9 6 0 71 93 2 0.182333508643 1 9 
161 16 2.0 11 2 1 0 25 9 2 0.0178146576051 1 1 
161 16 2.0 10 3 4 0 43 61 2 0.00815887753204 1 5 
161 17 0.0 13 3 1 0 40 55 2 0.00406664365023 1 4 
161 17 0.0 12 2 10 0 55 71 2 0.000881244388039 1 7 
161 17 0.0 15 5 5 0 41 51 2 0.00924005245132 1 5 
161 17 0.0 14 0 2 0 26 27 2 0.0103228645517 1 2 
161 17 0.0 17 7 7 0 60 41 2 1.31979144288e-37 5 2 
161 17 0.0 16 8 9 0 66 48 2 3.12785126683e-37 6 2 
161 17 0.0 19 2 3 0 72 30 2 3.2629747496e-35 6 0 
161 17 0.0 18 3 4 0 61 24 2 3.57547749227e-32 4 1 
161 17 0.0 24 7 1 0 25 21 3 5.31343097704e-33 3 1 
161 17 0.0 25 12 6 0 48 37 3 3.56488141609e-64 7 0 
161 17 0.0 20 2 6 0 90 69 2 4.52386863863e-46 9 0 
161 17 0.0 21 4 0 0 42 16 3 6.67456919192e-53 4 0 
161 17 0.0 22 13 7 0 52 50 3 1.40133960134e-64 8 0 
161 17 0.0 23 5 1 0 33 13 2 2.74308167991e-08 3 1 
161 17 0.0 1 4 1 0 7 10 1 0.179920667284 0 3 
161 17 0.0 3 9 0 0 1 2 1 0.191349134188 0 1 
161 17 0.0 2 2 0 0 4 6 1 0.179873942025 0 2 
161 17 0.0 5 2 1 0 9 8 2 0.0988978786953 2 1 
161 17 0.0 4 16 17 0 135 46 1 0.309991514466 0 13 
161 17 0.0 7 4 0 0 15 37 2 0.0989654856667 1 3 
161 17 0.0 6 3 0 0 5 13 2 0.098989434656 1 1 
161 17 0.0 9 2 1 0 33 41 2 0.00961393989131 1 3 
161 17 0.0 8 9 6 0 71 93 2 0.149299175771 1 9 
161 17 0.0 11 2 1 0 25 9 2 0.0104483302797 1 1 
161 17 0.0 10 3 4 0 43 61 2 0.00573872541885 1 5 
161 17 2.0 13 3 1 0 40 55 2 0.014290336139 1 4 
161 17 2.0 12 2 10 0 55 71 2 0.00260134458001 1 7 
161 17 2.0 15 5 5 0 41 51 2 0.0261332467103 1 5 
161 17 2.0 14 0 2 0 26 27 2 0.0284575000009 1 2 
161 17 2.0 17 7 7 0 60 41 2 9.80562314826e-24 5 2 
161 17 2.0 16 8 9 0 66 48 2 2.94130967463e-26 6 2 
161 17 2.0 19 2 3 0 72 30 2 2.76083604903e-22 6 0 
161 17 2.0 18 3 4 0 61 24 2 2.32586763907e-19 4 1 
161 17 2.0 24 7 1 0 25 21 3 0.0682402049088 3 1 
161 17 2.0 25 12 6 0 48 37 3 8.46849605378e-30 7 0 
161 17 2.0 20 2 6 0 90 69 2 4.66229334086e-34 9 0 
161 17 2.0 21 4 0 0 42 16 3 3.20474119924e-22 4 0 
161 17 2.0 22 13 7 0 52 50 3 2.28928615916e-37 8 0 
161 17 2.0 23 5 1 0 33 13 2 0.013003679084 3 1 
161 17 2.0 1 4 1 0 7 10 1 0.142812232259 0 3 
161 17 2.0 3 9 0 0 1 2 1 0.153336239414 0 1 
161 17 2.0 2 2 0 0 4 6 1 0.110508055237 0 2 
161 17 2.0 5 2 1 0 9 8 2 0.159876586291 2 1 
161 17 2.0 4 16 17 0 135 46 1 0.454007741258 0 13 
161 17 2.0 7 4 0 0 15 37 2 0.0895257877351 1 3 
161 17 2.0 6 3 0 0 5 13 2 0.0871387523715 1 1 
161 17 2.0 9 2 1 0 33 41 2 0.0191836327699 1 3 
161 17 2.0 8 9 6 0 71 93 2 0.179052042647 1 9 
161 17 2.0 11 2 1 0 25 9 2 0.0284314633537 1 1 
161 17 2.0 10 3 4 0 43 61 2 0.00318313747748 1 5 
161 18 0.0 13 3 1 0 40 55 2 0.0423735641108 1 4 
161 18 0.0 12 2 10 0 55 71 2 0.00866758288777 1 7 
161 18 0.0 15 5 5 0 41 51 2 0.0164480589663 1 5 
161 18 0.0 14 0 2 0 26 27 2 0.0499876053033 1 2 
161 18 0.0 17 7 7 0 60 41 2 1.46643574341e-37 5 2 
161 18 0.0 16 8 9 0 66 48 2 8.44720330229e-37 6 2 
161 18 0.0 19 2 3 0 72 30 2 1.22627676779e-35 6 0 
161 18 0.0 18 3 4 0 61 24 2 1.72855002514e-32 4 1 
161 18 0.0 24 7 1 0 25 21 3 3.121702663e-32 3 1 
161 18 0.0 25 12 6 0 48 37 3 3.54999827211e-63 7 0 
161 18 0.0 20 2 6 0 90 69 2 1.26844320969e-45 9 0 
161 18 0.0 21 4 0 0 42 16 3 3.16711165246e-51 4 0 
161 18 0.0 22 13 7 0 52 50 3 9.76825658717e-64 8 0 
161 18 0.0 23 5 1 0 33 13 2 5.18311662334e-08 3 1 
161 18 0.0 1 4 1 0 7 10 1 0.183515511368 0 3 
161 18 0.0 3 9 0 0 1 2 1 0.192023103238 0 1 
161 18 0.0 2 2 0 0 4 6 1 0.183714680204 0 2 
161 18 0.0 5 2 1 0 9 8 2 0.0942942133288 2 1 
161 18 0.0 4 16 17 0 135 46 1 0.0744807539972 0 13 
161 18 0.0 7 4 0 0 15 37 2 0.0944690710923 1 3 
161 18 0.0 6 3 0 0 5 13 2 0.0946015228041 1 1 
161 18 0.0 9 2 1 0 33 41 2 0.0470020284969 1 3 
161 18 0.0 8 9 6 0 71 93 2 0.149647798875 1 9 
161 18 0.0 11 2 1 0 25 9 2 0.049616205426 1 1 
161 18 0.0 10 3 4 0 43 61 2 0.0278282156334 1 5 
161 18 2.0 13 3 1 0 40 55 2 0.00367367437739 1 4 
161 18 2.0 12 2 10 0 55 71 2 0.000259081064023 1 7 
161 18 2.0 15 5 5 0 41 51 2 0.00558016874786 1 5 
161 18 2.0 14 0 2 0 26 27 2 0.00790590825008 1 2 
161 18 2.0 17 7 7 0 60 41 2 4.1865474625e-24 5 2 
161 18 2.0 16 8 9 0 66 48 2 3.08572836513e-27 6 2 
161 18 2.0 19 2 3 0 72 30 2 2.22397992189e-23 6 0 
161 18 2.0 18 3 4 0 61 24 2 1.49765635939e-20 4 1 
161 18 2.0 24 7 1 0 25 21 3 0.0678849260994 3 1 
161 18 2.0 25 12 6 0 48 37 3 4.69891152462e-29 7 0 
161 18 2.0 20 2 6 0 90 69 2 1.31424742304e-34 9 0 
161 18 2.0 21 4 0 0 42 16 3 2.22321925559e-21 4 0 
161 18 2.0 22 13 7 0 52 50 3 9.70885433697e-37 8 0 
161 18 2.0 23 5 1 0 33 13 2 0.00792882002337 3 1 
161 18 2.0 1 4 1 0 7 10 1 0.140864920447 0 3 
161 18 2.0 3 9 0 0 1 2 1 0.154127830576 0 1 
161 18 2.0 2 2 0 0 4 6 1 0.105999759857 0 2 
161 18 2.0 5 2 1 0 9 8 2 0.160411400299 2 1 
161 18 2.0 4 16 17 0 135 46 1 0.292243432378 0 13 
161 18 2.0 7 4 0 0 15 37 2 0.0872562111547 1 3 
161 18 2.0 6 3 0 0 5 13 2 0.0911756453236 1 1 
161 18 2.0 9 2 1 0 33 41 2 0.00668476444076 1 3 
161 18 2.0 8 9 6 0 71 93 2 0.180375352656 1 9 
161 18 2.0 11 2 1 0 25 9 2 0.00803000567049 1 1 
161 18 2.0 10 3 4 0 43 61 2 0.00143971537923 1 5 
161 19 0.0 13 3 1 0 40 55 2 0.00556266470355 1 4 
161 19 0.0 12 2 10 0 55 71 2 0.00177143718929 1 7 
161 19 0.0 15 5 5 0 41 51 2 0.00630100761316 1 5 
161 19 0.0 14 0 2 0 26 27 2 0.00816095870182 1 2 
161 19 0.0 17 7 7 0 60 41 2 6.90299585095e-37 5 2 
161 19 0.0 16 8 9 0 66 48 2 9.770631559e-37 6 2 
161 19 0.0 19 2 3 0 72 30 2 4.66356605519e-35 6 0 
161 19 0.0 18 3 4 0 61 24 2 4.17755753328e-32 4 1 
161 19 0.0 24 7 1 0 25 21 3 2.78930682638e-32 3 1 
161 19 0.0 25 12 6 0 48 37 3 1.07757114142e-63 7 0 
161 19 0.0 20 2 6 0 90 69 2 8.13149515356e-46 9 0 
161 19 0.0 21 4 0 0 42 16 3 2.68615079325e-52 4 0 
161 19 0.0 22 13 7 0 52 50 3 5.29767556043e-64 8 0 
161 19 0.0 23 5 1 0 33 13 2 2.79194511626e-08 3 1 
161 19 0.0 1 4 1 0 7 10 1 0.178516392574 0 3 
161 19 0.0 3 9 0 0 1 2 1 0.191763258947 0 1 
161 19 0.0 2 2 0 0 4 6 1 0.178544496003 0 2 
161 19 0.0 5 2 1 0 9 8 2 0.098365958745 2 1 
161 19 0.0 4 16 17 0 135 46 1 0.250738887862 0 13 
161 19 0.0 7 4 0 0 15 37 2 0.0985628959615 1 3 
161 19 0.0 6 3 0 0 5 13 2 0.0985082037004 1 1 
161 19 0.0 9 2 1 0 33 41 2 0.00803041573907 1 3 
161 19 0.0 8 9 6 0 71 93 2 0.149882583338 1 9 
161 19 0.0 11 2 1 0 25 9 2 0.00859113725238 1 1 
161 19 0.0 10 3 4 0 43 61 2 0.00303931247669 1 5 
161 19 2.0 13 3 1 0 40 55 2 0.00313585761551 1 4 
161 19 2.0 12 2 10 0 55 71 2 0.000871289803803 1 7 
161 19 2.0 15 5 5 0 41 51 2 0.00805528210779 1 5 
161 19 2.0 14 0 2 0 26 27 2 0.0113968566644 1 2 
161 19 2.0 17 7 7 0 60 41 2 6.25555102389e-24 5 2 
161 19 2.0 16 8 9 0 66 48 2 3.07288382606e-26 6 2 
161 19 2.0 19 2 3 0 72 30 2 7.69574486157e-24 6 0 
161 19 2.0 18 3 4 0 61 24 2 4.25162030965e-20 4 1 
161 19 2.0 24 7 1 0 25 21 3 0.0725688717642 3 1 
161 19 2.0 25 12 6 0 48 37 3 8.37073748076e-29 7 0 
161 19 2.0 20 2 6 0 90 69 2 2.79255376386e-34 9 0 
161 19 2.0 21 4 0 0 42 16 3 5.45697614099e-20 4 0 
161 19 2.0 22 13 7 0 52 50 3 7.34273025697e-36 8 0 
161 19 2.0 23 5 1 0 33 13 2 0.0103761434078 3 1 
161 19 2.0 1 4 1 0 7 10 1 0.142785490315 0 3 
161 19 2.0 3 9 0 0 1 2 1 0.158734879913 0 1 
161 19 2.0 2 2 0 0 4 6 1 0.123895322562 0 2 
161 19 2.0 5 2 1 0 9 8 2 0.160594546327 2 1 
161 19 2.0 4 16 17 0 135 46 1 0.0132410853273 0 13 
161 19 2.0 7 4 0 0 15 37 2 0.0836946826939 1 3 
161 19 2.0 6 3 0 0 5 13 2 0.102974689165 1 1 
161 19 2.0 9 2 1 0 33 41 2 0.0107366741973 1 3 
161 19 2.0 8 9 6 0 71 93 2 0.182103425948 1 9 
161 19 2.0 11 2 1 0 25 9 2 0.0117287955639 1 1 
161 19 2.0 10 3 4 0 43 61 2 0.00616818970124 1 5 
161 20 0.0 13 3 1 0 40 55 2 0.0157278313786 1 4 
161 20 0.0 12 2 10 0 55 71 2 0.00486760175579 1 7 
161 20 0.0 15 5 5 0 41 51 2 0.0137379296204 1 5 
161 20 0.0 14 0 2 0 26 27 2 0.0177233858268 1 2 
161 20 0.0 17 7 7 0 60 41 2 1.35934949522e-37 5 2 
161 20 0.0 16 8 9 0 66 48 2 6.13073484231e-37 6 2 
161 20 0.0 19 2 3 0 72 30 2 2.23290634695e-34 6 0 
161 20 0.0 18 3 4 0 61 24 2 5.6840984829e-32 4 1 
161 20 0.0 24 7 1 0 25 21 3 3.89431560182e-33 3 1 
161 20 0.0 25 12 6 0 48 37 3 5.95900018104e-63 7 0 
161 20 0.0 20 2 6 0 90 69 2 1.8604404592e-45 9 0 
161 20 0.0 21 4 0 0 42 16 3 2.5588965775e-51 4 0 
161 20 0.0 22 13 7 0 52 50 3 3.11888639692e-63 8 0 
161 20 0.0 23 5 1 0 33 13 2 4.44237472018e-07 3 1 
161 20 0.0 1 4 1 0 7 10 1 0.179583785816 0 3 
161 20 0.0 3 9 0 0 1 2 1 0.192009879366 0 1 
161 20 0.0 2 2 0 0 4 6 1 0.179494050426 0 2 
161 20 0.0 5 2 1 0 9 8 2 0.0942613147915 2 1 
161 20 0.0 4 16 17 0 135 46 1 0.0391779831763 0 13 
161 20 0.0 7 4 0 0 15 37 2 0.0943077138905 1 3 
161 20 0.0 6 3 0 0 5 13 2 0.0942941357645 1 1 
161 20 0.0 9 2 1 0 33 41 2 0.0161855882423 1 3 
161 20 0.0 8 9 6 0 71 93 2 0.149525639749 1 9 
161 20 0.0 11 2 1 0 25 9 2 0.0172632039044 1 1 
161 20 0.0 10 3 4 0 43 61 2 0.00896404526596 1 5 
161 20 2.0 13 3 1 0 40 55 2 0.00173265331913 1 4 
161 20 2.0 12 2 10 0 55 71 2 0.000417635067227 1 7 
161 20 2.0 15 5 5 0 41 51 2 0.00322100022698 1 5 
161 20 2.0 14 0 2 0 26 27 2 0.00371551122491 1 2 
161 20 2.0 17 7 7 0 60 41 2 5.901875766e-24 5 2 
161 20 2.0 16 8 9 0 66 48 2 7.68275353345e-26 6 2 
161 20 2.0 19 2 3 0 72 30 2 1.14408236744e-22 6 0 
161 20 2.0 18 3 4 0 61 24 2 1.98520862111e-19 4 1 
161 20 2.0 24 7 1 0 25 21 3 0.0702333791983 3 1 
161 20 2.0 25 12 6 0 48 37 3 2.67155423008e-29 7 0 
161 20 2.0 20 2 6 0 90 69 2 5.14035771e-34 9 0 
161 20 2.0 21 4 0 0 42 16 3 8.50648074853e-22 4 0 
161 20 2.0 22 13 7 0 52 50 3 6.34715148419e-37 8 0 
161 20 2.0 23 5 1 0 33 13 2 0.00700986016782 3 1 
161 20 2.0 1 4 1 0 7 10 1 0.143123925047 0 3 
161 20 2.0 3 9 0 0 1 2 1 0.156883914197 0 1 
161 20 2.0 2 2 0 0 4 6 1 0.104775962131 0 2 
161 20 2.0 5 2 1 0 9 8 2 0.159979749118 2 1 
161 20 2.0 4 16 17 0 135 46 1 0.122105517934 0 13 
161 20 2.0 7 4 0 0 15 37 2 0.0844685560935 1 3 
161 20 2.0 6 3 0 0 5 13 2 0.0953991076052 1 1 
161 20 2.0 9 2 1 0 33 41 2 0.00259402966778 1 3 
161 20 2.0 8 9 6 0 71 93 2 0.183795030985 1 9 
161 20 2.0 11 2 1 0 25 9 2 0.00371368187261 1 1 
161 20 2.0 10 3 4 0 43 61 2 0.00119739111448 1 5 
161 21 0.0 13 3 1 0 40 55 2 0.0271894187102 1 4 
161 21 0.0 12 2 10 0 55 71 2 0.0129629963887 1 7 
161 21 0.0 15 5 5 0 41 51 2 0.0540491282842 1 5 
161 21 0.0 14 0 2 0 26 27 2 0.0652021147829 1 2 
161 21 0.0 17 7 7 0 60 41 2 2.75734234691e-36 5 2 
161 21 0.0 16 8 9 0 66 48 2 1.18408560211e-36 6 2 
161 21 0.0 19 2 3 0 72 30 2 5.46061826596e-34 6 0 
161 21 0.0 18 3 4 0 61 24 2 1.93960521465e-31 4 1 
161 21 0.0 24 7 1 0 25 21 3 3.68037553104e-34 3 1 
161 21 0.0 25 12 6 0 48 37 3 4.53572239771e-64 7 0 
161 21 0.0 20 2 6 0 90 69 2 4.70757261021e-45 9 0 
161 21 0.0 21 4 0 0 42 16 3 2.62058562164e-53 4 0 
161 21 0.0 22 13 7 0 52 50 3 7.41176794153e-65 8 0 
161 21 0.0 23 5 1 0 33 13 2 8.7445524497e-07 3 1 
161 21 0.0 1 4 1 0 7 10 1 0.186173878946 0 3 
161 21 0.0 3 9 0 0 1 2 1 0.19193689281 0 1 
161 21 0.0 2 2 0 0 4 6 1 0.18618095818 0 2 
161 21 0.0 5 2 1 0 9 8 2 0.10110918879 2 1 
161 21 0.0 4 16 17 0 135 46 1 0.116098692749 0 13 
161 21 0.0 7 4 0 0 15 37 2 0.101188031276 1 3 
161 21 0.0 6 3 0 0 5 13 2 0.101125127637 1 1 
161 21 0.0 9 2 1 0 33 41 2 0.0557772559126 1 3 
161 21 0.0 8 9 6 0 71 93 2 0.149414577462 1 9 
161 21 0.0 11 2 1 0 25 9 2 0.0648658952732 1 1 
161 21 0.0 10 3 4 0 43 61 2 0.0301003025167 1 5 
161 21 2.0 13 3 1 0 40 55 2 0.00133908998837 1 4 
161 21 2.0 12 2 10 0 55 71 2 0.00118580926511 1 7 
161 21 2.0 15 5 5 0 41 51 2 0.00763818180654 1 5 
161 21 2.0 14 0 2 0 26 27 2 0.00884857118135 1 2 
161 21 2.0 17 7 7 0 60 41 2 8.82590891611e-23 5 2 
161 21 2.0 16 8 9 0 66 48 2 2.78417479479e-26 6 2 
161 21 2.0 19 2 3 0 72 30 2 4.81162185683e-23 6 0 
161 21 2.0 18 3 4 0 61 24 2 7.62298187488e-20 4 1 
161 21 2.0 24 7 1 0 25 21 3 0.0704357047255 3 1 
161 21 2.0 25 12 6 0 48 37 3 2.82730657422e-30 7 0 
161 21 2.0 20 2 6 0 90 69 2 4.07421228039e-34 9 0 
161 21 2.0 21 4 0 0 42 16 3 7.60844929892e-23 4 0 
161 21 2.0 22 13 7 0 52 50 3 1.93705033513e-37 8 0 
161 21 2.0 23 5 1 0 33 13 2 0.00877511735834 3 1 
161 21 2.0 1 4 1 0 7 10 1 0.140144942014 0 3 
161 21 2.0 3 9 0 0 1 2 1 0.155973299081 0 1 
161 21 2.0 2 2 0 0 4 6 1 0.118093761357 0 2 
161 21 2.0 5 2 1 0 9 8 2 0.165080783932 2 1 
161 21 2.0 4 16 17 0 135 46 1 0.0249239252269 0 13 
161 21 2.0 7 4 0 0 15 37 2 0.0873256829651 1 3 
161 21 2.0 6 3 0 0 5 13 2 0.103574946856 1 1 
161 21 2.0 9 2 1 0 33 41 2 0.00614378445743 1 3 
161 21 2.0 8 9 6 0 71 93 2 0.17976513638 1 9 
161 21 2.0 11 2 1 0 25 9 2 0.00894292809789 1 1 
161 21 2.0 10 3 4 0 43 61 2 0.00196811710943 1 5 
161 22 0.0 13 3 1 0 40 55 2 0.0173936291931 1 4 
161 22 0.0 12 2 10 0 55 71 2 0.00417694974966 1 7 
161 22 0.0 15 5 5 0 41 51 2 0.0150425577205 1 5 
161 22 0.0 14 0 2 0 26 27 2 0.0237275814241 1 2 
161 22 0.0 17 7 7 0 60 41 2 1.57492254902e-38 5 2 
161 22 0.0 16 8 9 0 66 48 2 2.80482751533e-37 6 2 
161 22 0.0 19 2 3 0 72 30 2 1.38926824736e-35 6 0 
161 22 0.0 18 3 4 0 61 24 2 2.91813988483e-33 4 1 
161 22 0.0 24 7 1 0 25 21 3 2.66943235212e-32 3 1 
161 22 0.0 25 12 6 0 48 37 3 2.70575139641e-63 7 0 
161 22 0.0 20 2 6 0 90 69 2 9.67846121541e-46 9 0 
161 22 0.0 21 4 0 0 42 16 3 7.05542216834e-52 4 0 
161 22 0.0 22 13 7 0 52 50 3 9.70112112379e-64 8 0 
161 22 0.0 23 5 1 0 33 13 2 3.66592801965e-08 3 1 
161 22 0.0 1 4 1 0 7 10 1 0.180175194606 0 3 
161 22 0.0 3 9 0 0 1 2 1 0.192006228966 0 1 
161 22 0.0 2 2 0 0 4 6 1 0.180249566916 0 2 
161 22 0.0 5 2 1 0 9 8 2 0.0954104307002 2 1 
161 22 0.0 4 16 17 0 135 46 1 0.434476648065 0 13 
161 22 0.0 7 4 0 0 15 37 2 0.0956288074632 1 3 
161 22 0.0 6 3 0 0 5 13 2 0.0954987578248 1 1 
161 22 0.0 9 2 1 0 33 41 2 0.0227388866806 1 3 
161 22 0.0 8 9 6 0 71 93 2 0.149705885552 1 9 
161 22 0.0 11 2 1 0 25 9 2 0.0241996101105 1 1 
161 22 0.0 10 3 4 0 43 61 2 0.0135332861229 1 5 
161 22 2.0 13 3 1 0 40 55 2 0.0412666918022 1 4 
161 22 2.0 12 2 10 0 55 71 2 0.00544124796902 1 7 
161 22 2.0 15 5 5 0 41 51 2 0.074611711629 1 5 
161 22 2.0 14 0 2 0 26 27 2 0.103726594269 1 2 
161 22 2.0 17 7 7 0 60 41 2 7.46546574671e-23 5 2 
161 22 2.0 16 8 9 0 66 48 2 1.64866908961e-25 6 2 
161 22 2.0 19 2 3 0 72 30 2 1.28965960809e-21 6 0 
161 22 2.0 18 3 4 0 61 24 2 2.91099411173e-19 4 1 
161 22 2.0 24 7 1 0 25 21 3 0.0689089644007 3 1 
161 22 2.0 25 12 6 0 48 37 3 1.4249932023e-29 7 0 
161 22 2.0 20 2 6 0 90 69 2 7.01308932722e-34 9 0 
161 22 2.0 21 4 0 0 42 16 3 6.34649990023e-23 4 0 
161 22 2.0 22 13 7 0 52 50 3 1.43635419544e-37 8 0 
161 22 2.0 23 5 1 0 33 13 2 0.0197803962052 3 1 
161 22 2.0 1 4 1 0 7 10 1 0.145661350738 0 3 
161 22 2.0 3 9 0 0 1 2 1 0.151008107665 0 1 
161 22 2.0 2 2 0 0 4 6 1 0.118357341693 0 2 
161 22 2.0 5 2 1 0 9 8 2 0.161885819523 2 1 
161 22 2.0 4 16 17 0 135 46 1 0.290523441799 0 13 
161 22 2.0 7 4 0 0 15 37 2 0.0917558089354 1 3 
161 22 2.0 6 3 0 0 5 13 2 0.0885088294832 1 1 
161 22 2.0 9 2 1 0 33 41 2 0.0564649312302 1 3 
161 22 2.0 8 9 6 0 71 93 2 0.178698356134 1 9 
161 22 2.0 11 2 1 0 25 9 2 0.104270207436 1 1 
161 22 2.0 10 3 4 0 43 61 2 0.0137567459216 1 5 
161 23 0.0 13 3 1 0 40 55 2 0.0118664128232 1 4 
161 23 0.0 12 2 10 0 55 71 2 0.00170655959613 1 7 
161 23 0.0 15 5 5 0 41 51 2 0.0103292200959 1 5 
161 23 0.0 14 0 2 0 26 27 2 0.0135473593401 1 2 
161 23 0.0 17 7 7 0 60 41 2 4.65451191194e-38 5 2 
161 23 0.0 16 8 9 0 66 48 2 5.86646313858e-38 6 2 
161 23 0.0 19 2 3 0 72 30 2 1.10697945814e-35 6 0 
161 23 0.0 18 3 4 0 61 24 2 8.05755528843e-33 4 1 
161 23 0.0 24 7 1 0 25 21 3 6.50050315344e-33 3 1 
161 23 0.0 25 12 6 0 48 37 3 5.10229433314e-63 7 0 
161 23 0.0 20 2 6 0 90 69 2 1.71490409204e-46 9 0 
161 23 0.0 21 4 0 0 42 16 3 2.24046483411e-52 4 0 
161 23 0.0 22 13 7 0 52 50 3 4.03649430203e-64 8 0 
161 23 0.0 23 5 1 0 33 13 2 4.17273583503e-08 3 1 
161 23 0.0 1 4 1 0 7 10 1 0.18452167217 0 3 
161 23 0.0 3 9 0 0 1 2 1 0.192019591116 0 1 
161 23 0.0 2 2 0 0 4 6 1 0.184527253991 0 2 
161 23 0.0 5 2 1 0 9 8 2 0.099415038969 2 1 
161 23 0.0 4 16 17 0 135 46 1 0.363941079865 0 13 
161 23 0.0 7 4 0 0 15 37 2 0.0994566878845 1 3 
161 23 0.0 6 3 0 0 5 13 2 0.0995153235814 1 1 
161 23 0.0 9 2 1 0 33 41 2 0.010967721652 1 3 
161 23 0.0 8 9 6 0 71 93 2 0.149666615942 1 9 
161 23 0.0 11 2 1 0 25 9 2 0.013834036881 1 1 
161 23 0.0 10 3 4 0 43 61 2 0.00817299059703 1 5 
161 23 2.0 13 3 1 0 40 55 2 0.0801148979374 1 4 
161 23 2.0 12 2 10 0 55 71 2 0.00238613504306 1 7 
161 23 2.0 15 5 5 0 41 51 2 0.0929960441366 1 5 
161 23 2.0 14 0 2 0 26 27 2 0.116581274271 1 2 
161 23 2.0 17 7 7 0 60 41 2 1.83048099447e-23 5 2 
161 23 2.0 16 8 9 0 66 48 2 7.95738623944e-26 6 2 
161 23 2.0 19 2 3 0 72 30 2 1.47701991661e-22 6 0 
161 23 2.0 18 3 4 0 61 24 2 2.86502048743e-19 4 1 
161 23 2.0 24 7 1 0 25 21 3 0.0737946045147 3 1 
161 23 2.0 25 12 6 0 48 37 3 1.8437586225e-29 7 0 
161 23 2.0 20 2 6 0 90 69 2 3.00771526634e-33 9 0 
161 23 2.0 21 4 0 0 42 16 3 8.33661006686e-21 4 0 
161 23 2.0 22 13 7 0 52 50 3 2.52812181704e-36 8 0 
161 23 2.0 23 5 1 0 33 13 2 0.0250029435728 3 1 
161 23 2.0 1 4 1 0 7 10 1 0.142142252376 0 3 
161 23 2.0 3 9 0 0 1 2 1 0.15506708925 0 1 
161 23 2.0 2 2 0 0 4 6 1 0.124988031613 0 2 
161 23 2.0 5 2 1 0 9 8 2 0.155201937704 2 1 
161 23 2.0 4 16 17 0 135 46 1 0.0883974043033 0 13 
161 23 2.0 7 4 0 0 15 37 2 0.0894064956754 1 3 
161 23 2.0 6 3 0 0 5 13 2 0.0832235171986 1 1 
161 23 2.0 9 2 1 0 33 41 2 0.104035048443 1 3 
161 23 2.0 8 9 6 0 71 93 2 0.179174272309 1 9 
161 23 2.0 11 2 1 0 25 9 2 0.120094013472 1 1 
161 23 2.0 10 3 4 0 43 61 2 0.0194314903019 1 5 
161 24 0.0 13 3 1 0 40 55 2 0.0469286946593 1 4 
161 24 0.0 12 2 10 0 55 71 2 0.0226206007013 1 7 
161 24 0.0 15 5 5 0 41 51 2 0.0498668840572 1 5 
161 24 0.0 14 0 2 0 26 27 2 0.0612701648422 1 2 
161 24 0.0 17 7 7 0 60 41 2 3.69316086983e-37 5 2 
161 24 0.0 16 8 9 0 66 48 2 2.91027308902e-36 6 2 
161 24 0.0 19 2 3 0 72 30 2 1.55061150903e-34 6 0 
161 24 0.0 18 3 4 0 61 24 2 3.40137644827e-31 4 1 
161 24 0.0 24 7 1 0 25 21 3 8.97667263195e-33 3 1 
161 24 0.0 25 12 6 0 48 37 3 4.56469566133e-63 7 0 
161 24 0.0 20 2 6 0 90 69 2 3.99389555739e-45 9 0 
161 24 0.0 21 4 0 0 42 16 3 1.84679927551e-51 4 0 
161 24 0.0 22 13 7 0 52 50 3 2.52190634649e-63 8 0 
161 24 0.0 23 5 1 0 33 13 2 2.0592803316e-07 3 1 
161 24 0.0 1 4 1 0 7 10 1 0.180939318973 0 3 
161 24 0.0 3 9 0 0 1 2 1 0.191876276538 0 1 
161 24 0.0 2 2 0 0 4 6 1 0.180866602247 0 2 
161 24 0.0 5 2 1 0 9 8 2 0.09875086682 2 1 
161 24 0.0 4 16 17 0 135 46 1 0.152372765636 0 13 
161 24 0.0 7 4 0 0 15 37 2 0.0988247559111 1 3 
161 24 0.0 6 3 0 0 5 13 2 0.0988310853865 1 1 
161 24 0.0 9 2 1 0 33 41 2 0.0594270432321 1 3 
161 24 0.0 8 9 6 0 71 93 2 0.14984186104 1 9 
161 24 0.0 11 2 1 0 25 9 2 0.0620729186801 1 1 
161 24 0.0 10 3 4 0 43 61 2 0.034111899747 1 5 
161 24 2.0 13 3 1 0 40 55 2 0.00263955928127 1 4 
161 24 2.0 12 2 10 0 55 71 2 0.001052761978 1 7 
161 24 2.0 15 5 5 0 41 51 2 0.00563125837479 1 5 
161 24 2.0 14 0 2 0 26 27 2 0.0062208802004 1 2 
161 24 2.0 17 7 7 0 60 41 2 1.09893939386e-23 5 2 
161 24 2.0 16 8 9 0 66 48 2 1.8110115005e-26 6 2 
161 24 2.0 19 2 3 0 72 30 2 2.52270331907e-22 6 0 
161 24 2.0 18 3 4 0 61 24 2 6.4672587467e-20 4 1 
161 24 2.0 24 7 1 0 25 21 3 0.0655296507869 3 1 
161 24 2.0 25 12 6 0 48 37 3 5.61303877236e-30 7 0 
161 24 2.0 20 2 6 0 90 69 2 1.05346631335e-34 9 0 
161 24 2.0 21 4 0 0 42 16 3 2.43305011739e-23 4 0 
161 24 2.0 22 13 7 0 52 50 3 6.88411838758e-38 8 0 
161 24 2.0 23 5 1 0 33 13 2 0.00661844952663 3 1 
161 24 2.0 1 4 1 0 7 10 1 0.140172560442 0 3 
161 24 2.0 3 9 0 0 1 2 1 0.154439522514 0 1 
161 24 2.0 2 2 0 0 4 6 1 0.109031129913 0 2 
161 24 2.0 5 2 1 0 9 8 2 0.158100981825 2 1 
161 24 2.0 4 16 17 0 135 46 1 0.182395573706 0 13 
161 24 2.0 7 4 0 0 15 37 2 0.0858517533757 1 3 
161 24 2.0 6 3 0 0 5 13 2 0.0936480989278 1 1 
161 24 2.0 9 2 1 0 33 41 2 0.00284349928092 1 3 
161 24 2.0 8 9 6 0 71 93 2 0.182777078108 1 9 
161 24 2.0 11 2 1 0 25 9 2 0.00623186631048 1 1 
161 24 2.0 10 3 4 0 43 61 2 0.000477477989908 1 5 
161 25 0.0 13 3 1 0 40 55 2 0.0413978703758 1 4 
161 25 0.0 12 2 10 0 55 71 2 0.0171455392263 1 7 
161 25 0.0 15 5 5 0 41 51 2 0.0399202101983 1 5 
161 25 0.0 14 0 2 0 26 27 2 0.045410576723 1 2 
161 25 0.0 17 7 7 0 60 41 2 1.26513507651e-36 5 2 
161 25 0.0 16 8 9 0 66 48 2 1.16970447734e-36 6 2 
161 25 0.0 19 2 3 0 72 30 2 3.14373969398e-35 6 0 
161 25 0.0 18 3 4 0 61 24 2 2.83068681313e-31 4 1 
161 25 0.0 24 7 1 0 25 21 3 3.22849581906e-32 3 1 
161 25 0.0 25 12 6 0 48 37 3 4.9487935789e-63 7 0 
161 25 0.0 20 2 6 0 90 69 2 6.05516303668e-46 9 0 
161 25 0.0 21 4 0 0 42 16 3 8.69805470496e-52 4 0 
161 25 0.0 22 13 7 0 52 50 3 1.51729509157e-63 8 0 
161 25 0.0 23 5 1 0 33 13 2 1.16001009537e-07 3 1 
161 25 0.0 1 4 1 0 7 10 1 0.184695115453 0 3 
161 25 0.0 3 9 0 0 1 2 1 0.191971860195 0 1 
161 25 0.0 2 2 0 0 4 6 1 0.184856846446 0 2 
161 25 0.0 5 2 1 0 9 8 2 0.0960963587921 2 1 
161 25 0.0 4 16 17 0 135 46 1 0.0657229710974 0 13 
161 25 0.0 7 4 0 0 15 37 2 0.0961602498195 1 3 
161 25 0.0 6 3 0 0 5 13 2 0.0961874315285 1 1 
161 25 0.0 9 2 1 0 33 41 2 0.0426297500966 1 3 
161 25 0.0 8 9 6 0 71 93 2 0.149757367347 1 9 
161 25 0.0 11 2 1 0 25 9 2 0.0481523162442 1 1 
161 25 0.0 10 3 4 0 43 61 2 0.0218943591307 1 5 
161 25 2.0 13 3 1 0 40 55 2 0.00106749808779 1 4 
161 25 2.0 12 2 10 0 55 71 2 0.00169231816895 1 7 
161 25 2.0 15 5 5 0 41 51 2 0.0107080194068 1 5 
161 25 2.0 14 0 2 0 26 27 2 0.0114563956979 1 2 
161 25 2.0 17 7 7 0 60 41 2 1.5200363773e-22 5 2 
161 25 2.0 16 8 9 0 66 48 2 1.04716858841e-25 6 2 
161 25 2.0 19 2 3 0 72 30 2 6.66420791067e-23 6 0 
161 25 2.0 18 3 4 0 61 24 2 5.16686978675e-19 4 1 
161 25 2.0 24 7 1 0 25 21 3 0.070521619439 3 1 
161 25 2.0 25 12 6 0 48 37 3 2.99473113385e-30 7 0 
161 25 2.0 20 2 6 0 90 69 2 2.25127647592e-34 9 0 
161 25 2.0 21 4 0 0 42 16 3 5.75024200411e-22 4 0 
161 25 2.0 22 13 7 0 52 50 3 4.11822611341e-37 8 0 
161 25 2.0 23 5 1 0 33 13 2 0.00908516927515 3 1 
161 25 2.0 1 4 1 0 7 10 1 0.146077435164 0 3 
161 25 2.0 3 9 0 0 1 2 1 0.157481250545 0 1 
161 25 2.0 2 2 0 0 4 6 1 0.125018359826 0 2 
161 25 2.0 5 2 1 0 9 8 2 0.15619949472 2 1 
161 25 2.0 4 16 17 0 135 46 1 0.0182269142879 0 13 
161 25 2.0 7 4 0 0 15 37 2 0.0823861221528 1 3 
161 25 2.0 6 3 0 0 5 13 2 0.0980138018717 1 1 
161 25 2.0 9 2 1 0 33 41 2 0.00947579414687 1 3 
161 25 2.0 8 9 6 0 71 93 2 0.186420960536 1 9 
161 25 2.0 11 2 1 0 25 9 2 0.0116890252174 1 1 
161 25 2.0 10 3 4 0 43 61 2 0.00215608579416 1 5 
161 26 0.0 13 3 1 0 40 55 2 0.0374615305833 1 4 
161 26 0.0 12 2 10 0 55 71 2 0.00870553602753 1 7 
161 26 0.0 15 5 5 0 41 51 2 0.0391585740101 1 5 
161 26 0.0 14 0 2 0 26 27 2 0.0451604670049 1 2 
161 26 0.0 17 7 7 0 60 41 2 2.21922197101e-37 5 2 
161 26 0.0 16 8 9 0 66 48 2 7.83335154216e-37 6 2 
161 26 0.0 19 2 3 0 72 30 2 1.38037186047e-35 6 0 
161 26 0.0 18 3 4 0 61 24 2 1.1726888055e-31 4 1 
161 26 0.0 24 7 1 0 25 21 3 1.56769341822e-33 3 1 
161 26 0.0 25 12 6 0 48 37 3 3.53556551485e-63 7 0 
161 26 0.0 20 2 6 0 90 69 2 2.01857744028e-46 9 0 
161 26 0.0 21 4 0 0 42 16 3 4.82976467635e-52 4 0 
161 26 0.0 22 13 7 0 52 50 3 3.43986852129e-64 8 0 
161 26 0.0 23 5 1 0 33 13 2 1.94958696448e-07 3 1 
161 26 0.0 1 4 1 0 7 10 1 0.181957235611 0 3 
161 26 0.0 3 9 0 0 1 2 1 0.191631708186 0 1 
161 26 0.0 2 2 0 0 4 6 1 0.18176990166 0 2 
161 26 0.0 5 2 1 0 9 8 2 0.0932232266608 2 1 
161 26 0.0 4 16 17 0 135 46 1 0.354163355334 0 13 
161 26 0.0 7 4 0 0 15 37 2 0.0933119957581 1 3 
161 26 0.0 6 3 0 0 5 13 2 0.0932692101407 1 1 
161 26 0.0 9 2 1 0 33 41 2 0.0408162061067 1 3 
161 26 0.0 8 9 6 0 71 93 2 0.149271444179 1 9 
161 26 0.0 11 2 1 0 25 9 2 0.0480686973484 1 1 
161 26 0.0 10 3 4 0 43 61 2 0.033315204064 1 5 
161 26 2.0 13 3 1 0 40 55 2 0.00498454555242 1 4 
161 26 2.0 12 2 10 0 55 71 2 0.00295060529188 1 7 
161 26 2.0 15 5 5 0 41 51 2 0.0150448337746 1 5 
161 26 2.0 14 0 2 0 26 27 2 0.0172047836118 1 2 
161 26 2.0 17 7 7 0 60 41 2 6.50727111495e-24 5 2 
161 26 2.0 16 8 9 0 66 48 2 3.70809986562e-26 6 2 
161 26 2.0 19 2 3 0 72 30 2 1.36097435952e-22 6 0 
161 26 2.0 18 3 4 0 61 24 2 9.06465566498e-20 4 1 
161 26 2.0 24 7 1 0 25 21 3 0.0693452202332 3 1 
161 26 2.0 25 12 6 0 48 37 3 8.36079666507e-30 7 0 
161 26 2.0 20 2 6 0 90 69 2 4.38096260467e-35 9 0 
161 26 2.0 21 4 0 0 42 16 3 4.12213221448e-22 4 0 
161 26 2.0 22 13 7 0 52 50 3 3.15893210361e-37 8 0 
161 26 2.0 23 5 1 0 33 13 2 0.0105842268943 3 1 
161 26 2.0 1 4 1 0 7 10 1 0.142940429233 0 3 
161 26 2.0 3 9 0 0 1 2 1 0.156601397283 0 1 
161 26 2.0 2 2 0 0 4 6 1 0.126239129824 0 2 
161 26 2.0 5 2 1 0 9 8 2 0.159071371864 2 1 
161 26 2.0 4 16 17 0 135 46 1 0.0116905941575 0 13 
161 26 2.0 7 4 0 0 15 37 2 0.0862395743918 1 3 
161 26 2.0 6 3 0 0 5 13 2 0.0989500069291 1 1 
161 26 2.0 9 2 1 0 33 41 2 0.0128781854971 1 3 
161 26 2.0 8 9 6 0 71 93 2 0.181793849217 1 9 
161 26 2.0 11 2 1 0 25 9 2 0.0173663394353 1 1 
161 26 2.0 10 3 4 0 43 61 2 0.00374705262902 1 5 
161 27 0.0 13 3 1 0 40 55 2 0.00551496543533 1 4 
161 27 0.0 12 2 10 0 55 71 2 0.00459536081061 1 7 
161 27 0.0 15 5 5 0 41 51 2 0.00746759492274 1 5 
161 27 0.0 14 0 2 0 26 27 2 0.00849188184767 1 2 
161 27 0.0 17 7 7 0 60 41 2 4.69405756995e-37 5 2 
161 27 0.0 16 8 9 0 66 48 2 7.79484134175e-37 6 2 
161 27 0.0 19 2 3 0 72 30 2 1.56247560019e-35 6 0 
161 27 0.0 18 3 4 0 61 24 2 1.9672010847e-31 4 1 
161 27 0.0 24 7 1 0 25 21 3 7.92609625842e-33 3 1 
161 27 0.0 25 12 6 0 48 37 3 1.88309501456e-63 7 0 
161 27 0.0 20 2 6 0 90 69 2 3.55843745243e-46 9 0 
161 27 0.0 21 4 0 0 42 16 3 2.21866301325e-52 4 0 
161 27 0.0 22 13 7 0 52 50 3 6.34218951793e-64 8 0 
161 27 0.0 23 5 1 0 33 13 2 5.44900654302e-08 3 1 
161 27 0.0 1 4 1 0 7 10 1 0.183684480682 0 3 
161 27 0.0 3 9 0 0 1 2 1 0.191771466755 0 1 
161 27 0.0 2 2 0 0 4 6 1 0.183760193985 0 2 
161 27 0.0 5 2 1 0 9 8 2 0.0987529172231 2 1 
161 27 0.0 4 16 17 0 135 46 1 0.281961269913 0 13 
161 27 0.0 7 4 0 0 15 37 2 0.0987868055917 1 3 
161 27 0.0 6 3 0 0 5 13 2 0.0988511075308 1 1 
161 27 0.0 9 2 1 0 33 41 2 0.00776679960647 1 3 
161 27 0.0 8 9 6 0 71 93 2 0.149877138611 1 9 
161 27 0.0 11 2 1 0 25 9 2 0.00870887597373 1 1 
161 27 0.0 10 3 4 0 43 61 2 0.00457742396403 1 5 
161 27 2.0 13 3 1 0 40 55 2 0.0222379031031 1 4 
161 27 2.0 12 2 10 0 55 71 2 0.0142260965036 1 7 
161 27 2.0 15 5 5 0 41 51 2 0.0408233210387 1 5 
161 27 2.0 14 0 2 0 26 27 2 0.0607468620959 1 2 
161 27 2.0 17 7 7 0 60 41 2 4.98096419636e-23 5 2 
161 27 2.0 16 8 9 0 66 48 2 1.83613175102e-25 6 2 
161 27 2.0 19 2 3 0 72 30 2 1.39385966586e-21 6 0 
161 27 2.0 18 3 4 0 61 24 2 5.62572713924e-19 4 1 
161 27 2.0 24 7 1 0 25 21 3 0.0703129820699 3 1 
161 27 2.0 25 12 6 0 48 37 3 7.04277486265e-30 7 0 
161 27 2.0 20 2 6 0 90 69 2 4.55804683413e-33 9 0 
161 27 2.0 21 4 0 0 42 16 3 1.56269325102e-21 4 0 
161 27 2.0 22 13 7 0 52 50 3 2.02015959103e-37 8 0 
161 27 2.0 23 5 1 0 33 13 2 0.0185506733191 3 1 
161 27 2.0 1 4 1 0 7 10 1 0.146188195045 0 3 
161 27 2.0 3 9 0 0 1 2 1 0.153705664055 0 1 
161 27 2.0 2 2 0 0 4 6 1 0.115370205188 0 2 
161 27 2.0 5 2 1 0 9 8 2 0.156640274402 2 1 
161 27 2.0 4 16 17 0 135 46 1 0.43079457023 0 13 
161 27 2.0 7 4 0 0 15 37 2 0.0883386403321 1 3 
161 27 2.0 6 3 0 0 5 13 2 0.0825086048153 1 1 
161 27 2.0 9 2 1 0 33 41 2 0.0508317231499 1 3 
161 27 2.0 8 9 6 0 71 93 2 0.180271758792 1 9 
161 27 2.0 11 2 1 0 25 9 2 0.0610045042189 1 1 
161 27 2.0 10 3 4 0 43 61 2 0.00700419660885 1 5 
161 28 0.0 13 3 1 0 40 55 2 0.00543372597182 1 4 
161 28 0.0 12 2 10 0 55 71 2 0.00218365813155 1 7 
161 28 0.0 15 5 5 0 41 51 2 0.00635425339741 1 5 
161 28 0.0 14 0 2 0 26 27 2 0.00649867696723 1 2 
161 28 0.0 17 7 7 0 60 41 2 2.4784864288e-36 5 2 
161 28 0.0 16 8 9 0 66 48 2 1.45077544373e-35 6 2 
161 28 0.0 19 2 3 0 72 30 2 1.73567723396e-34 6 0 
161 28 0.0 18 3 4 0 61 24 2 2.98839603475e-30 4 1 
161 28 0.0 24 7 1 0 25 21 3 3.82705554951e-32 3 1 
161 28 0.0 25 12 6 0 48 37 3 9.96486533735e-63 7 0 
161 28 0.0 20 2 6 0 90 69 2 7.00290748538e-46 9 0 
161 28 0.0 21 4 0 0 42 16 3 2.88687274554e-52 4 0 
161 28 0.0 22 13 7 0 52 50 3 9.24147153589e-64 8 0 
161 28 0.0 23 5 1 0 33 13 2 3.28245136776e-07 3 1 
161 28 0.0 1 4 1 0 7 10 1 0.182186739588 0 3 
161 28 0.0 3 9 0 0 1 2 1 0.191823413275 0 1 
161 28 0.0 2 2 0 0 4 6 1 0.182242621407 0 2 
161 28 0.0 5 2 1 0 9 8 2 0.0970878296125 2 1 
161 28 0.0 4 16 17 0 135 46 1 0.101055267469 0 13 
161 28 0.0 7 4 0 0 15 37 2 0.097125892021 1 3 
161 28 0.0 6 3 0 0 5 13 2 0.0971436251016 1 1 
161 28 0.0 9 2 1 0 33 41 2 0.00430317990256 1 3 
161 28 0.0 8 9 6 0 71 93 2 0.149862944907 1 9 
161 28 0.0 11 2 1 0 25 9 2 0.00658405613775 1 1 
161 28 0.0 10 3 4 0 43 61 2 0.00444732783691 1 5 
161 28 2.0 13 3 1 0 40 55 2 0.0367703472818 1 4 
161 28 2.0 12 2 10 0 55 71 2 0.0263686013298 1 7 
161 28 2.0 15 5 5 0 41 51 2 0.0545642922507 1 5 
161 28 2.0 14 0 2 0 26 27 2 0.0589536442843 1 2 
161 28 2.0 17 7 7 0 60 41 2 8.80909354707e-24 5 2 
161 28 2.0 16 8 9 0 66 48 2 2.60187920631e-25 6 2 
161 28 2.0 19 2 3 0 72 30 2 9.05476603254e-23 6 0 
161 28 2.0 18 3 4 0 61 24 2 1.33274112364e-18 4 1 
161 28 2.0 24 7 1 0 25 21 3 0.071865162211 3 1 
161 28 2.0 25 12 6 0 48 37 3 4.94196523776e-28 7 0 
161 28 2.0 20 2 6 0 90 69 2 1.67027472558e-33 9 0 
161 28 2.0 21 4 0 0 42 16 3 1.16488976438e-20 4 0 
161 28 2.0 22 13 7 0 52 50 3 5.07184199304e-36 8 0 
161 28 2.0 23 5 1 0 33 13 2 0.0219235671948 3 1 
161 28 2.0 1 4 1 0 7 10 1 0.14483126763 0 3 
161 28 2.0 3 9 0 0 1 2 1 0.153353239803 0 1 
161 28 2.0 2 2 0 0 4 6 1 0.120529000125 0 2 
161 28 2.0 5 2 1 0 9 8 2 0.158851430189 2 1 
161 28 2.0 4 16 17 0 135 46 1 0.421617351858 0 13 
161 28 2.0 7 4 0 0 15 37 2 0.0919124437264 1 3 
161 28 2.0 6 3 0 0 5 13 2 0.0821651369527 1 1 
161 28 2.0 9 2 1 0 33 41 2 0.0405301228645 1 3 
161 28 2.0 8 9 6 0 71 93 2 0.180329169919 1 9 
161 28 2.0 11 2 1 0 25 9 2 0.059490666147 1 1 
161 28 2.0 10 3 4 0 43 61 2 0.0397155289751 1 5 
161 29 0.0 13 3 1 0 40 55 2 0.00462135228248 1 4 
161 29 0.0 12 2 10 0 55 71 2 0.00695488531377 1 7 
161 29 0.0 15 5 5 0 41 51 2 0.0136217560338 1 5 
161 29 0.0 14 0 2 0 26 27 2 0.0154097612224 1 2 
161 29 0.0 17 7 7 0 60 41 2 1.1549656254e-35 5 2 
161 29 0.0 16 8 9 0 66 48 2 6.46514583783e-37 6 2 
161 29 0.0 19 2 3 0 72 30 2 3.68594764067e-34 6 0 
161 29 0.0 18 3 4 0 61 24 2 1.29382731147e-31 4 1 
161 29 0.0 24 7 1 0 25 21 3 9.11720748787e-33 3 1 
161 29 0.0 25 12 6 0 48 37 3 4.25226489697e-64 7 0 
161 29 0.0 20 2 6 0 90 69 2 3.52668192843e-46 9 0 
161 29 0.0 21 4 0 0 42 16 3 2.07120056121e-54 4 0 
161 29 0.0 22 13 7 0 52 50 3 6.3847485611e-65 8 0 
161 29 0.0 23 5 1 0 33 13 2 5.87853899614e-08 3 1 
161 29 0.0 1 4 1 0 7 10 1 0.176191460053 0 3 
161 29 0.0 3 9 0 0 1 2 1 0.192007524115 0 1 
161 29 0.0 2 2 0 0 4 6 1 0.17613580876 0 2 
161 29 0.0 5 2 1 0 9 8 2 0.0957450398326 2 1 
161 29 0.0 4 16 17 0 135 46 1 0.393914776982 0 13 
161 29 0.0 7 4 0 0 15 37 2 0.095807968227 1 3 
161 29 0.0 6 3 0 0 5 13 2 0.0957970874681 1 1 
161 29 0.0 9 2 1 0 33 41 2 0.0120947020442 1 3 
161 29 0.0 8 9 6 0 71 93 2 0.149519853038 1 9 
161 29 0.0 11 2 1 0 25 9 2 0.0157281637299 1 1 
161 29 0.0 10 3 4 0 43 61 2 0.00442575673527 1 5 
161 29 2.0 13 3 1 0 40 55 2 0.00439133854339 1 4 
161 29 2.0 12 2 10 0 55 71 2 0.00106213051343 1 7 
161 29 2.0 15 5 5 0 41 51 2 0.0121786156718 1 5 
161 29 2.0 14 0 2 0 26 27 2 0.015521715897 1 2 
161 29 2.0 17 7 7 0 60 41 2 7.82152269292e-23 5 2 
161 29 2.0 16 8 9 0 66 48 2 3.03362986531e-26 6 2 
161 29 2.0 19 2 3 0 72 30 2 8.87906189714e-22 6 0 
161 29 2.0 18 3 4 0 61 24 2 1.16655318152e-19 4 1 
161 29 2.0 24 7 1 0 25 21 3 0.0703999706996 3 1 
161 29 2.0 25 12 6 0 48 37 3 3.0764136847e-30 7 0 
161 29 2.0 20 2 6 0 90 69 2 1.8566472341e-33 9 0 
161 29 2.0 21 4 0 0 42 16 3 7.64549085206e-23 4 0 
161 29 2.0 22 13 7 0 52 50 3 9.80042924217e-38 8 0 
161 29 2.0 23 5 1 0 33 13 2 0.00986744823718 3 1 
161 29 2.0 1 4 1 0 7 10 1 0.142566638518 0 3 
161 29 2.0 3 9 0 0 1 2 1 0.158314214226 0 1 
161 29 2.0 2 2 0 0 4 6 1 0.12404392867 0 2 
161 29 2.0 5 2 1 0 9 8 2 0.158100641283 2 1 
161 29 2.0 4 16 17 0 135 46 1 0.0155539534263 0 13 
161 29 2.0 7 4 0 0 15 37 2 0.084439268523 1 3 
161 29 2.0 6 3 0 0 5 13 2 0.0982755267387 1 1 
161 29 2.0 9 2 1 0 33 41 2 0.0087895148132 1 3 
161 29 2.0 8 9 6 0 71 93 2 0.183050160482 1 9 
161 29 2.0 11 2 1 0 25 9 2 0.0155302035868 1 1 
161 29 2.0 10 3 4 0 43 61 2 0.00220316739909 1 5 
161 30 0.0 13 3 1 0 40 55 2 0.00551216161203 1 4 
161 30 0.0 12 2 10 0 55 71 2 0.00312370441494 1 7 
161 30 0.0 15 5 5 0 41 51 2 0.00681513984487 1 5 
161 30 0.0 14 0 2 0 26 27 2 0.00652778330544 1 2 
161 30 0.0 17 7 7 0 60 41 2 1.85541245193e-37 5 2 
161 30 0.0 16 8 9 0 66 48 2 2.88040186682e-37 6 2 
161 30 0.0 19 2 3 0 72 30 2 1.54225493284e-36 6 0 
161 30 0.0 18 3 4 0 61 24 2 1.36177054114e-32 4 1 
161 30 0.0 24 7 1 0 25 21 3 2.94511620463e-32 3 1 
161 30 0.0 25 12 6 0 48 37 3 3.74358246161e-63 7 0 
161 30 0.0 20 2 6 0 90 69 2 3.40714643197e-46 9 0 
161 30 0.0 21 4 0 0 42 16 3 3.32995141991e-51 4 0 
161 30 0.0 22 13 7 0 52 50 3 4.72186095965e-63 8 0 
161 30 0.0 23 5 1 0 33 13 2 7.61292817486e-09 3 1 
161 30 0.0 1 4 1 0 7 10 1 0.185308885978 0 3 
161 30 0.0 3 9 0 0 1 2 1 0.192010264875 0 1 
161 30 0.0 2 2 0 0 4 6 1 0.185324206489 0 2 
161 30 0.0 5 2 1 0 9 8 2 0.0976112150234 2 1 
161 30 0.0 4 16 17 0 135 46 1 0.100486536749 0 13 
161 30 0.0 7 4 0 0 15 37 2 0.097742070146 1 3 
161 30 0.0 6 3 0 0 5 13 2 0.0978140727815 1 1 
161 30 0.0 9 2 1 0 33 41 2 0.00851330725139 1 3 
161 30 0.0 8 9 6 0 71 93 2 0.149696435712 1 9 
161 30 0.0 11 2 1 0 25 9 2 0.00891158264158 1 1 
161 30 0.0 10 3 4 0 43 61 2 0.0073969175632 1 5 
161 30 2.0 13 3 1 0 40 55 2 0.0302826254142 1 4 
161 30 2.0 12 2 10 0 55 71 2 0.0017406218851 1 7 
161 30 2.0 15 5 5 0 41 51 2 0.0281722806073 1 5 
161 30 2.0 14 0 2 0 26 27 2 0.0522900111968 1 2 
161 30 2.0 17 7 7 0 60 41 2 5.47713195236e-24 5 2 
161 30 2.0 16 8 9 0 66 48 2 1.44705938849e-26 6 2 
161 30 2.0 19 2 3 0 72 30 2 7.88535231792e-24 6 0 
161 30 2.0 18 3 4 0 61 24 2 2.22301598456e-20 4 1 
161 30 2.0 24 7 1 0 25 21 3 0.07332229104 3 1 
161 30 2.0 25 12 6 0 48 37 3 2.53535744608e-28 7 0 
161 30 2.0 20 2 6 0 90 69 2 3.06572033248e-34 9 0 
161 30 2.0 21 4 0 0 42 16 3 4.61190127787e-20 4 0 
161 30 2.0 22 13 7 0 52 50 3 3.50101183932e-36 8 0 
161 30 2.0 23 5 1 0 33 13 2 0.0173791778738 3 1 
161 30 2.0 1 4 1 0 7 10 1 0.137784626499 0 3 
161 30 2.0 3 9 0 0 1 2 1 0.158183679991 0 1 
161 30 2.0 2 2 0 0 4 6 1 0.128376542931 0 2 
161 30 2.0 5 2 1 0 9 8 2 0.153292502088 2 1 
161 30 2.0 4 16 17 0 135 46 1 0.00933089810658 0 13 
161 30 2.0 7 4 0 0 15 37 2 0.0858260146661 1 3 
161 30 2.0 6 3 0 0 5 13 2 0.0909417408236 1 1 
161 30 2.0 9 2 1 0 33 41 2 0.0467949480485 1 3 
161 30 2.0 8 9 6 0 71 93 2 0.179362089678 1 9 
161 30 2.0 11 2 1 0 25 9 2 0.0532745030309 1 1 
161 30 2.0 10 3 4 0 43 61 2 0.0234714114205 1 5 
161 31 0.0 13 3 1 0 40 55 2 0.00458898507722 1 4 
161 31 0.0 12 2 10 0 55 71 2 0.00191680682164 1 7 
161 31 0.0 15 5 5 0 41 51 2 0.00561520992146 1 5 
161 31 0.0 14 0 2 0 26 27 2 0.00576044944589 1 2 
161 31 0.0 17 7 7 0 60 41 2 1.74940870557e-35 5 2 
161 31 0.0 16 8 9 0 66 48 2 1.14026628543e-35 6 2 
161 31 0.0 19 2 3 0 72 30 2 3.35150403599e-34 6 0 
161 31 0.0 18 3 4 0 61 24 2 5.28568638045e-31 4 1 
161 31 0.0 24 7 1 0 25 21 3 4.92723428687e-33 3 1 
161 31 0.0 25 12 6 0 48 37 3 9.49854594258e-63 7 0 
161 31 0.0 20 2 6 0 90 69 2 3.29931126139e-45 9 0 
161 31 0.0 21 4 0 0 42 16 3 3.91730366306e-52 4 0 
161 31 0.0 22 13 7 0 52 50 3 6.66510490758e-64 8 0 
161 31 0.0 23 5 1 0 33 13 2 2.92036780204e-07 3 1 
161 31 0.0 1 4 1 0 7 10 1 0.183965875658 0 3 
161 31 0.0 3 9 0 0 1 2 1 0.191624651311 0 1 
161 31 0.0 2 2 0 0 4 6 1 0.183985003467 0 2 
161 31 0.0 5 2 1 0 9 8 2 0.100555933895 2 1 
161 31 0.0 4 16 17 0 135 46 1 0.212512293561 0 13 
161 31 0.0 7 4 0 0 15 37 2 0.100594619427 1 3 
161 31 0.0 6 3 0 0 5 13 2 0.100591521544 1 1 
161 31 0.0 9 2 1 0 33 41 2 0.0044676048814 1 3 
161 31 0.0 8 9 6 0 71 93 2 0.149889286405 1 9 
161 31 0.0 11 2 1 0 25 9 2 0.00606830647957 1 1 
161 31 0.0 10 3 4 0 43 61 2 0.00409640151351 1 5 
161 31 2.0 13 3 1 0 40 55 2 0.00141950074721 1 4 
161 31 2.0 12 2 10 0 55 71 2 0.000825299880381 1 7 
161 31 2.0 15 5 5 0 41 51 2 0.00315005130959 1 5 
161 31 2.0 14 0 2 0 26 27 2 0.00348373605581 1 2 
161 31 2.0 17 7 7 0 60 41 2 3.43820011866e-22 5 2 
161 31 2.0 16 8 9 0 66 48 2 1.04931456219e-25 6 2 
161 31 2.0 19 2 3 0 72 30 2 2.45016786209e-23 6 0 
161 31 2.0 18 3 4 0 61 24 2 7.18157723502e-19 4 1 
161 31 2.0 24 7 1 0 25 21 3 0.0716815765202 3 1 
161 31 2.0 25 12 6 0 48 37 3 1.59805331567e-29 7 0 
161 31 2.0 20 2 6 0 90 69 2 5.94900693776e-34 9 0 
161 31 2.0 21 4 0 0 42 16 3 1.10950201787e-21 4 0 
161 31 2.0 22 13 7 0 52 50 3 9.1787517814e-37 8 0 
161 31 2.0 23 5 1 0 33 13 2 0.00711820944317 3 1 
161 31 2.0 1 4 1 0 7 10 1 0.145715326007 0 3 
161 31 2.0 3 9 0 0 1 2 1 0.153846905832 0 1 
161 31 2.0 2 2 0 0 4 6 1 0.10685524938 0 2 
161 31 2.0 5 2 1 0 9 8 2 0.167896119086 2 1 
161 31 2.0 4 16 17 0 135 46 1 0.0934451782194 0 13 
161 31 2.0 7 4 0 0 15 37 2 0.0885785990076 1 3 
161 31 2.0 6 3 0 0 5 13 2 0.100869754937 1 1 
161 31 2.0 9 2 1 0 33 41 2 0.00264734727762 1 3 
161 31 2.0 8 9 6 0 71 93 2 0.181618314147 1 9 
161 31 2.0 11 2 1 0 25 9 2 0.00364041780328 1 1 
161 31 2.0 10 3 4 0 43 61 2 0.000988728568893 1 5 
161 32 0.0 13 3 1 0 40 55 2 0.0300055834598 1 4 
161 32 0.0 12 2 10 0 55 71 2 0.0136824961218 1 7 
161 32 0.0 15 5 5 0 41 51 2 0.0351108870619 1 5 
161 32 0.0 14 0 2 0 26 27 2 0.0447669112397 1 2 
161 32 0.0 17 7 7 0 60 41 2 4.48026132505e-37 5 2 
161 32 0.0 16 8 9 0 66 48 2 1.07693747467e-36 6 2 
161 32 0.0 19 2 3 0 72 30 2 2.14293553094e-34 6 0 
161 32 0.0 18 3 4 0 61 24 2 4.41300084717e-32 4 1 
161 32 0.0 24 7 1 0 25 21 3 1.91129403811e-31 3 1 
161 32 0.0 25 12 6 0 48 37 3 3.50108269615e-63 7 0 
161 32 0.0 20 2 6 0 90 69 2 2.5493947413e-45 9 0 
161 32 0.0 21 4 0 0 42 16 3 2.80210191062e-52 4 0 
161 32 0.0 22 13 7 0 52 50 3 9.66635538577e-64 8 0 
161 32 0.0 23 5 1 0 33 13 2 2.89921484498e-08 3 1 
161 32 0.0 1 4 1 0 7 10 1 0.184479154868 0 3 
161 32 0.0 3 9 0 0 1 2 1 0.191914954053 0 1 
161 32 0.0 2 2 0 0 4 6 1 0.184374807196 0 2 
161 32 0.0 5 2 1 0 9 8 2 0.0967390310393 2 1 
161 32 0.0 4 16 17 0 135 46 1 0.0587436748624 0 13 
161 32 0.0 7 4 0 0 15 37 2 0.0968700287733 1 3 
161 32 0.0 6 3 0 0 5 13 2 0.0969232277082 1 1 
161 32 0.0 9 2 1 0 33 41 2 0.0396981192045 1 3 
161 32 0.0 8 9 6 0 71 93 2 0.149814271883 1 9 
161 32 0.0 11 2 1 0 25 9 2 0.0452818693974 1 1 
161 32 0.0 10 3 4 0 43 61 2 0.0321829349108 1 5 
161 32 2.0 13 3 1 0 40 55 2 0.0149932135314 1 4 
161 32 2.0 12 2 10 0 55 71 2 0.00688960667354 1 7 
161 32 2.0 15 5 5 0 41 51 2 0.0203702937134 1 5 
161 32 2.0 14 0 2 0 26 27 2 0.0238316266903 1 2 
161 32 2.0 17 7 7 0 60 41 2 6.14832481128e-23 5 2 
161 32 2.0 16 8 9 0 66 48 2 1.41715374554e-26 6 2 
161 32 2.0 19 2 3 0 72 30 2 8.30431245756e-24 6 0 
161 32 2.0 18 3 4 0 61 24 2 2.93929387048e-19 4 1 
161 32 2.0 24 7 1 0 25 21 3 0.0724624925844 3 1 
161 32 2.0 25 12 6 0 48 37 3 3.03651433615e-29 7 0 
161 32 2.0 20 2 6 0 90 69 2 1.16722255765e-34 9 0 
161 32 2.0 21 4 0 0 42 16 3 3.78747348351e-20 4 0 
161 32 2.0 22 13 7 0 52 50 3 7.17854810641e-36 8 0 
161 32 2.0 23 5 1 0 33 13 2 0.013247135196 3 1 
161 32 2.0 1 4 1 0 7 10 1 0.144384074551 0 3 
161 32 2.0 3 9 0 0 1 2 1 0.157202954453 0 1 
161 32 2.0 2 2 0 0 4 6 1 0.132295166146 0 2 
161 32 2.0 5 2 1 0 9 8 2 0.154482284543 2 1 
161 32 2.0 4 16 17 0 135 46 1 0.00752919824165 0 13 
161 32 2.0 7 4 0 0 15 37 2 0.0834707095902 1 3 
161 32 2.0 6 3 0 0 5 13 2 0.0961439635959 1 1 
161 32 2.0 9 2 1 0 33 41 2 0.0228250646045 1 3 
161 32 2.0 8 9 6 0 71 93 2 0.183362024419 1 9 
161 32 2.0 11 2 1 0 25 9 2 0.0252546788384 1 1 
161 32 2.0 10 3 4 0 43 61 2 0.00426354291222 1 5 
161 33 0.0 13 3 1 0 40 55 2 0.0373124745302 1 4 
161 33 0.0 12 2 10 0 55 71 2 0.00933109956413 1 7 
161 33 0.0 15 5 5 0 41 51 2 0.0513983346893 1 5 
161 33 0.0 14 0 2 0 26 27 2 0.0570803109062 1 2 
161 33 0.0 17 7 7 0 60 41 2 3.1128882667e-36 5 2 
161 33 0.0 16 8 9 0 66 48 2 1.39313771617e-36 6 2 
161 33 0.0 19 2 3 0 72 30 2 2.53954339485e-34 6 0 
161 33 0.0 18 3 4 0 61 24 2 1.30674458339e-30 4 1 
161 33 0.0 24 7 1 0 25 21 3 6.44748362704e-34 3 1 
161 33 0.0 25 12 6 0 48 37 3 7.12906459583e-64 7 0 
161 33 0.0 20 2 6 0 90 69 2 4.24042947254e-45 9 0 
161 33 0.0 21 4 0 0 42 16 3 3.85549717427e-53 4 0 
161 33 0.0 22 13 7 0 52 50 3 1.94688776065e-64 8 0 
161 33 0.0 23 5 1 0 33 13 2 2.447166616e-06 3 1 
161 33 0.0 1 4 1 0 7 10 1 0.181795477827 0 3 
161 33 0.0 3 9 0 0 1 2 1 0.191998305976 0 1 
161 33 0.0 2 2 0 0 4 6 1 0.181732059334 0 2 
161 33 0.0 5 2 1 0 9 8 2 0.0967973129273 2 1 
161 33 0.0 4 16 17 0 135 46 1 0.0739611548653 0 13 
161 33 0.0 7 4 0 0 15 37 2 0.0968206384604 1 3 
161 33 0.0 6 3 0 0 5 13 2 0.0968590666367 1 1 
161 33 0.0 9 2 1 0 33 41 2 0.0501521299726 1 3 
161 33 0.0 8 9 6 0 71 93 2 0.149723952107 1 9 
161 33 0.0 11 2 1 0 25 9 2 0.0564515903359 1 1 
161 33 0.0 10 3 4 0 43 61 2 0.00635659254384 1 5 
161 33 2.0 13 3 1 0 40 55 2 0.00418164762936 1 4 
161 33 2.0 12 2 10 0 55 71 2 0.00145632671806 1 7 
161 33 2.0 15 5 5 0 41 51 2 0.0129490807647 1 5 
161 33 2.0 14 0 2 0 26 27 2 0.0145824390935 1 2 
161 33 2.0 17 7 7 0 60 41 2 4.76816334428e-23 5 2 
161 33 2.0 16 8 9 0 66 48 2 1.16256983658e-25 6 2 
161 33 2.0 19 2 3 0 72 30 2 4.23541473539e-22 6 0 
161 33 2.0 18 3 4 0 61 24 2 3.18976922551e-19 4 1 
161 33 2.0 24 7 1 0 25 21 3 0.0680121068956 3 1 
161 33 2.0 25 12 6 0 48 37 3 4.80978431619e-30 7 0 
161 33 2.0 20 2 6 0 90 69 2 3.86473592693e-34 9 0 
161 33 2.0 21 4 0 0 42 16 3 3.75493403462e-23 4 0 
161 33 2.0 22 13 7 0 52 50 3 1.00610860185e-37 8 0 
161 33 2.0 23 5 1 0 33 13 2 0.00949819109692 3 1 
161 33 2.0 1 4 1 0 7 10 1 0.147767907439 0 3 
161 33 2.0 3 9 0 0 1 2 1 0.152272907026 0 1 
161 33 2.0 2 2 0 0 4 6 1 0.111567947168 0 2 
161 33 2.0 5 2 1 0 9 8 2 0.158668899457 2 1 
161 33 2.0 4 16 17 0 135 46 1 0.366441641525 0 13 
161 33 2.0 7 4 0 0 15 37 2 0.0864997547294 1 3 
161 33 2.0 6 3 0 0 5 13 2 0.0890005271791 1 1 
161 33 2.0 9 2 1 0 33 41 2 0.00800386775692 1 3 
161 33 2.0 8 9 6 0 71 93 2 0.182893413316 1 9 
161 33 2.0 11 2 1 0 25 9 2 0.014675700175 1 1 
161 33 2.0 10 3 4 0 43 61 2 0.00104787377825 1 5 
161 34 0.0 13 3 1 0 40 55 2 0.00426018347847 1 4 
161 34 0.0 12 2 10 0 55 71 2 0.00186418302343 1 7 
161 34 0.0 15 5 5 0 41 51 2 0.00398711343492 1 5 
161 34 0.0 14 0 2 0 26 27 2 0.00649667840467 1 2 
161 34 0.0 17 7 7 0 60 41 2 8.69607471765e-38 5 2 
161 34 0.0 16 8 9 0 66 48 2 5.38097213483e-37 6 2 
161 34 0.0 19 2 3 0 72 30 2 3.00375627459e-35 6 0 
161 34 0.0 18 3 4 0 61 24 2 2.14196550137e-32 4 1 
161 34 0.0 24 7 1 0 25 21 3 4.61439432541e-33 3 1 
161 34 0.0 25 12 6 0 48 37 3 3.02898813905e-63 7 0 
161 34 0.0 20 2 6 0 90 69 2 1.52921100508e-45 9 0 
161 34 0.0 21 4 0 0 42 16 3 1.9064910114e-51 4 0 
161 34 0.0 22 13 7 0 52 50 3 8.40506623487e-64 8 0 
161 34 0.0 23 5 1 0 33 13 2 2.06553211353e-07 3 1 
161 34 0.0 1 4 1 0 7 10 1 0.18335215868 0 3 
161 34 0.0 3 9 0 0 1 2 1 0.191987728015 0 1 
161 34 0.0 2 2 0 0 4 6 1 0.183274379995 0 2 
161 34 0.0 5 2 1 0 9 8 2 0.096226326867 2 1 
161 34 0.0 4 16 17 0 135 46 1 0.186023000494 0 13 
161 34 0.0 7 4 0 0 15 37 2 0.0962801805027 1 3 
161 34 0.0 6 3 0 0 5 13 2 0.0962414507918 1 1 
161 34 0.0 9 2 1 0 33 41 2 0.00602134711707 1 3 
161 34 0.0 8 9 6 0 71 93 2 0.149740330755 1 9 
161 34 0.0 11 2 1 0 25 9 2 0.00650017639122 1 1 
161 34 0.0 10 3 4 0 43 61 2 0.00441224297876 1 5 
161 34 2.0 13 3 1 0 40 55 2 0.00147738713117 1 4 
161 34 2.0 12 2 10 0 55 71 2 0.00023668684354 1 7 
161 34 2.0 15 5 5 0 41 51 2 0.00397574779079 1 5 
161 34 2.0 14 0 2 0 26 27 2 0.00510375698524 1 2 
161 34 2.0 17 7 7 0 60 41 2 4.17646982205e-24 5 2 
161 34 2.0 16 8 9 0 66 48 2 1.36147737655e-26 6 2 
161 34 2.0 19 2 3 0 72 30 2 2.56937427361e-22 6 0 
161 34 2.0 18 3 4 0 61 24 2 7.47700939988e-20 4 1 
161 34 2.0 24 7 1 0 25 21 3 0.0700624158198 3 1 
161 34 2.0 25 12 6 0 48 37 3 8.31284157035e-30 7 0 
161 34 2.0 20 2 6 0 90 69 2 1.17031705049e-34 9 0 
161 34 2.0 21 4 0 0 42 16 3 1.54256193836e-21 4 0 
161 34 2.0 22 13 7 0 52 50 3 4.43543190959e-37 8 0 
161 34 2.0 23 5 1 0 33 13 2 0.00707671984186 3 1 
161 34 2.0 1 4 1 0 7 10 1 0.147187667771 0 3 
161 34 2.0 3 9 0 0 1 2 1 0.15385170058 0 1 
161 34 2.0 2 2 0 0 4 6 1 0.110058518701 0 2 
161 34 2.0 5 2 1 0 9 8 2 0.16263637099 2 1 
161 34 2.0 4 16 17 0 135 46 1 0.146161470061 0 13 
161 34 2.0 7 4 0 0 15 37 2 0.0861525330564 1 3 
161 34 2.0 6 3 0 0 5 13 2 0.0964451117053 1 1 
161 34 2.0 9 2 1 0 33 41 2 0.00436666404104 1 3 
161 34 2.0 8 9 6 0 71 93 2 0.184258832554 1 9 
161 34 2.0 11 2 1 0 25 9 2 0.00513635731578 1 1 
161 34 2.0 10 3 4 0 43 61 2 0.000122160907703 1 5 
161 35 0.0 13 3 1 0 40 55 2 0.0246725695282 1 4 
161 35 0.0 12 2 10 0 55 71 2 0.00656195139859 1 7 
161 35 0.0 15 5 5 0 41 51 2 0.0212959072648 1 5 
161 35 0.0 14 0 2 0 26 27 2 0.031443543846 1 2 
161 35 0.0 17 7 7 0 60 41 2 1.71488521029e-36 5 2 
161 35 0.0 16 8 9 0 66 48 2 4.06068092112e-37 6 2 
161 35 0.0 19 2 3 0 72 30 2 1.21423979355e-34 6 0 
161 35 0.0 18 3 4 0 61 24 2 3.70432243577e-32 4 1 
161 35 0.0 24 7 1 0 25 21 3 6.05622140146e-33 3 1 
161 35 0.0 25 12 6 0 48 37 3 1.00115538698e-63 7 0 
161 35 0.0 20 2 6 0 90 69 2 1.34544412722e-45 9 0 
161 35 0.0 21 4 0 0 42 16 3 4.02368629641e-52 4 0 
161 35 0.0 22 13 7 0 52 50 3 5.86509262999e-64 8 0 
161 35 0.0 23 5 1 0 33 13 2 7.41452143866e-08 3 1 
161 35 0.0 1 4 1 0 7 10 1 0.183649910731 0 3 
161 35 0.0 3 9 0 0 1 2 1 0.191977235246 0 1 
161 35 0.0 2 2 0 0 4 6 1 0.183588893316 0 2 
161 35 0.0 5 2 1 0 9 8 2 0.0984771602651 2 1 
161 35 0.0 4 16 17 0 135 46 1 0.0414509390175 0 13 
161 35 0.0 7 4 0 0 15 37 2 0.0985802512895 1 3 
161 35 0.0 6 3 0 0 5 13 2 0.0985789140317 1 1 
161 35 0.0 9 2 1 0 33 41 2 0.0277812842974 1 3 
161 35 0.0 8 9 6 0 71 93 2 0.149756669462 1 9 
161 35 0.0 11 2 1 0 25 9 2 0.0318769489189 1 1 
161 35 0.0 10 3 4 0 43 61 2 0.0128291602995 1 5 
161 35 2.0 13 3 1 0 40 55 2 0.0108999462277 1 4 
161 35 2.0 12 2 10 0 55 71 2 0.00233749270521 1 7 
161 35 2.0 15 5 5 0 41 51 2 0.0147847228647 1 5 
161 35 2.0 14 0 2 0 26 27 2 0.0177916597165 1 2 
161 35 2.0 17 7 7 0 60 41 2 4.10141794947e-23 5 2 
161 35 2.0 16 8 9 0 66 48 2 6.86808125289e-26 6 2 
161 35 2.0 19 2 3 0 72 30 2 1.26198964855e-23 6 0 
161 35 2.0 18 3 4 0 61 24 2 4.4382693172e-20 4 1 
161 35 2.0 24 7 1 0 25 21 3 0.0697127447566 3 1 
161 35 2.0 25 12 6 0 48 37 3 1.01526050103e-29 7 0 
161 35 2.0 20 2 6 0 90 69 2 3.22865951968e-34 9 0 
161 35 2.0 21 4 0 0 42 16 3 1.0635918625e-21 4 0 
161 35 2.0 22 13 7 0 52 50 3 7.84805097463e-37 8 0 
161 35 2.0 23 5 1 0 33 13 2 0.0112126877351 3 1 
161 35 2.0 1 4 1 0 7 10 1 0.13758813322 0 3 
161 35 2.0 3 9 0 0 1 2 1 0.156025719091 0 1 
161 35 2.0 2 2 0 0 4 6 1 0.123219601631 0 2 
161 35 2.0 5 2 1 0 9 8 2 0.158345931285 2 1 
161 35 2.0 4 16 17 0 135 46 1 0.00974958026442 0 13 
161 35 2.0 7 4 0 0 15 37 2 0.0866370505334 1 3 
161 35 2.0 6 3 0 0 5 13 2 0.100062515863 1 1 
161 35 2.0 9 2 1 0 33 41 2 0.0122678946012 1 3 
161 35 2.0 8 9 6 0 71 93 2 0.17861207224 1 9 
161 35 2.0 11 2 1 0 25 9 2 0.0182523231963 1 1 
161 35 2.0 10 3 4 0 43 61 2 0.00672573696671 1 5 
161 36 0.0 13 3 1 0 40 55 2 0.00801907069917 1 4 
161 36 0.0 12 2 10 0 55 71 2 0.00371044085974 1 7 
161 36 0.0 15 5 5 0 41 51 2 0.008096118645 1 5 
161 36 0.0 14 0 2 0 26 27 2 0.0098395897844 1 2 
161 36 0.0 17 7 7 0 60 41 2 2.53404505593e-36 5 2 
161 36 0.0 16 8 9 0 66 48 2 4.26776854564e-37 6 2 
161 36 0.0 19 2 3 0 72 30 2 3.89720858667e-35 6 0 
161 36 0.0 18 3 4 0 61 24 2 4.5872034762e-32 4 1 
161 36 0.0 24 7 1 0 25 21 3 5.49913181204e-32 3 1 
161 36 0.0 25 12 6 0 48 37 3 1.4273522676e-63 7 0 
161 36 0.0 20 2 6 0 90 69 2 4.22219396718e-46 9 0 
161 36 0.0 21 4 0 0 42 16 3 7.33853797297e-53 4 0 
161 36 0.0 22 13 7 0 52 50 3 4.78693885655e-64 8 0 
161 36 0.0 23 5 1 0 33 13 2 2.5591955332e-08 3 1 
161 36 0.0 1 4 1 0 7 10 1 0.180216272871 0 3 
161 36 0.0 3 9 0 0 1 2 1 0.192012605625 0 1 
161 36 0.0 2 2 0 0 4 6 1 0.180220243908 0 2 
161 36 0.0 5 2 1 0 9 8 2 0.097050886173 2 1 
161 36 0.0 4 16 17 0 135 46 1 0.0710610745374 0 13 
161 36 0.0 7 4 0 0 15 37 2 0.0972079135754 1 3 
161 36 0.0 6 3 0 0 5 13 2 0.0971506770669 1 1 
161 36 0.0 9 2 1 0 33 41 2 0.00828557176773 1 3 
161 36 0.0 8 9 6 0 71 93 2 0.149693881993 1 9 
161 36 0.0 11 2 1 0 25 9 2 0.0102380193624 1 1 
161 36 0.0 10 3 4 0 43 61 2 0.00249925981267 1 5 
161 36 2.0 13 3 1 0 40 55 2 0.0247048102119 1 4 
161 36 2.0 12 2 10 0 55 71 2 0.012314386214 1 7 
161 36 2.0 15 5 5 0 41 51 2 0.108981983527 1 5 
161 36 2.0 14 0 2 0 26 27 2 0.124845057443 1 2 
161 36 2.0 17 7 7 0 60 41 2 2.93333901515e-23 5 2 
161 36 2.0 16 8 9 0 66 48 2 1.20314883913e-26 6 2 
161 36 2.0 19 2 3 0 72 30 2 8.32131662182e-23 6 0 
161 36 2.0 18 3 4 0 61 24 2 1.76077708256e-19 4 1 
161 36 2.0 24 7 1 0 25 21 3 0.067210378906 3 1 
161 36 2.0 25 12 6 0 48 37 3 1.25435044995e-29 7 0 
161 36 2.0 20 2 6 0 90 69 2 7.81599097896e-35 9 0 
161 36 2.0 21 4 0 0 42 16 3 6.97675029966e-23 4 0 
161 36 2.0 22 13 7 0 52 50 3 1.14109943728e-37 8 0 
161 36 2.0 23 5 1 0 33 13 2 0.0192617839373 3 1 
161 36 2.0 1 4 1 0 7 10 1 0.141080972527 0 3 
161 36 2.0 3 9 0 0 1 2 1 0.152742758607 0 1 
161 36 2.0 2 2 0 0 4 6 1 0.118128677184 0 2 
161 36 2.0 5 2 1 0 9 8 2 0.157160209285 2 1 
161 36 2.0 4 16 17 0 135 46 1 0.125435161455 0 13 
161 36 2.0 7 4 0 0 15 37 2 0.0892539819873 1 3 
161 36 2.0 6 3 0 0 5 13 2 0.0880091348754 1 1 
161 36 2.0 9 2 1 0 33 41 2 0.0872623223493 1 3 
161 36 2.0 8 9 6 0 71 93 2 0.178085697573 1 9 
161 36 2.0 11 2 1 0 25 9 2 0.126273053119 1 1 
161 36 2.0 10 3 4 0 43 61 2 0.00713185610627 1 5 
161 37 0.0 13 3 1 0 40 55 2 0.0148265507695 1 4 
161 37 0.0 12 2 10 0 55 71 2 0.011842248799 1 7 
161 37 0.0 15 5 5 0 41 51 2 0.00906011716588 1 5 
161 37 0.0 14 0 2 0 26 27 2 0.0204413685007 1 2 
161 37 0.0 17 7 7 0 60 41 2 3.01019849676e-36 5 2 
161 37 0.0 16 8 9 0 66 48 2 1.88731274122e-36 6 2 
161 37 0.0 19 2 3 0 72 30 2 3.80693285117e-35 6 0 
161 37 0.0 18 3 4 0 61 24 2 2.3041426795e-31 4 1 
161 37 0.0 24 7 1 0 25 21 3 5.17547693006e-33 3 1 
161 37 0.0 25 12 6 0 48 37 3 1.1913303025e-62 7 0 
161 37 0.0 20 2 6 0 90 69 2 3.58723057167e-45 9 0 
161 37 0.0 21 4 0 0 42 16 3 8.84462838518e-51 4 0 
161 37 0.0 22 13 7 0 52 50 3 4.40591048471e-63 8 0 
161 37 0.0 23 5 1 0 33 13 2 8.1856100273e-07 3 1 
161 37 0.0 1 4 1 0 7 10 1 0.182379215515 0 3 
161 37 0.0 3 9 0 0 1 2 1 0.191642076616 0 1 
161 37 0.0 2 2 0 0 4 6 1 0.182384378923 0 2 
161 37 0.0 5 2 1 0 9 8 2 0.0929815047624 2 1 
161 37 0.0 4 16 17 0 135 46 1 0.477205589555 0 13 
161 37 0.0 7 4 0 0 15 37 2 0.0929973124176 1 3 
161 37 0.0 6 3 0 0 5 13 2 0.0930628384442 1 1 
161 37 0.0 9 2 1 0 33 41 2 0.020649938364 1 3 
161 37 0.0 8 9 6 0 71 93 2 0.149888717294 1 9 
161 37 0.0 11 2 1 0 25 9 2 0.0219248701139 1 1 
161 37 0.0 10 3 4 0 43 61 2 0.0157427063103 1 5 
161 37 2.0 13 3 1 0 40 55 2 0.012715167168 1 4 
161 37 2.0 12 2 10 0 55 71 2 0.0152950613149 1 7 
161 37 2.0 15 5 5 0 41 51 2 0.043086121321 1 5 
161 37 2.0 14 0 2 0 26 27 2 0.0470846066086 1 2 
161 37 2.0 17 7 7 0 60 41 2 2.46497734662e-22 5 2 
161 37 2.0 16 8 9 0 66 48 2 2.53083164753e-25 6 2 
161 37 2.0 19 2 3 0 72 30 2 5.52903921063e-22 6 0 
161 37 2.0 18 3 4 0 61 24 2 1.29430500839e-18 4 1 
161 37 2.0 24 7 1 0 25 21 3 0.0730568697518 3 1 
161 37 2.0 25 12 6 0 48 37 3 4.314749848e-29 7 0 
161 37 2.0 20 2 6 0 90 69 2 1.55315034992e-33 9 0 
161 37 2.0 21 4 0 0 42 16 3 8.94360006381e-22 4 0 
161 37 2.0 22 13 7 0 52 50 3 6.89915901917e-37 8 0 
161 37 2.0 23 5 1 0 33 13 2 0.0169322548152 3 1 
161 37 2.0 1 4 1 0 7 10 1 0.146833319498 0 3 
161 37 2.0 3 9 0 0 1 2 1 0.152946795225 0 1 
161 37 2.0 2 2 0 0 4 6 1 0.136375199259 0 2 
161 37 2.0 5 2 1 0 9 8 2 0.157123648695 2 1 
161 37 2.0 4 16 17 0 135 46 1 0.00858413066996 0 13 
161 37 2.0 7 4 0 0 15 37 2 0.0877002235869 1 3 
161 37 2.0 6 3 0 0 5 13 2 0.0925940839508 1 1 
161 37 2.0 9 2 1 0 33 41 2 0.0359681717208 1 3 
161 37 2.0 8 9 6 0 71 93 2 0.181065373865 1 9 
161 37 2.0 11 2 1 0 25 9 2 0.0478594082425 1 1 
161 37 2.0 10 3 4 0 43 61 2 0.016635441727 1 5 
161 38 0.0 13 3 1 0 40 55 2 0.019939477527 1 4 
161 38 0.0 12 2 10 0 55 71 2 0.0201422911285 1 7 
161 38 0.0 15 5 5 0 41 51 2 0.0282384628304 1 5 
161 38 0.0 14 0 2 0 26 27 2 0.0311861607987 1 2 
161 38 0.0 17 7 7 0 60 41 2 1.53556291801e-35 5 2 
161 38 0.0 16 8 9 0 66 48 2 2.16503751169e-36 6 2 
161 38 0.0 19 2 3 0 72 30 2 1.0722367525e-34 6 0 
161 38 0.0 18 3 4 0 61 24 2 2.3784120601e-31 4 1 
161 38 0.0 24 7 1 0 25 21 3 1.76937908567e-31 3 1 
161 38 0.0 25 12 6 0 48 37 3 1.50717111497e-63 7 0 
161 38 0.0 20 2 6 0 90 69 2 9.22979044011e-46 9 0 
161 38 0.0 21 4 0 0 42 16 3 3.67819044585e-53 4 0 
161 38 0.0 22 13 7 0 52 50 3 4.64028012569e-64 8 0 
161 38 0.0 23 5 1 0 33 13 2 2.02067044161e-08 3 1 
161 38 0.0 1 4 1 0 7 10 1 0.189028753119 0 3 
161 38 0.0 3 9 0 0 1 2 1 0.191841664467 0 1 
161 38 0.0 2 2 0 0 4 6 1 0.189004320774 0 2 
161 38 0.0 5 2 1 0 9 8 2 0.0950082331341 2 1 
161 38 0.0 4 16 17 0 135 46 1 0.044491630469 0 13 
161 38 0.0 7 4 0 0 15 37 2 0.0951663068621 1 3 
161 38 0.0 6 3 0 0 5 13 2 0.0951785630005 1 1 
161 38 0.0 9 2 1 0 33 41 2 0.0249534745172 1 3 
161 38 0.0 8 9 6 0 71 93 2 0.149855641203 1 9 
161 38 0.0 11 2 1 0 25 9 2 0.0319563225503 1 1 
161 38 0.0 10 3 4 0 43 61 2 0.0135437299893 1 5 
161 38 2.0 13 3 1 0 40 55 2 0.0405337483343 1 4 
161 38 2.0 12 2 10 0 55 71 2 0.0289998485161 1 7 
161 38 2.0 15 5 5 0 41 51 2 0.0677524436972 1 5 
161 38 2.0 14 0 2 0 26 27 2 0.114328070737 1 2 
161 38 2.0 17 7 7 0 60 41 2 1.48728273812e-23 5 2 
161 38 2.0 16 8 9 0 66 48 2 2.13596217518e-26 6 2 
161 38 2.0 19 2 3 0 72 30 2 1.34205111554e-22 6 0 
161 38 2.0 18 3 4 0 61 24 2 3.87454318325e-20 4 1 
161 38 2.0 24 7 1 0 25 21 3 0.0716276649387 3 1 
161 38 2.0 25 12 6 0 48 37 3 7.22525621767e-30 7 0 
161 38 2.0 20 2 6 0 90 69 2 5.0033800878e-34 9 0 
161 38 2.0 21 4 0 0 42 16 3 5.30778004451e-21 4 0 
161 38 2.0 22 13 7 0 52 50 3 2.39187448996e-36 8 0 
161 38 2.0 23 5 1 0 33 13 2 0.0222577155691 3 1 
161 38 2.0 1 4 1 0 7 10 1 0.140749026515 0 3 
161 38 2.0 3 9 0 0 1 2 1 0.155566626367 0 1 
161 38 2.0 2 2 0 0 4 6 1 0.123188208685 0 2 
161 38 2.0 5 2 1 0 9 8 2 0.15385724926 2 1 
161 38 2.0 4 16 17 0 135 46 1 0.0527936909692 0 13 
161 38 2.0 7 4 0 0 15 37 2 0.0881757120914 1 3 
161 38 2.0 6 3 0 0 5 13 2 0.0851389656884 1 1 
161 38 2.0 9 2 1 0 33 41 2 0.102170634274 1 3 
161 38 2.0 8 9 6 0 71 93 2 0.180123110893 1 9 
161 38 2.0 11 2 1 0 25 9 2 0.115733831168 1 1 
161 38 2.0 10 3 4 0 43 61 2 0.0204380966187 1 5 
161 39 0.0 13 3 1 0 40 55 2 0.021102553317 1 4 
161 39 0.0 12 2 10 0 55 71 2 0.00670220794 1 7 
161 39 0.0 15 5 5 0 41 51 2 0.0229145166642 1 5 
161 39 0.0 14 0 2 0 26 27 2 0.0272470978728 1 2 
161 39 0.0 17 7 7 0 60 41 2 1.63047628218e-36 5 2 
161 39 0.0 16 8 9 0 66 48 2 1.58075527714e-36 6 2 
161 39 0.0 19 2 3 0 72 30 2 2.01639609364e-34 6 0 
161 39 0.0 18 3 4 0 61 24 2 9.64286231733e-32 4 1 
161 39 0.0 24 7 1 0 25 21 3 2.81434238334e-32 3 1 
161 39 0.0 25 12 6 0 48 37 3 5.65852540849e-63 7 0 
161 39 0.0 20 2 6 0 90 69 2 1.45977908996e-45 9 0 
161 39 0.0 21 4 0 0 42 16 3 8.90867149091e-53 4 0 
161 39 0.0 22 13 7 0 52 50 3 3.23253640638e-64 8 0 
161 39 0.0 23 5 1 0 33 13 2 6.98241474333e-08 3 1 
161 39 0.0 1 4 1 0 7 10 1 0.182387294303 0 3 
161 39 0.0 3 9 0 0 1 2 1 0.191971262952 0 1 
161 39 0.0 2 2 0 0 4 6 1 0.182314963117 0 2 
161 39 0.0 5 2 1 0 9 8 2 0.0976181085552 2 1 
161 39 0.0 4 16 17 0 135 46 1 0.0389892846834 0 13 
161 39 0.0 7 4 0 0 15 37 2 0.0977432531337 1 3 
161 39 0.0 6 3 0 0 5 13 2 0.0977018755507 1 1 
161 39 0.0 9 2 1 0 33 41 2 0.0185372831446 1 3 
161 39 0.0 8 9 6 0 71 93 2 0.149763422855 1 9 
161 39 0.0 11 2 1 0 25 9 2 0.0278893167656 1 1 
161 39 0.0 10 3 4 0 43 61 2 0.0175670228175 1 5 
161 39 2.0 13 3 1 0 40 55 2 0.0984480970912 1 4 
161 39 2.0 12 2 10 0 55 71 2 0.0105699511127 1 7 
161 39 2.0 15 5 5 0 41 51 2 0.0373345395271 1 5 
161 39 2.0 14 0 2 0 26 27 2 0.118891349031 1 2 
161 39 2.0 17 7 7 0 60 41 2 1.42082220559e-25 5 2 
161 39 2.0 16 8 9 0 66 48 2 3.3490349019e-27 6 2 
161 39 2.0 19 2 3 0 72 30 2 4.68309643631e-24 6 0 
161 39 2.0 18 3 4 0 61 24 2 4.2717656667e-21 4 1 
161 39 2.0 24 7 1 0 25 21 3 0.0706392913343 3 1 
161 39 2.0 25 12 6 0 48 37 3 1.63348252204e-28 7 0 
161 39 2.0 20 2 6 0 90 69 2 2.0131656944e-34 9 0 
161 39 2.0 21 4 0 0 42 16 3 4.32288237947e-19 4 0 
161 39 2.0 22 13 7 0 52 50 3 3.99225439525e-35 8 0 
161 39 2.0 23 5 1 0 33 13 2 0.0231034864495 3 1 
161 39 2.0 1 4 1 0 7 10 1 0.145704982305 0 3 
161 39 2.0 3 9 0 0 1 2 1 0.15331782723 0 1 
161 39 2.0 2 2 0 0 4 6 1 0.123474380597 0 2 
161 39 2.0 5 2 1 0 9 8 2 0.154001780488 2 1 
161 39 2.0 4 16 17 0 135 46 1 0.120701053847 0 13 
161 39 2.0 7 4 0 0 15 37 2 0.088137732937 1 3 
161 39 2.0 6 3 0 0 5 13 2 0.0834774911414 1 1 
161 39 2.0 9 2 1 0 33 41 2 0.112991889335 1 3 
161 39 2.0 8 9 6 0 71 93 2 0.181509676978 1 9 
161 39 2.0 11 2 1 0 25 9 2 0.121240358588 1 1 
161 39 2.0 10 3 4 0 43 61 2 0.029188047079 1 5 
161 40 0.0 13 3 1 0 40 55 2 0.0474166758495 1 4 
161 40 0.0 12 2 10 0 55 71 2 0.0347532997718 1 7 
161 40 0.0 15 5 5 0 41 51 2 0.0594112724246 1 5 
161 40 0.0 14 0 2 0 26 27 2 0.0613773018913 1 2 
161 40 0.0 17 7 7 0 60 41 2 9.11437252786e-36 5 2 
161 40 0.0 16 8 9 0 66 48 2 7.46616382346e-36 6 2 
161 40 0.0 19 2 3 0 72 30 2 1.33067264614e-33 6 0 
161 40 0.0 18 3 4 0 61 24 2 5.09725599699e-30 4 1 
161 40 0.0 24 7 1 0 25 21 3 3.0117986375e-33 3 1 
161 40 0.0 25 12 6 0 48 37 3 3.16883274993e-63 7 0 
161 40 0.0 20 2 6 0 90 69 2 2.59989256989e-45 9 0 
161 40 0.0 21 4 0 0 42 16 3 2.21130937239e-52 4 0 
161 40 0.0 22 13 7 0 52 50 3 7.74428840088e-64 8 0 
161 40 0.0 23 5 1 0 33 13 2 1.09325860967e-06 3 1 
161 40 0.0 1 4 1 0 7 10 1 0.177599180685 0 3 
161 40 0.0 3 9 0 0 1 2 1 0.191848660162 0 1 
161 40 0.0 2 2 0 0 4 6 1 0.177538320237 0 2 
161 40 0.0 5 2 1 0 9 8 2 0.0936714152792 2 1 
161 40 0.0 4 16 17 0 135 46 1 0.152650523732 0 13 
161 40 0.0 7 4 0 0 15 37 2 0.0937173675232 1 3 
161 40 0.0 6 3 0 0 5 13 2 0.0937140179463 1 1 
161 40 0.0 9 2 1 0 33 41 2 0.0560481519361 1 3 
161 40 0.0 8 9 6 0 71 93 2 0.149853640477 1 9 
161 40 0.0 11 2 1 0 25 9 2 0.0627320009933 1 1 
161 40 0.0 10 3 4 0 43 61 2 0.0148062440536 1 5 
161 40 2.0 13 3 1 0 40 55 2 0.0033599097652 1 4 
161 40 2.0 12 2 10 0 55 71 2 0.00201215969003 1 7 
161 40 2.0 15 5 5 0 41 51 2 0.0068817743564 1 5 
161 40 2.0 14 0 2 0 26 27 2 0.00915174849698 1 2 
161 40 2.0 17 7 7 0 60 41 2 2.47069115139e-23 5 2 
161 40 2.0 16 8 9 0 66 48 2 2.40009773946e-26 6 2 
161 40 2.0 19 2 3 0 72 30 2 6.41446171885e-23 6 0 
161 40 2.0 18 3 4 0 61 24 2 1.49941014628e-20 4 1 
161 40 2.0 24 7 1 0 25 21 3 0.069339075156 3 1 
161 40 2.0 25 12 6 0 48 37 3 2.1810396225e-30 7 0 
161 40 2.0 20 2 6 0 90 69 2 3.2540396633e-34 9 0 
161 40 2.0 21 4 0 0 42 16 3 2.1693341093e-21 4 0 
161 40 2.0 22 13 7 0 52 50 3 1.36322904845e-36 8 0 
161 40 2.0 23 5 1 0 33 13 2 0.00874277990925 3 1 
161 40 2.0 1 4 1 0 7 10 1 0.142639841804 0 3 
161 40 2.0 3 9 0 0 1 2 1 0.157380505249 0 1 
161 40 2.0 2 2 0 0 4 6 1 0.120634996589 0 2 
161 40 2.0 5 2 1 0 9 8 2 0.158880950067 2 1 
161 40 2.0 4 16 17 0 135 46 1 0.0191957950812 0 13 
161 40 2.0 7 4 0 0 15 37 2 0.0844824891222 1 3 
161 40 2.0 6 3 0 0 5 13 2 0.100918084827 1 1 
161 40 2.0 9 2 1 0 33 41 2 0.00787697330428 1 3 
161 40 2.0 8 9 6 0 71 93 2 0.183065148422 1 9 
161 40 2.0 11 2 1 0 25 9 2 0.00925456000453 1 1 
161 40 2.0 10 3 4 0 43 61 2 0.00215563676424 1 5 
