137 1 0.0 5 2 3 0 11 9 2 0.0200486497039 1 3 
137 1 0.0 9 2 1 0 10 7 3 2.25433755354e-48 3 0 
137 1 0.0 4 0 0 0 8 1 2 0.0267217476225 1 0 
137 1 0.0 7 1 2 0 6 9 3 4.4526835825e-73 1 2 
137 1 0.0 6 1 0 0 3 7 2 0.149807564466 1 1 
137 1 0.0 1 2 1 0 14 10 1 0.167257549283 0 4 
137 1 0.0 8 0 2 0 14 5 2 9.31542069564e-42 3 0 
137 1 0.0 3 0 0 0 8 1 2 0.0267335198148 1 0 
137 1 0.0 2 1 0 0 1 2 1 0.191836029702 0 1 
137 1 2.0 5 2 3 0 11 9 2 0.0221913051946 1 3 
137 1 2.0 9 2 1 0 10 7 3 1.06193641062e-15 3 0 
137 1 2.0 4 0 0 0 8 1 2 0.10122535202 1 0 
137 1 2.0 7 1 2 0 6 9 3 6.22099902326e-58 1 2 
137 1 2.0 6 1 0 0 3 7 2 0.180145141607 1 1 
137 1 2.0 1 2 1 0 14 10 1 0.246341294437 0 4 
137 1 2.0 8 0 2 0 14 5 2 2.85842269646e-37 3 0 
137 1 2.0 3 0 0 0 8 1 2 0.101204775068 1 0 
137 1 2.0 2 1 0 0 1 2 1 0.127008028252 0 1 
137 2 0.0 5 2 3 0 11 9 2 0.0366071482201 1 3 
137 2 0.0 9 2 1 0 10 7 3 1.16292357322e-49 3 0 
137 2 0.0 4 0 0 0 8 1 2 0.0864199619301 1 0 
137 2 0.0 7 1 2 0 6 9 3 7.26984567289e-77 1 2 
137 2 0.0 6 1 0 0 3 7 2 0.149493546432 1 1 
137 2 0.0 1 2 1 0 14 10 1 0.180278838698 0 4 
137 2 0.0 8 0 2 0 14 5 2 1.9940042383e-42 3 0 
137 2 0.0 3 0 0 0 8 1 2 0.0864126755059 1 0 
137 2 0.0 2 1 0 0 1 2 1 0.191930708788 0 1 
137 2 2.0 5 2 3 0 11 9 2 0.024436554101 1 3 
137 2 2.0 9 2 1 0 10 7 3 9.22579289178e-16 3 0 
137 2 2.0 4 0 0 0 8 1 2 0.0924273725076 1 0 
137 2 2.0 7 1 2 0 6 9 3 1.67117729348e-57 1 2 
137 2 2.0 6 1 0 0 3 7 2 0.179512992061 1 1 
137 2 2.0 1 2 1 0 14 10 1 0.0428408808753 0 4 
137 2 2.0 8 0 2 0 14 5 2 8.03017623197e-37 3 0 
137 2 2.0 3 0 0 0 8 1 2 0.092360618387 1 0 
137 2 2.0 2 1 0 0 1 2 1 0.12712778273 0 1 
137 3 0.0 5 2 3 0 11 9 2 0.0199107620842 1 3 
137 3 0.0 9 2 1 0 10 7 3 4.41493365259e-49 3 0 
137 3 0.0 4 0 0 0 8 1 2 0.0369904674076 1 0 
137 3 0.0 7 1 2 0 6 9 3 8.24574752331e-76 1 2 
137 3 0.0 6 1 0 0 3 7 2 0.149585375411 1 1 
137 3 0.0 1 2 1 0 14 10 1 0.23565568876 0 4 
137 3 0.0 8 0 2 0 14 5 2 5.16129640495e-43 3 0 
137 3 0.0 3 0 0 0 8 1 2 0.0370142068392 1 0 
137 3 0.0 2 1 0 0 1 2 1 0.192006834231 0 1 
137 3 2.0 5 2 3 0 11 9 2 0.0112195515211 1 3 
137 3 2.0 9 2 1 0 10 7 3 6.3568003944e-15 3 0 
137 3 2.0 4 0 0 0 8 1 2 0.022784401432 1 0 
137 3 2.0 7 1 2 0 6 9 3 1.84278239732e-55 1 2 
137 3 2.0 6 1 0 0 3 7 2 0.179928459415 1 1 
137 3 2.0 1 2 1 0 14 10 1 0.151729146567 0 4 
137 3 2.0 8 0 2 0 14 5 2 2.0250023466e-36 3 0 
137 3 2.0 3 0 0 0 8 1 2 0.0227866709318 1 0 
137 3 2.0 2 1 0 0 1 2 1 0.126607996808 0 1 
137 4 0.0 5 2 3 0 11 9 2 0.0481334487069 1 3 
137 4 0.0 9 2 1 0 10 7 3 1.90361330192e-48 3 0 
137 4 0.0 4 0 0 0 8 1 2 0.0828012294935 1 0 
137 4 0.0 7 1 2 0 6 9 3 8.5820679103e-76 1 2 
137 4 0.0 6 1 0 0 3 7 2 0.149718576236 1 1 
137 4 0.0 1 2 1 0 14 10 1 0.179154099498 0 4 
137 4 0.0 8 0 2 0 14 5 2 1.01194381228e-42 3 0 
137 4 0.0 3 0 0 0 8 1 2 0.0828859161158 1 0 
137 4 0.0 2 1 0 0 1 2 1 0.191410729629 0 1 
137 4 2.0 5 2 3 0 11 9 2 0.0012365892665 1 3 
137 4 2.0 9 2 1 0 10 7 3 5.37393136121e-16 3 0 
137 4 2.0 4 0 0 0 8 1 2 0.0394969153036 1 0 
137 4 2.0 7 1 2 0 6 9 3 2.72934152257e-59 1 2 
137 4 2.0 6 1 0 0 3 7 2 0.180056220298 1 1 
137 4 2.0 1 2 1 0 14 10 1 0.0774022428566 0 4 
137 4 2.0 8 0 2 0 14 5 2 1.72303197208e-37 3 0 
137 4 2.0 3 0 0 0 8 1 2 0.0394806594008 1 0 
137 4 2.0 2 1 0 0 1 2 1 0.126782300104 0 1 
137 5 0.0 5 2 3 0 11 9 2 0.0411828373261 1 3 
137 5 0.0 9 2 1 0 10 7 3 1.35841554127e-48 3 0 
137 5 0.0 4 0 0 0 8 1 2 0.0620013021632 1 0 
137 5 0.0 7 1 2 0 6 9 3 8.21095510424e-74 1 2 
137 5 0.0 6 1 0 0 3 7 2 0.149724340932 1 1 
137 5 0.0 1 2 1 0 14 10 1 0.100799852846 0 4 
137 5 0.0 8 0 2 0 14 5 2 7.58427976168e-43 3 0 
137 5 0.0 3 0 0 0 8 1 2 0.062032562999 1 0 
137 5 0.0 2 1 0 0 1 2 1 0.191918773344 0 1 
137 5 2.0 5 2 3 0 11 9 2 0.0136352057766 1 3 
137 5 2.0 9 2 1 0 10 7 3 9.38196321617e-16 3 0 
137 5 2.0 4 0 0 0 8 1 2 0.0363771281532 1 0 
137 5 2.0 7 1 2 0 6 9 3 2.13813349477e-55 1 2 
137 5 2.0 6 1 0 0 3 7 2 0.178822433384 1 1 
137 5 2.0 1 2 1 0 14 10 1 0.0457608513878 0 4 
137 5 2.0 8 0 2 0 14 5 2 2.77538329445e-36 3 0 
137 5 2.0 3 0 0 0 8 1 2 0.0363971776793 1 0 
137 5 2.0 2 1 0 0 1 2 1 0.126439020244 0 1 
137 6 0.0 5 2 3 0 11 9 2 0.0463915657386 1 3 
137 6 0.0 9 2 1 0 10 7 3 2.17469487055e-48 3 0 
137 6 0.0 4 0 0 0 8 1 2 0.0659582905251 1 0 
137 6 0.0 7 1 2 0 6 9 3 2.18059911344e-74 1 2 
137 6 0.0 6 1 0 0 3 7 2 0.149880520921 1 1 
137 6 0.0 1 2 1 0 14 10 1 0.287702140466 0 4 
137 6 0.0 8 0 2 0 14 5 2 1.57834364719e-41 3 0 
137 6 0.0 3 0 0 0 8 1 2 0.0659829885184 1 0 
137 6 0.0 2 1 0 0 1 2 1 0.191691329024 0 1 
137 6 2.0 5 2 3 0 11 9 2 0.00226544235282 1 3 
137 6 2.0 9 2 1 0 10 7 3 4.23434674536e-16 3 0 
137 6 2.0 4 0 0 0 8 1 2 0.036135742892 1 0 
137 6 2.0 7 1 2 0 6 9 3 3.63994527512e-59 1 2 
137 6 2.0 6 1 0 0 3 7 2 0.180002959617 1 1 
137 6 2.0 1 2 1 0 14 10 1 0.0918981086427 0 4 
137 6 2.0 8 0 2 0 14 5 2 3.23982401906e-37 3 0 
137 6 2.0 3 0 0 0 8 1 2 0.0361135859412 1 0 
137 6 2.0 2 1 0 0 1 2 1 0.127138394496 0 1 
137 7 0.0 5 2 3 0 11 9 2 0.0502710691679 1 3 
137 7 0.0 9 2 1 0 10 7 3 1.62497183408e-48 3 0 
137 7 0.0 4 0 0 0 8 1 2 0.0662527248351 1 0 
137 7 0.0 7 1 2 0 6 9 3 2.10811792396e-72 1 2 
137 7 0.0 6 1 0 0 3 7 2 0.149742400143 1 1 
137 7 0.0 1 2 1 0 14 10 1 0.103681184115 0 4 
137 7 0.0 8 0 2 0 14 5 2 4.83033444889e-42 3 0 
137 7 0.0 3 0 0 0 8 1 2 0.0661459209065 1 0 
137 7 0.0 2 1 0 0 1 2 1 0.191928630172 0 1 
137 7 2.0 5 2 3 0 11 9 2 0.00509425183054 1 3 
137 7 2.0 9 2 1 0 10 7 3 3.15606423664e-16 3 0 
137 7 2.0 4 0 0 0 8 1 2 0.0463656488399 1 0 
137 7 2.0 7 1 2 0 6 9 3 1.71443240354e-57 1 2 
137 7 2.0 6 1 0 0 3 7 2 0.178872639571 1 1 
137 7 2.0 1 2 1 0 14 10 1 0.0533339535472 0 4 
137 7 2.0 8 0 2 0 14 5 2 2.46106330862e-37 3 0 
137 7 2.0 3 0 0 0 8 1 2 0.0463963265641 1 0 
137 7 2.0 2 1 0 0 1 2 1 0.126804952093 0 1 
137 8 0.0 5 2 3 0 11 9 2 0.0290128712249 1 3 
137 8 0.0 9 2 1 0 10 7 3 3.36922933047e-48 3 0 
137 8 0.0 4 0 0 0 8 1 2 0.0371961793022 1 0 
137 8 0.0 7 1 2 0 6 9 3 1.95936321531e-72 1 2 
137 8 0.0 6 1 0 0 3 7 2 0.149703188004 1 1 
137 8 0.0 1 2 1 0 14 10 1 0.297813045921 0 4 
137 8 0.0 8 0 2 0 14 5 2 3.36698352512e-41 3 0 
137 8 0.0 3 0 0 0 8 1 2 0.0371979460379 1 0 
137 8 0.0 2 1 0 0 1 2 1 0.191910673299 0 1 
137 8 2.0 5 2 3 0 11 9 2 0.0138705456313 1 3 
137 8 2.0 9 2 1 0 10 7 3 1.05027559755e-15 3 0 
137 8 2.0 4 0 0 0 8 1 2 0.0550812360416 1 0 
137 8 2.0 7 1 2 0 6 9 3 7.29065129832e-58 1 2 
137 8 2.0 6 1 0 0 3 7 2 0.179787195445 1 1 
137 8 2.0 1 2 1 0 14 10 1 0.0412930175209 0 4 
137 8 2.0 8 0 2 0 14 5 2 7.78848554288e-37 3 0 
137 8 2.0 3 0 0 0 8 1 2 0.055106613684 1 0 
137 8 2.0 2 1 0 0 1 2 1 0.127175797926 0 1 
137 9 0.0 5 2 3 0 11 9 2 0.0282759766471 1 3 
137 9 0.0 9 2 1 0 10 7 3 6.12003227751e-47 3 0 
137 9 0.0 4 0 0 0 8 1 2 0.0318369498862 1 0 
137 9 0.0 7 1 2 0 6 9 3 7.84080088159e-69 1 2 
137 9 0.0 6 1 0 0 3 7 2 0.149785912757 1 1 
137 9 0.0 1 2 1 0 14 10 1 0.297868733534 0 4 
137 9 0.0 8 0 2 0 14 5 2 7.33047850375e-41 3 0 
137 9 0.0 3 0 0 0 8 1 2 0.0318677400899 1 0 
137 9 0.0 2 1 0 0 1 2 1 0.191501595246 0 1 
137 9 2.0 5 2 3 0 11 9 2 0.00961974010838 1 3 
137 9 2.0 9 2 1 0 10 7 3 6.15328952014e-16 3 0 
137 9 2.0 4 0 0 0 8 1 2 0.0518479483775 1 0 
137 9 2.0 7 1 2 0 6 9 3 4.47120807196e-58 1 2 
137 9 2.0 6 1 0 0 3 7 2 0.179567488934 1 1 
137 9 2.0 1 2 1 0 14 10 1 0.0441739481178 0 4 
137 9 2.0 8 0 2 0 14 5 2 7.85486759821e-37 3 0 
137 9 2.0 3 0 0 0 8 1 2 0.0518828770072 1 0 
137 9 2.0 2 1 0 0 1 2 1 0.127193043015 0 1 
137 10 0.0 5 2 3 0 11 9 2 0.0292055414083 1 3 
137 10 0.0 9 2 1 0 10 7 3 7.51098808915e-48 3 0 
137 10 0.0 4 0 0 0 8 1 2 0.038718924015 1 0 
137 10 0.0 7 1 2 0 6 9 3 7.52564953288e-74 1 2 
137 10 0.0 6 1 0 0 3 7 2 0.149749734801 1 1 
137 10 0.0 1 2 1 0 14 10 1 0.0929271155142 0 4 
137 10 0.0 8 0 2 0 14 5 2 1.5272302077e-41 3 0 
137 10 0.0 3 0 0 0 8 1 2 0.0387536029279 1 0 
137 10 0.0 2 1 0 0 1 2 1 0.191430005115 0 1 
137 10 2.0 5 2 3 0 11 9 2 0.0295360698778 1 3 
137 10 2.0 9 2 1 0 10 7 3 1.35143514333e-13 3 0 
137 10 2.0 4 0 0 0 8 1 2 0.0370290380548 1 0 
137 10 2.0 7 1 2 0 6 9 3 1.47115606601e-47 1 2 
137 10 2.0 6 1 0 0 3 7 2 0.179386543643 1 1 
137 10 2.0 1 2 1 0 14 10 1 0.0254932842247 0 4 
137 10 2.0 8 0 2 0 14 5 2 5.73029467752e-36 3 0 
137 10 2.0 3 0 0 0 8 1 2 0.0370544266582 1 0 
137 10 2.0 2 1 0 0 1 2 1 0.12720368622 0 1 
137 11 0.0 5 2 3 0 11 9 2 0.0214927513941 1 3 
137 11 0.0 9 2 1 0 10 7 3 5.87405070292e-49 3 0 
137 11 0.0 4 0 0 0 8 1 2 0.0423054216684 1 0 
137 11 0.0 7 1 2 0 6 9 3 5.56535971944e-77 1 2 
137 11 0.0 6 1 0 0 3 7 2 0.149836526161 1 1 
137 11 0.0 1 2 1 0 14 10 1 0.257858706878 0 4 
137 11 0.0 8 0 2 0 14 5 2 8.82448013114e-43 3 0 
137 11 0.0 3 0 0 0 8 1 2 0.0423034185654 1 0 
137 11 0.0 2 1 0 0 1 2 1 0.191720857398 0 1 
137 11 2.0 5 2 3 0 11 9 2 0.0138706238674 1 3 
137 11 2.0 9 2 1 0 10 7 3 2.18584375776e-12 3 0 
137 11 2.0 4 0 0 0 8 1 2 0.0153707812835 1 0 
137 11 2.0 7 1 2 0 6 9 3 8.35900568284e-42 1 2 
137 11 2.0 6 1 0 0 3 7 2 0.180164200165 1 1 
137 11 2.0 1 2 1 0 14 10 1 0.0474313700294 0 4 
137 11 2.0 8 0 2 0 14 5 2 4.63470792309e-33 3 0 
137 11 2.0 3 0 0 0 8 1 2 0.0153639686723 1 0 
137 11 2.0 2 1 0 0 1 2 1 0.126592989787 0 1 
137 12 0.0 5 2 3 0 11 9 2 0.0425512207753 1 3 
137 12 0.0 9 2 1 0 10 7 3 2.54711803367e-48 3 0 
137 12 0.0 4 0 0 0 8 1 2 0.0629524663051 1 0 
137 12 0.0 7 1 2 0 6 9 3 2.56819230507e-74 1 2 
137 12 0.0 6 1 0 0 3 7 2 0.149628145659 1 1 
137 12 0.0 1 2 1 0 14 10 1 0.101240512784 0 4 
137 12 0.0 8 0 2 0 14 5 2 2.37523720261e-42 3 0 
137 12 0.0 3 0 0 0 8 1 2 0.0629817748817 1 0 
137 12 0.0 2 1 0 0 1 2 1 0.191735762797 0 1 
137 12 2.0 5 2 3 0 11 9 2 0.0189826782404 1 3 
137 12 2.0 9 2 1 0 10 7 3 3.86582508677e-15 3 0 
137 12 2.0 4 0 0 0 8 1 2 0.0407519651167 1 0 
137 12 2.0 7 1 2 0 6 9 3 1.64123399752e-54 1 2 
137 12 2.0 6 1 0 0 3 7 2 0.179531412293 1 1 
137 12 2.0 1 2 1 0 14 10 1 0.258344567598 0 4 
137 12 2.0 8 0 2 0 14 5 2 1.15241650604e-36 3 0 
137 12 2.0 3 0 0 0 8 1 2 0.040747357034 1 0 
137 12 2.0 2 1 0 0 1 2 1 0.126956475101 0 1 
137 13 0.0 5 2 3 0 11 9 2 0.0296417979542 1 3 
137 13 0.0 9 2 1 0 10 7 3 5.74592673783e-48 3 0 
137 13 0.0 4 0 0 0 8 1 2 0.0385965106785 1 0 
137 13 0.0 7 1 2 0 6 9 3 6.12306351132e-73 1 2 
137 13 0.0 6 1 0 0 3 7 2 0.149817017103 1 1 
137 13 0.0 1 2 1 0 14 10 1 0.0941644160472 0 4 
137 13 0.0 8 0 2 0 14 5 2 8.6306616291e-42 3 0 
137 13 0.0 3 0 0 0 8 1 2 0.0385919615689 1 0 
137 13 0.0 2 1 0 0 1 2 1 0.19183165171 0 1 
137 13 2.0 5 2 3 0 11 9 2 0.0360520756372 1 3 
137 13 2.0 9 2 1 0 10 7 3 2.17440181574e-15 3 0 
137 13 2.0 4 0 0 0 8 1 2 0.096209445713 1 0 
137 13 2.0 7 1 2 0 6 9 3 1.08049779429e-56 1 2 
137 13 2.0 6 1 0 0 3 7 2 0.180107776363 1 1 
137 13 2.0 1 2 1 0 14 10 1 0.0409965729882 0 4 
137 13 2.0 8 0 2 0 14 5 2 1.00853072293e-36 3 0 
137 13 2.0 3 0 0 0 8 1 2 0.0961812187246 1 0 
137 13 2.0 2 1 0 0 1 2 1 0.127107563596 0 1 
137 14 0.0 5 2 3 0 11 9 2 0.049688709742 1 3 
137 14 0.0 9 2 1 0 10 7 3 1.35763729687e-48 3 0 
137 14 0.0 4 0 0 0 8 1 2 0.0809729901499 1 0 
137 14 0.0 7 1 2 0 6 9 3 7.61433590351e-75 1 2 
137 14 0.0 6 1 0 0 3 7 2 0.149801948663 1 1 
137 14 0.0 1 2 1 0 14 10 1 0.226363904438 0 4 
137 14 0.0 8 0 2 0 14 5 2 3.95156297446e-42 3 0 
137 14 0.0 3 0 0 0 8 1 2 0.0809569129405 1 0 
137 14 0.0 2 1 0 0 1 2 1 0.191592348208 0 1 
137 14 2.0 5 2 3 0 11 9 2 0.0838020874715 1 3 
137 14 2.0 9 2 1 0 10 7 3 8.67809736412e-15 3 0 
137 14 2.0 4 0 0 0 8 1 2 0.137759112007 1 0 
137 14 2.0 7 1 2 0 6 9 3 4.12029188837e-52 1 2 
137 14 2.0 6 1 0 0 3 7 2 0.179815088512 1 1 
137 14 2.0 1 2 1 0 14 10 1 0.192488475627 0 4 
137 14 2.0 8 0 2 0 14 5 2 1.45982769941e-35 3 0 
137 14 2.0 3 0 0 0 8 1 2 0.137725705197 1 0 
137 14 2.0 2 1 0 0 1 2 1 0.126725833005 0 1 
137 15 0.0 5 2 3 0 11 9 2 0.0582186615552 1 3 
137 15 0.0 9 2 1 0 10 7 3 2.44327099715e-46 3 0 
137 15 0.0 4 0 0 0 8 1 2 0.0633841121646 1 0 
137 15 0.0 7 1 2 0 6 9 3 1.02740926703e-68 1 2 
137 15 0.0 6 1 0 0 3 7 2 0.149455816556 1 1 
137 15 0.0 1 2 1 0 14 10 1 0.311050861275 0 4 
137 15 0.0 8 0 2 0 14 5 2 3.28149367655e-40 3 0 
137 15 0.0 3 0 0 0 8 1 2 0.0636608946494 1 0 
137 15 0.0 2 1 0 0 1 2 1 0.191528811364 0 1 
137 15 2.0 5 2 3 0 11 9 2 0.0523857420204 1 3 
137 15 2.0 9 2 1 0 10 7 3 2.42713740272e-15 3 0 
137 15 2.0 4 0 0 0 8 1 2 0.115055830624 1 0 
137 15 2.0 7 1 2 0 6 9 3 1.10248574033e-54 1 2 
137 15 2.0 6 1 0 0 3 7 2 0.179072690565 1 1 
137 15 2.0 1 2 1 0 14 10 1 0.0475842361038 0 4 
137 15 2.0 8 0 2 0 14 5 2 7.33454687185e-36 3 0 
137 15 2.0 3 0 0 0 8 1 2 0.114989336296 1 0 
137 15 2.0 2 1 0 0 1 2 1 0.126924973899 0 1 
137 16 0.0 5 2 3 0 11 9 2 0.0340963215695 1 3 
137 16 0.0 9 2 1 0 10 7 3 1.54856957037e-48 3 0 
137 16 0.0 4 0 0 0 8 1 2 0.0507385187552 1 0 
137 16 0.0 7 1 2 0 6 9 3 2.48725085886e-74 1 2 
137 16 0.0 6 1 0 0 3 7 2 0.149817693126 1 1 
137 16 0.0 1 2 1 0 14 10 1 0.09213162287 0 4 
137 16 0.0 8 0 2 0 14 5 2 4.06963630971e-42 3 0 
137 16 0.0 3 0 0 0 8 1 2 0.0507365251855 1 0 
137 16 0.0 2 1 0 0 1 2 1 0.191566321889 0 1 
137 16 2.0 5 2 3 0 11 9 2 0.0019565299534 1 3 
137 16 2.0 9 2 1 0 10 7 3 4.02686779806e-16 3 0 
137 16 2.0 4 0 0 0 8 1 2 0.107708400717 1 0 
137 16 2.0 7 1 2 0 6 9 3 4.58083834426e-60 1 2 
137 16 2.0 6 1 0 0 3 7 2 0.179986715689 1 1 
137 16 2.0 1 2 1 0 14 10 1 0.236084384 0 4 
137 16 2.0 8 0 2 0 14 5 2 1.06017039111e-36 3 0 
137 16 2.0 3 0 0 0 8 1 2 0.10768344529 1 0 
137 16 2.0 2 1 0 0 1 2 1 0.127127134237 0 1 
137 17 0.0 5 2 3 0 11 9 2 0.072719011915 1 3 
137 17 0.0 9 2 1 0 10 7 3 1.25774897155e-46 3 0 
137 17 0.0 4 0 0 0 8 1 2 0.0810840513569 1 0 
137 17 0.0 7 1 2 0 6 9 3 2.32689910665e-69 1 2 
137 17 0.0 6 1 0 0 3 7 2 0.149814754579 1 1 
137 17 0.0 1 2 1 0 14 10 1 0.131868377495 0 4 
137 17 0.0 8 0 2 0 14 5 2 5.91767867565e-41 3 0 
137 17 0.0 3 0 0 0 8 1 2 0.080941455538 1 0 
137 17 0.0 2 1 0 0 1 2 1 0.191505198406 0 1 
137 17 2.0 5 2 3 0 11 9 2 0.0349226646448 1 3 
137 17 2.0 9 2 1 0 10 7 3 2.3022238657e-15 3 0 
137 17 2.0 4 0 0 0 8 1 2 0.0897096903499 1 0 
137 17 2.0 7 1 2 0 6 9 3 3.11119256128e-55 1 2 
137 17 2.0 6 1 0 0 3 7 2 0.180016838018 1 1 
137 17 2.0 1 2 1 0 14 10 1 0.274449934159 0 4 
137 17 2.0 8 0 2 0 14 5 2 2.43469738747e-36 3 0 
137 17 2.0 3 0 0 0 8 1 2 0.08966954055 1 0 
137 17 2.0 2 1 0 0 1 2 1 0.126883163219 0 1 
137 18 0.0 5 2 3 0 11 9 2 0.0381798265961 1 3 
137 18 0.0 9 2 1 0 10 7 3 2.6457218297e-47 3 0 
137 18 0.0 4 0 0 0 8 1 2 0.0433965751633 1 0 
137 18 0.0 7 1 2 0 6 9 3 2.83320318333e-69 1 2 
137 18 0.0 6 1 0 0 3 7 2 0.149705461935 1 1 
137 18 0.0 1 2 1 0 14 10 1 0.0786315128392 0 4 
137 18 0.0 8 0 2 0 14 5 2 3.83835794717e-41 3 0 
137 18 0.0 3 0 0 0 8 1 2 0.0434516185127 1 0 
137 18 0.0 2 1 0 0 1 2 1 0.191923719117 0 1 
137 18 2.0 5 2 3 0 11 9 2 0.0160586555002 1 3 
137 18 2.0 9 2 1 0 10 7 3 2.21362891011e-15 3 0 
137 18 2.0 4 0 0 0 8 1 2 0.040934820092 1 0 
137 18 2.0 7 1 2 0 6 9 3 1.92519294236e-56 1 2 
137 18 2.0 6 1 0 0 3 7 2 0.180144971439 1 1 
137 18 2.0 1 2 1 0 14 10 1 0.0397938659744 0 4 
137 18 2.0 8 0 2 0 14 5 2 3.02975687399e-36 3 0 
137 18 2.0 3 0 0 0 8 1 2 0.0409355605837 1 0 
137 18 2.0 2 1 0 0 1 2 1 0.12699046617 0 1 
137 19 0.0 5 2 3 0 11 9 2 0.0400929850801 1 3 
137 19 0.0 9 2 1 0 10 7 3 2.49446992692e-46 3 0 
137 19 0.0 4 0 0 0 8 1 2 0.0429808558007 1 0 
137 19 0.0 7 1 2 0 6 9 3 3.00323754092e-67 1 2 
137 19 0.0 6 1 0 0 3 7 2 0.149696812566 1 1 
137 19 0.0 1 2 1 0 14 10 1 0.333007708063 0 4 
137 19 0.0 8 0 2 0 14 5 2 4.18367759835e-40 3 0 
137 19 0.0 3 0 0 0 8 1 2 0.042690152122 1 0 
137 19 0.0 2 1 0 0 1 2 1 0.191553952925 0 1 
137 19 2.0 5 2 3 0 11 9 2 0.00209470167061 1 3 
137 19 2.0 9 2 1 0 10 7 3 5.36689430668e-16 3 0 
137 19 2.0 4 0 0 0 8 1 2 0.0413428829532 1 0 
137 19 2.0 7 1 2 0 6 9 3 3.71667839786e-59 1 2 
137 19 2.0 6 1 0 0 3 7 2 0.179613548882 1 1 
137 19 2.0 1 2 1 0 14 10 1 0.1735459062 0 4 
137 19 2.0 8 0 2 0 14 5 2 1.07354189352e-37 3 0 
137 19 2.0 3 0 0 0 8 1 2 0.041357167513 1 0 
137 19 2.0 2 1 0 0 1 2 1 0.126749771529 0 1 
137 20 0.0 5 2 3 0 11 9 2 0.0382148186578 1 3 
137 20 0.0 9 2 1 0 10 7 3 3.53646628145e-48 3 0 
137 20 0.0 4 0 0 0 8 1 2 0.0575171142295 1 0 
137 20 0.0 7 1 2 0 6 9 3 6.08061580082e-75 1 2 
137 20 0.0 6 1 0 0 3 7 2 0.149459433362 1 1 
137 20 0.0 1 2 1 0 14 10 1 0.0948999611587 0 4 
137 20 0.0 8 0 2 0 14 5 2 9.17965975415e-42 3 0 
137 20 0.0 3 0 0 0 8 1 2 0.0574686833398 1 0 
137 20 0.0 2 1 0 0 1 2 1 0.191474291768 0 1 
137 20 2.0 5 2 3 0 11 9 2 0.00178448326557 1 3 
137 20 2.0 9 2 1 0 10 7 3 4.45156481469e-16 3 0 
137 20 2.0 4 0 0 0 8 1 2 0.0763021373434 1 0 
137 20 2.0 7 1 2 0 6 9 3 9.43570616897e-61 1 2 
137 20 2.0 6 1 0 0 3 7 2 0.180078276962 1 1 
137 20 2.0 1 2 1 0 14 10 1 0.0449027732636 0 4 
137 20 2.0 8 0 2 0 14 5 2 5.53170091121e-37 3 0 
137 20 2.0 3 0 0 0 8 1 2 0.0762740447246 1 0 
137 20 2.0 2 1 0 0 1 2 1 0.126877369755 0 1 
137 21 0.0 5 2 3 0 11 9 2 0.0294057225816 1 3 
137 21 0.0 9 2 1 0 10 7 3 9.68580466062e-48 3 0 
137 21 0.0 4 0 0 0 8 1 2 0.0381792639314 1 0 
137 21 0.0 7 1 2 0 6 9 3 2.97341175507e-73 1 2 
137 21 0.0 6 1 0 0 3 7 2 0.149755324963 1 1 
137 21 0.0 1 2 1 0 14 10 1 0.293042339696 0 4 
137 21 0.0 8 0 2 0 14 5 2 5.99769884344e-42 3 0 
137 21 0.0 3 0 0 0 8 1 2 0.0381615058787 1 0 
137 21 0.0 2 1 0 0 1 2 1 0.191436158737 0 1 
137 21 2.0 5 2 3 0 11 9 2 0.0134841803837 1 3 
137 21 2.0 9 2 1 0 10 7 3 2.1033711646e-15 3 0 
137 21 2.0 4 0 0 0 8 1 2 0.0289348289176 1 0 
137 21 2.0 7 1 2 0 6 9 3 7.31755024745e-54 1 2 
137 21 2.0 6 1 0 0 3 7 2 0.179688794083 1 1 
137 21 2.0 1 2 1 0 14 10 1 0.0491497960123 0 4 
137 21 2.0 8 0 2 0 14 5 2 1.17796750811e-35 3 0 
137 21 2.0 3 0 0 0 8 1 2 0.0289286308849 1 0 
137 21 2.0 2 1 0 0 1 2 1 0.12692881053 0 1 
137 22 0.0 5 2 3 0 11 9 2 0.0815689896546 1 3 
137 22 0.0 9 2 1 0 10 7 3 7.54588141994e-46 3 0 
137 22 0.0 4 0 0 0 8 1 2 0.0867117491975 1 0 
137 22 0.0 7 1 2 0 6 9 3 7.30196405439e-66 1 2 
137 22 0.0 6 1 0 0 3 7 2 0.149525158911 1 1 
137 22 0.0 1 2 1 0 14 10 1 0.185231390488 0 4 
137 22 0.0 8 0 2 0 14 5 2 1.74990225347e-40 3 0 
137 22 0.0 3 0 0 0 8 1 2 0.0865616549488 1 0 
137 22 0.0 2 1 0 0 1 2 1 0.191529381797 0 1 
137 22 2.0 5 2 3 0 11 9 2 0.058040456559 1 3 
137 22 2.0 9 2 1 0 10 7 3 4.22636040992e-15 3 0 
137 22 2.0 4 0 0 0 8 1 2 0.0966304845231 1 0 
137 22 2.0 7 1 2 0 6 9 3 4.17163806249e-52 1 2 
137 22 2.0 6 1 0 0 3 7 2 0.178887981632 1 1 
137 22 2.0 1 2 1 0 14 10 1 0.0363434648646 0 4 
137 22 2.0 8 0 2 0 14 5 2 6.76728736264e-36 3 0 
137 22 2.0 3 0 0 0 8 1 2 0.0966703868499 1 0 
137 22 2.0 2 1 0 0 1 2 1 0.126258309871 0 1 
137 23 0.0 5 2 3 0 11 9 2 0.0191669527557 1 3 
137 23 0.0 9 2 1 0 10 7 3 1.26133454956e-48 3 0 
137 23 0.0 4 0 0 0 8 1 2 0.032109790016 1 0 
137 23 0.0 7 1 2 0 6 9 3 1.3096095107e-75 1 2 
137 23 0.0 6 1 0 0 3 7 2 0.149759579489 1 1 
137 23 0.0 1 2 1 0 14 10 1 0.142136143681 0 4 
137 23 0.0 8 0 2 0 14 5 2 2.12237982721e-42 3 0 
137 23 0.0 3 0 0 0 8 1 2 0.0320894507175 1 0 
137 23 0.0 2 1 0 0 1 2 1 0.191498727154 0 1 
137 23 2.0 5 2 3 0 11 9 2 0.0159289418761 1 3 
137 23 2.0 9 2 1 0 10 7 3 1.62404223735e-14 3 0 
137 23 2.0 4 0 0 0 8 1 2 0.0258773618 1 0 
137 23 2.0 7 1 2 0 6 9 3 2.02801987838e-52 1 2 
137 23 2.0 6 1 0 0 3 7 2 0.179790745563 1 1 
137 23 2.0 1 2 1 0 14 10 1 0.0488999943057 0 4 
137 23 2.0 8 0 2 0 14 5 2 4.54606602716e-37 3 0 
137 23 2.0 3 0 0 0 8 1 2 0.0258861107959 1 0 
137 23 2.0 2 1 0 0 1 2 1 0.127184726412 0 1 
137 24 0.0 5 2 3 0 11 9 2 0.0248112708764 1 3 
137 24 0.0 9 2 1 0 10 7 3 1.06021248597e-48 3 0 
137 24 0.0 4 0 0 0 8 1 2 0.0445418607385 1 0 
137 24 0.0 7 1 2 0 6 9 3 1.115063306e-76 1 2 
137 24 0.0 6 1 0 0 3 7 2 0.149774524433 1 1 
137 24 0.0 1 2 1 0 14 10 1 0.102537311279 0 4 
137 24 0.0 8 0 2 0 14 5 2 1.96272802584e-42 3 0 
137 24 0.0 3 0 0 0 8 1 2 0.0445643140751 1 0 
137 24 0.0 2 1 0 0 1 2 1 0.191508141924 0 1 
137 24 2.0 5 2 3 0 11 9 2 0.0066812235112 1 3 
137 24 2.0 9 2 1 0 10 7 3 1.05651457435e-15 3 0 
137 24 2.0 4 0 0 0 8 1 2 0.0303731515466 1 0 
137 24 2.0 7 1 2 0 6 9 3 6.39975190784e-58 1 2 
137 24 2.0 6 1 0 0 3 7 2 0.179895067747 1 1 
137 24 2.0 1 2 1 0 14 10 1 0.0867603861426 0 4 
137 24 2.0 8 0 2 0 14 5 2 2.75781958809e-37 3 0 
137 24 2.0 3 0 0 0 8 1 2 0.030364095831 1 0 
137 24 2.0 2 1 0 0 1 2 1 0.126750704075 0 1 
137 25 0.0 5 2 3 0 11 9 2 0.0374137412517 1 3 
137 25 0.0 9 2 1 0 10 7 3 4.75737210953e-48 3 0 
137 25 0.0 4 0 0 0 8 1 2 0.0475626075142 1 0 
137 25 0.0 7 1 2 0 6 9 3 1.06247114485e-72 1 2 
137 25 0.0 6 1 0 0 3 7 2 0.149726825907 1 1 
137 25 0.0 1 2 1 0 14 10 1 0.0855370957614 0 4 
137 25 0.0 8 0 2 0 14 5 2 2.85956294275e-41 3 0 
137 25 0.0 3 0 0 0 8 1 2 0.0474970188266 1 0 
137 25 0.0 2 1 0 0 1 2 1 0.191967644832 0 1 
137 25 2.0 5 2 3 0 11 9 2 0.00549766896629 1 3 
137 25 2.0 9 2 1 0 10 7 3 3.96362889612e-16 3 0 
137 25 2.0 4 0 0 0 8 1 2 0.0963943668992 1 0 
137 25 2.0 7 1 2 0 6 9 3 3.56636435752e-59 1 2 
137 25 2.0 6 1 0 0 3 7 2 0.180120248937 1 1 
137 25 2.0 1 2 1 0 14 10 1 0.0461541036641 0 4 
137 25 2.0 8 0 2 0 14 5 2 8.44866205212e-37 3 0 
137 25 2.0 3 0 0 0 8 1 2 0.0964347950547 1 0 
137 25 2.0 2 1 0 0 1 2 1 0.126769884865 0 1 
137 26 0.0 5 2 3 0 11 9 2 0.0797198182245 1 3 
137 26 0.0 9 2 1 0 10 7 3 4.7705118155e-47 3 0 
137 26 0.0 4 0 0 0 8 1 2 0.0863173462281 1 0 
137 26 0.0 7 1 2 0 6 9 3 1.67083125316e-67 1 2 
137 26 0.0 6 1 0 0 3 7 2 0.149649287291 1 1 
137 26 0.0 1 2 1 0 14 10 1 0.15891272752 0 4 
137 26 0.0 8 0 2 0 14 5 2 1.35030649856e-39 3 0 
137 26 0.0 3 0 0 0 8 1 2 0.0864786984922 1 0 
137 26 0.0 2 1 0 0 1 2 1 0.19182950852 0 1 
137 26 2.0 5 2 3 0 11 9 2 0.059945717857 1 3 
137 26 2.0 9 2 1 0 10 7 3 1.12463347458e-15 3 0 
137 26 2.0 4 0 0 0 8 1 2 0.146888627726 1 0 
137 26 2.0 7 1 2 0 6 9 3 1.21578270263e-54 1 2 
137 26 2.0 6 1 0 0 3 7 2 0.178974317342 1 1 
137 26 2.0 1 2 1 0 14 10 1 0.145293996237 0 4 
137 26 2.0 8 0 2 0 14 5 2 3.54845107999e-36 3 0 
137 26 2.0 3 0 0 0 8 1 2 0.146926863446 1 0 
137 26 2.0 2 1 0 0 1 2 1 0.126156782559 0 1 
137 27 0.0 5 2 3 0 11 9 2 0.0653869672893 1 3 
137 27 0.0 9 2 1 0 10 7 3 4.94779044829e-48 3 0 
137 27 0.0 4 0 0 0 8 1 2 0.0827997848378 1 0 
137 27 0.0 7 1 2 0 6 9 3 1.09999105029e-72 1 2 
137 27 0.0 6 1 0 0 3 7 2 0.149697889671 1 1 
137 27 0.0 1 2 1 0 14 10 1 0.145263198978 0 4 
137 27 0.0 8 0 2 0 14 5 2 3.56902798199e-41 3 0 
137 27 0.0 3 0 0 0 8 1 2 0.0828073910516 1 0 
137 27 0.0 2 1 0 0 1 2 1 0.191661426537 0 1 
137 27 2.0 5 2 3 0 11 9 2 0.00761877364834 1 3 
137 27 2.0 9 2 1 0 10 7 3 5.89659674185e-16 3 0 
137 27 2.0 4 0 0 0 8 1 2 0.0601098769904 1 0 
137 27 2.0 7 1 2 0 6 9 3 1.95010115416e-59 1 2 
137 27 2.0 6 1 0 0 3 7 2 0.180094675175 1 1 
137 27 2.0 1 2 1 0 14 10 1 0.238447960242 0 4 
137 27 2.0 8 0 2 0 14 5 2 3.16278461977e-37 3 0 
137 27 2.0 3 0 0 0 8 1 2 0.0600735860856 1 0 
137 27 2.0 2 1 0 0 1 2 1 0.126692417636 0 1 
137 28 0.0 5 2 3 0 11 9 2 0.0174572425956 1 3 
137 28 0.0 9 2 1 0 10 7 3 6.23902772178e-49 3 0 
137 28 0.0 4 0 0 0 8 1 2 0.0392949250182 1 0 
137 28 0.0 7 1 2 0 6 9 3 1.84408400649e-77 1 2 
137 28 0.0 6 1 0 0 3 7 2 0.149786191368 1 1 
137 28 0.0 1 2 1 0 14 10 1 0.229434184864 0 4 
137 28 0.0 8 0 2 0 14 5 2 8.51595360043e-43 3 0 
137 28 0.0 3 0 0 0 8 1 2 0.0392782191791 1 0 
137 28 0.0 2 1 0 0 1 2 1 0.191488096256 0 1 
137 28 2.0 5 2 3 0 11 9 2 0.0515908343857 1 3 
137 28 2.0 9 2 1 0 10 7 3 4.55200968223e-16 3 0 
137 28 2.0 4 0 0 0 8 1 2 0.147590631066 1 0 
137 28 2.0 7 1 2 0 6 9 3 4.23896700482e-55 1 2 
137 28 2.0 6 1 0 0 3 7 2 0.179283767755 1 1 
137 28 2.0 1 2 1 0 14 10 1 0.143955752033 0 4 
137 28 2.0 8 0 2 0 14 5 2 3.17546112263e-36 3 0 
137 28 2.0 3 0 0 0 8 1 2 0.147628665185 1 0 
137 28 2.0 2 1 0 0 1 2 1 0.12593638912 0 1 
137 29 0.0 5 2 3 0 11 9 2 0.0459625072409 1 3 
137 29 0.0 9 2 1 0 10 7 3 3.85949852195e-48 3 0 
137 29 0.0 4 0 0 0 8 1 2 0.0705564416468 1 0 
137 29 0.0 7 1 2 0 6 9 3 4.88769084495e-75 1 2 
137 29 0.0 6 1 0 0 3 7 2 0.149562510243 1 1 
137 29 0.0 1 2 1 0 14 10 1 0.260900243411 0 4 
137 29 0.0 8 0 2 0 14 5 2 2.22087278514e-42 3 0 
137 29 0.0 3 0 0 0 8 1 2 0.0706620608408 1 0 
137 29 0.0 2 1 0 0 1 2 1 0.191543556141 0 1 
137 29 2.0 5 2 3 0 11 9 2 0.0194093664358 1 3 
137 29 2.0 9 2 1 0 10 7 3 4.19856033127e-16 3 0 
137 29 2.0 4 0 0 0 8 1 2 0.124366245831 1 0 
137 29 2.0 7 1 2 0 6 9 3 1.46595737918e-57 1 2 
137 29 2.0 6 1 0 0 3 7 2 0.179480438349 1 1 
137 29 2.0 1 2 1 0 14 10 1 0.0578530578561 0 4 
137 29 2.0 8 0 2 0 14 5 2 1.19269608313e-36 3 0 
137 29 2.0 3 0 0 0 8 1 2 0.124321366317 1 0 
137 29 2.0 2 1 0 0 1 2 1 0.127104950953 0 1 
137 30 0.0 5 2 3 0 11 9 2 0.0250620773879 1 3 
137 30 0.0 9 2 1 0 10 7 3 2.65419315219e-48 3 0 
137 30 0.0 4 0 0 0 8 1 2 0.0384239680655 1 0 
137 30 0.0 7 1 2 0 6 9 3 1.83295841221e-74 1 2 
137 30 0.0 6 1 0 0 3 7 2 0.149446266487 1 1 
137 30 0.0 1 2 1 0 14 10 1 0.269331456068 0 4 
137 30 0.0 8 0 2 0 14 5 2 2.6275828928e-43 3 0 
137 30 0.0 3 0 0 0 8 1 2 0.0384227999376 1 0 
137 30 0.0 2 1 0 0 1 2 1 0.191551671969 0 1 
137 30 2.0 5 2 3 0 11 9 2 0.0102717039385 1 3 
137 30 2.0 9 2 1 0 10 7 3 2.10832201976e-15 3 0 
137 30 2.0 4 0 0 0 8 1 2 0.0258909255269 1 0 
137 30 2.0 7 1 2 0 6 9 3 8.53911794678e-56 1 2 
137 30 2.0 6 1 0 0 3 7 2 0.180261605207 1 1 
137 30 2.0 1 2 1 0 14 10 1 0.147810717975 0 4 
137 30 2.0 8 0 2 0 14 5 2 1.81512781778e-36 3 0 
137 30 2.0 3 0 0 0 8 1 2 0.0259211614254 1 0 
137 30 2.0 2 1 0 0 1 2 1 0.126754079714 0 1 
137 31 0.0 5 2 3 0 11 9 2 0.016940509865 1 3 
137 31 0.0 9 2 1 0 10 7 3 7.8118214607e-49 3 0 
137 31 0.0 4 0 0 0 8 1 2 0.0429241961927 1 0 
137 31 0.0 7 1 2 0 6 9 3 4.61112057052e-78 1 2 
137 31 0.0 6 1 0 0 3 7 2 0.149538593927 1 1 
137 31 0.0 1 2 1 0 14 10 1 0.120815572377 0 4 
137 31 0.0 8 0 2 0 14 5 2 1.28652531162e-42 3 0 
137 31 0.0 3 0 0 0 8 1 2 0.0428952369914 1 0 
137 31 0.0 2 1 0 0 1 2 1 0.19159866821 0 1 
137 31 2.0 5 2 3 0 11 9 2 0.00540730554208 1 3 
137 31 2.0 9 2 1 0 10 7 3 9.14850687076e-16 3 0 
137 31 2.0 4 0 0 0 8 1 2 0.0334757411304 1 0 
137 31 2.0 7 1 2 0 6 9 3 1.68068071128e-58 1 2 
137 31 2.0 6 1 0 0 3 7 2 0.180110008293 1 1 
137 31 2.0 1 2 1 0 14 10 1 0.133197073513 0 4 
137 31 2.0 8 0 2 0 14 5 2 8.12567120844e-38 3 0 
137 31 2.0 3 0 0 0 8 1 2 0.0334704764614 1 0 
137 31 2.0 2 1 0 0 1 2 1 0.126626217852 0 1 
137 32 0.0 5 2 3 0 11 9 2 0.0448022473521 1 3 
137 32 0.0 9 2 1 0 10 7 3 1.1520301337e-47 3 0 
137 32 0.0 4 0 0 0 8 1 2 0.0554930749137 1 0 
137 32 0.0 7 1 2 0 6 9 3 3.88056149801e-72 1 2 
137 32 0.0 6 1 0 0 3 7 2 0.149806422345 1 1 
137 32 0.0 1 2 1 0 14 10 1 0.0862276042715 0 4 
137 32 0.0 8 0 2 0 14 5 2 2.7755412671e-41 3 0 
137 32 0.0 3 0 0 0 8 1 2 0.0555614582784 1 0 
137 32 0.0 2 1 0 0 1 2 1 0.191535019843 0 1 
137 32 2.0 5 2 3 0 11 9 2 0.0208305655241 1 3 
137 32 2.0 9 2 1 0 10 7 3 9.03415525324e-16 3 0 
137 32 2.0 4 0 0 0 8 1 2 0.0896243338477 1 0 
137 32 2.0 7 1 2 0 6 9 3 5.97188852095e-57 1 2 
137 32 2.0 6 1 0 0 3 7 2 0.179903134285 1 1 
137 32 2.0 1 2 1 0 14 10 1 0.0403579482949 0 4 
137 32 2.0 8 0 2 0 14 5 2 1.28574524563e-36 3 0 
137 32 2.0 3 0 0 0 8 1 2 0.0896505019036 1 0 
137 32 2.0 2 1 0 0 1 2 1 0.126569046406 0 1 
137 33 0.0 5 2 3 0 11 9 2 0.0231746628385 1 3 
137 33 0.0 9 2 1 0 10 7 3 4.5172933775e-46 3 0 
137 33 0.0 4 0 0 0 8 1 2 0.0246263848388 1 0 
137 33 0.0 7 1 2 0 6 9 3 1.34630715007e-65 1 2 
137 33 0.0 6 1 0 0 3 7 2 0.149617784818 1 1 
137 33 0.0 1 2 1 0 14 10 1 0.105562548446 0 4 
137 33 0.0 8 0 2 0 14 5 2 3.67288817905e-40 3 0 
137 33 0.0 3 0 0 0 8 1 2 0.0246254383501 1 0 
137 33 0.0 2 1 0 0 1 2 1 0.191378233449 0 1 
137 33 2.0 5 2 3 0 11 9 2 0.0105127765318 1 3 
137 33 2.0 9 2 1 0 10 7 3 2.92753355138e-15 3 0 
137 33 2.0 4 0 0 0 8 1 2 0.0224512639686 1 0 
137 33 2.0 7 1 2 0 6 9 3 7.10141902585e-55 1 2 
137 33 2.0 6 1 0 0 3 7 2 0.179382706219 1 1 
137 33 2.0 1 2 1 0 14 10 1 0.145406167292 0 4 
137 33 2.0 8 0 2 0 14 5 2 7.7196796279e-36 3 0 
137 33 2.0 3 0 0 0 8 1 2 0.0224540797118 1 0 
137 33 2.0 2 1 0 0 1 2 1 0.127071228532 0 1 
137 34 0.0 5 2 3 0 11 9 2 0.044501903382 1 3 
137 34 0.0 9 2 1 0 10 7 3 2.53085463332e-48 3 0 
137 34 0.0 4 0 0 0 8 1 2 0.063682327404 1 0 
137 34 0.0 7 1 2 0 6 9 3 1.73472911384e-74 1 2 
137 34 0.0 6 1 0 0 3 7 2 0.149848971307 1 1 
137 34 0.0 1 2 1 0 14 10 1 0.291760863817 0 4 
137 34 0.0 8 0 2 0 14 5 2 1.88501189865e-41 3 0 
137 34 0.0 3 0 0 0 8 1 2 0.0637335235249 1 0 
137 34 0.0 2 1 0 0 1 2 1 0.191638764311 0 1 
137 34 2.0 5 2 3 0 11 9 2 0.00953947238154 1 3 
137 34 2.0 9 2 1 0 10 7 3 6.14273842349e-16 3 0 
137 34 2.0 4 0 0 0 8 1 2 0.0457330266527 1 0 
137 34 2.0 7 1 2 0 6 9 3 3.13643597273e-57 1 2 
137 34 2.0 6 1 0 0 3 7 2 0.1795006606 1 1 
137 34 2.0 1 2 1 0 14 10 1 0.0464784836646 0 4 
137 34 2.0 8 0 2 0 14 5 2 1.38801789489e-36 3 0 
137 34 2.0 3 0 0 0 8 1 2 0.0457267978962 1 0 
137 34 2.0 2 1 0 0 1 2 1 0.127072097828 0 1 
137 35 0.0 5 2 3 0 11 9 2 0.020318291268 1 3 
137 35 0.0 9 2 1 0 10 7 3 1.43520307974e-47 3 0 
137 35 0.0 4 0 0 0 8 1 2 0.0257757326052 1 0 
137 35 0.0 7 1 2 0 6 9 3 5.75991393709e-73 1 2 
137 35 0.0 6 1 0 0 3 7 2 0.149525902628 1 1 
137 35 0.0 1 2 1 0 14 10 1 0.173063513959 0 4 
137 35 0.0 8 0 2 0 14 5 2 1.63819973205e-41 3 0 
137 35 0.0 3 0 0 0 8 1 2 0.0257423889949 1 0 
137 35 0.0 2 1 0 0 1 2 1 0.191467026837 0 1 
137 35 2.0 5 2 3 0 11 9 2 0.028515449674 1 3 
137 35 2.0 9 2 1 0 10 7 3 8.33905684427e-16 3 0 
137 35 2.0 4 0 0 0 8 1 2 0.1442120842 1 0 
137 35 2.0 7 1 2 0 6 9 3 4.31058152775e-58 1 2 
137 35 2.0 6 1 0 0 3 7 2 0.179869674323 1 1 
137 35 2.0 1 2 1 0 14 10 1 0.155644832425 0 4 
137 35 2.0 8 0 2 0 14 5 2 4.63091244656e-37 3 0 
137 35 2.0 3 0 0 0 8 1 2 0.144113438028 1 0 
137 35 2.0 2 1 0 0 1 2 1 0.12716125783 0 1 
137 36 0.0 5 2 3 0 11 9 2 0.0748889721488 1 3 
137 36 0.0 9 2 1 0 10 7 3 2.95238884424e-47 3 0 
137 36 0.0 4 0 0 0 8 1 2 0.0844943655099 1 0 
137 36 0.0 7 1 2 0 6 9 3 1.25809951983e-68 1 2 
137 36 0.0 6 1 0 0 3 7 2 0.149791692492 1 1 
137 36 0.0 1 2 1 0 14 10 1 0.161612313333 0 4 
137 36 0.0 8 0 2 0 14 5 2 7.51838589856e-41 3 0 
137 36 0.0 3 0 0 0 8 1 2 0.0843534426891 1 0 
137 36 0.0 2 1 0 0 1 2 1 0.191849699106 0 1 
137 36 2.0 5 2 3 0 11 9 2 0.0112979889449 1 3 
137 36 2.0 9 2 1 0 10 7 3 2.31359866721e-14 3 0 
137 36 2.0 4 0 0 0 8 1 2 0.0170625689744 1 0 
137 36 2.0 7 1 2 0 6 9 3 4.98442879271e-51 1 2 
137 36 2.0 6 1 0 0 3 7 2 0.179077534875 1 1 
137 36 2.0 1 2 1 0 14 10 1 0.0908323118135 0 4 
137 36 2.0 8 0 2 0 14 5 2 4.76402796009e-36 3 0 
137 36 2.0 3 0 0 0 8 1 2 0.0170663605617 1 0 
137 36 2.0 2 1 0 0 1 2 1 0.127030641185 0 1 
137 37 0.0 5 2 3 0 11 9 2 0.0263518239277 1 3 
137 37 0.0 9 2 1 0 10 7 3 2.0212060668e-46 3 0 
137 37 0.0 4 0 0 0 8 1 2 0.0283044210542 1 0 
137 37 0.0 7 1 2 0 6 9 3 3.48907239346e-67 1 2 
137 37 0.0 6 1 0 0 3 7 2 0.149733225398 1 1 
137 37 0.0 1 2 1 0 14 10 1 0.280762506881 0 4 
137 37 0.0 8 0 2 0 14 5 2 5.07372356802e-40 3 0 
137 37 0.0 3 0 0 0 8 1 2 0.0281185080677 1 0 
137 37 0.0 2 1 0 0 1 2 1 0.191367295102 0 1 
137 37 2.0 5 2 3 0 11 9 2 0.0151224444813 1 3 
137 37 2.0 9 2 1 0 10 7 3 1.26265558844e-15 3 0 
137 37 2.0 4 0 0 0 8 1 2 0.0503398328879 1 0 
137 37 2.0 7 1 2 0 6 9 3 3.28519395973e-56 1 2 
137 37 2.0 6 1 0 0 3 7 2 0.180171368671 1 1 
137 37 2.0 1 2 1 0 14 10 1 0.246780055926 0 4 
137 37 2.0 8 0 2 0 14 5 2 5.40564596106e-37 3 0 
137 37 2.0 3 0 0 0 8 1 2 0.0503922420613 1 0 
137 37 2.0 2 1 0 0 1 2 1 0.1270466665 0 1 
137 38 0.0 5 2 3 0 11 9 2 0.0298889085253 1 3 
137 38 0.0 9 2 1 0 10 7 3 4.31807756902e-49 3 0 
137 38 0.0 4 0 0 0 8 1 2 0.0876950397651 1 0 
137 38 0.0 7 1 2 0 6 9 3 3.23015286313e-78 1 2 
137 38 0.0 6 1 0 0 3 7 2 0.149487348739 1 1 
137 38 0.0 1 2 1 0 14 10 1 0.176298243956 0 4 
137 38 0.0 8 0 2 0 14 5 2 1.04278070231e-42 3 0 
137 38 0.0 3 0 0 0 8 1 2 0.087683274801 1 0 
137 38 0.0 2 1 0 0 1 2 1 0.191632421622 0 1 
137 38 2.0 5 2 3 0 11 9 2 0.0324580564511 1 3 
137 38 2.0 9 2 1 0 10 7 3 3.96932215269e-14 3 0 
137 38 2.0 4 0 0 0 8 1 2 0.0448519393168 1 0 
137 38 2.0 7 1 2 0 6 9 3 3.58499731391e-50 1 2 
137 38 2.0 6 1 0 0 3 7 2 0.179294794689 1 1 
137 38 2.0 1 2 1 0 14 10 1 0.317582310163 0 4 
137 38 2.0 8 0 2 0 14 5 2 4.84927576687e-35 3 0 
137 38 2.0 3 0 0 0 8 1 2 0.0448700410822 1 0 
137 38 2.0 2 1 0 0 1 2 1 0.126877112205 0 1 
137 39 0.0 5 2 3 0 11 9 2 0.0655916095368 1 3 
137 39 0.0 9 2 1 0 10 7 3 5.38395253823e-48 3 0 
137 39 0.0 4 0 0 0 8 1 2 0.0761009334591 1 0 
137 39 0.0 7 1 2 0 6 9 3 1.81056151961e-70 1 2 
137 39 0.0 6 1 0 0 3 7 2 0.149586757782 1 1 
137 39 0.0 1 2 1 0 14 10 1 0.112093761923 0 4 
137 39 0.0 8 0 2 0 14 5 2 1.13334356649e-40 3 0 
137 39 0.0 3 0 0 0 8 1 2 0.0761771743965 1 0 
137 39 0.0 2 1 0 0 1 2 1 0.191948966477 0 1 
137 39 2.0 5 2 3 0 11 9 2 0.000780302871552 1 3 
137 39 2.0 9 2 1 0 10 7 3 4.07645785134e-16 3 0 
137 39 2.0 4 0 0 0 8 1 2 0.0428253603657 1 0 
137 39 2.0 7 1 2 0 6 9 3 6.83438139545e-60 1 2 
137 39 2.0 6 1 0 0 3 7 2 0.180052637064 1 1 
137 39 2.0 1 2 1 0 14 10 1 0.173772327696 0 4 
137 39 2.0 8 0 2 0 14 5 2 1.46023324489e-37 3 0 
137 39 2.0 3 0 0 0 8 1 2 0.0428330627228 1 0 
137 39 2.0 2 1 0 0 1 2 1 0.127065610588 0 1 
137 40 0.0 5 2 3 0 11 9 2 0.0180599027034 1 3 
137 40 0.0 9 2 1 0 10 7 3 9.3800950358e-49 3 0 
137 40 0.0 4 0 0 0 8 1 2 0.0303804095935 1 0 
137 40 0.0 7 1 2 0 6 9 3 5.11685844556e-75 1 2 
137 40 0.0 6 1 0 0 3 7 2 0.149697122026 1 1 
137 40 0.0 1 2 1 0 14 10 1 0.165584735521 0 4 
137 40 0.0 8 0 2 0 14 5 2 6.97329269507e-42 3 0 
137 40 0.0 3 0 0 0 8 1 2 0.0303803346977 1 0 
137 40 0.0 2 1 0 0 1 2 1 0.191458495754 0 1 
137 40 2.0 5 2 3 0 11 9 2 0.0233030084576 1 3 
137 40 2.0 9 2 1 0 10 7 3 1.9586115807e-15 3 0 
137 40 2.0 4 0 0 0 8 1 2 0.0734517884658 1 0 
137 40 2.0 7 1 2 0 6 9 3 3.80140620991e-56 1 2 
137 40 2.0 6 1 0 0 3 7 2 0.179802274125 1 1 
137 40 2.0 1 2 1 0 14 10 1 0.0356791366508 0 4 
137 40 2.0 8 0 2 0 14 5 2 3.93047278437e-37 3 0 
137 40 2.0 3 0 0 0 8 1 2 0.0734829544424 1 0 
137 40 2.0 2 1 0 0 1 2 1 0.12663071537 0 1 
