11 1 0.0 10 2 1 0 9 14 2 0.0634854298261 2 1 
11 1 0.0 5 4 2 0 6 5 2 0.0734308981626 1 2 
11 1 0.0 13 4 0 0 16 9 3 1.98519299133e-48 3 0 
11 1 0.0 4 1 0 0 1 2 1 0.191684350232 0 1 
11 1 0.0 12 3 0 0 12 4 3 2.56259921738e-58 2 0 
11 1 0.0 7 2 0 0 8 19 2 0.074090354971 1 2 
11 1 0.0 14 8 0 0 22 36 3 1.35340825193e-32 6 0 
11 1 0.0 6 3 0 0 13 23 2 0.0739775242052 1 3 
11 1 0.0 1 4 2 0 5 6 1 0.283328855435 0 3 
11 1 0.0 9 1 0 0 3 13 2 0.149396417024 1 1 
11 1 0.0 3 1 0 0 1 2 1 0.191877308304 0 1 
11 1 0.0 8 1 0 0 3 13 2 0.149744672211 1 1 
11 1 0.0 2 5 0 0 4 4 1 0.207071868069 0 2 
11 1 0.0 11 6 1 0 17 24 2 0.0539818536626 2 3 
11 1 2.0 10 2 1 0 9 14 2 0.0653948582859 2 1 
11 1 2.0 5 4 2 0 6 5 2 0.133298111772 1 2 
11 1 2.0 13 4 0 0 16 9 3 5.34477489469e-18 3 0 
11 1 2.0 4 1 0 0 1 2 1 0.151017120347 0 1 
11 1 2.0 12 3 0 0 12 4 3 1.11464912767e-30 2 0 
11 1 2.0 7 2 0 0 8 19 2 0.0901170944608 1 2 
11 1 2.0 14 8 0 0 22 36 3 0.153685423995 6 0 
11 1 2.0 6 3 0 0 13 23 2 0.0901051463767 1 3 
11 1 2.0 1 4 2 0 5 6 1 0.16878802468 0 3 
11 1 2.0 9 1 0 0 3 13 2 0.182266892073 1 1 
11 1 2.0 3 1 0 0 1 2 1 0.150933356443 0 1 
11 1 2.0 8 1 0 0 3 13 2 0.182432067993 1 1 
11 1 2.0 2 5 0 0 4 4 1 0.136333957098 0 2 
11 1 2.0 11 6 1 0 17 24 2 0.00881987680662 2 3 
11 2 0.0 10 2 1 0 9 14 2 0.0550471986033 2 1 
11 2 0.0 5 4 2 0 6 5 2 0.0876539888748 1 2 
11 2 0.0 13 4 0 0 16 9 3 2.51173207071e-50 3 0 
11 2 0.0 4 1 0 0 1 2 1 0.191940895797 0 1 
11 2 0.0 12 3 0 0 12 4 3 4.08779741129e-59 2 0 
11 2 0.0 7 2 0 0 8 19 2 0.0754387647592 1 2 
11 2 0.0 14 8 0 0 22 36 3 1.13295017343e-34 6 0 
11 2 0.0 6 3 0 0 13 23 2 0.0753485202359 1 3 
11 2 0.0 1 4 2 0 5 6 1 0.266359439158 0 3 
11 2 0.0 9 1 0 0 3 13 2 0.149639360146 1 1 
11 2 0.0 3 1 0 0 1 2 1 0.191696210538 0 1 
11 2 0.0 8 1 0 0 3 13 2 0.149674498605 1 1 
11 2 0.0 2 5 0 0 4 4 1 0.23446666142 0 2 
11 2 0.0 11 6 1 0 17 24 2 0.0409037658442 2 3 
11 2 2.0 10 2 1 0 9 14 2 0.0484679222656 2 1 
11 2 2.0 5 4 2 0 6 5 2 0.128546259878 1 2 
11 2 2.0 13 4 0 0 16 9 3 9.19491370935e-17 3 0 
11 2 2.0 4 1 0 0 1 2 1 0.158835307223 0 1 
11 2 2.0 12 3 0 0 12 4 3 2.52121780667e-29 2 0 
11 2 2.0 7 2 0 0 8 19 2 0.0905827458085 1 2 
11 2 2.0 14 8 0 0 22 36 3 0.170892716782 6 0 
11 2 2.0 6 3 0 0 13 23 2 0.0905594809643 1 3 
11 2 2.0 1 4 2 0 5 6 1 0.172477914115 0 3 
11 2 2.0 9 1 0 0 3 13 2 0.188876943033 1 1 
11 2 2.0 3 1 0 0 1 2 1 0.158760692222 0 1 
11 2 2.0 8 1 0 0 3 13 2 0.188953086047 1 1 
11 2 2.0 2 5 0 0 4 4 1 0.160602848793 0 2 
11 2 2.0 11 6 1 0 17 24 2 0.0370396609066 2 3 
11 3 0.0 10 2 1 0 9 14 2 0.0474528824994 2 1 
11 3 0.0 5 4 2 0 6 5 2 0.10702551892 1 2 
11 3 0.0 13 4 0 0 16 9 3 4.60469119056e-51 3 0 
11 3 0.0 4 1 0 0 1 2 1 0.191919997053 0 1 
11 3 0.0 12 3 0 0 12 4 3 7.076238498e-61 2 0 
11 3 0.0 7 2 0 0 8 19 2 0.0755242570938 1 2 
11 3 0.0 14 8 0 0 22 36 3 3.18174537858e-35 6 0 
11 3 0.0 6 3 0 0 13 23 2 0.0754222162656 1 3 
11 3 0.0 1 4 2 0 5 6 1 0.243476372305 0 3 
11 3 0.0 9 1 0 0 3 13 2 0.149611480571 1 1 
11 3 0.0 3 1 0 0 1 2 1 0.19171479629 0 1 
11 3 0.0 8 1 0 0 3 13 2 0.149688448337 1 1 
11 3 0.0 2 5 0 0 4 4 1 0.139575088097 0 2 
11 3 0.0 11 6 1 0 17 24 2 0.0192004602948 2 3 
11 3 2.0 10 2 1 0 9 14 2 0.047681285069 2 1 
11 3 2.0 5 4 2 0 6 5 2 0.131249160478 1 2 
11 3 2.0 13 4 0 0 16 9 3 1.48852209226e-16 3 0 
11 3 2.0 4 1 0 0 1 2 1 0.162337007558 0 1 
11 3 2.0 12 3 0 0 12 4 3 6.17124708209e-28 2 0 
11 3 2.0 7 2 0 0 8 19 2 0.0848954071422 1 2 
11 3 2.0 14 8 0 0 22 36 3 0.168335255888 6 0 
11 3 2.0 6 3 0 0 13 23 2 0.0848808202373 1 3 
11 3 2.0 1 4 2 0 5 6 1 0.173844254783 0 3 
11 3 2.0 9 1 0 0 3 13 2 0.18689999862 1 1 
11 3 2.0 3 1 0 0 1 2 1 0.162372639951 0 1 
11 3 2.0 8 1 0 0 3 13 2 0.186853063661 1 1 
11 3 2.0 2 5 0 0 4 4 1 0.162877328042 0 2 
11 3 2.0 11 6 1 0 17 24 2 0.0379837774642 2 3 
11 4 0.0 10 2 1 0 9 14 2 0.0576547817286 2 1 
11 4 0.0 5 4 2 0 6 5 2 0.0846587187579 1 2 
11 4 0.0 13 4 0 0 16 9 3 6.64847019331e-50 3 0 
11 4 0.0 4 1 0 0 1 2 1 0.191536903887 0 1 
11 4 0.0 12 3 0 0 12 4 3 1.16115335444e-56 2 0 
11 4 0.0 7 2 0 0 8 19 2 0.0600923541549 1 2 
11 4 0.0 14 8 0 0 22 36 3 1.58967636617e-33 6 0 
11 4 0.0 6 3 0 0 13 23 2 0.0600647443879 1 3 
11 4 0.0 1 4 2 0 5 6 1 0.269985614709 0 3 
11 4 0.0 9 1 0 0 3 13 2 0.149811131276 1 1 
11 4 0.0 3 1 0 0 1 2 1 0.19173173058 0 1 
11 4 0.0 8 1 0 0 3 13 2 0.149503517966 1 1 
11 4 0.0 2 5 0 0 4 4 1 0.136915251187 0 2 
11 4 0.0 11 6 1 0 17 24 2 0.0428842199643 2 3 
11 4 2.0 10 2 1 0 9 14 2 0.0529519171966 2 1 
11 4 2.0 5 4 2 0 6 5 2 0.130087855864 1 2 
11 4 2.0 13 4 0 0 16 9 3 2.01490078817e-17 3 0 
11 4 2.0 4 1 0 0 1 2 1 0.159624964751 0 1 
11 4 2.0 12 3 0 0 12 4 3 4.13871082292e-31 2 0 
11 4 2.0 7 2 0 0 8 19 2 0.0843207905026 1 2 
11 4 2.0 14 8 0 0 22 36 3 0.16787395576 6 0 
11 4 2.0 6 3 0 0 13 23 2 0.0842930881515 1 3 
11 4 2.0 1 4 2 0 5 6 1 0.17578181137 0 3 
11 4 2.0 9 1 0 0 3 13 2 0.182999436204 1 1 
11 4 2.0 3 1 0 0 1 2 1 0.159557557681 0 1 
11 4 2.0 8 1 0 0 3 13 2 0.183000101878 1 1 
11 4 2.0 2 5 0 0 4 4 1 0.153011437926 0 2 
11 4 2.0 11 6 1 0 17 24 2 0.0317055495888 2 3 
11 5 0.0 10 2 1 0 9 14 2 0.0686568631951 2 1 
11 5 0.0 5 4 2 0 6 5 2 0.0645152790607 1 2 
11 5 0.0 13 4 0 0 16 9 3 1.51434118655e-48 3 0 
11 5 0.0 4 1 0 0 1 2 1 0.191968543945 0 1 
11 5 0.0 12 3 0 0 12 4 3 3.00868938999e-56 2 0 
11 5 0.0 7 2 0 0 8 19 2 0.0887135197061 1 2 
11 5 0.0 14 8 0 0 22 36 3 2.8318425969e-32 6 0 
11 5 0.0 6 3 0 0 13 23 2 0.0886254266073 1 3 
11 5 0.0 1 4 2 0 5 6 1 0.293945979312 0 3 
11 5 0.0 9 1 0 0 3 13 2 0.149598374257 1 1 
11 5 0.0 3 1 0 0 1 2 1 0.191520160279 0 1 
11 5 0.0 8 1 0 0 3 13 2 0.149568622523 1 1 
11 5 0.0 2 5 0 0 4 4 1 0.208738204351 0 2 
11 5 0.0 11 6 1 0 17 24 2 0.0622005120501 2 3 
11 5 2.0 10 2 1 0 9 14 2 0.0575983844207 2 1 
11 5 2.0 5 4 2 0 6 5 2 0.132749749306 1 2 
11 5 2.0 13 4 0 0 16 9 3 2.1274965269e-17 3 0 
11 5 2.0 4 1 0 0 1 2 1 0.162675528292 0 1 
11 5 2.0 12 3 0 0 12 4 3 1.83401684127e-33 2 0 
11 5 2.0 7 2 0 0 8 19 2 0.0814572400799 1 2 
11 5 2.0 14 8 0 0 22 36 3 0.159514525293 6 0 
11 5 2.0 6 3 0 0 13 23 2 0.081406290064 1 3 
11 5 2.0 1 4 2 0 5 6 1 0.174218701524 0 3 
11 5 2.0 9 1 0 0 3 13 2 0.18491149283 1 1 
11 5 2.0 3 1 0 0 1 2 1 0.162638853885 0 1 
11 5 2.0 8 1 0 0 3 13 2 0.18482738281 1 1 
11 5 2.0 2 5 0 0 4 4 1 0.16152387216 0 2 
11 5 2.0 11 6 1 0 17 24 2 0.0265932001295 2 3 
11 6 0.0 10 2 1 0 9 14 2 0.0614537084938 2 1 
11 6 0.0 5 4 2 0 6 5 2 0.0774738586332 1 2 
11 6 0.0 13 4 0 0 16 9 3 2.86550042121e-49 3 0 
11 6 0.0 4 1 0 0 1 2 1 0.191935142078 0 1 
11 6 0.0 12 3 0 0 12 4 3 2.5077931109e-59 2 0 
11 6 0.0 7 2 0 0 8 19 2 0.0708031751382 1 2 
11 6 0.0 14 8 0 0 22 36 3 3.24384312657e-33 6 0 
11 6 0.0 6 3 0 0 13 23 2 0.0706593860275 1 3 
11 6 0.0 1 4 2 0 5 6 1 0.278528188798 0 3 
11 6 0.0 9 1 0 0 3 13 2 0.149806772076 1 1 
11 6 0.0 3 1 0 0 1 2 1 0.191759461163 0 1 
11 6 0.0 8 1 0 0 3 13 2 0.149679168983 1 1 
11 6 0.0 2 5 0 0 4 4 1 0.143029485186 0 2 
11 6 0.0 11 6 1 0 17 24 2 0.0499238712841 2 3 
11 6 2.0 10 2 1 0 9 14 2 0.0511569529889 2 1 
11 6 2.0 5 4 2 0 6 5 2 0.128019971082 1 2 
11 6 2.0 13 4 0 0 16 9 3 2.03716579321e-17 3 0 
11 6 2.0 4 1 0 0 1 2 1 0.155704893346 0 1 
11 6 2.0 12 3 0 0 12 4 3 8.41916473427e-31 2 0 
11 6 2.0 7 2 0 0 8 19 2 0.0837737599591 1 2 
11 6 2.0 14 8 0 0 22 36 3 0.173770305174 6 0 
11 6 2.0 6 3 0 0 13 23 2 0.083748221849 1 3 
11 6 2.0 1 4 2 0 5 6 1 0.17857166478 0 3 
11 6 2.0 9 1 0 0 3 13 2 0.178065822413 1 1 
11 6 2.0 3 1 0 0 1 2 1 0.155704239997 0 1 
11 6 2.0 8 1 0 0 3 13 2 0.177955972289 1 1 
11 6 2.0 2 5 0 0 4 4 1 0.136784829893 0 2 
11 6 2.0 11 6 1 0 17 24 2 0.0321476419898 2 3 
11 7 0.0 10 2 1 0 9 14 2 0.0828664132685 2 1 
11 7 0.0 5 4 2 0 6 5 2 0.0417575320246 1 2 
11 7 0.0 13 4 0 0 16 9 3 1.38573507888e-45 3 0 
11 7 0.0 4 1 0 0 1 2 1 0.191920651137 0 1 
11 7 0.0 12 3 0 0 12 4 3 1.15736418783e-49 2 0 
11 7 0.0 7 2 0 0 8 19 2 0.0581323901971 1 2 
11 7 0.0 14 8 0 0 22 36 3 1.24663815784e-30 6 0 
11 7 0.0 6 3 0 0 13 23 2 0.0581253469273 1 3 
11 7 0.0 1 4 2 0 5 6 1 0.321041117854 0 3 
11 7 0.0 9 1 0 0 3 13 2 0.149499648265 1 1 
11 7 0.0 3 1 0 0 1 2 1 0.191645529714 0 1 
11 7 0.0 8 1 0 0 3 13 2 0.149753617075 1 1 
11 7 0.0 2 5 0 0 4 4 1 0.139737938908 0 2 
11 7 0.0 11 6 1 0 17 24 2 0.0818659885532 2 3 
11 7 2.0 10 2 1 0 9 14 2 0.0663737574959 2 1 
11 7 2.0 5 4 2 0 6 5 2 0.136211068412 1 2 
11 7 2.0 13 4 0 0 16 9 3 6.57604047828e-18 3 0 
11 7 2.0 4 1 0 0 1 2 1 0.154613140115 0 1 
11 7 2.0 12 3 0 0 12 4 3 3.08457384018e-35 2 0 
11 7 2.0 7 2 0 0 8 19 2 0.0866206360991 1 2 
11 7 2.0 14 8 0 0 22 36 3 0.148385742953 6 0 
11 7 2.0 6 3 0 0 13 23 2 0.0865487945137 1 3 
11 7 2.0 1 4 2 0 5 6 1 0.168579286679 0 3 
11 7 2.0 9 1 0 0 3 13 2 0.183298725775 1 1 
11 7 2.0 3 1 0 0 1 2 1 0.154748046366 0 1 
11 7 2.0 8 1 0 0 3 13 2 0.183351076601 1 1 
11 7 2.0 2 5 0 0 4 4 1 0.147855217586 0 2 
11 7 2.0 11 6 1 0 17 24 2 0.00756832048241 2 3 
11 8 0.0 10 2 1 0 9 14 2 0.0840576760871 2 1 
11 8 0.0 5 4 2 0 6 5 2 0.040073020578 1 2 
11 8 0.0 13 4 0 0 16 9 3 1.19636189252e-45 3 0 
11 8 0.0 4 1 0 0 1 2 1 0.191540718068 0 1 
11 8 0.0 12 3 0 0 12 4 3 3.08322914615e-52 2 0 
11 8 0.0 7 2 0 0 8 19 2 0.0806827676318 1 2 
11 8 0.0 14 8 0 0 22 36 3 7.77491176106e-31 6 0 
11 8 0.0 6 3 0 0 13 23 2 0.0806232851735 1 3 
11 8 0.0 1 4 2 0 5 6 1 0.323047078088 0 3 
11 8 0.0 9 1 0 0 3 13 2 0.149605844868 1 1 
11 8 0.0 3 1 0 0 1 2 1 0.191952523214 0 1 
11 8 0.0 8 1 0 0 3 13 2 0.149281979172 1 1 
11 8 0.0 2 5 0 0 4 4 1 0.137663723653 0 2 
11 8 0.0 11 6 1 0 17 24 2 0.0831621940217 2 3 
11 8 2.0 10 2 1 0 9 14 2 0.0491049427596 2 1 
11 8 2.0 5 4 2 0 6 5 2 0.130983223641 1 2 
11 8 2.0 13 4 0 0 16 9 3 6.27265300742e-17 3 0 
11 8 2.0 4 1 0 0 1 2 1 0.162315401794 0 1 
11 8 2.0 12 3 0 0 12 4 3 9.37655345129e-29 2 0 
11 8 2.0 7 2 0 0 8 19 2 0.0839337740505 1 2 
11 8 2.0 14 8 0 0 22 36 3 0.168283769022 6 0 
11 8 2.0 6 3 0 0 13 23 2 0.0839191389184 1 3 
11 8 2.0 1 4 2 0 5 6 1 0.174670210594 0 3 
11 8 2.0 9 1 0 0 3 13 2 0.186110956905 1 1 
11 8 2.0 3 1 0 0 1 2 1 0.16223500666 0 1 
11 8 2.0 8 1 0 0 3 13 2 0.186117632191 1 1 
11 8 2.0 2 5 0 0 4 4 1 0.16092084948 0 2 
11 8 2.0 11 6 1 0 17 24 2 0.0364237448912 2 3 
11 9 0.0 10 2 1 0 9 14 2 0.0634583979111 2 1 
11 9 0.0 5 4 2 0 6 5 2 0.0724264285299 1 2 
11 9 0.0 13 4 0 0 16 9 3 9.63050164708e-49 3 0 
11 9 0.0 4 1 0 0 1 2 1 0.191484684068 0 1 
11 9 0.0 12 3 0 0 12 4 3 1.76576908211e-55 2 0 
11 9 0.0 7 2 0 0 8 19 2 0.0634315659108 1 2 
11 9 0.0 14 8 0 0 22 36 3 1.67881849716e-33 6 0 
11 9 0.0 6 3 0 0 13 23 2 0.0634020585515 1 3 
11 9 0.0 1 4 2 0 5 6 1 0.284514673147 0 3 
11 9 0.0 9 1 0 0 3 13 2 0.149652135895 1 1 
11 9 0.0 3 1 0 0 1 2 1 0.19196206038 0 1 
11 9 0.0 8 1 0 0 3 13 2 0.149546335397 1 1 
11 9 0.0 2 5 0 0 4 4 1 0.132201914314 0 2 
11 9 0.0 11 6 1 0 17 24 2 0.0555037661041 2 3 
11 9 2.0 10 2 1 0 9 14 2 0.0441103020532 2 1 
11 9 2.0 5 4 2 0 6 5 2 0.131147927222 1 2 
11 9 2.0 13 4 0 0 16 9 3 2.19494316046e-15 3 0 
11 9 2.0 4 1 0 0 1 2 1 0.162043246419 0 1 
11 9 2.0 12 3 0 0 12 4 3 7.41975171505e-25 2 0 
11 9 2.0 7 2 0 0 8 19 2 0.0842869212465 1 2 
11 9 2.0 14 8 0 0 22 36 3 0.169011704108 6 0 
11 9 2.0 6 3 0 0 13 23 2 0.0842767120061 1 3 
11 9 2.0 1 4 2 0 5 6 1 0.174482362729 0 3 
11 9 2.0 9 1 0 0 3 13 2 0.185848712171 1 1 
11 9 2.0 3 1 0 0 1 2 1 0.161969182442 0 1 
11 9 2.0 8 1 0 0 3 13 2 0.185849071929 1 1 
11 9 2.0 2 5 0 0 4 4 1 0.159704178266 0 2 
11 9 2.0 11 6 1 0 17 24 2 0.0412069426006 2 3 
11 10 0.0 10 2 1 0 9 14 2 0.0763145590428 2 1 
11 10 0.0 5 4 2 0 6 5 2 0.0512222522146 1 2 
11 10 0.0 13 4 0 0 16 9 3 2.28442818836e-47 3 0 
11 10 0.0 4 1 0 0 1 2 1 0.191894398551 0 1 
11 10 0.0 12 3 0 0 12 4 3 1.14487764576e-53 2 0 
11 10 0.0 7 2 0 0 8 19 2 0.0535867474877 1 2 
11 10 0.0 14 8 0 0 22 36 3 6.20163508428e-33 6 0 
11 10 0.0 6 3 0 0 13 23 2 0.0535331184318 1 3 
11 10 0.0 1 4 2 0 5 6 1 0.309770563096 0 3 
11 10 0.0 9 1 0 0 3 13 2 0.149569477582 1 1 
11 10 0.0 3 1 0 0 1 2 1 0.191934501211 0 1 
11 10 0.0 8 1 0 0 3 13 2 0.149689657882 1 1 
11 10 0.0 2 5 0 0 4 4 1 0.197331490787 0 2 
11 10 0.0 11 6 1 0 17 24 2 0.0743862949733 2 3 
11 10 2.0 10 2 1 0 9 14 2 0.0584847596217 2 1 
11 10 2.0 5 4 2 0 6 5 2 0.132007138344 1 2 
11 10 2.0 13 4 0 0 16 9 3 1.4475875437e-17 3 0 
11 10 2.0 4 1 0 0 1 2 1 0.16023919133 0 1 
11 10 2.0 12 3 0 0 12 4 3 1.13590537271e-33 2 0 
11 10 2.0 7 2 0 0 8 19 2 0.0832633286852 1 2 
11 10 2.0 14 8 0 0 22 36 3 0.160037448125 6 0 
11 10 2.0 6 3 0 0 13 23 2 0.0832068192795 1 3 
11 10 2.0 1 4 2 0 5 6 1 0.173907982425 0 3 
11 10 2.0 9 1 0 0 3 13 2 0.183916919293 1 1 
11 10 2.0 3 1 0 0 1 2 1 0.160195535513 0 1 
11 10 2.0 8 1 0 0 3 13 2 0.184084888046 1 1 
11 10 2.0 2 5 0 0 4 4 1 0.156480185547 0 2 
11 10 2.0 11 6 1 0 17 24 2 0.0245766816297 2 3 
11 11 0.0 10 2 1 0 9 14 2 0.0750737742932 2 1 
11 11 0.0 5 4 2 0 6 5 2 0.053834509452 1 2 
11 11 0.0 13 4 0 0 16 9 3 2.56591140858e-47 3 0 
11 11 0.0 4 1 0 0 1 2 1 0.191697874243 0 1 
11 11 0.0 12 3 0 0 12 4 3 2.57563897629e-55 2 0 
11 11 0.0 7 2 0 0 8 19 2 0.0656885704438 1 2 
11 11 0.0 14 8 0 0 22 36 3 3.53393065681e-31 6 0 
11 11 0.0 6 3 0 0 13 23 2 0.0656035524247 1 3 
11 11 0.0 1 4 2 0 5 6 1 0.306662654446 0 3 
11 11 0.0 9 1 0 0 3 13 2 0.149483600024 1 1 
11 11 0.0 3 1 0 0 1 2 1 0.191947547892 0 1 
11 11 0.0 8 1 0 0 3 13 2 0.149779891559 1 1 
11 11 0.0 2 5 0 0 4 4 1 0.138061106415 0 2 
11 11 0.0 11 6 1 0 17 24 2 0.0717427628137 2 3 
11 11 2.0 10 2 1 0 9 14 2 0.0613651388945 2 1 
11 11 2.0 5 4 2 0 6 5 2 0.133986096737 1 2 
11 11 2.0 13 4 0 0 16 9 3 8.67941207655e-18 3 0 
11 11 2.0 4 1 0 0 1 2 1 0.162813845914 0 1 
11 11 2.0 12 3 0 0 12 4 3 4.75408707936e-32 2 0 
11 11 2.0 7 2 0 0 8 19 2 0.0832419805875 1 2 
11 11 2.0 14 8 0 0 22 36 3 0.153504206965 6 0 
11 11 2.0 6 3 0 0 13 23 2 0.0832153334739 1 3 
11 11 2.0 1 4 2 0 5 6 1 0.170778077979 0 3 
11 11 2.0 9 1 0 0 3 13 2 0.188115280066 1 1 
11 11 2.0 3 1 0 0 1 2 1 0.162851058575 0 1 
11 11 2.0 8 1 0 0 3 13 2 0.188117381319 1 1 
11 11 2.0 2 5 0 0 4 4 1 0.167919919632 0 2 
11 11 2.0 11 6 1 0 17 24 2 0.0212939210478 2 3 
11 12 0.0 10 2 1 0 9 14 2 0.0641161898554 2 1 
11 12 0.0 5 4 2 0 6 5 2 0.0726708587521 1 2 
11 12 0.0 13 4 0 0 16 9 3 1.19884774146e-48 3 0 
11 12 0.0 4 1 0 0 1 2 1 0.191845843117 0 1 
11 12 0.0 12 3 0 0 12 4 3 2.18359192225e-58 2 0 
11 12 0.0 7 2 0 0 8 19 2 0.0580122183611 1 2 
11 12 0.0 14 8 0 0 22 36 3 1.06023416497e-32 6 0 
11 12 0.0 6 3 0 0 13 23 2 0.0579206787114 1 3 
11 12 0.0 1 4 2 0 5 6 1 0.284242490752 0 3 
11 12 0.0 9 1 0 0 3 13 2 0.149297260911 1 1 
11 12 0.0 3 1 0 0 1 2 1 0.191476859082 0 1 
11 12 0.0 8 1 0 0 3 13 2 0.14967274491 1 1 
11 12 0.0 2 5 0 0 4 4 1 0.170287324609 0 2 
11 12 0.0 11 6 1 0 17 24 2 0.0544991603133 2 3 
11 12 2.0 10 2 1 0 9 14 2 0.0669097472901 2 1 
11 12 2.0 5 4 2 0 6 5 2 0.136203331176 1 2 
11 12 2.0 13 4 0 0 16 9 3 3.51326721498e-18 3 0 
11 12 2.0 4 1 0 0 1 2 1 0.153463232032 0 1 
11 12 2.0 12 3 0 0 12 4 3 2.8359571112e-33 2 0 
11 12 2.0 7 2 0 0 8 19 2 0.0880000042645 1 2 
11 12 2.0 14 8 0 0 22 36 3 0.148350286238 6 0 
11 12 2.0 6 3 0 0 13 23 2 0.0879686745024 1 3 
11 12 2.0 1 4 2 0 5 6 1 0.16770534746 0 3 
11 12 2.0 9 1 0 0 3 13 2 0.183207616903 1 1 
11 12 2.0 3 1 0 0 1 2 1 0.153493439557 0 1 
11 12 2.0 8 1 0 0 3 13 2 0.183150561758 1 1 
11 12 2.0 2 5 0 0 4 4 1 0.144920162404 0 2 
11 12 2.0 11 6 1 0 17 24 2 0.00610494321578 2 3 
11 13 0.0 10 2 1 0 9 14 2 0.0590658786693 2 1 
11 13 0.0 5 4 2 0 6 5 2 0.0824466724555 1 2 
11 13 0.0 13 4 0 0 16 9 3 2.05810533403e-49 3 0 
11 13 0.0 4 1 0 0 1 2 1 0.191937727185 0 1 
11 13 0.0 12 3 0 0 12 4 3 4.3792684126e-59 2 0 
11 13 0.0 7 2 0 0 8 19 2 0.058285911669 1 2 
11 13 0.0 14 8 0 0 22 36 3 1.37138121107e-33 6 0 
11 13 0.0 6 3 0 0 13 23 2 0.0581960661601 1 3 
11 13 0.0 1 4 2 0 5 6 1 0.272624464806 0 3 
11 13 0.0 9 1 0 0 3 13 2 0.149519953969 1 1 
11 13 0.0 3 1 0 0 1 2 1 0.191929969086 0 1 
11 13 0.0 8 1 0 0 3 13 2 0.149719982483 1 1 
11 13 0.0 2 5 0 0 4 4 1 0.1600120518 0 2 
11 13 0.0 11 6 1 0 17 24 2 0.0448207486563 2 3 
11 13 2.0 10 2 1 0 9 14 2 0.0688001373045 2 1 
11 13 2.0 5 4 2 0 6 5 2 0.139586329666 1 2 
11 13 2.0 13 4 0 0 16 9 3 2.98762744375e-18 3 0 
11 13 2.0 4 1 0 0 1 2 1 0.159679573787 0 1 
11 13 2.0 12 3 0 0 12 4 3 1.065891783e-32 2 0 
11 13 2.0 7 2 0 0 8 19 2 0.0850583901404 1 2 
11 13 2.0 14 8 0 0 22 36 3 0.140924070742 6 0 
11 13 2.0 6 3 0 0 13 23 2 0.085029856281 1 3 
11 13 2.0 1 4 2 0 5 6 1 0.165466342601 0 3 
11 13 2.0 9 1 0 0 3 13 2 0.188547310659 1 1 
11 13 2.0 3 1 0 0 1 2 1 0.159717666114 0 1 
11 13 2.0 8 1 0 0 3 13 2 0.188445811305 1 1 
11 13 2.0 2 5 0 0 4 4 1 0.165452671 0 2 
11 13 2.0 11 6 1 0 17 24 2 0.00461160203393 2 3 
11 14 0.0 10 2 1 0 9 14 2 0.0899049129135 2 1 
11 14 0.0 5 4 2 0 6 5 2 0.0317813951845 1 2 
11 14 0.0 13 4 0 0 16 9 3 1.03563118681e-44 3 0 
11 14 0.0 4 1 0 0 1 2 1 0.191776845218 0 1 
11 14 0.0 12 3 0 0 12 4 3 8.1768684693e-50 2 0 
11 14 0.0 7 2 0 0 8 19 2 0.0912113516235 1 2 
11 14 0.0 14 8 0 0 22 36 3 2.08866503208e-29 6 0 
11 14 0.0 6 3 0 0 13 23 2 0.0911286964031 1 3 
11 14 0.0 1 4 2 0 5 6 1 0.332920911296 0 3 
11 14 0.0 9 1 0 0 3 13 2 0.149747635879 1 1 
11 14 0.0 3 1 0 0 1 2 1 0.191559197693 0 1 
11 14 0.0 8 1 0 0 3 13 2 0.149791460352 1 1 
11 14 0.0 2 5 0 0 4 4 1 0.173794526175 0 2 
11 14 0.0 11 6 1 0 17 24 2 0.0895126130833 2 3 
11 14 2.0 10 2 1 0 9 14 2 0.0487888009392 2 1 
11 14 2.0 5 4 2 0 6 5 2 0.128900509366 1 2 
11 14 2.0 13 4 0 0 16 9 3 1.85184036862e-16 3 0 
11 14 2.0 4 1 0 0 1 2 1 0.158570949316 0 1 
11 14 2.0 12 3 0 0 12 4 3 2.8153062129e-30 2 0 
11 14 2.0 7 2 0 0 8 19 2 0.08887710266 1 2 
11 14 2.0 14 8 0 0 22 36 3 0.171377456074 6 0 
11 14 2.0 6 3 0 0 13 23 2 0.0888466990168 1 3 
11 14 2.0 1 4 2 0 5 6 1 0.173794594807 0 3 
11 14 2.0 9 1 0 0 3 13 2 0.186592646604 1 1 
11 14 2.0 3 1 0 0 1 2 1 0.158677892584 0 1 
11 14 2.0 8 1 0 0 3 13 2 0.186542019206 1 1 
11 14 2.0 2 5 0 0 4 4 1 0.156080944549 0 2 
11 14 2.0 11 6 1 0 17 24 2 0.036389208873 2 3 
11 15 0.0 10 2 1 0 9 14 2 0.0427386543253 2 1 
11 15 0.0 5 4 2 0 6 5 2 0.115998748691 1 2 
11 15 0.0 13 4 0 0 16 9 3 1.63010500539e-51 3 0 
11 15 0.0 4 1 0 0 1 2 1 0.191970316418 0 1 
11 15 0.0 12 3 0 0 12 4 3 1.64685218811e-61 2 0 
11 15 0.0 7 2 0 0 8 19 2 0.0664827844525 1 2 
11 15 0.0 14 8 0 0 22 36 3 3.44275300081e-36 6 0 
11 15 0.0 6 3 0 0 13 23 2 0.066390849362 1 3 
11 15 0.0 1 4 2 0 5 6 1 0.232829467614 0 3 
11 15 0.0 9 1 0 0 3 13 2 0.149390588299 1 1 
11 15 0.0 3 1 0 0 1 2 1 0.191874249876 0 1 
11 15 0.0 8 1 0 0 3 13 2 0.149649365529 1 1 
11 15 0.0 2 5 0 0 4 4 1 0.140510058296 0 2 
11 15 0.0 11 6 1 0 17 24 2 0.0103098763284 2 3 
11 15 2.0 10 2 1 0 9 14 2 0.0649783289013 2 1 
11 15 2.0 5 4 2 0 6 5 2 0.138186130724 1 2 
11 15 2.0 13 4 0 0 16 9 3 4.93817445974e-18 3 0 
11 15 2.0 4 1 0 0 1 2 1 0.164266623223 0 1 
11 15 2.0 12 3 0 0 12 4 3 3.64750215909e-32 2 0 
11 15 2.0 7 2 0 0 8 19 2 0.0757648727016 1 2 
11 15 2.0 14 8 0 0 22 36 3 0.146871499022 6 0 
11 15 2.0 6 3 0 0 13 23 2 0.0757420877448 1 3 
11 15 2.0 1 4 2 0 5 6 1 0.171366643912 0 3 
11 15 2.0 9 1 0 0 3 13 2 0.181711989641 1 1 
11 15 2.0 3 1 0 0 1 2 1 0.164239243605 0 1 
11 15 2.0 8 1 0 0 3 13 2 0.18179203416 1 1 
11 15 2.0 2 5 0 0 4 4 1 0.158782317755 0 2 
11 15 2.0 11 6 1 0 17 24 2 0.0132836764032 2 3 
11 16 0.0 10 2 1 0 9 14 2 0.0689840514512 2 1 
11 16 0.0 5 4 2 0 6 5 2 0.0620494481914 1 2 
11 16 0.0 13 4 0 0 16 9 3 7.46826165407e-48 3 0 
11 16 0.0 4 1 0 0 1 2 1 0.191717636938 0 1 
11 16 0.0 12 3 0 0 12 4 3 5.27320443158e-53 2 0 
11 16 0.0 7 2 0 0 8 19 2 0.0921151264684 1 2 
11 16 0.0 14 8 0 0 22 36 3 1.91960835546e-33 6 0 
11 16 0.0 6 3 0 0 13 23 2 0.0920992976209 1 3 
11 16 0.0 1 4 2 0 5 6 1 0.296873517654 0 3 
11 16 0.0 9 1 0 0 3 13 2 0.149662977841 1 1 
11 16 0.0 3 1 0 0 1 2 1 0.191963060994 0 1 
11 16 0.0 8 1 0 0 3 13 2 0.149825659012 1 1 
11 16 0.0 2 5 0 0 4 4 1 0.204559685881 0 2 
11 16 0.0 11 6 1 0 17 24 2 0.0655597818929 2 3 
11 16 2.0 10 2 1 0 9 14 2 0.0488437531655 2 1 
11 16 2.0 5 4 2 0 6 5 2 0.131169943663 1 2 
11 16 2.0 13 4 0 0 16 9 3 7.5980578945e-17 3 0 
11 16 2.0 4 1 0 0 1 2 1 0.161587590716 0 1 
11 16 2.0 12 3 0 0 12 4 3 5.15478693279e-27 2 0 
11 16 2.0 7 2 0 0 8 19 2 0.0836266283998 1 2 
11 16 2.0 14 8 0 0 22 36 3 0.168887461669 6 0 
11 16 2.0 6 3 0 0 13 23 2 0.0836200822977 1 3 
11 16 2.0 1 4 2 0 5 6 1 0.175333503199 0 3 
11 16 2.0 9 1 0 0 3 13 2 0.184401928005 1 1 
11 16 2.0 3 1 0 0 1 2 1 0.161583069331 0 1 
11 16 2.0 8 1 0 0 3 13 2 0.184334361524 1 1 
11 16 2.0 2 5 0 0 4 4 1 0.158401959979 0 2 
11 16 2.0 11 6 1 0 17 24 2 0.0364357002348 2 3 
11 17 0.0 10 2 1 0 9 14 2 0.101922276531 2 1 
11 17 0.0 5 4 2 0 6 5 2 0.0150306279366 1 2 
11 17 0.0 13 4 0 0 16 9 3 7.2083274305e-41 3 0 
11 17 0.0 4 1 0 0 1 2 1 0.191871708614 0 1 
11 17 0.0 12 3 0 0 12 4 3 2.90115743668e-43 2 0 
11 17 0.0 7 2 0 0 8 19 2 0.0661136407461 1 2 
11 17 0.0 14 8 0 0 22 36 3 5.58693062089e-27 6 0 
11 17 0.0 6 3 0 0 13 23 2 0.06608795375 1 3 
11 17 0.0 1 4 2 0 5 6 1 0.352894982298 0 3 
11 17 0.0 9 1 0 0 3 13 2 0.149316712628 1 1 
11 17 0.0 3 1 0 0 1 2 1 0.191678576768 0 1 
11 17 0.0 8 1 0 0 3 13 2 0.14963304821 1 1 
11 17 0.0 2 5 0 0 4 4 1 0.13103121922 0 2 
11 17 0.0 11 6 1 0 17 24 2 0.101888794646 2 3 
11 17 2.0 10 2 1 0 9 14 2 0.0694008657759 2 1 
11 17 2.0 5 4 2 0 6 5 2 0.139825290432 1 2 
11 17 2.0 13 4 0 0 16 9 3 3.81137979556e-18 3 0 
11 17 2.0 4 1 0 0 1 2 1 0.155471284845 0 1 
11 17 2.0 12 3 0 0 12 4 3 3.74132487553e-34 2 0 
11 17 2.0 7 2 0 0 8 19 2 0.0871288679486 1 2 
11 17 2.0 14 8 0 0 22 36 3 0.141720437833 6 0 
11 17 2.0 6 3 0 0 13 23 2 0.0870850532944 1 3 
11 17 2.0 1 4 2 0 5 6 1 0.165147317269 0 3 
11 17 2.0 9 1 0 0 3 13 2 0.186013599227 1 1 
11 17 2.0 3 1 0 0 1 2 1 0.155498838566 0 1 
11 17 2.0 8 1 0 0 3 13 2 0.185966348846 1 1 
11 17 2.0 2 5 0 0 4 4 1 0.154467407027 0 2 
11 17 2.0 11 6 1 0 17 24 2 0.0011462878206 2 3 
11 18 0.0 10 2 1 0 9 14 2 0.0478295631836 2 1 
11 18 0.0 5 4 2 0 6 5 2 0.101460684738 1 2 
11 18 0.0 13 4 0 0 16 9 3 1.79217469124e-50 3 0 
11 18 0.0 4 1 0 0 1 2 1 0.191986986887 0 1 
11 18 0.0 12 3 0 0 12 4 3 1.0484927678e-58 2 0 
11 18 0.0 7 2 0 0 8 19 2 0.084067462393 1 2 
11 18 0.0 14 8 0 0 22 36 3 1.2331742734e-35 6 0 
11 18 0.0 6 3 0 0 13 23 2 0.0840050362416 1 3 
11 18 0.0 1 4 2 0 5 6 1 0.249958165568 0 3 
11 18 0.0 9 1 0 0 3 13 2 0.14972386226 1 1 
11 18 0.0 3 1 0 0 1 2 1 0.191569702614 0 1 
11 18 0.0 8 1 0 0 3 13 2 0.149592992447 1 1 
11 18 0.0 2 5 0 0 4 4 1 0.142337691174 0 2 
11 18 0.0 11 6 1 0 17 24 2 0.0271868334591 2 3 
11 18 2.0 10 2 1 0 9 14 2 0.0459995345545 2 1 
11 18 2.0 5 4 2 0 6 5 2 0.13199898977 1 2 
11 18 2.0 13 4 0 0 16 9 3 1.9776938991e-16 3 0 
11 18 2.0 4 1 0 0 1 2 1 0.164066802595 0 1 
11 18 2.0 12 3 0 0 12 4 3 1.74106045248e-27 2 0 
11 18 2.0 7 2 0 0 8 19 2 0.0831312779103 1 2 
11 18 2.0 14 8 0 0 22 36 3 0.167143305883 6 0 
11 18 2.0 6 3 0 0 13 23 2 0.083114891197 1 3 
11 18 2.0 1 4 2 0 5 6 1 0.173614711336 0 3 
11 18 2.0 9 1 0 0 3 13 2 0.187273798665 1 1 
11 18 2.0 3 1 0 0 1 2 1 0.164095743901 0 1 
11 18 2.0 8 1 0 0 3 13 2 0.187318493798 1 1 
11 18 2.0 2 5 0 0 4 4 1 0.164764513319 0 2 
11 18 2.0 11 6 1 0 17 24 2 0.0397613086216 2 3 
11 19 0.0 10 2 1 0 9 14 2 0.0644535744286 2 1 
11 19 0.0 5 4 2 0 6 5 2 0.0720763609518 1 2 
11 19 0.0 13 4 0 0 16 9 3 3.5810632435e-49 3 0 
11 19 0.0 4 1 0 0 1 2 1 0.191959030529 0 1 
11 19 0.0 12 3 0 0 12 4 3 9.41469775443e-59 2 0 
11 19 0.0 7 2 0 0 8 19 2 0.0849696564755 1 2 
11 19 0.0 14 8 0 0 22 36 3 1.19923704209e-32 6 0 
11 19 0.0 6 3 0 0 13 23 2 0.0847958010826 1 3 
11 19 0.0 1 4 2 0 5 6 1 0.284950176375 0 3 
11 19 0.0 9 1 0 0 3 13 2 0.149765606581 1 1 
11 19 0.0 3 1 0 0 1 2 1 0.191567674147 0 1 
11 19 0.0 8 1 0 0 3 13 2 0.149660145143 1 1 
11 19 0.0 2 5 0 0 4 4 1 0.163653965584 0 2 
11 19 0.0 11 6 1 0 17 24 2 0.0550548384428 2 3 
11 19 2.0 10 2 1 0 9 14 2 0.0475736307032 2 1 
11 19 2.0 5 4 2 0 6 5 2 0.129534825498 1 2 
11 19 2.0 13 4 0 0 16 9 3 3.61736790935e-16 3 0 
11 19 2.0 4 1 0 0 1 2 1 0.160157587232 0 1 
11 19 2.0 12 3 0 0 12 4 3 9.9929771469e-31 2 0 
11 19 2.0 7 2 0 0 8 19 2 0.0887709096706 1 2 
11 19 2.0 14 8 0 0 22 36 3 0.170045770462 6 0 
11 19 2.0 6 3 0 0 13 23 2 0.0887247174076 1 3 
11 19 2.0 1 4 2 0 5 6 1 0.172874963634 0 3 
11 19 2.0 9 1 0 0 3 13 2 0.188034825684 1 1 
11 19 2.0 3 1 0 0 1 2 1 0.160091137434 0 1 
11 19 2.0 8 1 0 0 3 13 2 0.188145187141 1 1 
11 19 2.0 2 5 0 0 4 4 1 0.160750443062 0 2 
11 19 2.0 11 6 1 0 17 24 2 0.0379415361162 2 3 
11 20 0.0 10 2 1 0 9 14 2 0.0840519755496 2 1 
11 20 0.0 5 4 2 0 6 5 2 0.0401911449075 1 2 
11 20 0.0 13 4 0 0 16 9 3 1.63543068097e-45 3 0 
11 20 0.0 4 1 0 0 1 2 1 0.191778016929 0 1 
11 20 0.0 12 3 0 0 12 4 3 1.80805603789e-48 2 0 
11 20 0.0 7 2 0 0 8 19 2 0.0551058444263 1 2 
11 20 0.0 14 8 0 0 22 36 3 4.08783455241e-30 6 0 
11 20 0.0 6 3 0 0 13 23 2 0.0551118699594 1 3 
11 20 0.0 1 4 2 0 5 6 1 0.322906376657 0 3 
11 20 0.0 9 1 0 0 3 13 2 0.149801124991 1 1 
11 20 0.0 3 1 0 0 1 2 1 0.191817674392 0 1 
11 20 0.0 8 1 0 0 3 13 2 0.149552846244 1 1 
11 20 0.0 2 5 0 0 4 4 1 0.149835927239 0 2 
11 20 0.0 11 6 1 0 17 24 2 0.0829937478431 2 3 
11 20 2.0 10 2 1 0 9 14 2 0.0480296288585 2 1 
11 20 2.0 5 4 2 0 6 5 2 0.129995702441 1 2 
11 20 2.0 13 4 0 0 16 9 3 3.39232165513e-16 3 0 
11 20 2.0 4 1 0 0 1 2 1 0.16020730091 0 1 
11 20 2.0 12 3 0 0 12 4 3 1.27995552984e-33 2 0 
11 20 2.0 7 2 0 0 8 19 2 0.0856680729642 1 2 
11 20 2.0 14 8 0 0 22 36 3 0.170356707711 6 0 
11 20 2.0 6 3 0 0 13 23 2 0.0855561086074 1 3 
11 20 2.0 1 4 2 0 5 6 1 0.174754772276 0 3 
11 20 2.0 9 1 0 0 3 13 2 0.185112584505 1 1 
11 20 2.0 3 1 0 0 1 2 1 0.160146667922 0 1 
11 20 2.0 8 1 0 0 3 13 2 0.185166211596 1 1 
11 20 2.0 2 5 0 0 4 4 1 0.155915993353 0 2 
11 20 2.0 11 6 1 0 17 24 2 0.0369384129776 2 3 
11 21 0.0 10 2 1 0 9 14 2 0.0625977558439 2 1 
11 21 0.0 5 4 2 0 6 5 2 0.0724691239763 1 2 
11 21 0.0 13 4 0 0 16 9 3 2.24569097488e-49 3 0 
11 21 0.0 4 1 0 0 1 2 1 0.19158851398 0 1 
11 21 0.0 12 3 0 0 12 4 3 3.61795977254e-56 2 0 
11 21 0.0 7 2 0 0 8 19 2 0.0834130602009 1 2 
11 21 0.0 14 8 0 0 22 36 3 7.16964494002e-34 6 0 
11 21 0.0 6 3 0 0 13 23 2 0.0833495892817 1 3 
11 21 0.0 1 4 2 0 5 6 1 0.284447655962 0 3 
11 21 0.0 9 1 0 0 3 13 2 0.149828734381 1 1 
11 21 0.0 3 1 0 0 1 2 1 0.191680740381 0 1 
11 21 0.0 8 1 0 0 3 13 2 0.149628046043 1 1 
11 21 0.0 2 5 0 0 4 4 1 0.228093742261 0 2 
11 21 0.0 11 6 1 0 17 24 2 0.0562840464765 2 3 
11 21 2.0 10 2 1 0 9 14 2 0.0488443080661 2 1 
11 21 2.0 5 4 2 0 6 5 2 0.132838696133 1 2 
11 21 2.0 13 4 0 0 16 9 3 5.4876435641e-17 3 0 
11 21 2.0 4 1 0 0 1 2 1 0.164822741918 0 1 
11 21 2.0 12 3 0 0 12 4 3 6.08613130002e-28 2 0 
11 21 2.0 7 2 0 0 8 19 2 0.0794589420329 1 2 
11 21 2.0 14 8 0 0 22 36 3 0.166571145961 6 0 
11 21 2.0 6 3 0 0 13 23 2 0.0794466723073 1 3 
11 21 2.0 1 4 2 0 5 6 1 0.175804745767 0 3 
11 21 2.0 9 1 0 0 3 13 2 0.183796365055 1 1 
11 21 2.0 3 1 0 0 1 2 1 0.164883256865 0 1 
11 21 2.0 8 1 0 0 3 13 2 0.183756194698 1 1 
11 21 2.0 2 5 0 0 4 4 1 0.161772256327 0 2 
11 21 2.0 11 6 1 0 17 24 2 0.0368541794019 2 3 
11 22 0.0 10 2 1 0 9 14 2 0.062991037886 2 1 
11 22 0.0 5 4 2 0 6 5 2 0.0752436639876 1 2 
11 22 0.0 13 4 0 0 16 9 3 4.04476101763e-49 3 0 
11 22 0.0 4 1 0 0 1 2 1 0.191823997321 0 1 
11 22 0.0 12 3 0 0 12 4 3 8.79646680881e-59 2 0 
11 22 0.0 7 2 0 0 8 19 2 0.0622764802265 1 2 
11 22 0.0 14 8 0 0 22 36 3 1.09226212536e-32 6 0 
11 22 0.0 6 3 0 0 13 23 2 0.062172646737 1 3 
11 22 0.0 1 4 2 0 5 6 1 0.281186133121 0 3 
11 22 0.0 9 1 0 0 3 13 2 0.149705222135 1 1 
11 22 0.0 3 1 0 0 1 2 1 0.191870394227 0 1 
11 22 0.0 8 1 0 0 3 13 2 0.149743018579 1 1 
11 22 0.0 2 5 0 0 4 4 1 0.147471520353 0 2 
11 22 0.0 11 6 1 0 17 24 2 0.0517542123652 2 3 
11 22 2.0 10 2 1 0 9 14 2 0.0465185753141 2 1 
11 22 2.0 5 4 2 0 6 5 2 0.131765141697 1 2 
11 22 2.0 13 4 0 0 16 9 3 3.70253038852e-16 3 0 
11 22 2.0 4 1 0 0 1 2 1 0.163391721295 0 1 
11 22 2.0 12 3 0 0 12 4 3 4.71471496958e-30 2 0 
11 22 2.0 7 2 0 0 8 19 2 0.0828564847712 1 2 
11 22 2.0 14 8 0 0 22 36 3 0.167900557209 6 0 
11 22 2.0 6 3 0 0 13 23 2 0.0828177181238 1 3 
11 22 2.0 1 4 2 0 5 6 1 0.174341418791 0 3 
11 22 2.0 9 1 0 0 3 13 2 0.185966690219 1 1 
11 22 2.0 3 1 0 0 1 2 1 0.163432779234 0 1 
11 22 2.0 8 1 0 0 3 13 2 0.185972610058 1 1 
11 22 2.0 2 5 0 0 4 4 1 0.161610477982 0 2 
11 22 2.0 11 6 1 0 17 24 2 0.0389470528312 2 3 
11 23 0.0 10 2 1 0 9 14 2 0.0480284353476 2 1 
11 23 0.0 5 4 2 0 6 5 2 0.104337588102 1 2 
11 23 0.0 13 4 0 0 16 9 3 8.92225986525e-51 3 0 
11 23 0.0 4 1 0 0 1 2 1 0.191949258805 0 1 
11 23 0.0 12 3 0 0 12 4 3 4.11507844176e-58 2 0 
11 23 0.0 7 2 0 0 8 19 2 0.07403937009 1 2 
11 23 0.0 14 8 0 0 22 36 3 2.63194535414e-35 6 0 
11 23 0.0 6 3 0 0 13 23 2 0.0740176112598 1 3 
11 23 0.0 1 4 2 0 5 6 1 0.246614008831 0 3 
11 23 0.0 9 1 0 0 3 13 2 0.149720736231 1 1 
11 23 0.0 3 1 0 0 1 2 1 0.191921940647 0 1 
11 23 0.0 8 1 0 0 3 13 2 0.149664809292 1 1 
11 23 0.0 2 5 0 0 4 4 1 0.129355592376 0 2 
11 23 0.0 11 6 1 0 17 24 2 0.0226582603264 2 3 
11 23 2.0 10 2 1 0 9 14 2 0.0598021164373 2 1 
11 23 2.0 5 4 2 0 6 5 2 0.131476037666 1 2 
11 23 2.0 13 4 0 0 16 9 3 5.14526613554e-18 3 0 
11 23 2.0 4 1 0 0 1 2 1 0.15755966153 0 1 
11 23 2.0 12 3 0 0 12 4 3 8.91495629457e-35 2 0 
11 23 2.0 7 2 0 0 8 19 2 0.0838357669316 1 2 
11 23 2.0 14 8 0 0 22 36 3 0.159383655843 6 0 
11 23 2.0 6 3 0 0 13 23 2 0.0837599499353 1 3 
11 23 2.0 1 4 2 0 5 6 1 0.173903443158 0 3 
11 23 2.0 9 1 0 0 3 13 2 0.182179104938 1 1 
11 23 2.0 3 1 0 0 1 2 1 0.157732359839 0 1 
11 23 2.0 8 1 0 0 3 13 2 0.182273751351 1 1 
11 23 2.0 2 5 0 0 4 4 1 0.147723505883 0 2 
11 23 2.0 11 6 1 0 17 24 2 0.0212268084955 2 3 
11 24 0.0 10 2 1 0 9 14 2 0.0466355027516 2 1 
11 24 0.0 5 4 2 0 6 5 2 0.114881189202 1 2 
11 24 0.0 13 4 0 0 16 9 3 2.71070944031e-51 3 0 
11 24 0.0 4 1 0 0 1 2 1 0.191957912162 0 1 
11 24 0.0 12 3 0 0 12 4 3 6.64739083821e-62 2 0 
11 24 0.0 7 2 0 0 8 19 2 0.0763325334376 1 2 
11 24 0.0 14 8 0 0 22 36 3 3.15100565874e-35 6 0 
11 24 0.0 6 3 0 0 13 23 2 0.0762050804864 1 3 
11 24 0.0 1 4 2 0 5 6 1 0.234495642621 0 3 
11 24 0.0 9 1 0 0 3 13 2 0.149835952602 1 1 
11 24 0.0 3 1 0 0 1 2 1 0.191732374321 0 1 
11 24 0.0 8 1 0 0 3 13 2 0.149717800994 1 1 
11 24 0.0 2 5 0 0 4 4 1 0.142125193502 0 2 
11 24 0.0 11 6 1 0 17 24 2 0.00834872081813 2 3 
11 24 2.0 10 2 1 0 9 14 2 0.0562008241114 2 1 
11 24 2.0 5 4 2 0 6 5 2 0.133088906896 1 2 
11 24 2.0 13 4 0 0 16 9 3 1.45661639794e-17 3 0 
11 24 2.0 4 1 0 0 1 2 1 0.164684607914 0 1 
11 24 2.0 12 3 0 0 12 4 3 5.00390992906e-32 2 0 
11 24 2.0 7 2 0 0 8 19 2 0.0799291853948 1 2 
11 24 2.0 14 8 0 0 22 36 3 0.160384601016 6 0 
11 24 2.0 6 3 0 0 13 23 2 0.0798947135105 1 3 
11 24 2.0 1 4 2 0 5 6 1 0.174297003923 0 3 
11 24 2.0 9 1 0 0 3 13 2 0.185224741197 1 1 
11 24 2.0 3 1 0 0 1 2 1 0.164683120821 0 1 
11 24 2.0 8 1 0 0 3 13 2 0.185115703414 1 1 
11 24 2.0 2 5 0 0 4 4 1 0.164571016635 0 2 
11 24 2.0 11 6 1 0 17 24 2 0.0290032037242 2 3 
11 25 0.0 10 2 1 0 9 14 2 0.0476808727485 2 1 
11 25 0.0 5 4 2 0 6 5 2 0.115419228346 1 2 
11 25 0.0 13 4 0 0 16 9 3 4.22949420523e-51 3 0 
11 25 0.0 4 1 0 0 1 2 1 0.191951816579 0 1 
11 25 0.0 12 3 0 0 12 4 3 2.04389993635e-62 2 0 
11 25 0.0 7 2 0 0 8 19 2 0.0643177003523 1 2 
11 25 0.0 14 8 0 0 22 36 3 9.03402923399e-35 6 0 
11 25 0.0 6 3 0 0 13 23 2 0.0641956198266 1 3 
11 25 0.0 1 4 2 0 5 6 1 0.234036551604 0 3 
11 25 0.0 9 1 0 0 3 13 2 0.149675236556 1 1 
11 25 0.0 3 1 0 0 1 2 1 0.191955460737 0 1 
11 25 0.0 8 1 0 0 3 13 2 0.149524306215 1 1 
11 25 0.0 2 5 0 0 4 4 1 0.145833093014 0 2 
11 25 0.0 11 6 1 0 17 24 2 0.00663571375645 2 3 
11 25 2.0 10 2 1 0 9 14 2 0.0663087462046 2 1 
11 25 2.0 5 4 2 0 6 5 2 0.133546853206 1 2 
11 25 2.0 13 4 0 0 16 9 3 5.00685702954e-18 3 0 
11 25 2.0 4 1 0 0 1 2 1 0.150518361026 0 1 
11 25 2.0 12 3 0 0 12 4 3 3.51324901762e-33 2 0 
11 25 2.0 7 2 0 0 8 19 2 0.0947089591519 1 2 
11 25 2.0 14 8 0 0 22 36 3 0.151850182214 6 0 
11 25 2.0 6 3 0 0 13 23 2 0.0946707518929 1 3 
11 25 2.0 1 4 2 0 5 6 1 0.167060392077 0 3 
11 25 2.0 9 1 0 0 3 13 2 0.186209672367 1 1 
11 25 2.0 3 1 0 0 1 2 1 0.150525415178 0 1 
11 25 2.0 8 1 0 0 3 13 2 0.18606014329 1 1 
11 25 2.0 2 5 0 0 4 4 1 0.1434634326 0 2 
11 25 2.0 11 6 1 0 17 24 2 0.00787059720172 2 3 
11 26 0.0 10 2 1 0 9 14 2 0.0481412131084 2 1 
11 26 0.0 5 4 2 0 6 5 2 0.102022791003 1 2 
11 26 0.0 13 4 0 0 16 9 3 2.05242640458e-51 3 0 
11 26 0.0 4 1 0 0 1 2 1 0.191499867736 0 1 
11 26 0.0 12 3 0 0 12 4 3 5.62973247531e-61 2 0 
11 26 0.0 7 2 0 0 8 19 2 0.0620531770141 1 2 
11 26 0.0 14 8 0 0 22 36 3 2.10118103082e-35 6 0 
11 26 0.0 6 3 0 0 13 23 2 0.0619385596682 1 3 
11 26 0.0 1 4 2 0 5 6 1 0.249292266387 0 3 
11 26 0.0 9 1 0 0 3 13 2 0.149724677838 1 1 
11 26 0.0 3 1 0 0 1 2 1 0.19164370841 0 1 
11 26 0.0 8 1 0 0 3 13 2 0.149811326109 1 1 
11 26 0.0 2 5 0 0 4 4 1 0.219977736105 0 2 
11 26 0.0 11 6 1 0 17 24 2 0.0260053329188 2 3 
11 26 2.0 10 2 1 0 9 14 2 0.0672053952265 2 1 
11 26 2.0 5 4 2 0 6 5 2 0.140031829549 1 2 
11 26 2.0 13 4 0 0 16 9 3 3.24348652678e-18 3 0 
11 26 2.0 4 1 0 0 1 2 1 0.163430170852 0 1 
11 26 2.0 12 3 0 0 12 4 3 7.19407690651e-33 2 0 
11 26 2.0 7 2 0 0 8 19 2 0.0775018333196 1 2 
11 26 2.0 14 8 0 0 22 36 3 0.141934449578 6 0 
11 26 2.0 6 3 0 0 13 23 2 0.0774730849707 1 3 
11 26 2.0 1 4 2 0 5 6 1 0.168678256332 0 3 
11 26 2.0 9 1 0 0 3 13 2 0.184164095136 1 1 
11 26 2.0 3 1 0 0 1 2 1 0.163444741528 0 1 
11 26 2.0 8 1 0 0 3 13 2 0.184152538481 1 1 
11 26 2.0 2 5 0 0 4 4 1 0.163620388905 0 2 
11 26 2.0 11 6 1 0 17 24 2 0.00822780327776 2 3 
11 27 0.0 10 2 1 0 9 14 2 0.0639897273051 2 1 
11 27 0.0 5 4 2 0 6 5 2 0.072654324741 1 2 
11 27 0.0 13 4 0 0 16 9 3 6.85705395106e-49 3 0 
11 27 0.0 4 1 0 0 1 2 1 0.191487583753 0 1 
11 27 0.0 12 3 0 0 12 4 3 7.87660906983e-58 2 0 
11 27 0.0 7 2 0 0 8 19 2 0.0611938821918 1 2 
11 27 0.0 14 8 0 0 22 36 3 1.30383773414e-32 6 0 
11 27 0.0 6 3 0 0 13 23 2 0.0611229216497 1 3 
11 27 0.0 1 4 2 0 5 6 1 0.28425709121 0 3 
11 27 0.0 9 1 0 0 3 13 2 0.149851545076 1 1 
11 27 0.0 3 1 0 0 1 2 1 0.191579230856 0 1 
11 27 0.0 8 1 0 0 3 13 2 0.149708219548 1 1 
11 27 0.0 2 5 0 0 4 4 1 0.14332405504 0 2 
11 27 0.0 11 6 1 0 17 24 2 0.0546482387361 2 3 
11 27 2.0 10 2 1 0 9 14 2 0.0449900822482 2 1 
11 27 2.0 5 4 2 0 6 5 2 0.129552547465 1 2 
11 27 2.0 13 4 0 0 16 9 3 2.06905859886e-16 3 0 
11 27 2.0 4 1 0 0 1 2 1 0.158649267728 0 1 
11 27 2.0 12 3 0 0 12 4 3 9.09599206947e-28 2 0 
11 27 2.0 7 2 0 0 8 19 2 0.0820619782269 1 2 
11 27 2.0 14 8 0 0 22 36 3 0.173587190605 6 0 
11 27 2.0 6 3 0 0 13 23 2 0.0820453047196 1 3 
11 27 2.0 1 4 2 0 5 6 1 0.178112773837 0 3 
11 27 2.0 9 1 0 0 3 13 2 0.179239966411 1 1 
11 27 2.0 3 1 0 0 1 2 1 0.158562771692 0 1 
11 27 2.0 8 1 0 0 3 13 2 0.179273134488 1 1 
11 27 2.0 2 5 0 0 4 4 1 0.142912592436 0 2 
11 27 2.0 11 6 1 0 17 24 2 0.0384309148171 2 3 
11 28 0.0 10 2 1 0 9 14 2 0.0657259959613 2 1 
11 28 0.0 5 4 2 0 6 5 2 0.0704148358705 1 2 
11 28 0.0 13 4 0 0 16 9 3 5.11140926783e-49 3 0 
11 28 0.0 4 1 0 0 1 2 1 0.191740537671 0 1 
11 28 0.0 12 3 0 0 12 4 3 2.56446803705e-55 2 0 
11 28 0.0 7 2 0 0 8 19 2 0.0769561790706 1 2 
11 28 0.0 14 8 0 0 22 36 3 1.88007052518e-32 6 0 
11 28 0.0 6 3 0 0 13 23 2 0.0769242413088 1 3 
11 28 0.0 1 4 2 0 5 6 1 0.286929910014 0 3 
11 28 0.0 9 1 0 0 3 13 2 0.149314709085 1 1 
11 28 0.0 3 1 0 0 1 2 1 0.191686419561 0 1 
11 28 0.0 8 1 0 0 3 13 2 0.149751530653 1 1 
11 28 0.0 2 5 0 0 4 4 1 0.131452982596 0 2 
11 28 0.0 11 6 1 0 17 24 2 0.0562868006791 2 3 
11 28 2.0 10 2 1 0 9 14 2 0.062408190414 2 1 
11 28 2.0 5 4 2 0 6 5 2 0.137229180711 1 2 
11 28 2.0 13 4 0 0 16 9 3 4.18224823849e-18 3 0 
11 28 2.0 4 1 0 0 1 2 1 0.165113089902 0 1 
11 28 2.0 12 3 0 0 12 4 3 6.39609589811e-32 2 0 
11 28 2.0 7 2 0 0 8 19 2 0.0735555268937 1 2 
11 28 2.0 14 8 0 0 22 36 3 0.150437448274 6 0 
11 28 2.0 6 3 0 0 13 23 2 0.0735313579398 1 3 
11 28 2.0 1 4 2 0 5 6 1 0.174123500238 0 3 
11 28 2.0 9 1 0 0 3 13 2 0.17943137527 1 1 
11 28 2.0 3 1 0 0 1 2 1 0.16512235879 0 1 
11 28 2.0 8 1 0 0 3 13 2 0.179460642786 1 1 
11 28 2.0 2 5 0 0 4 4 1 0.156674701431 0 2 
11 28 2.0 11 6 1 0 17 24 2 0.0178733196478 2 3 
11 29 0.0 10 2 1 0 9 14 2 0.0746318797858 2 1 
11 29 0.0 5 4 2 0 6 5 2 0.0545601957425 1 2 
11 29 0.0 13 4 0 0 16 9 3 5.00997203167e-47 3 0 
11 29 0.0 4 1 0 0 1 2 1 0.191521070288 0 1 
11 29 0.0 12 3 0 0 12 4 3 3.81721939069e-56 2 0 
11 29 0.0 7 2 0 0 8 19 2 0.0704977608979 1 2 
11 29 0.0 14 8 0 0 22 36 3 2.4267568931e-31 6 0 
11 29 0.0 6 3 0 0 13 23 2 0.0703858559674 1 3 
11 29 0.0 1 4 2 0 5 6 1 0.305798853956 0 3 
11 29 0.0 9 1 0 0 3 13 2 0.149522722772 1 1 
11 29 0.0 3 1 0 0 1 2 1 0.191966727514 0 1 
11 29 0.0 8 1 0 0 3 13 2 0.149283420575 1 1 
11 29 0.0 2 5 0 0 4 4 1 0.209286367593 0 2 
11 29 0.0 11 6 1 0 17 24 2 0.0711034008581 2 3 
11 29 2.0 10 2 1 0 9 14 2 0.0620986798604 2 1 
11 29 2.0 5 4 2 0 6 5 2 0.135744217168 1 2 
11 29 2.0 13 4 0 0 16 9 3 6.48605149925e-18 3 0 
11 29 2.0 4 1 0 0 1 2 1 0.164417149724 0 1 
11 29 2.0 12 3 0 0 12 4 3 1.48568098642e-32 2 0 
11 29 2.0 7 2 0 0 8 19 2 0.0786652747818 1 2 
11 29 2.0 14 8 0 0 22 36 3 0.151219233829 6 0 
11 29 2.0 6 3 0 0 13 23 2 0.0786346260472 1 3 
11 29 2.0 1 4 2 0 5 6 1 0.171967649752 0 3 
11 29 2.0 9 1 0 0 3 13 2 0.185106536004 1 1 
11 29 2.0 3 1 0 0 1 2 1 0.164331663241 0 1 
11 29 2.0 8 1 0 0 3 13 2 0.1850541581 1 1 
11 29 2.0 2 5 0 0 4 4 1 0.165356533323 0 2 
11 29 2.0 11 6 1 0 17 24 2 0.0195352274205 2 3 
11 30 0.0 10 2 1 0 9 14 2 0.0541958989067 2 1 
11 30 0.0 5 4 2 0 6 5 2 0.0905671714384 1 2 
11 30 0.0 13 4 0 0 16 9 3 2.79080886046e-50 3 0 
11 30 0.0 4 1 0 0 1 2 1 0.191565042551 0 1 
11 30 0.0 12 3 0 0 12 4 3 2.05628194273e-61 2 0 
11 30 0.0 7 2 0 0 8 19 2 0.0808717439465 1 2 
11 30 0.0 14 8 0 0 22 36 3 1.60138661681e-34 6 0 
11 30 0.0 6 3 0 0 13 23 2 0.0806255727359 1 3 
11 30 0.0 1 4 2 0 5 6 1 0.26295226973 0 3 
11 30 0.0 9 1 0 0 3 13 2 0.149712334754 1 1 
11 30 0.0 3 1 0 0 1 2 1 0.19191355999 0 1 
11 30 0.0 8 1 0 0 3 13 2 0.149711418324 1 1 
11 30 0.0 2 5 0 0 4 4 1 0.160964322461 0 2 
11 30 0.0 11 6 1 0 17 24 2 0.0373716318796 2 3 
11 30 2.0 10 2 1 0 9 14 2 0.0557027652712 2 1 
11 30 2.0 5 4 2 0 6 5 2 0.126184991267 1 2 
11 30 2.0 13 4 0 0 16 9 3 1.78607446506e-17 3 0 
11 30 2.0 4 1 0 0 1 2 1 0.151127871119 0 1 
11 30 2.0 12 3 0 0 12 4 3 5.64564064734e-30 2 0 
11 30 2.0 7 2 0 0 8 19 2 0.0903937426834 1 2 
11 30 2.0 14 8 0 0 22 36 3 0.171701397251 6 0 
11 30 2.0 6 3 0 0 13 23 2 0.0903778265499 1 3 
11 30 2.0 1 4 2 0 5 6 1 0.17566607761 0 3 
11 30 2.0 9 1 0 0 3 13 2 0.180341828403 1 1 
11 30 2.0 3 1 0 0 1 2 1 0.15118765833 0 1 
11 30 2.0 8 1 0 0 3 13 2 0.180425978857 1 1 
11 30 2.0 2 5 0 0 4 4 1 0.132945365768 0 2 
11 30 2.0 11 6 1 0 17 24 2 0.0262498181427 2 3 
11 31 0.0 10 2 1 0 9 14 2 0.060755531106 2 1 
11 31 0.0 5 4 2 0 6 5 2 0.0792666258934 1 2 
11 31 0.0 13 4 0 0 16 9 3 4.12066387953e-49 3 0 
11 31 0.0 4 1 0 0 1 2 1 0.191961050965 0 1 
11 31 0.0 12 3 0 0 12 4 3 3.22328307541e-59 2 0 
11 31 0.0 7 2 0 0 8 19 2 0.0669706996231 1 2 
11 31 0.0 14 8 0 0 22 36 3 4.39639973475e-33 6 0 
11 31 0.0 6 3 0 0 13 23 2 0.0668547471142 1 3 
11 31 0.0 1 4 2 0 5 6 1 0.276398525068 0 3 
11 31 0.0 9 1 0 0 3 13 2 0.149570561183 1 1 
11 31 0.0 3 1 0 0 1 2 1 0.191959495478 0 1 
11 31 0.0 8 1 0 0 3 13 2 0.149558992994 1 1 
11 31 0.0 2 5 0 0 4 4 1 0.2064449593 0 2 
11 31 0.0 11 6 1 0 17 24 2 0.0479226552735 2 3 
11 31 2.0 10 2 1 0 9 14 2 0.0584219271948 2 1 
11 31 2.0 5 4 2 0 6 5 2 0.127104957556 1 2 
11 31 2.0 13 4 0 0 16 9 3 1.48630612665e-17 3 0 
11 31 2.0 4 1 0 0 1 2 1 0.150104803566 0 1 
11 31 2.0 12 3 0 0 12 4 3 1.47018810551e-32 2 0 
11 31 2.0 7 2 0 0 8 19 2 0.0927201033418 1 2 
11 31 2.0 14 8 0 0 22 36 3 0.167942561289 6 0 
11 31 2.0 6 3 0 0 13 23 2 0.0926822288379 1 3 
11 31 2.0 1 4 2 0 5 6 1 0.173929747954 0 3 
11 31 2.0 9 1 0 0 3 13 2 0.181436225661 1 1 
11 31 2.0 3 1 0 0 1 2 1 0.15004734202 0 1 
11 31 2.0 8 1 0 0 3 13 2 0.181560319967 1 1 
11 31 2.0 2 5 0 0 4 4 1 0.133707787878 0 2 
11 31 2.0 11 6 1 0 17 24 2 0.022367600418 2 3 
11 32 0.0 10 2 1 0 9 14 2 0.0437240904624 2 1 
11 32 0.0 5 4 2 0 6 5 2 0.113764328655 1 2 
11 32 0.0 13 4 0 0 16 9 3 1.51008302431e-51 3 0 
11 32 0.0 4 1 0 0 1 2 1 0.191928275775 0 1 
11 32 0.0 12 3 0 0 12 4 3 2.66323227408e-62 2 0 
11 32 0.0 7 2 0 0 8 19 2 0.0834667870778 1 2 
11 32 0.0 14 8 0 0 22 36 3 2.78952719277e-36 6 0 
11 32 0.0 6 3 0 0 13 23 2 0.0832797922045 1 3 
11 32 0.0 1 4 2 0 5 6 1 0.235513390226 0 3 
11 32 0.0 9 1 0 0 3 13 2 0.149720903344 1 1 
11 32 0.0 3 1 0 0 1 2 1 0.191895469575 0 1 
11 32 0.0 8 1 0 0 3 13 2 0.149502658531 1 1 
11 32 0.0 2 5 0 0 4 4 1 0.205573577076 0 2 
11 32 0.0 11 6 1 0 17 24 2 0.0126526035754 2 3 
11 32 2.0 10 2 1 0 9 14 2 0.048767602336 2 1 
11 32 2.0 5 4 2 0 6 5 2 0.128179720935 1 2 
11 32 2.0 13 4 0 0 16 9 3 7.15338459761e-17 3 0 
11 32 2.0 4 1 0 0 1 2 1 0.159566504439 0 1 
11 32 2.0 12 3 0 0 12 4 3 3.34645661464e-28 2 0 
11 32 2.0 7 2 0 0 8 19 2 0.0915403650659 1 2 
11 32 2.0 14 8 0 0 22 36 3 0.170234984548 6 0 
11 32 2.0 6 3 0 0 13 23 2 0.0915234382049 1 3 
11 32 2.0 1 4 2 0 5 6 1 0.171154085651 0 3 
11 32 2.0 9 1 0 0 3 13 2 0.191213534945 1 1 
11 32 2.0 3 1 0 0 1 2 1 0.159606075689 0 1 
11 32 2.0 8 1 0 0 3 13 2 0.191208629605 1 1 
11 32 2.0 2 5 0 0 4 4 1 0.16384776833 0 2 
11 32 2.0 11 6 1 0 17 24 2 0.0371152238645 2 3 
11 33 0.0 10 2 1 0 9 14 2 0.0704433360334 2 1 
11 33 0.0 5 4 2 0 6 5 2 0.0607555667561 1 2 
11 33 0.0 13 4 0 0 16 9 3 2.23476840678e-48 3 0 
11 33 0.0 4 1 0 0 1 2 1 0.191759886522 0 1 
11 33 0.0 12 3 0 0 12 4 3 5.40458258521e-56 2 0 
11 33 0.0 7 2 0 0 8 19 2 0.0566986028734 1 2 
11 33 0.0 14 8 0 0 22 36 3 2.76757508416e-32 6 0 
11 33 0.0 6 3 0 0 13 23 2 0.0566274066 1 3 
11 33 0.0 1 4 2 0 5 6 1 0.298419463492 0 3 
11 33 0.0 9 1 0 0 3 13 2 0.149822503977 1 1 
11 33 0.0 3 1 0 0 1 2 1 0.19158804632 0 1 
11 33 0.0 8 1 0 0 3 13 2 0.149560565799 1 1 
11 33 0.0 2 5 0 0 4 4 1 0.167311551153 0 2 
11 33 0.0 11 6 1 0 17 24 2 0.0660389561405 2 3 
11 33 2.0 10 2 1 0 9 14 2 0.0675478633385 2 1 
11 33 2.0 5 4 2 0 6 5 2 0.13512270714 1 2 
11 33 2.0 13 4 0 0 16 9 3 4.20545257313e-18 3 0 
11 33 2.0 4 1 0 0 1 2 1 0.149384436464 0 1 
11 33 2.0 12 3 0 0 12 4 3 4.01505028361e-32 2 0 
11 33 2.0 7 2 0 0 8 19 2 0.0926430294637 1 2 
11 33 2.0 14 8 0 0 22 36 3 0.150134793672 6 0 
11 33 2.0 6 3 0 0 13 23 2 0.0926204280143 1 3 
11 33 2.0 1 4 2 0 5 6 1 0.166584777174 0 3 
11 33 2.0 9 1 0 0 3 13 2 0.183406885577 1 1 
11 33 2.0 3 1 0 0 1 2 1 0.149331040299 0 1 
11 33 2.0 8 1 0 0 3 13 2 0.183263579607 1 1 
11 33 2.0 2 5 0 0 4 4 1 0.136165603686 0 2 
11 33 2.0 11 6 1 0 17 24 2 0.00368022163493 2 3 
11 34 0.0 10 2 1 0 9 14 2 0.0487717712124 2 1 
11 34 0.0 5 4 2 0 6 5 2 0.111264824262 1 2 
11 34 0.0 13 4 0 0 16 9 3 5.38634856179e-51 3 0 
11 34 0.0 4 1 0 0 1 2 1 0.191830101615 0 1 
11 34 0.0 12 3 0 0 12 4 3 4.39653775185e-62 2 0 
11 34 0.0 7 2 0 0 8 19 2 0.0705749648445 1 2 
11 34 0.0 14 8 0 0 22 36 3 9.77461279766e-35 6 0 
11 34 0.0 6 3 0 0 13 23 2 0.0704371674981 1 3 
11 34 0.0 1 4 2 0 5 6 1 0.238780370615 0 3 
11 34 0.0 9 1 0 0 3 13 2 0.149727776902 1 1 
11 34 0.0 3 1 0 0 1 2 1 0.191877534603 0 1 
11 34 0.0 8 1 0 0 3 13 2 0.14936000405 1 1 
11 34 0.0 2 5 0 0 4 4 1 0.142132075481 0 2 
11 34 0.0 11 6 1 0 17 24 2 0.0117314189798 2 3 
11 34 2.0 10 2 1 0 9 14 2 0.0674772970329 2 1 
11 34 2.0 5 4 2 0 6 5 2 0.135104738262 1 2 
11 34 2.0 13 4 0 0 16 9 3 3.01815206037e-18 3 0 
11 34 2.0 4 1 0 0 1 2 1 0.150775114629 0 1 
11 34 2.0 12 3 0 0 12 4 3 3.09615482678e-31 2 0 
11 34 2.0 7 2 0 0 8 19 2 0.0929439400221 1 2 
11 34 2.0 14 8 0 0 22 36 3 0.149178410603 6 0 
11 34 2.0 6 3 0 0 13 23 2 0.0929264129287 1 3 
11 34 2.0 1 4 2 0 5 6 1 0.166164270037 0 3 
11 34 2.0 9 1 0 0 3 13 2 0.185418090389 1 1 
11 34 2.0 3 1 0 0 1 2 1 0.15081267488 0 1 
11 34 2.0 8 1 0 0 3 13 2 0.185334920501 1 1 
11 34 2.0 2 5 0 0 4 4 1 0.142330512777 0 2 
11 34 2.0 11 6 1 0 17 24 2 0.0046554415044 2 3 
11 35 0.0 10 2 1 0 9 14 2 0.0951375639587 2 1 
11 35 0.0 5 4 2 0 6 5 2 0.0244646268701 1 2 
11 35 0.0 13 4 0 0 16 9 3 8.04287398313e-43 3 0 
11 35 0.0 4 1 0 0 1 2 1 0.191738023223 0 1 
11 35 0.0 12 3 0 0 12 4 3 4.24190833202e-49 2 0 
11 35 0.0 7 2 0 0 8 19 2 0.0676987126436 1 2 
11 35 0.0 14 8 0 0 22 36 3 3.14121279262e-28 6 0 
11 35 0.0 6 3 0 0 13 23 2 0.0675937043658 1 3 
11 35 0.0 1 4 2 0 5 6 1 0.34163906495 0 3 
11 35 0.0 9 1 0 0 3 13 2 0.149433837863 1 1 
11 35 0.0 3 1 0 0 1 2 1 0.19187723249 0 1 
11 35 0.0 8 1 0 0 3 13 2 0.14967093686 1 1 
11 35 0.0 2 5 0 0 4 4 1 0.13996793816 0 2 
11 35 0.0 11 6 1 0 17 24 2 0.0949777539904 2 3 
11 35 2.0 10 2 1 0 9 14 2 0.0458599183649 2 1 
11 35 2.0 5 4 2 0 6 5 2 0.126722082492 1 2 
11 35 2.0 13 4 0 0 16 9 3 7.67092797834e-16 3 0 
11 35 2.0 4 1 0 0 1 2 1 0.155808102285 0 1 
11 35 2.0 12 3 0 0 12 4 3 2.77086767737e-27 2 0 
11 35 2.0 7 2 0 0 8 19 2 0.0943144969752 1 2 
11 35 2.0 14 8 0 0 22 36 3 0.174108633595 6 0 
11 35 2.0 6 3 0 0 13 23 2 0.0943004607492 1 3 
11 35 2.0 1 4 2 0 5 6 1 0.172082927957 0 3 
11 35 2.0 9 1 0 0 3 13 2 0.188634967525 1 1 
11 35 2.0 3 1 0 0 1 2 1 0.15585058516 0 1 
11 35 2.0 8 1 0 0 3 13 2 0.188483936221 1 1 
11 35 2.0 2 5 0 0 4 4 1 0.153725652871 0 2 
11 35 2.0 11 6 1 0 17 24 2 0.0389236638217 2 3 
11 36 0.0 10 2 1 0 9 14 2 0.0922718556003 2 1 
11 36 0.0 5 4 2 0 6 5 2 0.0284488415965 1 2 
11 36 0.0 13 4 0 0 16 9 3 1.92974329104e-43 3 0 
11 36 0.0 4 1 0 0 1 2 1 0.19168670744 0 1 
11 36 0.0 12 3 0 0 12 4 3 1.36444911762e-48 2 0 
11 36 0.0 7 2 0 0 8 19 2 0.0554927855097 1 2 
11 36 0.0 14 8 0 0 22 36 3 7.21658520605e-29 6 0 
11 36 0.0 6 3 0 0 13 23 2 0.0554566266847 1 3 
11 36 0.0 1 4 2 0 5 6 1 0.336890888244 0 3 
11 36 0.0 9 1 0 0 3 13 2 0.149801483863 1 1 
11 36 0.0 3 1 0 0 1 2 1 0.191697008007 0 1 
11 36 0.0 8 1 0 0 3 13 2 0.149828772343 1 1 
11 36 0.0 2 5 0 0 4 4 1 0.195478407298 0 2 
11 36 0.0 11 6 1 0 17 24 2 0.0920260438077 2 3 
11 36 2.0 10 2 1 0 9 14 2 0.0475042120975 2 1 
11 36 2.0 5 4 2 0 6 5 2 0.133116795036 1 2 
11 36 2.0 13 4 0 0 16 9 3 1.26223870218e-16 3 0 
11 36 2.0 4 1 0 0 1 2 1 0.16555645276 0 1 
11 36 2.0 12 3 0 0 12 4 3 5.1788716597e-29 2 0 
11 36 2.0 7 2 0 0 8 19 2 0.0793836466456 1 2 
11 36 2.0 14 8 0 0 22 36 3 0.166551766036 6 0 
11 36 2.0 6 3 0 0 13 23 2 0.0793621551453 1 3 
11 36 2.0 1 4 2 0 5 6 1 0.175312667634 0 3 
11 36 2.0 9 1 0 0 3 13 2 0.184195238019 1 1 
11 36 2.0 3 1 0 0 1 2 1 0.165562961818 0 1 
11 36 2.0 8 1 0 0 3 13 2 0.184289700146 1 1 
11 36 2.0 2 5 0 0 4 4 1 0.161705088327 0 2 
11 36 2.0 11 6 1 0 17 24 2 0.0381864249715 2 3 
11 37 0.0 10 2 1 0 9 14 2 0.0578040618038 2 1 
11 37 0.0 5 4 2 0 6 5 2 0.0855584059431 1 2 
11 37 0.0 13 4 0 0 16 9 3 9.03700718196e-50 3 0 
11 37 0.0 4 1 0 0 1 2 1 0.191601640389 0 1 
11 37 0.0 12 3 0 0 12 4 3 2.72399646695e-59 2 0 
11 37 0.0 7 2 0 0 8 19 2 0.0728931181445 1 2 
11 37 0.0 14 8 0 0 22 36 3 1.86438443743e-33 6 0 
11 37 0.0 6 3 0 0 13 23 2 0.0727918670896 1 3 
11 37 0.0 1 4 2 0 5 6 1 0.268941614853 0 3 
11 37 0.0 9 1 0 0 3 13 2 0.149830173102 1 1 
11 37 0.0 3 1 0 0 1 2 1 0.191520123675 0 1 
11 37 0.0 8 1 0 0 3 13 2 0.149768743564 1 1 
11 37 0.0 2 5 0 0 4 4 1 0.137786444564 0 2 
11 37 0.0 11 6 1 0 17 24 2 0.0413932399782 2 3 
11 37 2.0 10 2 1 0 9 14 2 0.0602828810921 2 1 
11 37 2.0 5 4 2 0 6 5 2 0.132058727033 1 2 
11 37 2.0 13 4 0 0 16 9 3 3.84320436127e-18 3 0 
11 37 2.0 4 1 0 0 1 2 1 0.158323613003 0 1 
11 37 2.0 12 3 0 0 12 4 3 7.85594800895e-31 2 0 
11 37 2.0 7 2 0 0 8 19 2 0.0870974155845 1 2 
11 37 2.0 14 8 0 0 22 36 3 0.158012591768 6 0 
11 37 2.0 6 3 0 0 13 23 2 0.0870813390388 1 3 
11 37 2.0 1 4 2 0 5 6 1 0.172069372365 0 3 
11 37 2.0 9 1 0 0 3 13 2 0.186289136274 1 1 
11 37 2.0 3 1 0 0 1 2 1 0.158335560015 0 1 
11 37 2.0 8 1 0 0 3 13 2 0.186242419186 1 1 
11 37 2.0 2 5 0 0 4 4 1 0.158098303628 0 2 
11 37 2.0 11 6 1 0 17 24 2 0.0218233518206 2 3 
11 38 0.0 10 2 1 0 9 14 2 0.0588105611324 2 1 
11 38 0.0 5 4 2 0 6 5 2 0.0832324576121 1 2 
11 38 0.0 13 4 0 0 16 9 3 6.32921128851e-50 3 0 
11 38 0.0 4 1 0 0 1 2 1 0.191832158412 0 1 
11 38 0.0 12 3 0 0 12 4 3 7.02499492118e-57 2 0 
11 38 0.0 7 2 0 0 8 19 2 0.0704018287025 1 2 
11 38 0.0 14 8 0 0 22 36 3 1.1336963012e-33 6 0 
11 38 0.0 6 3 0 0 13 23 2 0.0703668667108 1 3 
11 38 0.0 1 4 2 0 5 6 1 0.271686618439 0 3 
11 38 0.0 9 1 0 0 3 13 2 0.149764468068 1 1 
11 38 0.0 3 1 0 0 1 2 1 0.191643538866 0 1 
11 38 0.0 8 1 0 0 3 13 2 0.149370746436 1 1 
11 38 0.0 2 5 0 0 4 4 1 0.12993388956 0 2 
11 38 0.0 11 6 1 0 17 24 2 0.0438840114922 2 3 
11 38 2.0 10 2 1 0 9 14 2 0.0454098834147 2 1 
11 38 2.0 5 4 2 0 6 5 2 0.131635366133 1 2 
11 38 2.0 13 4 0 0 16 9 3 1.88043314934e-16 3 0 
11 38 2.0 4 1 0 0 1 2 1 0.161296155748 0 1 
11 38 2.0 12 3 0 0 12 4 3 1.14045383687e-26 2 0 
11 38 2.0 7 2 0 0 8 19 2 0.0746430870274 1 2 
11 38 2.0 14 8 0 0 22 36 3 0.172509237707 6 0 
11 38 2.0 6 3 0 0 13 23 2 0.0746345066073 1 3 
11 38 2.0 1 4 2 0 5 6 1 0.181900084223 0 3 
11 38 2.0 9 1 0 0 3 13 2 0.173143707006 1 1 
11 38 2.0 3 1 0 0 1 2 1 0.161304370053 0 1 
11 38 2.0 8 1 0 0 3 13 2 0.173136947861 1 1 
11 38 2.0 2 5 0 0 4 4 1 0.136642101379 0 2 
11 38 2.0 11 6 1 0 17 24 2 0.0374800573928 2 3 
11 39 0.0 10 2 1 0 9 14 2 0.0876881190353 2 1 
11 39 0.0 5 4 2 0 6 5 2 0.0349584191425 1 2 
11 39 0.0 13 4 0 0 16 9 3 5.6782123102e-45 3 0 
11 39 0.0 4 1 0 0 1 2 1 0.19197141714 0 1 
11 39 0.0 12 3 0 0 12 4 3 1.4116624923e-51 2 0 
11 39 0.0 7 2 0 0 8 19 2 0.0579813698186 1 2 
11 39 0.0 14 8 0 0 22 36 3 1.81154010371e-29 6 0 
11 39 0.0 6 3 0 0 13 23 2 0.0579076552991 1 3 
11 39 0.0 1 4 2 0 5 6 1 0.329137291734 0 3 
11 39 0.0 9 1 0 0 3 13 2 0.149809896565 1 1 
11 39 0.0 3 1 0 0 1 2 1 0.191546305994 0 1 
11 39 0.0 8 1 0 0 3 13 2 0.149523974883 1 1 
11 39 0.0 2 5 0 0 4 4 1 0.186004803575 0 2 
11 39 0.0 11 6 1 0 17 24 2 0.0870648812599 2 3 
11 39 2.0 10 2 1 0 9 14 2 0.0676342040369 2 1 
11 39 2.0 5 4 2 0 6 5 2 0.137400434559 1 2 
11 39 2.0 13 4 0 0 16 9 3 2.89889827279e-18 3 0 
11 39 2.0 4 1 0 0 1 2 1 0.156699620062 0 1 
11 39 2.0 12 3 0 0 12 4 3 1.70146255843e-32 2 0 
11 39 2.0 7 2 0 0 8 19 2 0.0887267200739 1 2 
11 39 2.0 14 8 0 0 22 36 3 0.144669543537 6 0 
11 39 2.0 6 3 0 0 13 23 2 0.0887022204715 1 3 
11 39 2.0 1 4 2 0 5 6 1 0.166264568483 0 3 
11 39 2.0 9 1 0 0 3 13 2 0.18864972675 1 1 
11 39 2.0 3 1 0 0 1 2 1 0.156862352233 0 1 
11 39 2.0 8 1 0 0 3 13 2 0.188591159697 1 1 
11 39 2.0 2 5 0 0 4 4 1 0.1614157302 0 2 
11 39 2.0 11 6 1 0 17 24 2 0.00685478368222 2 3 
11 40 0.0 10 2 1 0 9 14 2 0.0446046836055 2 1 
11 40 0.0 5 4 2 0 6 5 2 0.117589537771 1 2 
11 40 0.0 13 4 0 0 16 9 3 7.78679482451e-51 3 0 
11 40 0.0 4 1 0 0 1 2 1 0.191956581029 0 1 
11 40 0.0 12 3 0 0 12 4 3 1.62325798159e-62 2 0 
11 40 0.0 7 2 0 0 8 19 2 0.0588162412802 1 2 
11 40 0.0 14 8 0 0 22 36 3 1.79183651618e-35 6 0 
11 40 0.0 6 3 0 0 13 23 2 0.0586975150509 1 3 
11 40 0.0 1 4 2 0 5 6 1 0.231222151904 0 3 
11 40 0.0 9 1 0 0 3 13 2 0.149528328278 1 1 
11 40 0.0 3 1 0 0 1 2 1 0.191955228734 0 1 
11 40 0.0 8 1 0 0 3 13 2 0.149622923811 1 1 
11 40 0.0 2 5 0 0 4 4 1 0.173700587939 0 2 
11 40 0.0 11 6 1 0 17 24 2 0.00620163462971 2 3 
11 40 2.0 10 2 1 0 9 14 2 0.0547178965675 2 1 
11 40 2.0 5 4 2 0 6 5 2 0.12873453099 1 2 
11 40 2.0 13 4 0 0 16 9 3 1.95487527666e-17 3 0 
11 40 2.0 4 1 0 0 1 2 1 0.160547067534 0 1 
11 40 2.0 12 3 0 0 12 4 3 4.91753391339e-28 2 0 
11 40 2.0 7 2 0 0 8 19 2 0.0903688769681 1 2 
11 40 2.0 14 8 0 0 22 36 3 0.164924273174 6 0 
11 40 2.0 6 3 0 0 13 23 2 0.0903599258511 1 3 
11 40 2.0 1 4 2 0 5 6 1 0.17082579803 0 3 
11 40 2.0 9 1 0 0 3 13 2 0.192344336175 1 1 
11 40 2.0 3 1 0 0 1 2 1 0.160510980462 0 1 
11 40 2.0 8 1 0 0 3 13 2 0.192373510439 1 1 
11 40 2.0 2 5 0 0 4 4 1 0.167207323192 0 2 
11 40 2.0 11 6 1 0 17 24 2 0.0312591113036 2 3 
