166 1 0.0 1 7 11 0 42 38 1 0.160228562687 0 8 
166 1 0.0 11 2 0 0 12 21 2 0.0733979371708 1 2 
166 1 0.0 5 7 3 0 45 48 2 0.000621614092234 2 5 
166 1 0.0 10 3 1 0 24 24 2 0.166099032034 2 2 
166 1 0.0 8 17 3 0 59 60 2 0.119668655068 4 5 
166 1 0.0 2 10 0 0 9 20 1 0.230279769188 0 3 
166 1 0.0 13 5 3 0 34 10 2 5.58669847264e-25 4 0 
166 1 0.0 12 9 4 0 40 17 2 2.60311044262e-33 5 0 
166 1 0.0 9 2 0 0 14 27 2 0.0730554836455 1 2 
166 1 0.0 3 18 0 0 25 28 1 0.18005673047 0 5 
166 1 0.0 4 13 0 0 16 24 1 0.180116389868 0 4 
166 1 0.0 15 17 0 0 44 49 3 1.88288774528e-34 7 0 
166 1 0.0 14 7 0 0 24 9 3 2.23640446992e-46 3 0 
166 1 0.0 7 10 2 0 45 48 2 0.119669678249 4 3 
166 1 0.0 6 7 2 0 39 41 2 0.0341375047784 3 3 
166 1 0.0 16 10 4 0 44 28 2 3.04831996586e-34 6 0 
166 1 2.0 1 7 11 0 42 38 1 0.120982820889 0 8 
166 1 2.0 11 2 0 0 12 21 2 0.0854670470277 1 2 
166 1 2.0 5 7 3 0 45 48 2 5.84590533642e-05 2 5 
166 1 2.0 10 3 1 0 24 24 2 0.197960267678 2 2 
166 1 2.0 8 17 3 0 59 60 2 0.14156160592 4 5 
166 1 2.0 2 10 0 0 9 20 1 0.188877240291 0 3 
166 1 2.0 13 5 3 0 34 10 2 4.64188430965e-08 4 0 
166 1 2.0 12 9 4 0 40 17 2 5.62395094262e-20 5 0 
166 1 2.0 9 2 0 0 14 27 2 0.0854366470753 1 2 
166 1 2.0 3 18 0 0 25 28 1 0.140336147051 0 5 
166 1 2.0 4 13 0 0 16 24 1 0.140342970436 0 4 
166 1 2.0 15 17 0 0 44 49 3 0.144845836603 7 0 
166 1 2.0 14 7 0 0 24 9 3 3.24372673387e-13 3 0 
166 1 2.0 7 10 2 0 45 48 2 0.141562694833 4 3 
166 1 2.0 6 7 2 0 39 41 2 0.0366432189941 3 3 
166 1 2.0 16 10 4 0 44 28 2 1.51671050017e-19 6 0 
166 2 0.0 1 7 11 0 42 38 1 0.160189858976 0 8 
166 2 0.0 11 2 0 0 12 21 2 0.0737486557719 1 2 
166 2 0.0 5 7 3 0 45 48 2 0.000833363168174 2 5 
166 2 0.0 10 3 1 0 24 24 2 0.166589341942 2 2 
166 2 0.0 8 17 3 0 59 60 2 0.120071664059 4 5 
166 2 0.0 2 10 0 0 9 20 1 0.23044648301 0 3 
166 2 0.0 13 5 3 0 34 10 2 1.26679869166e-25 4 0 
166 2 0.0 12 9 4 0 40 17 2 9.2041419911e-35 5 0 
166 2 0.0 9 2 0 0 14 27 2 0.0732881053785 1 2 
166 2 0.0 3 18 0 0 25 28 1 0.180207416217 0 5 
166 2 0.0 4 13 0 0 16 24 1 0.180297921519 0 4 
166 2 0.0 15 17 0 0 44 49 3 2.15191695924e-34 7 0 
166 2 0.0 14 7 0 0 24 9 3 1.08599624977e-47 3 0 
166 2 0.0 7 10 2 0 45 48 2 0.120074965988 4 3 
166 2 0.0 6 7 2 0 39 41 2 0.0340665023886 3 3 
166 2 0.0 16 10 4 0 44 28 2 4.30017365797e-35 6 0 
166 2 2.0 1 7 11 0 42 38 1 0.119032744384 0 8 
166 2 2.0 11 2 0 0 12 21 2 0.0873708213323 1 2 
166 2 2.0 5 7 3 0 45 48 2 4.78162698633e-05 2 5 
166 2 2.0 10 3 1 0 24 24 2 0.201098134366 2 2 
166 2 2.0 8 17 3 0 59 60 2 0.144244518694 4 5 
166 2 2.0 2 10 0 0 9 20 1 0.185825006427 0 3 
166 2 2.0 13 5 3 0 34 10 2 1.03231315334e-08 4 0 
166 2 2.0 12 9 4 0 40 17 2 1.33665304653e-18 5 0 
166 2 2.0 9 2 0 0 14 27 2 0.0873619845777 1 2 
166 2 2.0 3 18 0 0 25 28 1 0.13800885277 0 5 
166 2 2.0 4 13 0 0 16 24 1 0.137994038692 0 4 
166 2 2.0 15 17 0 0 44 49 3 0.146867693962 7 0 
166 2 2.0 14 7 0 0 24 9 3 2.38831541004e-12 3 0 
166 2 2.0 7 10 2 0 45 48 2 0.144244931176 4 3 
166 2 2.0 6 7 2 0 39 41 2 0.0374723635598 3 3 
166 2 2.0 16 10 4 0 44 28 2 2.74008130322e-19 6 0 
166 3 0.0 1 7 11 0 42 38 1 0.159348585883 0 8 
166 3 0.0 11 2 0 0 12 21 2 0.0748156809859 1 2 
166 3 0.0 5 7 3 0 45 48 2 0.00302948219123 2 5 
166 3 0.0 10 3 1 0 24 24 2 0.166741428244 2 2 
166 3 0.0 8 17 3 0 59 60 2 0.120389955362 4 5 
166 3 0.0 2 10 0 0 9 20 1 0.232165529454 0 3 
166 3 0.0 13 5 3 0 34 10 2 6.39359472036e-25 4 0 
166 3 0.0 12 9 4 0 40 17 2 1.56697090574e-34 5 0 
166 3 0.0 9 2 0 0 14 27 2 0.0731356888641 1 2 
166 3 0.0 3 18 0 0 25 28 1 0.180786374912 0 5 
166 3 0.0 4 13 0 0 16 24 1 0.181081837475 0 4 
166 3 0.0 15 17 0 0 44 49 3 1.12710653991e-34 7 0 
166 3 0.0 14 7 0 0 24 9 3 1.01480076786e-45 3 0 
166 3 0.0 7 10 2 0 45 48 2 0.120391012612 4 3 
166 3 0.0 6 7 2 0 39 41 2 0.0320066143453 3 3 
166 3 0.0 16 10 4 0 44 28 2 4.49783913068e-35 6 0 
166 3 2.0 1 7 11 0 42 38 1 0.120890631189 0 8 
166 3 2.0 11 2 0 0 12 21 2 0.0861450525764 1 2 
166 3 2.0 5 7 3 0 45 48 2 0.000148012310246 2 5 
166 3 2.0 10 3 1 0 24 24 2 0.199166647733 2 2 
166 3 2.0 8 17 3 0 59 60 2 0.142522981394 4 5 
166 3 2.0 2 10 0 0 9 20 1 0.188747927479 0 3 
166 3 2.0 13 5 3 0 34 10 2 1.57671804035e-07 4 0 
166 3 2.0 12 9 4 0 40 17 2 5.39673207128e-21 5 0 
166 3 2.0 9 2 0 0 14 27 2 0.0860565817659 1 2 
166 3 2.0 3 18 0 0 25 28 1 0.14034363119 0 5 
166 3 2.0 4 13 0 0 16 24 1 0.140354473907 0 4 
166 3 2.0 15 17 0 0 44 49 3 0.144992613494 7 0 
166 3 2.0 14 7 0 0 24 9 3 5.64525465826e-12 3 0 
166 3 2.0 7 10 2 0 45 48 2 0.142524472735 4 3 
166 3 2.0 6 7 2 0 39 41 2 0.0368228943309 3 3 
166 3 2.0 16 10 4 0 44 28 2 8.1397637276e-20 6 0 
166 4 0.0 1 7 11 0 42 38 1 0.157470358542 0 8 
166 4 0.0 11 2 0 0 12 21 2 0.0737174522171 1 2 
166 4 0.0 5 7 3 0 45 48 2 0.0014174134592 2 5 
166 4 0.0 10 3 1 0 24 24 2 0.165639608567 2 2 
166 4 0.0 8 17 3 0 59 60 2 0.119534562132 4 5 
166 4 0.0 2 10 0 0 9 20 1 0.227900752836 0 3 
166 4 0.0 13 5 3 0 34 10 2 5.20836066591e-25 4 0 
166 4 0.0 12 9 4 0 40 17 2 1.1624007547e-33 5 0 
166 4 0.0 9 2 0 0 14 27 2 0.0729339321156 1 2 
166 4 0.0 3 18 0 0 25 28 1 0.177220781057 0 5 
166 4 0.0 4 13 0 0 16 24 1 0.177376294629 0 4 
166 4 0.0 15 17 0 0 44 49 3 4.210425625e-34 7 0 
166 4 0.0 14 7 0 0 24 9 3 7.15041091414e-46 3 0 
166 4 0.0 7 10 2 0 45 48 2 0.119535245966 4 3 
166 4 0.0 6 7 2 0 39 41 2 0.0334114721921 3 3 
166 4 0.0 16 10 4 0 44 28 2 4.24458278208e-35 6 0 
166 4 2.0 1 7 11 0 42 38 1 0.120084393393 0 8 
166 4 2.0 11 2 0 0 12 21 2 0.0858164077584 1 2 
166 4 2.0 5 7 3 0 45 48 2 0.00154799919581 2 5 
166 4 2.0 10 3 1 0 24 24 2 0.19719726723 2 2 
166 4 2.0 8 17 3 0 59 60 2 0.141133794444 4 5 
166 4 2.0 2 10 0 0 9 20 1 0.189474437043 0 3 
166 4 2.0 13 5 3 0 34 10 2 2.21562391746e-07 4 0 
166 4 2.0 12 9 4 0 40 17 2 6.33097021254e-20 5 0 
166 4 2.0 9 2 0 0 14 27 2 0.0849181873672 1 2 
166 4 2.0 3 18 0 0 25 28 1 0.140132896244 0 5 
166 4 2.0 4 13 0 0 16 24 1 0.140273506419 0 4 
166 4 2.0 15 17 0 0 44 49 3 0.144592360809 7 0 
166 4 2.0 14 7 0 0 24 9 3 8.84040356342e-11 3 0 
166 4 2.0 7 10 2 0 45 48 2 0.141135273595 4 3 
166 4 2.0 6 7 2 0 39 41 2 0.0350031511416 3 3 
166 4 2.0 16 10 4 0 44 28 2 1.34092432929e-19 6 0 
166 5 0.0 1 7 11 0 42 38 1 0.158140256859 0 8 
166 5 0.0 11 2 0 0 12 21 2 0.0735459817397 1 2 
166 5 0.0 5 7 3 0 45 48 2 0.000471470842333 2 5 
166 5 0.0 10 3 1 0 24 24 2 0.166138620112 2 2 
166 5 0.0 8 17 3 0 59 60 2 0.119832826167 4 5 
166 5 0.0 2 10 0 0 9 20 1 0.227388393737 0 3 
166 5 0.0 13 5 3 0 34 10 2 4.30721640814e-24 4 0 
166 5 0.0 12 9 4 0 40 17 2 1.11952901389e-35 5 0 
166 5 0.0 9 2 0 0 14 27 2 0.0732870629141 1 2 
166 5 0.0 3 18 0 0 25 28 1 0.17735593006 0 5 
166 5 0.0 4 13 0 0 16 24 1 0.177412884528 0 4 
166 5 0.0 15 17 0 0 44 49 3 3.9550518482e-34 7 0 
166 5 0.0 14 7 0 0 24 9 3 1.47066373932e-46 3 0 
166 5 0.0 7 10 2 0 45 48 2 0.119834145184 4 3 
166 5 0.0 6 7 2 0 39 41 2 0.0343766312747 3 3 
166 5 0.0 16 10 4 0 44 28 2 4.55815564804e-36 6 0 
166 5 2.0 1 7 11 0 42 38 1 0.12148606472 0 8 
166 5 2.0 11 2 0 0 12 21 2 0.0867152200623 1 2 
166 5 2.0 5 7 3 0 45 48 2 0.000297173106436 2 5 
166 5 2.0 10 3 1 0 24 24 2 0.200320230944 2 2 
166 5 2.0 8 17 3 0 59 60 2 0.143369469385 4 5 
166 5 2.0 2 10 0 0 9 20 1 0.189663457748 0 3 
166 5 2.0 13 5 3 0 34 10 2 2.61185856205e-07 4 0 
166 5 2.0 12 9 4 0 40 17 2 1.08442616122e-20 5 0 
166 5 2.0 9 2 0 0 14 27 2 0.0865401019311 1 2 
166 5 2.0 3 18 0 0 25 28 1 0.141266898983 0 5 
166 5 2.0 4 13 0 0 16 24 1 0.141285623969 0 4 
166 5 2.0 15 17 0 0 44 49 3 0.144444584411 7 0 
166 5 2.0 14 7 0 0 24 9 3 1.91384896562e-11 3 0 
166 5 2.0 7 10 2 0 45 48 2 0.143371390919 4 3 
166 5 2.0 6 7 2 0 39 41 2 0.0368803311626 3 3 
166 5 2.0 16 10 4 0 44 28 2 1.14508535152e-19 6 0 
166 6 0.0 1 7 11 0 42 38 1 0.160944757719 0 8 
166 6 0.0 11 2 0 0 12 21 2 0.0737563022486 1 2 
166 6 0.0 5 7 3 0 45 48 2 0.00264541922247 2 5 
166 6 0.0 10 3 1 0 24 24 2 0.165333227642 2 2 
166 6 0.0 8 17 3 0 59 60 2 0.119133186766 4 5 
166 6 0.0 2 10 0 0 9 20 1 0.234025205356 0 3 
166 6 0.0 13 5 3 0 34 10 2 1.13859055044e-22 4 0 
166 6 0.0 12 9 4 0 40 17 2 1.99975966692e-35 5 0 
166 6 0.0 9 2 0 0 14 27 2 0.0722837144182 1 2 
166 6 0.0 3 18 0 0 25 28 1 0.182418181433 0 5 
166 6 0.0 4 13 0 0 16 24 1 0.182689558573 0 4 
166 6 0.0 15 17 0 0 44 49 3 6.62250411714e-35 7 0 
166 6 0.0 14 7 0 0 24 9 3 1.13370486861e-44 3 0 
166 6 0.0 7 10 2 0 45 48 2 0.119133109489 4 3 
166 6 0.0 6 7 2 0 39 41 2 0.03197640892 3 3 
166 6 0.0 16 10 4 0 44 28 2 8.04378924528e-36 6 0 
166 6 2.0 1 7 11 0 42 38 1 0.117365143342 0 8 
166 6 2.0 11 2 0 0 12 21 2 0.0863936315999 1 2 
166 6 2.0 5 7 3 0 45 48 2 1.6352168715e-05 2 5 
166 6 2.0 10 3 1 0 24 24 2 0.198746658123 2 2 
166 6 2.0 8 17 3 0 59 60 2 0.142577862675 4 5 
166 6 2.0 2 10 0 0 9 20 1 0.183638146764 0 3 
166 6 2.0 13 5 3 0 34 10 2 8.24105580066e-09 4 0 
166 6 2.0 12 9 4 0 40 17 2 9.71251545406e-20 5 0 
166 6 2.0 9 2 0 0 14 27 2 0.0863713089089 1 2 
166 6 2.0 3 18 0 0 25 28 1 0.135740725311 0 5 
166 6 2.0 4 13 0 0 16 24 1 0.135730032055 0 4 
166 6 2.0 15 17 0 0 44 49 3 0.148138473365 7 0 
166 6 2.0 14 7 0 0 24 9 3 6.83825272425e-13 3 0 
166 6 2.0 7 10 2 0 45 48 2 0.142578309242 4 3 
166 6 2.0 6 7 2 0 39 41 2 0.0371058215163 3 3 
166 6 2.0 16 10 4 0 44 28 2 4.55393195367e-19 6 0 
166 7 0.0 1 7 11 0 42 38 1 0.156187710554 0 8 
166 7 0.0 11 2 0 0 12 21 2 0.0747585829759 1 2 
166 7 0.0 5 7 3 0 45 48 2 0.00455669280911 2 5 
166 7 0.0 10 3 1 0 24 24 2 0.16485000982 2 2 
166 7 0.0 8 17 3 0 59 60 2 0.119205571729 4 5 
166 7 0.0 2 10 0 0 9 20 1 0.230069419795 0 3 
166 7 0.0 13 5 3 0 34 10 2 1.2549407076e-23 4 0 
166 7 0.0 12 9 4 0 40 17 2 2.13772533851e-34 5 0 
166 7 0.0 9 2 0 0 14 27 2 0.0722281205359 1 2 
166 7 0.0 3 18 0 0 25 28 1 0.177677620285 0 5 
166 7 0.0 4 13 0 0 16 24 1 0.178107295721 0 4 
166 7 0.0 15 17 0 0 44 49 3 6.86640731022e-34 7 0 
166 7 0.0 14 7 0 0 24 9 3 1.1785272059e-43 3 0 
166 7 0.0 7 10 2 0 45 48 2 0.119205946567 4 3 
166 7 0.0 6 7 2 0 39 41 2 0.0300346959941 3 3 
166 7 0.0 16 10 4 0 44 28 2 7.82049351027e-35 6 0 
166 7 2.0 1 7 11 0 42 38 1 0.120966701051 0 8 
166 7 2.0 11 2 0 0 12 21 2 0.0875257832475 1 2 
166 7 2.0 5 7 3 0 45 48 2 1.14980072661e-05 2 5 
166 7 2.0 10 3 1 0 24 24 2 0.201959970141 2 2 
166 7 2.0 8 17 3 0 59 60 2 0.144704019236 4 5 
166 7 2.0 2 10 0 0 9 20 1 0.188430197899 0 3 
166 7 2.0 13 5 3 0 34 10 2 9.92022567468e-09 4 0 
166 7 2.0 12 9 4 0 40 17 2 7.38157850838e-21 5 0 
166 7 2.0 9 2 0 0 14 27 2 0.0875215909581 1 2 
166 7 2.0 3 18 0 0 25 28 1 0.140496016755 0 5 
166 7 2.0 4 13 0 0 16 24 1 0.140485158508 0 4 
166 7 2.0 15 17 0 0 44 49 3 0.145230110251 7 0 
166 7 2.0 14 7 0 0 24 9 3 1.52955616897e-12 3 0 
166 7 2.0 7 10 2 0 45 48 2 0.144704845508 4 3 
166 7 2.0 6 7 2 0 39 41 2 0.0375585316407 3 3 
166 7 2.0 16 10 4 0 44 28 2 4.24881594254e-20 6 0 
166 8 0.0 1 7 11 0 42 38 1 0.158553277212 0 8 
166 8 0.0 11 2 0 0 12 21 2 0.0737447712881 1 2 
166 8 0.0 5 7 3 0 45 48 2 0.000732212104552 2 5 
166 8 0.0 10 3 1 0 24 24 2 0.166380940984 2 2 
166 8 0.0 8 17 3 0 59 60 2 0.120013274145 4 5 
166 8 0.0 2 10 0 0 9 20 1 0.228242287598 0 3 
166 8 0.0 13 5 3 0 34 10 2 9.01872123619e-24 4 0 
166 8 0.0 12 9 4 0 40 17 2 4.41651891744e-34 5 0 
166 8 0.0 9 2 0 0 14 27 2 0.0733371685087 1 2 
166 8 0.0 3 18 0 0 25 28 1 0.178088454718 0 5 
166 8 0.0 4 13 0 0 16 24 1 0.178172042922 0 4 
166 8 0.0 15 17 0 0 44 49 3 2.04317098121e-34 7 0 
166 8 0.0 14 7 0 0 24 9 3 2.02966882871e-45 3 0 
166 8 0.0 7 10 2 0 45 48 2 0.120014033275 4 3 
166 8 0.0 6 7 2 0 39 41 2 0.0341816613742 3 3 
166 8 0.0 16 10 4 0 44 28 2 6.06906982942e-35 6 0 
166 8 2.0 1 7 11 0 42 38 1 0.120057819984 0 8 
166 8 2.0 11 2 0 0 12 21 2 0.0882939637249 1 2 
166 8 2.0 5 7 3 0 45 48 2 6.31890493706e-05 2 5 
166 8 2.0 10 3 1 0 24 24 2 0.203138545382 2 2 
166 8 2.0 8 17 3 0 59 60 2 0.145735590012 4 5 
166 8 2.0 2 10 0 0 9 20 1 0.187105203841 0 3 
166 8 2.0 13 5 3 0 34 10 2 4.92776095399e-08 4 0 
166 8 2.0 12 9 4 0 40 17 2 1.87027924434e-20 5 0 
166 8 2.0 9 2 0 0 14 27 2 0.0882594787285 1 2 
166 8 2.0 3 18 0 0 25 28 1 0.139421855897 0 5 
166 8 2.0 4 13 0 0 16 24 1 0.139427878354 0 4 
166 8 2.0 15 17 0 0 44 49 3 0.146069519633 7 0 
166 8 2.0 14 7 0 0 24 9 3 4.98505262998e-12 3 0 
166 8 2.0 7 10 2 0 45 48 2 0.145736406715 4 3 
166 8 2.0 6 7 2 0 39 41 2 0.0378265989742 3 3 
166 8 2.0 16 10 4 0 44 28 2 1.02965573247e-19 6 0 
166 9 0.0 1 7 11 0 42 38 1 0.160051049786 0 8 
166 9 0.0 11 2 0 0 12 21 2 0.0745323903835 1 2 
166 9 0.0 5 7 3 0 45 48 2 0.00194990837273 2 5 
166 9 0.0 10 3 1 0 24 24 2 0.167178605875 2 2 
166 9 0.0 8 17 3 0 59 60 2 0.120618087392 4 5 
166 9 0.0 2 10 0 0 9 20 1 0.231660660146 0 3 
166 9 0.0 13 5 3 0 34 10 2 9.41319055299e-25 4 0 
166 9 0.0 12 9 4 0 40 17 2 2.09636115421e-34 5 0 
166 9 0.0 9 2 0 0 14 27 2 0.0734500615357 1 2 
166 9 0.0 3 18 0 0 25 28 1 0.180927070019 0 5 
166 9 0.0 4 13 0 0 16 24 1 0.181122304767 0 4 
166 9 0.0 15 17 0 0 44 49 3 2.18149879328e-34 7 0 
166 9 0.0 14 7 0 0 24 9 3 8.43575034506e-48 3 0 
166 9 0.0 7 10 2 0 45 48 2 0.120621503445 4 3 
166 9 0.0 6 7 2 0 39 41 2 0.0331636865216 3 3 
166 9 0.0 16 10 4 0 44 28 2 2.76395734928e-35 6 0 
166 9 2.0 1 7 11 0 42 38 1 0.119748993719 0 8 
166 9 2.0 11 2 0 0 12 21 2 0.0875960504971 1 2 
166 9 2.0 5 7 3 0 45 48 2 1.69822922505e-06 2 5 
166 9 2.0 10 3 1 0 24 24 2 0.201736956442 2 2 
166 9 2.0 8 17 3 0 59 60 2 0.144664967395 4 5 
166 9 2.0 2 10 0 0 9 20 1 0.186722310344 0 3 
166 9 2.0 13 5 3 0 34 10 2 4.49567843181e-08 4 0 
166 9 2.0 12 9 4 0 40 17 2 8.50928610233e-20 5 0 
166 9 2.0 9 2 0 0 14 27 2 0.0875792788413 1 2 
166 9 2.0 3 18 0 0 25 28 1 0.138909579095 0 5 
166 9 2.0 4 13 0 0 16 24 1 0.138921473144 0 4 
166 9 2.0 15 17 0 0 44 49 3 0.146308769812 7 0 
166 9 2.0 14 7 0 0 24 9 3 1.94457933402e-11 3 0 
166 9 2.0 7 10 2 0 45 48 2 0.144665552329 4 3 
166 9 2.0 6 7 2 0 39 41 2 0.0376063368002 3 3 
166 9 2.0 16 10 4 0 44 28 2 1.67610555631e-19 6 0 
166 10 0.0 1 7 11 0 42 38 1 0.161019143125 0 8 
166 10 0.0 11 2 0 0 12 21 2 0.0732227916239 1 2 
166 10 0.0 5 7 3 0 45 48 2 0.000211521345576 2 5 
166 10 0.0 10 3 1 0 24 24 2 0.166204986508 2 2 
166 10 0.0 8 17 3 0 59 60 2 0.119675427722 4 5 
166 10 0.0 2 10 0 0 9 20 1 0.230692326872 0 3 
166 10 0.0 13 5 3 0 34 10 2 3.77369610217e-25 4 0 
166 10 0.0 12 9 4 0 40 17 2 5.50116157352e-35 5 0 
166 10 0.0 9 2 0 0 14 27 2 0.0731059389026 1 2 
166 10 0.0 3 18 0 0 25 28 1 0.18071160646 0 5 
166 10 0.0 4 13 0 0 16 24 1 0.180728057195 0 4 
166 10 0.0 15 17 0 0 44 49 3 1.11301510191e-34 7 0 
166 10 0.0 14 7 0 0 24 9 3 3.77024318648e-47 3 0 
166 10 0.0 7 10 2 0 45 48 2 0.119678093022 4 3 
166 10 0.0 6 7 2 0 39 41 2 0.0344965102688 3 3 
166 10 0.0 16 10 4 0 44 28 2 1.81145711113e-35 6 0 
166 10 2.0 1 7 11 0 42 38 1 0.120544545199 0 8 
166 10 2.0 11 2 0 0 12 21 2 0.0876160281524 1 2 
166 10 2.0 5 7 3 0 45 48 2 3.17879638591e-05 2 5 
166 10 2.0 10 3 1 0 24 24 2 0.202003664013 2 2 
166 10 2.0 8 17 3 0 59 60 2 0.144786212 4 5 
166 10 2.0 2 10 0 0 9 20 1 0.187856596925 0 3 
166 10 2.0 13 5 3 0 34 10 2 1.55665990924e-08 4 0 
166 10 2.0 12 9 4 0 40 17 2 6.67902114619e-20 5 0 
166 10 2.0 9 2 0 0 14 27 2 0.0876067915362 1 2 
166 10 2.0 3 18 0 0 25 28 1 0.139973843667 0 5 
166 10 2.0 4 13 0 0 16 24 1 0.139961204721 0 4 
166 10 2.0 15 17 0 0 44 49 3 0.145600488548 7 0 
166 10 2.0 14 7 0 0 24 9 3 1.08262752174e-13 3 0 
166 10 2.0 7 10 2 0 45 48 2 0.144787454188 4 3 
166 10 2.0 6 7 2 0 39 41 2 0.0375780810331 3 3 
166 10 2.0 16 10 4 0 44 28 2 2.19412388008e-19 6 0 
166 11 0.0 1 7 11 0 42 38 1 0.157465556768 0 8 
166 11 0.0 11 2 0 0 12 21 2 0.0735998450924 1 2 
166 11 0.0 5 7 3 0 45 48 2 0.00116474505478 2 5 
166 11 0.0 10 3 1 0 24 24 2 0.165609305905 2 2 
166 11 0.0 8 17 3 0 59 60 2 0.119492263599 4 5 
166 11 0.0 2 10 0 0 9 20 1 0.227560097076 0 3 
166 11 0.0 13 5 3 0 34 10 2 1.62977319351e-24 4 0 
166 11 0.0 12 9 4 0 40 17 2 5.67272252211e-35 5 0 
166 11 0.0 9 2 0 0 14 27 2 0.0729548752736 1 2 
166 11 0.0 3 18 0 0 25 28 1 0.177021165023 0 5 
166 11 0.0 4 13 0 0 16 24 1 0.17715048189 0 4 
166 11 0.0 15 17 0 0 44 49 3 3.28713647004e-34 7 0 
166 11 0.0 14 7 0 0 24 9 3 4.47505173859e-47 3 0 
166 11 0.0 7 10 2 0 45 48 2 0.11949645516 4 3 
166 11 0.0 6 7 2 0 39 41 2 0.0336410336648 3 3 
166 11 0.0 16 10 4 0 44 28 2 5.31697855357e-35 6 0 
166 11 2.0 1 7 11 0 42 38 1 0.121357954115 0 8 
166 11 2.0 11 2 0 0 12 21 2 0.0868687087462 1 2 
166 11 2.0 5 7 3 0 45 48 2 3.56891194405e-05 2 5 
166 11 2.0 10 3 1 0 24 24 2 0.200793453789 2 2 
166 11 2.0 8 17 3 0 59 60 2 0.14374394519 4 5 
166 11 2.0 2 10 0 0 9 20 1 0.189117541484 0 3 
166 11 2.0 13 5 3 0 34 10 2 1.07490454469e-08 4 0 
166 11 2.0 12 9 4 0 40 17 2 8.01569238684e-20 5 0 
166 11 2.0 9 2 0 0 14 27 2 0.0868576285026 1 2 
166 11 2.0 3 18 0 0 25 28 1 0.140951822885 0 5 
166 11 2.0 4 13 0 0 16 24 1 0.140944139953 0 4 
166 11 2.0 15 17 0 0 44 49 3 0.144781026826 7 0 
166 11 2.0 14 7 0 0 24 9 3 3.04382306243e-14 3 0 
166 11 2.0 7 10 2 0 45 48 2 0.143745333047 4 3 
166 11 2.0 6 7 2 0 39 41 2 0.0372541310541 3 3 
166 11 2.0 16 10 4 0 44 28 2 4.1837002645e-19 6 0 
166 12 0.0 1 7 11 0 42 38 1 0.157820490169 0 8 
166 12 0.0 11 2 0 0 12 21 2 0.0745579495752 1 2 
166 12 0.0 5 7 3 0 45 48 2 0.00205894157103 2 5 
166 12 0.0 10 3 1 0 24 24 2 0.166771923755 2 2 
166 12 0.0 8 17 3 0 59 60 2 0.120454030401 4 5 
166 12 0.0 2 10 0 0 9 20 1 0.22899425583 0 3 
166 12 0.0 13 5 3 0 34 10 2 9.43819312395e-24 4 0 
166 12 0.0 12 9 4 0 40 17 2 8.354401054e-36 5 0 
166 12 0.0 9 2 0 0 14 27 2 0.0734196467768 1 2 
166 12 0.0 3 18 0 0 25 28 1 0.178206159312 0 5 
166 12 0.0 4 13 0 0 16 24 1 0.178415818671 0 4 
166 12 0.0 15 17 0 0 44 49 3 1.23281937178e-34 7 0 
166 12 0.0 14 7 0 0 24 9 3 1.37648177622e-45 3 0 
166 12 0.0 7 10 2 0 45 48 2 0.120454926699 4 3 
166 12 0.0 6 7 2 0 39 41 2 0.0330593062286 3 3 
166 12 0.0 16 10 4 0 44 28 2 1.33131007361e-35 6 0 
166 12 2.0 1 7 11 0 42 38 1 0.117675185606 0 8 
166 12 2.0 11 2 0 0 12 21 2 0.0849972445213 1 2 
166 12 2.0 5 7 3 0 45 48 2 0.00017999860951 2 5 
166 12 2.0 10 3 1 0 24 24 2 0.196038244926 2 2 
166 12 2.0 8 17 3 0 59 60 2 0.140421476314 4 5 
166 12 2.0 2 10 0 0 9 20 1 0.184523085573 0 3 
166 12 2.0 13 5 3 0 34 10 2 2.83561026383e-08 4 0 
166 12 2.0 12 9 4 0 40 17 2 6.1413838333e-20 5 0 
166 12 2.0 9 2 0 0 14 27 2 0.0848964285924 1 2 
166 12 2.0 3 18 0 0 25 28 1 0.136105539899 0 5 
166 12 2.0 4 13 0 0 16 24 1 0.136122981049 0 4 
166 12 2.0 15 17 0 0 44 49 3 0.147475260093 7 0 
166 12 2.0 14 7 0 0 24 9 3 1.93877773726e-11 3 0 
166 12 2.0 7 10 2 0 45 48 2 0.140421865002 4 3 
166 12 2.0 6 7 2 0 39 41 2 0.036330936973 3 3 
166 12 2.0 16 10 4 0 44 28 2 2.81198136402e-19 6 0 
166 13 0.0 1 7 11 0 42 38 1 0.158628200887 0 8 
166 13 0.0 11 2 0 0 12 21 2 0.0736660805662 1 2 
166 13 0.0 5 7 3 0 45 48 2 0.000460964499932 2 5 
166 13 0.0 10 3 1 0 24 24 2 0.1664469274 2 2 
166 13 0.0 8 17 3 0 59 60 2 0.120044090286 4 5 
166 13 0.0 2 10 0 0 9 20 1 0.227951017992 0 3 
166 13 0.0 13 5 3 0 34 10 2 5.26047107796e-24 4 0 
166 13 0.0 12 9 4 0 40 17 2 4.62226210827e-35 5 0 
166 13 0.0 9 2 0 0 14 27 2 0.073408124266 1 2 
166 13 0.0 3 18 0 0 25 28 1 0.177976563248 0 5 
166 13 0.0 4 13 0 0 16 24 1 0.178024898434 0 4 
166 13 0.0 15 17 0 0 44 49 3 4.79223768284e-34 7 0 
166 13 0.0 14 7 0 0 24 9 3 2.2640084994e-46 3 0 
166 13 0.0 7 10 2 0 45 48 2 0.120046571667 4 3 
166 13 0.0 6 7 2 0 39 41 2 0.0344400965548 3 3 
166 13 0.0 16 10 4 0 44 28 2 4.12839605495e-35 6 0 
166 13 2.0 1 7 11 0 42 38 1 0.121133620481 0 8 
166 13 2.0 11 2 0 0 12 21 2 0.0869045966252 1 2 
166 13 2.0 5 7 3 0 45 48 2 1.44288764545e-05 2 5 
166 13 2.0 10 3 1 0 24 24 2 0.200804590865 2 2 
166 13 2.0 8 17 3 0 59 60 2 0.143776682592 4 5 
166 13 2.0 2 10 0 0 9 20 1 0.188774493018 0 3 
166 13 2.0 13 5 3 0 34 10 2 5.76620222129e-08 4 0 
166 13 2.0 12 9 4 0 40 17 2 4.93199932755e-21 5 0 
166 13 2.0 9 2 0 0 14 27 2 0.0868949337704 1 2 
166 13 2.0 3 18 0 0 25 28 1 0.140642376243 0 5 
166 13 2.0 4 13 0 0 16 24 1 0.140650864417 0 4 
166 13 2.0 15 17 0 0 44 49 3 0.145001020669 7 0 
166 13 2.0 14 7 0 0 24 9 3 3.42384114092e-13 3 0 
166 13 2.0 7 10 2 0 45 48 2 0.14377821827 4 3 
166 13 2.0 6 7 2 0 39 41 2 0.0372937503966 3 3 
166 13 2.0 16 10 4 0 44 28 2 3.86917529018e-20 6 0 
166 14 0.0 1 7 11 0 42 38 1 0.158788085437 0 8 
166 14 0.0 11 2 0 0 12 21 2 0.0738146464529 1 2 
166 14 0.0 5 7 3 0 45 48 2 0.000806764434946 2 5 
166 14 0.0 10 3 1 0 24 24 2 0.166500587723 2 2 
166 14 0.0 8 17 3 0 59 60 2 0.120095911082 4 5 
166 14 0.0 2 10 0 0 9 20 1 0.228627083235 0 3 
166 14 0.0 13 5 3 0 34 10 2 2.16292136664e-24 4 0 
166 14 0.0 12 9 4 0 40 17 2 2.65337056946e-35 5 0 
166 14 0.0 9 2 0 0 14 27 2 0.0733719194259 1 2 
166 14 0.0 3 18 0 0 25 28 1 0.178446360597 0 5 
166 14 0.0 4 13 0 0 16 24 1 0.178535731408 0 4 
166 14 0.0 15 17 0 0 44 49 3 2.63059308322e-34 7 0 
166 14 0.0 14 7 0 0 24 9 3 1.27908699285e-46 3 0 
166 14 0.0 7 10 2 0 45 48 2 0.120097735091 4 3 
166 14 0.0 6 7 2 0 39 41 2 0.034132385013 3 3 
166 14 0.0 16 10 4 0 44 28 2 1.27855070819e-35 6 0 
166 14 2.0 1 7 11 0 42 38 1 0.120759819691 0 8 
166 14 2.0 11 2 0 0 12 21 2 0.0859759732017 1 2 
166 14 2.0 5 7 3 0 45 48 2 2.12493978492e-06 2 5 
166 14 2.0 10 3 1 0 24 24 2 0.198915193388 2 2 
166 14 2.0 8 17 3 0 59 60 2 0.142334399338 4 5 
166 14 2.0 2 10 0 0 9 20 1 0.18840447625 0 3 
166 14 2.0 13 5 3 0 34 10 2 4.75069577387e-09 4 0 
166 14 2.0 12 9 4 0 40 17 2 4.46865623438e-19 5 0 
166 14 2.0 9 2 0 0 14 27 2 0.0859715936228 1 2 
166 14 2.0 3 18 0 0 25 28 1 0.140062202286 0 5 
166 14 2.0 4 13 0 0 16 24 1 0.140064006548 0 4 
166 14 2.0 15 17 0 0 44 49 3 0.145184050898 7 0 
166 14 2.0 14 7 0 0 24 9 3 7.64990436675e-13 3 0 
166 14 2.0 7 10 2 0 45 48 2 0.142334776477 4 3 
166 14 2.0 6 7 2 0 39 41 2 0.0369226842144 3 3 
166 14 2.0 16 10 4 0 44 28 2 4.15667899021e-19 6 0 
166 15 0.0 1 7 11 0 42 38 1 0.157551061898 0 8 
166 15 0.0 11 2 0 0 12 21 2 0.0746730234922 1 2 
166 15 0.0 5 7 3 0 45 48 2 0.0021322149615 2 5 
166 15 0.0 10 3 1 0 24 24 2 0.166884948974 2 2 
166 15 0.0 8 17 3 0 59 60 2 0.12056481748 4 5 
166 15 0.0 2 10 0 0 9 20 1 0.228719077677 0 3 
166 15 0.0 13 5 3 0 34 10 2 1.11320846558e-24 4 0 
166 15 0.0 12 9 4 0 40 17 2 6.23807191451e-35 5 0 
166 15 0.0 9 2 0 0 14 27 2 0.0734943479508 1 2 
166 15 0.0 3 18 0 0 25 28 1 0.177932328315 0 5 
166 15 0.0 4 13 0 0 16 24 1 0.178146122863 0 4 
166 15 0.0 15 17 0 0 44 49 3 2.05639902193e-34 7 0 
166 15 0.0 14 7 0 0 24 9 3 4.97342992141e-47 3 0 
166 15 0.0 7 10 2 0 45 48 2 0.120568404156 4 3 
166 15 0.0 6 7 2 0 39 41 2 0.0330277546457 3 3 
166 15 0.0 16 10 4 0 44 28 2 2.88798260228e-35 6 0 
166 15 2.0 1 7 11 0 42 38 1 0.119632245161 0 8 
166 15 2.0 11 2 0 0 12 21 2 0.0854063546926 1 2 
166 15 2.0 5 7 3 0 45 48 2 1.39452043748e-05 2 5 
166 15 2.0 10 3 1 0 24 24 2 0.197498866947 2 2 
166 15 2.0 8 17 3 0 59 60 2 0.141346814735 4 5 
166 15 2.0 2 10 0 0 9 20 1 0.186956402087 0 3 
166 15 2.0 13 5 3 0 34 10 2 5.67258355298e-09 4 0 
166 15 2.0 12 9 4 0 40 17 2 3.98931291593e-21 5 0 
166 15 2.0 9 2 0 0 14 27 2 0.0854034627499 1 2 
166 15 2.0 3 18 0 0 25 28 1 0.138567328938 0 5 
166 15 2.0 4 13 0 0 16 24 1 0.138554245942 0 4 
166 15 2.0 15 17 0 0 44 49 3 0.146044147318 7 0 
166 15 2.0 14 7 0 0 24 9 3 1.36611107402e-12 3 0 
166 15 2.0 7 10 2 0 45 48 2 0.141347358836 4 3 
166 15 2.0 6 7 2 0 39 41 2 0.0366817980767 3 3 
166 15 2.0 16 10 4 0 44 28 2 6.67840339755e-20 6 0 
166 16 0.0 1 7 11 0 42 38 1 0.1590382387 0 8 
166 16 0.0 11 2 0 0 12 21 2 0.0739150712778 1 2 
166 16 0.0 5 7 3 0 45 48 2 0.000492338208485 2 5 
166 16 0.0 10 3 1 0 24 24 2 0.166958556562 2 2 
166 16 0.0 8 17 3 0 59 60 2 0.120426846584 4 5 
166 16 0.0 2 10 0 0 9 20 1 0.228440387524 0 3 
166 16 0.0 13 5 3 0 34 10 2 1.00969118878e-24 4 0 
166 16 0.0 12 9 4 0 40 17 2 1.07557519589e-34 5 0 
166 16 0.0 9 2 0 0 14 27 2 0.0736420761905 1 2 
166 16 0.0 3 18 0 0 25 28 1 0.178543264882 0 5 
166 16 0.0 4 13 0 0 16 24 1 0.178600151195 0 4 
166 16 0.0 15 17 0 0 44 49 3 2.57182975159e-34 7 0 
166 16 0.0 14 7 0 0 24 9 3 2.23143758584e-46 3 0 
166 16 0.0 7 10 2 0 45 48 2 0.120428888061 4 3 
166 16 0.0 6 7 2 0 39 41 2 0.0345196590192 3 3 
166 16 0.0 16 10 4 0 44 28 2 1.51352953638e-35 6 0 
166 16 2.0 1 7 11 0 42 38 1 0.119883078124 0 8 
166 16 2.0 11 2 0 0 12 21 2 0.0856111189888 1 2 
166 16 2.0 5 7 3 0 45 48 2 0.000177729955164 2 5 
166 16 2.0 10 3 1 0 24 24 2 0.197826092585 2 2 
166 16 2.0 8 17 3 0 59 60 2 0.141582986378 4 5 
166 16 2.0 2 10 0 0 9 20 1 0.187485440455 0 3 
166 16 2.0 13 5 3 0 34 10 2 3.57151623747e-08 4 0 
166 16 2.0 12 9 4 0 40 17 2 3.37125531978e-20 5 0 
166 16 2.0 9 2 0 0 14 27 2 0.0855015150741 1 2 
166 16 2.0 3 18 0 0 25 28 1 0.139010617247 0 5 
166 16 2.0 4 13 0 0 16 24 1 0.139021512289 0 4 
166 16 2.0 15 17 0 0 44 49 3 0.145746720652 7 0 
166 16 2.0 14 7 0 0 24 9 3 5.48321776099e-13 3 0 
166 16 2.0 7 10 2 0 45 48 2 0.14158395702 4 3 
166 16 2.0 6 7 2 0 39 41 2 0.0365727014683 3 3 
166 16 2.0 16 10 4 0 44 28 2 4.5031621902e-20 6 0 
166 17 0.0 1 7 11 0 42 38 1 0.160658861375 0 8 
166 17 0.0 11 2 0 0 12 21 2 0.0734731677244 1 2 
166 17 0.0 5 7 3 0 45 48 2 0.000348826694765 2 5 
166 17 0.0 10 3 1 0 24 24 2 0.166507094504 2 2 
166 17 0.0 8 17 3 0 59 60 2 0.119943317739 4 5 
166 17 0.0 2 10 0 0 9 20 1 0.230381036642 0 3 
166 17 0.0 13 5 3 0 34 10 2 5.35155038521e-25 4 0 
166 17 0.0 12 9 4 0 40 17 2 1.03818818865e-35 5 0 
166 17 0.0 9 2 0 0 14 27 2 0.0732754563666 1 2 
166 17 0.0 3 18 0 0 25 28 1 0.180399765689 0 5 
166 17 0.0 4 13 0 0 16 24 1 0.180432508515 0 4 
166 17 0.0 15 17 0 0 44 49 3 1.74203075216e-34 7 0 
166 17 0.0 14 7 0 0 24 9 3 5.9929332293e-48 3 0 
166 17 0.0 7 10 2 0 45 48 2 0.119950726905 4 3 
166 17 0.0 6 7 2 0 39 41 2 0.0344639711238 3 3 
166 17 0.0 16 10 4 0 44 28 2 1.01722271904e-35 6 0 
166 17 2.0 1 7 11 0 42 38 1 0.119058770036 0 8 
166 17 2.0 11 2 0 0 12 21 2 0.0881753367523 1 2 
166 17 2.0 5 7 3 0 45 48 2 1.63813483988e-05 2 5 
166 17 2.0 10 3 1 0 24 24 2 0.202661224576 2 2 
166 17 2.0 8 17 3 0 59 60 2 0.145467503016 4 5 
166 17 2.0 2 10 0 0 9 20 1 0.18568443634 0 3 
166 17 2.0 13 5 3 0 34 10 2 1.27778071277e-08 4 0 
166 17 2.0 12 9 4 0 40 17 2 2.61444823229e-21 5 0 
166 17 2.0 9 2 0 0 14 27 2 0.0881679215865 1 2 
166 17 2.0 3 18 0 0 25 28 1 0.138092203977 0 5 
166 17 2.0 4 13 0 0 16 24 1 0.138089363099 0 4 
166 17 2.0 15 17 0 0 44 49 3 0.14696315947 7 0 
166 17 2.0 14 7 0 0 24 9 3 3.16016979751e-14 3 0 
166 17 2.0 7 10 2 0 45 48 2 0.145470743297 4 3 
166 17 2.0 6 7 2 0 39 41 2 0.0378405917501 3 3 
166 17 2.0 16 10 4 0 44 28 2 5.3537959139e-20 6 0 
166 18 0.0 1 7 11 0 42 38 1 0.158537962746 0 8 
166 18 0.0 11 2 0 0 12 21 2 0.0739700600172 1 2 
166 18 0.0 5 7 3 0 45 48 2 0.000402632309133 2 5 
166 18 0.0 10 3 1 0 24 24 2 0.167044601779 2 2 
166 18 0.0 8 17 3 0 59 60 2 0.120524243146 4 5 
166 18 0.0 2 10 0 0 9 20 1 0.227661826331 0 3 
166 18 0.0 13 5 3 0 34 10 2 7.07809938795e-25 4 0 
166 18 0.0 12 9 4 0 40 17 2 2.56036689907e-35 5 0 
166 18 0.0 9 2 0 0 14 27 2 0.0737478604565 1 2 
166 18 0.0 3 18 0 0 25 28 1 0.177863522579 0 5 
166 18 0.0 4 13 0 0 16 24 1 0.177906980404 0 4 
166 18 0.0 15 17 0 0 44 49 3 3.03876365921e-34 7 0 
166 18 0.0 14 7 0 0 24 9 3 1.26607667263e-46 3 0 
166 18 0.0 7 10 2 0 45 48 2 0.120526839365 4 3 
166 18 0.0 6 7 2 0 39 41 2 0.0346440660372 3 3 
166 18 0.0 16 10 4 0 44 28 2 9.30001198231e-36 6 0 
166 18 2.0 1 7 11 0 42 38 1 0.118847243933 0 8 
166 18 2.0 11 2 0 0 12 21 2 0.087764078198 1 2 
166 18 2.0 5 7 3 0 45 48 2 6.30257722716e-06 2 5 
166 18 2.0 10 3 1 0 24 24 2 0.201819737005 2 2 
166 18 2.0 8 17 3 0 59 60 2 0.144829367442 4 5 
166 18 2.0 2 10 0 0 9 20 1 0.18544891956 0 3 
166 18 2.0 13 5 3 0 34 10 2 1.37178634329e-08 4 0 
166 18 2.0 12 9 4 0 40 17 2 1.33760650769e-20 5 0 
166 18 2.0 9 2 0 0 14 27 2 0.0877642812145 1 2 
166 18 2.0 3 18 0 0 25 28 1 0.137776323359 0 5 
166 18 2.0 4 13 0 0 16 24 1 0.137766259153 0 4 
166 18 2.0 15 17 0 0 44 49 3 0.147107289226 7 0 
166 18 2.0 14 7 0 0 24 9 3 6.23677374181e-14 3 0 
166 18 2.0 7 10 2 0 45 48 2 0.144831609513 4 3 
166 18 2.0 6 7 2 0 39 41 2 0.0376830511267 3 3 
166 18 2.0 16 10 4 0 44 28 2 1.49008433798e-19 6 0 
166 19 0.0 1 7 11 0 42 38 1 0.156101746032 0 8 
166 19 0.0 11 2 0 0 12 21 2 0.0747187947292 1 2 
166 19 0.0 5 7 3 0 45 48 2 0.00331539949127 2 5 
166 19 0.0 10 3 1 0 24 24 2 0.165793231062 2 2 
166 19 0.0 8 17 3 0 59 60 2 0.119870279099 4 5 
166 19 0.0 2 10 0 0 9 20 1 0.228457683091 0 3 
166 19 0.0 13 5 3 0 34 10 2 3.35154781277e-24 4 0 
166 19 0.0 12 9 4 0 40 17 2 1.40199036119e-35 5 0 
166 19 0.0 9 2 0 0 14 27 2 0.0728838857815 1 2 
166 19 0.0 3 18 0 0 25 28 1 0.176867281136 0 5 
166 19 0.0 4 13 0 0 16 24 1 0.177194409557 0 4 
166 19 0.0 15 17 0 0 44 49 3 4.10356861619e-34 7 0 
166 19 0.0 14 7 0 0 24 9 3 1.96529562932e-46 3 0 
166 19 0.0 7 10 2 0 45 48 2 0.119873449763 4 3 
166 19 0.0 6 7 2 0 39 41 2 0.0316240794418 3 3 
166 19 0.0 16 10 4 0 44 28 2 1.14311609458e-35 6 0 
166 19 2.0 1 7 11 0 42 38 1 0.118676738255 0 8 
166 19 2.0 11 2 0 0 12 21 2 0.0883814820275 1 2 
166 19 2.0 5 7 3 0 45 48 2 0.000107764279036 2 5 
166 19 2.0 10 3 1 0 24 24 2 0.202870231631 2 2 
166 19 2.0 8 17 3 0 59 60 2 0.145681242385 4 5 
166 19 2.0 2 10 0 0 9 20 1 0.185233927368 0 3 
166 19 2.0 13 5 3 0 34 10 2 1.48811274311e-07 4 0 
166 19 2.0 12 9 4 0 40 17 2 4.07048937939e-20 5 0 
166 19 2.0 9 2 0 0 14 27 2 0.0883127896106 1 2 
166 19 2.0 3 18 0 0 25 28 1 0.137673213966 0 5 
166 19 2.0 4 13 0 0 16 24 1 0.137679447686 0 4 
166 19 2.0 15 17 0 0 44 49 3 0.147234707032 7 0 
166 19 2.0 14 7 0 0 24 9 3 7.28339636553e-12 3 0 
166 19 2.0 7 10 2 0 45 48 2 0.145682580222 4 3 
166 19 2.0 6 7 2 0 39 41 2 0.0378210450135 3 3 
166 19 2.0 16 10 4 0 44 28 2 2.99961230633e-19 6 0 
166 20 0.0 1 7 11 0 42 38 1 0.159243214662 0 8 
166 20 0.0 11 2 0 0 12 21 2 0.0731460913581 1 2 
166 20 0.0 5 7 3 0 45 48 2 5.3338158077e-05 2 5 
166 20 0.0 10 3 1 0 24 24 2 0.165877219394 2 2 
166 20 0.0 8 17 3 0 59 60 2 0.119526013392 4 5 
166 20 0.0 2 10 0 0 9 20 1 0.228247482576 0 3 
166 20 0.0 13 5 3 0 34 10 2 3.82256571201e-25 4 0 
166 20 0.0 12 9 4 0 40 17 2 1.20597203614e-34 5 0 
166 20 0.0 9 2 0 0 14 27 2 0.0731129149469 1 2 
166 20 0.0 3 18 0 0 25 28 1 0.17836795897 0 5 
166 20 0.0 4 13 0 0 16 24 1 0.178368746294 0 4 
166 20 0.0 15 17 0 0 44 49 3 2.52792129328e-34 7 0 
166 20 0.0 14 7 0 0 24 9 3 1.6794977769e-46 3 0 
166 20 0.0 7 10 2 0 45 48 2 0.119528363669 4 3 
166 20 0.0 6 7 2 0 39 41 2 0.034635175313 3 3 
166 20 0.0 16 10 4 0 44 28 2 2.44159560212e-35 6 0 
166 20 2.0 1 7 11 0 42 38 1 0.11975821171 0 8 
166 20 2.0 11 2 0 0 12 21 2 0.0850298719464 1 2 
166 20 2.0 5 7 3 0 45 48 2 0.000347395332203 2 5 
166 20 2.0 10 3 1 0 24 24 2 0.196548346852 2 2 
166 20 2.0 8 17 3 0 59 60 2 0.140600547573 4 5 
166 20 2.0 2 10 0 0 9 20 1 0.187638123834 0 3 
166 20 2.0 13 5 3 0 34 10 2 3.89171390733e-07 4 0 
166 20 2.0 12 9 4 0 40 17 2 5.72266152036e-20 5 0 
166 20 2.0 9 2 0 0 14 27 2 0.084831402111 1 2 
166 20 2.0 3 18 0 0 25 28 1 0.138900921244 0 5 
166 20 2.0 4 13 0 0 16 24 1 0.138930736291 0 4 
166 20 2.0 15 17 0 0 44 49 3 0.145593553156 7 0 
166 20 2.0 14 7 0 0 24 9 3 5.81220682633e-11 3 0 
166 20 2.0 7 10 2 0 45 48 2 0.14060304394 4 3 
166 20 2.0 6 7 2 0 39 41 2 0.0361321063035 3 3 
166 20 2.0 16 10 4 0 44 28 2 1.73320508541e-19 6 0 
166 21 0.0 1 7 11 0 42 38 1 0.161368504359 0 8 
166 21 0.0 11 2 0 0 12 21 2 0.073163999315 1 2 
166 21 0.0 5 7 3 0 45 48 2 0.000206416089954 2 5 
166 21 0.0 10 3 1 0 24 24 2 0.166158986232 2 2 
166 21 0.0 8 17 3 0 59 60 2 0.119615734295 4 5 
166 21 0.0 2 10 0 0 9 20 1 0.23113799935 0 3 
166 21 0.0 13 5 3 0 34 10 2 1.18419458689e-24 4 0 
166 21 0.0 12 9 4 0 40 17 2 1.34119428692e-34 5 0 
166 21 0.0 9 2 0 0 14 27 2 0.0730518156701 1 2 
166 21 0.0 3 18 0 0 25 28 1 0.181129298481 0 5 
166 21 0.0 4 13 0 0 16 24 1 0.181156203603 0 4 
166 21 0.0 15 17 0 0 44 49 3 1.93997705858e-34 7 0 
166 21 0.0 14 7 0 0 24 9 3 9.93101975945e-47 3 0 
166 21 0.0 7 10 2 0 45 48 2 0.119617684637 4 3 
166 21 0.0 6 7 2 0 39 41 2 0.0344742632773 3 3 
166 21 0.0 16 10 4 0 44 28 2 1.16188799376e-35 6 0 
166 21 2.0 1 7 11 0 42 38 1 0.120169348997 0 8 
166 21 2.0 11 2 0 0 12 21 2 0.087921397967 1 2 
166 21 2.0 5 7 3 0 45 48 2 0.000167957716487 2 5 
166 21 2.0 10 3 1 0 24 24 2 0.20235913673 2 2 
166 21 2.0 8 17 3 0 59 60 2 0.145114471668 4 5 
166 21 2.0 2 10 0 0 9 20 1 0.187459610351 0 3 
166 21 2.0 13 5 3 0 34 10 2 7.23589155636e-08 4 0 
166 21 2.0 12 9 4 0 40 17 2 2.06642243502e-20 5 0 
166 21 2.0 9 2 0 0 14 27 2 0.087812705495 1 2 
166 21 2.0 3 18 0 0 25 28 1 0.139587985463 0 5 
166 21 2.0 4 13 0 0 16 24 1 0.139616054124 0 4 
166 21 2.0 15 17 0 0 44 49 3 0.145862580077 7 0 
166 21 2.0 14 7 0 0 24 9 3 3.14310611687e-12 3 0 
166 21 2.0 7 10 2 0 45 48 2 0.145115417271 4 3 
166 21 2.0 6 7 2 0 39 41 2 0.0375458771528 3 3 
166 21 2.0 16 10 4 0 44 28 2 1.04013785975e-19 6 0 
166 22 0.0 1 7 11 0 42 38 1 0.159918953734 0 8 
166 22 0.0 11 2 0 0 12 21 2 0.0730557088096 1 2 
166 22 0.0 5 7 3 0 45 48 2 0.000328858250872 2 5 
166 22 0.0 10 3 1 0 24 24 2 0.165617190043 2 2 
166 22 0.0 8 17 3 0 59 60 2 0.119288842109 4 5 
166 22 0.0 2 10 0 0 9 20 1 0.229545133802 0 3 
166 22 0.0 13 5 3 0 34 10 2 2.5170584426e-25 4 0 
166 22 0.0 12 9 4 0 40 17 2 1.00607161031e-35 5 0 
166 22 0.0 9 2 0 0 14 27 2 0.0728676352335 1 2 
166 22 0.0 3 18 0 0 25 28 1 0.179399420476 0 5 
166 22 0.0 4 13 0 0 16 24 1 0.179437121146 0 4 
166 22 0.0 15 17 0 0 44 49 3 1.29828166928e-34 7 0 
166 22 0.0 14 7 0 0 24 9 3 1.26259526338e-45 3 0 
166 22 0.0 7 10 2 0 45 48 2 0.119290028627 4 3 
166 22 0.0 6 7 2 0 39 41 2 0.0342964355592 3 3 
166 22 0.0 16 10 4 0 44 28 2 1.07862478557e-35 6 0 
166 22 2.0 1 7 11 0 42 38 1 0.121106682513 0 8 
166 22 2.0 11 2 0 0 12 21 2 0.0880967839914 1 2 
166 22 2.0 5 7 3 0 45 48 2 4.05951963914e-05 2 5 
166 22 2.0 10 3 1 0 24 24 2 0.203084144462 2 2 
166 22 2.0 8 17 3 0 59 60 2 0.14557369148 4 5 
166 22 2.0 2 10 0 0 9 20 1 0.188559507855 0 3 
166 22 2.0 13 5 3 0 34 10 2 5.08838006034e-08 4 0 
166 22 2.0 12 9 4 0 40 17 2 2.03081263534e-20 5 0 
166 22 2.0 9 2 0 0 14 27 2 0.088081570758 1 2 
166 22 2.0 3 18 0 0 25 28 1 0.140743482977 0 5 
166 22 2.0 4 13 0 0 16 24 1 0.140751525821 0 4 
166 22 2.0 15 17 0 0 44 49 3 0.145141542519 7 0 
166 22 2.0 14 7 0 0 24 9 3 3.48417435064e-12 3 0 
166 22 2.0 7 10 2 0 45 48 2 0.145574440937 4 3 
166 22 2.0 6 7 2 0 39 41 2 0.0377619047913 3 3 
166 22 2.0 16 10 4 0 44 28 2 3.43258493703e-19 6 0 
166 23 0.0 1 7 11 0 42 38 1 0.160658631923 0 8 
166 23 0.0 11 2 0 0 12 21 2 0.0734095785775 1 2 
166 23 0.0 5 7 3 0 45 48 2 0.00103778316308 2 5 
166 23 0.0 10 3 1 0 24 24 2 0.165877650489 2 2 
166 23 0.0 8 17 3 0 59 60 2 0.119487225852 4 5 
166 23 0.0 2 10 0 0 9 20 1 0.231445726874 0 3 
166 23 0.0 13 5 3 0 34 10 2 5.13269126594e-25 4 0 
166 23 0.0 12 9 4 0 40 17 2 1.01273461474e-34 5 0 
166 23 0.0 9 2 0 0 14 27 2 0.0728314597131 1 2 
166 23 0.0 3 18 0 0 25 28 1 0.18089335085 0 5 
166 23 0.0 4 13 0 0 16 24 1 0.181009965211 0 4 
166 23 0.0 15 17 0 0 44 49 3 6.48001929767e-35 7 0 
166 23 0.0 14 7 0 0 24 9 3 1.67449171643e-45 3 0 
166 23 0.0 7 10 2 0 45 48 2 0.119487635505 4 3 
166 23 0.0 6 7 2 0 39 41 2 0.0336817992005 3 3 
166 23 0.0 16 10 4 0 44 28 2 8.06275677214e-35 6 0 
166 23 2.0 1 7 11 0 42 38 1 0.120257371229 0 8 
166 23 2.0 11 2 0 0 12 21 2 0.0883008959773 1 2 
166 23 2.0 5 7 3 0 45 48 2 7.80942949139e-06 2 5 
166 23 2.0 10 3 1 0 24 24 2 0.203244967145 2 2 
166 23 2.0 8 17 3 0 59 60 2 0.145794036293 4 5 
166 23 2.0 2 10 0 0 9 20 1 0.187310110842 0 3 
166 23 2.0 13 5 3 0 34 10 2 5.70117073649e-08 4 0 
166 23 2.0 12 9 4 0 40 17 2 1.83184710069e-20 5 0 
166 23 2.0 9 2 0 0 14 27 2 0.0882910948089 1 2 
166 23 2.0 3 18 0 0 25 28 1 0.139644196203 0 5 
166 23 2.0 4 13 0 0 16 24 1 0.139648543051 0 4 
166 23 2.0 15 17 0 0 44 49 3 0.14593413738 7 0 
166 23 2.0 14 7 0 0 24 9 3 1.36171305864e-12 3 0 
166 23 2.0 7 10 2 0 45 48 2 0.145795194616 4 3 
166 23 2.0 6 7 2 0 39 41 2 0.0378902390554 3 3 
166 23 2.0 16 10 4 0 44 28 2 1.25896611815e-19 6 0 
166 24 0.0 1 7 11 0 42 38 1 0.158683012887 0 8 
166 24 0.0 11 2 0 0 12 21 2 0.0739344637024 1 2 
166 24 0.0 5 7 3 0 45 48 2 0.000556608961563 2 5 
166 24 0.0 10 3 1 0 24 24 2 0.166887399092 2 2 
166 24 0.0 8 17 3 0 59 60 2 0.120393471788 4 5 
166 24 0.0 2 10 0 0 9 20 1 0.228085718454 0 3 
166 24 0.0 13 5 3 0 34 10 2 3.63932082638e-25 4 0 
166 24 0.0 12 9 4 0 40 17 2 3.87580210379e-35 5 0 
166 24 0.0 9 2 0 0 14 27 2 0.0736252678942 1 2 
166 24 0.0 3 18 0 0 25 28 1 0.178151599702 0 5 
166 24 0.0 4 13 0 0 16 24 1 0.178210118998 0 4 
166 24 0.0 15 17 0 0 44 49 3 4.3531585232e-34 7 0 
166 24 0.0 14 7 0 0 24 9 3 1.40775283683e-47 3 0 
166 24 0.0 7 10 2 0 45 48 2 0.120399801697 4 3 
166 24 0.0 6 7 2 0 39 41 2 0.0344597361008 3 3 
166 24 0.0 16 10 4 0 44 28 2 1.17059419295e-35 6 0 
166 24 2.0 1 7 11 0 42 38 1 0.12108541423 0 8 
166 24 2.0 11 2 0 0 12 21 2 0.0871622601244 1 2 
166 24 2.0 5 7 3 0 45 48 2 8.05647699409e-06 2 5 
166 24 2.0 10 3 1 0 24 24 2 0.201305852275 2 2 
166 24 2.0 8 17 3 0 59 60 2 0.144176656968 4 5 
166 24 2.0 2 10 0 0 9 20 1 0.188652530326 0 3 
166 24 2.0 13 5 3 0 34 10 2 6.38842277967e-09 4 0 
166 24 2.0 12 9 4 0 40 17 2 2.34804651011e-19 5 0 
166 24 2.0 9 2 0 0 14 27 2 0.0871704920221 1 2 
166 24 2.0 3 18 0 0 25 28 1 0.140605404654 0 5 
166 24 2.0 4 13 0 0 16 24 1 0.14060646775 0 4 
166 24 2.0 15 17 0 0 44 49 3 0.145081582372 7 0 
166 24 2.0 14 7 0 0 24 9 3 1.31482215155e-12 3 0 
166 24 2.0 7 10 2 0 45 48 2 0.144177213463 4 3 
166 24 2.0 6 7 2 0 39 41 2 0.0374118960579 3 3 
166 24 2.0 16 10 4 0 44 28 2 1.56009063206e-19 6 0 
166 25 0.0 1 7 11 0 42 38 1 0.160155014285 0 8 
166 25 0.0 11 2 0 0 12 21 2 0.0736112349662 1 2 
166 25 0.0 5 7 3 0 45 48 2 0.000174276848763 2 5 
166 25 0.0 10 3 1 0 24 24 2 0.166813890258 2 2 
166 25 0.0 8 17 3 0 59 60 2 0.120219399024 4 5 
166 25 0.0 2 10 0 0 9 20 1 0.229443061635 0 3 
166 25 0.0 13 5 3 0 34 10 2 3.97126559663e-25 4 0 
166 25 0.0 12 9 4 0 40 17 2 2.83752466192e-33 5 0 
166 25 0.0 9 2 0 0 14 27 2 0.0735162286317 1 2 
166 25 0.0 3 18 0 0 25 28 1 0.179663304543 0 5 
166 25 0.0 4 13 0 0 16 24 1 0.179675643051 0 4 
166 25 0.0 15 17 0 0 44 49 3 2.45887738056e-34 7 0 
166 25 0.0 14 7 0 0 24 9 3 2.15274769798e-46 3 0 
166 25 0.0 7 10 2 0 45 48 2 0.120220499742 4 3 
166 25 0.0 6 7 2 0 39 41 2 0.0347183271926 3 3 
166 25 0.0 16 10 4 0 44 28 2 4.59457574594e-34 6 0 
166 25 2.0 1 7 11 0 42 38 1 0.119014041277 0 8 
166 25 2.0 11 2 0 0 12 21 2 0.0856086298168 1 2 
166 25 2.0 5 7 3 0 45 48 2 0.000179877064389 2 5 
166 25 2.0 10 3 1 0 24 24 2 0.197574526998 2 2 
166 25 2.0 8 17 3 0 59 60 2 0.141481374821 4 5 
166 25 2.0 2 10 0 0 9 20 1 0.186281532747 0 3 
166 25 2.0 13 5 3 0 34 10 2 1.37777767321e-07 4 0 
166 25 2.0 12 9 4 0 40 17 2 2.77109471495e-20 5 0 
166 25 2.0 9 2 0 0 14 27 2 0.0854966061054 1 2 
166 25 2.0 3 18 0 0 25 28 1 0.137885921199 0 5 
166 25 2.0 4 13 0 0 16 24 1 0.137906196329 0 4 
166 25 2.0 15 17 0 0 44 49 3 0.146491517239 7 0 
166 25 2.0 14 7 0 0 24 9 3 8.51764044314e-13 3 0 
166 25 2.0 7 10 2 0 45 48 2 0.141482693398 4 3 
166 25 2.0 6 7 2 0 39 41 2 0.0365760922289 3 3 
166 25 2.0 16 10 4 0 44 28 2 1.97741558657e-19 6 0 
166 26 0.0 1 7 11 0 42 38 1 0.157080846332 0 8 
166 26 0.0 11 2 0 0 12 21 2 0.0747853828222 1 2 
166 26 0.0 5 7 3 0 45 48 2 0.00298190397971 2 5 
166 26 0.0 10 3 1 0 24 24 2 0.166344921413 2 2 
166 26 0.0 8 17 3 0 59 60 2 0.120223100248 4 5 
166 26 0.0 2 10 0 0 9 20 1 0.229242456522 0 3 
166 26 0.0 13 5 3 0 34 10 2 1.21827042628e-23 4 0 
166 26 0.0 12 9 4 0 40 17 2 2.65229908622e-35 5 0 
166 26 0.0 9 2 0 0 14 27 2 0.0731329199895 1 2 
166 26 0.0 3 18 0 0 25 28 1 0.177903647374 0 5 
166 26 0.0 4 13 0 0 16 24 1 0.178193826702 0 4 
166 26 0.0 15 17 0 0 44 49 3 3.16652166808e-34 7 0 
166 26 0.0 14 7 0 0 24 9 3 8.60188649234e-46 3 0 
166 26 0.0 7 10 2 0 45 48 2 0.120224620378 4 3 
166 26 0.0 6 7 2 0 39 41 2 0.0320622322396 3 3 
166 26 0.0 16 10 4 0 44 28 2 2.88225108836e-35 6 0 
166 26 2.0 1 7 11 0 42 38 1 0.11880469486 0 8 
166 26 2.0 11 2 0 0 12 21 2 0.0852799928324 1 2 
166 26 2.0 5 7 3 0 45 48 2 3.94785236492e-06 2 5 
166 26 2.0 10 3 1 0 24 24 2 0.197035844428 2 2 
166 26 2.0 8 17 3 0 59 60 2 0.141072642677 4 5 
166 26 2.0 2 10 0 0 9 20 1 0.185815495698 0 3 
166 26 2.0 13 5 3 0 34 10 2 2.67968707691e-09 4 0 
166 26 2.0 12 9 4 0 40 17 2 1.78659341828e-21 5 0 
166 26 2.0 9 2 0 0 14 27 2 0.0852860749574 1 2 
166 26 2.0 3 18 0 0 25 28 1 0.13747721248 0 5 
166 26 2.0 4 13 0 0 16 24 1 0.137473969063 0 4 
166 26 2.0 15 17 0 0 44 49 3 0.146732214591 7 0 
166 26 2.0 14 7 0 0 24 9 3 1.25691241182e-13 3 0 
166 26 2.0 7 10 2 0 45 48 2 0.141074007257 4 3 
166 26 2.0 6 7 2 0 39 41 2 0.0366475843803 3 3 
166 26 2.0 16 10 4 0 44 28 2 4.52749354255e-20 6 0 
166 27 0.0 1 7 11 0 42 38 1 0.161879827715 0 8 
166 27 0.0 11 2 0 0 12 21 2 0.0730274129742 1 2 
166 27 0.0 5 7 3 0 45 48 2 0.000115249519618 2 5 
166 27 0.0 10 3 1 0 24 24 2 0.166055215843 2 2 
166 27 0.0 8 17 3 0 59 60 2 0.119476452318 4 5 
166 27 0.0 2 10 0 0 9 20 1 0.231673929992 0 3 
166 27 0.0 13 5 3 0 34 10 2 7.06878430209e-26 4 0 
166 27 0.0 12 9 4 0 40 17 2 3.19369669885e-35 5 0 
166 27 0.0 9 2 0 0 14 27 2 0.0729643961823 1 2 
166 27 0.0 3 18 0 0 25 28 1 0.181676664908 0 5 
166 27 0.0 4 13 0 0 16 24 1 0.18169207115 0 4 
166 27 0.0 15 17 0 0 44 49 3 2.18553044562e-34 7 0 
166 27 0.0 14 7 0 0 24 9 3 2.04547185681e-49 3 0 
166 27 0.0 7 10 2 0 45 48 2 0.119495620424 4 3 
166 27 0.0 6 7 2 0 39 41 2 0.0345053104755 3 3 
166 27 0.0 16 10 4 0 44 28 2 1.48600779e-35 6 0 
166 27 2.0 1 7 11 0 42 38 1 0.120622232915 0 8 
166 27 2.0 11 2 0 0 12 21 2 0.0883282298895 1 2 
166 27 2.0 5 7 3 0 45 48 2 1.97003720864e-05 2 5 
166 27 2.0 10 3 1 0 24 24 2 0.203400510668 2 2 
166 27 2.0 8 17 3 0 59 60 2 0.145876241638 4 5 
166 27 2.0 2 10 0 0 9 20 1 0.187823700086 0 3 
166 27 2.0 13 5 3 0 34 10 2 4.04334807405e-08 4 0 
166 27 2.0 12 9 4 0 40 17 2 2.97712587529e-20 5 0 
166 27 2.0 9 2 0 0 14 27 2 0.0883187973037 1 2 
166 27 2.0 3 18 0 0 25 28 1 0.140133867558 0 5 
166 27 2.0 4 13 0 0 16 24 1 0.140124708476 0 4 
166 27 2.0 15 17 0 0 44 49 3 0.145605225412 7 0 
166 27 2.0 14 7 0 0 24 9 3 5.93444730011e-12 3 0 
166 27 2.0 7 10 2 0 45 48 2 0.145876895835 4 3 
166 27 2.0 6 7 2 0 39 41 2 0.0378857472287 3 3 
166 27 2.0 16 10 4 0 44 28 2 2.63597803462e-19 6 0 
166 28 0.0 1 7 11 0 42 38 1 0.160143039885 0 8 
166 28 0.0 11 2 0 0 12 21 2 0.0729200842368 1 2 
166 28 0.0 5 7 3 0 45 48 2 0.000317737970432 2 5 
166 28 0.0 10 3 1 0 24 24 2 0.165414982895 2 2 
166 28 0.0 8 17 3 0 59 60 2 0.119112424246 4 5 
166 28 0.0 2 10 0 0 9 20 1 0.229847174824 0 3 
166 28 0.0 13 5 3 0 34 10 2 4.21113075722e-25 4 0 
166 28 0.0 12 9 4 0 40 17 2 8.76715689201e-35 5 0 
166 28 0.0 9 2 0 0 14 27 2 0.0727442957942 1 2 
166 28 0.0 3 18 0 0 25 28 1 0.17964632195 0 5 
166 28 0.0 4 13 0 0 16 24 1 0.179692911123 0 4 
166 28 0.0 15 17 0 0 44 49 3 3.94997037748e-35 7 0 
166 28 0.0 14 7 0 0 24 9 3 2.02065588688e-45 3 0 
166 28 0.0 7 10 2 0 45 48 2 0.119113328831 4 3 
166 28 0.0 6 7 2 0 39 41 2 0.0342467145158 3 3 
166 28 0.0 16 10 4 0 44 28 2 1.39003088819e-35 6 0 
166 28 2.0 1 7 11 0 42 38 1 0.12039377662 0 8 
166 28 2.0 11 2 0 0 12 21 2 0.085556399186 1 2 
166 28 2.0 5 7 3 0 45 48 2 3.19723113428e-06 2 5 
166 28 2.0 10 3 1 0 24 24 2 0.19799934827 2 2 
166 28 2.0 8 17 3 0 59 60 2 0.141655288128 4 5 
166 28 2.0 2 10 0 0 9 20 1 0.187973120754 0 3 
166 28 2.0 13 5 3 0 34 10 2 4.45883634387e-08 4 0 
166 28 2.0 12 9 4 0 40 17 2 5.12286826196e-20 5 0 
166 28 2.0 9 2 0 0 14 27 2 0.0855486751443 1 2 
166 28 2.0 3 18 0 0 25 28 1 0.139547310796 0 5 
166 28 2.0 4 13 0 0 16 24 1 0.139551641678 0 4 
166 28 2.0 15 17 0 0 44 49 3 0.14542323641 7 0 
166 28 2.0 14 7 0 0 24 9 3 5.26766143287e-13 3 0 
166 28 2.0 7 10 2 0 45 48 2 0.141656193835 4 3 
166 28 2.0 6 7 2 0 39 41 2 0.0367483396807 3 3 
166 28 2.0 16 10 4 0 44 28 2 2.02767439391e-19 6 0 
166 29 0.0 1 7 11 0 42 38 1 0.159618897897 0 8 
166 29 0.0 11 2 0 0 12 21 2 0.0735227068324 1 2 
166 29 0.0 5 7 3 0 45 48 2 8.90054820362e-05 2 5 
166 29 0.0 10 3 1 0 24 24 2 0.16662059857 2 2 
166 29 0.0 8 17 3 0 59 60 2 0.120095789491 4 5 
166 29 0.0 2 10 0 0 9 20 1 0.228666453709 0 3 
166 29 0.0 13 5 3 0 34 10 2 2.96739755077e-25 4 0 
166 29 0.0 12 9 4 0 40 17 2 2.49218114959e-34 5 0 
166 29 0.0 9 2 0 0 14 27 2 0.0734739783577 1 2 
166 29 0.0 3 18 0 0 25 28 1 0.178912051781 0 5 
166 29 0.0 4 13 0 0 16 24 1 0.178928354161 0 4 
166 29 0.0 15 17 0 0 44 49 3 1.2556281464e-34 7 0 
166 29 0.0 14 7 0 0 24 9 3 8.53539706677e-47 3 0 
166 29 0.0 7 10 2 0 45 48 2 0.120097868267 4 3 
166 29 0.0 6 7 2 0 39 41 2 0.0347700686219 3 3 
166 29 0.0 16 10 4 0 44 28 2 5.77500408569e-35 6 0 
166 29 2.0 1 7 11 0 42 38 1 0.120947668194 0 8 
166 29 2.0 11 2 0 0 12 21 2 0.0874342927353 1 2 
166 29 2.0 5 7 3 0 45 48 2 0.000577656418177 2 5 
166 29 2.0 10 3 1 0 24 24 2 0.201332889296 2 2 
166 29 2.0 8 17 3 0 59 60 2 0.144237000582 4 5 
166 29 2.0 2 10 0 0 9 20 1 0.189146520374 0 3 
166 29 2.0 13 5 3 0 34 10 2 8.61941316886e-07 4 0 
166 29 2.0 12 9 4 0 40 17 2 6.81934010658e-20 5 0 
166 29 2.0 9 2 0 0 14 27 2 0.0870970917894 1 2 
166 29 2.0 3 18 0 0 25 28 1 0.140816856154 0 5 
166 29 2.0 4 13 0 0 16 24 1 0.140854772619 0 4 
166 29 2.0 15 17 0 0 44 49 3 0.144827109471 7 0 
166 29 2.0 14 7 0 0 24 9 3 2.51419187474e-11 3 0 
166 29 2.0 7 10 2 0 45 48 2 0.144242459072 4 3 
166 29 2.0 6 7 2 0 39 41 2 0.0368541574968 3 3 
166 29 2.0 16 10 4 0 44 28 2 5.09953434323e-19 6 0 
166 30 0.0 1 7 11 0 42 38 1 0.158708652665 0 8 
166 30 0.0 11 2 0 0 12 21 2 0.0735968205042 1 2 
166 30 0.0 5 7 3 0 45 48 2 0.000371028329214 2 5 
166 30 0.0 10 3 1 0 24 24 2 0.166401517376 2 2 
166 30 0.0 8 17 3 0 59 60 2 0.119997313804 4 5 
166 30 0.0 2 10 0 0 9 20 1 0.227935111159 0 3 
166 30 0.0 13 5 3 0 34 10 2 4.23677356941e-24 4 0 
166 30 0.0 12 9 4 0 40 17 2 7.40453188438e-36 5 0 
166 30 0.0 9 2 0 0 14 27 2 0.0733930779245 1 2 
166 30 0.0 3 18 0 0 25 28 1 0.17800269706 0 5 
166 30 0.0 4 13 0 0 16 24 1 0.178038614173 0 4 
166 30 0.0 15 17 0 0 44 49 3 5.97446084753e-35 7 0 
166 30 0.0 14 7 0 0 24 9 3 6.05315011669e-46 3 0 
166 30 0.0 7 10 2 0 45 48 2 0.11999961705 4 3 
166 30 0.0 6 7 2 0 39 41 2 0.0345059933756 3 3 
166 30 0.0 16 10 4 0 44 28 2 6.60882577849e-36 6 0 
166 30 2.0 1 7 11 0 42 38 1 0.119240491379 0 8 
166 30 2.0 11 2 0 0 12 21 2 0.0854012509313 1 2 
166 30 2.0 5 7 3 0 45 48 2 0.000171164301386 2 5 
166 30 2.0 10 3 1 0 24 24 2 0.197247552716 2 2 
166 30 2.0 8 17 3 0 59 60 2 0.141199220768 4 5 
166 30 2.0 2 10 0 0 9 20 1 0.186621163535 0 3 
166 30 2.0 13 5 3 0 34 10 2 8.7325714105e-08 4 0 
166 30 2.0 12 9 4 0 40 17 2 1.62616768317e-20 5 0 
166 30 2.0 9 2 0 0 14 27 2 0.0852960101822 1 2 
166 30 2.0 3 18 0 0 25 28 1 0.138154949085 0 5 
166 30 2.0 4 13 0 0 16 24 1 0.138170138065 0 4 
166 30 2.0 15 17 0 0 44 49 3 0.14625941138 7 0 
166 30 2.0 14 7 0 0 24 9 3 8.40330355752e-12 3 0 
166 30 2.0 7 10 2 0 45 48 2 0.141200089578 4 3 
166 30 2.0 6 7 2 0 39 41 2 0.036497779798 3 3 
166 30 2.0 16 10 4 0 44 28 2 1.81498762366e-19 6 0 
166 31 0.0 1 7 11 0 42 38 1 0.157813819538 0 8 
166 31 0.0 11 2 0 0 12 21 2 0.0735152632956 1 2 
166 31 0.0 5 7 3 0 45 48 2 0.000566952319553 2 5 
166 31 0.0 10 3 1 0 24 24 2 0.165957279002 2 2 
166 31 0.0 8 17 3 0 59 60 2 0.119715025398 4 5 
166 31 0.0 2 10 0 0 9 20 1 0.227131230431 0 3 
166 31 0.0 13 5 3 0 34 10 2 4.56398489143e-24 4 0 
166 31 0.0 12 9 4 0 40 17 2 1.14574200097e-35 5 0 
166 31 0.0 9 2 0 0 14 27 2 0.0732039784303 1 2 
166 31 0.0 3 18 0 0 25 28 1 0.17701465606 0 5 
166 31 0.0 4 13 0 0 16 24 1 0.177081590649 0 4 
166 31 0.0 15 17 0 0 44 49 3 3.1357705636e-34 7 0 
166 31 0.0 14 7 0 0 24 9 3 3.97455462318e-46 3 0 
166 31 0.0 7 10 2 0 45 48 2 0.119716871832 4 3 
166 31 0.0 6 7 2 0 39 41 2 0.0342603886378 3 3 
166 31 0.0 16 10 4 0 44 28 2 1.40022038778e-35 6 0 
166 31 2.0 1 7 11 0 42 38 1 0.121695066306 0 8 
166 31 2.0 11 2 0 0 12 21 2 0.0866275902512 1 2 
166 31 2.0 5 7 3 0 45 48 2 3.38072509526e-05 2 5 
166 31 2.0 10 3 1 0 24 24 2 0.200415665673 2 2 
166 31 2.0 8 17 3 0 59 60 2 0.143409733929 4 5 
166 31 2.0 2 10 0 0 9 20 1 0.189624164348 0 3 
166 31 2.0 13 5 3 0 34 10 2 5.6534847273e-08 4 0 
166 31 2.0 12 9 4 0 40 17 2 3.79696482004e-20 5 0 
166 31 2.0 9 2 0 0 14 27 2 0.0866061133347 1 2 
166 31 2.0 3 18 0 0 25 28 1 0.141356643749 0 5 
166 31 2.0 4 13 0 0 16 24 1 0.141358988242 0 4 
166 31 2.0 15 17 0 0 44 49 3 0.144441376334 7 0 
166 31 2.0 14 7 0 0 24 9 3 8.45915534924e-13 3 0 
166 31 2.0 7 10 2 0 45 48 2 0.143410772633 4 3 
166 31 2.0 6 7 2 0 39 41 2 0.0371496390906 3 3 
166 31 2.0 16 10 4 0 44 28 2 2.89422887215e-19 6 0 
166 32 0.0 1 7 11 0 42 38 1 0.158647332414 0 8 
166 32 0.0 11 2 0 0 12 21 2 0.0754914677575 1 2 
166 32 0.0 5 7 3 0 45 48 2 0.00405531913944 2 5 
166 32 0.0 10 3 1 0 24 24 2 0.167042247059 2 2 
166 32 0.0 8 17 3 0 59 60 2 0.120751962987 4 5 
166 32 0.0 2 10 0 0 9 20 1 0.232343683574 0 3 
166 32 0.0 13 5 3 0 34 10 2 6.45484911591e-24 4 0 
166 32 0.0 12 9 4 0 40 17 2 1.8442543321e-35 5 0 
166 32 0.0 9 2 0 0 14 27 2 0.0732372001776 1 2 
166 32 0.0 3 18 0 0 25 28 1 0.180589453153 0 5 
166 32 0.0 4 13 0 0 16 24 1 0.180961014734 0 4 
166 32 0.0 15 17 0 0 44 49 3 1.36526523463e-34 7 0 
166 32 0.0 14 7 0 0 24 9 3 4.94661375756e-45 3 0 
166 32 0.0 7 10 2 0 45 48 2 0.12075255864 4 3 
166 32 0.0 6 7 2 0 39 41 2 0.0310251450602 3 3 
166 32 0.0 16 10 4 0 44 28 2 2.79078495376e-35 6 0 
166 32 2.0 1 7 11 0 42 38 1 0.120295556952 0 8 
166 32 2.0 11 2 0 0 12 21 2 0.0880013670851 1 2 
166 32 2.0 5 7 3 0 45 48 2 4.78926234625e-06 2 5 
166 32 2.0 10 3 1 0 24 24 2 0.202677964149 2 2 
166 32 2.0 8 17 3 0 59 60 2 0.145341706666 4 5 
166 32 2.0 2 10 0 0 9 20 1 0.187412576018 0 3 
166 32 2.0 13 5 3 0 34 10 2 8.79293639164e-09 4 0 
166 32 2.0 12 9 4 0 40 17 2 3.10263065164e-21 5 0 
166 32 2.0 9 2 0 0 14 27 2 0.0879898562618 1 2 
166 32 2.0 3 18 0 0 25 28 1 0.139667176793 0 5 
166 32 2.0 4 13 0 0 16 24 1 0.139661832509 0 4 
166 32 2.0 15 17 0 0 44 49 3 0.14588267051 7 0 
166 32 2.0 14 7 0 0 24 9 3 2.15348198307e-14 3 0 
166 32 2.0 7 10 2 0 45 48 2 0.145344667854 4 3 
166 32 2.0 6 7 2 0 39 41 2 0.0377685854544 3 3 
166 32 2.0 16 10 4 0 44 28 2 6.81380646101e-20 6 0 
166 33 0.0 1 7 11 0 42 38 1 0.15869511656 0 8 
166 33 0.0 11 2 0 0 12 21 2 0.0743619248901 1 2 
166 33 0.0 5 7 3 0 45 48 2 0.00111935836934 2 5 
166 33 0.0 10 3 1 0 24 24 2 0.167268381516 2 2 
166 33 0.0 8 17 3 0 59 60 2 0.120727277507 4 5 
166 33 0.0 2 10 0 0 9 20 1 0.228808710361 0 3 
166 33 0.0 13 5 3 0 34 10 2 1.35359170962e-24 4 0 
166 33 0.0 12 9 4 0 40 17 2 5.44574560105e-35 5 0 
166 33 0.0 9 2 0 0 14 27 2 0.0737428784563 1 2 
166 33 0.0 3 18 0 0 25 28 1 0.178626797259 0 5 
166 33 0.0 4 13 0 0 16 24 1 0.178746255664 0 4 
166 33 0.0 15 17 0 0 44 49 3 1.96355818903e-34 7 0 
166 33 0.0 14 7 0 0 24 9 3 4.51123228868e-48 3 0 
166 33 0.0 7 10 2 0 45 48 2 0.120735250139 4 3 
166 33 0.0 6 7 2 0 39 41 2 0.034037207287 3 3 
166 33 0.0 16 10 4 0 44 28 2 5.6316556053e-35 6 0 
166 33 2.0 1 7 11 0 42 38 1 0.119316391438 0 8 
166 33 2.0 11 2 0 0 12 21 2 0.0884927323525 1 2 
166 33 2.0 5 7 3 0 45 48 2 4.94131048683e-05 2 5 
166 33 2.0 10 3 1 0 24 24 2 0.203311655837 2 2 
166 33 2.0 8 17 3 0 59 60 2 0.14595396702 4 5 
166 33 2.0 2 10 0 0 9 20 1 0.186027660364 0 3 
166 33 2.0 13 5 3 0 34 10 2 3.27977148638e-08 4 0 
166 33 2.0 12 9 4 0 40 17 2 7.16991294135e-20 5 0 
166 33 2.0 9 2 0 0 14 27 2 0.0884578489052 1 2 
166 33 2.0 3 18 0 0 25 28 1 0.138470565516 0 5 
166 33 2.0 4 13 0 0 16 24 1 0.13848032185 0 4 
166 33 2.0 15 17 0 0 44 49 3 0.146738418016 7 0 
166 33 2.0 14 7 0 0 24 9 3 2.52978731826e-13 3 0 
166 33 2.0 7 10 2 0 45 48 2 0.145955294778 4 3 
166 33 2.0 6 7 2 0 39 41 2 0.0379298633899 3 3 
166 33 2.0 16 10 4 0 44 28 2 5.75074947995e-19 6 0 
166 34 0.0 1 7 11 0 42 38 1 0.156977403184 0 8 
166 34 0.0 11 2 0 0 12 21 2 0.0731655002741 1 2 
166 34 0.0 5 7 3 0 45 48 2 0.00122829930583 2 5 
166 34 0.0 10 3 1 0 24 24 2 0.164675016375 2 2 
166 34 0.0 8 17 3 0 59 60 2 0.118786577463 4 5 
166 34 0.0 2 10 0 0 9 20 1 0.227170962214 0 3 
166 34 0.0 13 5 3 0 34 10 2 9.31424362195e-24 4 0 
166 34 0.0 12 9 4 0 40 17 2 1.71804077754e-33 5 0 
166 34 0.0 9 2 0 0 14 27 2 0.0724883376159 1 2 
166 34 0.0 3 18 0 0 25 28 1 0.176403365989 0 5 
166 34 0.0 4 13 0 0 16 24 1 0.176536344991 0 4 
166 34 0.0 15 17 0 0 44 49 3 6.21432776456e-34 7 0 
166 34 0.0 14 7 0 0 24 9 3 1.30895312522e-45 3 0 
166 34 0.0 7 10 2 0 45 48 2 0.118787566681 4 3 
166 34 0.0 6 7 2 0 39 41 2 0.0333731335253 3 3 
166 34 0.0 16 10 4 0 44 28 2 2.72138194088e-34 6 0 
166 34 2.0 1 7 11 0 42 38 1 0.119473865964 0 8 
166 34 2.0 11 2 0 0 12 21 2 0.0885029804063 1 2 
166 34 2.0 5 7 3 0 45 48 2 3.83005156731e-06 2 5 
166 34 2.0 10 3 1 0 24 24 2 0.203409704591 2 2 
166 34 2.0 8 17 3 0 59 60 2 0.146012010416 4 5 
166 34 2.0 2 10 0 0 9 20 1 0.186186126483 0 3 
166 34 2.0 13 5 3 0 34 10 2 1.26746836531e-08 4 0 
166 34 2.0 12 9 4 0 40 17 2 9.87674110392e-21 5 0 
166 34 2.0 9 2 0 0 14 27 2 0.0884928624218 1 2 
166 34 2.0 3 18 0 0 25 28 1 0.138652802698 0 5 
166 34 2.0 4 13 0 0 16 24 1 0.138646966894 0 4 
166 34 2.0 15 17 0 0 44 49 3 0.146632266045 7 0 
166 34 2.0 14 7 0 0 24 9 3 2.82453597151e-12 3 0 
166 34 2.0 7 10 2 0 45 48 2 0.146012771861 4 3 
166 34 2.0 6 7 2 0 39 41 2 0.0379850648299 3 3 
166 34 2.0 16 10 4 0 44 28 2 4.78911407593e-20 6 0 
166 35 0.0 1 7 11 0 42 38 1 0.157666753246 0 8 
166 35 0.0 11 2 0 0 12 21 2 0.0739717247682 1 2 
166 35 0.0 5 7 3 0 45 48 2 0.00149058805651 2 5 
166 35 0.0 10 3 1 0 24 24 2 0.16609221068 2 2 
166 35 0.0 8 17 3 0 59 60 2 0.11988580364 4 5 
166 35 0.0 2 10 0 0 9 20 1 0.228175316816 0 3 
166 35 0.0 13 5 3 0 34 10 2 8.63476596947e-24 4 0 
166 35 0.0 12 9 4 0 40 17 2 1.39318505482e-34 5 0 
166 35 0.0 9 2 0 0 14 27 2 0.0731499846051 1 2 
166 35 0.0 3 18 0 0 25 28 1 0.177550455136 0 5 
166 35 0.0 4 13 0 0 16 24 1 0.177711410294 0 4 
166 35 0.0 15 17 0 0 44 49 3 4.08198868771e-34 7 0 
166 35 0.0 14 7 0 0 24 9 3 2.32018691926e-46 3 0 
166 35 0.0 7 10 2 0 45 48 2 0.119887619629 4 3 
166 35 0.0 6 7 2 0 39 41 2 0.0334451285936 3 3 
166 35 0.0 16 10 4 0 44 28 2 8.81317799379e-35 6 0 
166 35 2.0 1 7 11 0 42 38 1 0.120948811243 0 8 
166 35 2.0 11 2 0 0 12 21 2 0.0873277460748 1 2 
166 35 2.0 5 7 3 0 45 48 2 2.87017250267e-05 2 5 
166 35 2.0 10 3 1 0 24 24 2 0.201545188973 2 2 
166 35 2.0 8 17 3 0 59 60 2 0.144380942858 4 5 
166 35 2.0 2 10 0 0 9 20 1 0.188463579532 0 3 
166 35 2.0 13 5 3 0 34 10 2 4.78049386e-08 4 0 
166 35 2.0 12 9 4 0 40 17 2 3.6035580931e-19 5 0 
166 35 2.0 9 2 0 0 14 27 2 0.0872986003055 1 2 
166 35 2.0 3 18 0 0 25 28 1 0.140465119013 0 5 
166 35 2.0 4 13 0 0 16 24 1 0.140451614367 0 4 
166 35 2.0 15 17 0 0 44 49 3 0.145206772547 7 0 
166 35 2.0 14 7 0 0 24 9 3 6.63817863985e-13 3 0 
166 35 2.0 7 10 2 0 45 48 2 0.144381715879 4 3 
166 35 2.0 6 7 2 0 39 41 2 0.0374529094038 3 3 
166 35 2.0 16 10 4 0 44 28 2 4.21392056133e-19 6 0 
166 36 0.0 1 7 11 0 42 38 1 0.156286443099 0 8 
166 36 0.0 11 2 0 0 12 21 2 0.0759641409085 1 2 
166 36 0.0 5 7 3 0 45 48 2 0.00558084973774 2 5 
166 36 0.0 10 3 1 0 24 24 2 0.166227905496 2 2 
166 36 0.0 8 17 3 0 59 60 2 0.120383496145 4 5 
166 36 0.0 2 10 0 0 9 20 1 0.230848256389 0 3 
166 36 0.0 13 5 3 0 34 10 2 7.0266533194e-24 4 0 
166 36 0.0 12 9 4 0 40 17 2 1.12348180359e-33 5 0 
166 36 0.0 9 2 0 0 14 27 2 0.0728678476971 1 2 
166 36 0.0 3 18 0 0 25 28 1 0.178405037244 0 5 
166 36 0.0 4 13 0 0 16 24 1 0.178907838124 0 4 
166 36 0.0 15 17 0 0 44 49 3 3.90823890799e-34 7 0 
166 36 0.0 14 7 0 0 24 9 3 2.1097015831e-45 3 0 
166 36 0.0 7 10 2 0 45 48 2 0.120384991998 4 3 
166 36 0.0 6 7 2 0 39 41 2 0.0291905694479 3 3 
166 36 0.0 16 10 4 0 44 28 2 1.33019855434e-34 6 0 
166 36 2.0 1 7 11 0 42 38 1 0.121028931113 0 8 
166 36 2.0 11 2 0 0 12 21 2 0.087877078287 1 2 
166 36 2.0 5 7 3 0 45 48 2 4.44463998482e-06 2 5 
166 36 2.0 10 3 1 0 24 24 2 0.202661897865 2 2 
166 36 2.0 8 17 3 0 59 60 2 0.14524859472 4 5 
166 36 2.0 2 10 0 0 9 20 1 0.188444833062 0 3 
166 36 2.0 13 5 3 0 34 10 2 9.89277986899e-08 4 0 
166 36 2.0 12 9 4 0 40 17 2 2.83603323275e-20 5 0 
166 36 2.0 9 2 0 0 14 27 2 0.0878784193164 1 2 
166 36 2.0 3 18 0 0 25 28 1 0.140601848772 0 5 
166 36 2.0 4 13 0 0 16 24 1 0.14059962082 0 4 
166 36 2.0 15 17 0 0 44 49 3 0.145215667802 7 0 
166 36 2.0 14 7 0 0 24 9 3 4.32069393563e-12 3 0 
166 36 2.0 7 10 2 0 45 48 2 0.14524966774 4 3 
166 36 2.0 6 7 2 0 39 41 2 0.0377123362369 3 3 
166 36 2.0 16 10 4 0 44 28 2 2.39300946509e-20 6 0 
166 37 0.0 1 7 11 0 42 38 1 0.156771398105 0 8 
166 37 0.0 11 2 0 0 12 21 2 0.0735618250382 1 2 
166 37 0.0 5 7 3 0 45 48 2 0.00119927479762 2 5 
166 37 0.0 10 3 1 0 24 24 2 0.165398905616 2 2 
166 37 0.0 8 17 3 0 59 60 2 0.119375924658 4 5 
166 37 0.0 2 10 0 0 9 20 1 0.226747172613 0 3 
166 37 0.0 13 5 3 0 34 10 2 5.99385988381e-24 4 0 
166 37 0.0 12 9 4 0 40 17 2 1.81548536888e-34 5 0 
166 37 0.0 9 2 0 0 14 27 2 0.0728989748399 1 2 
166 37 0.0 3 18 0 0 25 28 1 0.176176600718 0 5 
166 37 0.0 4 13 0 0 16 24 1 0.176305550379 0 4 
166 37 0.0 15 17 0 0 44 49 3 2.63207331472e-34 7 0 
166 37 0.0 14 7 0 0 24 9 3 6.2864197474e-46 3 0 
166 37 0.0 7 10 2 0 45 48 2 0.1193777515 4 3 
166 37 0.0 6 7 2 0 39 41 2 0.0335884468691 3 3 
166 37 0.0 16 10 4 0 44 28 2 7.3708920208e-35 6 0 
166 37 2.0 1 7 11 0 42 38 1 0.121313084357 0 8 
166 37 2.0 11 2 0 0 12 21 2 0.0875237269929 1 2 
166 37 2.0 5 7 3 0 45 48 2 3.23436996564e-05 2 5 
166 37 2.0 10 3 1 0 24 24 2 0.202045579493 2 2 
166 37 2.0 8 17 3 0 59 60 2 0.14473348396 4 5 
166 37 2.0 2 10 0 0 9 20 1 0.188934989469 0 3 
166 37 2.0 13 5 3 0 34 10 2 3.2252898418e-08 4 0 
166 37 2.0 12 9 4 0 40 17 2 4.24029064859e-19 5 0 
166 37 2.0 9 2 0 0 14 27 2 0.0875134462517 1 2 
166 37 2.0 3 18 0 0 25 28 1 0.1409496138 0 5 
166 37 2.0 4 13 0 0 16 24 1 0.140955279088 0 4 
166 37 2.0 15 17 0 0 44 49 3 0.144904783858 7 0 
166 37 2.0 14 7 0 0 24 9 3 2.1577131156e-12 3 0 
166 37 2.0 7 10 2 0 45 48 2 0.144734134627 4 3 
166 37 2.0 6 7 2 0 39 41 2 0.0375311081068 3 3 
166 37 2.0 16 10 4 0 44 28 2 4.42055368563e-19 6 0 
166 38 0.0 1 7 11 0 42 38 1 0.16128773103 0 8 
166 38 0.0 11 2 0 0 12 21 2 0.0738133507759 1 2 
166 38 0.0 5 7 3 0 45 48 2 0.000958268956958 2 5 
166 38 0.0 10 3 1 0 24 24 2 0.166797822563 2 2 
166 38 0.0 8 17 3 0 59 60 2 0.120169459089 4 5 
166 38 0.0 2 10 0 0 9 20 1 0.23199106921 0 3 
166 38 0.0 13 5 3 0 34 10 2 6.38987753322e-24 4 0 
166 38 0.0 12 9 4 0 40 17 2 5.78095781345e-36 5 0 
166 38 0.0 9 2 0 0 14 27 2 0.0732801558737 1 2 
166 38 0.0 3 18 0 0 25 28 1 0.181678234277 0 5 
166 38 0.0 4 13 0 0 16 24 1 0.181783087259 0 4 
166 38 0.0 15 17 0 0 44 49 3 7.2625613858e-35 7 0 
166 38 0.0 14 7 0 0 24 9 3 3.40535737164e-47 3 0 
166 38 0.0 7 10 2 0 45 48 2 0.120174160079 4 3 
166 38 0.0 6 7 2 0 39 41 2 0.0339532755393 3 3 
166 38 0.0 16 10 4 0 44 28 2 8.12792275653e-36 6 0 
166 38 2.0 1 7 11 0 42 38 1 0.121070048124 0 8 
166 38 2.0 11 2 0 0 12 21 2 0.0872017842095 1 2 
166 38 2.0 5 7 3 0 45 48 2 1.65060848194e-05 2 5 
166 38 2.0 10 3 1 0 24 24 2 0.201371078382 2 2 
166 38 2.0 8 17 3 0 59 60 2 0.144229237857 4 5 
166 38 2.0 2 10 0 0 9 20 1 0.188635669703 0 3 
166 38 2.0 13 5 3 0 34 10 2 5.42399333315e-09 4 0 
166 38 2.0 12 9 4 0 40 17 2 7.94700901203e-20 5 0 
166 38 2.0 9 2 0 0 14 27 2 0.0872050450187 1 2 
166 38 2.0 3 18 0 0 25 28 1 0.14058728634 0 5 
166 38 2.0 4 13 0 0 16 24 1 0.140604441369 0 4 
166 38 2.0 15 17 0 0 44 49 3 0.14509723884 7 0 
166 38 2.0 14 7 0 0 24 9 3 4.92091422261e-14 3 0 
166 38 2.0 7 10 2 0 45 48 2 0.144230611681 4 3 
166 38 2.0 6 7 2 0 39 41 2 0.0374188766742 3 3 
166 38 2.0 16 10 4 0 44 28 2 3.36309910838e-19 6 0 
166 39 0.0 1 7 11 0 42 38 1 0.15570771239 0 8 
166 39 0.0 11 2 0 0 12 21 2 0.0742518276251 1 2 
166 39 0.0 5 7 3 0 45 48 2 0.00311057551247 2 5 
166 39 0.0 10 3 1 0 24 24 2 0.16502555487 2 2 
166 39 0.0 8 17 3 0 59 60 2 0.119271883567 4 5 
166 39 0.0 2 10 0 0 9 20 1 0.22785047848 0 3 
166 39 0.0 13 5 3 0 34 10 2 2.56340585372e-23 4 0 
166 39 0.0 12 9 4 0 40 17 2 3.6611053325e-34 5 0 
166 39 0.0 9 2 0 0 14 27 2 0.0725313630209 1 2 
166 39 0.0 3 18 0 0 25 28 1 0.176196174463 0 5 
166 39 0.0 4 13 0 0 16 24 1 0.176510721317 0 4 
166 39 0.0 15 17 0 0 44 49 3 2.46673314271e-34 7 0 
166 39 0.0 14 7 0 0 24 9 3 2.6574156644e-45 3 0 
166 39 0.0 7 10 2 0 45 48 2 0.119272571626 4 3 
166 39 0.0 6 7 2 0 39 41 2 0.0316645621089 3 3 
166 39 0.0 16 10 4 0 44 28 2 2.94194123749e-34 6 0 
166 39 2.0 1 7 11 0 42 38 1 0.119019180143 0 8 
166 39 2.0 11 2 0 0 12 21 2 0.087963269003 1 2 
166 39 2.0 5 7 3 0 45 48 2 0.00012680584379 2 5 
166 39 2.0 10 3 1 0 24 24 2 0.202150583609 2 2 
166 39 2.0 8 17 3 0 59 60 2 0.145076782835 4 5 
166 39 2.0 2 10 0 0 9 20 1 0.185806048885 0 3 
166 39 2.0 13 5 3 0 34 10 2 1.61588707429e-07 4 0 
166 39 2.0 12 9 4 0 40 17 2 9.79235028893e-21 5 0 
166 39 2.0 9 2 0 0 14 27 2 0.0878858769621 1 2 
166 39 2.0 3 18 0 0 25 28 1 0.138078471801 0 5 
166 39 2.0 4 13 0 0 16 24 1 0.138105209599 0 4 
166 39 2.0 15 17 0 0 44 49 3 0.146893589741 7 0 
166 39 2.0 14 7 0 0 24 9 3 8.30912669179e-13 3 0 
166 39 2.0 7 10 2 0 45 48 2 0.145078721511 4 3 
166 39 2.0 6 7 2 0 39 41 2 0.0376228811676 3 3 
166 39 2.0 16 10 4 0 44 28 2 1.38110627815e-19 6 0 
166 40 0.0 1 7 11 0 42 38 1 0.157804343333 0 8 
166 40 0.0 11 2 0 0 12 21 2 0.0727326928523 1 2 
166 40 0.0 5 7 3 0 45 48 2 0.000240207402323 2 5 
166 40 0.0 10 3 1 0 24 24 2 0.164735413941 2 2 
166 40 0.0 8 17 3 0 59 60 2 0.118723424705 4 5 
166 40 0.0 2 10 0 0 9 20 1 0.226846734 0 3 
166 40 0.0 13 5 3 0 34 10 2 3.00421690445e-24 4 0 
166 40 0.0 12 9 4 0 40 17 2 1.00308303018e-35 5 0 
166 40 0.0 9 2 0 0 14 27 2 0.0725999889662 1 2 
166 40 0.0 3 18 0 0 25 28 1 0.176656140266 0 5 
166 40 0.0 4 13 0 0 16 24 1 0.176680759975 0 4 
166 40 0.0 15 17 0 0 44 49 3 2.13469108035e-34 7 0 
166 40 0.0 14 7 0 0 24 9 3 7.39528699938e-46 3 0 
166 40 0.0 7 10 2 0 45 48 2 0.118724877587 4 3 
166 40 0.0 6 7 2 0 39 41 2 0.0342525091143 3 3 
166 40 0.0 16 10 4 0 44 28 2 1.49550277996e-35 6 0 
166 40 2.0 1 7 11 0 42 38 1 0.119611490576 0 8 
166 40 2.0 11 2 0 0 12 21 2 0.085262123843 1 2 
166 40 2.0 5 7 3 0 45 48 2 1.27305519771e-05 2 5 
166 40 2.0 10 3 1 0 24 24 2 0.197213883026 2 2 
166 40 2.0 8 17 3 0 59 60 2 0.141124517094 4 5 
166 40 2.0 2 10 0 0 9 20 1 0.186951479398 0 3 
166 40 2.0 13 5 3 0 34 10 2 1.1596607901e-08 4 0 
166 40 2.0 12 9 4 0 40 17 2 1.43447657521e-21 5 0 
166 40 2.0 9 2 0 0 14 27 2 0.0852569818766 1 2 
166 40 2.0 3 18 0 0 25 28 1 0.138519542531 0 5 
166 40 2.0 4 13 0 0 16 24 1 0.138519010225 0 4 
166 40 2.0 15 17 0 0 44 49 3 0.146031934728 7 0 
166 40 2.0 14 7 0 0 24 9 3 8.27334624082e-13 3 0 
166 40 2.0 7 10 2 0 45 48 2 0.14112555908 4 3 
166 40 2.0 6 7 2 0 39 41 2 0.0366222106298 3 3 
166 40 2.0 16 10 4 0 44 28 2 1.12538366304e-20 6 0 
