133 1 0.0 5 1 1 0 2 6 1 0.191638849617 0 2 
133 1 0.0 4 1 1 0 2 4 1 0.232483200803 0 2 
133 1 0.0 17 5 1 0 7 9 2 4.9259823354e-23 3 1 
133 1 0.0 11 0 1 0 6 2 2 0.0521068834429 2 0 
133 1 0.0 7 6 1 0 9 11 2 0.146409228418 1 3 
133 1 0.0 16 7 1 0 7 8 4 3.38297014349e-57 2 1 
133 1 0.0 10 1 0 0 6 1 3 6.24991124403e-11 1 0 
133 1 0.0 6 7 1 0 6 12 2 0.311797168713 2 2 
133 1 0.0 18 3 0 0 2 1 3 1.42265778464e-77 1 0 
133 1 0.0 13 13 3 0 15 13 3 0.0866323717984 3 3 
133 1 0.0 1 2 0 0 1 4 1 0.371792062806 0 1 
133 1 0.0 12 6 2 0 7 6 3 0.0851064881857 2 1 
133 1 0.0 8 2 1 0 6 7 2 0.117279912684 1 2 
133 1 0.0 3 3 0 0 1 2 1 0.324917476554 0 1 
133 1 0.0 15 6 1 0 9 6 3 7.91713561751e-39 2 1 
133 1 0.0 2 2 0 0 1 4 1 0.371792062806 0 1 
133 1 0.0 14 3 0 0 6 1 4 3.82265518697e-40 1 0 
133 1 0.0 9 1 1 0 3 5 2 0.149596661423 1 1 
133 1 2.0 5 1 1 0 2 6 1 0.126198574695 0 2 
133 1 2.0 4 1 1 0 2 4 1 0.285964620762 0 2 
133 1 2.0 17 5 1 0 7 9 2 3.23392045485e-13 3 1 
133 1 2.0 11 0 1 0 6 2 2 0.331696138464 2 0 
133 1 2.0 7 6 1 0 9 11 2 0.0932095073542 1 3 
133 1 2.0 16 7 1 0 7 8 4 3.88016248134e-18 2 1 
133 1 2.0 10 1 0 0 6 1 3 0.0687530624672 1 0 
133 1 2.0 6 7 1 0 6 12 2 0.280810021422 2 2 
133 1 2.0 18 3 0 0 2 1 3 9.00962363808e-55 1 0 
133 1 2.0 13 13 3 0 15 13 3 0.0831767821584 3 3 
133 1 2.0 1 2 0 0 1 4 1 0.608278483425 0 1 
133 1 2.0 12 6 2 0 7 6 3 0.715797146634 2 1 
133 1 2.0 8 2 1 0 6 7 2 2.04602619074e-07 1 2 
133 1 2.0 3 3 0 0 1 2 1 0.749279566743 0 1 
133 1 2.0 15 6 1 0 9 6 3 2.72151737871e-31 2 1 
133 1 2.0 2 2 0 0 1 4 1 0.608278483425 0 1 
133 1 2.0 14 3 0 0 6 1 4 0.16927306247 1 0 
133 1 2.0 9 1 1 0 3 5 2 0.179212598482 1 1 
133 2 0.0 5 1 1 0 2 6 1 0.191594915069 0 2 
133 2 0.0 4 1 1 0 2 4 1 0.23272299061 0 2 
133 2 0.0 17 5 1 0 7 9 2 2.39918618874e-22 3 1 
133 2 0.0 11 0 1 0 6 2 2 0.0524070862046 2 0 
133 2 0.0 7 6 1 0 9 11 2 0.146409576258 1 3 
133 2 0.0 16 7 1 0 7 8 4 6.59984198497e-60 2 1 
133 2 0.0 10 1 0 0 6 1 3 1.13661231771e-10 1 0 
133 2 0.0 6 7 1 0 6 12 2 0.311796263159 2 2 
133 2 0.0 18 3 0 0 2 1 3 1.55340990813e-77 1 0 
133 2 0.0 13 13 3 0 15 13 3 0.0866381691917 3 3 
133 2 0.0 1 2 0 0 1 4 1 0.37180670854 0 1 
133 2 0.0 12 6 2 0 7 6 3 0.0851149361035 2 1 
133 2 0.0 8 2 1 0 6 7 2 0.1170972277 1 2 
133 2 0.0 3 3 0 0 1 2 1 0.324930618778 0 1 
133 2 0.0 15 6 1 0 9 6 3 7.4154291206e-41 2 1 
133 2 0.0 2 2 0 0 1 4 1 0.37180670854 0 1 
133 2 0.0 14 3 0 0 6 1 4 3.55315070147e-44 1 0 
133 2 0.0 9 1 1 0 3 5 2 0.149796229651 1 1 
133 2 2.0 5 1 1 0 2 6 1 0.126112345035 0 2 
133 2 2.0 4 1 1 0 2 4 1 0.285964753348 0 2 
133 2 2.0 17 5 1 0 7 9 2 1.00993068845e-13 3 1 
133 2 2.0 11 0 1 0 6 2 2 0.331696403418 2 0 
133 2 2.0 7 6 1 0 9 11 2 0.0934259860291 1 3 
133 2 2.0 16 7 1 0 7 8 4 6.66557382805e-18 2 1 
133 2 2.0 10 1 0 0 6 1 3 0.0687450571022 1 0 
133 2 2.0 6 7 1 0 6 12 2 0.281075071604 2 2 
133 2 2.0 18 3 0 0 2 1 3 1.25618919075e-54 1 0 
133 2 2.0 13 13 3 0 15 13 3 0.0835890285739 3 3 
133 2 2.0 1 2 0 0 1 4 1 0.608171904063 0 1 
133 2 2.0 12 6 2 0 7 6 3 0.715133632787 2 1 
133 2 2.0 8 2 1 0 6 7 2 8.00590614893e-08 1 2 
133 2 2.0 3 3 0 0 1 2 1 0.748929719896 0 1 
133 2 2.0 15 6 1 0 9 6 3 1.67609089606e-32 2 1 
133 2 2.0 2 2 0 0 1 4 1 0.608171904063 0 1 
133 2 2.0 14 3 0 0 6 1 4 0.169906073571 1 0 
133 2 2.0 9 1 1 0 3 5 2 0.180307216706 1 1 
133 3 0.0 5 1 1 0 2 6 1 0.191954555074 0 2 
133 3 0.0 4 1 1 0 2 4 1 0.23133764591 0 2 
133 3 0.0 17 5 1 0 7 9 2 1.02273282091e-22 3 1 
133 3 0.0 11 0 1 0 6 2 2 0.0506717972672 2 0 
133 3 0.0 7 6 1 0 9 11 2 0.146409048581 1 3 
133 3 0.0 16 7 1 0 7 8 4 2.84897734964e-60 2 1 
133 3 0.0 10 1 0 0 6 1 3 1.61368333525e-10 1 0 
133 3 0.0 6 7 1 0 6 12 2 0.31179426599 2 2 
133 3 0.0 18 3 0 0 2 1 3 1.19980818794e-77 1 0 
133 3 0.0 13 13 3 0 15 13 3 0.0866355831506 3 3 
133 3 0.0 1 2 0 0 1 4 1 0.371813902459 0 1 
133 3 0.0 12 6 2 0 7 6 3 0.0851232605494 2 1 
133 3 0.0 8 2 1 0 6 7 2 0.118153240907 1 2 
133 3 0.0 3 3 0 0 1 2 1 0.324937258811 0 1 
133 3 0.0 15 6 1 0 9 6 3 1.29295852432e-38 2 1 
133 3 0.0 2 2 0 0 1 4 1 0.371813902459 0 1 
133 3 0.0 14 3 0 0 6 1 4 1.83457853355e-45 1 0 
133 3 0.0 9 1 1 0 3 5 2 0.149526907291 1 1 
133 3 2.0 5 1 1 0 2 6 1 0.126721623837 0 2 
133 3 2.0 4 1 1 0 2 4 1 0.285964816398 0 2 
133 3 2.0 17 5 1 0 7 9 2 7.04239349631e-13 3 1 
133 3 2.0 11 0 1 0 6 2 2 0.331696529414 2 0 
133 3 2.0 7 6 1 0 9 11 2 0.0933554098488 1 3 
133 3 2.0 16 7 1 0 7 8 4 2.06658254471e-18 2 1 
133 3 2.0 10 1 0 0 6 1 3 0.0687798581283 1 0 
133 3 2.0 6 7 1 0 6 12 2 0.280999100021 2 2 
133 3 2.0 18 3 0 0 2 1 3 1.03342897581e-54 1 0 
133 3 2.0 13 13 3 0 15 13 3 0.0833699886587 3 3 
133 3 2.0 1 2 0 0 1 4 1 0.608147468148 0 1 
133 3 2.0 12 6 2 0 7 6 3 0.715462755245 2 1 
133 3 2.0 8 2 1 0 6 7 2 2.08337516777e-08 1 2 
133 3 2.0 3 3 0 0 1 2 1 0.748963512476 0 1 
133 3 2.0 15 6 1 0 9 6 3 8.52188573116e-33 2 1 
133 3 2.0 2 2 0 0 1 4 1 0.608147468148 0 1 
133 3 2.0 14 3 0 0 6 1 4 0.169830877654 1 0 
133 3 2.0 9 1 1 0 3 5 2 0.179216123842 1 1 
133 4 0.0 5 1 1 0 2 6 1 0.191810260969 0 2 
133 4 0.0 4 1 1 0 2 4 1 0.233015316865 0 2 
133 4 0.0 17 5 1 0 7 9 2 4.49943630129e-23 3 1 
133 4 0.0 11 0 1 0 6 2 2 0.052772942322 2 0 
133 4 0.0 7 6 1 0 9 11 2 0.146409504025 1 3 
133 4 0.0 16 7 1 0 7 8 4 1.55493829988e-58 2 1 
133 4 0.0 10 1 0 0 6 1 3 9.52952022999e-11 1 0 
133 4 0.0 6 7 1 0 6 12 2 0.311797357614 2 2 
133 4 0.0 18 3 0 0 2 1 3 9.61914064083e-78 1 0 
133 4 0.0 13 13 3 0 15 13 3 0.0866365163657 3 3 
133 4 0.0 1 2 0 0 1 4 1 0.371796775182 0 1 
133 4 0.0 12 6 2 0 7 6 3 0.0851074040741 2 1 
133 4 0.0 8 2 1 0 6 7 2 0.116874654563 1 2 
133 4 0.0 3 3 0 0 1 2 1 0.324921574616 0 1 
133 4 0.0 15 6 1 0 9 6 3 1.04147671955e-40 2 1 
133 4 0.0 2 2 0 0 1 4 1 0.371796775182 0 1 
133 4 0.0 14 3 0 0 6 1 4 2.54857868229e-42 1 0 
133 4 0.0 9 1 1 0 3 5 2 0.149392659897 1 1 
133 4 2.0 5 1 1 0 2 6 1 0.126593808032 0 2 
133 4 2.0 4 1 1 0 2 4 1 0.285964832738 0 2 
133 4 2.0 17 5 1 0 7 9 2 1.14622108748e-11 3 1 
133 4 2.0 11 0 1 0 6 2 2 0.331696562067 2 0 
133 4 2.0 7 6 1 0 9 11 2 0.0934076835576 1 3 
133 4 2.0 16 7 1 0 7 8 4 2.4662565246e-18 2 1 
133 4 2.0 10 1 0 0 6 1 3 0.0687609747446 1 0 
133 4 2.0 6 7 1 0 6 12 2 0.281057596453 2 2 
133 4 2.0 18 3 0 0 2 1 3 8.1074088964e-55 1 0 
133 4 2.0 13 13 3 0 15 13 3 0.0835140552803 3 3 
133 4 2.0 1 2 0 0 1 4 1 0.608152921806 0 1 
133 4 2.0 12 6 2 0 7 6 3 0.715242968821 2 1 
133 4 2.0 8 2 1 0 6 7 2 5.48504006761e-09 1 2 
133 4 2.0 3 3 0 0 1 2 1 0.748921291662 0 1 
133 4 2.0 15 6 1 0 9 6 3 1.56361060149e-32 2 1 
133 4 2.0 2 2 0 0 1 4 1 0.608152921806 0 1 
133 4 2.0 14 3 0 0 6 1 4 0.169914839008 1 0 
133 4 2.0 9 1 1 0 3 5 2 0.179374728347 1 1 
133 5 0.0 5 1 1 0 2 6 1 0.191774645619 0 2 
133 5 0.0 4 1 1 0 2 4 1 0.232025766837 0 2 
133 5 0.0 17 5 1 0 7 9 2 3.52324193956e-23 3 1 
133 5 0.0 11 0 1 0 6 2 2 0.0515341891822 2 0 
133 5 0.0 7 6 1 0 9 11 2 0.146409216516 1 3 
133 5 0.0 16 7 1 0 7 8 4 1.63994247674e-57 2 1 
133 5 0.0 10 1 0 0 6 1 3 6.24341946379e-11 1 0 
133 5 0.0 6 7 1 0 6 12 2 0.311797157992 2 2 
133 5 0.0 18 3 0 0 2 1 3 1.01786535804e-77 1 0 
133 5 0.0 13 13 3 0 15 13 3 0.0866331907375 3 3 
133 5 0.0 1 2 0 0 1 4 1 0.371792434639 0 1 
133 5 0.0 12 6 2 0 7 6 3 0.0851062396472 2 1 
133 5 0.0 8 2 1 0 6 7 2 0.117628414069 1 2 
133 5 0.0 3 3 0 0 1 2 1 0.324917699229 0 1 
133 5 0.0 15 6 1 0 9 6 3 1.44219119957e-37 2 1 
133 5 0.0 2 2 0 0 1 4 1 0.371792434639 0 1 
133 5 0.0 14 3 0 0 6 1 4 1.00235256524e-40 1 0 
133 5 0.0 9 1 1 0 3 5 2 0.149377813041 1 1 
133 5 2.0 5 1 1 0 2 6 1 0.126391628686 0 2 
133 5 2.0 4 1 1 0 2 4 1 0.285964803758 0 2 
133 5 2.0 17 5 1 0 7 9 2 1.82675265367e-12 3 1 
133 5 2.0 11 0 1 0 6 2 2 0.331696504155 2 0 
133 5 2.0 7 6 1 0 9 11 2 0.0934549098419 1 3 
133 5 2.0 16 7 1 0 7 8 4 4.44505673197e-18 2 1 
133 5 2.0 10 1 0 0 6 1 3 0.068700086718 1 0 
133 5 2.0 6 7 1 0 6 12 2 0.281096336818 2 2 
133 5 2.0 18 3 0 0 2 1 3 6.30587687347e-55 1 0 
133 5 2.0 13 13 3 0 15 13 3 0.0837597896704 3 3 
133 5 2.0 1 2 0 0 1 4 1 0.608238224533 0 1 
133 5 2.0 12 6 2 0 7 6 3 0.714892032599 2 1 
133 5 2.0 8 2 1 0 6 7 2 3.27069575815e-08 1 2 
133 5 2.0 3 3 0 0 1 2 1 0.748992456748 0 1 
133 5 2.0 15 6 1 0 9 6 3 7.86843028413e-33 2 1 
133 5 2.0 2 2 0 0 1 4 1 0.608238224533 0 1 
133 5 2.0 14 3 0 0 6 1 4 0.1698107193 1 0 
133 5 2.0 9 1 1 0 3 5 2 0.180638682103 1 1 
133 6 0.0 5 1 1 0 2 6 1 0.191697959645 0 2 
133 6 0.0 4 1 1 0 2 4 1 0.230821753665 0 2 
133 6 0.0 17 5 1 0 7 9 2 9.28925260159e-24 3 1 
133 6 0.0 11 0 1 0 6 2 2 0.0500249159386 2 0 
133 6 0.0 7 6 1 0 9 11 2 0.146409293779 1 3 
133 6 0.0 16 7 1 0 7 8 4 6.96705076179e-57 2 1 
133 6 0.0 10 1 0 0 6 1 3 3.26262333966e-10 1 0 
133 6 0.0 6 7 1 0 6 12 2 0.311796994397 2 2 
133 6 0.0 18 3 0 0 2 1 3 8.89430161546e-78 1 0 
133 6 0.0 13 13 3 0 15 13 3 0.086630622898 3 3 
133 6 0.0 1 2 0 0 1 4 1 0.371792519527 0 1 
133 6 0.0 12 6 2 0 7 6 3 0.0851083403594 2 1 
133 6 0.0 8 2 1 0 6 7 2 0.11854730015 1 2 
133 6 0.0 3 3 0 0 1 2 1 0.324918083263 0 1 
133 6 0.0 15 6 1 0 9 6 3 1.32381778621e-33 2 1 
133 6 0.0 2 2 0 0 1 4 1 0.371792519527 0 1 
133 6 0.0 14 3 0 0 6 1 4 3.88041805611e-38 1 0 
133 6 0.0 9 1 1 0 3 5 2 0.149344490668 1 1 
133 6 2.0 5 1 1 0 2 6 1 0.126425238219 0 2 
133 6 2.0 4 1 1 0 2 4 1 0.28596482133 0 2 
133 6 2.0 17 5 1 0 7 9 2 1.85170626424e-12 3 1 
133 6 2.0 11 0 1 0 6 2 2 0.331696539269 2 0 
133 6 2.0 7 6 1 0 9 11 2 0.0934468654111 1 3 
133 6 2.0 16 7 1 0 7 8 4 4.56810432279e-18 2 1 
133 6 2.0 10 1 0 0 6 1 3 0.0687226081044 1 0 
133 6 2.0 6 7 1 0 6 12 2 0.28109361112 2 2 
133 6 2.0 18 3 0 0 2 1 3 4.51190981179e-55 1 0 
133 6 2.0 13 13 3 0 15 13 3 0.0836859495474 3 3 
133 6 2.0 1 2 0 0 1 4 1 0.608201416158 0 1 
133 6 2.0 12 6 2 0 7 6 3 0.714993952359 2 1 
133 6 2.0 8 2 1 0 6 7 2 1.62010424131e-08 1 2 
133 6 2.0 3 3 0 0 1 2 1 0.74895001316 0 1 
133 6 2.0 15 6 1 0 9 6 3 3.51435885556e-33 2 1 
133 6 2.0 2 2 0 0 1 4 1 0.608201416158 0 1 
133 6 2.0 14 3 0 0 6 1 4 0.169878435261 1 0 
133 6 2.0 9 1 1 0 3 5 2 0.180670551237 1 1 
133 7 0.0 5 1 1 0 2 6 1 0.19194023266 0 2 
133 7 0.0 4 1 1 0 2 4 1 0.229832625325 0 2 
133 7 0.0 17 5 1 0 7 9 2 9.51853178102e-24 3 1 
133 7 0.0 11 0 1 0 6 2 2 0.0487781313625 2 0 
133 7 0.0 7 6 1 0 9 11 2 0.146409524832 1 3 
133 7 0.0 16 7 1 0 7 8 4 1.60985921249e-58 2 1 
133 7 0.0 10 1 0 0 6 1 3 4.91862150309e-11 1 0 
133 7 0.0 6 7 1 0 6 12 2 0.311797296447 2 2 
133 7 0.0 18 3 0 0 2 1 3 1.37764064789e-77 1 0 
133 7 0.0 13 13 3 0 15 13 3 0.0866367385885 3 3 
133 7 0.0 1 2 0 0 1 4 1 0.371797054657 0 1 
133 7 0.0 12 6 2 0 7 6 3 0.0851076684885 2 1 
133 7 0.0 8 2 1 0 6 7 2 0.119308486339 1 2 
133 7 0.0 3 3 0 0 1 2 1 0.324921734 0 1 
133 7 0.0 15 6 1 0 9 6 3 3.64465632548e-33 2 1 
133 7 0.0 2 2 0 0 1 4 1 0.371797054657 0 1 
133 7 0.0 14 3 0 0 6 1 4 2.01535763823e-42 1 0 
133 7 0.0 9 1 1 0 3 5 2 0.149622951134 1 1 
133 7 2.0 5 1 1 0 2 6 1 0.126446788462 0 2 
133 7 2.0 4 1 1 0 2 4 1 0.285964728936 0 2 
133 7 2.0 17 5 1 0 7 9 2 9.19422322596e-13 3 1 
133 7 2.0 11 0 1 0 6 2 2 0.331696354634 2 0 
133 7 2.0 7 6 1 0 9 11 2 0.0931743381901 1 3 
133 7 2.0 16 7 1 0 7 8 4 4.31880797184e-18 2 1 
133 7 2.0 10 1 0 0 6 1 3 0.0687314643938 1 0 
133 7 2.0 6 7 1 0 6 12 2 0.280759640332 2 2 
133 7 2.0 18 3 0 0 2 1 3 6.34997953288e-55 1 0 
133 7 2.0 13 13 3 0 15 13 3 0.0831695918844 3 3 
133 7 2.0 1 2 0 0 1 4 1 0.608337979738 0 1 
133 7 2.0 12 6 2 0 7 6 3 0.715824452501 2 1 
133 7 2.0 8 2 1 0 6 7 2 1.02990289532e-07 1 2 
133 7 2.0 3 3 0 0 1 2 1 0.749393539033 0 1 
133 7 2.0 15 6 1 0 9 6 3 8.60933942538e-33 2 1 
133 7 2.0 2 2 0 0 1 4 1 0.608337979738 0 1 
133 7 2.0 14 3 0 0 6 1 4 0.169077261568 1 0 
133 7 2.0 9 1 1 0 3 5 2 0.179666750197 1 1 
133 8 0.0 5 1 1 0 2 6 1 0.191808268611 0 2 
133 8 0.0 4 1 1 0 2 4 1 0.232728706173 0 2 
133 8 0.0 17 5 1 0 7 9 2 8.35453300932e-24 3 1 
133 8 0.0 11 0 1 0 6 2 2 0.0524142342316 2 0 
133 8 0.0 7 6 1 0 9 11 2 0.146409784282 1 3 
133 8 0.0 16 7 1 0 7 8 4 6.24328178226e-59 2 1 
133 8 0.0 10 1 0 0 6 1 3 7.9242027954e-11 1 0 
133 8 0.0 6 7 1 0 6 12 2 0.311797524844 2 2 
133 8 0.0 18 3 0 0 2 1 3 1.27739109467e-77 1 0 
133 8 0.0 13 13 3 0 15 13 3 0.0866373938004 3 3 
133 8 0.0 1 2 0 0 1 4 1 0.371799241549 0 1 
133 8 0.0 12 6 2 0 7 6 3 0.0851088996109 2 1 
133 8 0.0 8 2 1 0 6 7 2 0.117092882109 1 2 
133 8 0.0 3 3 0 0 1 2 1 0.32492393169 0 1 
133 8 0.0 15 6 1 0 9 6 3 4.52529510529e-40 2 1 
133 8 0.0 2 2 0 0 1 4 1 0.371799241549 0 1 
133 8 0.0 14 3 0 0 6 1 4 3.06743865563e-43 1 0 
133 8 0.0 9 1 1 0 3 5 2 0.149357578695 1 1 
133 8 2.0 5 1 1 0 2 6 1 0.126152164505 0 2 
133 8 2.0 4 1 1 0 2 4 1 0.285964830481 0 2 
133 8 2.0 17 5 1 0 7 9 2 9.90711246444e-13 3 1 
133 8 2.0 11 0 1 0 6 2 2 0.331696557556 2 0 
133 8 2.0 7 6 1 0 9 11 2 0.0934496930496 1 3 
133 8 2.0 16 7 1 0 7 8 4 4.76319230352e-18 2 1 
133 8 2.0 10 1 0 0 6 1 3 0.0687219254634 1 0 
133 8 2.0 6 7 1 0 6 12 2 0.281096886392 2 2 
133 8 2.0 18 3 0 0 2 1 3 5.12664736115e-55 1 0 
133 8 2.0 13 13 3 0 15 13 3 0.0836928586348 3 3 
133 8 2.0 1 2 0 0 1 4 1 0.608201079849 0 1 
133 8 2.0 12 6 2 0 7 6 3 0.714983264689 2 1 
133 8 2.0 8 2 1 0 6 7 2 7.60510911459e-09 1 2 
133 8 2.0 3 3 0 0 1 2 1 0.748946882384 0 1 
133 8 2.0 15 6 1 0 9 6 3 5.86497652874e-34 2 1 
133 8 2.0 2 2 0 0 1 4 1 0.608201079849 0 1 
133 8 2.0 14 3 0 0 6 1 4 0.169884341967 1 0 
133 8 2.0 9 1 1 0 3 5 2 0.180391540223 1 1 
133 9 0.0 5 1 1 0 2 6 1 0.191836275627 0 2 
133 9 0.0 4 1 1 0 2 4 1 0.230894013108 0 2 
133 9 0.0 17 5 1 0 7 9 2 7.19407044198e-23 3 1 
133 9 0.0 11 0 1 0 6 2 2 0.050115316899 2 0 
133 9 0.0 7 6 1 0 9 11 2 0.146409583722 1 3 
133 9 0.0 16 7 1 0 7 8 4 5.73341217892e-58 2 1 
133 9 0.0 10 1 0 0 6 1 3 2.96738032674e-10 1 0 
133 9 0.0 6 7 1 0 6 12 2 0.311797668938 2 2 
133 9 0.0 18 3 0 0 2 1 3 1.27635932579e-77 1 0 
133 9 0.0 13 13 3 0 15 13 3 0.0866343054943 3 3 
133 9 0.0 1 2 0 0 1 4 1 0.371793270244 0 1 
133 9 0.0 12 6 2 0 7 6 3 0.0851061846468 2 1 
133 9 0.0 8 2 1 0 6 7 2 0.118491618329 1 2 
133 9 0.0 3 3 0 0 1 2 1 0.324918539194 0 1 
133 9 0.0 15 6 1 0 9 6 3 1.09178307141e-35 2 1 
133 9 0.0 2 2 0 0 1 4 1 0.371793270244 0 1 
133 9 0.0 14 3 0 0 6 1 4 3.52245087923e-41 1 0 
133 9 0.0 9 1 1 0 3 5 2 0.149725228134 1 1 
133 9 2.0 5 1 1 0 2 6 1 0.126801955793 0 2 
133 9 2.0 4 1 1 0 2 4 1 0.285964834598 0 2 
133 9 2.0 17 5 1 0 7 9 2 1.09024536902e-13 3 1 
133 9 2.0 11 0 1 0 6 2 2 0.331696565783 2 0 
133 9 2.0 7 6 1 0 9 11 2 0.0933331872416 1 3 
133 9 2.0 16 7 1 0 7 8 4 2.99427098634e-18 2 1 
133 9 2.0 10 1 0 0 6 1 3 0.0685625755983 1 0 
133 9 2.0 6 7 1 0 6 12 2 0.280903377857 2 2 
133 9 2.0 18 3 0 0 2 1 3 9.32196914479e-55 1 0 
133 9 2.0 13 13 3 0 15 13 3 0.0838983636775 3 3 
133 9 2.0 1 2 0 0 1 4 1 0.608559037305 0 1 
133 9 2.0 12 6 2 0 7 6 3 0.714773019927 2 1 
133 9 2.0 8 2 1 0 6 7 2 3.73802352667e-09 1 2 
133 9 2.0 3 3 0 0 1 2 1 0.749544196098 0 1 
133 9 2.0 15 6 1 0 9 6 3 2.79500979003e-33 2 1 
133 9 2.0 2 2 0 0 1 4 1 0.608559037305 0 1 
133 9 2.0 14 3 0 0 6 1 4 0.168870705059 1 0 
133 9 2.0 9 1 1 0 3 5 2 0.179250344783 1 1 
133 10 0.0 5 1 1 0 2 6 1 0.191651075943 0 2 
133 10 0.0 4 1 1 0 2 4 1 0.232792158565 0 2 
133 10 0.0 17 5 1 0 7 9 2 3.16967257401e-22 3 1 
133 10 0.0 11 0 1 0 6 2 2 0.0524936585416 2 0 
133 10 0.0 7 6 1 0 9 11 2 0.146409657612 1 3 
133 10 0.0 16 7 1 0 7 8 4 1.84820612511e-58 2 1 
133 10 0.0 10 1 0 0 6 1 3 1.87216413922e-10 1 0 
133 10 0.0 6 7 1 0 6 12 2 0.311797775486 2 2 
133 10 0.0 18 3 0 0 2 1 3 8.69573174893e-78 1 0 
133 10 0.0 13 13 3 0 15 13 3 0.086634940821 3 3 
133 10 0.0 1 2 0 0 1 4 1 0.371794151492 0 1 
133 10 0.0 12 6 2 0 7 6 3 0.0851063344128 2 1 
133 10 0.0 8 2 1 0 6 7 2 0.117044561776 1 2 
133 10 0.0 3 3 0 0 1 2 1 0.32491939356 0 1 
133 10 0.0 15 6 1 0 9 6 3 1.96947392179e-39 2 1 
133 10 0.0 2 2 0 0 1 4 1 0.371794151492 0 1 
133 10 0.0 14 3 0 0 6 1 4 1.53176788202e-41 1 0 
133 10 0.0 9 1 1 0 3 5 2 0.149309170692 1 1 
133 10 2.0 5 1 1 0 2 6 1 0.126656532235 0 2 
133 10 2.0 4 1 1 0 2 4 1 0.285964817313 0 2 
133 10 2.0 17 5 1 0 7 9 2 2.88761015656e-13 3 1 
133 10 2.0 11 0 1 0 6 2 2 0.331696531242 2 0 
133 10 2.0 7 6 1 0 9 11 2 0.0934442664396 1 3 
133 10 2.0 16 7 1 0 7 8 4 2.47670441622e-18 2 1 
133 10 2.0 10 1 0 0 6 1 3 0.0686273191697 1 0 
133 10 2.0 6 7 1 0 6 12 2 0.281060209305 2 2 
133 10 2.0 18 3 0 0 2 1 3 1.14829598586e-54 1 0 
133 10 2.0 13 13 3 0 15 13 3 0.083931669311 3 3 
133 10 2.0 1 2 0 0 1 4 1 0.608377651338 0 1 
133 10 2.0 12 6 2 0 7 6 3 0.714671114379 2 1 
133 10 2.0 8 2 1 0 6 7 2 1.99744643073e-08 1 2 
133 10 2.0 3 3 0 0 1 2 1 0.749192317178 0 1 
133 10 2.0 15 6 1 0 9 6 3 8.36166545859e-33 2 1 
133 10 2.0 2 2 0 0 1 4 1 0.608377651338 0 1 
133 10 2.0 14 3 0 0 6 1 4 0.169478411562 1 0 
133 10 2.0 9 1 1 0 3 5 2 0.180563820387 1 1 
133 11 0.0 5 1 1 0 2 6 1 0.191671393766 0 2 
133 11 0.0 4 1 1 0 2 4 1 0.232233932716 0 2 
133 11 0.0 17 5 1 0 7 9 2 1.86645249089e-23 3 1 
133 11 0.0 11 0 1 0 6 2 2 0.0517948138617 2 0 
133 11 0.0 7 6 1 0 9 11 2 0.146409130296 1 3 
133 11 0.0 16 7 1 0 7 8 4 3.96073225591e-56 2 1 
133 11 0.0 10 1 0 0 6 1 3 2.69215043773e-11 1 0 
133 11 0.0 6 7 1 0 6 12 2 0.311796601934 2 2 
133 11 0.0 18 3 0 0 2 1 3 1.14765892065e-77 1 0 
133 11 0.0 13 13 3 0 15 13 3 0.0866304371634 3 3 
133 11 0.0 1 2 0 0 1 4 1 0.371792984489 0 1 
133 11 0.0 12 6 2 0 7 6 3 0.0851090683915 2 1 
133 11 0.0 8 2 1 0 6 7 2 0.117469772118 1 2 
133 11 0.0 3 3 0 0 1 2 1 0.324918355617 0 1 
133 11 0.0 15 6 1 0 9 6 3 7.79948374252e-36 2 1 
133 11 0.0 2 2 0 0 1 4 1 0.371792984489 0 1 
133 11 0.0 14 3 0 0 6 1 4 7.98156225476e-38 1 0 
133 11 0.0 9 1 1 0 3 5 2 0.14931799461 1 1 
133 11 2.0 5 1 1 0 2 6 1 0.126386071215 0 2 
133 11 2.0 4 1 1 0 2 4 1 0.285964814806 0 2 
133 11 2.0 17 5 1 0 7 9 2 2.13600382225e-13 3 1 
133 11 2.0 11 0 1 0 6 2 2 0.331696526232 2 0 
133 11 2.0 7 6 1 0 9 11 2 0.0931975095263 1 3 
133 11 2.0 16 7 1 0 7 8 4 4.45147428465e-18 2 1 
133 11 2.0 10 1 0 0 6 1 3 0.0686322325473 1 0 
133 11 2.0 6 7 1 0 6 12 2 0.280757426014 2 2 
133 11 2.0 18 3 0 0 2 1 3 9.57219001225e-55 1 0 
133 11 2.0 13 13 3 0 15 13 3 0.0834696957034 3 3 
133 11 2.0 1 2 0 0 1 4 1 0.608507644881 0 1 
133 11 2.0 12 6 2 0 7 6 3 0.71541096187 2 1 
133 11 2.0 8 2 1 0 6 7 2 2.2329522321e-08 1 2 
133 11 2.0 3 3 0 0 1 2 1 0.74960206149 0 1 
133 11 2.0 15 6 1 0 9 6 3 1.92210509075e-33 2 1 
133 11 2.0 2 2 0 0 1 4 1 0.608507644881 0 1 
133 11 2.0 14 3 0 0 6 1 4 0.168742377548 1 0 
133 11 2.0 9 1 1 0 3 5 2 0.180651498567 1 1 
133 12 0.0 5 1 1 0 2 6 1 0.191206576282 0 2 
133 12 0.0 4 1 1 0 2 4 1 0.23088111656 0 2 
133 12 0.0 17 5 1 0 7 9 2 9.19350453543e-24 3 1 
133 12 0.0 11 0 1 0 6 2 2 0.050099514628 2 0 
133 12 0.0 7 6 1 0 9 11 2 0.14640915975 1 3 
133 12 0.0 16 7 1 0 7 8 4 4.44468832635e-57 2 1 
133 12 0.0 10 1 0 0 6 1 3 1.62335590928e-10 1 0 
133 12 0.0 6 7 1 0 6 12 2 0.311797057642 2 2 
133 12 0.0 18 3 0 0 2 1 3 9.95483168112e-78 1 0 
133 12 0.0 13 13 3 0 15 13 3 0.0866315624297 3 3 
133 12 0.0 1 2 0 0 1 4 1 0.371792147565 0 1 
133 12 0.0 12 6 2 0 7 6 3 0.0851069864307 2 1 
133 12 0.0 8 2 1 0 6 7 2 0.118501042323 1 2 
133 12 0.0 3 3 0 0 1 2 1 0.3249176956 0 1 
133 12 0.0 15 6 1 0 9 6 3 8.18289468799e-35 2 1 
133 12 0.0 2 2 0 0 1 4 1 0.371792147565 0 1 
133 12 0.0 14 3 0 0 6 1 4 2.39410893556e-39 1 0 
133 12 0.0 9 1 1 0 3 5 2 0.149422886255 1 1 
133 12 2.0 5 1 1 0 2 6 1 0.126277033997 0 2 
133 12 2.0 4 1 1 0 2 4 1 0.285964831412 0 2 
133 12 2.0 17 5 1 0 7 9 2 7.84985120818e-13 3 1 
133 12 2.0 11 0 1 0 6 2 2 0.331696559416 2 0 
133 12 2.0 7 6 1 0 9 11 2 0.093148234079 1 3 
133 12 2.0 16 7 1 0 7 8 4 4.14532170982e-18 2 1 
133 12 2.0 10 1 0 0 6 1 3 0.0686000097034 1 0 
133 12 2.0 6 7 1 0 6 12 2 0.280686576667 2 2 
133 12 2.0 18 3 0 0 2 1 3 8.09575931567e-55 1 0 
133 12 2.0 13 13 3 0 15 13 3 0.0834639132674 3 3 
133 12 2.0 1 2 0 0 1 4 1 0.60859469778 0 1 
133 12 2.0 12 6 2 0 7 6 3 0.715442194206 2 1 
133 12 2.0 8 2 1 0 6 7 2 6.73108670319e-09 1 2 
133 12 2.0 3 3 0 0 1 2 1 0.749766715972 0 1 
133 12 2.0 15 6 1 0 9 6 3 2.84818865659e-33 2 1 
133 12 2.0 2 2 0 0 1 4 1 0.60859469778 0 1 
133 12 2.0 14 3 0 0 6 1 4 0.168460186381 1 0 
133 12 2.0 9 1 1 0 3 5 2 0.180526385212 1 1 
133 13 0.0 5 1 1 0 2 6 1 0.191647672172 0 2 
133 13 0.0 4 1 1 0 2 4 1 0.232818443584 0 2 
133 13 0.0 17 5 1 0 7 9 2 2.3920532342e-22 3 1 
133 13 0.0 11 0 1 0 6 2 2 0.052526535591 2 0 
133 13 0.0 7 6 1 0 9 11 2 0.146408931223 1 3 
133 13 0.0 16 7 1 0 7 8 4 7.91944969997e-56 2 1 
133 13 0.0 10 1 0 0 6 1 3 2.98131130462e-10 1 0 
133 13 0.0 6 7 1 0 6 12 2 0.311796444668 2 2 
133 13 0.0 18 3 0 0 2 1 3 7.23506818031e-78 1 0 
133 13 0.0 13 13 3 0 15 13 3 0.0866303490374 3 3 
133 13 0.0 1 2 0 0 1 4 1 0.37179355498 0 1 
133 13 0.0 12 6 2 0 7 6 3 0.0851090818512 2 1 
133 13 0.0 8 2 1 0 6 7 2 0.117024559568 1 2 
133 13 0.0 3 3 0 0 1 2 1 0.324919034131 0 1 
133 13 0.0 15 6 1 0 9 6 3 1.50603304429e-37 2 1 
133 13 0.0 2 2 0 0 1 4 1 0.37179355498 0 1 
133 13 0.0 14 3 0 0 6 1 4 1.78100870989e-37 1 0 
133 13 0.0 9 1 1 0 3 5 2 0.149310699566 1 1 
133 13 2.0 5 1 1 0 2 6 1 0.12674667842 0 2 
133 13 2.0 4 1 1 0 2 4 1 0.285964792996 0 2 
133 13 2.0 17 5 1 0 7 9 2 9.58980181746e-13 3 1 
133 13 2.0 11 0 1 0 6 2 2 0.331696482647 2 0 
133 13 2.0 7 6 1 0 9 11 2 0.0933897362785 1 3 
133 13 2.0 16 7 1 0 7 8 4 6.87927424027e-19 2 1 
133 13 2.0 10 1 0 0 6 1 3 0.0686668047812 1 0 
133 13 2.0 6 7 1 0 6 12 2 0.281005485787 2 2 
133 13 2.0 18 3 0 0 2 1 3 5.69595883371e-55 1 0 
133 13 2.0 13 13 3 0 15 13 3 0.0837287419384 3 3 
133 13 2.0 1 2 0 0 1 4 1 0.608335965784 0 1 
133 13 2.0 12 6 2 0 7 6 3 0.714968228872 2 1 
133 13 2.0 8 2 1 0 6 7 2 4.28167996066e-08 1 2 
133 13 2.0 3 3 0 0 1 2 1 0.749187106323 0 1 
133 13 2.0 15 6 1 0 9 6 3 3.38752865577e-32 2 1 
133 13 2.0 2 2 0 0 1 4 1 0.608335965784 0 1 
133 13 2.0 14 3 0 0 6 1 4 0.169473317332 1 0 
133 13 2.0 9 1 1 0 3 5 2 0.179236940647 1 1 
133 14 0.0 5 1 1 0 2 6 1 0.191769307948 0 2 
133 14 0.0 4 1 1 0 2 4 1 0.232058763273 0 2 
133 14 0.0 17 5 1 0 7 9 2 7.35727194102e-23 3 1 
133 14 0.0 11 0 1 0 6 2 2 0.0515754364282 2 0 
133 14 0.0 7 6 1 0 9 11 2 0.146409177072 1 3 
133 14 0.0 16 7 1 0 7 8 4 1.172749975e-57 2 1 
133 14 0.0 10 1 0 0 6 1 3 1.26399493732e-10 1 0 
133 14 0.0 6 7 1 0 6 12 2 0.311797152803 2 2 
133 14 0.0 18 3 0 0 2 1 3 1.21545052789e-77 1 0 
133 14 0.0 13 13 3 0 15 13 3 0.0866327094735 3 3 
133 14 0.0 1 2 0 0 1 4 1 0.371792384536 0 1 
133 14 0.0 12 6 2 0 7 6 3 0.0851063341213 2 1 
133 14 0.0 8 2 1 0 6 7 2 0.11760340682 1 2 
133 14 0.0 3 3 0 0 1 2 1 0.324917789538 0 1 
133 14 0.0 15 6 1 0 9 6 3 3.20232773037e-37 2 1 
133 14 0.0 2 2 0 0 1 4 1 0.371792384536 0 1 
133 14 0.0 14 3 0 0 6 1 4 2.09684877106e-40 1 0 
133 14 0.0 9 1 1 0 3 5 2 0.149757450015 1 1 
133 14 2.0 5 1 1 0 2 6 1 0.126448817321 0 2 
133 14 2.0 4 1 1 0 2 4 1 0.285964765993 0 2 
133 14 2.0 17 5 1 0 7 9 2 2.2211531476e-13 3 1 
133 14 2.0 11 0 1 0 6 2 2 0.331696428686 2 0 
133 14 2.0 7 6 1 0 9 11 2 0.093188482077 1 3 
133 14 2.0 16 7 1 0 7 8 4 2.4739817164e-18 2 1 
133 14 2.0 10 1 0 0 6 1 3 0.0687339526096 1 0 
133 14 2.0 6 7 1 0 6 12 2 0.280777946899 2 2 
133 14 2.0 18 3 0 0 2 1 3 9.07795947637e-55 1 0 
133 14 2.0 13 13 3 0 15 13 3 0.0831886434589 3 3 
133 14 2.0 1 2 0 0 1 4 1 0.608325472483 0 1 
133 14 2.0 12 6 2 0 7 6 3 0.715791822487 2 1 
133 14 2.0 8 2 1 0 6 7 2 6.8181690872e-08 1 2 
133 14 2.0 3 3 0 0 1 2 1 0.749363196028 0 1 
133 14 2.0 15 6 1 0 9 6 3 1.84077255773e-33 2 1 
133 14 2.0 2 2 0 0 1 4 1 0.608325472483 0 1 
133 14 2.0 14 3 0 0 6 1 4 0.1691307165 1 0 
133 14 2.0 9 1 1 0 3 5 2 0.180648210516 1 1 
133 15 0.0 5 1 1 0 2 6 1 0.191563097817 0 2 
133 15 0.0 4 1 1 0 2 4 1 0.231612035517 0 2 
133 15 0.0 17 5 1 0 7 9 2 4.36866718018e-23 3 1 
133 15 0.0 11 0 1 0 6 2 2 0.0510162675318 2 0 
133 15 0.0 7 6 1 0 9 11 2 0.146409111326 1 3 
133 15 0.0 16 7 1 0 7 8 4 3.64310536637e-56 2 1 
133 15 0.0 10 1 0 0 6 1 3 5.36954880968e-10 1 0 
133 15 0.0 6 7 1 0 6 12 2 0.311796662791 2 2 
133 15 0.0 18 3 0 0 2 1 3 1.58295090004e-77 1 0 
133 15 0.0 13 13 3 0 15 13 3 0.086630339326 3 3 
133 15 0.0 1 2 0 0 1 4 1 0.371793075131 0 1 
133 15 0.0 12 6 2 0 7 6 3 0.0851089469523 2 1 
133 15 0.0 8 2 1 0 6 7 2 0.117943780846 1 2 
133 15 0.0 3 3 0 0 1 2 1 0.324918568317 0 1 
133 15 0.0 15 6 1 0 9 6 3 1.79801910144e-35 2 1 
133 15 0.0 2 2 0 0 1 4 1 0.371793075131 0 1 
133 15 0.0 14 3 0 0 6 1 4 1.09163298905e-37 1 0 
133 15 0.0 9 1 1 0 3 5 2 0.149803150679 1 1 
133 15 2.0 5 1 1 0 2 6 1 0.126849519466 0 2 
133 15 2.0 4 1 1 0 2 4 1 0.285964834068 0 2 
133 15 2.0 17 5 1 0 7 9 2 7.85395900392e-13 3 1 
133 15 2.0 11 0 1 0 6 2 2 0.331696564725 2 0 
133 15 2.0 7 6 1 0 9 11 2 0.0931029120031 1 3 
133 15 2.0 16 7 1 0 7 8 4 6.84152695489e-18 2 1 
133 15 2.0 10 1 0 0 6 1 3 0.0686512597297 1 0 
133 15 2.0 6 7 1 0 6 12 2 0.280646145823 2 2 
133 15 2.0 18 3 0 0 2 1 3 7.8389765118e-55 1 0 
133 15 2.0 13 13 3 0 15 13 3 0.0832488857472 3 3 
133 15 2.0 1 2 0 0 1 4 1 0.608525860025 0 1 
133 15 2.0 12 6 2 0 7 6 3 0.715752403083 2 1 
133 15 2.0 8 2 1 0 6 7 2 4.23561660416e-09 1 2 
133 15 2.0 3 3 0 0 1 2 1 0.749715836369 0 1 
133 15 2.0 15 6 1 0 9 6 3 2.9042943597e-34 2 1 
133 15 2.0 2 2 0 0 1 4 1 0.608525860025 0 1 
133 15 2.0 14 3 0 0 6 1 4 0.168531897891 1 0 
133 15 2.0 9 1 1 0 3 5 2 0.179292661752 1 1 
133 16 0.0 5 1 1 0 2 6 1 0.191902485184 0 2 
133 16 0.0 4 1 1 0 2 4 1 0.231717005786 0 2 
133 16 0.0 17 5 1 0 7 9 2 1.77020043708e-23 3 1 
133 16 0.0 11 0 1 0 6 2 2 0.0511474128739 2 0 
133 16 0.0 7 6 1 0 9 11 2 0.146409503477 1 3 
133 16 0.0 16 7 1 0 7 8 4 1.98963751059e-57 2 1 
133 16 0.0 10 1 0 0 6 1 3 3.85152668451e-10 1 0 
133 16 0.0 6 7 1 0 6 12 2 0.311797563359 2 2 
133 16 0.0 18 3 0 0 2 1 3 1.11817522853e-77 1 0 
133 16 0.0 13 13 3 0 15 13 3 0.086632728725 3 3 
133 16 0.0 1 2 0 0 1 4 1 0.371792162761 0 1 
133 16 0.0 12 6 2 0 7 6 3 0.085106384244 2 1 
133 16 0.0 8 2 1 0 6 7 2 0.117863772566 1 2 
133 16 0.0 3 3 0 0 1 2 1 0.324917655949 0 1 
133 16 0.0 15 6 1 0 9 6 3 1.70631643551e-36 2 1 
133 16 0.0 2 2 0 0 1 4 1 0.371792162761 0 1 
133 16 0.0 14 3 0 0 6 1 4 2.54299690604e-40 1 0 
133 16 0.0 9 1 1 0 3 5 2 0.149527704788 1 1 
133 16 2.0 5 1 1 0 2 6 1 0.126082533642 0 2 
133 16 2.0 4 1 1 0 2 4 1 0.285964814405 0 2 
133 16 2.0 17 5 1 0 7 9 2 3.81798624119e-14 3 1 
133 16 2.0 11 0 1 0 6 2 2 0.33169652543 2 0 
133 16 2.0 7 6 1 0 9 11 2 0.0933424012917 1 3 
133 16 2.0 16 7 1 0 7 8 4 1.55328480759e-18 2 1 
133 16 2.0 10 1 0 0 6 1 3 0.0686184580758 1 0 
133 16 2.0 6 7 1 0 6 12 2 0.280931988508 2 2 
133 16 2.0 18 3 0 0 2 1 3 1.16920696048e-54 1 0 
133 16 2.0 13 13 3 0 15 13 3 0.083769209492 3 3 
133 16 2.0 1 2 0 0 1 4 1 0.608451341276 0 1 
133 16 2.0 12 6 2 0 7 6 3 0.714939467832 2 1 
133 16 2.0 8 2 1 0 6 7 2 2.27061875088e-08 1 2 
133 16 2.0 3 3 0 0 1 2 1 0.749388827426 0 1 
133 16 2.0 15 6 1 0 9 6 3 3.10632680991e-33 2 1 
133 16 2.0 2 2 0 0 1 4 1 0.608451341276 0 1 
133 16 2.0 14 3 0 0 6 1 4 0.169129162777 1 0 
133 16 2.0 9 1 1 0 3 5 2 0.179704878655 1 1 
133 17 0.0 5 1 1 0 2 6 1 0.191904830703 0 2 
133 17 0.0 4 1 1 0 2 4 1 0.231581037662 0 2 
133 17 0.0 17 5 1 0 7 9 2 4.05310821212e-23 3 1 
133 17 0.0 11 0 1 0 6 2 2 0.0509774237567 2 0 
133 17 0.0 7 6 1 0 9 11 2 0.146409466915 1 3 
133 17 0.0 16 7 1 0 7 8 4 1.01035093262e-57 2 1 
133 17 0.0 10 1 0 0 6 1 3 1.84970388592e-10 1 0 
133 17 0.0 6 7 1 0 6 12 2 0.311797590162 2 2 
133 17 0.0 18 3 0 0 2 1 3 1.31952779273e-77 1 0 
133 17 0.0 13 13 3 0 15 13 3 0.0866337175364 3 3 
133 17 0.0 1 2 0 0 1 4 1 0.371792985953 0 1 
133 17 0.0 12 6 2 0 7 6 3 0.0851061060295 2 1 
133 17 0.0 8 2 1 0 6 7 2 0.117967350934 1 2 
133 17 0.0 3 3 0 0 1 2 1 0.324918400364 0 1 
133 17 0.0 15 6 1 0 9 6 3 2.0201985273e-37 2 1 
133 17 0.0 2 2 0 0 1 4 1 0.371792985953 0 1 
133 17 0.0 14 3 0 0 6 1 4 7.45775863304e-41 1 0 
133 17 0.0 9 1 1 0 3 5 2 0.149677554811 1 1 
133 17 2.0 5 1 1 0 2 6 1 0.126348434368 0 2 
133 17 2.0 4 1 1 0 2 4 1 0.285964759891 0 2 
133 17 2.0 17 5 1 0 7 9 2 3.12677236293e-12 3 1 
133 17 2.0 11 0 1 0 6 2 2 0.331696416493 2 0 
133 17 2.0 7 6 1 0 9 11 2 0.093393369201 1 3 
133 17 2.0 16 7 1 0 7 8 4 1.2183301156e-17 2 1 
133 17 2.0 10 1 0 0 6 1 3 0.0687731761219 1 0 
133 17 2.0 6 7 1 0 6 12 2 0.281043849013 2 2 
133 17 2.0 18 3 0 0 2 1 3 4.41566094365e-55 1 0 
133 17 2.0 13 13 3 0 15 13 3 0.0834561009316 3 3 
133 17 2.0 1 2 0 0 1 4 1 0.608138501613 0 1 
133 17 2.0 12 6 2 0 7 6 3 0.715327725095 2 1 
133 17 2.0 8 2 1 0 6 7 2 7.3913015068e-08 1 2 
133 17 2.0 3 3 0 0 1 2 1 0.748915311199 0 1 
133 17 2.0 15 6 1 0 9 6 3 5.20854792623e-34 2 1 
133 17 2.0 2 2 0 0 1 4 1 0.608138501613 0 1 
133 17 2.0 14 3 0 0 6 1 4 0.169920577113 1 0 
133 17 2.0 9 1 1 0 3 5 2 0.17912858717 1 1 
133 18 0.0 5 1 1 0 2 6 1 0.191803503087 0 2 
133 18 0.0 4 1 1 0 2 4 1 0.231109398529 0 2 
133 18 0.0 17 5 1 0 7 9 2 3.22445088997e-23 3 1 
133 18 0.0 11 0 1 0 6 2 2 0.0503853954857 2 0 
133 18 0.0 7 6 1 0 9 11 2 0.146409165911 1 3 
133 18 0.0 16 7 1 0 7 8 4 4.46659207053e-57 2 1 
133 18 0.0 10 1 0 0 6 1 3 4.79697043722e-11 1 0 
133 18 0.0 6 7 1 0 6 12 2 0.311797009261 2 2 
133 18 0.0 18 3 0 0 2 1 3 1.47916048857e-77 1 0 
133 18 0.0 13 13 3 0 15 13 3 0.0866321083822 3 3 
133 18 0.0 1 2 0 0 1 4 1 0.371791930722 0 1 
133 18 0.0 12 6 2 0 7 6 3 0.0851067234168 2 1 
133 18 0.0 8 2 1 0 6 7 2 0.118327430657 1 2 
133 18 0.0 3 3 0 0 1 2 1 0.32491727702 0 1 
133 18 0.0 15 6 1 0 9 6 3 1.22809695048e-35 2 1 
133 18 0.0 2 2 0 0 1 4 1 0.371791930722 0 1 
133 18 0.0 14 3 0 0 6 1 4 1.40282159736e-40 1 0 
133 18 0.0 9 1 1 0 3 5 2 0.149615264778 1 1 
133 18 2.0 5 1 1 0 2 6 1 0.126901823872 0 2 
133 18 2.0 4 1 1 0 2 4 1 0.285964835684 0 2 
133 18 2.0 17 5 1 0 7 9 2 1.04005161258e-11 3 1 
133 18 2.0 11 0 1 0 6 2 2 0.331696567954 2 0 
133 18 2.0 7 6 1 0 9 11 2 0.0932164596595 1 3 
133 18 2.0 16 7 1 0 7 8 4 1.77164278028e-18 2 1 
133 18 2.0 10 1 0 0 6 1 3 0.0686293521663 1 0 
133 18 2.0 6 7 1 0 6 12 2 0.280779959423 2 2 
133 18 2.0 18 3 0 0 2 1 3 9.98909379156e-55 1 0 
133 18 2.0 13 13 3 0 15 13 3 0.083511609602 3 3 
133 18 2.0 1 2 0 0 1 4 1 0.608502274392 0 1 
133 18 2.0 12 6 2 0 7 6 3 0.715345663227 2 1 
133 18 2.0 8 2 1 0 6 7 2 2.71786262493e-09 1 2 
133 18 2.0 3 3 0 0 1 2 1 0.749576902245 0 1 
133 18 2.0 15 6 1 0 9 6 3 4.11795837603e-33 2 1 
133 18 2.0 2 2 0 0 1 4 1 0.608502274392 0 1 
133 18 2.0 14 3 0 0 6 1 4 0.168788448778 1 0 
133 18 2.0 9 1 1 0 3 5 2 0.18005571531 1 1 
133 19 0.0 5 1 1 0 2 6 1 0.191653179835 0 2 
133 19 0.0 4 1 1 0 2 4 1 0.231727449224 0 2 
133 19 0.0 17 5 1 0 7 9 2 2.06714973965e-22 3 1 
133 19 0.0 11 0 1 0 6 2 2 0.0511607330008 2 0 
133 19 0.0 7 6 1 0 9 11 2 0.146409305419 1 3 
133 19 0.0 16 7 1 0 7 8 4 1.18541999357e-56 2 1 
133 19 0.0 10 1 0 0 6 1 3 3.83852977515e-10 1 0 
133 19 0.0 6 7 1 0 6 12 2 0.311797148671 2 2 
133 19 0.0 18 3 0 0 2 1 3 2.14659767272e-77 1 0 
133 19 0.0 13 13 3 0 15 13 3 0.0866309582878 3 3 
133 19 0.0 1 2 0 0 1 4 1 0.371792318666 0 1 
133 19 0.0 12 6 2 0 7 6 3 0.0851077106717 2 1 
133 19 0.0 8 2 1 0 6 7 2 0.11785578117 1 2 
133 19 0.0 3 3 0 0 1 2 1 0.324917957357 0 1 
133 19 0.0 15 6 1 0 9 6 3 2.96973664061e-36 2 1 
133 19 0.0 2 2 0 0 1 4 1 0.371792318666 0 1 
133 19 0.0 14 3 0 0 6 1 4 7.88543505475e-39 1 0 
133 19 0.0 9 1 1 0 3 5 2 0.149649034127 1 1 
133 19 2.0 5 1 1 0 2 6 1 0.126813557472 0 2 
133 19 2.0 4 1 1 0 2 4 1 0.285964712528 0 2 
133 19 2.0 17 5 1 0 7 9 2 2.78210527064e-13 3 1 
133 19 2.0 11 0 1 0 6 2 2 0.331696321844 2 0 
133 19 2.0 7 6 1 0 9 11 2 0.093416495145 1 3 
133 19 2.0 16 7 1 0 7 8 4 3.69061742782e-18 2 1 
133 19 2.0 10 1 0 0 6 1 3 0.0687498476276 1 0 
133 19 2.0 6 7 1 0 6 12 2 0.281064902297 2 2 
133 19 2.0 18 3 0 0 2 1 3 9.7379158542e-55 1 0 
133 19 2.0 13 13 3 0 15 13 3 0.0835592409465 3 3 
133 19 2.0 1 2 0 0 1 4 1 0.608168421145 0 1 
133 19 2.0 12 6 2 0 7 6 3 0.715178307449 2 1 
133 19 2.0 8 2 1 0 6 7 2 1.18403461571e-07 1 2 
133 19 2.0 3 3 0 0 1 2 1 0.748934000687 0 1 
133 19 2.0 15 6 1 0 9 6 3 2.67116547969e-32 2 1 
133 19 2.0 2 2 0 0 1 4 1 0.608168421145 0 1 
133 19 2.0 14 3 0 0 6 1 4 0.16989640835 1 0 
133 19 2.0 9 1 1 0 3 5 2 0.180809172059 1 1 
133 20 0.0 5 1 1 0 2 6 1 0.191246527776 0 2 
133 20 0.0 4 1 1 0 2 4 1 0.230601210326 0 2 
133 20 0.0 17 5 1 0 7 9 2 1.67556262724e-23 3 1 
133 20 0.0 11 0 1 0 6 2 2 0.0497510943582 2 0 
133 20 0.0 7 6 1 0 9 11 2 0.146409308592 1 3 
133 20 0.0 16 7 1 0 7 8 4 5.63571947397e-60 2 1 
133 20 0.0 10 1 0 0 6 1 3 3.45453240772e-11 1 0 
133 20 0.0 6 7 1 0 6 12 2 0.311795789465 2 2 
133 20 0.0 18 3 0 0 2 1 3 6.07444207936e-78 1 0 
133 20 0.0 13 13 3 0 15 13 3 0.0866382335797 3 3 
133 20 0.0 1 2 0 0 1 4 1 0.371806768281 0 1 
133 20 0.0 12 6 2 0 7 6 3 0.085115128967 2 1 
133 20 0.0 8 2 1 0 6 7 2 0.118712803195 1 2 
133 20 0.0 3 3 0 0 1 2 1 0.324930420146 0 1 
133 20 0.0 15 6 1 0 9 6 3 1.98924501016e-36 2 1 
133 20 0.0 2 2 0 0 1 4 1 0.371806768281 0 1 
133 20 0.0 14 3 0 0 6 1 4 4.09889993262e-44 1 0 
133 20 0.0 9 1 1 0 3 5 2 0.149386900029 1 1 
133 20 2.0 5 1 1 0 2 6 1 0.126578121392 0 2 
133 20 2.0 4 1 1 0 2 4 1 0.285964675266 0 2 
133 20 2.0 17 5 1 0 7 9 2 1.73233647937e-12 3 1 
133 20 2.0 11 0 1 0 6 2 2 0.331696247382 2 0 
133 20 2.0 7 6 1 0 9 11 2 0.0932067692361 1 3 
133 20 2.0 16 7 1 0 7 8 4 5.69303857774e-18 2 1 
133 20 2.0 10 1 0 0 6 1 3 0.0687530231149 1 0 
133 20 2.0 6 7 1 0 6 12 2 0.280806619868 2 2 
133 20 2.0 18 3 0 0 2 1 3 5.29975521447e-55 1 0 
133 20 2.0 13 13 3 0 15 13 3 0.0831719399216 3 3 
133 20 2.0 1 2 0 0 1 4 1 0.608280087124 0 1 
133 20 2.0 12 6 2 0 7 6 3 0.715805031924 2 1 
133 20 2.0 8 2 1 0 6 7 2 1.53404839147e-07 1 2 
133 20 2.0 3 3 0 0 1 2 1 0.749284338021 0 1 
133 20 2.0 15 6 1 0 9 6 3 7.77552198222e-33 2 1 
133 20 2.0 2 2 0 0 1 4 1 0.608280087124 0 1 
133 20 2.0 14 3 0 0 6 1 4 0.169264498553 1 0 
133 20 2.0 9 1 1 0 3 5 2 0.179286356551 1 1 
133 21 0.0 5 1 1 0 2 6 1 0.191412280506 0 2 
133 21 0.0 4 1 1 0 2 4 1 0.231128407328 0 2 
133 21 0.0 17 5 1 0 7 9 2 1.06393163377e-22 3 1 
133 21 0.0 11 0 1 0 6 2 2 0.0504091753295 2 0 
133 21 0.0 7 6 1 0 9 11 2 0.146409159658 1 3 
133 21 0.0 16 7 1 0 7 8 4 1.62995470945e-57 2 1 
133 21 0.0 10 1 0 0 6 1 3 1.20628396034e-10 1 0 
133 21 0.0 6 7 1 0 6 12 2 0.311797080148 2 2 
133 21 0.0 18 3 0 0 2 1 3 1.07392277711e-77 1 0 
133 21 0.0 13 13 3 0 15 13 3 0.0866321634529 3 3 
133 21 0.0 1 2 0 0 1 4 1 0.371792137771 0 1 
133 21 0.0 12 6 2 0 7 6 3 0.0851066063189 2 1 
133 21 0.0 8 2 1 0 6 7 2 0.118313059797 1 2 
133 21 0.0 3 3 0 0 1 2 1 0.32491757829 0 1 
133 21 0.0 15 6 1 0 9 6 3 4.19112339605e-36 2 1 
133 21 0.0 2 2 0 0 1 4 1 0.371792137771 0 1 
133 21 0.0 14 3 0 0 6 1 4 2.70360500008e-40 1 0 
133 21 0.0 9 1 1 0 3 5 2 0.149774781742 1 1 
133 21 2.0 5 1 1 0 2 6 1 0.126506945797 0 2 
133 21 2.0 4 1 1 0 2 4 1 0.285964804901 0 2 
133 21 2.0 17 5 1 0 7 9 2 3.73397670999e-12 3 1 
133 21 2.0 11 0 1 0 6 2 2 0.331696506437 2 0 
133 21 2.0 7 6 1 0 9 11 2 0.0933841464251 1 3 
133 21 2.0 16 7 1 0 7 8 4 5.64910363395e-18 2 1 
133 21 2.0 10 1 0 0 6 1 3 0.0687759739978 1 0 
133 21 2.0 6 7 1 0 6 12 2 0.281033358487 2 2 
133 21 2.0 18 3 0 0 2 1 3 9.7169856487e-55 1 0 
133 21 2.0 13 13 3 0 15 13 3 0.0834320845791 3 3 
133 21 2.0 1 2 0 0 1 4 1 0.608138521039 0 1 
133 21 2.0 12 6 2 0 7 6 3 0.715364646763 2 1 
133 21 2.0 8 2 1 0 6 7 2 3.16340440733e-08 1 2 
133 21 2.0 3 3 0 0 1 2 1 0.74892409414 0 1 
133 21 2.0 15 6 1 0 9 6 3 1.56258227362e-32 2 1 
133 21 2.0 2 2 0 0 1 4 1 0.608138521039 0 1 
133 21 2.0 14 3 0 0 6 1 4 0.169903573397 1 0 
133 21 2.0 9 1 1 0 3 5 2 0.178865990336 1 1 
133 22 0.0 5 1 1 0 2 6 1 0.19136902219 0 2 
133 22 0.0 4 1 1 0 2 4 1 0.230649590687 0 2 
133 22 0.0 17 5 1 0 7 9 2 1.62055732669e-23 3 1 
133 22 0.0 11 0 1 0 6 2 2 0.0498090073186 2 0 
133 22 0.0 7 6 1 0 9 11 2 0.146409440071 1 3 
133 22 0.0 16 7 1 0 7 8 4 3.55516061009e-58 2 1 
133 22 0.0 10 1 0 0 6 1 3 1.22571808764e-10 1 0 
133 22 0.0 6 7 1 0 6 12 2 0.311797447205 2 2 
133 22 0.0 18 3 0 0 2 1 3 8.74606974638e-78 1 0 
133 22 0.0 13 13 3 0 15 13 3 0.0866349951076 3 3 
133 22 0.0 1 2 0 0 1 4 1 0.371794148822 0 1 
133 22 0.0 12 6 2 0 7 6 3 0.0851063204028 2 1 
133 22 0.0 8 2 1 0 6 7 2 0.118678811443 1 2 
133 22 0.0 3 3 0 0 1 2 1 0.32491924185 0 1 
133 22 0.0 15 6 1 0 9 6 3 2.48033955621e-35 2 1 
133 22 0.0 2 2 0 0 1 4 1 0.371794148822 0 1 
133 22 0.0 14 3 0 0 6 1 4 1.78426943274e-41 1 0 
133 22 0.0 9 1 1 0 3 5 2 0.149328748103 1 1 
133 22 2.0 5 1 1 0 2 6 1 0.127647845094 0 2 
133 22 2.0 4 1 1 0 2 4 1 0.28596483271 0 2 
133 22 2.0 17 5 1 0 7 9 2 6.84622464965e-12 3 1 
133 22 2.0 11 0 1 0 6 2 2 0.331696562009 2 0 
133 22 2.0 7 6 1 0 9 11 2 0.0933774818208 1 3 
133 22 2.0 16 7 1 0 7 8 4 4.16516086299e-18 2 1 
133 22 2.0 10 1 0 0 6 1 3 0.0687747039228 1 0 
133 22 2.0 6 7 1 0 6 12 2 0.281024716952 2 2 
133 22 2.0 18 3 0 0 2 1 3 4.89101431315e-55 1 0 
133 22 2.0 13 13 3 0 15 13 3 0.0834233816281 3 3 
133 22 2.0 1 2 0 0 1 4 1 0.608144594107 0 1 
133 22 2.0 12 6 2 0 7 6 3 0.715379806046 2 1 
133 22 2.0 8 2 1 0 6 7 2 5.51215005287e-09 1 2 
133 22 2.0 3 3 0 0 1 2 1 0.748938657865 0 1 
133 22 2.0 15 6 1 0 9 6 3 2.23572028204e-33 2 1 
133 22 2.0 2 2 0 0 1 4 1 0.608144594107 0 1 
133 22 2.0 14 3 0 0 6 1 4 0.169877851812 1 0 
133 22 2.0 9 1 1 0 3 5 2 0.180014503166 1 1 
133 23 0.0 5 1 1 0 2 6 1 0.191919702809 0 2 
133 23 0.0 4 1 1 0 2 4 1 0.231800301431 0 2 
133 23 0.0 17 5 1 0 7 9 2 4.27843027343e-23 3 1 
133 23 0.0 11 0 1 0 6 2 2 0.0512518551964 2 0 
133 23 0.0 7 6 1 0 9 11 2 0.146409385844 1 3 
133 23 0.0 16 7 1 0 7 8 4 8.25194332005e-57 2 1 
133 23 0.0 10 1 0 0 6 1 3 5.00247013173e-10 1 0 
133 23 0.0 6 7 1 0 6 12 2 0.3117972913 2 2 
133 23 0.0 18 3 0 0 2 1 3 1.49196713709e-77 1 0 
133 23 0.0 13 13 3 0 15 13 3 0.0866314960032 3 3 
133 23 0.0 1 2 0 0 1 4 1 0.371791946923 0 1 
133 23 0.0 12 6 2 0 7 6 3 0.0851071647218 2 1 
133 23 0.0 8 2 1 0 6 7 2 0.117800235622 1 2 
133 23 0.0 3 3 0 0 1 2 1 0.324917511469 0 1 
133 23 0.0 15 6 1 0 9 6 3 2.03723658203e-36 2 1 
133 23 0.0 2 2 0 0 1 4 1 0.371791946923 0 1 
133 23 0.0 14 3 0 0 6 1 4 1.39023080028e-39 1 0 
133 23 0.0 9 1 1 0 3 5 2 0.149529088871 1 1 
133 23 2.0 5 1 1 0 2 6 1 0.125968863215 0 2 
133 23 2.0 4 1 1 0 2 4 1 0.285964837189 0 2 
133 23 2.0 17 5 1 0 7 9 2 4.7059488518e-13 3 1 
133 23 2.0 11 0 1 0 6 2 2 0.331696570961 2 0 
133 23 2.0 7 6 1 0 9 11 2 0.0933240900293 1 3 
133 23 2.0 16 7 1 0 7 8 4 3.46843393065e-18 2 1 
133 23 2.0 10 1 0 0 6 1 3 0.068620057362 1 0 
133 23 2.0 6 7 1 0 6 12 2 0.280909916517 2 2 
133 23 2.0 18 3 0 0 2 1 3 1.00058210853e-54 1 0 
133 23 2.0 13 13 3 0 15 13 3 0.0837316658806 3 3 
133 23 2.0 1 2 0 0 1 4 1 0.608458724915 0 1 
133 23 2.0 12 6 2 0 7 6 3 0.714998683092 2 1 
133 23 2.0 8 2 1 0 6 7 2 1.30425663423e-09 1 2 
133 23 2.0 3 3 0 0 1 2 1 0.74941615988 0 1 
133 23 2.0 15 6 1 0 9 6 3 1.65889668605e-33 2 1 
133 23 2.0 2 2 0 0 1 4 1 0.608458724915 0 1 
133 23 2.0 14 3 0 0 6 1 4 0.16907960663 1 0 
133 23 2.0 9 1 1 0 3 5 2 0.179802596634 1 1 
133 24 0.0 5 1 1 0 2 6 1 0.19172532909 0 2 
133 24 0.0 4 1 1 0 2 4 1 0.231588565142 0 2 
133 24 0.0 17 5 1 0 7 9 2 8.51115413248e-24 3 1 
133 24 0.0 11 0 1 0 6 2 2 0.0509867981052 2 0 
133 24 0.0 7 6 1 0 9 11 2 0.146409666896 1 3 
133 24 0.0 16 7 1 0 7 8 4 3.98293861121e-59 2 1 
133 24 0.0 10 1 0 0 6 1 3 2.86458476793e-10 1 0 
133 24 0.0 6 7 1 0 6 12 2 0.311796778724 2 2 
133 24 0.0 18 3 0 0 2 1 3 1.88407814171e-77 1 0 
133 24 0.0 13 13 3 0 15 13 3 0.0866382539403 3 3 
133 24 0.0 1 2 0 0 1 4 1 0.371803154617 0 1 
133 24 0.0 12 6 2 0 7 6 3 0.0851120043593 2 1 
133 24 0.0 8 2 1 0 6 7 2 0.117961596039 1 2 
133 24 0.0 3 3 0 0 1 2 1 0.324927247389 0 1 
133 24 0.0 15 6 1 0 9 6 3 1.15868374416e-38 2 1 
133 24 0.0 2 2 0 0 1 4 1 0.371803154617 0 1 
133 24 0.0 14 3 0 0 6 1 4 1.0851254689e-43 1 0 
133 24 0.0 9 1 1 0 3 5 2 0.149453873468 1 1 
133 24 2.0 5 1 1 0 2 6 1 0.126081635025 0 2 
133 24 2.0 4 1 1 0 2 4 1 0.285964821209 0 2 
133 24 2.0 17 5 1 0 7 9 2 2.31161275208e-11 3 1 
133 24 2.0 11 0 1 0 6 2 2 0.331696539027 2 0 
133 24 2.0 7 6 1 0 9 11 2 0.0934570792903 1 3 
133 24 2.0 16 7 1 0 7 8 4 5.24395867228e-18 2 1 
133 24 2.0 10 1 0 0 6 1 3 0.0686906188319 1 0 
133 24 2.0 6 7 1 0 6 12 2 0.281095990621 2 2 
133 24 2.0 18 3 0 0 2 1 3 3.67875328961e-55 1 0 
133 24 2.0 13 13 3 0 15 13 3 0.0837886426566 3 3 
133 24 2.0 1 2 0 0 1 4 1 0.608254373544 0 1 
133 24 2.0 12 6 2 0 7 6 3 0.714852775044 2 1 
133 24 2.0 8 2 1 0 6 7 2 1.63151982972e-08 1 2 
133 24 2.0 3 3 0 0 1 2 1 0.749012370888 0 1 
133 24 2.0 15 6 1 0 9 6 3 5.4530584807e-33 2 1 
133 24 2.0 2 2 0 0 1 4 1 0.608254373544 0 1 
133 24 2.0 14 3 0 0 6 1 4 0.169778485476 1 0 
133 24 2.0 9 1 1 0 3 5 2 0.180205402716 1 1 
133 25 0.0 5 1 1 0 2 6 1 0.19193499438 0 2 
133 25 0.0 4 1 1 0 2 4 1 0.231707140443 0 2 
133 25 0.0 17 5 1 0 7 9 2 4.81392975446e-24 3 1 
133 25 0.0 11 0 1 0 6 2 2 0.0511351342284 2 0 
133 25 0.0 7 6 1 0 9 11 2 0.146409167946 1 3 
133 25 0.0 16 7 1 0 7 8 4 4.61684724792e-56 2 1 
133 25 0.0 10 1 0 0 6 1 3 3.03490488388e-10 1 0 
133 25 0.0 6 7 1 0 6 12 2 0.311796780046 2 2 
133 25 0.0 18 3 0 0 2 1 3 1.54733604658e-77 1 0 
133 25 0.0 13 13 3 0 15 13 3 0.0866304712978 3 3 
133 25 0.0 1 2 0 0 1 4 1 0.37179268992 0 1 
133 25 0.0 12 6 2 0 7 6 3 0.0851085838217 2 1 
133 25 0.0 8 2 1 0 6 7 2 0.117871573816 1 2 
133 25 0.0 3 3 0 0 1 2 1 0.324918193833 0 1 
133 25 0.0 15 6 1 0 9 6 3 3.50336418413e-36 2 1 
133 25 0.0 2 2 0 0 1 4 1 0.37179268992 0 1 
133 25 0.0 14 3 0 0 6 1 4 4.84303952321e-38 1 0 
133 25 0.0 9 1 1 0 3 5 2 0.1495985935 1 1 
133 25 2.0 5 1 1 0 2 6 1 0.126155793132 0 2 
133 25 2.0 4 1 1 0 2 4 1 0.285964823745 0 2 
133 25 2.0 17 5 1 0 7 9 2 4.86818812755e-13 3 1 
133 25 2.0 11 0 1 0 6 2 2 0.331696544095 2 0 
133 25 2.0 7 6 1 0 9 11 2 0.0932572188236 1 3 
133 25 2.0 16 7 1 0 7 8 4 5.13961277471e-18 2 1 
133 25 2.0 10 1 0 0 6 1 3 0.0685603948921 1 0 
133 25 2.0 6 7 1 0 6 12 2 0.280809092735 2 2 
133 25 2.0 18 3 0 0 2 1 3 9.3617064157e-55 1 0 
133 25 2.0 13 13 3 0 15 13 3 0.083765303143 3 3 
133 25 2.0 1 2 0 0 1 4 1 0.60860597477 0 1 
133 25 2.0 12 6 2 0 7 6 3 0.714987374102 2 1 
133 25 2.0 8 2 1 0 6 7 2 1.39325337307e-08 1 2 
133 25 2.0 3 3 0 0 1 2 1 0.749679595917 0 1 
133 25 2.0 15 6 1 0 9 6 3 5.65286702672e-33 2 1 
133 25 2.0 2 2 0 0 1 4 1 0.60860597477 0 1 
133 25 2.0 14 3 0 0 6 1 4 0.168629629567 1 0 
133 25 2.0 9 1 1 0 3 5 2 0.179146852294 1 1 
133 26 0.0 5 1 1 0 2 6 1 0.19194574378 0 2 
133 26 0.0 4 1 1 0 2 4 1 0.231269781301 0 2 
133 26 0.0 17 5 1 0 7 9 2 1.09846625522e-23 3 1 
133 26 0.0 11 0 1 0 6 2 2 0.050586836059 2 0 
133 26 0.0 7 6 1 0 9 11 2 0.146409244778 1 3 
133 26 0.0 16 7 1 0 7 8 4 3.46321143997e-56 2 1 
133 26 0.0 10 1 0 0 6 1 3 1.01085208865e-09 1 0 
133 26 0.0 6 7 1 0 6 12 2 0.311796974421 2 2 
133 26 0.0 18 3 0 0 2 1 3 1.2619236713e-77 1 0 
133 26 0.0 13 13 3 0 15 13 3 0.0866306261978 3 3 
133 26 0.0 1 2 0 0 1 4 1 0.37179277136 0 1 
133 26 0.0 12 6 2 0 7 6 3 0.0851083441494 2 1 
133 26 0.0 8 2 1 0 6 7 2 0.118205062011 1 2 
133 26 0.0 3 3 0 0 1 2 1 0.324918388659 0 1 
133 26 0.0 15 6 1 0 9 6 3 1.76768230158e-34 2 1 
133 26 0.0 2 2 0 0 1 4 1 0.37179277136 0 1 
133 26 0.0 14 3 0 0 6 1 4 1.52380010595e-38 1 0 
133 26 0.0 9 1 1 0 3 5 2 0.149592188398 1 1 
133 26 2.0 5 1 1 0 2 6 1 0.126846953221 0 2 
133 26 2.0 4 1 1 0 2 4 1 0.285964725553 0 2 
133 26 2.0 17 5 1 0 7 9 2 2.73012358816e-11 3 1 
133 26 2.0 11 0 1 0 6 2 2 0.331696347872 2 0 
133 26 2.0 7 6 1 0 9 11 2 0.0933768415184 1 3 
133 26 2.0 16 7 1 0 7 8 4 3.94100171696e-18 2 1 
133 26 2.0 10 1 0 0 6 1 3 0.0686434008295 1 0 
133 26 2.0 6 7 1 0 6 12 2 0.280982228683 2 2 
133 26 2.0 18 3 0 0 2 1 3 6.27972893345e-55 1 0 
133 26 2.0 13 13 3 0 15 13 3 0.0837666387531 3 3 
133 26 2.0 1 2 0 0 1 4 1 0.608386174353 0 1 
133 26 2.0 12 6 2 0 7 6 3 0.714924890361 2 1 
133 26 2.0 8 2 1 0 6 7 2 1.06168599853e-07 1 2 
133 26 2.0 3 3 0 0 1 2 1 0.749267607655 0 1 
133 26 2.0 15 6 1 0 9 6 3 1.4443755557e-32 2 1 
133 26 2.0 2 2 0 0 1 4 1 0.608386174353 0 1 
133 26 2.0 14 3 0 0 6 1 4 0.16933747495 1 0 
133 26 2.0 9 1 1 0 3 5 2 0.18081567463 1 1 
133 27 0.0 5 1 1 0 2 6 1 0.191906682027 0 2 
133 27 0.0 4 1 1 0 2 4 1 0.231815602371 0 2 
133 27 0.0 17 5 1 0 7 9 2 3.33394158054e-23 3 1 
133 27 0.0 11 0 1 0 6 2 2 0.0512710368631 2 0 
133 27 0.0 7 6 1 0 9 11 2 0.146409183772 1 3 
133 27 0.0 16 7 1 0 7 8 4 3.38479698752e-57 2 1 
133 27 0.0 10 1 0 0 6 1 3 2.51005701532e-10 1 0 
133 27 0.0 6 7 1 0 6 12 2 0.311796939348 2 2 
133 27 0.0 18 3 0 0 2 1 3 1.28630771797e-77 1 0 
133 27 0.0 13 13 3 0 15 13 3 0.0866308208918 3 3 
133 27 0.0 1 2 0 0 1 4 1 0.371792326231 0 1 
133 27 0.0 12 6 2 0 7 6 3 0.0851078609976 2 1 
133 27 0.0 8 2 1 0 6 7 2 0.117788590153 1 2 
133 27 0.0 3 3 0 0 1 2 1 0.324917889321 0 1 
133 27 0.0 15 6 1 0 9 6 3 2.02469463776e-36 2 1 
133 27 0.0 2 2 0 0 1 4 1 0.371792326231 0 1 
133 27 0.0 14 3 0 0 6 1 4 6.86134657343e-39 1 0 
133 27 0.0 9 1 1 0 3 5 2 0.149706643075 1 1 
133 27 2.0 5 1 1 0 2 6 1 0.125973069456 0 2 
133 27 2.0 4 1 1 0 2 4 1 0.285964821705 0 2 
133 27 2.0 17 5 1 0 7 9 2 5.08012022542e-11 3 1 
133 27 2.0 11 0 1 0 6 2 2 0.331696540018 2 0 
133 27 2.0 7 6 1 0 9 11 2 0.0933171283398 1 3 
133 27 2.0 16 7 1 0 7 8 4 1.49409842757e-18 2 1 
133 27 2.0 10 1 0 0 6 1 3 0.0685603164244 1 0 
133 27 2.0 6 7 1 0 6 12 2 0.280882904425 2 2 
133 27 2.0 18 3 0 0 2 1 3 3.38468934612e-55 1 0 
133 27 2.0 13 13 3 0 15 13 3 0.0838749187396 3 3 
133 27 2.0 1 2 0 0 1 4 1 0.608572259905 0 1 
133 27 2.0 12 6 2 0 7 6 3 0.714812151095 2 1 
133 27 2.0 8 2 1 0 6 7 2 1.58490106019e-08 1 2 
133 27 2.0 3 3 0 0 1 2 1 0.749577320178 0 1 
133 27 2.0 15 6 1 0 9 6 3 6.03333740256e-33 2 1 
133 27 2.0 2 2 0 0 1 4 1 0.608572259905 0 1 
133 27 2.0 14 3 0 0 6 1 4 0.168812292433 1 0 
133 27 2.0 9 1 1 0 3 5 2 0.18014667304 1 1 
133 28 0.0 5 1 1 0 2 6 1 0.191703342516 0 2 
133 28 0.0 4 1 1 0 2 4 1 0.231936726911 0 2 
133 28 0.0 17 5 1 0 7 9 2 8.23670837465e-24 3 1 
133 28 0.0 11 0 1 0 6 2 2 0.0514227277366 2 0 
133 28 0.0 7 6 1 0 9 11 2 0.146409231405 1 3 
133 28 0.0 16 7 1 0 7 8 4 2.27704272289e-56 2 1 
133 28 0.0 10 1 0 0 6 1 3 3.96278143781e-10 1 0 
133 28 0.0 6 7 1 0 6 12 2 0.311797007859 2 2 
133 28 0.0 18 3 0 0 2 1 3 7.2789659769e-78 1 0 
133 28 0.0 13 13 3 0 15 13 3 0.0866307089618 3 3 
133 28 0.0 1 2 0 0 1 4 1 0.371792562512 0 1 
133 28 0.0 12 6 2 0 7 6 3 0.0851080536112 2 1 
133 28 0.0 8 2 1 0 6 7 2 0.117696340565 1 2 
133 28 0.0 3 3 0 0 1 2 1 0.324918196303 0 1 
133 28 0.0 15 6 1 0 9 6 3 6.48535401257e-36 2 1 
133 28 0.0 2 2 0 0 1 4 1 0.371792562512 0 1 
133 28 0.0 14 3 0 0 6 1 4 1.03159166764e-38 1 0 
133 28 0.0 9 1 1 0 3 5 2 0.149327652653 1 1 
133 28 2.0 5 1 1 0 2 6 1 0.127159307845 0 2 
133 28 2.0 4 1 1 0 2 4 1 0.285964810629 0 2 
133 28 2.0 17 5 1 0 7 9 2 3.26802053837e-13 3 1 
133 28 2.0 11 0 1 0 6 2 2 0.331696517884 2 0 
133 28 2.0 7 6 1 0 9 11 2 0.0933152987376 1 3 
133 28 2.0 16 7 1 0 7 8 4 2.84843046066e-18 2 1 
133 28 2.0 10 1 0 0 6 1 3 0.0687849465773 1 0 
133 28 2.0 6 7 1 0 6 12 2 0.280951129247 2 2 
133 28 2.0 18 3 0 0 2 1 3 8.4958406281e-55 1 0 
133 28 2.0 13 13 3 0 15 13 3 0.0832842745554 3 3 
133 28 2.0 1 2 0 0 1 4 1 0.608160542996 0 1 
133 28 2.0 12 6 2 0 7 6 3 0.715598475423 2 1 
133 28 2.0 8 2 1 0 6 7 2 2.62532487995e-08 1 2 
133 28 2.0 3 3 0 0 1 2 1 0.749019325531 0 1 
133 28 2.0 15 6 1 0 9 6 3 1.95969130187e-33 2 1 
133 28 2.0 2 2 0 0 1 4 1 0.608160542996 0 1 
133 28 2.0 14 3 0 0 6 1 4 0.16972809554 1 0 
133 28 2.0 9 1 1 0 3 5 2 0.180718323363 1 1 
133 29 0.0 5 1 1 0 2 6 1 0.191528238424 0 2 
133 29 0.0 4 1 1 0 2 4 1 0.231640599322 0 2 
133 29 0.0 17 5 1 0 7 9 2 2.12353163976e-23 3 1 
133 29 0.0 11 0 1 0 6 2 2 0.0510519149425 2 0 
133 29 0.0 7 6 1 0 9 11 2 0.146409447963 1 3 
133 29 0.0 16 7 1 0 7 8 4 3.0249559178e-58 2 1 
133 29 0.0 10 1 0 0 6 1 3 1.97900686655e-11 1 0 
133 29 0.0 6 7 1 0 6 12 2 0.311797410245 2 2 
133 29 0.0 18 3 0 0 2 1 3 1.01700395669e-77 1 0 
133 29 0.0 13 13 3 0 15 13 3 0.0866346412264 3 3 
133 29 0.0 1 2 0 0 1 4 1 0.371793515022 0 1 
133 29 0.0 12 6 2 0 7 6 3 0.085106284836 2 1 
133 29 0.0 8 2 1 0 6 7 2 0.117921930372 1 2 
133 29 0.0 3 3 0 0 1 2 1 0.324918581811 0 1 
133 29 0.0 15 6 1 0 9 6 3 1.56834336141e-36 2 1 
133 29 0.0 2 2 0 0 1 4 1 0.371793515022 0 1 
133 29 0.0 14 3 0 0 6 1 4 2.46752310126e-41 1 0 
133 29 0.0 9 1 1 0 3 5 2 0.149689771022 1 1 
133 29 2.0 5 1 1 0 2 6 1 0.126652840209 0 2 
133 29 2.0 4 1 1 0 2 4 1 0.285964731259 0 2 
133 29 2.0 17 5 1 0 7 9 2 1.01849046352e-13 3 1 
133 29 2.0 11 0 1 0 6 2 2 0.331696359276 2 0 
133 29 2.0 7 6 1 0 9 11 2 0.0932735082551 1 3 
133 29 2.0 16 7 1 0 7 8 4 4.09761721699e-18 2 1 
133 29 2.0 10 1 0 0 6 1 3 0.0685598536199 1 0 
133 29 2.0 6 7 1 0 6 12 2 0.280829014164 2 2 
133 29 2.0 18 3 0 0 2 1 3 9.98702323501e-55 1 0 
133 29 2.0 13 13 3 0 15 13 3 0.0837964455068 3 3 
133 29 2.0 1 2 0 0 1 4 1 0.608597762368 0 1 
133 29 2.0 12 6 2 0 7 6 3 0.714937975634 2 1 
133 29 2.0 8 2 1 0 6 7 2 1.00808157824e-07 1 2 
133 29 2.0 3 3 0 0 1 2 1 0.749653096267 0 1 
133 29 2.0 15 6 1 0 9 6 3 6.91753304194e-32 2 1 
133 29 2.0 2 2 0 0 1 4 1 0.608597762368 0 1 
133 29 2.0 14 3 0 0 6 1 4 0.168677116726 1 0 
133 29 2.0 9 1 1 0 3 5 2 0.179113981509 1 1 
133 30 0.0 5 1 1 0 2 6 1 0.191765228874 0 2 
133 30 0.0 4 1 1 0 2 4 1 0.231173741474 0 2 
133 30 0.0 17 5 1 0 7 9 2 6.71837946286e-24 3 1 
133 30 0.0 11 0 1 0 6 2 2 0.0504674246304 2 0 
133 30 0.0 7 6 1 0 9 11 2 0.146409181245 1 3 
133 30 0.0 16 7 1 0 7 8 4 3.67729852892e-57 2 1 
133 30 0.0 10 1 0 0 6 1 3 1.02959047549e-10 1 0 
133 30 0.0 6 7 1 0 6 12 2 0.311797060902 2 2 
133 30 0.0 18 3 0 0 2 1 3 9.75857818571e-78 1 0 
133 30 0.0 13 13 3 0 15 13 3 0.0866319472778 3 3 
133 30 0.0 1 2 0 0 1 4 1 0.371791963483 0 1 
133 30 0.0 12 6 2 0 7 6 3 0.0851067540359 2 1 
133 30 0.0 8 2 1 0 6 7 2 0.118277520803 1 2 
133 30 0.0 3 3 0 0 1 2 1 0.324917390844 0 1 
133 30 0.0 15 6 1 0 9 6 3 1.35780854792e-35 2 1 
133 30 0.0 2 2 0 0 1 4 1 0.371791963483 0 1 
133 30 0.0 14 3 0 0 6 1 4 1.2125841353e-39 1 0 
133 30 0.0 9 1 1 0 3 5 2 0.149345690375 1 1 
133 30 2.0 5 1 1 0 2 6 1 0.126006438439 0 2 
133 30 2.0 4 1 1 0 2 4 1 0.285964736342 0 2 
133 30 2.0 17 5 1 0 7 9 2 1.08110865294e-13 3 1 
133 30 2.0 11 0 1 0 6 2 2 0.331696369433 2 0 
133 30 2.0 7 6 1 0 9 11 2 0.0931395264165 1 3 
133 30 2.0 16 7 1 0 7 8 4 2.89349074186e-18 2 1 
133 30 2.0 10 1 0 0 6 1 3 0.0686070038234 1 0 
133 30 2.0 6 7 1 0 6 12 2 0.280677937335 2 2 
133 30 2.0 18 3 0 0 2 1 3 1.15295117686e-54 1 0 
133 30 2.0 13 13 3 0 15 13 3 0.0834299632823 3 3 
133 30 2.0 1 2 0 0 1 4 1 0.608586738514 0 1 
133 30 2.0 12 6 2 0 7 6 3 0.715491825819 2 1 
133 30 2.0 8 2 1 0 6 7 2 9.60340526745e-08 1 2 
133 30 2.0 3 3 0 0 1 2 1 0.749764082416 0 1 
133 30 2.0 15 6 1 0 9 6 3 2.43334992404e-31 2 1 
133 30 2.0 2 2 0 0 1 4 1 0.608586738514 0 1 
133 30 2.0 14 3 0 0 6 1 4 0.16846234036 1 0 
133 30 2.0 9 1 1 0 3 5 2 0.179593109633 1 1 
133 31 0.0 5 1 1 0 2 6 1 0.191881832351 0 2 
133 31 0.0 4 1 1 0 2 4 1 0.231942392734 0 2 
133 31 0.0 17 5 1 0 7 9 2 7.29660303867e-23 3 1 
133 31 0.0 11 0 1 0 6 2 2 0.0514297946868 2 0 
133 31 0.0 7 6 1 0 9 11 2 0.146409523546 1 3 
133 31 0.0 16 7 1 0 7 8 4 1.72253876192e-58 2 1 
133 31 0.0 10 1 0 0 6 1 3 5.88485744807e-12 1 0 
133 31 0.0 6 7 1 0 6 12 2 0.311797281359 2 2 
133 31 0.0 18 3 0 0 2 1 3 1.13227127405e-77 1 0 
133 31 0.0 13 13 3 0 15 13 3 0.0866366125469 3 3 
133 31 0.0 1 2 0 0 1 4 1 0.371796628694 0 1 
133 31 0.0 12 6 2 0 7 6 3 0.0851075366029 2 1 
133 31 0.0 8 2 1 0 6 7 2 0.117691950154 1 2 
133 31 0.0 3 3 0 0 1 2 1 0.324921284438 0 1 
133 31 0.0 15 6 1 0 9 6 3 1.63081701186e-38 2 1 
133 31 0.0 2 2 0 0 1 4 1 0.371796628694 0 1 
133 31 0.0 14 3 0 0 6 1 4 1.97403082124e-42 1 0 
133 31 0.0 9 1 1 0 3 5 2 0.149584538857 1 1 
133 31 2.0 5 1 1 0 2 6 1 0.125988918424 0 2 
133 31 2.0 4 1 1 0 2 4 1 0.285964823862 0 2 
133 31 2.0 17 5 1 0 7 9 2 4.02718480368e-13 3 1 
133 31 2.0 11 0 1 0 6 2 2 0.331696544329 2 0 
133 31 2.0 7 6 1 0 9 11 2 0.0931794874474 1 3 
133 31 2.0 16 7 1 0 7 8 4 9.03524902219e-18 2 1 
133 31 2.0 10 1 0 0 6 1 3 0.0687366165535 1 0 
133 31 2.0 6 7 1 0 6 12 2 0.280767640104 2 2 
133 31 2.0 18 3 0 0 2 1 3 9.93295949649e-55 1 0 
133 31 2.0 13 13 3 0 15 13 3 0.0831654736622 3 3 
133 31 2.0 1 2 0 0 1 4 1 0.60832560128 0 1 
133 31 2.0 12 6 2 0 7 6 3 0.715827411879 2 1 
133 31 2.0 8 2 1 0 6 7 2 1.38226966983e-08 1 2 
133 31 2.0 3 3 0 0 1 2 1 0.74937187766 0 1 
133 31 2.0 15 6 1 0 9 6 3 2.68339001904e-34 2 1 
133 31 2.0 2 2 0 0 1 4 1 0.60832560128 0 1 
133 31 2.0 14 3 0 0 6 1 4 0.16911403747 1 0 
133 31 2.0 9 1 1 0 3 5 2 0.179766898489 1 1 
133 32 0.0 5 1 1 0 2 6 1 0.191955787472 0 2 
133 32 0.0 4 1 1 0 2 4 1 0.231981838387 0 2 
133 32 0.0 17 5 1 0 7 9 2 2.4025529672e-23 3 1 
133 32 0.0 11 0 1 0 6 2 2 0.0514792090433 2 0 
133 32 0.0 7 6 1 0 9 11 2 0.146409293067 1 3 
133 32 0.0 16 7 1 0 7 8 4 1.12151629994e-59 2 1 
133 32 0.0 10 1 0 0 6 1 3 6.46732802011e-11 1 0 
133 32 0.0 6 7 1 0 6 12 2 0.311795603593 2 2 
133 32 0.0 18 3 0 0 2 1 3 1.11835434635e-77 1 0 
133 32 0.0 13 13 3 0 15 13 3 0.0866379590348 3 3 
133 32 0.0 1 2 0 0 1 4 1 0.371808421195 0 1 
133 32 0.0 12 6 2 0 7 6 3 0.0851165806418 2 1 
133 32 0.0 8 2 1 0 6 7 2 0.117661935322 1 2 
133 32 0.0 3 3 0 0 1 2 1 0.324932072987 0 1 
133 32 0.0 15 6 1 0 9 6 3 8.98769142645e-40 2 1 
133 32 0.0 2 2 0 0 1 4 1 0.371808421195 0 1 
133 32 0.0 14 3 0 0 6 1 4 2.27063705643e-44 1 0 
133 32 0.0 9 1 1 0 3 5 2 0.149583471904 1 1 
133 32 2.0 5 1 1 0 2 6 1 0.12634915781 0 2 
133 32 2.0 4 1 1 0 2 4 1 0.285964784263 0 2 
133 32 2.0 17 5 1 0 7 9 2 1.04690610772e-13 3 1 
133 32 2.0 11 0 1 0 6 2 2 0.331696465196 2 0 
133 32 2.0 7 6 1 0 9 11 2 0.0932599125273 1 3 
133 32 2.0 16 7 1 0 7 8 4 4.7644191943e-18 2 1 
133 32 2.0 10 1 0 0 6 1 3 0.0687841886674 1 0 
133 32 2.0 6 7 1 0 6 12 2 0.280882331522 2 2 
133 32 2.0 18 3 0 0 2 1 3 1.01463244963e-54 1 0 
133 32 2.0 13 13 3 0 15 13 3 0.0831864123619 3 3 
133 32 2.0 1 2 0 0 1 4 1 0.608192920195 0 1 
133 32 2.0 12 6 2 0 7 6 3 0.71575837973 2 1 
133 32 2.0 8 2 1 0 6 7 2 5.10195963442e-08 1 2 
133 32 2.0 3 3 0 0 1 2 1 0.749115773884 0 1 
133 32 2.0 15 6 1 0 9 6 3 9.92834899547e-33 2 1 
133 32 2.0 2 2 0 0 1 4 1 0.608192920195 0 1 
133 32 2.0 14 3 0 0 6 1 4 0.169554653909 1 0 
133 32 2.0 9 1 1 0 3 5 2 0.179434480288 1 1 
133 33 0.0 5 1 1 0 2 6 1 0.191746653777 0 2 
133 33 0.0 4 1 1 0 2 4 1 0.229385194538 0 2 
133 33 0.0 17 5 1 0 7 9 2 3.07649871445e-22 3 1 
133 33 0.0 11 0 1 0 6 2 2 0.0482139219463 2 0 
133 33 0.0 7 6 1 0 9 11 2 0.14640918997 1 3 
133 33 0.0 16 7 1 0 7 8 4 1.0470953405e-56 2 1 
133 33 0.0 10 1 0 0 6 1 3 6.97625756754e-11 1 0 
133 33 0.0 6 7 1 0 6 12 2 0.311796873755 2 2 
133 33 0.0 18 3 0 0 2 1 3 1.52325080718e-77 1 0 
133 33 0.0 13 13 3 0 15 13 3 0.0866306495171 3 3 
133 33 0.0 1 2 0 0 1 4 1 0.371792392934 0 1 
133 33 0.0 12 6 2 0 7 6 3 0.0851081750572 2 1 
133 33 0.0 8 2 1 0 6 7 2 0.119650686468 1 2 
133 33 0.0 3 3 0 0 1 2 1 0.324917916092 0 1 
133 33 0.0 15 6 1 0 9 6 3 4.56950480178e-31 2 1 
133 33 0.0 2 2 0 0 1 4 1 0.371792392934 0 1 
133 33 0.0 14 3 0 0 6 1 4 2.32617864538e-38 1 0 
133 33 0.0 9 1 1 0 3 5 2 0.149565266355 1 1 
133 33 2.0 5 1 1 0 2 6 1 0.126029353269 0 2 
133 33 2.0 4 1 1 0 2 4 1 0.285964822531 0 2 
133 33 2.0 17 5 1 0 7 9 2 2.92621859733e-13 3 1 
133 33 2.0 11 0 1 0 6 2 2 0.331696541668 2 0 
133 33 2.0 7 6 1 0 9 11 2 0.0934277882204 1 3 
133 33 2.0 16 7 1 0 7 8 4 7.34832958646e-18 2 1 
133 33 2.0 10 1 0 0 6 1 3 0.0686013841636 1 0 
133 33 2.0 6 7 1 0 6 12 2 0.281031824248 2 2 
133 33 2.0 18 3 0 0 2 1 3 9.69447190257e-55 1 0 
133 33 2.0 13 13 3 0 15 13 3 0.0839696478019 3 3 
133 33 2.0 1 2 0 0 1 4 1 0.608434482496 0 1 
133 33 2.0 12 6 2 0 7 6 3 0.714629786057 2 1 
133 33 2.0 8 2 1 0 6 7 2 1.50735147758e-08 1 2 
133 33 2.0 3 3 0 0 1 2 1 0.74928529264 0 1 
133 33 2.0 15 6 1 0 9 6 3 1.10598265624e-33 2 1 
133 33 2.0 2 2 0 0 1 4 1 0.608434482496 0 1 
133 33 2.0 14 3 0 0 6 1 4 0.169320831184 1 0 
133 33 2.0 9 1 1 0 3 5 2 0.179434021033 1 1 
133 34 0.0 5 1 1 0 2 6 1 0.191575815848 0 2 
133 34 0.0 4 1 1 0 2 4 1 0.231045692762 0 2 
133 34 0.0 17 5 1 0 7 9 2 1.25688377752e-23 3 1 
133 34 0.0 11 0 1 0 6 2 2 0.0503052877632 2 0 
133 34 0.0 7 6 1 0 9 11 2 0.146409571296 1 3 
133 34 0.0 16 7 1 0 7 8 4 1.85073252875e-57 2 1 
133 34 0.0 10 1 0 0 6 1 3 3.06347418768e-10 1 0 
133 34 0.0 6 7 1 0 6 12 2 0.311797703451 2 2 
133 34 0.0 18 3 0 0 2 1 3 1.69285290134e-77 1 0 
133 34 0.0 13 13 3 0 15 13 3 0.0866330632107 3 3 
133 34 0.0 1 2 0 0 1 4 1 0.371792473185 0 1 
133 34 0.0 12 6 2 0 7 6 3 0.0851062764696 2 1 
133 34 0.0 8 2 1 0 6 7 2 0.118376219867 1 2 
133 34 0.0 3 3 0 0 1 2 1 0.324918004319 0 1 
133 34 0.0 15 6 1 0 9 6 3 5.12704990377e-36 2 1 
133 34 0.0 2 2 0 0 1 4 1 0.371792473185 0 1 
133 34 0.0 14 3 0 0 6 1 4 1.20284903434e-40 1 0 
133 34 0.0 9 1 1 0 3 5 2 0.149302792348 1 1 
133 34 2.0 5 1 1 0 2 6 1 0.126086358476 0 2 
133 34 2.0 4 1 1 0 2 4 1 0.285964832923 0 2 
133 34 2.0 17 5 1 0 7 9 2 1.76477986951e-12 3 1 
133 34 2.0 11 0 1 0 6 2 2 0.331696562435 2 0 
133 34 2.0 7 6 1 0 9 11 2 0.0931614426442 1 3 
133 34 2.0 16 7 1 0 7 8 4 3.87936723265e-18 2 1 
133 34 2.0 10 1 0 0 6 1 3 0.0686820344771 1 0 
133 34 2.0 6 7 1 0 6 12 2 0.280728227702 2 2 
133 34 2.0 18 3 0 0 2 1 3 1.15048162294e-54 1 0 
133 34 2.0 13 13 3 0 15 13 3 0.0832748385802 3 3 
133 34 2.0 1 2 0 0 1 4 1 0.608436273628 0 1 
133 34 2.0 12 6 2 0 7 6 3 0.715689536108 2 1 
133 34 2.0 8 2 1 0 6 7 2 5.31199717687e-09 1 2 
133 34 2.0 3 3 0 0 1 2 1 0.749539112292 0 1 
133 34 2.0 15 6 1 0 9 6 3 2.93695866049e-33 2 1 
133 34 2.0 2 2 0 0 1 4 1 0.608436273628 0 1 
133 34 2.0 14 3 0 0 6 1 4 0.1688360503 1 0 
133 34 2.0 9 1 1 0 3 5 2 0.179333757241 1 1 
133 35 0.0 5 1 1 0 2 6 1 0.191575573896 0 2 
133 35 0.0 4 1 1 0 2 4 1 0.23120650238 0 2 
133 35 0.0 17 5 1 0 7 9 2 4.46383089163e-22 3 1 
133 35 0.0 11 0 1 0 6 2 2 0.0505075850403 2 0 
133 35 0.0 7 6 1 0 9 11 2 0.146408998323 1 3 
133 35 0.0 16 7 1 0 7 8 4 1.70236908475e-60 2 1 
133 35 0.0 10 1 0 0 6 1 3 3.03246961183e-12 1 0 
133 35 0.0 6 7 1 0 6 12 2 0.311793963769 2 2 
133 35 0.0 18 3 0 0 2 1 3 2.18906951864e-77 1 0 
133 35 0.0 13 13 3 0 15 13 3 0.0866353045071 3 3 
133 35 0.0 1 2 0 0 1 4 1 0.371814089468 0 1 
133 35 0.0 12 6 2 0 7 6 3 0.0851240799307 2 1 
133 35 0.0 8 2 1 0 6 7 2 0.118253047229 1 2 
133 35 0.0 3 3 0 0 1 2 1 0.32493722887 0 1 
133 35 0.0 15 6 1 0 9 6 3 3.20356484969e-38 2 1 
133 35 0.0 2 2 0 0 1 4 1 0.371814089468 0 1 
133 35 0.0 14 3 0 0 6 1 4 1.96481783178e-45 1 0 
133 35 0.0 9 1 1 0 3 5 2 0.1497598393 1 1 
133 35 2.0 5 1 1 0 2 6 1 0.126533718302 0 2 
133 35 2.0 4 1 1 0 2 4 1 0.285964805875 0 2 
133 35 2.0 17 5 1 0 7 9 2 1.41203177709e-13 3 1 
133 35 2.0 11 0 1 0 6 2 2 0.331696508384 2 0 
133 35 2.0 7 6 1 0 9 11 2 0.0934207191661 1 3 
133 35 2.0 16 7 1 0 7 8 4 6.56865931647e-18 2 1 
133 35 2.0 10 1 0 0 6 1 3 0.0685979728859 1 0 
133 35 2.0 6 7 1 0 6 12 2 0.281022056278 2 2 
133 35 2.0 18 3 0 0 2 1 3 9.99658559562e-55 1 0 
133 35 2.0 13 13 3 0 15 13 3 0.0839656944144 3 3 
133 35 2.0 1 2 0 0 1 4 1 0.608444708536 0 1 
133 35 2.0 12 6 2 0 7 6 3 0.714638835144 2 1 
133 35 2.0 8 2 1 0 6 7 2 3.07188372601e-08 1 2 
133 35 2.0 3 3 0 0 1 2 1 0.749305914464 0 1 
133 35 2.0 15 6 1 0 9 6 3 1.76457234851e-33 2 1 
133 35 2.0 2 2 0 0 1 4 1 0.608444708536 0 1 
133 35 2.0 14 3 0 0 6 1 4 0.169284992997 1 0 
133 35 2.0 9 1 1 0 3 5 2 0.179100217422 1 1 
133 36 0.0 5 1 1 0 2 6 1 0.191820536591 0 2 
133 36 0.0 4 1 1 0 2 4 1 0.232132859422 0 2 
133 36 0.0 17 5 1 0 7 9 2 1.51758945779e-23 3 1 
133 36 0.0 11 0 1 0 6 2 2 0.0516682761335 2 0 
133 36 0.0 7 6 1 0 9 11 2 0.146409648774 1 3 
133 36 0.0 16 7 1 0 7 8 4 1.76333032532e-58 2 1 
133 36 0.0 10 1 0 0 6 1 3 2.86263549788e-10 1 0 
133 36 0.0 6 7 1 0 6 12 2 0.311797485353 2 2 
133 36 0.0 18 3 0 0 2 1 3 1.41627996371e-77 1 0 
133 36 0.0 13 13 3 0 15 13 3 0.0866366483341 3 3 
133 36 0.0 1 2 0 0 1 4 1 0.371796809571 0 1 
133 36 0.0 12 6 2 0 7 6 3 0.0851075691039 2 1 
133 36 0.0 8 2 1 0 6 7 2 0.117546858242 1 2 
133 36 0.0 3 3 0 0 1 2 1 0.324921569171 0 1 
133 36 0.0 15 6 1 0 9 6 3 5.41440348012e-39 2 1 
133 36 0.0 2 2 0 0 1 4 1 0.371796809571 0 1 
133 36 0.0 14 3 0 0 6 1 4 2.34294645492e-42 1 0 
133 36 0.0 9 1 1 0 3 5 2 0.149613405645 1 1 
133 36 2.0 5 1 1 0 2 6 1 0.126632961092 0 2 
133 36 2.0 4 1 1 0 2 4 1 0.285964809654 0 2 
133 36 2.0 17 5 1 0 7 9 2 6.00372394243e-13 3 1 
133 36 2.0 11 0 1 0 6 2 2 0.331696515937 2 0 
133 36 2.0 7 6 1 0 9 11 2 0.0934230456476 1 3 
133 36 2.0 16 7 1 0 7 8 4 1.21418274047e-18 2 1 
133 36 2.0 10 1 0 0 6 1 3 0.0687480616349 1 0 
133 36 2.0 6 7 1 0 6 12 2 0.281072407989 2 2 
133 36 2.0 18 3 0 0 2 1 3 9.48487388745e-55 1 0 
133 36 2.0 13 13 3 0 15 13 3 0.0835758042664 3 3 
133 36 2.0 1 2 0 0 1 4 1 0.608168036556 0 1 
133 36 2.0 12 6 2 0 7 6 3 0.715152739811 2 1 
133 36 2.0 8 2 1 0 6 7 2 2.71686774393e-08 1 2 
133 36 2.0 3 3 0 0 1 2 1 0.748927250155 0 1 
133 36 2.0 15 6 1 0 9 6 3 4.74727459978e-33 2 1 
133 36 2.0 2 2 0 0 1 4 1 0.608168036556 0 1 
133 36 2.0 14 3 0 0 6 1 4 0.169909328168 1 0 
133 36 2.0 9 1 1 0 3 5 2 0.180003387727 1 1 
133 37 0.0 5 1 1 0 2 6 1 0.191904880709 0 2 
133 37 0.0 4 1 1 0 2 4 1 0.23127455171 0 2 
133 37 0.0 17 5 1 0 7 9 2 1.39844167693e-23 3 1 
133 37 0.0 11 0 1 0 6 2 2 0.0505932012695 2 0 
133 37 0.0 7 6 1 0 9 11 2 0.146409012202 1 3 
133 37 0.0 16 7 1 0 7 8 4 3.52874112819e-56 2 1 
133 37 0.0 10 1 0 0 6 1 3 5.63172518937e-11 1 0 
133 37 0.0 6 7 1 0 6 12 2 0.311796511697 2 2 
133 37 0.0 18 3 0 0 2 1 3 1.71172154626e-77 1 0 
133 37 0.0 13 13 3 0 15 13 3 0.0866305137269 3 3 
133 37 0.0 1 2 0 0 1 4 1 0.37179280592 0 1 
133 37 0.0 12 6 2 0 7 6 3 0.0851087194286 2 1 
133 37 0.0 8 2 1 0 6 7 2 0.118200950872 1 2 
133 37 0.0 3 3 0 0 1 2 1 0.324918173026 0 1 
133 37 0.0 15 6 1 0 9 6 3 2.9846762574e-35 2 1 
133 37 0.0 2 2 0 0 1 4 1 0.37179280592 0 1 
133 37 0.0 14 3 0 0 6 1 4 4.01308320025e-38 1 0 
133 37 0.0 9 1 1 0 3 5 2 0.14963783597 1 1 
133 37 2.0 5 1 1 0 2 6 1 0.126814276635 0 2 
133 37 2.0 4 1 1 0 2 4 1 0.285964835653 0 2 
133 37 2.0 17 5 1 0 7 9 2 1.11598630478e-13 3 1 
133 37 2.0 11 0 1 0 6 2 2 0.331696567891 2 0 
133 37 2.0 7 6 1 0 9 11 2 0.0934410307016 1 3 
133 37 2.0 16 7 1 0 7 8 4 3.3041078734e-18 2 1 
133 37 2.0 10 1 0 0 6 1 3 0.0686268758897 1 0 
133 37 2.0 6 7 1 0 6 12 2 0.281056089834 2 2 
133 37 2.0 18 3 0 0 2 1 3 9.63048689433e-55 1 0 
133 37 2.0 13 13 3 0 15 13 3 0.0839269286543 3 3 
133 37 2.0 1 2 0 0 1 4 1 0.608380285682 0 1 
133 37 2.0 12 6 2 0 7 6 3 0.714679115429 2 1 
133 37 2.0 8 2 1 0 6 7 2 2.74717655239e-09 1 2 
133 37 2.0 3 3 0 0 1 2 1 0.749198967494 0 1 
133 37 2.0 15 6 1 0 9 6 3 9.49403114078e-34 2 1 
133 37 2.0 2 2 0 0 1 4 1 0.608380285682 0 1 
133 37 2.0 14 3 0 0 6 1 4 0.169466621079 1 0 
133 37 2.0 9 1 1 0 3 5 2 0.180101605417 1 1 
133 38 0.0 5 1 1 0 2 6 1 0.191775610181 0 2 
133 38 0.0 4 1 1 0 2 4 1 0.229696392376 0 2 
133 38 0.0 17 5 1 0 7 9 2 3.16238416764e-22 3 1 
133 38 0.0 11 0 1 0 6 2 2 0.0486055368367 2 0 
133 38 0.0 7 6 1 0 9 11 2 0.146409715619 1 3 
133 38 0.0 16 7 1 0 7 8 4 6.1145058105e-59 2 1 
133 38 0.0 10 1 0 0 6 1 3 1.46452805539e-10 1 0 
133 38 0.0 6 7 1 0 6 12 2 0.311797483453 2 2 
133 38 0.0 18 3 0 0 2 1 3 1.39065922468e-77 1 0 
133 38 0.0 13 13 3 0 15 13 3 0.086637142505 3 3 
133 38 0.0 1 2 0 0 1 4 1 0.371798188389 0 1 
133 38 0.0 12 6 2 0 7 6 3 0.085108309407 2 1 
133 38 0.0 8 2 1 0 6 7 2 0.119412995664 1 2 
133 38 0.0 3 3 0 0 1 2 1 0.324922875807 0 1 
133 38 0.0 15 6 1 0 9 6 3 1.58231829163e-33 2 1 
133 38 0.0 2 2 0 0 1 4 1 0.371798188389 0 1 
133 38 0.0 14 3 0 0 6 1 4 1.45073672349e-42 1 0 
133 38 0.0 9 1 1 0 3 5 2 0.149351171679 1 1 
133 38 2.0 5 1 1 0 2 6 1 0.126761907532 0 2 
133 38 2.0 4 1 1 0 2 4 1 0.285964796577 0 2 
133 38 2.0 17 5 1 0 7 9 2 8.92707029495e-13 3 1 
133 38 2.0 11 0 1 0 6 2 2 0.331696489804 2 0 
133 38 2.0 7 6 1 0 9 11 2 0.0934032269348 1 3 
133 38 2.0 16 7 1 0 7 8 4 2.26173684371e-18 2 1 
133 38 2.0 10 1 0 0 6 1 3 0.068594282482 1 0 
133 38 2.0 6 7 1 0 6 12 2 0.280999396308 2 2 
133 38 2.0 18 3 0 0 2 1 3 6.3209248866e-55 1 0 
133 38 2.0 13 13 3 0 15 13 3 0.0839433991236 3 3 
133 38 2.0 1 2 0 0 1 4 1 0.608461351668 0 1 
133 38 2.0 12 6 2 0 7 6 3 0.714677423888 2 1 
133 38 2.0 8 2 1 0 6 7 2 3.94526141726e-08 1 2 
133 38 2.0 3 3 0 0 1 2 1 0.749345096107 0 1 
133 38 2.0 15 6 1 0 9 6 3 4.68165481602e-32 2 1 
133 38 2.0 2 2 0 0 1 4 1 0.608461351668 0 1 
133 38 2.0 14 3 0 0 6 1 4 0.169216080809 1 0 
133 38 2.0 9 1 1 0 3 5 2 0.180776050563 1 1 
133 39 0.0 5 1 1 0 2 6 1 0.191912848579 0 2 
133 39 0.0 4 1 1 0 2 4 1 0.230805210256 0 2 
133 39 0.0 17 5 1 0 7 9 2 7.58962563518e-24 3 1 
133 39 0.0 11 0 1 0 6 2 2 0.0500036228934 2 0 
133 39 0.0 7 6 1 0 9 11 2 0.146409757777 1 3 
133 39 0.0 16 7 1 0 7 8 4 1.89260842193e-59 2 1 
133 39 0.0 10 1 0 0 6 1 3 1.5115068532e-10 1 0 
133 39 0.0 6 7 1 0 6 12 2 0.311797043348 2 2 
133 39 0.0 18 3 0 0 2 1 3 1.37280522974e-77 1 0 
133 39 0.0 13 13 3 0 15 13 3 0.0866381325476 3 3 
133 39 0.0 1 2 0 0 1 4 1 0.371802328029 0 1 
133 39 0.0 12 6 2 0 7 6 3 0.0851112934559 2 1 
133 39 0.0 8 2 1 0 6 7 2 0.118560102911 1 2 
133 39 0.0 3 3 0 0 1 2 1 0.324926583389 0 1 
133 39 0.0 15 6 1 0 9 6 3 1.03011008242e-35 2 1 
133 39 0.0 2 2 0 0 1 4 1 0.371802328029 0 1 
133 39 0.0 14 3 0 0 6 1 4 2.0064364456e-43 1 0 
133 39 0.0 9 1 1 0 3 5 2 0.149610492062 1 1 
133 39 2.0 5 1 1 0 2 6 1 0.126516390316 0 2 
133 39 2.0 4 1 1 0 2 4 1 0.285964787521 0 2 
133 39 2.0 17 5 1 0 7 9 2 1.53321375896e-13 3 1 
133 39 2.0 11 0 1 0 6 2 2 0.331696471707 2 0 
133 39 2.0 7 6 1 0 9 11 2 0.0931770451324 1 3 
133 39 2.0 16 7 1 0 7 8 4 7.79475008288e-18 2 1 
133 39 2.0 10 1 0 0 6 1 3 0.068580701487 1 0 
133 39 2.0 6 7 1 0 6 12 2 0.280716319036 2 2 
133 39 2.0 18 3 0 0 2 1 3 9.5939413186e-55 1 0 
133 39 2.0 13 13 3 0 15 13 3 0.0835663828378 3 3 
133 39 2.0 1 2 0 0 1 4 1 0.608613951541 0 1 
133 39 2.0 12 6 2 0 7 6 3 0.715291339021 2 1 
133 39 2.0 8 2 1 0 6 7 2 4.79591981799e-08 1 2 
133 39 2.0 3 3 0 0 1 2 1 0.749765822368 0 1 
133 39 2.0 15 6 1 0 9 6 3 2.57096030981e-33 2 1 
133 39 2.0 2 2 0 0 1 4 1 0.608613951541 0 1 
133 39 2.0 14 3 0 0 6 1 4 0.168468701238 1 0 
133 39 2.0 9 1 1 0 3 5 2 0.179168941158 1 1 
133 40 0.0 5 1 1 0 2 6 1 0.191872211206 0 2 
133 40 0.0 4 1 1 0 2 4 1 0.231973503579 0 2 
133 40 0.0 17 5 1 0 7 9 2 2.08482356433e-22 3 1 
133 40 0.0 11 0 1 0 6 2 2 0.0514687597305 2 0 
133 40 0.0 7 6 1 0 9 11 2 0.146409150931 1 3 
133 40 0.0 16 7 1 0 7 8 4 1.38101761814e-57 2 1 
133 40 0.0 10 1 0 0 6 1 3 6.0141963807e-11 1 0 
133 40 0.0 6 7 1 0 6 12 2 0.311797014228 2 2 
133 40 0.0 18 3 0 0 2 1 3 1.74560357804e-77 1 0 
133 40 0.0 13 13 3 0 15 13 3 0.0866323359809 3 3 
133 40 0.0 1 2 0 0 1 4 1 0.371792028306 0 1 
133 40 0.0 12 6 2 0 7 6 3 0.0851065881213 2 1 
133 40 0.0 8 2 1 0 6 7 2 0.117668230005 1 2 
133 40 0.0 3 3 0 0 1 2 1 0.324917354956 0 1 
133 40 0.0 15 6 1 0 9 6 3 1.00482639313e-36 2 1 
133 40 0.0 2 2 0 0 1 4 1 0.371792028306 0 1 
133 40 0.0 14 3 0 0 6 1 4 3.0185645235e-40 1 0 
133 40 0.0 9 1 1 0 3 5 2 0.149732065886 1 1 
133 40 2.0 5 1 1 0 2 6 1 0.127241137667 0 2 
133 40 2.0 4 1 1 0 2 4 1 0.285964831767 0 2 
133 40 2.0 17 5 1 0 7 9 2 8.26308470214e-12 3 1 
133 40 2.0 11 0 1 0 6 2 2 0.331696560125 2 0 
133 40 2.0 7 6 1 0 9 11 2 0.0933469649094 1 3 
133 40 2.0 16 7 1 0 7 8 4 3.40556920391e-18 2 1 
133 40 2.0 10 1 0 0 6 1 3 0.0685658319046 1 0 
133 40 2.0 6 7 1 0 6 12 2 0.280921342686 2 2 
133 40 2.0 18 3 0 0 2 1 3 6.01519038545e-55 1 0 
133 40 2.0 13 13 3 0 15 13 3 0.0839150410011 3 3 
133 40 2.0 1 2 0 0 1 4 1 0.608545280081 0 1 
133 40 2.0 12 6 2 0 7 6 3 0.714743961039 2 1 
133 40 2.0 8 2 1 0 6 7 2 6.39765267927e-09 1 2 
133 40 2.0 3 3 0 0 1 2 1 0.749512479263 0 1 
133 40 2.0 15 6 1 0 9 6 3 4.42748694451e-33 2 1 
133 40 2.0 2 2 0 0 1 4 1 0.608545280081 0 1 
133 40 2.0 14 3 0 0 6 1 4 0.168926293479 1 0 
133 40 2.0 9 1 1 0 3 5 2 0.180691060558 1 1 
