176 1 0.0 2 3 1 0 2 8 1 0.332959558628 0 2 
176 1 0.0 5 7 1 0 24 24 2 0.209503785676 2 4 
176 1 0.0 4 6 1 0 40 25 2 8.55294317825e-22 1 6 
176 1 0.0 11 3 1 0 20 7 3 4.71524112778e-46 3 0 
176 1 0.0 9 4 0 0 22 9 3 4.59241982676e-35 3 0 
176 1 0.0 6 1 1 0 11 5 3 1.19806857516e-78 1 1 
176 1 0.0 10 2 1 0 22 7 2 0.0849291460043 3 0 
176 1 0.0 1 11 0 0 9 8 1 0.175699292138 0 3 
176 1 0.0 7 1 0 0 12 1 3 4.85317317216e-78 1 0 
176 1 0.0 8 3 0 0 20 4 3 7.12193285314e-33 2 0 
176 1 0.0 3 1 0 0 7 7 2 0.0541962197945 1 1 
176 1 2.0 2 3 1 0 2 8 1 0.357116025287 0 2 
176 1 2.0 5 7 1 0 24 24 2 0.0833728531307 2 4 
176 1 2.0 4 6 1 0 40 25 2 1.00457071729e-50 1 6 
176 1 2.0 11 3 1 0 20 7 3 1.49568946623e-38 3 0 
176 1 2.0 9 4 0 0 22 9 3 3.09054842112e-10 3 0 
176 1 2.0 6 1 1 0 11 5 3 1.13534476486e-55 1 1 
176 1 2.0 10 2 1 0 22 7 2 0.317260314695 3 0 
176 1 2.0 1 11 0 0 9 8 1 0.122238643391 0 3 
176 1 2.0 7 1 0 0 12 1 3 4.20523248285e-55 1 0 
176 1 2.0 8 3 0 0 20 4 3 2.44992477902e-31 2 0 
176 1 2.0 3 1 0 0 7 7 2 0.137325679683 1 1 
176 2 0.0 2 3 1 0 2 8 1 0.33295998892 0 2 
176 2 0.0 5 7 1 0 24 24 2 0.209503259303 2 4 
176 2 0.0 4 6 1 0 40 25 2 1.57551549319e-21 1 6 
176 2 0.0 11 3 1 0 20 7 3 9.48502976075e-47 3 0 
176 2 0.0 9 4 0 0 22 9 3 3.97798139466e-35 3 0 
176 2 0.0 6 1 1 0 11 5 3 6.79282342029e-79 1 1 
176 2 0.0 10 2 1 0 22 7 2 0.0849297974746 3 0 
176 2 0.0 1 11 0 0 9 8 1 0.175699124615 0 3 
176 2 0.0 7 1 0 0 12 1 3 6.47326929711e-78 1 0 
176 2 0.0 8 3 0 0 20 4 3 1.27085857252e-33 2 0 
176 2 0.0 3 1 0 0 7 7 2 0.0541965579737 1 1 
176 2 2.0 2 3 1 0 2 8 1 0.357058668438 0 2 
176 2 2.0 5 7 1 0 24 24 2 0.0833628238335 2 4 
176 2 2.0 4 6 1 0 40 25 2 3.16664541679e-50 1 6 
176 2 2.0 11 3 1 0 20 7 3 2.4891789277e-43 3 0 
176 2 2.0 9 4 0 0 22 9 3 1.39481977232e-11 3 0 
176 2 2.0 6 1 1 0 11 5 3 7.04028713634e-57 1 1 
176 2 2.0 10 2 1 0 22 7 2 0.31727057502 3 0 
176 2 2.0 1 11 0 0 9 8 1 0.122142103962 0 3 
176 2 2.0 7 1 0 0 12 1 3 6.95222062238e-56 1 0 
176 2 2.0 8 3 0 0 20 4 3 2.39673742223e-38 2 0 
176 2 2.0 3 1 0 0 7 7 2 0.137355203756 1 1 
176 3 0.0 2 3 1 0 2 8 1 0.332957792169 0 2 
176 3 0.0 5 7 1 0 24 24 2 0.209505178078 2 4 
176 3 0.0 4 6 1 0 40 25 2 5.09844473663e-21 1 6 
176 3 0.0 11 3 1 0 20 7 3 9.07572093751e-44 3 0 
176 3 0.0 9 4 0 0 22 9 3 5.4983855336e-34 3 0 
176 3 0.0 6 1 1 0 11 5 3 2.4415001799e-78 1 1 
176 3 0.0 10 2 1 0 22 7 2 0.0849277146057 3 0 
176 3 0.0 1 11 0 0 9 8 1 0.175699118039 0 3 
176 3 0.0 7 1 0 0 12 1 3 5.58601598297e-78 1 0 
176 3 0.0 8 3 0 0 20 4 3 4.39901513482e-30 2 0 
176 3 0.0 3 1 0 0 7 7 2 0.0541955050217 1 1 
176 3 2.0 2 3 1 0 2 8 1 0.357096395514 0 2 
176 3 2.0 5 7 1 0 24 24 2 0.0833468347923 2 4 
176 3 2.0 4 6 1 0 40 25 2 3.65568099828e-49 1 6 
176 3 2.0 11 3 1 0 20 7 3 3.06339701774e-40 3 0 
176 3 2.0 9 4 0 0 22 9 3 2.35996175115e-10 3 0 
176 3 2.0 6 1 1 0 11 5 3 3.81768172388e-57 1 1 
176 3 2.0 10 2 1 0 22 7 2 0.317235405061 3 0 
176 3 2.0 1 11 0 0 9 8 1 0.12217536081 0 3 
176 3 2.0 7 1 0 0 12 1 3 5.29570419718e-55 1 0 
176 3 2.0 8 3 0 0 20 4 3 4.85522153977e-34 2 0 
176 3 2.0 3 1 0 0 7 7 2 0.13727882646 1 1 
176 4 0.0 2 3 1 0 2 8 1 0.33295783482 0 2 
176 4 0.0 5 7 1 0 24 24 2 0.209505025603 2 4 
176 4 0.0 4 6 1 0 40 25 2 5.0193071095e-19 1 6 
176 4 0.0 11 3 1 0 20 7 3 1.70274278907e-44 3 0 
176 4 0.0 9 4 0 0 22 9 3 6.91246448495e-34 3 0 
176 4 0.0 6 1 1 0 11 5 3 8.63472487425e-79 1 1 
176 4 0.0 10 2 1 0 22 7 2 0.0849280927656 3 0 
176 4 0.0 1 11 0 0 9 8 1 0.175698912024 0 3 
176 4 0.0 7 1 0 0 12 1 3 2.37405320495e-78 1 0 
176 4 0.0 8 3 0 0 20 4 3 1.45458373831e-30 2 0 
176 4 0.0 3 1 0 0 7 7 2 0.0541957234222 1 1 
176 4 2.0 2 3 1 0 2 8 1 0.357040239087 0 2 
176 4 2.0 5 7 1 0 24 24 2 0.083354052241 2 4 
176 4 2.0 4 6 1 0 40 25 2 2.69870993697e-48 1 6 
176 4 2.0 11 3 1 0 20 7 3 2.768049711e-41 3 0 
176 4 2.0 9 4 0 0 22 9 3 9.25088160334e-11 3 0 
176 4 2.0 6 1 1 0 11 5 3 2.23742229503e-57 1 1 
176 4 2.0 10 2 1 0 22 7 2 0.317253382407 3 0 
176 4 2.0 1 11 0 0 9 8 1 0.122104155121 0 3 
176 4 2.0 7 1 0 0 12 1 3 2.98588068874e-55 1 0 
176 4 2.0 8 3 0 0 20 4 3 3.17822910688e-35 2 0 
176 4 2.0 3 1 0 0 7 7 2 0.137332275953 1 1 
176 5 0.0 2 3 1 0 2 8 1 0.332957798473 0 2 
176 5 0.0 5 7 1 0 24 24 2 0.20950558348 2 4 
176 5 0.0 4 6 1 0 40 25 2 2.20731643324e-21 1 6 
176 5 0.0 11 3 1 0 20 7 3 6.40266153543e-44 3 0 
176 5 0.0 9 4 0 0 22 9 3 8.71572655025e-34 3 0 
176 5 0.0 6 1 1 0 11 5 3 3.17250020298e-78 1 1 
176 5 0.0 10 2 1 0 22 7 2 0.0849278124924 3 0 
176 5 0.0 1 11 0 0 9 8 1 0.175699193993 0 3 
176 5 0.0 7 1 0 0 12 1 3 8.06544917386e-78 1 0 
176 5 0.0 8 3 0 0 20 4 3 4.03122255188e-30 2 0 
176 5 0.0 3 1 0 0 7 7 2 0.054195632612 1 1 
176 5 2.0 2 3 1 0 2 8 1 0.357087112318 0 2 
176 5 2.0 5 7 1 0 24 24 2 0.0833090239353 2 4 
176 5 2.0 4 6 1 0 40 25 2 3.38596770482e-53 1 6 
176 5 2.0 11 3 1 0 20 7 3 3.51323656635e-41 3 0 
176 5 2.0 9 4 0 0 22 9 3 1.10822491046e-10 3 0 
176 5 2.0 6 1 1 0 11 5 3 9.30577070963e-56 1 1 
176 5 2.0 10 2 1 0 22 7 2 0.317195982082 3 0 
176 5 2.0 1 11 0 0 9 8 1 0.122111132198 0 3 
176 5 2.0 7 1 0 0 12 1 3 4.74717981775e-55 1 0 
176 5 2.0 8 3 0 0 20 4 3 1.53065092728e-34 2 0 
176 5 2.0 3 1 0 0 7 7 2 0.137198424533 1 1 
176 6 0.0 2 3 1 0 2 8 1 0.332959382982 0 2 
176 6 0.0 5 7 1 0 24 24 2 0.209504115857 2 4 
176 6 0.0 4 6 1 0 40 25 2 8.72653365863e-20 1 6 
176 6 0.0 11 3 1 0 20 7 3 3.00351808147e-46 3 0 
176 6 0.0 9 4 0 0 22 9 3 1.0779802128e-34 3 0 
176 6 0.0 6 1 1 0 11 5 3 4.40634998637e-79 1 1 
176 6 0.0 10 2 1 0 22 7 2 0.0849291189242 3 0 
176 6 0.0 1 11 0 0 9 8 1 0.175699273425 0 3 
176 6 0.0 7 1 0 0 12 1 3 2.37427570358e-78 1 0 
176 6 0.0 8 3 0 0 20 4 3 1.19223084314e-32 2 0 
176 6 0.0 3 1 0 0 7 7 2 0.0541962532201 1 1 
176 6 2.0 2 3 1 0 2 8 1 0.356957637741 0 2 
176 6 2.0 5 7 1 0 24 24 2 0.0833138265068 2 4 
176 6 2.0 4 6 1 0 40 25 2 1.25473562482e-50 1 6 
176 6 2.0 11 3 1 0 20 7 3 5.99787426103e-43 3 0 
176 6 2.0 9 4 0 0 22 9 3 9.52051836627e-12 3 0 
176 6 2.0 6 1 1 0 11 5 3 5.9623384075e-57 1 1 
176 6 2.0 10 2 1 0 22 7 2 0.31722801895 3 0 
176 6 2.0 1 11 0 0 9 8 1 0.121931059395 0 3 
176 6 2.0 7 1 0 0 12 1 3 1.02347638612e-55 1 0 
176 6 2.0 8 3 0 0 20 4 3 2.22147045303e-37 2 0 
176 6 2.0 3 1 0 0 7 7 2 0.137299207812 1 1 
176 7 0.0 2 3 1 0 2 8 1 0.332958886901 0 2 
176 7 0.0 5 7 1 0 24 24 2 0.209504366076 2 4 
176 7 0.0 4 6 1 0 40 25 2 1.11254422204e-21 1 6 
176 7 0.0 11 3 1 0 20 7 3 1.36726745844e-45 3 0 
176 7 0.0 9 4 0 0 22 9 3 1.1435403029e-34 3 0 
176 7 0.0 6 1 1 0 11 5 3 3.44819985089e-78 1 1 
176 7 0.0 10 2 1 0 22 7 2 0.0849285960512 3 0 
176 7 0.0 1 11 0 0 9 8 1 0.175699244024 0 3 
176 7 0.0 7 1 0 0 12 1 3 2.40144838529e-78 1 0 
176 7 0.0 8 3 0 0 20 4 3 9.53096293623e-32 2 0 
176 7 0.0 3 1 0 0 7 7 2 0.0541959524989 1 1 
176 7 2.0 2 3 1 0 2 8 1 0.356962663583 0 2 
176 7 2.0 5 7 1 0 24 24 2 0.0833322374787 2 4 
176 7 2.0 4 6 1 0 40 25 2 1.03028921592e-52 1 6 
176 7 2.0 11 3 1 0 20 7 3 7.95844282191e-42 3 0 
176 7 2.0 9 4 0 0 22 9 3 2.85815608237e-11 3 0 
176 7 2.0 6 1 1 0 11 5 3 3.02478210631e-57 1 1 
176 7 2.0 10 2 1 0 22 7 2 0.317242446231 3 0 
176 7 2.0 1 11 0 0 9 8 1 0.121963192572 0 3 
176 7 2.0 7 1 0 0 12 1 3 5.26963681473e-55 1 0 
176 7 2.0 8 3 0 0 20 4 3 9.93108074378e-36 2 0 
176 7 2.0 3 1 0 0 7 7 2 0.13733166806 1 1 
176 8 0.0 2 3 1 0 2 8 1 0.332958782441 0 2 
176 8 0.0 5 7 1 0 24 24 2 0.209504687595 2 4 
176 8 0.0 4 6 1 0 40 25 2 1.59011967109e-20 1 6 
176 8 0.0 11 3 1 0 20 7 3 3.63385778038e-45 3 0 
176 8 0.0 9 4 0 0 22 9 3 1.91090667698e-34 3 0 
176 8 0.0 6 1 1 0 11 5 3 7.31208826004e-80 1 1 
176 8 0.0 10 2 1 0 22 7 2 0.0849286699638 3 0 
176 8 0.0 1 11 0 0 9 8 1 0.175699224478 0 3 
176 8 0.0 7 1 0 0 12 1 3 8.01213983054e-78 1 0 
176 8 0.0 8 3 0 0 20 4 3 3.47227697635e-32 2 0 
176 8 0.0 3 1 0 0 7 7 2 0.0541960500763 1 1 
176 8 2.0 2 3 1 0 2 8 1 0.356976666961 0 2 
176 8 2.0 5 7 1 0 24 24 2 0.0833233839063 2 4 
176 8 2.0 4 6 1 0 40 25 2 2.17904014443e-50 1 6 
176 8 2.0 11 3 1 0 20 7 3 5.84328442638e-41 3 0 
176 8 2.0 9 4 0 0 22 9 3 1.04341163094e-10 3 0 
176 8 2.0 6 1 1 0 11 5 3 2.15680003995e-57 1 1 
176 8 2.0 10 2 1 0 22 7 2 0.317228852255 3 0 
176 8 2.0 1 11 0 0 9 8 1 0.121971511317 0 3 
176 8 2.0 7 1 0 0 12 1 3 3.79245428692e-55 1 0 
176 8 2.0 8 3 0 0 20 4 3 1.5924407259e-34 2 0 
176 8 2.0 3 1 0 0 7 7 2 0.137300237094 1 1 
176 9 0.0 2 3 1 0 2 8 1 0.332958466443 0 2 
176 9 0.0 5 7 1 0 24 24 2 0.209504847824 2 4 
176 9 0.0 4 6 1 0 40 25 2 1.39094906421e-20 1 6 
176 9 0.0 11 3 1 0 20 7 3 6.76432383892e-45 3 0 
176 9 0.0 9 4 0 0 22 9 3 1.82122552077e-34 3 0 
176 9 0.0 6 1 1 0 11 5 3 1.87807138339e-78 1 1 
176 9 0.0 10 2 1 0 22 7 2 0.0849281890751 3 0 
176 9 0.0 1 11 0 0 9 8 1 0.175699281148 0 3 
176 9 0.0 7 1 0 0 12 1 3 5.5122003347e-78 1 0 
176 9 0.0 8 3 0 0 20 4 3 4.22594522599e-31 2 0 
176 9 0.0 3 1 0 0 7 7 2 0.054195763936 1 1 
176 9 2.0 2 3 1 0 2 8 1 0.35699448313 0 2 
176 9 2.0 5 7 1 0 24 24 2 0.0833795148742 2 4 
176 9 2.0 4 6 1 0 40 25 2 2.0696714388e-50 1 6 
176 9 2.0 11 3 1 0 20 7 3 2.35018704738e-40 3 0 
176 9 2.0 9 4 0 0 22 9 3 1.05784081192e-10 3 0 
176 9 2.0 6 1 1 0 11 5 3 1.15077330435e-55 1 1 
176 9 2.0 10 2 1 0 22 7 2 0.317287048583 3 0 
176 9 2.0 1 11 0 0 9 8 1 0.122072537606 0 3 
176 9 2.0 7 1 0 0 12 1 3 2.79542863893e-55 1 0 
176 9 2.0 8 3 0 0 20 4 3 3.06107045697e-33 2 0 
176 9 2.0 3 1 0 0 7 7 2 0.137417551933 1 1 
176 10 0.0 2 3 1 0 2 8 1 0.332958437939 0 2 
176 10 0.0 5 7 1 0 24 24 2 0.209504929248 2 4 
176 10 0.0 4 6 1 0 40 25 2 2.68780647795e-21 1 6 
176 10 0.0 11 3 1 0 20 7 3 7.26049958071e-45 3 0 
176 10 0.0 9 4 0 0 22 9 3 3.18599424865e-34 3 0 
176 10 0.0 6 1 1 0 11 5 3 1.95574988419e-78 1 1 
176 10 0.0 10 2 1 0 22 7 2 0.0849284969059 3 0 
176 10 0.0 1 11 0 0 9 8 1 0.175699127644 0 3 
176 10 0.0 7 1 0 0 12 1 3 5.32377047698e-78 1 0 
176 10 0.0 8 3 0 0 20 4 3 1.6174973153e-31 2 0 
176 10 0.0 3 1 0 0 7 7 2 0.0541959738771 1 1 
176 10 2.0 2 3 1 0 2 8 1 0.356982307985 0 2 
176 10 2.0 5 7 1 0 24 24 2 0.0833828416415 2 4 
176 10 2.0 4 6 1 0 40 25 2 1.70914600531e-49 1 6 
176 10 2.0 11 3 1 0 20 7 3 9.95199589883e-41 3 0 
176 10 2.0 9 4 0 0 22 9 3 6.16412391747e-11 3 0 
176 10 2.0 6 1 1 0 11 5 3 2.95893293364e-56 1 1 
176 10 2.0 10 2 1 0 22 7 2 0.317292948601 3 0 
176 10 2.0 1 11 0 0 9 8 1 0.122059465745 0 3 
176 10 2.0 7 1 0 0 12 1 3 1.02881022501e-55 1 0 
176 10 2.0 8 3 0 0 20 4 3 5.61361155819e-34 2 0 
176 10 2.0 3 1 0 0 7 7 2 0.137433290923 1 1 
176 11 0.0 2 3 1 0 2 8 1 0.332958726748 0 2 
176 11 0.0 5 7 1 0 24 24 2 0.209503938787 2 4 
176 11 0.0 4 6 1 0 40 25 2 1.3519792715e-21 1 6 
176 11 0.0 11 3 1 0 20 7 3 1.13411505276e-45 3 0 
176 11 0.0 9 4 0 0 22 9 3 3.17911617488e-35 3 0 
176 11 0.0 6 1 1 0 11 5 3 6.79364065678e-79 1 1 
176 11 0.0 10 2 1 0 22 7 2 0.0849287165231 3 0 
176 11 0.0 1 11 0 0 9 8 1 0.175698935716 0 3 
176 11 0.0 7 1 0 0 12 1 3 7.21841134587e-78 1 0 
176 11 0.0 8 3 0 0 20 4 3 2.87674268508e-32 2 0 
176 11 0.0 3 1 0 0 7 7 2 0.0541959595232 1 1 
176 11 2.0 2 3 1 0 2 8 1 0.357092850182 0 2 
176 11 2.0 5 7 1 0 24 24 2 0.083348132873 2 4 
176 11 2.0 4 6 1 0 40 25 2 1.02144749177e-51 1 6 
176 11 2.0 11 3 1 0 20 7 3 2.30149693594e-40 3 0 
176 11 2.0 9 4 0 0 22 9 3 2.47808835446e-10 3 0 
176 11 2.0 6 1 1 0 11 5 3 1.02110116539e-55 1 1 
176 11 2.0 10 2 1 0 22 7 2 0.31723738064 3 0 
176 11 2.0 1 11 0 0 9 8 1 0.122172000328 0 3 
176 11 2.0 7 1 0 0 12 1 3 6.07309287499e-55 1 0 
176 11 2.0 8 3 0 0 20 4 3 1.05737711971e-33 2 0 
176 11 2.0 3 1 0 0 7 7 2 0.13728402661 1 1 
176 12 0.0 2 3 1 0 2 8 1 0.332958059569 0 2 
176 12 0.0 5 7 1 0 24 24 2 0.209505040899 2 4 
176 12 0.0 4 6 1 0 40 25 2 1.4687146605e-20 1 6 
176 12 0.0 11 3 1 0 20 7 3 6.71917727013e-44 3 0 
176 12 0.0 9 4 0 0 22 9 3 2.95148307675e-34 3 0 
176 12 0.0 6 1 1 0 11 5 3 3.5553681455e-79 1 1 
176 12 0.0 10 2 1 0 22 7 2 0.0849278924137 3 0 
176 12 0.0 1 11 0 0 9 8 1 0.17569918612 0 3 
176 12 0.0 7 1 0 0 12 1 3 3.70567678114e-78 1 0 
176 12 0.0 8 3 0 0 20 4 3 1.49062664283e-30 2 0 
176 12 0.0 3 1 0 0 7 7 2 0.0541956000726 1 1 
176 12 2.0 2 3 1 0 2 8 1 0.357141882713 0 2 
176 12 2.0 5 7 1 0 24 24 2 0.0833065110958 2 4 
176 12 2.0 4 6 1 0 40 25 2 3.01062811713e-54 1 6 
176 12 2.0 11 3 1 0 20 7 3 5.64309011608e-44 3 0 
176 12 2.0 9 4 0 0 22 9 3 6.56257445773e-12 3 0 
176 12 2.0 6 1 1 0 11 5 3 6.88584343273e-57 1 1 
176 12 2.0 10 2 1 0 22 7 2 0.317203168538 3 0 
176 12 2.0 1 11 0 0 9 8 1 0.12218595339 0 3 
176 12 2.0 7 1 0 0 12 1 3 4.97972103911e-55 1 0 
176 12 2.0 8 3 0 0 20 4 3 3.17845877494e-39 2 0 
176 12 2.0 3 1 0 0 7 7 2 0.137183600505 1 1 
176 13 0.0 2 3 1 0 2 8 1 0.332959118664 0 2 
176 13 0.0 5 7 1 0 24 24 2 0.209503972795 2 4 
176 13 0.0 4 6 1 0 40 25 2 1.19055719281e-19 1 6 
176 13 0.0 11 3 1 0 20 7 3 9.88854312216e-46 3 0 
176 13 0.0 9 4 0 0 22 9 3 1.24189885284e-34 3 0 
176 13 0.0 6 1 1 0 11 5 3 2.85932368238e-79 1 1 
176 13 0.0 10 2 1 0 22 7 2 0.0849292214246 3 0 
176 13 0.0 1 11 0 0 9 8 1 0.175698981411 0 3 
176 13 0.0 7 1 0 0 12 1 3 3.7271372837e-78 1 0 
176 13 0.0 8 3 0 0 20 4 3 4.37604778677e-33 2 0 
176 13 0.0 3 1 0 0 7 7 2 0.0541962929735 1 1 
176 13 2.0 2 3 1 0 2 8 1 0.356988539794 0 2 
176 13 2.0 5 7 1 0 24 24 2 0.0833806450578 2 4 
176 13 2.0 4 6 1 0 40 25 2 1.6764905288e-48 1 6 
176 13 2.0 11 3 1 0 20 7 3 1.05515416592e-39 3 0 
176 13 2.0 9 4 0 0 22 9 3 2.16328731253e-10 3 0 
176 13 2.0 6 1 1 0 11 5 3 1.91805861947e-56 1 1 
176 13 2.0 10 2 1 0 22 7 2 0.317289112953 3 0 
176 13 2.0 1 11 0 0 9 8 1 0.122065503557 0 3 
176 13 2.0 7 1 0 0 12 1 3 1.661887581e-55 1 0 
176 13 2.0 8 3 0 0 20 4 3 9.24877650083e-33 2 0 
176 13 2.0 3 1 0 0 7 7 2 0.137423723926 1 1 
176 14 0.0 2 3 1 0 2 8 1 0.332959038441 0 2 
176 14 0.0 5 7 1 0 24 24 2 0.20950423247 2 4 
176 14 0.0 4 6 1 0 40 25 2 1.40621191772e-18 1 6 
176 14 0.0 11 3 1 0 20 7 3 1.0927010791e-45 3 0 
176 14 0.0 9 4 0 0 22 9 3 1.21919844649e-34 3 0 
176 14 0.0 6 1 1 0 11 5 3 1.0524479815e-79 1 1 
176 14 0.0 10 2 1 0 22 7 2 0.084928971946 3 0 
176 14 0.0 1 11 0 0 9 8 1 0.175699125978 0 3 
176 14 0.0 7 1 0 0 12 1 3 6.43983357352e-79 1 0 
176 14 0.0 8 3 0 0 20 4 3 9.66525465567e-33 2 0 
176 14 0.0 3 1 0 0 7 7 2 0.0541961737315 1 1 
176 14 2.0 2 3 1 0 2 8 1 0.356960071437 0 2 
176 14 2.0 5 7 1 0 24 24 2 0.0833479687159 2 4 
176 14 2.0 4 6 1 0 40 25 2 7.69862310941e-50 1 6 
176 14 2.0 11 3 1 0 20 7 3 1.5949324178e-41 3 0 
176 14 2.0 9 4 0 0 22 9 3 4.83921926054e-12 3 0 
176 14 2.0 6 1 1 0 11 5 3 4.3506004733e-57 1 1 
176 14 2.0 10 2 1 0 22 7 2 0.317260048762 3 0 
176 14 2.0 1 11 0 0 9 8 1 0.121980583769 0 3 
176 14 2.0 7 1 0 0 12 1 3 6.65549549201e-56 1 0 
176 14 2.0 8 3 0 0 20 4 3 8.01225145926e-36 2 0 
176 14 2.0 3 1 0 0 7 7 2 0.137369427923 1 1 
176 15 0.0 2 3 1 0 2 8 1 0.332958851201 0 2 
176 15 0.0 5 7 1 0 24 24 2 0.209504578017 2 4 
176 15 0.0 4 6 1 0 40 25 2 3.73270009659e-22 1 6 
176 15 0.0 11 3 1 0 20 7 3 3.83473681319e-45 3 0 
176 15 0.0 9 4 0 0 22 9 3 2.32104379207e-34 3 0 
176 15 0.0 6 1 1 0 11 5 3 3.84796152639e-79 1 1 
176 15 0.0 10 2 1 0 22 7 2 0.0849287646515 3 0 
176 15 0.0 1 11 0 0 9 8 1 0.175699194893 0 3 
176 15 0.0 7 1 0 0 12 1 3 6.4116993777e-78 1 0 
176 15 0.0 8 3 0 0 20 4 3 1.80366207379e-32 2 0 
176 15 0.0 3 1 0 0 7 7 2 0.0541960940154 1 1 
176 15 2.0 2 3 1 0 2 8 1 0.35694478724 0 2 
176 15 2.0 5 7 1 0 24 24 2 0.0833645931048 2 4 
176 15 2.0 4 6 1 0 40 25 2 3.23593111704e-53 1 6 
176 15 2.0 11 3 1 0 20 7 3 1.08663854766e-42 3 0 
176 15 2.0 9 4 0 0 22 9 3 1.44371627167e-11 3 0 
176 15 2.0 6 1 1 0 11 5 3 3.9573884532e-56 1 1 
176 15 2.0 10 2 1 0 22 7 2 0.317283322214 3 0 
176 15 2.0 1 11 0 0 9 8 1 0.121980809266 0 3 
176 15 2.0 7 1 0 0 12 1 3 3.851351218e-55 1 0 
176 15 2.0 8 3 0 0 20 4 3 9.04097233854e-37 2 0 
176 15 2.0 3 1 0 0 7 7 2 0.137420864924 1 1 
176 16 0.0 2 3 1 0 2 8 1 0.332958913065 0 2 
176 16 0.0 5 7 1 0 24 24 2 0.209504421066 2 4 
176 16 0.0 4 6 1 0 40 25 2 1.22858018805e-20 1 6 
176 16 0.0 11 3 1 0 20 7 3 1.48832012431e-45 3 0 
176 16 0.0 9 4 0 0 22 9 3 1.84687590738e-34 3 0 
176 16 0.0 6 1 1 0 11 5 3 8.1997361027e-79 1 1 
176 16 0.0 10 2 1 0 22 7 2 0.0849289373046 3 0 
176 16 0.0 1 11 0 0 9 8 1 0.17569910636 0 3 
176 16 0.0 7 1 0 0 12 1 3 4.43445720301e-78 1 0 
176 16 0.0 8 3 0 0 20 4 3 2.6029947848e-32 2 0 
176 16 0.0 3 1 0 0 7 7 2 0.0541961802541 1 1 
176 16 2.0 2 3 1 0 2 8 1 0.357070584986 0 2 
176 16 2.0 5 7 1 0 24 24 2 0.0833293370044 2 4 
176 16 2.0 4 6 1 0 40 25 2 2.28583724531e-51 1 6 
176 16 2.0 11 3 1 0 20 7 3 1.89457766726e-41 3 0 
176 16 2.0 9 4 0 0 22 9 3 5.95335581297e-11 3 0 
176 16 2.0 6 1 1 0 11 5 3 1.41028168362e-56 1 1 
176 16 2.0 10 2 1 0 22 7 2 0.317221747471 3 0 
176 16 2.0 1 11 0 0 9 8 1 0.122114618103 0 3 
176 16 2.0 7 1 0 0 12 1 3 3.45173621715e-55 1 0 
176 16 2.0 8 3 0 0 20 4 3 1.69037811868e-35 2 0 
176 16 2.0 3 1 0 0 7 7 2 0.137256724553 1 1 
176 17 0.0 2 3 1 0 2 8 1 0.332958649182 0 2 
176 17 0.0 5 7 1 0 24 24 2 0.209504073839 2 4 
176 17 0.0 4 6 1 0 40 25 2 7.63117442732e-22 1 6 
176 17 0.0 11 3 1 0 20 7 3 5.00711495672e-45 3 0 
176 17 0.0 9 4 0 0 22 9 3 1.81498678122e-35 3 0 
176 17 0.0 6 1 1 0 11 5 3 3.55543416961e-79 1 1 
176 17 0.0 10 2 1 0 22 7 2 0.08492860973 3 0 
176 17 0.0 1 11 0 0 9 8 1 0.175698972476 0 3 
176 17 0.0 7 1 0 0 12 1 3 3.87542581864e-78 1 0 
176 17 0.0 8 3 0 0 20 4 3 1.16873297814e-31 2 0 
176 17 0.0 3 1 0 0 7 7 2 0.0541959118027 1 1 
176 17 2.0 2 3 1 0 2 8 1 0.357129842715 0 2 
176 17 2.0 5 7 1 0 24 24 2 0.0833241371441 2 4 
176 17 2.0 4 6 1 0 40 25 2 2.61236425713e-53 1 6 
176 17 2.0 11 3 1 0 20 7 3 3.44917760729e-43 3 0 
176 17 2.0 9 4 0 0 22 9 3 1.19070301068e-11 3 0 
176 17 2.0 6 1 1 0 11 5 3 1.439003106e-56 1 1 
176 17 2.0 10 2 1 0 22 7 2 0.31721438714 3 0 
176 17 2.0 1 11 0 0 9 8 1 0.122192683084 0 3 
176 17 2.0 7 1 0 0 12 1 3 4.0934906117e-55 1 0 
176 17 2.0 8 3 0 0 20 4 3 5.16995618814e-38 2 0 
176 17 2.0 3 1 0 0 7 7 2 0.137218082626 1 1 
176 18 0.0 2 3 1 0 2 8 1 0.332958776462 0 2 
176 18 0.0 5 7 1 0 24 24 2 0.209504106922 2 4 
176 18 0.0 4 6 1 0 40 25 2 1.43523475941e-20 1 6 
176 18 0.0 11 3 1 0 20 7 3 3.46307886936e-45 3 0 
176 18 0.0 9 4 0 0 22 9 3 4.524958596e-35 3 0 
176 18 0.0 6 1 1 0 11 5 3 1.65879006209e-79 1 1 
176 18 0.0 10 2 1 0 22 7 2 0.0849286026311 3 0 
176 18 0.0 1 11 0 0 9 8 1 0.175699080921 0 3 
176 18 0.0 7 1 0 0 12 1 3 4.32568038604e-78 1 0 
176 18 0.0 8 3 0 0 20 4 3 6.76178929492e-32 2 0 
176 18 0.0 3 1 0 0 7 7 2 0.0541959140045 1 1 
176 18 2.0 2 3 1 0 2 8 1 0.35705287655 0 2 
176 18 2.0 5 7 1 0 24 24 2 0.083291930518 2 4 
176 18 2.0 4 6 1 0 40 25 2 1.26002804747e-51 1 6 
176 18 2.0 11 3 1 0 20 7 3 5.60103339188e-42 3 0 
176 18 2.0 9 4 0 0 22 9 3 4.0130224552e-11 3 0 
176 18 2.0 6 1 1 0 11 5 3 5.4511526006e-57 1 1 
176 18 2.0 10 2 1 0 22 7 2 0.317184690002 3 0 
176 18 2.0 1 11 0 0 9 8 1 0.122038804839 0 3 
176 18 2.0 7 1 0 0 12 1 3 4.23259109956e-55 1 0 
176 18 2.0 8 3 0 0 20 4 3 6.30197236394e-37 2 0 
176 18 2.0 3 1 0 0 7 7 2 0.137183336458 1 1 
176 19 0.0 2 3 1 0 2 8 1 0.332958545216 0 2 
176 19 0.0 5 7 1 0 24 24 2 0.209504803415 2 4 
176 19 0.0 4 6 1 0 40 25 2 6.25231390429e-20 1 6 
176 19 0.0 11 3 1 0 20 7 3 6.22583526088e-45 3 0 
176 19 0.0 9 4 0 0 22 9 3 2.37378201867e-34 3 0 
176 19 0.0 6 1 1 0 11 5 3 7.0946411368e-79 1 1 
176 19 0.0 10 2 1 0 22 7 2 0.0849286232727 3 0 
176 19 0.0 1 11 0 0 9 8 1 0.175699105828 0 3 
176 19 0.0 7 1 0 0 12 1 3 1.91141171227e-78 1 0 
176 19 0.0 8 3 0 0 20 4 3 1.53170055021e-31 2 0 
176 19 0.0 3 1 0 0 7 7 2 0.054196035958 1 1 
176 19 2.0 2 3 1 0 2 8 1 0.357006779423 0 2 
176 19 2.0 5 7 1 0 24 24 2 0.0833128979542 2 4 
176 19 2.0 4 6 1 0 40 25 2 1.68657561281e-53 1 6 
176 19 2.0 11 3 1 0 20 7 3 7.19476343485e-43 3 0 
176 19 2.0 9 4 0 0 22 9 3 9.44802607064e-12 3 0 
176 19 2.0 6 1 1 0 11 5 3 1.20739801817e-56 1 1 
176 19 2.0 10 2 1 0 22 7 2 0.317218431176 3 0 
176 19 2.0 1 11 0 0 9 8 1 0.122000529048 0 3 
176 19 2.0 7 1 0 0 12 1 3 3.21886406313e-55 1 0 
176 19 2.0 8 3 0 0 20 4 3 2.57019883977e-37 2 0 
176 19 2.0 3 1 0 0 7 7 2 0.137265190654 1 1 
176 20 0.0 2 3 1 0 2 8 1 0.332957349384 0 2 
176 20 0.0 5 7 1 0 24 24 2 0.209505961838 2 4 
176 20 0.0 4 6 1 0 40 25 2 4.84423640079e-17 1 6 
176 20 0.0 11 3 1 0 20 7 3 1.035920806e-42 3 0 
176 20 0.0 9 4 0 0 22 9 3 2.17301052541e-33 3 0 
176 20 0.0 6 1 1 0 11 5 3 5.79597450602e-79 1 1 
176 20 0.0 10 2 1 0 22 7 2 0.084927383253 3 0 
176 20 0.0 1 11 0 0 9 8 1 0.175699190224 0 3 
176 20 0.0 7 1 0 0 12 1 3 8.2459787003e-79 1 0 
176 20 0.0 8 3 0 0 20 4 3 1.1167289283e-28 2 0 
176 20 0.0 3 1 0 0 7 7 2 0.0541954129385 1 1 
176 20 2.0 2 3 1 0 2 8 1 0.356980319186 0 2 
176 20 2.0 5 7 1 0 24 24 2 0.0833533186136 2 4 
176 20 2.0 4 6 1 0 40 25 2 6.11119952967e-52 1 6 
176 20 2.0 11 3 1 0 20 7 3 5.46211716925e-41 3 0 
176 20 2.0 9 4 0 0 22 9 3 6.42876215212e-11 3 0 
176 20 2.0 6 1 1 0 11 5 3 5.60376926474e-56 1 1 
176 20 2.0 10 2 1 0 22 7 2 0.317261003407 3 0 
176 20 2.0 1 11 0 0 9 8 1 0.122016962478 0 3 
176 20 2.0 7 1 0 0 12 1 3 3.44421211726e-55 1 0 
176 20 2.0 8 3 0 0 20 4 3 5.84722823079e-34 2 0 
176 20 2.0 3 1 0 0 7 7 2 0.137366722996 1 1 
176 21 0.0 2 3 1 0 2 8 1 0.332958386732 0 2 
176 21 0.0 5 7 1 0 24 24 2 0.209504170303 2 4 
176 21 0.0 4 6 1 0 40 25 2 2.05083548959e-20 1 6 
176 21 0.0 11 3 1 0 20 7 3 4.99097975627e-45 3 0 
176 21 0.0 9 4 0 0 22 9 3 4.26889995083e-35 3 0 
176 21 0.0 6 1 1 0 11 5 3 5.33720734434e-79 1 1 
176 21 0.0 10 2 1 0 22 7 2 0.0849285599779 3 0 
176 21 0.0 1 11 0 0 9 8 1 0.175698830771 0 3 
176 21 0.0 7 1 0 0 12 1 3 2.73552391792e-78 1 0 
176 21 0.0 8 3 0 0 20 4 3 6.32413399942e-32 2 0 
176 21 0.0 3 1 0 0 7 7 2 0.0541958923424 1 1 
176 21 2.0 2 3 1 0 2 8 1 0.357078651781 0 2 
176 21 2.0 5 7 1 0 24 24 2 0.0833282264909 2 4 
176 21 2.0 4 6 1 0 40 25 2 1.79672306463e-50 1 6 
176 21 2.0 11 3 1 0 20 7 3 1.65298477786e-41 3 0 
176 21 2.0 9 4 0 0 22 9 3 4.40914189179e-11 3 0 
176 21 2.0 6 1 1 0 11 5 3 2.91642838741e-57 1 1 
176 21 2.0 10 2 1 0 22 7 2 0.317219177806 3 0 
176 21 2.0 1 11 0 0 9 8 1 0.122124741794 0 3 
176 21 2.0 7 1 0 0 12 1 3 2.85449405598e-55 1 0 
176 21 2.0 8 3 0 0 20 4 3 2.33992317884e-35 2 0 
176 21 2.0 3 1 0 0 7 7 2 0.137249005598 1 1 
176 22 0.0 2 3 1 0 2 8 1 0.332957427075 0 2 
176 22 0.0 5 7 1 0 24 24 2 0.209505299314 2 4 
176 22 0.0 4 6 1 0 40 25 2 2.86577343103e-19 1 6 
176 22 0.0 11 3 1 0 20 7 3 6.89867556451e-44 3 0 
176 22 0.0 9 4 0 0 22 9 3 6.88557889895e-35 3 0 
176 22 0.0 6 1 1 0 11 5 3 3.5008464278e-79 1 1 
176 22 0.0 10 2 1 0 22 7 2 0.0849279555714 3 0 
176 22 0.0 1 11 0 0 9 8 1 0.175698759379 0 3 
176 22 0.0 7 1 0 0 12 1 3 4.08078206115e-78 1 0 
176 22 0.0 8 3 0 0 20 4 3 9.26522130962e-31 2 0 
176 22 0.0 3 1 0 0 7 7 2 0.0541956746022 1 1 
176 22 2.0 2 3 1 0 2 8 1 0.357073530819 0 2 
176 22 2.0 5 7 1 0 24 24 2 0.0832882051647 2 4 
176 22 2.0 4 6 1 0 40 25 2 1.20551347578e-51 1 6 
176 22 2.0 11 3 1 0 20 7 3 2.96278394017e-42 3 0 
176 22 2.0 9 4 0 0 22 9 3 2.75545788421e-11 3 0 
176 22 2.0 6 1 1 0 11 5 3 6.20164437529e-57 1 1 
176 22 2.0 10 2 1 0 22 7 2 0.317178174473 3 0 
176 22 2.0 1 11 0 0 9 8 1 0.122063486373 0 3 
176 22 2.0 7 1 0 0 12 1 3 2.7887524641e-55 1 0 
176 22 2.0 8 3 0 0 20 4 3 1.62599495789e-36 2 0 
176 22 2.0 3 1 0 0 7 7 2 0.137162954696 1 1 
176 23 0.0 2 3 1 0 2 8 1 0.332958268608 0 2 
176 23 0.0 5 7 1 0 24 24 2 0.209504966104 2 4 
176 23 0.0 4 6 1 0 40 25 2 5.12133368332e-20 1 6 
176 23 0.0 11 3 1 0 20 7 3 5.21130555592e-45 3 0 
176 23 0.0 9 4 0 0 22 9 3 3.05559350351e-34 3 0 
176 23 0.0 6 1 1 0 11 5 3 2.9789947093e-78 1 1 
176 23 0.0 10 2 1 0 22 7 2 0.0849280370358 3 0 
176 23 0.0 1 11 0 0 9 8 1 0.175699246187 0 3 
176 23 0.0 7 1 0 0 12 1 3 1.3686889639e-78 1 0 
176 23 0.0 8 3 0 0 20 4 3 1.32221147415e-30 2 0 
176 23 0.0 3 1 0 0 7 7 2 0.0541956831668 1 1 
176 23 2.0 2 3 1 0 2 8 1 0.35703538988 0 2 
176 23 2.0 5 7 1 0 24 24 2 0.0832866558748 2 4 
176 23 2.0 4 6 1 0 40 25 2 5.2697868944e-53 1 6 
176 23 2.0 11 3 1 0 20 7 3 2.21126162584e-42 3 0 
176 23 2.0 9 4 0 0 22 9 3 2.1251447696e-11 3 0 
176 23 2.0 6 1 1 0 11 5 3 4.57055008114e-57 1 1 
176 23 2.0 10 2 1 0 22 7 2 0.317183442814 3 0 
176 23 2.0 1 11 0 0 9 8 1 0.122006491034 0 3 
176 23 2.0 7 1 0 0 12 1 3 5.03549124982e-55 1 0 
176 23 2.0 8 3 0 0 20 4 3 8.20855708433e-37 2 0 
176 23 2.0 3 1 0 0 7 7 2 0.137184572493 1 1 
176 24 0.0 2 3 1 0 2 8 1 0.332958351037 0 2 
176 24 0.0 5 7 1 0 24 24 2 0.209504388562 2 4 
176 24 0.0 4 6 1 0 40 25 2 2.34652921715e-21 1 6 
176 24 0.0 11 3 1 0 20 7 3 1.43936679305e-44 3 0 
176 24 0.0 9 4 0 0 22 9 3 2.35972721197e-35 3 0 
176 24 0.0 6 1 1 0 11 5 3 3.89062540852e-79 1 1 
176 24 0.0 10 2 1 0 22 7 2 0.0849283508785 3 0 
176 24 0.0 1 11 0 0 9 8 1 0.175698975645 0 3 
176 24 0.0 7 1 0 0 12 1 3 4.33809056938e-78 1 0 
176 24 0.0 8 3 0 0 20 4 3 2.62159583335e-31 2 0 
176 24 0.0 3 1 0 0 7 7 2 0.0541957928569 1 1 
176 24 2.0 2 3 1 0 2 8 1 0.356965721407 0 2 
176 24 2.0 5 7 1 0 24 24 2 0.0833668435727 2 4 
176 24 2.0 4 6 1 0 40 25 2 1.37586215332e-51 1 6 
176 24 2.0 11 3 1 0 20 7 3 3.48565371614e-40 3 0 
176 24 2.0 9 4 0 0 22 9 3 9.00425098997e-11 3 0 
176 24 2.0 6 1 1 0 11 5 3 3.39919920729e-57 1 1 
176 24 2.0 10 2 1 0 22 7 2 0.3172779325 3 0 
176 24 2.0 1 11 0 0 9 8 1 0.122014120976 0 3 
176 24 2.0 7 1 0 0 12 1 3 4.46268712248e-55 1 0 
176 24 2.0 8 3 0 0 20 4 3 1.1657106106e-33 2 0 
176 24 2.0 3 1 0 0 7 7 2 0.137406722883 1 1 
176 25 0.0 2 3 1 0 2 8 1 0.332958513044 0 2 
176 25 0.0 5 7 1 0 24 24 2 0.209504470156 2 4 
176 25 0.0 4 6 1 0 40 25 2 1.60517306072e-20 1 6 
176 25 0.0 11 3 1 0 20 7 3 7.96047339094e-45 3 0 
176 25 0.0 9 4 0 0 22 9 3 1.43371090154e-34 3 0 
176 25 0.0 6 1 1 0 11 5 3 1.08456329532e-78 1 1 
176 25 0.0 10 2 1 0 22 7 2 0.0849283162542 3 0 
176 25 0.0 1 11 0 0 9 8 1 0.175699138477 0 3 
176 25 0.0 7 1 0 0 12 1 3 2.70444309255e-78 1 0 
176 25 0.0 8 3 0 0 20 4 3 2.47634811527e-31 2 0 
176 25 0.0 3 1 0 0 7 7 2 0.0541957855729 1 1 
176 25 2.0 2 3 1 0 2 8 1 0.356955553348 0 2 
176 25 2.0 5 7 1 0 24 24 2 0.0833210219242 2 4 
176 25 2.0 4 6 1 0 40 25 2 1.12871436816e-53 1 6 
176 25 2.0 11 3 1 0 20 7 3 1.97887213541e-42 3 0 
176 25 2.0 9 4 0 0 22 9 3 2.04613331785e-11 3 0 
176 25 2.0 6 1 1 0 11 5 3 2.59870824678e-56 1 1 
176 25 2.0 10 2 1 0 22 7 2 0.317233144745 3 0 
176 25 2.0 1 11 0 0 9 8 1 0.121937838659 0 3 
176 25 2.0 7 1 0 0 12 1 3 3.84572761985e-55 1 0 
176 25 2.0 8 3 0 0 20 4 3 1.57030623897e-36 2 0 
176 25 2.0 3 1 0 0 7 7 2 0.137312858469 1 1 
176 26 0.0 2 3 1 0 2 8 1 0.332958524869 0 2 
176 26 0.0 5 7 1 0 24 24 2 0.209504824601 2 4 
176 26 0.0 4 6 1 0 40 25 2 1.32801384523e-21 1 6 
176 26 0.0 11 3 1 0 20 7 3 1.46940994507e-44 3 0 
176 26 0.0 9 4 0 0 22 9 3 5.28849997084e-35 3 0 
176 26 0.0 6 1 1 0 11 5 3 1.06902363461e-79 1 1 
176 26 0.0 10 2 1 0 22 7 2 0.084928283441 3 0 
176 26 0.0 1 11 0 0 9 8 1 0.175699269817 0 3 
176 26 0.0 7 1 0 0 12 1 3 1.00629991783e-77 1 0 
176 26 0.0 8 3 0 0 20 4 3 5.01488718063e-31 2 0 
176 26 0.0 3 1 0 0 7 7 2 0.0541958213578 1 1 
176 26 2.0 2 3 1 0 2 8 1 0.356951868752 0 2 
176 26 2.0 5 7 1 0 24 24 2 0.0833652712742 2 4 
176 26 2.0 4 6 1 0 40 25 2 3.72993350724e-51 1 6 
176 26 2.0 11 3 1 0 20 7 3 1.0415811544e-41 3 0 
176 26 2.0 9 4 0 0 22 9 3 2.6386227968e-11 3 0 
176 26 2.0 6 1 1 0 11 5 3 2.32322791962e-56 1 1 
176 26 2.0 10 2 1 0 22 7 2 0.317280045744 3 0 
176 26 2.0 1 11 0 0 9 8 1 0.121992016419 0 3 
176 26 2.0 7 1 0 0 12 1 3 2.30783974272e-55 1 0 
176 26 2.0 8 3 0 0 20 4 3 1.29821359263e-35 2 0 
176 26 2.0 3 1 0 0 7 7 2 0.137414031196 1 1 
176 27 0.0 2 3 1 0 2 8 1 0.332957265437 0 2 
176 27 0.0 5 7 1 0 24 24 2 0.209506063765 2 4 
176 27 0.0 4 6 1 0 40 25 2 1.27396771011e-19 1 6 
176 27 0.0 11 3 1 0 20 7 3 7.46099468672e-43 3 0 
176 27 0.0 9 4 0 0 22 9 3 2.3650789718e-33 3 0 
176 27 0.0 6 1 1 0 11 5 3 2.20771437921e-78 1 1 
176 27 0.0 10 2 1 0 22 7 2 0.084927267852 3 0 
176 27 0.0 1 11 0 0 9 8 1 0.17569921672 0 3 
176 27 0.0 7 1 0 0 12 1 3 8.40616169841e-78 1 0 
176 27 0.0 8 3 0 0 20 4 3 6.07278168902e-28 2 0 
176 27 0.0 3 1 0 0 7 7 2 0.054195354335 1 1 
176 27 2.0 2 3 1 0 2 8 1 0.356966949892 0 2 
176 27 2.0 5 7 1 0 24 24 2 0.0833716109461 2 4 
176 27 2.0 4 6 1 0 40 25 2 1.29428188016e-50 1 6 
176 27 2.0 11 3 1 0 20 7 3 2.08064958901e-41 3 0 
176 27 2.0 9 4 0 0 22 9 3 3.30763741635e-11 3 0 
176 27 2.0 6 1 1 0 11 5 3 1.89262825576e-56 1 1 
176 27 2.0 10 2 1 0 22 7 2 0.317284202698 3 0 
176 27 2.0 1 11 0 0 9 8 1 0.12202224256 0 3 
176 27 2.0 7 1 0 0 12 1 3 3.18511360642e-55 1 0 
176 27 2.0 8 3 0 0 20 4 3 2.45423269966e-35 2 0 
176 27 2.0 3 1 0 0 7 7 2 0.137418616645 1 1 
176 28 0.0 2 3 1 0 2 8 1 0.332958892885 0 2 
176 28 0.0 5 7 1 0 24 24 2 0.209504160007 2 4 
176 28 0.0 4 6 1 0 40 25 2 7.52492394138e-23 1 6 
176 28 0.0 11 3 1 0 20 7 3 3.3572647003e-45 3 0 
176 28 0.0 9 4 0 0 22 9 3 9.13634715653e-35 3 0 
176 28 0.0 6 1 1 0 11 5 3 5.96551199465e-79 1 1 
176 28 0.0 10 2 1 0 22 7 2 0.0849285949445 3 0 
176 28 0.0 1 11 0 0 9 8 1 0.175699187534 0 3 
176 28 0.0 7 1 0 0 12 1 3 8.53440313868e-78 1 0 
176 28 0.0 8 3 0 0 20 4 3 1.16917611804e-31 2 0 
176 28 0.0 3 1 0 0 7 7 2 0.0541959189039 1 1 
176 28 2.0 2 3 1 0 2 8 1 0.357086716576 0 2 
176 28 2.0 5 7 1 0 24 24 2 0.0832974884309 2 4 
176 28 2.0 4 6 1 0 40 25 2 1.62672696175e-49 1 6 
176 28 2.0 11 3 1 0 20 7 3 5.5657132965e-42 3 0 
176 28 2.0 9 4 0 0 22 9 3 3.58007502596e-11 3 0 
176 28 2.0 6 1 1 0 11 5 3 3.82676262545e-57 1 1 
176 28 2.0 10 2 1 0 22 7 2 0.31718541218 3 0 
176 28 2.0 1 11 0 0 9 8 1 0.122094977602 0 3 
176 28 2.0 7 1 0 0 12 1 3 5.51691833909e-56 1 0 
176 28 2.0 8 3 0 0 20 4 3 4.16464076549e-36 2 0 
176 28 2.0 3 1 0 0 7 7 2 0.137174878158 1 1 
176 29 0.0 2 3 1 0 2 8 1 0.332958458038 0 2 
176 29 0.0 5 7 1 0 24 24 2 0.209504666053 2 4 
176 29 0.0 4 6 1 0 40 25 2 4.33485462645e-21 1 6 
176 29 0.0 11 3 1 0 20 7 3 2.04538657187e-45 3 0 
176 29 0.0 9 4 0 0 22 9 3 2.30926537417e-34 3 0 
176 29 0.0 6 1 1 0 11 5 3 1.29911902588e-78 1 1 
176 29 0.0 10 2 1 0 22 7 2 0.084928702592 3 0 
176 29 0.0 1 11 0 0 9 8 1 0.175698959433 0 3 
176 29 0.0 7 1 0 0 12 1 3 8.28877771867e-78 1 0 
176 29 0.0 8 3 0 0 20 4 3 6.7898055205e-32 2 0 
176 29 0.0 3 1 0 0 7 7 2 0.0541960638165 1 1 
176 29 2.0 2 3 1 0 2 8 1 0.35703490406 0 2 
176 29 2.0 5 7 1 0 24 24 2 0.0832803323895 2 4 
176 29 2.0 4 6 1 0 40 25 2 4.18097249508e-53 1 6 
176 29 2.0 11 3 1 0 20 7 3 4.35052570488e-43 3 0 
176 29 2.0 9 4 0 0 22 9 3 9.05494607281e-12 3 0 
176 29 2.0 6 1 1 0 11 5 3 4.33737222271e-57 1 1 
176 29 2.0 10 2 1 0 22 7 2 0.31717930975 3 0 
176 29 2.0 1 11 0 0 9 8 1 0.121997191817 0 3 
176 29 2.0 7 1 0 0 12 1 3 4.68418950943e-55 1 0 
176 29 2.0 8 3 0 0 20 4 3 1.0530262329e-37 2 0 
176 29 2.0 3 1 0 0 7 7 2 0.137174036173 1 1 
176 30 0.0 2 3 1 0 2 8 1 0.332958319952 0 2 
176 30 0.0 5 7 1 0 24 24 2 0.20950478188 2 4 
176 30 0.0 4 6 1 0 40 25 2 4.64746582544e-20 1 6 
176 30 0.0 11 3 1 0 20 7 3 1.17072366901e-44 3 0 
176 30 0.0 9 4 0 0 22 9 3 2.58683743791e-34 3 0 
176 30 0.0 6 1 1 0 11 5 3 1.36401420875e-78 1 1 
176 30 0.0 10 2 1 0 22 7 2 0.0849280984881 3 0 
176 30 0.0 1 11 0 0 9 8 1 0.175699198234 0 3 
176 30 0.0 7 1 0 0 12 1 3 3.49401983312e-78 1 0 
176 30 0.0 8 3 0 0 20 4 3 1.74289848829e-30 2 0 
176 30 0.0 3 1 0 0 7 7 2 0.0541956936751 1 1 
176 30 2.0 2 3 1 0 2 8 1 0.357089150545 0 2 
176 30 2.0 5 7 1 0 24 24 2 0.083312947158 2 4 
176 30 2.0 4 6 1 0 40 25 2 1.98047492977e-51 1 6 
176 30 2.0 11 3 1 0 20 7 3 2.32752142832e-40 3 0 
176 30 2.0 9 4 0 0 22 9 3 1.66650193811e-10 3 0 
176 30 2.0 6 1 1 0 11 5 3 4.80627484446e-57 1 1 
176 30 2.0 10 2 1 0 22 7 2 0.317199482847 3 0 
176 30 2.0 1 11 0 0 9 8 1 0.122119359073 0 3 
176 30 2.0 7 1 0 0 12 1 3 4.55523750495e-55 1 0 
176 30 2.0 8 3 0 0 20 4 3 4.44094962548e-34 2 0 
176 30 2.0 3 1 0 0 7 7 2 0.137205520685 1 1 
176 31 0.0 2 3 1 0 2 8 1 0.332959052671 0 2 
176 31 0.0 5 7 1 0 24 24 2 0.2095043717 2 4 
176 31 0.0 4 6 1 0 40 25 2 1.14427475885e-20 1 6 
176 31 0.0 11 3 1 0 20 7 3 1.75072409578e-45 3 0 
176 31 0.0 9 4 0 0 22 9 3 1.47909083227e-34 3 0 
176 31 0.0 6 1 1 0 11 5 3 3.6482575466e-79 1 1 
176 31 0.0 10 2 1 0 22 7 2 0.0849288675225 3 0 
176 31 0.0 1 11 0 0 9 8 1 0.175699231275 0 3 
176 31 0.0 7 1 0 0 12 1 3 2.50262086101e-78 1 0 
176 31 0.0 8 3 0 0 20 4 3 3.1996091036e-32 2 0 
176 31 0.0 3 1 0 0 7 7 2 0.0541961292517 1 1 
176 31 2.0 2 3 1 0 2 8 1 0.357002291903 0 2 
176 31 2.0 5 7 1 0 24 24 2 0.0833339967017 2 4 
176 31 2.0 4 6 1 0 40 25 2 7.97959293437e-47 1 6 
176 31 2.0 11 3 1 0 20 7 3 3.39639477087e-40 3 0 
176 31 2.0 9 4 0 0 22 9 3 1.37013558861e-10 3 0 
176 31 2.0 6 1 1 0 11 5 3 2.2940056866e-56 1 1 
176 31 2.0 10 2 1 0 22 7 2 0.317235514178 3 0 
176 31 2.0 1 11 0 0 9 8 1 0.122022663818 0 3 
176 31 2.0 7 1 0 0 12 1 3 9.70335673596e-56 1 0 
176 31 2.0 8 3 0 0 20 4 3 2.15937571083e-32 2 0 
176 31 2.0 3 1 0 0 7 7 2 0.137307347605 1 1 
176 32 0.0 2 3 1 0 2 8 1 0.332960083531 0 2 
176 32 0.0 5 7 1 0 24 24 2 0.209503449962 2 4 
176 32 0.0 4 6 1 0 40 25 2 2.69710881285e-22 1 6 
176 32 0.0 11 3 1 0 20 7 3 2.30078114654e-46 3 0 
176 32 0.0 9 4 0 0 22 9 3 6.08793788093e-35 3 0 
176 32 0.0 6 1 1 0 11 5 3 1.19364381782e-78 1 1 
176 32 0.0 10 2 1 0 22 7 2 0.0849297503202 3 0 
176 32 0.0 1 11 0 0 9 8 1 0.175699276062 0 3 
176 32 0.0 7 1 0 0 12 1 3 3.06415098828e-78 1 0 
176 32 0.0 8 3 0 0 20 4 3 1.54624696193e-33 2 0 
176 32 0.0 3 1 0 0 7 7 2 0.0541965593342 1 1 
176 32 2.0 2 3 1 0 2 8 1 0.356966513322 0 2 
176 32 2.0 5 7 1 0 24 24 2 0.0833683150097 2 4 
176 32 2.0 4 6 1 0 40 25 2 1.97460909379e-51 1 6 
176 32 2.0 11 3 1 0 20 7 3 3.91883861486e-41 3 0 
176 32 2.0 9 4 0 0 22 9 3 3.28919331951e-11 3 0 
176 32 2.0 6 1 1 0 11 5 3 3.89549492687e-57 1 1 
176 32 2.0 10 2 1 0 22 7 2 0.317280480428 3 0 
176 32 2.0 1 11 0 0 9 8 1 0.122017196577 0 3 
176 32 2.0 7 1 0 0 12 1 3 2.73096920598e-55 1 0 
176 32 2.0 8 3 0 0 20 4 3 1.53416368463e-35 2 0 
176 32 2.0 3 1 0 0 7 7 2 0.137411059985 1 1 
176 33 0.0 2 3 1 0 2 8 1 0.332960233159 0 2 
176 33 0.0 5 7 1 0 24 24 2 0.20950326933 2 4 
176 33 0.0 4 6 1 0 40 25 2 5.23811135013e-21 1 6 
176 33 0.0 11 3 1 0 20 7 3 1.84537199588e-46 3 0 
176 33 0.0 9 4 0 0 22 9 3 3.08062166274e-35 3 0 
176 33 0.0 6 1 1 0 11 5 3 7.01225906924e-79 1 1 
176 33 0.0 10 2 1 0 22 7 2 0.0849298548285 3 0 
176 33 0.0 1 11 0 0 9 8 1 0.175699280604 0 3 
176 33 0.0 7 1 0 0 12 1 3 6.36492870009e-79 1 0 
176 33 0.0 8 3 0 0 20 4 3 6.29733546108e-34 2 0 
176 33 0.0 3 1 0 0 7 7 2 0.0541965991309 1 1 
176 33 2.0 2 3 1 0 2 8 1 0.357034058442 0 2 
176 33 2.0 5 7 1 0 24 24 2 0.0832883718771 2 4 
176 33 2.0 4 6 1 0 40 25 2 7.78761368093e-53 1 6 
176 33 2.0 11 3 1 0 20 7 3 6.20065165854e-42 3 0 
176 33 2.0 9 4 0 0 22 9 3 2.44134749781e-11 3 0 
176 33 2.0 6 1 1 0 11 5 3 7.52420060787e-57 1 1 
176 33 2.0 10 2 1 0 22 7 2 0.317183325353 3 0 
176 33 2.0 1 11 0 0 9 8 1 0.122006964059 0 3 
176 33 2.0 7 1 0 0 12 1 3 4.47498485151e-55 1 0 
176 33 2.0 8 3 0 0 20 4 3 5.17251458146e-36 2 0 
176 33 2.0 3 1 0 0 7 7 2 0.137186346789 1 1 
176 34 0.0 2 3 1 0 2 8 1 0.332958648317 0 2 
176 34 0.0 5 7 1 0 24 24 2 0.209504718719 2 4 
176 34 0.0 4 6 1 0 40 25 2 4.58998950471e-22 1 6 
176 34 0.0 11 3 1 0 20 7 3 4.49360660429e-45 3 0 
176 34 0.0 9 4 0 0 22 9 3 2.48421108018e-34 3 0 
176 34 0.0 6 1 1 0 11 5 3 2.0118083126e-78 1 1 
176 34 0.0 10 2 1 0 22 7 2 0.0849283345663 3 0 
176 34 0.0 1 11 0 0 9 8 1 0.1756993043 0 3 
176 34 0.0 7 1 0 0 12 1 3 8.01510599169e-78 1 0 
176 34 0.0 8 3 0 0 20 4 3 3.75275506045e-31 2 0 
176 34 0.0 3 1 0 0 7 7 2 0.0541958386002 1 1 
176 34 2.0 2 3 1 0 2 8 1 0.357083454015 0 2 
176 34 2.0 5 7 1 0 24 24 2 0.0833656219755 2 4 
176 34 2.0 4 6 1 0 40 25 2 2.37197844409e-52 1 6 
176 34 2.0 11 3 1 0 20 7 3 3.27534375997e-42 3 0 
176 34 2.0 9 4 0 0 22 9 3 2.41537693894e-11 3 0 
176 34 2.0 6 1 1 0 11 5 3 8.18274476735e-57 1 1 
176 34 2.0 10 2 1 0 22 7 2 0.317262178519 3 0 
176 34 2.0 1 11 0 0 9 8 1 0.122181832945 0 3 
176 34 2.0 7 1 0 0 12 1 3 4.11750618325e-55 1 0 
176 34 2.0 8 3 0 0 20 4 3 1.08539865328e-36 2 0 
176 34 2.0 3 1 0 0 7 7 2 0.137335806328 1 1 
176 35 0.0 2 3 1 0 2 8 1 0.332958638747 0 2 
176 35 0.0 5 7 1 0 24 24 2 0.209504616051 2 4 
176 35 0.0 4 6 1 0 40 25 2 1.13235222517e-20 1 6 
176 35 0.0 11 3 1 0 20 7 3 3.17900471658e-45 3 0 
176 35 0.0 9 4 0 0 22 9 3 1.88452891268e-34 3 0 
176 35 0.0 6 1 1 0 11 5 3 4.71922950691e-79 1 1 
176 35 0.0 10 2 1 0 22 7 2 0.0849283375524 3 0 
176 35 0.0 1 11 0 0 9 8 1 0.175699264987 0 3 
176 35 0.0 7 1 0 0 12 1 3 6.81852303189e-78 1 0 
176 35 0.0 8 3 0 0 20 4 3 2.15287696014e-31 2 0 
176 35 0.0 3 1 0 0 7 7 2 0.0541958239875 1 1 
176 35 2.0 2 3 1 0 2 8 1 0.357060732295 0 2 
176 35 2.0 5 7 1 0 24 24 2 0.0833461061768 2 4 
176 35 2.0 4 6 1 0 40 25 2 7.89148544577e-51 1 6 
176 35 2.0 11 3 1 0 20 7 3 2.61295323345e-43 3 0 
176 35 2.0 9 4 0 0 22 9 3 1.63613489982e-11 3 0 
176 35 2.0 6 1 1 0 11 5 3 2.04936251824e-57 1 1 
176 35 2.0 10 2 1 0 22 7 2 0.317250019641 3 0 
176 35 2.0 1 11 0 0 9 8 1 0.122122673779 0 3 
176 35 2.0 7 1 0 0 12 1 3 1.83294743199e-55 1 0 
176 35 2.0 8 3 0 0 20 4 3 5.48704521209e-38 2 0 
176 35 2.0 3 1 0 0 7 7 2 0.137312841438 1 1 
176 36 0.0 2 3 1 0 2 8 1 0.332958550389 0 2 
176 36 0.0 5 7 1 0 24 24 2 0.209504788623 2 4 
176 36 0.0 4 6 1 0 40 25 2 1.39330705962e-19 1 6 
176 36 0.0 11 3 1 0 20 7 3 7.23398988988e-45 3 0 
176 36 0.0 9 4 0 0 22 9 3 2.06929834274e-35 3 0 
176 36 0.0 6 1 1 0 11 5 3 6.01909325806e-79 1 1 
176 36 0.0 10 2 1 0 22 7 2 0.0849284520527 3 0 
176 36 0.0 1 11 0 0 9 8 1 0.175699192362 0 3 
176 36 0.0 7 1 0 0 12 1 3 4.55906452317e-78 1 0 
176 36 0.0 8 3 0 0 20 4 3 4.15215010509e-32 2 0 
176 36 0.0 3 1 0 0 7 7 2 0.0541959239392 1 1 
176 36 2.0 2 3 1 0 2 8 1 0.357062680056 0 2 
176 36 2.0 5 7 1 0 24 24 2 0.0833208956982 2 4 
176 36 2.0 4 6 1 0 40 25 2 1.70120131095e-49 1 6 
176 36 2.0 11 3 1 0 20 7 3 1.0996095288e-41 3 0 
176 36 2.0 9 4 0 0 22 9 3 7.04306984814e-11 3 0 
176 36 2.0 6 1 1 0 11 5 3 1.90188066427e-56 1 1 
176 36 2.0 10 2 1 0 22 7 2 0.317213657325 3 0 
176 36 2.0 1 11 0 0 9 8 1 0.122091894384 0 3 
176 36 2.0 7 1 0 0 12 1 3 2.28882273491e-55 1 0 
176 36 2.0 8 3 0 0 20 4 3 1.00847499526e-35 2 0 
176 36 2.0 3 1 0 0 7 7 2 0.137242143198 1 1 
176 37 0.0 2 3 1 0 2 8 1 0.332958243498 0 2 
176 37 0.0 5 7 1 0 24 24 2 0.209504201741 2 4 
176 37 0.0 4 6 1 0 40 25 2 2.77058433051e-24 1 6 
176 37 0.0 11 3 1 0 20 7 3 3.06379385152e-45 3 0 
176 37 0.0 9 4 0 0 22 9 3 2.70634886363e-35 3 0 
176 37 0.0 6 1 1 0 11 5 3 2.95458441446e-78 1 1 
176 37 0.0 10 2 1 0 22 7 2 0.084928657517 3 0 
176 37 0.0 1 11 0 0 9 8 1 0.17569868369 0 3 
176 37 0.0 7 1 0 0 12 1 3 8.48909510274e-78 1 0 
176 37 0.0 8 3 0 0 20 4 3 1.41163036342e-31 2 0 
176 37 0.0 3 1 0 0 7 7 2 0.0541959582249 1 1 
176 37 2.0 2 3 1 0 2 8 1 0.357039436891 0 2 
176 37 2.0 5 7 1 0 24 24 2 0.0832945985154 2 4 
176 37 2.0 4 6 1 0 40 25 2 3.89258141424e-50 1 6 
176 37 2.0 11 3 1 0 20 7 3 4.45254393917e-42 3 0 
176 37 2.0 9 4 0 0 22 9 3 3.74899050876e-11 3 0 
176 37 2.0 6 1 1 0 11 5 3 2.8467227807e-56 1 1 
176 37 2.0 10 2 1 0 22 7 2 0.317189593126 3 0 
176 37 2.0 1 11 0 0 9 8 1 0.122023059334 0 3 
176 37 2.0 7 1 0 0 12 1 3 3.83798167881e-56 1 0 
176 37 2.0 8 3 0 0 20 4 3 4.60043860439e-36 2 0 
176 37 2.0 3 1 0 0 7 7 2 0.137197698137 1 1 
176 38 0.0 2 3 1 0 2 8 1 0.332958407791 0 2 
176 38 0.0 5 7 1 0 24 24 2 0.209504678972 2 4 
176 38 0.0 4 6 1 0 40 25 2 1.15304506519e-20 1 6 
176 38 0.0 11 3 1 0 20 7 3 1.58244388029e-44 3 0 
176 38 0.0 9 4 0 0 22 9 3 2.04025255276e-34 3 0 
176 38 0.0 6 1 1 0 11 5 3 3.12442538185e-79 1 1 
176 38 0.0 10 2 1 0 22 7 2 0.0849281716289 3 0 
176 38 0.0 1 11 0 0 9 8 1 0.175699195844 0 3 
176 38 0.0 7 1 0 0 12 1 3 5.61974972653e-78 1 0 
176 38 0.0 8 3 0 0 20 4 3 4.64351009351e-31 2 0 
176 38 0.0 3 1 0 0 7 7 2 0.0541957250898 1 1 
176 38 2.0 2 3 1 0 2 8 1 0.357105350246 0 2 
176 38 2.0 5 7 1 0 24 24 2 0.0832928127105 2 4 
176 38 2.0 4 6 1 0 40 25 2 7.37816264433e-51 1 6 
176 38 2.0 11 3 1 0 20 7 3 6.82162454115e-43 3 0 
176 38 2.0 9 4 0 0 22 9 3 1.74708920276e-11 3 0 
176 38 2.0 6 1 1 0 11 5 3 2.26816027051e-56 1 1 
176 38 2.0 10 2 1 0 22 7 2 0.317180931627 3 0 
176 38 2.0 1 11 0 0 9 8 1 0.122115381106 0 3 
176 38 2.0 7 1 0 0 12 1 3 8.10210680959e-56 1 0 
176 38 2.0 8 3 0 0 20 4 3 1.90749784952e-37 2 0 
176 38 2.0 3 1 0 0 7 7 2 0.137157325019 1 1 
176 39 0.0 2 3 1 0 2 8 1 0.332958685508 0 2 
176 39 0.0 5 7 1 0 24 24 2 0.20950451891 2 4 
176 39 0.0 4 6 1 0 40 25 2 6.10114291784e-20 1 6 
176 39 0.0 11 3 1 0 20 7 3 1.87985406475e-45 3 0 
176 39 0.0 9 4 0 0 22 9 3 5.96656952425e-35 3 0 
176 39 0.0 6 1 1 0 11 5 3 2.73448180724e-78 1 1 
176 39 0.0 10 2 1 0 22 7 2 0.0849286742341 3 0 
176 39 0.0 1 11 0 0 9 8 1 0.175699099631 0 3 
176 39 0.0 7 1 0 0 12 1 3 1.32947287808e-78 1 0 
176 39 0.0 8 3 0 0 20 4 3 1.0316713166e-31 2 0 
176 39 0.0 3 1 0 0 7 7 2 0.0541960247256 1 1 
176 39 2.0 2 3 1 0 2 8 1 0.357097192613 0 2 
176 39 2.0 5 7 1 0 24 24 2 0.0833247956647 2 4 
176 39 2.0 4 6 1 0 40 25 2 1.02331149121e-46 1 6 
176 39 2.0 11 3 1 0 20 7 3 1.67904680318e-39 3 0 
176 39 2.0 9 4 0 0 22 9 3 3.38051973277e-10 3 0 
176 39 2.0 6 1 1 0 11 5 3 7.80940217374e-57 1 1 
176 39 2.0 10 2 1 0 22 7 2 0.317210655278 3 0 
176 39 2.0 1 11 0 0 9 8 1 0.122146889954 0 3 
176 39 2.0 7 1 0 0 12 1 3 1.8874186146e-55 1 0 
176 39 2.0 8 3 0 0 20 4 3 1.76151596368e-33 2 0 
176 39 2.0 3 1 0 0 7 7 2 0.137226991324 1 1 
176 40 0.0 2 3 1 0 2 8 1 0.332958878437 0 2 
176 40 0.0 5 7 1 0 24 24 2 0.209504306805 2 4 
176 40 0.0 4 6 1 0 40 25 2 1.04581452232e-20 1 6 
176 40 0.0 11 3 1 0 20 7 3 2.18576711532e-45 3 0 
176 40 0.0 9 4 0 0 22 9 3 1.31781123991e-34 3 0 
176 40 0.0 6 1 1 0 11 5 3 5.74195591727e-79 1 1 
176 40 0.0 10 2 1 0 22 7 2 0.0849290412182 3 0 
176 40 0.0 1 11 0 0 9 8 1 0.17569899356 0 3 
176 40 0.0 7 1 0 0 12 1 3 3.25412026416e-78 1 0 
176 40 0.0 8 3 0 0 20 4 3 1.02598515545e-32 2 0 
176 40 0.0 3 1 0 0 7 7 2 0.0541962281636 1 1 
176 40 2.0 2 3 1 0 2 8 1 0.356983802711 0 2 
176 40 2.0 5 7 1 0 24 24 2 0.0833101180548 2 4 
176 40 2.0 4 6 1 0 40 25 2 1.19439811144e-52 1 6 
176 40 2.0 11 3 1 0 20 7 3 8.60089002463e-42 3 0 
176 40 2.0 9 4 0 0 22 9 3 3.18314345378e-11 3 0 
176 40 2.0 6 1 1 0 11 5 3 1.85283975189e-56 1 1 
176 40 2.0 10 2 1 0 22 7 2 0.317214488021 3 0 
176 40 2.0 1 11 0 0 9 8 1 0.121963911991 0 3 
176 40 2.0 7 1 0 0 12 1 3 5.3802648836e-55 1 0 
176 40 2.0 8 3 0 0 20 4 3 1.01383770213e-35 2 0 
176 40 2.0 3 1 0 0 7 7 2 0.137267020469 1 1 
