119 1 0.0 10 1 6 0 19 14 2 7.68823999742e-43 4 1 
119 1 0.0 6 2 0 0 18 17 2 0.0506012149887 1 2 
119 1 0.0 1 10 3 0 43 14 1 0.0704584515031 0 7 
119 1 0.0 9 2 0 0 12 4 3 1.56139630282e-76 2 0 
119 1 0.0 3 3 2 0 26 25 2 0.0029451894147 1 4 
119 1 0.0 8 3 0 0 16 9 3 2.56399364651e-73 3 0 
119 1 0.0 2 2 0 0 18 11 2 0.0204243794501 1 2 
119 1 0.0 5 0 0 0 14 1 2 0.0582471224032 1 0 
119 1 0.0 4 1 2 0 14 15 2 0.0567724531209 1 2 
119 1 0.0 7 1 2 0 14 15 2 0.0565815170641 1 2 
119 1 0.0 11 5 3 0 16 19 3 4.33617048161e-69 5 0 
119 1 2.0 10 1 6 0 19 14 2 1.10738840675e-35 4 1 
119 1 2.0 6 2 0 0 18 17 2 0.114794030093 1 2 
119 1 2.0 1 10 3 0 43 14 1 0.128864612449 0 7 
119 1 2.0 9 2 0 0 12 4 3 1.99221799405e-54 2 0 
119 1 2.0 3 3 2 0 26 25 2 0.000263832595731 1 4 
119 1 2.0 8 3 0 0 16 9 3 2.52022903346e-50 3 0 
119 1 2.0 2 2 0 0 18 11 2 0.0142777944253 1 2 
119 1 2.0 5 0 0 0 14 1 2 0.138585438843 1 0 
119 1 2.0 4 1 2 0 14 15 2 0.132201195525 1 2 
119 1 2.0 7 1 2 0 14 15 2 0.129594607492 1 2 
119 1 2.0 11 5 3 0 16 19 3 4.89550280859e-44 5 0 
119 2 0.0 10 1 6 0 19 14 2 1.68876089582e-45 4 1 
119 2 0.0 6 2 0 0 18 17 2 0.0134801731859 1 2 
119 2 0.0 1 10 3 0 43 14 1 0.0531488339223 0 7 
119 2 0.0 9 2 0 0 12 4 3 1.71863317915e-74 2 0 
119 2 0.0 3 3 2 0 26 25 2 0.00255293214721 1 4 
119 2 0.0 8 3 0 0 16 9 3 2.11657482293e-72 3 0 
119 2 0.0 2 2 0 0 18 11 2 0.0099884939021 1 2 
119 2 0.0 5 0 0 0 14 1 2 0.0156937151713 1 0 
119 2 0.0 4 1 2 0 14 15 2 0.0143354793993 1 2 
119 2 0.0 7 1 2 0 14 15 2 0.0147225320541 1 2 
119 2 0.0 11 5 3 0 16 19 3 7.46974345845e-70 5 0 
119 2 2.0 10 1 6 0 19 14 2 8.74398267538e-35 4 1 
119 2 2.0 6 2 0 0 18 17 2 0.0121513504363 1 2 
119 2 2.0 1 10 3 0 43 14 1 0.0133060043766 0 7 
119 2 2.0 9 2 0 0 12 4 3 5.64569241717e-54 2 0 
119 2 2.0 3 3 2 0 26 25 2 0.000217625795948 1 4 
119 2 2.0 8 3 0 0 16 9 3 1.94289754182e-50 3 0 
119 2 2.0 2 2 0 0 18 11 2 0.00330341851756 1 2 
119 2 2.0 5 0 0 0 14 1 2 0.0157778694397 1 0 
119 2 2.0 4 1 2 0 14 15 2 0.0152552960606 1 2 
119 2 2.0 7 1 2 0 14 15 2 0.015356594287 1 2 
119 2 2.0 11 5 3 0 16 19 3 1.65236083684e-42 5 0 
119 3 0.0 10 1 6 0 19 14 2 2.70290606682e-43 4 1 
119 3 0.0 6 2 0 0 18 17 2 0.062149810061 1 2 
119 3 0.0 1 10 3 0 43 14 1 0.145256214022 0 7 
119 3 0.0 9 2 0 0 12 4 3 3.66479988686e-76 2 0 
119 3 0.0 3 3 2 0 26 25 2 0.00500344584648 1 4 
119 3 0.0 8 3 0 0 16 9 3 2.29890514558e-73 3 0 
119 3 0.0 2 2 0 0 18 11 2 0.0307105631548 1 2 
119 3 0.0 5 0 0 0 14 1 2 0.0736526918825 1 0 
119 3 0.0 4 1 2 0 14 15 2 0.0670484809515 1 2 
119 3 0.0 7 1 2 0 14 15 2 0.0725250389121 1 2 
119 3 0.0 11 5 3 0 16 19 3 1.38435201188e-69 5 0 
119 3 2.0 10 1 6 0 19 14 2 2.25071588148e-36 4 1 
119 3 2.0 6 2 0 0 18 17 2 0.00397884545928 1 2 
119 3 2.0 1 10 3 0 43 14 1 0.210426257788 0 7 
119 3 2.0 9 2 0 0 12 4 3 1.85210276068e-51 2 0 
119 3 2.0 3 3 2 0 26 25 2 0.000117719910414 1 4 
119 3 2.0 8 3 0 0 16 9 3 1.76810275014e-47 3 0 
119 3 2.0 2 2 0 0 18 11 2 0.00274926337771 1 2 
119 3 2.0 5 0 0 0 14 1 2 0.00457490987504 1 0 
119 3 2.0 4 1 2 0 14 15 2 0.00407852741173 1 2 
119 3 2.0 7 1 2 0 14 15 2 0.00437954405444 1 2 
119 3 2.0 11 5 3 0 16 19 3 1.07855690453e-43 5 0 
119 4 0.0 10 1 6 0 19 14 2 8.82521941561e-44 4 1 
119 4 0.0 6 2 0 0 18 17 2 0.0198385863227 1 2 
119 4 0.0 1 10 3 0 43 14 1 0.475603834785 0 7 
119 4 0.0 9 2 0 0 12 4 3 9.05239610061e-70 2 0 
119 4 0.0 3 3 2 0 26 25 2 0.0151686917759 1 4 
119 4 0.0 8 3 0 0 16 9 3 2.38189217228e-68 3 0 
119 4 0.0 2 2 0 0 18 11 2 0.0187745314487 1 2 
119 4 0.0 5 0 0 0 14 1 2 0.0205019249642 1 0 
119 4 0.0 4 1 2 0 14 15 2 0.0176531662592 1 2 
119 4 0.0 7 1 2 0 14 15 2 0.019920831762 1 2 
119 4 0.0 11 5 3 0 16 19 3 4.24207409254e-69 5 0 
119 4 2.0 10 1 6 0 19 14 2 1.4712810369e-35 4 1 
119 4 2.0 6 2 0 0 18 17 2 0.0707463830967 1 2 
119 4 2.0 1 10 3 0 43 14 1 0.0152556030055 0 7 
119 4 2.0 9 2 0 0 12 4 3 4.23716706174e-54 2 0 
119 4 2.0 3 3 2 0 26 25 2 0.000590897980943 1 4 
119 4 2.0 8 3 0 0 16 9 3 1.56183278215e-49 3 0 
119 4 2.0 2 2 0 0 18 11 2 0.0163627376224 1 2 
119 4 2.0 5 0 0 0 14 1 2 0.0815877761767 1 0 
119 4 2.0 4 1 2 0 14 15 2 0.0780489218773 1 2 
119 4 2.0 7 1 2 0 14 15 2 0.0761144905842 1 2 
119 4 2.0 11 5 3 0 16 19 3 2.22173865407e-43 5 0 
119 5 0.0 10 1 6 0 19 14 2 9.80532421422e-46 4 1 
119 5 0.0 6 2 0 0 18 17 2 0.00848040560381 1 2 
119 5 0.0 1 10 3 0 43 14 1 0.222710178161 0 7 
119 5 0.0 9 2 0 0 12 4 3 2.00079691654e-75 2 0 
119 5 0.0 3 3 2 0 26 25 2 0.000209750398306 1 4 
119 5 0.0 8 3 0 0 16 9 3 1.29516811984e-72 3 0 
119 5 0.0 2 2 0 0 18 11 2 0.00556342300793 1 2 
119 5 0.0 5 0 0 0 14 1 2 0.00966462186293 1 0 
119 5 0.0 4 1 2 0 14 15 2 0.00814973681088 1 2 
119 5 0.0 7 1 2 0 14 15 2 0.00924141557283 1 2 
119 5 0.0 11 5 3 0 16 19 3 3.12041346313e-70 5 0 
119 5 2.0 10 1 6 0 19 14 2 1.14605064154e-33 4 1 
119 5 2.0 6 2 0 0 18 17 2 0.0848445243692 1 2 
119 5 2.0 1 10 3 0 43 14 1 0.329570285126 0 7 
119 5 2.0 9 2 0 0 12 4 3 3.63833044029e-53 2 0 
119 5 2.0 3 3 2 0 26 25 2 0.00836167443591 1 4 
119 5 2.0 8 3 0 0 16 9 3 4.54768129906e-49 3 0 
119 5 2.0 2 2 0 0 18 11 2 0.0340640119364 1 2 
119 5 2.0 5 0 0 0 14 1 2 0.099336656056 1 0 
119 5 2.0 4 1 2 0 14 15 2 0.0983252172507 1 2 
119 5 2.0 7 1 2 0 14 15 2 0.0939759920498 1 2 
119 5 2.0 11 5 3 0 16 19 3 2.45081509464e-42 5 0 
119 6 0.0 10 1 6 0 19 14 2 2.22542726339e-43 4 1 
119 6 0.0 6 2 0 0 18 17 2 0.00703757644155 1 2 
119 6 0.0 1 10 3 0 43 14 1 0.064603015226 0 7 
119 6 0.0 9 2 0 0 12 4 3 3.70711526565e-71 2 0 
119 6 0.0 3 3 2 0 26 25 2 0.00492508812434 1 4 
119 6 0.0 8 3 0 0 16 9 3 6.74400701226e-71 3 0 
119 6 0.0 2 2 0 0 18 11 2 0.0091341935074 1 2 
119 6 0.0 5 0 0 0 14 1 2 0.0102325911011 1 0 
119 6 0.0 4 1 2 0 14 15 2 0.00990647997066 1 2 
119 6 0.0 7 1 2 0 14 15 2 0.00992649943246 1 2 
119 6 0.0 11 5 3 0 16 19 3 1.65511606335e-69 5 0 
119 6 2.0 10 1 6 0 19 14 2 7.33409354213e-36 4 1 
119 6 2.0 6 2 0 0 18 17 2 0.0166847410301 1 2 
119 6 2.0 1 10 3 0 43 14 1 0.0114712589019 0 7 
119 6 2.0 9 2 0 0 12 4 3 3.29303182216e-54 2 0 
119 6 2.0 3 3 2 0 26 25 2 0.000213465262331 1 4 
119 6 2.0 8 3 0 0 16 9 3 1.79306443438e-50 3 0 
119 6 2.0 2 2 0 0 18 11 2 0.00382228008125 1 2 
119 6 2.0 5 0 0 0 14 1 2 0.0212228616109 1 0 
119 6 2.0 4 1 2 0 14 15 2 0.0205386104693 1 2 
119 6 2.0 7 1 2 0 14 15 2 0.019480103297 1 2 
119 6 2.0 11 5 3 0 16 19 3 7.23940224983e-44 5 0 
119 7 0.0 10 1 6 0 19 14 2 1.0387071801e-45 4 1 
119 7 0.0 6 2 0 0 18 17 2 0.00687905317676 1 2 
119 7 0.0 1 10 3 0 43 14 1 0.0965165841178 0 7 
119 7 0.0 9 2 0 0 12 4 3 1.72710734687e-73 2 0 
119 7 0.0 3 3 2 0 26 25 2 0.0022545336893 1 4 
119 7 0.0 8 3 0 0 16 9 3 6.6529045768e-72 3 0 
119 7 0.0 2 2 0 0 18 11 2 0.00696821969037 1 2 
119 7 0.0 5 0 0 0 14 1 2 0.00894130780371 1 0 
119 7 0.0 4 1 2 0 14 15 2 0.00835590727017 1 2 
119 7 0.0 7 1 2 0 14 15 2 0.00810708723881 1 2 
119 7 0.0 11 5 3 0 16 19 3 2.04774613122e-70 5 0 
119 7 2.0 10 1 6 0 19 14 2 1.07074726487e-37 4 1 
119 7 2.0 6 2 0 0 18 17 2 0.129127954005 1 2 
119 7 2.0 1 10 3 0 43 14 1 0.106432761609 0 7 
119 7 2.0 9 2 0 0 12 4 3 4.46583961513e-53 2 0 
119 7 2.0 3 3 2 0 26 25 2 0.000529825397955 1 4 
119 7 2.0 8 3 0 0 16 9 3 1.09053727506e-46 3 0 
119 7 2.0 2 2 0 0 18 11 2 0.0506229159449 1 2 
119 7 2.0 5 0 0 0 14 1 2 0.135360690427 1 0 
119 7 2.0 4 1 2 0 14 15 2 0.0983901519042 1 2 
119 7 2.0 7 1 2 0 14 15 2 0.128032351679 1 2 
119 7 2.0 11 5 3 0 16 19 3 2.32733029181e-44 5 0 
119 8 0.0 10 1 6 0 19 14 2 2.38013396271e-44 4 1 
119 8 0.0 6 2 0 0 18 17 2 0.00670559656538 1 2 
119 8 0.0 1 10 3 0 43 14 1 0.251969519223 0 7 
119 8 0.0 9 2 0 0 12 4 3 2.76122647697e-74 2 0 
119 8 0.0 3 3 2 0 26 25 2 0.0032630194648 1 4 
119 8 0.0 8 3 0 0 16 9 3 3.04384923724e-72 3 0 
119 8 0.0 2 2 0 0 18 11 2 0.00519460835793 1 2 
119 8 0.0 5 0 0 0 14 1 2 0.00819993702487 1 0 
119 8 0.0 4 1 2 0 14 15 2 0.00739615132968 1 2 
119 8 0.0 7 1 2 0 14 15 2 0.00790826657649 1 2 
119 8 0.0 11 5 3 0 16 19 3 1.89669734571e-69 5 0 
119 8 2.0 10 1 6 0 19 14 2 1.61018332576e-35 4 1 
119 8 2.0 6 2 0 0 18 17 2 0.0607791378282 1 2 
119 8 2.0 1 10 3 0 43 14 1 0.0146547470302 0 7 
119 8 2.0 9 2 0 0 12 4 3 1.27852011699e-52 2 0 
119 8 2.0 3 3 2 0 26 25 2 0.0123369139402 1 4 
119 8 2.0 8 3 0 0 16 9 3 6.28258534847e-50 3 0 
119 8 2.0 2 2 0 0 18 11 2 0.0326018099435 1 2 
119 8 2.0 5 0 0 0 14 1 2 0.0814648909756 1 0 
119 8 2.0 4 1 2 0 14 15 2 0.0777675159192 1 2 
119 8 2.0 7 1 2 0 14 15 2 0.0780370817636 1 2 
119 8 2.0 11 5 3 0 16 19 3 1.18220662289e-43 5 0 
119 9 0.0 10 1 6 0 19 14 2 2.38832220735e-44 4 1 
119 9 0.0 6 2 0 0 18 17 2 0.0122737342257 1 2 
119 9 0.0 1 10 3 0 43 14 1 0.056881253205 0 7 
119 9 0.0 9 2 0 0 12 4 3 6.27963447981e-74 2 0 
119 9 0.0 3 3 2 0 26 25 2 0.00322019381064 1 4 
119 9 0.0 8 3 0 0 16 9 3 4.18125635732e-70 3 0 
119 9 0.0 2 2 0 0 18 11 2 0.00920214634313 1 2 
119 9 0.0 5 0 0 0 14 1 2 0.0129519533294 1 0 
119 9 0.0 4 1 2 0 14 15 2 0.0109967649236 1 2 
119 9 0.0 7 1 2 0 14 15 2 0.0126119677106 1 2 
119 9 0.0 11 5 3 0 16 19 3 7.70956428594e-69 5 0 
119 9 2.0 10 1 6 0 19 14 2 1.73426468811e-35 4 1 
119 9 2.0 6 2 0 0 18 17 2 0.00207525646106 1 2 
119 9 2.0 1 10 3 0 43 14 1 0.1256887877 0 7 
119 9 2.0 9 2 0 0 12 4 3 1.32391103266e-51 2 0 
119 9 2.0 3 3 2 0 26 25 2 0.000420557991548 1 4 
119 9 2.0 8 3 0 0 16 9 3 7.629441551e-51 3 0 
119 9 2.0 2 2 0 0 18 11 2 0.00260487415081 1 2 
119 9 2.0 5 0 0 0 14 1 2 0.0044553864145 1 0 
119 9 2.0 4 1 2 0 14 15 2 0.00423219511719 1 2 
119 9 2.0 7 1 2 0 14 15 2 0.00431413169367 1 2 
119 9 2.0 11 5 3 0 16 19 3 3.55369924392e-44 5 0 
119 10 0.0 10 1 6 0 19 14 2 7.1149082278e-44 4 1 
119 10 0.0 6 2 0 0 18 17 2 0.0120228726848 1 2 
119 10 0.0 1 10 3 0 43 14 1 0.0441744788633 0 7 
119 10 0.0 9 2 0 0 12 4 3 1.83577090321e-72 2 0 
119 10 0.0 3 3 2 0 26 25 2 0.00747627234761 1 4 
119 10 0.0 8 3 0 0 16 9 3 1.39732446121e-72 3 0 
119 10 0.0 2 2 0 0 18 11 2 0.0135509450882 1 2 
119 10 0.0 5 0 0 0 14 1 2 0.0176154934762 1 0 
119 10 0.0 4 1 2 0 14 15 2 0.016602177326 1 2 
119 10 0.0 7 1 2 0 14 15 2 0.0165473467398 1 2 
119 10 0.0 11 5 3 0 16 19 3 3.98261119712e-70 5 0 
119 10 2.0 10 1 6 0 19 14 2 3.74074583293e-35 4 1 
119 10 2.0 6 2 0 0 18 17 2 0.00167393815397 1 2 
119 10 2.0 1 10 3 0 43 14 1 0.127412366889 0 7 
119 10 2.0 9 2 0 0 12 4 3 7.58775759185e-46 2 0 
119 10 2.0 3 3 2 0 26 25 2 0.00120830831678 1 4 
119 10 2.0 8 3 0 0 16 9 3 1.24690441976e-46 3 0 
119 10 2.0 2 2 0 0 18 11 2 0.00268182701767 1 2 
119 10 2.0 5 0 0 0 14 1 2 0.00305888171244 1 0 
119 10 2.0 4 1 2 0 14 15 2 0.00289549266932 1 2 
119 10 2.0 7 1 2 0 14 15 2 0.00285665258455 1 2 
119 10 2.0 11 5 3 0 16 19 3 1.77616469034e-44 5 0 
119 11 0.0 10 1 6 0 19 14 2 8.70284560375e-45 4 1 
119 11 0.0 6 2 0 0 18 17 2 0.0349548718182 1 2 
119 11 0.0 1 10 3 0 43 14 1 0.429179617333 0 7 
119 11 0.0 9 2 0 0 12 4 3 2.69946878953e-71 2 0 
119 11 0.0 3 3 2 0 26 25 2 0.002692766539 1 4 
119 11 0.0 8 3 0 0 16 9 3 4.1514865612e-70 3 0 
119 11 0.0 2 2 0 0 18 11 2 0.0386364904604 1 2 
119 11 0.0 5 0 0 0 14 1 2 0.0413627152256 1 0 
119 11 0.0 4 1 2 0 14 15 2 0.0354468592787 1 2 
119 11 0.0 7 1 2 0 14 15 2 0.0361369200662 1 2 
119 11 0.0 11 5 3 0 16 19 3 7.74866521127e-72 5 0 
119 11 2.0 10 1 6 0 19 14 2 1.23867399818e-35 4 1 
119 11 2.0 6 2 0 0 18 17 2 0.0355929012474 1 2 
119 11 2.0 1 10 3 0 43 14 1 0.456619078605 0 7 
119 11 2.0 9 2 0 0 12 4 3 4.78481669837e-54 2 0 
119 11 2.0 3 3 2 0 26 25 2 0.000773334753005 1 4 
119 11 2.0 8 3 0 0 16 9 3 1.35340535005e-50 3 0 
119 11 2.0 2 2 0 0 18 11 2 0.00891743363165 1 2 
119 11 2.0 5 0 0 0 14 1 2 0.0461739575984 1 0 
119 11 2.0 4 1 2 0 14 15 2 0.0440968083977 1 2 
119 11 2.0 7 1 2 0 14 15 2 0.0443928281077 1 2 
119 11 2.0 11 5 3 0 16 19 3 1.69222602115e-43 5 0 
119 12 0.0 10 1 6 0 19 14 2 1.49726947035e-44 4 1 
119 12 0.0 6 2 0 0 18 17 2 0.0455524788213 1 2 
119 12 0.0 1 10 3 0 43 14 1 0.347602540508 0 7 
119 12 0.0 9 2 0 0 12 4 3 5.20364799985e-73 2 0 
119 12 0.0 3 3 2 0 26 25 2 0.0263938950274 1 4 
119 12 0.0 8 3 0 0 16 9 3 3.7932299378e-71 3 0 
119 12 0.0 2 2 0 0 18 11 2 0.0410025597816 1 2 
119 12 0.0 5 0 0 0 14 1 2 0.0552178853402 1 0 
119 12 0.0 4 1 2 0 14 15 2 0.0465947478863 1 2 
119 12 0.0 7 1 2 0 14 15 2 0.0536900035442 1 2 
119 12 0.0 11 5 3 0 16 19 3 8.32892791086e-70 5 0 
119 12 2.0 10 1 6 0 19 14 2 1.96268392945e-33 4 1 
119 12 2.0 6 2 0 0 18 17 2 0.0947725041372 1 2 
119 12 2.0 1 10 3 0 43 14 1 0.0630563675113 0 7 
119 12 2.0 9 2 0 0 12 4 3 2.25254454295e-54 2 0 
119 12 2.0 3 3 2 0 26 25 2 0.000437770228988 1 4 
119 12 2.0 8 3 0 0 16 9 3 2.20783162277e-51 3 0 
119 12 2.0 2 2 0 0 18 11 2 0.0142486731168 1 2 
119 12 2.0 5 0 0 0 14 1 2 0.132821204841 1 0 
119 12 2.0 4 1 2 0 14 15 2 0.129435796031 1 2 
119 12 2.0 7 1 2 0 14 15 2 0.129967749513 1 2 
119 12 2.0 11 5 3 0 16 19 3 3.28932493353e-42 5 0 
119 13 0.0 10 1 6 0 19 14 2 7.57234702097e-45 4 1 
119 13 0.0 6 2 0 0 18 17 2 0.00764383423281 1 2 
119 13 0.0 1 10 3 0 43 14 1 0.257169309075 0 7 
119 13 0.0 9 2 0 0 12 4 3 5.02984622707e-74 2 0 
119 13 0.0 3 3 2 0 26 25 2 0.00125782322338 1 4 
119 13 0.0 8 3 0 0 16 9 3 6.04498844417e-72 3 0 
119 13 0.0 2 2 0 0 18 11 2 0.00644883666361 1 2 
119 13 0.0 5 0 0 0 14 1 2 0.00892393430756 1 0 
119 13 0.0 4 1 2 0 14 15 2 0.00826184225333 1 2 
119 13 0.0 7 1 2 0 14 15 2 0.00795264471254 1 2 
119 13 0.0 11 5 3 0 16 19 3 2.49830500941e-70 5 0 
119 13 2.0 10 1 6 0 19 14 2 4.83316928613e-37 4 1 
119 13 2.0 6 2 0 0 18 17 2 0.00734496681124 1 2 
119 13 2.0 1 10 3 0 43 14 1 0.0199082358143 0 7 
119 13 2.0 9 2 0 0 12 4 3 6.16132040705e-51 2 0 
119 13 2.0 3 3 2 0 26 25 2 0.000535641097191 1 4 
119 13 2.0 8 3 0 0 16 9 3 7.94496247701e-47 3 0 
119 13 2.0 2 2 0 0 18 11 2 0.0050965256774 1 2 
119 13 2.0 5 0 0 0 14 1 2 0.00811915448887 1 0 
119 13 2.0 4 1 2 0 14 15 2 0.00602577513406 1 2 
119 13 2.0 7 1 2 0 14 15 2 0.00789741190178 1 2 
119 13 2.0 11 5 3 0 16 19 3 9.77513133196e-44 5 0 
119 14 0.0 10 1 6 0 19 14 2 7.87992686022e-45 4 1 
119 14 0.0 6 2 0 0 18 17 2 0.00760467913006 1 2 
119 14 0.0 1 10 3 0 43 14 1 0.240367412954 0 7 
119 14 0.0 9 2 0 0 12 4 3 1.09018013501e-73 2 0 
119 14 0.0 3 3 2 0 26 25 2 0.0014331298142 1 4 
119 14 0.0 8 3 0 0 16 9 3 2.29522550458e-71 3 0 
119 14 0.0 2 2 0 0 18 11 2 0.0059754386479 1 2 
119 14 0.0 5 0 0 0 14 1 2 0.00823284199703 1 0 
119 14 0.0 4 1 2 0 14 15 2 0.00757452319295 1 2 
119 14 0.0 7 1 2 0 14 15 2 0.00744932861097 1 2 
119 14 0.0 11 5 3 0 16 19 3 9.47586324017e-70 5 0 
119 14 2.0 10 1 6 0 19 14 2 2.81750250654e-34 4 1 
119 14 2.0 6 2 0 0 18 17 2 0.0186983682126 1 2 
119 14 2.0 1 10 3 0 43 14 1 0.010053175191 0 7 
119 14 2.0 9 2 0 0 12 4 3 8.45805900799e-54 2 0 
119 14 2.0 3 3 2 0 26 25 2 0.000184583514486 1 4 
119 14 2.0 8 3 0 0 16 9 3 8.08945044798e-49 3 0 
119 14 2.0 2 2 0 0 18 11 2 0.00444946538662 1 2 
119 14 2.0 5 0 0 0 14 1 2 0.0209994138745 1 0 
119 14 2.0 4 1 2 0 14 15 2 0.0196247052228 1 2 
119 14 2.0 7 1 2 0 14 15 2 0.0204491073157 1 2 
119 14 2.0 11 5 3 0 16 19 3 3.05292419924e-42 5 0 
119 15 0.0 10 1 6 0 19 14 2 3.74303036491e-43 4 1 
119 15 0.0 6 2 0 0 18 17 2 0.0157997192169 1 2 
119 15 0.0 1 10 3 0 43 14 1 0.423845985228 0 7 
119 15 0.0 9 2 0 0 12 4 3 1.62665662714e-74 2 0 
119 15 0.0 3 3 2 0 26 25 2 0.00265143337294 1 4 
119 15 0.0 8 3 0 0 16 9 3 1.24984899366e-71 3 0 
119 15 0.0 2 2 0 0 18 11 2 0.0109994692951 1 2 
119 15 0.0 5 0 0 0 14 1 2 0.0169965555856 1 0 
119 15 0.0 4 1 2 0 14 15 2 0.0171367722628 1 2 
119 15 0.0 7 1 2 0 14 15 2 0.0164830529431 1 2 
119 15 0.0 11 5 3 0 16 19 3 5.93393816491e-68 5 0 
119 15 2.0 10 1 6 0 19 14 2 2.38909107723e-35 4 1 
119 15 2.0 6 2 0 0 18 17 2 0.053904564083 1 2 
119 15 2.0 1 10 3 0 43 14 1 0.0116644101533 0 7 
119 15 2.0 9 2 0 0 12 4 3 1.88196398294e-53 2 0 
119 15 2.0 3 3 2 0 26 25 2 0.000815596417968 1 4 
119 15 2.0 8 3 0 0 16 9 3 2.92451146058e-50 3 0 
119 15 2.0 2 2 0 0 18 11 2 0.0226442692444 1 2 
119 15 2.0 5 0 0 0 14 1 2 0.0687477097037 1 0 
119 15 2.0 4 1 2 0 14 15 2 0.0651063404188 1 2 
119 15 2.0 7 1 2 0 14 15 2 0.0658269199404 1 2 
119 15 2.0 11 5 3 0 16 19 3 1.52473197725e-43 5 0 
119 16 0.0 10 1 6 0 19 14 2 6.96504522416e-45 4 1 
119 16 0.0 6 2 0 0 18 17 2 0.00533863436949 1 2 
119 16 0.0 1 10 3 0 43 14 1 0.169224626294 0 7 
119 16 0.0 9 2 0 0 12 4 3 6.48288758965e-74 2 0 
119 16 0.0 3 3 2 0 26 25 2 0.00210036662458 1 4 
119 16 0.0 8 3 0 0 16 9 3 1.32158387674e-73 3 0 
119 16 0.0 2 2 0 0 18 11 2 0.0056465766966 1 2 
119 16 0.0 5 0 0 0 14 1 2 0.00830984859893 1 0 
119 16 0.0 4 1 2 0 14 15 2 0.0081452297401 1 2 
119 16 0.0 7 1 2 0 14 15 2 0.00748936939384 1 2 
119 16 0.0 11 5 3 0 16 19 3 7.81149702136e-70 5 0 
119 16 2.0 10 1 6 0 19 14 2 3.54030703218e-36 4 1 
119 16 2.0 6 2 0 0 18 17 2 0.00424427937342 1 2 
119 16 2.0 1 10 3 0 43 14 1 0.0629034995234 0 7 
119 16 2.0 9 2 0 0 12 4 3 1.55766255402e-53 2 0 
119 16 2.0 3 3 2 0 26 25 2 0.000201612854858 1 4 
119 16 2.0 8 3 0 0 16 9 3 6.16609608049e-49 3 0 
119 16 2.0 2 2 0 0 18 11 2 0.00131922532986 1 2 
119 16 2.0 5 0 0 0 14 1 2 0.00482832958292 1 0 
119 16 2.0 4 1 2 0 14 15 2 0.00454838103241 1 2 
119 16 2.0 7 1 2 0 14 15 2 0.00455452651395 1 2 
119 16 2.0 11 5 3 0 16 19 3 4.71774293782e-43 5 0 
119 17 0.0 10 1 6 0 19 14 2 3.0091535132e-44 4 1 
119 17 0.0 6 2 0 0 18 17 2 0.00816922280944 1 2 
119 17 0.0 1 10 3 0 43 14 1 0.0775177121985 0 7 
119 17 0.0 9 2 0 0 12 4 3 2.069137825e-73 2 0 
119 17 0.0 3 3 2 0 26 25 2 0.0027996203342 1 4 
119 17 0.0 8 3 0 0 16 9 3 4.50909008797e-72 3 0 
119 17 0.0 2 2 0 0 18 11 2 0.00716714736637 1 2 
119 17 0.0 5 0 0 0 14 1 2 0.00976532556725 1 0 
119 17 0.0 4 1 2 0 14 15 2 0.00958440855508 1 2 
119 17 0.0 7 1 2 0 14 15 2 0.00903011978562 1 2 
119 17 0.0 11 5 3 0 16 19 3 1.1424869481e-68 5 0 
119 17 2.0 10 1 6 0 19 14 2 5.39141665233e-36 4 1 
119 17 2.0 6 2 0 0 18 17 2 0.00304106164746 1 2 
119 17 2.0 1 10 3 0 43 14 1 0.0279593181832 0 7 
119 17 2.0 9 2 0 0 12 4 3 4.9829178238e-49 2 0 
119 17 2.0 3 3 2 0 26 25 2 0.00195382201761 1 4 
119 17 2.0 8 3 0 0 16 9 3 1.26941176201e-48 3 0 
119 17 2.0 2 2 0 0 18 11 2 0.00421290431416 1 2 
119 17 2.0 5 0 0 0 14 1 2 0.00566029820061 1 0 
119 17 2.0 4 1 2 0 14 15 2 0.00512628570871 1 2 
119 17 2.0 7 1 2 0 14 15 2 0.00540787739558 1 2 
119 17 2.0 11 5 3 0 16 19 3 7.19320038603e-45 5 0 
119 18 0.0 10 1 6 0 19 14 2 5.20192408374e-44 4 1 
119 18 0.0 6 2 0 0 18 17 2 0.0182384639416 1 2 
119 18 0.0 1 10 3 0 43 14 1 0.439001402191 0 7 
119 18 0.0 9 2 0 0 12 4 3 1.08574044629e-73 2 0 
119 18 0.0 3 3 2 0 26 25 2 0.00178836132115 1 4 
119 18 0.0 8 3 0 0 16 9 3 3.1241558479e-71 3 0 
119 18 0.0 2 2 0 0 18 11 2 0.014812351576 1 2 
119 18 0.0 5 0 0 0 14 1 2 0.0193497111468 1 0 
119 18 0.0 4 1 2 0 14 15 2 0.0188844615408 1 2 
119 18 0.0 7 1 2 0 14 15 2 0.0175013606982 1 2 
119 18 0.0 11 5 3 0 16 19 3 3.10666421085e-69 5 0 
119 18 2.0 10 1 6 0 19 14 2 4.31742861768e-35 4 1 
119 18 2.0 6 2 0 0 18 17 2 0.00701125851589 1 2 
119 18 2.0 1 10 3 0 43 14 1 0.434486375497 0 7 
119 18 2.0 9 2 0 0 12 4 3 5.10020626323e-44 2 0 
119 18 2.0 3 3 2 0 26 25 2 0.00480305438991 1 4 
119 18 2.0 8 3 0 0 16 9 3 2.94551443179e-44 3 0 
119 18 2.0 2 2 0 0 18 11 2 0.00950381701082 1 2 
119 18 2.0 5 0 0 0 14 1 2 0.0102642150006 1 0 
119 18 2.0 4 1 2 0 14 15 2 0.00979944183333 1 2 
119 18 2.0 7 1 2 0 14 15 2 0.00943143047017 1 2 
119 18 2.0 11 5 3 0 16 19 3 1.92291901903e-44 5 0 
119 19 0.0 10 1 6 0 19 14 2 1.98239799119e-44 4 1 
119 19 0.0 6 2 0 0 18 17 2 0.0413410322927 1 2 
119 19 0.0 1 10 3 0 43 14 1 0.282777132315 0 7 
119 19 0.0 9 2 0 0 12 4 3 1.77722545534e-74 2 0 
119 19 0.0 3 3 2 0 26 25 2 0.00566536813773 1 4 
119 19 0.0 8 3 0 0 16 9 3 1.1874683705e-73 3 0 
119 19 0.0 2 2 0 0 18 11 2 0.0483479962383 1 2 
119 19 0.0 5 0 0 0 14 1 2 0.066954837646 1 0 
119 19 0.0 4 1 2 0 14 15 2 0.0628542900263 1 2 
119 19 0.0 7 1 2 0 14 15 2 0.0633308582464 1 2 
119 19 0.0 11 5 3 0 16 19 3 1.47890635143e-70 5 0 
119 19 2.0 10 1 6 0 19 14 2 2.7669127418e-36 4 1 
119 19 2.0 6 2 0 0 18 17 2 0.0292599901696 1 2 
119 19 2.0 1 10 3 0 43 14 1 0.473131684107 0 7 
119 19 2.0 9 2 0 0 12 4 3 3.74401990834e-51 2 0 
119 19 2.0 3 3 2 0 26 25 2 0.00701176554688 1 4 
119 19 2.0 8 3 0 0 16 9 3 5.96809286193e-50 3 0 
119 19 2.0 2 2 0 0 18 11 2 0.0303220763362 1 2 
119 19 2.0 5 0 0 0 14 1 2 0.0496041345133 1 0 
119 19 2.0 4 1 2 0 14 15 2 0.0467733643852 1 2 
119 19 2.0 7 1 2 0 14 15 2 0.0472130775462 1 2 
119 19 2.0 11 5 3 0 16 19 3 1.23324725538e-44 5 0 
119 20 0.0 10 1 6 0 19 14 2 6.15188692577e-44 4 1 
119 20 0.0 6 2 0 0 18 17 2 0.0279787699031 1 2 
119 20 0.0 1 10 3 0 43 14 1 0.0458868772377 0 7 
119 20 0.0 9 2 0 0 12 4 3 2.00088897319e-76 2 0 
119 20 0.0 3 3 2 0 26 25 2 0.00087809345097 1 4 
119 20 0.0 8 3 0 0 16 9 3 5.84758805374e-73 3 0 
119 20 0.0 2 2 0 0 18 11 2 0.0121736797559 1 2 
119 20 0.0 5 0 0 0 14 1 2 0.0315517981091 1 0 
119 20 0.0 4 1 2 0 14 15 2 0.0277809875382 1 2 
119 20 0.0 7 1 2 0 14 15 2 0.0310389164336 1 2 
119 20 0.0 11 5 3 0 16 19 3 2.53815167372e-69 5 0 
119 20 2.0 10 1 6 0 19 14 2 6.73209775661e-35 4 1 
119 20 2.0 6 2 0 0 18 17 2 0.00618249903909 1 2 
119 20 2.0 1 10 3 0 43 14 1 0.283369173165 0 7 
119 20 2.0 9 2 0 0 12 4 3 5.53557350288e-54 2 0 
119 20 2.0 3 3 2 0 26 25 2 7.4422908075e-05 1 4 
119 20 2.0 8 3 0 0 16 9 3 1.28327273635e-50 3 0 
119 20 2.0 2 2 0 0 18 11 2 0.00174267621435 1 2 
119 20 2.0 5 0 0 0 14 1 2 0.00821521784191 1 0 
119 20 2.0 4 1 2 0 14 15 2 0.00782793368027 1 2 
119 20 2.0 7 1 2 0 14 15 2 0.0080940338202 1 2 
119 20 2.0 11 5 3 0 16 19 3 2.43007349901e-42 5 0 
119 21 0.0 10 1 6 0 19 14 2 2.28272663516e-45 4 1 
119 21 0.0 6 2 0 0 18 17 2 0.0160278646791 1 2 
119 21 0.0 1 10 3 0 43 14 1 0.427229410368 0 7 
119 21 0.0 9 2 0 0 12 4 3 8.29872917046e-74 2 0 
119 21 0.0 3 3 2 0 26 25 2 0.0057567463044 1 4 
119 21 0.0 8 3 0 0 16 9 3 9.60857853487e-70 3 0 
119 21 0.0 2 2 0 0 18 11 2 0.0119434711758 1 2 
119 21 0.0 5 0 0 0 14 1 2 0.0166892970117 1 0 
119 21 0.0 4 1 2 0 14 15 2 0.0121051632311 1 2 
119 21 0.0 7 1 2 0 14 15 2 0.0157060534768 1 2 
119 21 0.0 11 5 3 0 16 19 3 4.56918504889e-70 5 0 
119 21 2.0 10 1 6 0 19 14 2 3.96148342391e-35 4 1 
119 21 2.0 6 2 0 0 18 17 2 0.056007878071 1 2 
119 21 2.0 1 10 3 0 43 14 1 0.433983012845 0 7 
119 21 2.0 9 2 0 0 12 4 3 2.86237483704e-54 2 0 
119 21 2.0 3 3 2 0 26 25 2 0.00104502081295 1 4 
119 21 2.0 8 3 0 0 16 9 3 9.22752852242e-50 3 0 
119 21 2.0 2 2 0 0 18 11 2 0.0111871689488 1 2 
119 21 2.0 5 0 0 0 14 1 2 0.0654627246818 1 0 
119 21 2.0 4 1 2 0 14 15 2 0.060754531332 1 2 
119 21 2.0 7 1 2 0 14 15 2 0.0632995955335 1 2 
119 21 2.0 11 5 3 0 16 19 3 3.5070456878e-43 5 0 
119 22 0.0 10 1 6 0 19 14 2 3.93364795336e-45 4 1 
119 22 0.0 6 2 0 0 18 17 2 0.029939333232 1 2 
119 22 0.0 1 10 3 0 43 14 1 0.454068940734 0 7 
119 22 0.0 9 2 0 0 12 4 3 2.38649034493e-74 2 0 
119 22 0.0 3 3 2 0 26 25 2 0.00646166335887 1 4 
119 22 0.0 8 3 0 0 16 9 3 1.78409020438e-69 3 0 
119 22 0.0 2 2 0 0 18 11 2 0.019978599983 1 2 
119 22 0.0 5 0 0 0 14 1 2 0.0301668677775 1 0 
119 22 0.0 4 1 2 0 14 15 2 0.0288909279015 1 2 
119 22 0.0 7 1 2 0 14 15 2 0.0225701036796 1 2 
119 22 0.0 11 5 3 0 16 19 3 3.81006567237e-69 5 0 
119 22 2.0 10 1 6 0 19 14 2 3.77159773732e-37 4 1 
119 22 2.0 6 2 0 0 18 17 2 0.0593984902487 1 2 
119 22 2.0 1 10 3 0 43 14 1 0.440904961329 0 7 
119 22 2.0 9 2 0 0 12 4 3 5.8383915806e-53 2 0 
119 22 2.0 3 3 2 0 26 25 2 0.000391582560163 1 4 
119 22 2.0 8 3 0 0 16 9 3 3.14936160243e-47 3 0 
119 22 2.0 2 2 0 0 18 11 2 0.0247441172788 1 2 
119 22 2.0 5 0 0 0 14 1 2 0.0633815566748 1 0 
119 22 2.0 4 1 2 0 14 15 2 0.0512514528183 1 2 
119 22 2.0 7 1 2 0 14 15 2 0.0602582630708 1 2 
119 22 2.0 11 5 3 0 16 19 3 8.46278765483e-44 5 0 
119 23 0.0 10 1 6 0 19 14 2 9.040742407e-46 4 1 
119 23 0.0 6 2 0 0 18 17 2 0.0143190321973 1 2 
119 23 0.0 1 10 3 0 43 14 1 0.374559559784 0 7 
119 23 0.0 9 2 0 0 12 4 3 1.1235310469e-75 2 0 
119 23 0.0 3 3 2 0 26 25 2 0.00100573387651 1 4 
119 23 0.0 8 3 0 0 16 9 3 1.08898918461e-71 3 0 
119 23 0.0 2 2 0 0 18 11 2 0.00747372331612 1 2 
119 23 0.0 5 0 0 0 14 1 2 0.0153001717154 1 0 
119 23 0.0 4 1 2 0 14 15 2 0.0133509507001 1 2 
119 23 0.0 7 1 2 0 14 15 2 0.0144161263255 1 2 
119 23 0.0 11 5 3 0 16 19 3 8.21837797047e-70 5 0 
119 23 2.0 10 1 6 0 19 14 2 2.66528307117e-35 4 1 
119 23 2.0 6 2 0 0 18 17 2 0.00121293891399 1 2 
119 23 2.0 1 10 3 0 43 14 1 0.0840576650469 0 7 
119 23 2.0 9 2 0 0 12 4 3 5.16514801738e-49 2 0 
119 23 2.0 3 3 2 0 26 25 2 0.000866645308701 1 4 
119 23 2.0 8 3 0 0 16 9 3 1.06395412411e-49 3 0 
119 23 2.0 2 2 0 0 18 11 2 0.00318871781136 1 2 
119 23 2.0 5 0 0 0 14 1 2 0.00412624741574 1 0 
119 23 2.0 4 1 2 0 14 15 2 0.00401128937845 1 2 
119 23 2.0 7 1 2 0 14 15 2 0.00384108472672 1 2 
119 23 2.0 11 5 3 0 16 19 3 1.27353656613e-44 5 0 
119 24 0.0 10 1 6 0 19 14 2 3.34453563121e-44 4 1 
119 24 0.0 6 2 0 0 18 17 2 0.00513246356679 1 2 
119 24 0.0 1 10 3 0 43 14 1 0.0855200390422 0 7 
119 24 0.0 9 2 0 0 12 4 3 3.7691224437e-73 2 0 
119 24 0.0 3 3 2 0 26 25 2 0.00250587862438 1 4 
119 24 0.0 8 3 0 0 16 9 3 3.19417002103e-73 3 0 
119 24 0.0 2 2 0 0 18 11 2 0.00853764375143 1 2 
119 24 0.0 5 0 0 0 14 1 2 0.0107681518975 1 0 
119 24 0.0 4 1 2 0 14 15 2 0.0105242960676 1 2 
119 24 0.0 7 1 2 0 14 15 2 0.00972831469572 1 2 
119 24 0.0 11 5 3 0 16 19 3 2.82308268032e-70 5 0 
119 24 2.0 10 1 6 0 19 14 2 1.23886274148e-35 4 1 
119 24 2.0 6 2 0 0 18 17 2 0.00389454088751 1 2 
119 24 2.0 1 10 3 0 43 14 1 0.20279236587 0 7 
119 24 2.0 9 2 0 0 12 4 3 5.08514553032e-53 2 0 
119 24 2.0 3 3 2 0 26 25 2 0.00023942099596 1 4 
119 24 2.0 8 3 0 0 16 9 3 3.78035775205e-50 3 0 
119 24 2.0 2 2 0 0 18 11 2 0.00213477702159 1 2 
119 24 2.0 5 0 0 0 14 1 2 0.0051911170181 1 0 
119 24 2.0 4 1 2 0 14 15 2 0.00482340959397 1 2 
119 24 2.0 7 1 2 0 14 15 2 0.00494922910706 1 2 
119 24 2.0 11 5 3 0 16 19 3 2.66806941578e-44 5 0 
119 25 0.0 10 1 6 0 19 14 2 1.77328774521e-44 4 1 
119 25 0.0 6 2 0 0 18 17 2 0.0204992384602 1 2 
119 25 0.0 1 10 3 0 43 14 1 0.0434850196564 0 7 
119 25 0.0 9 2 0 0 12 4 3 1.64829513156e-75 2 0 
119 25 0.0 3 3 2 0 26 25 2 0.00597343666942 1 4 
119 25 0.0 8 3 0 0 16 9 3 4.15795767313e-73 3 0 
119 25 0.0 2 2 0 0 18 11 2 0.0114673810383 1 2 
119 25 0.0 5 0 0 0 14 1 2 0.0248230467482 1 0 
119 25 0.0 4 1 2 0 14 15 2 0.0240968501811 1 2 
119 25 0.0 7 1 2 0 14 15 2 0.0235889762706 1 2 
119 25 0.0 11 5 3 0 16 19 3 7.20046249346e-69 5 0 
119 25 2.0 10 1 6 0 19 14 2 3.55479684592e-34 4 1 
119 25 2.0 6 2 0 0 18 17 2 0.0684552129071 1 2 
119 25 2.0 1 10 3 0 43 14 1 0.262912715788 0 7 
119 25 2.0 9 2 0 0 12 4 3 1.05156893915e-54 2 0 
119 25 2.0 3 3 2 0 26 25 2 0.000480709426929 1 4 
119 25 2.0 8 3 0 0 16 9 3 8.95242613123e-53 3 0 
119 25 2.0 2 2 0 0 18 11 2 0.00557521621262 1 2 
119 25 2.0 5 0 0 0 14 1 2 0.122679833013 1 0 
119 25 2.0 4 1 2 0 14 15 2 0.118863378808 1 2 
119 25 2.0 7 1 2 0 14 15 2 0.118917064792 1 2 
119 25 2.0 11 5 3 0 16 19 3 1.52859303996e-43 5 0 
119 26 0.0 10 1 6 0 19 14 2 8.07323650292e-45 4 1 
119 26 0.0 6 2 0 0 18 17 2 0.0176684301523 1 2 
119 26 0.0 1 10 3 0 43 14 1 0.456997372436 0 7 
119 26 0.0 9 2 0 0 12 4 3 7.03903198773e-73 2 0 
119 26 0.0 3 3 2 0 26 25 2 0.00617917362827 1 4 
119 26 0.0 8 3 0 0 16 9 3 5.55940741078e-72 3 0 
119 26 0.0 2 2 0 0 18 11 2 0.0200321978456 1 2 
119 26 0.0 5 0 0 0 14 1 2 0.0245914439617 1 0 
119 26 0.0 4 1 2 0 14 15 2 0.0236443739151 1 2 
119 26 0.0 7 1 2 0 14 15 2 0.0227692990495 1 2 
119 26 0.0 11 5 3 0 16 19 3 6.30779026217e-70 5 0 
119 26 2.0 10 1 6 0 19 14 2 9.83545597206e-37 4 1 
119 26 2.0 6 2 0 0 18 17 2 0.002861984162 1 2 
119 26 2.0 1 10 3 0 43 14 1 0.203575906201 0 7 
119 26 2.0 9 2 0 0 12 4 3 3.24349908904e-50 2 0 
119 26 2.0 3 3 2 0 26 25 2 0.000106901533429 1 4 
119 26 2.0 8 3 0 0 16 9 3 2.22490255032e-49 3 0 
119 26 2.0 2 2 0 0 18 11 2 0.00356951059416 1 2 
119 26 2.0 5 0 0 0 14 1 2 0.00483884040354 1 0 
119 26 2.0 4 1 2 0 14 15 2 0.00450078498203 1 2 
119 26 2.0 7 1 2 0 14 15 2 0.00450363088999 1 2 
119 26 2.0 11 5 3 0 16 19 3 2.71864239688e-45 5 0 
119 27 0.0 10 1 6 0 19 14 2 8.29769542197e-44 4 1 
119 27 0.0 6 2 0 0 18 17 2 0.0423503832538 1 2 
119 27 0.0 1 10 3 0 43 14 1 0.0748995693164 0 7 
119 27 0.0 9 2 0 0 12 4 3 1.64989722977e-73 2 0 
119 27 0.0 3 3 2 0 26 25 2 0.0147885977051 1 4 
119 27 0.0 8 3 0 0 16 9 3 3.81043223118e-72 3 0 
119 27 0.0 2 2 0 0 18 11 2 0.0458423620969 1 2 
119 27 0.0 5 0 0 0 14 1 2 0.0575276537866 1 0 
119 27 0.0 4 1 2 0 14 15 2 0.0552574792986 1 2 
119 27 0.0 7 1 2 0 14 15 2 0.0557737758524 1 2 
119 27 0.0 11 5 3 0 16 19 3 2.42975993139e-69 5 0 
119 27 2.0 10 1 6 0 19 14 2 1.04718102038e-32 4 1 
119 27 2.0 6 2 0 0 18 17 2 0.039899294606 1 2 
119 27 2.0 1 10 3 0 43 14 1 0.0110435137796 0 7 
119 27 2.0 9 2 0 0 12 4 3 8.13311602821e-55 2 0 
119 27 2.0 3 3 2 0 26 25 2 0.000662722600845 1 4 
119 27 2.0 8 3 0 0 16 9 3 6.98100506205e-52 3 0 
119 27 2.0 2 2 0 0 18 11 2 0.000996458696657 1 2 
119 27 2.0 5 0 0 0 14 1 2 0.0581002522344 1 0 
119 27 2.0 4 1 2 0 14 15 2 0.0570539761639 1 2 
119 27 2.0 7 1 2 0 14 15 2 0.0571097087754 1 2 
119 27 2.0 11 5 3 0 16 19 3 6.01845617098e-42 5 0 
119 28 0.0 10 1 6 0 19 14 2 8.34675706636e-44 4 1 
119 28 0.0 6 2 0 0 18 17 2 0.0369541707761 1 2 
119 28 0.0 1 10 3 0 43 14 1 0.434484565222 0 7 
119 28 0.0 9 2 0 0 12 4 3 8.49411347987e-76 2 0 
119 28 0.0 3 3 2 0 26 25 2 0.00301415944108 1 4 
119 28 0.0 8 3 0 0 16 9 3 3.47886296774e-71 3 0 
119 28 0.0 2 2 0 0 18 11 2 0.0181019315958 1 2 
119 28 0.0 5 0 0 0 14 1 2 0.0383007674135 1 0 
119 28 0.0 4 1 2 0 14 15 2 0.0368174372975 1 2 
119 28 0.0 7 1 2 0 14 15 2 0.0352551302951 1 2 
119 28 0.0 11 5 3 0 16 19 3 8.73719462075e-69 5 0 
119 28 2.0 10 1 6 0 19 14 2 1.48414468529e-35 4 1 
119 28 2.0 6 2 0 0 18 17 2 0.00706919142755 1 2 
119 28 2.0 1 10 3 0 43 14 1 0.0249360624873 0 7 
119 28 2.0 9 2 0 0 12 4 3 3.33187297724e-54 2 0 
119 28 2.0 3 3 2 0 26 25 2 2.25632526912e-05 1 4 
119 28 2.0 8 3 0 0 16 9 3 8.40542449568e-52 3 0 
119 28 2.0 2 2 0 0 18 11 2 0.00164095292132 1 2 
119 28 2.0 5 0 0 0 14 1 2 0.0109688615751 1 0 
119 28 2.0 4 1 2 0 14 15 2 0.0106067870404 1 2 
119 28 2.0 7 1 2 0 14 15 2 0.0104004315207 1 2 
119 28 2.0 11 5 3 0 16 19 3 5.80529768786e-44 5 0 
119 29 0.0 10 1 6 0 19 14 2 1.52512495883e-44 4 1 
119 29 0.0 6 2 0 0 18 17 2 0.00890879191375 1 2 
119 29 0.0 1 10 3 0 43 14 1 0.0667351258191 0 7 
119 29 0.0 9 2 0 0 12 4 3 7.80603931155e-70 2 0 
119 29 0.0 3 3 2 0 26 25 2 0.00472170182268 1 4 
119 29 0.0 8 3 0 0 16 9 3 7.63399336921e-68 3 0 
119 29 0.0 2 2 0 0 18 11 2 0.0088172493831 1 2 
119 29 0.0 5 0 0 0 14 1 2 0.0091329635083 1 0 
119 29 0.0 4 1 2 0 14 15 2 0.00804770626018 1 2 
119 29 0.0 7 1 2 0 14 15 2 0.00887635154542 1 2 
119 29 0.0 11 5 3 0 16 19 3 1.85738872312e-69 5 0 
119 29 2.0 10 1 6 0 19 14 2 6.86230936066e-36 4 1 
119 29 2.0 6 2 0 0 18 17 2 0.081240308593 1 2 
119 29 2.0 1 10 3 0 43 14 1 0.318702689191 0 7 
119 29 2.0 9 2 0 0 12 4 3 2.91078531407e-54 2 0 
119 29 2.0 3 3 2 0 26 25 2 0.000352397982473 1 4 
119 29 2.0 8 3 0 0 16 9 3 7.11983184173e-51 3 0 
119 29 2.0 2 2 0 0 18 11 2 0.0178468464642 1 2 
119 29 2.0 5 0 0 0 14 1 2 0.104593523991 1 0 
119 29 2.0 4 1 2 0 14 15 2 0.0979400594743 1 2 
119 29 2.0 7 1 2 0 14 15 2 0.099997068174 1 2 
119 29 2.0 11 5 3 0 16 19 3 4.76125372897e-44 5 0 
119 30 0.0 10 1 6 0 19 14 2 1.69907387138e-45 4 1 
119 30 0.0 6 2 0 0 18 17 2 0.015747824238 1 2 
119 30 0.0 1 10 3 0 43 14 1 0.375154903349 0 7 
119 30 0.0 9 2 0 0 12 4 3 9.14931000529e-77 2 0 
119 30 0.0 3 3 2 0 26 25 2 0.00165629999949 1 4 
119 30 0.0 8 3 0 0 16 9 3 2.97478162611e-73 3 0 
119 30 0.0 2 2 0 0 18 11 2 0.00476224345668 1 2 
119 30 0.0 5 0 0 0 14 1 2 0.0175685088411 1 0 
119 30 0.0 4 1 2 0 14 15 2 0.0158661546601 1 2 
119 30 0.0 7 1 2 0 14 15 2 0.0166225533007 1 2 
119 30 0.0 11 5 3 0 16 19 3 1.38852559939e-69 5 0 
119 30 2.0 10 1 6 0 19 14 2 7.57753231684e-37 4 1 
119 30 2.0 6 2 0 0 18 17 2 0.00444699253517 1 2 
119 30 2.0 1 10 3 0 43 14 1 0.0545619250323 0 7 
119 30 2.0 9 2 0 0 12 4 3 3.6111796892e-53 2 0 
119 30 2.0 3 3 2 0 26 25 2 3.1719794933e-05 1 4 
119 30 2.0 8 3 0 0 16 9 3 3.29079849684e-49 3 0 
119 30 2.0 2 2 0 0 18 11 2 0.00180474170377 1 2 
119 30 2.0 5 0 0 0 14 1 2 0.00517367816645 1 0 
119 30 2.0 4 1 2 0 14 15 2 0.0047422470943 1 2 
119 30 2.0 7 1 2 0 14 15 2 0.00482030401996 1 2 
119 30 2.0 11 5 3 0 16 19 3 4.93399428865e-44 5 0 
119 31 0.0 10 1 6 0 19 14 2 1.57296101631e-43 4 1 
119 31 0.0 6 2 0 0 18 17 2 0.0365402244466 1 2 
119 31 0.0 1 10 3 0 43 14 1 0.0472497455389 0 7 
119 31 0.0 9 2 0 0 12 4 3 6.84914556048e-75 2 0 
119 31 0.0 3 3 2 0 26 25 2 0.00853963477947 1 4 
119 31 0.0 8 3 0 0 16 9 3 1.49550482381e-72 3 0 
119 31 0.0 2 2 0 0 18 11 2 0.0239076446362 1 2 
119 31 0.0 5 0 0 0 14 1 2 0.0414875867284 1 0 
119 31 0.0 4 1 2 0 14 15 2 0.0392324576836 1 2 
119 31 0.0 7 1 2 0 14 15 2 0.0387922848741 1 2 
119 31 0.0 11 5 3 0 16 19 3 1.21888382659e-69 5 0 
119 31 2.0 10 1 6 0 19 14 2 1.33659300224e-35 4 1 
119 31 2.0 6 2 0 0 18 17 2 0.0789732674699 1 2 
119 31 2.0 1 10 3 0 43 14 1 0.244013241234 0 7 
119 31 2.0 9 2 0 0 12 4 3 2.75618400532e-49 2 0 
119 31 2.0 3 3 2 0 26 25 2 0.0044795544272 1 4 
119 31 2.0 8 3 0 0 16 9 3 3.25733340743e-48 3 0 
119 31 2.0 2 2 0 0 18 11 2 0.0913022409391 1 2 
119 31 2.0 5 0 0 0 14 1 2 0.115770782018 1 0 
119 31 2.0 4 1 2 0 14 15 2 0.111836907719 1 2 
119 31 2.0 7 1 2 0 14 15 2 0.105043688528 1 2 
119 31 2.0 11 5 3 0 16 19 3 1.6450141593e-44 5 0 
119 32 0.0 10 1 6 0 19 14 2 5.00221767021e-44 4 1 
119 32 0.0 6 2 0 0 18 17 2 0.0646495459154 1 2 
119 32 0.0 1 10 3 0 43 14 1 0.228083177377 0 7 
119 32 0.0 9 2 0 0 12 4 3 2.797952303e-76 2 0 
119 32 0.0 3 3 2 0 26 25 2 0.00546458846098 1 4 
119 32 0.0 8 3 0 0 16 9 3 6.41322717169e-73 3 0 
119 32 0.0 2 2 0 0 18 11 2 0.0287098653954 1 2 
119 32 0.0 5 0 0 0 14 1 2 0.0734370535085 1 0 
119 32 0.0 4 1 2 0 14 15 2 0.0720999603526 1 2 
119 32 0.0 7 1 2 0 14 15 2 0.0588080722724 1 2 
119 32 0.0 11 5 3 0 16 19 3 3.74738227792e-70 5 0 
119 32 2.0 10 1 6 0 19 14 2 1.07551488022e-34 4 1 
119 32 2.0 6 2 0 0 18 17 2 0.00392367604789 1 2 
119 32 2.0 1 10 3 0 43 14 1 0.0918062235591 0 7 
119 32 2.0 9 2 0 0 12 4 3 1.98082799516e-54 2 0 
119 32 2.0 3 3 2 0 26 25 2 2.42662037358e-05 1 4 
119 32 2.0 8 3 0 0 16 9 3 1.32432330409e-51 3 0 
119 32 2.0 2 2 0 0 18 11 2 0.00058912845169 1 2 
119 32 2.0 5 0 0 0 14 1 2 0.00569915433065 1 0 
119 32 2.0 4 1 2 0 14 15 2 0.00550160221715 1 2 
119 32 2.0 7 1 2 0 14 15 2 0.00542880140518 1 2 
119 32 2.0 11 5 3 0 16 19 3 1.13397502545e-43 5 0 
119 33 0.0 10 1 6 0 19 14 2 3.28505410102e-44 4 1 
119 33 0.0 6 2 0 0 18 17 2 0.0154420663637 1 2 
119 33 0.0 1 10 3 0 43 14 1 0.455296992475 0 7 
119 33 0.0 9 2 0 0 12 4 3 6.53835015531e-71 2 0 
119 33 0.0 3 3 2 0 26 25 2 0.00933539404189 1 4 
119 33 0.0 8 3 0 0 16 9 3 2.90306903541e-69 3 0 
119 33 0.0 2 2 0 0 18 11 2 0.0149055722902 1 2 
119 33 0.0 5 0 0 0 14 1 2 0.0165077835523 1 0 
119 33 0.0 4 1 2 0 14 15 2 0.0151417281062 1 2 
119 33 0.0 7 1 2 0 14 15 2 0.0156672122696 1 2 
119 33 0.0 11 5 3 0 16 19 3 3.30839987424e-69 5 0 
119 33 2.0 10 1 6 0 19 14 2 9.46342188174e-36 4 1 
119 33 2.0 6 2 0 0 18 17 2 0.00418120178978 1 2 
119 33 2.0 1 10 3 0 43 14 1 0.0325368761236 0 7 
119 33 2.0 9 2 0 0 12 4 3 3.1523135324e-50 2 0 
119 33 2.0 3 3 2 0 26 25 2 0.000440564856413 1 4 
119 33 2.0 8 3 0 0 16 9 3 3.15256239231e-48 3 0 
119 33 2.0 2 2 0 0 18 11 2 0.00366331276205 1 2 
119 33 2.0 5 0 0 0 14 1 2 0.00531310153065 1 0 
119 33 2.0 4 1 2 0 14 15 2 0.00499428174224 1 2 
119 33 2.0 7 1 2 0 14 15 2 0.00497972468947 1 2 
119 33 2.0 11 5 3 0 16 19 3 9.75376008678e-44 5 0 
119 34 0.0 10 1 6 0 19 14 2 5.95748906265e-43 4 1 
119 34 0.0 6 2 0 0 18 17 2 0.0388616060541 1 2 
119 34 0.0 1 10 3 0 43 14 1 0.059299330244 0 7 
119 34 0.0 9 2 0 0 12 4 3 4.55696043787e-77 2 0 
119 34 0.0 3 3 2 0 26 25 2 0.0025623602363 1 4 
119 34 0.0 8 3 0 0 16 9 3 9.57961312491e-75 3 0 
119 34 0.0 2 2 0 0 18 11 2 0.00856071873308 1 2 
119 34 0.0 5 0 0 0 14 1 2 0.0517121418539 1 0 
119 34 0.0 4 1 2 0 14 15 2 0.0506272565339 1 2 
119 34 0.0 7 1 2 0 14 15 2 0.0503082061728 1 2 
119 34 0.0 11 5 3 0 16 19 3 4.83741319116e-69 5 0 
119 34 2.0 10 1 6 0 19 14 2 7.27762386258e-33 4 1 
119 34 2.0 6 2 0 0 18 17 2 0.0198363477027 1 2 
119 34 2.0 1 10 3 0 43 14 1 0.00862647299039 0 7 
119 34 2.0 9 2 0 0 12 4 3 1.65571565677e-53 2 0 
119 34 2.0 3 3 2 0 26 25 2 0.00108386735041 1 4 
119 34 2.0 8 3 0 0 16 9 3 2.05686980234e-50 3 0 
119 34 2.0 2 2 0 0 18 11 2 0.00820953438678 1 2 
119 34 2.0 5 0 0 0 14 1 2 0.0267389343021 1 0 
119 34 2.0 4 1 2 0 14 15 2 0.0262686870955 1 2 
119 34 2.0 7 1 2 0 14 15 2 0.0258370353031 1 2 
119 34 2.0 11 5 3 0 16 19 3 2.38240812572e-42 5 0 
119 35 0.0 10 1 6 0 19 14 2 8.9382594605e-43 4 1 
119 35 0.0 6 2 0 0 18 17 2 0.0643843668283 1 2 
119 35 0.0 1 10 3 0 43 14 1 0.144684729116 0 7 
119 35 0.0 9 2 0 0 12 4 3 1.35667192898e-75 2 0 
119 35 0.0 3 3 2 0 26 25 2 0.0159437090134 1 4 
119 35 0.0 8 3 0 0 16 9 3 2.36737466821e-72 3 0 
119 35 0.0 2 2 0 0 18 11 2 0.0300329643884 1 2 
119 35 0.0 5 0 0 0 14 1 2 0.0707017603024 1 0 
119 35 0.0 4 1 2 0 14 15 2 0.069352883427 1 2 
119 35 0.0 7 1 2 0 14 15 2 0.0681085139704 1 2 
119 35 0.0 11 5 3 0 16 19 3 1.01592267878e-68 5 0 
119 35 2.0 10 1 6 0 19 14 2 2.09820843906e-36 4 1 
119 35 2.0 6 2 0 0 18 17 2 0.00319204949189 1 2 
119 35 2.0 1 10 3 0 43 14 1 0.0927176551502 0 7 
119 35 2.0 9 2 0 0 12 4 3 1.83507079516e-52 2 0 
119 35 2.0 3 3 2 0 26 25 2 6.48729418938e-05 1 4 
119 35 2.0 8 3 0 0 16 9 3 2.44020885831e-50 3 0 
119 35 2.0 2 2 0 0 18 11 2 0.00212047733618 1 2 
119 35 2.0 5 0 0 0 14 1 2 0.00450858858735 1 0 
119 35 2.0 4 1 2 0 14 15 2 0.00423464103489 1 2 
119 35 2.0 7 1 2 0 14 15 2 0.00417143940609 1 2 
119 35 2.0 11 5 3 0 16 19 3 6.58936449782e-45 5 0 
119 36 0.0 10 1 6 0 19 14 2 8.69102507776e-47 4 1 
119 36 0.0 6 2 0 0 18 17 2 0.00751287347188 1 2 
119 36 0.0 1 10 3 0 43 14 1 0.39513179338 0 7 
119 36 0.0 9 2 0 0 12 4 3 9.55293482665e-69 2 0 
119 36 0.0 3 3 2 0 26 25 2 0.00790336092231 1 4 
119 36 0.0 8 3 0 0 16 9 3 2.2865809488e-70 3 0 
119 36 0.0 2 2 0 0 18 11 2 0.0147985030462 1 2 
119 36 0.0 5 0 0 0 14 1 2 0.0156033190908 1 0 
119 36 0.0 4 1 2 0 14 15 2 0.0139670858131 1 2 
119 36 0.0 7 1 2 0 14 15 2 0.0109122176166 1 2 
119 36 0.0 11 5 3 0 16 19 3 1.67371662485e-72 5 0 
119 36 2.0 10 1 6 0 19 14 2 1.43148027707e-35 4 1 
119 36 2.0 6 2 0 0 18 17 2 0.00509957055622 1 2 
119 36 2.0 1 10 3 0 43 14 1 0.251225093164 0 7 
119 36 2.0 9 2 0 0 12 4 3 4.70886336799e-54 2 0 
119 36 2.0 3 3 2 0 26 25 2 4.24138794586e-05 1 4 
119 36 2.0 8 3 0 0 16 9 3 1.11458494189e-51 3 0 
119 36 2.0 2 2 0 0 18 11 2 0.00147026907504 1 2 
119 36 2.0 5 0 0 0 14 1 2 0.00777110400687 1 0 
119 36 2.0 4 1 2 0 14 15 2 0.00751647806503 1 2 
119 36 2.0 7 1 2 0 14 15 2 0.00743708255915 1 2 
119 36 2.0 11 5 3 0 16 19 3 1.63554397226e-43 5 0 
119 37 0.0 10 1 6 0 19 14 2 2.24861055913e-43 4 1 
119 37 0.0 6 2 0 0 18 17 2 0.00649015516278 1 2 
119 37 0.0 1 10 3 0 43 14 1 0.135859449875 0 7 
119 37 0.0 9 2 0 0 12 4 3 1.03688737269e-76 2 0 
119 37 0.0 3 3 2 0 26 25 2 0.000288483543646 1 4 
119 37 0.0 8 3 0 0 16 9 3 1.02232947022e-75 3 0 
119 37 0.0 2 2 0 0 18 11 2 0.0032627820348 1 2 
119 37 0.0 5 0 0 0 14 1 2 0.0122296161594 1 0 
119 37 0.0 4 1 2 0 14 15 2 0.0118926607136 1 2 
119 37 0.0 7 1 2 0 14 15 2 0.0119030463386 1 2 
119 37 0.0 11 5 3 0 16 19 3 2.72648406929e-69 5 0 
119 37 2.0 10 1 6 0 19 14 2 4.0532483421e-36 4 1 
119 37 2.0 6 2 0 0 18 17 2 0.00287153757316 1 2 
119 37 2.0 1 10 3 0 43 14 1 0.0228723546965 0 7 
119 37 2.0 9 2 0 0 12 4 3 3.85219843203e-50 2 0 
119 37 2.0 3 3 2 0 26 25 2 0.000978121894675 1 4 
119 37 2.0 8 3 0 0 16 9 3 5.81295613127e-50 3 0 
119 37 2.0 2 2 0 0 18 11 2 0.00635819527169 1 2 
119 37 2.0 5 0 0 0 14 1 2 0.00848955783641 1 0 
119 37 2.0 4 1 2 0 14 15 2 0.00795215291028 1 2 
119 37 2.0 7 1 2 0 14 15 2 0.00796011990573 1 2 
119 37 2.0 11 5 3 0 16 19 3 1.39337759703e-45 5 0 
119 38 0.0 10 1 6 0 19 14 2 5.33458595791e-45 4 1 
119 38 0.0 6 2 0 0 18 17 2 0.0208375596615 1 2 
119 38 0.0 1 10 3 0 43 14 1 0.450422288111 0 7 
119 38 0.0 9 2 0 0 12 4 3 1.99971200393e-74 2 0 
119 38 0.0 3 3 2 0 26 25 2 0.00464748805809 1 4 
119 38 0.0 8 3 0 0 16 9 3 1.41207166731e-70 3 0 
119 38 0.0 2 2 0 0 18 11 2 0.014272166808 1 2 
119 38 0.0 5 0 0 0 14 1 2 0.0216438240423 1 0 
119 38 0.0 4 1 2 0 14 15 2 0.0193756412426 1 2 
119 38 0.0 7 1 2 0 14 15 2 0.020112415107 1 2 
119 38 0.0 11 5 3 0 16 19 3 9.45301445969e-70 5 0 
119 38 2.0 10 1 6 0 19 14 2 3.04271709715e-33 4 1 
119 38 2.0 6 2 0 0 18 17 2 0.0362747644538 1 2 
119 38 2.0 1 10 3 0 43 14 1 0.00908017817487 0 7 
119 38 2.0 9 2 0 0 12 4 3 3.96499049613e-54 2 0 
119 38 2.0 3 3 2 0 26 25 2 0.00417460088925 1 4 
119 38 2.0 8 3 0 0 16 9 3 6.86879136046e-51 3 0 
119 38 2.0 2 2 0 0 18 11 2 0.0122182899328 1 2 
119 38 2.0 5 0 0 0 14 1 2 0.0518975531888 1 0 
119 38 2.0 4 1 2 0 14 15 2 0.0507620101605 1 2 
119 38 2.0 7 1 2 0 14 15 2 0.0501860282903 1 2 
119 38 2.0 11 5 3 0 16 19 3 1.11656278188e-42 5 0 
119 39 0.0 10 1 6 0 19 14 2 2.76983689618e-44 4 1 
119 39 0.0 6 2 0 0 18 17 2 0.0378509026698 1 2 
119 39 0.0 1 10 3 0 43 14 1 0.365979001905 0 7 
119 39 0.0 9 2 0 0 12 4 3 1.61245780075e-73 2 0 
119 39 0.0 3 3 2 0 26 25 2 0.0195835282134 1 4 
119 39 0.0 8 3 0 0 16 9 3 1.94025419789e-72 3 0 
119 39 0.0 2 2 0 0 18 11 2 0.0393044038926 1 2 
119 39 0.0 5 0 0 0 14 1 2 0.0531818573509 1 0 
119 39 0.0 4 1 2 0 14 15 2 0.0498046696895 1 2 
119 39 0.0 7 1 2 0 14 15 2 0.0503213862182 1 2 
119 39 0.0 11 5 3 0 16 19 3 8.57761384826e-70 5 0 
119 39 2.0 10 1 6 0 19 14 2 8.93416475052e-37 4 1 
119 39 2.0 6 2 0 0 18 17 2 0.00558233550171 1 2 
119 39 2.0 1 10 3 0 43 14 1 0.0197583729909 0 7 
119 39 2.0 9 2 0 0 12 4 3 7.38382607653e-50 2 0 
119 39 2.0 3 3 2 0 26 25 2 0.000978299437962 1 4 
119 39 2.0 8 3 0 0 16 9 3 1.70357204167e-48 3 0 
119 39 2.0 2 2 0 0 18 11 2 0.00548230127225 1 2 
119 39 2.0 5 0 0 0 14 1 2 0.0076707558074 1 0 
119 39 2.0 4 1 2 0 14 15 2 0.00729659066122 1 2 
119 39 2.0 7 1 2 0 14 15 2 0.00691649678984 1 2 
119 39 2.0 11 5 3 0 16 19 3 6.1471861897e-45 5 0 
119 40 0.0 10 1 6 0 19 14 2 1.71094106144e-45 4 1 
119 40 0.0 6 2 0 0 18 17 2 0.00840308053654 1 2 
119 40 0.0 1 10 3 0 43 14 1 0.216714637455 0 7 
119 40 0.0 9 2 0 0 12 4 3 2.0298298122e-75 2 0 
119 40 0.0 3 3 2 0 26 25 2 0.000712396906884 1 4 
119 40 0.0 8 3 0 0 16 9 3 1.31626417688e-71 3 0 
119 40 0.0 2 2 0 0 18 11 2 0.0048282336996 1 2 
119 40 0.0 5 0 0 0 14 1 2 0.00899592340398 1 0 
119 40 0.0 4 1 2 0 14 15 2 0.0085693336638 1 2 
119 40 0.0 7 1 2 0 14 15 2 0.00781001265336 1 2 
119 40 0.0 11 5 3 0 16 19 3 2.60791796307e-69 5 0 
119 40 2.0 10 1 6 0 19 14 2 4.90918872768e-34 4 1 
119 40 2.0 6 2 0 0 18 17 2 0.0285556332623 1 2 
119 40 2.0 1 10 3 0 43 14 1 0.0081179164357 0 7 
119 40 2.0 9 2 0 0 12 4 3 5.06282842511e-52 2 0 
119 40 2.0 3 3 2 0 26 25 2 0.00393424096871 1 4 
119 40 2.0 8 3 0 0 16 9 3 1.09552790635e-50 3 0 
119 40 2.0 2 2 0 0 18 11 2 0.0251953931207 1 2 
119 40 2.0 5 0 0 0 14 1 2 0.0480124125161 1 0 
119 40 2.0 4 1 2 0 14 15 2 0.0471542278256 1 2 
119 40 2.0 7 1 2 0 14 15 2 0.0453181463155 1 2 
119 40 2.0 11 5 3 0 16 19 3 1.24840425134e-43 5 0 
