175 1 0.0 7 3 0 0 18 9 3 9.60063621746e-62 3 0 
175 1 0.0 6 0 4 0 24 17 2 4.06355044958e-42 5 0 
175 1 0.0 9 3 0 0 18 9 3 2.53461940001e-62 3 0 
175 1 0.0 1 7 4 0 17 10 1 0.0711804756397 0 5 
175 1 0.0 3 1 1 0 12 15 2 0.0475214102684 1 2 
175 1 0.0 2 3 1 0 24 23 2 0.00126588869231 1 4 
175 1 0.0 5 1 1 0 12 15 2 0.0474987947178 1 2 
175 1 0.0 8 1 0 0 8 1 3 1.08092048833e-77 1 0 
175 1 0.0 4 2 1 0 17 21 2 0.0459448687538 1 3 
175 1 2.0 7 3 0 0 18 9 3 6.09670746441e-34 3 0 
175 1 2.0 6 0 4 0 24 17 2 1.66374269922e-31 5 0 
175 1 2.0 9 3 0 0 18 9 3 3.90974225516e-34 3 0 
175 1 2.0 1 7 4 0 17 10 1 0.127279539631 0 5 
175 1 2.0 3 1 1 0 12 15 2 0.0115266980609 1 2 
175 1 2.0 2 3 1 0 24 23 2 0.000104258392322 1 4 
175 1 2.0 5 1 1 0 12 15 2 0.0115223790362 1 2 
175 1 2.0 8 1 0 0 8 1 3 4.73809082567e-55 1 0 
175 1 2.0 4 2 1 0 17 21 2 0.0107895997602 1 3 
175 2 0.0 7 3 0 0 18 9 3 1.0958906998e-61 3 0 
175 2 0.0 6 0 4 0 24 17 2 1.8939769736e-42 5 0 
175 2 0.0 9 3 0 0 18 9 3 1.20370138838e-63 3 0 
175 2 0.0 1 7 4 0 17 10 1 0.0951614240582 0 5 
175 2 0.0 3 1 1 0 12 15 2 0.0670975751884 1 2 
175 2 0.0 2 3 1 0 24 23 2 0.0413833915553 1 4 
175 2 0.0 5 1 1 0 12 15 2 0.0669247301312 1 2 
175 2 0.0 8 1 0 0 8 1 3 2.13248673429e-73 1 0 
175 2 0.0 4 2 1 0 17 21 2 0.0556966648164 1 3 
175 2 2.0 7 3 0 0 18 9 3 1.26896686931e-35 3 0 
175 2 2.0 6 0 4 0 24 17 2 8.36838691692e-31 5 0 
175 2 2.0 9 3 0 0 18 9 3 2.26968770296e-31 3 0 
175 2 2.0 1 7 4 0 17 10 1 0.0232622049834 0 5 
175 2 2.0 3 1 1 0 12 15 2 0.0934154804066 1 2 
175 2 2.0 2 3 1 0 24 23 2 0.00523461529193 1 4 
175 2 2.0 5 1 1 0 12 15 2 0.0940969938648 1 2 
175 2 2.0 8 1 0 0 8 1 3 7.98553501372e-55 1 0 
175 2 2.0 4 2 1 0 17 21 2 0.0912241076235 1 3 
175 3 0.0 7 3 0 0 18 9 3 1.36050038601e-63 3 0 
175 3 0.0 6 0 4 0 24 17 2 1.64840135692e-42 5 0 
175 3 0.0 9 3 0 0 18 9 3 1.62685477986e-60 3 0 
175 3 0.0 1 7 4 0 17 10 1 0.146931549012 0 5 
175 3 0.0 3 1 1 0 12 15 2 0.019285685866 1 2 
175 3 0.0 2 3 1 0 24 23 2 0.000932515145852 1 4 
175 3 0.0 5 1 1 0 12 15 2 0.0196101516107 1 2 
175 3 0.0 8 1 0 0 8 1 3 1.27389933931e-77 1 0 
175 3 0.0 4 2 1 0 17 21 2 0.0193908779057 1 3 
175 3 2.0 7 3 0 0 18 9 3 2.67199831785e-34 3 0 
175 3 2.0 6 0 4 0 24 17 2 2.03354816394e-30 5 0 
175 3 2.0 9 3 0 0 18 9 3 6.54717015976e-34 3 0 
175 3 2.0 1 7 4 0 17 10 1 0.0964437083279 0 5 
175 3 2.0 3 1 1 0 12 15 2 0.152954332076 1 2 
175 3 2.0 2 3 1 0 24 23 2 0.000560556085692 1 4 
175 3 2.0 5 1 1 0 12 15 2 0.153061119122 1 2 
175 3 2.0 8 1 0 0 8 1 3 4.72616082798e-55 1 0 
175 3 2.0 4 2 1 0 17 21 2 0.146954182431 1 3 
175 4 0.0 7 3 0 0 18 9 3 4.39590625908e-61 3 0 
175 4 0.0 6 0 4 0 24 17 2 1.15751214826e-42 5 0 
175 4 0.0 9 3 0 0 18 9 3 1.58937504689e-61 3 0 
175 4 0.0 1 7 4 0 17 10 1 0.19210493892 0 5 
175 4 0.0 3 1 1 0 12 15 2 0.014142701624 1 2 
175 4 0.0 2 3 1 0 24 23 2 0.00791798780958 1 4 
175 4 0.0 5 1 1 0 12 15 2 0.0141259872167 1 2 
175 4 0.0 8 1 0 0 8 1 3 3.09386471869e-74 1 0 
175 4 0.0 4 2 1 0 17 21 2 0.0137263656555 1 3 
175 4 2.0 7 3 0 0 18 9 3 2.07715477471e-33 3 0 
175 4 2.0 6 0 4 0 24 17 2 4.04582314301e-31 5 0 
175 4 2.0 9 3 0 0 18 9 3 2.10287742586e-33 3 0 
175 4 2.0 1 7 4 0 17 10 1 0.219186542472 0 5 
175 4 2.0 3 1 1 0 12 15 2 0.00926920183703 1 2 
175 4 2.0 2 3 1 0 24 23 2 0.0041216200253 1 4 
175 4 2.0 5 1 1 0 12 15 2 0.00926763273684 1 2 
175 4 2.0 8 1 0 0 8 1 3 2.10669304145e-51 1 0 
175 4 2.0 4 2 1 0 17 21 2 0.00901245986282 1 3 
175 5 0.0 7 3 0 0 18 9 3 2.0580840676e-62 3 0 
175 5 0.0 6 0 4 0 24 17 2 3.26468387221e-42 5 0 
175 5 0.0 9 3 0 0 18 9 3 1.37009440646e-63 3 0 
175 5 0.0 1 7 4 0 17 10 1 0.0817884273653 0 5 
175 5 0.0 3 1 1 0 12 15 2 0.0564896003615 1 2 
175 5 0.0 2 3 1 0 24 23 2 0.0019693089275 1 4 
175 5 0.0 5 1 1 0 12 15 2 0.0564152217477 1 2 
175 5 0.0 8 1 0 0 8 1 3 1.67802791915e-77 1 0 
175 5 0.0 4 2 1 0 17 21 2 0.0505726383725 1 3 
175 5 2.0 7 3 0 0 18 9 3 1.6229581569e-32 3 0 
175 5 2.0 6 0 4 0 24 17 2 1.44696060498e-31 5 0 
175 5 2.0 9 3 0 0 18 9 3 2.11940976083e-35 3 0 
175 5 2.0 1 7 4 0 17 10 1 0.086233716924 0 5 
175 5 2.0 3 1 1 0 12 15 2 0.148448303062 1 2 
175 5 2.0 2 3 1 0 24 23 2 0.00233857694325 1 4 
175 5 2.0 5 1 1 0 12 15 2 0.148144540996 1 2 
175 5 2.0 8 1 0 0 8 1 3 5.07792300674e-55 1 0 
175 5 2.0 4 2 1 0 17 21 2 0.139178746557 1 3 
175 6 0.0 7 3 0 0 18 9 3 9.19535990946e-61 3 0 
175 6 0.0 6 0 4 0 24 17 2 1.35715580658e-42 5 0 
175 6 0.0 9 3 0 0 18 9 3 4.88600855459e-64 3 0 
175 6 0.0 1 7 4 0 17 10 1 0.184980271324 0 5 
175 6 0.0 3 1 1 0 12 15 2 0.0209685105172 1 2 
175 6 0.0 2 3 1 0 24 23 2 0.00118880472311 1 4 
175 6 0.0 5 1 1 0 12 15 2 0.0208759298287 1 2 
175 6 0.0 8 1 0 0 8 1 3 1.7013809765e-77 1 0 
175 6 0.0 4 2 1 0 17 21 2 0.0198423371535 1 3 
175 6 2.0 7 3 0 0 18 9 3 1.26646419307e-32 3 0 
175 6 2.0 6 0 4 0 24 17 2 1.18994969623e-30 5 0 
175 6 2.0 9 3 0 0 18 9 3 1.01024425439e-33 3 0 
175 6 2.0 1 7 4 0 17 10 1 0.151833342298 0 5 
175 6 2.0 3 1 1 0 12 15 2 0.148460899124 1 2 
175 6 2.0 2 3 1 0 24 23 2 0.0374602924774 1 4 
175 6 2.0 5 1 1 0 12 15 2 0.148176701309 1 2 
175 6 2.0 8 1 0 0 8 1 3 2.84425389217e-53 1 0 
175 6 2.0 4 2 1 0 17 21 2 0.145586725377 1 3 
175 7 0.0 7 3 0 0 18 9 3 2.15697249184e-61 3 0 
175 7 0.0 6 0 4 0 24 17 2 1.77470812775e-42 5 0 
175 7 0.0 9 3 0 0 18 9 3 1.5968311642e-62 3 0 
175 7 0.0 1 7 4 0 17 10 1 0.234672330277 0 5 
175 7 0.0 3 1 1 0 12 15 2 0.0152804320678 1 2 
175 7 0.0 2 3 1 0 24 23 2 0.00788888795614 1 4 
175 7 0.0 5 1 1 0 12 15 2 0.0152031134581 1 2 
175 7 0.0 8 1 0 0 8 1 3 1.4645731632e-74 1 0 
175 7 0.0 4 2 1 0 17 21 2 0.0148455691823 1 3 
175 7 2.0 7 3 0 0 18 9 3 1.28474405286e-33 3 0 
175 7 2.0 6 0 4 0 24 17 2 7.84506053244e-31 5 0 
175 7 2.0 9 3 0 0 18 9 3 1.12722569916e-33 3 0 
175 7 2.0 1 7 4 0 17 10 1 0.370088331412 0 5 
175 7 2.0 3 1 1 0 12 15 2 0.0168866329136 1 2 
175 7 2.0 2 3 1 0 24 23 2 0.0120250028846 1 4 
175 7 2.0 5 1 1 0 12 15 2 0.0168849816304 1 2 
175 7 2.0 8 1 0 0 8 1 3 1.01590867453e-46 1 0 
175 7 2.0 4 2 1 0 17 21 2 0.0156982160493 1 3 
175 8 0.0 7 3 0 0 18 9 3 1.11056907872e-60 3 0 
175 8 0.0 6 0 4 0 24 17 2 1.61125464615e-42 5 0 
175 8 0.0 9 3 0 0 18 9 3 4.93211940667e-64 3 0 
175 8 0.0 1 7 4 0 17 10 1 0.383214420787 0 5 
175 8 0.0 3 1 1 0 12 15 2 0.0473701587062 1 2 
175 8 0.0 2 3 1 0 24 23 2 0.0348329966893 1 4 
175 8 0.0 5 1 1 0 12 15 2 0.0468042980939 1 2 
175 8 0.0 8 1 0 0 8 1 3 1.77086737606e-71 1 0 
175 8 0.0 4 2 1 0 17 21 2 0.0438586151054 1 3 
175 8 2.0 7 3 0 0 18 9 3 1.4626720498e-31 3 0 
175 8 2.0 6 0 4 0 24 17 2 1.22439753801e-30 5 0 
175 8 2.0 9 3 0 0 18 9 3 3.35198396974e-33 3 0 
175 8 2.0 1 7 4 0 17 10 1 0.0185864291177 0 5 
175 8 2.0 3 1 1 0 12 15 2 0.0877995279743 1 2 
175 8 2.0 2 3 1 0 24 23 2 0.0400280990086 1 4 
175 8 2.0 5 1 1 0 12 15 2 0.0873497814516 1 2 
175 8 2.0 8 1 0 0 8 1 3 2.72157253351e-51 1 0 
175 8 2.0 4 2 1 0 17 21 2 0.0864772494911 1 3 
175 9 0.0 7 3 0 0 18 9 3 1.46649452927e-61 3 0 
175 9 0.0 6 0 4 0 24 17 2 2.49774748702e-42 5 0 
175 9 0.0 9 3 0 0 18 9 3 3.66417643804e-62 3 0 
175 9 0.0 1 7 4 0 17 10 1 0.354538628899 0 5 
175 9 0.0 3 1 1 0 12 15 2 0.0539589670589 1 2 
175 9 0.0 2 3 1 0 24 23 2 0.00287566938599 1 4 
175 9 0.0 5 1 1 0 12 15 2 0.0537939490395 1 2 
175 9 0.0 8 1 0 0 8 1 3 1.46855893012e-77 1 0 
175 9 0.0 4 2 1 0 17 21 2 0.0534663237317 1 3 
175 9 2.0 7 3 0 0 18 9 3 6.71872132157e-33 3 0 
175 9 2.0 6 0 4 0 24 17 2 6.4595593067e-31 5 0 
175 9 2.0 9 3 0 0 18 9 3 2.87411162416e-34 3 0 
175 9 2.0 1 7 4 0 17 10 1 0.441409350528 0 5 
175 9 2.0 3 1 1 0 12 15 2 0.0312560411453 1 2 
175 9 2.0 2 3 1 0 24 23 2 0.0237586250034 1 4 
175 9 2.0 5 1 1 0 12 15 2 0.0309150932051 1 2 
175 9 2.0 8 1 0 0 8 1 3 1.41122981908e-45 1 0 
175 9 2.0 4 2 1 0 17 21 2 0.0302708483704 1 3 
175 10 0.0 7 3 0 0 18 9 3 1.88260843341e-62 3 0 
175 10 0.0 6 0 4 0 24 17 2 5.4052408614e-43 5 0 
175 10 0.0 9 3 0 0 18 9 3 3.37430427169e-62 3 0 
175 10 0.0 1 7 4 0 17 10 1 0.124833167845 0 5 
175 10 0.0 3 1 1 0 12 15 2 0.018914884236 1 2 
175 10 0.0 2 3 1 0 24 23 2 0.00554253693235 1 4 
175 10 0.0 5 1 1 0 12 15 2 0.0189187317716 1 2 
175 10 0.0 8 1 0 0 8 1 3 2.81873057553e-76 1 0 
175 10 0.0 4 2 1 0 17 21 2 0.0175040181933 1 3 
175 10 2.0 7 3 0 0 18 9 3 2.94104817122e-33 3 0 
175 10 2.0 6 0 4 0 24 17 2 1.80170795387e-30 5 0 
175 10 2.0 9 3 0 0 18 9 3 2.20038004817e-34 3 0 
175 10 2.0 1 7 4 0 17 10 1 0.0209865392432 0 5 
175 10 2.0 3 1 1 0 12 15 2 0.0291274704875 1 2 
175 10 2.0 2 3 1 0 24 23 2 0.000333077156204 1 4 
175 10 2.0 5 1 1 0 12 15 2 0.0290961429478 1 2 
175 10 2.0 8 1 0 0 8 1 3 3.62373852128e-55 1 0 
175 10 2.0 4 2 1 0 17 21 2 0.0276575814636 1 3 
175 11 0.0 7 3 0 0 18 9 3 3.02564757738e-61 3 0 
175 11 0.0 6 0 4 0 24 17 2 1.16643035069e-42 5 0 
175 11 0.0 9 3 0 0 18 9 3 4.70421558452e-63 3 0 
175 11 0.0 1 7 4 0 17 10 1 0.0902818177879 0 5 
175 11 0.0 3 1 1 0 12 15 2 0.0690557760744 1 2 
175 11 0.0 2 3 1 0 24 23 2 0.0140191572215 1 4 
175 11 0.0 5 1 1 0 12 15 2 0.0688343316246 1 2 
175 11 0.0 8 1 0 0 8 1 3 8.02856777901e-77 1 0 
175 11 0.0 4 2 1 0 17 21 2 0.0665668477003 1 3 
175 11 2.0 7 3 0 0 18 9 3 8.80681912286e-34 3 0 
175 11 2.0 6 0 4 0 24 17 2 2.26171286529e-31 5 0 
175 11 2.0 9 3 0 0 18 9 3 1.06389052224e-33 3 0 
175 11 2.0 1 7 4 0 17 10 1 0.308817809262 0 5 
175 11 2.0 3 1 1 0 12 15 2 0.023399726851 1 2 
175 11 2.0 2 3 1 0 24 23 2 6.63528418215e-05 1 4 
175 11 2.0 5 1 1 0 12 15 2 0.0234041708182 1 2 
175 11 2.0 8 1 0 0 8 1 3 5.97890047387e-55 1 0 
175 11 2.0 4 2 1 0 17 21 2 0.0224074473929 1 3 
175 12 0.0 7 3 0 0 18 9 3 6.99112741978e-62 3 0 
175 12 0.0 6 0 4 0 24 17 2 3.69611661383e-42 5 0 
175 12 0.0 9 3 0 0 18 9 3 1.25178431661e-62 3 0 
175 12 0.0 1 7 4 0 17 10 1 0.296922925231 0 5 
175 12 0.0 3 1 1 0 12 15 2 0.0735161588127 1 2 
175 12 0.0 2 3 1 0 24 23 2 0.000615610248582 1 4 
175 12 0.0 5 1 1 0 12 15 2 0.0734057000567 1 2 
175 12 0.0 8 1 0 0 8 1 3 8.5065261365e-78 1 0 
175 12 0.0 4 2 1 0 17 21 2 0.0715184637015 1 3 
175 12 2.0 7 3 0 0 18 9 3 1.57142797853e-35 3 0 
175 12 2.0 6 0 4 0 24 17 2 1.65128749659e-30 5 0 
175 12 2.0 9 3 0 0 18 9 3 6.63048952008e-31 3 0 
175 12 2.0 1 7 4 0 17 10 1 0.0135571387105 0 5 
175 12 2.0 3 1 1 0 12 15 2 0.0535152370923 1 2 
175 12 2.0 2 3 1 0 24 23 2 0.0172659628581 1 4 
175 12 2.0 5 1 1 0 12 15 2 0.0539929691639 1 2 
175 12 2.0 8 1 0 0 8 1 3 8.03684136365e-53 1 0 
175 12 2.0 4 2 1 0 17 21 2 0.0521224995099 1 3 
175 13 0.0 7 3 0 0 18 9 3 5.21247761497e-62 3 0 
175 13 0.0 6 0 4 0 24 17 2 1.95606676245e-42 5 0 
175 13 0.0 9 3 0 0 18 9 3 2.72585432842e-61 3 0 
175 13 0.0 1 7 4 0 17 10 1 0.225232488537 0 5 
175 13 0.0 3 1 1 0 12 15 2 0.0183858712955 1 2 
175 13 0.0 2 3 1 0 24 23 2 0.00310372983945 1 4 
175 13 0.0 5 1 1 0 12 15 2 0.0184073076971 1 2 
175 13 0.0 8 1 0 0 8 1 3 8.24711159573e-77 1 0 
175 13 0.0 4 2 1 0 17 21 2 0.0183242224505 1 3 
175 13 2.0 7 3 0 0 18 9 3 3.47855031472e-32 3 0 
175 13 2.0 6 0 4 0 24 17 2 7.63379577683e-31 5 0 
175 13 2.0 9 3 0 0 18 9 3 2.57247964178e-35 3 0 
175 13 2.0 1 7 4 0 17 10 1 0.0193058700527 0 5 
175 13 2.0 3 1 1 0 12 15 2 0.0334540382312 1 2 
175 13 2.0 2 3 1 0 24 23 2 0.000434161444776 1 4 
175 13 2.0 5 1 1 0 12 15 2 0.0333361090545 1 2 
175 13 2.0 8 1 0 0 8 1 3 5.66376836708e-55 1 0 
175 13 2.0 4 2 1 0 17 21 2 0.0317463603031 1 3 
175 14 0.0 7 3 0 0 18 9 3 1.35353456366e-61 3 0 
175 14 0.0 6 0 4 0 24 17 2 5.61347455961e-42 5 0 
175 14 0.0 9 3 0 0 18 9 3 1.84654892868e-61 3 0 
175 14 0.0 1 7 4 0 17 10 1 0.0863101204971 0 5 
175 14 0.0 3 1 1 0 12 15 2 0.0681379738009 1 2 
175 14 0.0 2 3 1 0 24 23 2 0.0049087779521 1 4 
175 14 0.0 5 1 1 0 12 15 2 0.0680478021212 1 2 
175 14 0.0 8 1 0 0 8 1 3 2.35016165308e-77 1 0 
175 14 0.0 4 2 1 0 17 21 2 0.0673884767715 1 3 
175 14 2.0 7 3 0 0 18 9 3 2.77491032372e-31 3 0 
175 14 2.0 6 0 4 0 24 17 2 3.70278015647e-31 5 0 
175 14 2.0 9 3 0 0 18 9 3 1.24007690101e-33 3 0 
175 14 2.0 1 7 4 0 17 10 1 0.0348809342599 0 5 
175 14 2.0 3 1 1 0 12 15 2 0.0166673640598 1 2 
175 14 2.0 2 3 1 0 24 23 2 6.39499428043e-05 1 4 
175 14 2.0 5 1 1 0 12 15 2 0.0165669657365 1 2 
175 14 2.0 8 1 0 0 8 1 3 7.36092459177e-55 1 0 
175 14 2.0 4 2 1 0 17 21 2 0.0164955220126 1 3 
175 15 0.0 7 3 0 0 18 9 3 1.04323396971e-61 3 0 
175 15 0.0 6 0 4 0 24 17 2 2.15123852298e-43 5 0 
175 15 0.0 9 3 0 0 18 9 3 1.15049624035e-62 3 0 
175 15 0.0 1 7 4 0 17 10 1 0.308989319609 0 5 
175 15 0.0 3 1 1 0 12 15 2 0.0260130471139 1 2 
175 15 0.0 2 3 1 0 24 23 2 0.00230056488873 1 4 
175 15 0.0 5 1 1 0 12 15 2 0.0259622132435 1 2 
175 15 0.0 8 1 0 0 8 1 3 2.28692082114e-77 1 0 
175 15 0.0 4 2 1 0 17 21 2 0.0255768550404 1 3 
175 15 2.0 7 3 0 0 18 9 3 1.40392228776e-35 3 0 
175 15 2.0 6 0 4 0 24 17 2 2.2895245239e-31 5 0 
175 15 2.0 9 3 0 0 18 9 3 1.39542941623e-33 3 0 
175 15 2.0 1 7 4 0 17 10 1 0.378673826835 0 5 
175 15 2.0 3 1 1 0 12 15 2 0.0619259285911 1 2 
175 15 2.0 2 3 1 0 24 23 2 0.000128507256606 1 4 
175 15 2.0 5 1 1 0 12 15 2 0.0621638985039 1 2 
175 15 2.0 8 1 0 0 8 1 3 7.0662905197e-55 1 0 
175 15 2.0 4 2 1 0 17 21 2 0.0596930144404 1 3 
175 16 0.0 7 3 0 0 18 9 3 5.33323780621e-61 3 0 
175 16 0.0 6 0 4 0 24 17 2 7.62790005574e-43 5 0 
175 16 0.0 9 3 0 0 18 9 3 5.16956161455e-63 3 0 
175 16 0.0 1 7 4 0 17 10 1 0.0550527066848 0 5 
175 16 0.0 3 1 1 0 12 15 2 0.0290218273289 1 2 
175 16 0.0 2 3 1 0 24 23 2 0.0218995661276 1 4 
175 16 0.0 5 1 1 0 12 15 2 0.0287733975088 1 2 
175 16 0.0 8 1 0 0 8 1 3 3.63889287257e-71 1 0 
175 16 0.0 4 2 1 0 17 21 2 0.0275841106964 1 3 
175 16 2.0 7 3 0 0 18 9 3 2.56065741535e-31 3 0 
175 16 2.0 6 0 4 0 24 17 2 1.20128018623e-30 5 0 
175 16 2.0 9 3 0 0 18 9 3 4.26917362177e-35 3 0 
175 16 2.0 1 7 4 0 17 10 1 0.0182385034837 0 5 
175 16 2.0 3 1 1 0 12 15 2 0.0348887802217 1 2 
175 16 2.0 2 3 1 0 24 23 2 8.3355553752e-05 1 4 
175 16 2.0 5 1 1 0 12 15 2 0.03459893227 1 2 
175 16 2.0 8 1 0 0 8 1 3 4.55165206275e-55 1 0 
175 16 2.0 4 2 1 0 17 21 2 0.0342187868787 1 3 
175 17 0.0 7 3 0 0 18 9 3 2.56443634143e-61 3 0 
175 17 0.0 6 0 4 0 24 17 2 8.66180388617e-43 5 0 
175 17 0.0 9 3 0 0 18 9 3 1.89040399608e-62 3 0 
175 17 0.0 1 7 4 0 17 10 1 0.356895546412 0 5 
175 17 0.0 3 1 1 0 12 15 2 0.0533855162907 1 2 
175 17 0.0 2 3 1 0 24 23 2 0.00719824609444 1 4 
175 17 0.0 5 1 1 0 12 15 2 0.0531752677853 1 2 
175 17 0.0 8 1 0 0 8 1 3 2.12722996147e-77 1 0 
175 17 0.0 4 2 1 0 17 21 2 0.0523599593539 1 3 
175 17 2.0 7 3 0 0 18 9 3 2.09126226818e-35 3 0 
175 17 2.0 6 0 4 0 24 17 2 2.18781566541e-31 5 0 
175 17 2.0 9 3 0 0 18 9 3 3.09721308809e-29 3 0 
175 17 2.0 1 7 4 0 17 10 1 0.333896633491 0 5 
175 17 2.0 3 1 1 0 12 15 2 0.0945799910529 1 2 
175 17 2.0 2 3 1 0 24 23 2 0.00213742738973 1 4 
175 17 2.0 5 1 1 0 12 15 2 0.0965936302231 1 2 
175 17 2.0 8 1 0 0 8 1 3 5.59325248387e-55 1 0 
175 17 2.0 4 2 1 0 17 21 2 0.0957880938561 1 3 
175 18 0.0 7 3 0 0 18 9 3 3.49523499068e-63 3 0 
175 18 0.0 6 0 4 0 24 17 2 2.67141583833e-42 5 0 
175 18 0.0 9 3 0 0 18 9 3 1.73856232355e-60 3 0 
175 18 0.0 1 7 4 0 17 10 1 0.314947848329 0 5 
175 18 0.0 3 1 1 0 12 15 2 0.0190140798724 1 2 
175 18 0.0 2 3 1 0 24 23 2 0.0106122575026 1 4 
175 18 0.0 5 1 1 0 12 15 2 0.0193048898318 1 2 
175 18 0.0 8 1 0 0 8 1 3 3.73552631705e-74 1 0 
175 18 0.0 4 2 1 0 17 21 2 0.0188907979811 1 3 
175 18 2.0 7 3 0 0 18 9 3 6.65624171692e-34 3 0 
175 18 2.0 6 0 4 0 24 17 2 1.11488735393e-30 5 0 
175 18 2.0 9 3 0 0 18 9 3 3.52467200647e-32 3 0 
175 18 2.0 1 7 4 0 17 10 1 0.0306963798635 0 5 
175 18 2.0 3 1 1 0 12 15 2 0.10967012448 1 2 
175 18 2.0 2 3 1 0 24 23 2 0.00118778775121 1 4 
175 18 2.0 5 1 1 0 12 15 2 0.109878692245 1 2 
175 18 2.0 8 1 0 0 8 1 3 6.06025262775e-55 1 0 
175 18 2.0 4 2 1 0 17 21 2 0.107404308108 1 3 
175 19 0.0 7 3 0 0 18 9 3 1.35542067812e-59 3 0 
175 19 0.0 6 0 4 0 24 17 2 2.31542206874e-42 5 0 
175 19 0.0 9 3 0 0 18 9 3 4.00440437462e-63 3 0 
175 19 0.0 1 7 4 0 17 10 1 0.103455855809 0 5 
175 19 0.0 3 1 1 0 12 15 2 0.0749846936992 1 2 
175 19 0.0 2 3 1 0 24 23 2 0.0183494546941 1 4 
175 19 0.0 5 1 1 0 12 15 2 0.0740549815304 1 2 
175 19 0.0 8 1 0 0 8 1 3 1.94448706024e-76 1 0 
175 19 0.0 4 2 1 0 17 21 2 0.0740939109429 1 3 
175 19 2.0 7 3 0 0 18 9 3 5.56759679489e-31 3 0 
175 19 2.0 6 0 4 0 24 17 2 5.30336650049e-31 5 0 
175 19 2.0 9 3 0 0 18 9 3 4.97987119689e-36 3 0 
175 19 2.0 1 7 4 0 17 10 1 0.0168144700903 0 5 
175 19 2.0 3 1 1 0 12 15 2 0.0534373528577 1 2 
175 19 2.0 2 3 1 0 24 23 2 0.000152208458665 1 4 
175 19 2.0 5 1 1 0 12 15 2 0.0529645987517 1 2 
175 19 2.0 8 1 0 0 8 1 3 5.52561363045e-55 1 0 
175 19 2.0 4 2 1 0 17 21 2 0.0519142525213 1 3 
175 20 0.0 7 3 0 0 18 9 3 3.50719853539e-62 3 0 
175 20 0.0 6 0 4 0 24 17 2 9.71010184492e-43 5 0 
175 20 0.0 9 3 0 0 18 9 3 3.6809197878e-62 3 0 
175 20 0.0 1 7 4 0 17 10 1 0.320771241131 0 5 
175 20 0.0 3 1 1 0 12 15 2 0.0286662317904 1 2 
175 20 0.0 2 3 1 0 24 23 2 0.00121595115802 1 4 
175 20 0.0 5 1 1 0 12 15 2 0.028716076339 1 2 
175 20 0.0 8 1 0 0 8 1 3 1.62990092928e-77 1 0 
175 20 0.0 4 2 1 0 17 21 2 0.0282622381327 1 3 
175 20 2.0 7 3 0 0 18 9 3 1.98318245143e-31 3 0 
175 20 2.0 6 0 4 0 24 17 2 5.83127934779e-31 5 0 
175 20 2.0 9 3 0 0 18 9 3 3.19448012585e-35 3 0 
175 20 2.0 1 7 4 0 17 10 1 0.0577624380006 0 5 
175 20 2.0 3 1 1 0 12 15 2 0.0127724839744 1 2 
175 20 2.0 2 3 1 0 24 23 2 6.53169934505e-05 1 4 
175 20 2.0 5 1 1 0 12 15 2 0.0127069412385 1 2 
175 20 2.0 8 1 0 0 8 1 3 5.59643486708e-55 1 0 
175 20 2.0 4 2 1 0 17 21 2 0.0123624656909 1 3 
175 21 0.0 7 3 0 0 18 9 3 2.38027081035e-62 3 0 
175 21 0.0 6 0 4 0 24 17 2 8.25559402183e-43 5 0 
175 21 0.0 9 3 0 0 18 9 3 9.53928051999e-63 3 0 
175 21 0.0 1 7 4 0 17 10 1 0.326553205782 0 5 
175 21 0.0 3 1 1 0 12 15 2 0.0189714009976 1 2 
175 21 0.0 2 3 1 0 24 23 2 0.0151451000337 1 4 
175 21 0.0 5 1 1 0 12 15 2 0.0189543694344 1 2 
175 21 0.0 8 1 0 0 8 1 3 1.67323083646e-70 1 0 
175 21 0.0 4 2 1 0 17 21 2 0.0161377036711 1 3 
175 21 2.0 7 3 0 0 18 9 3 1.84629084671e-32 3 0 
175 21 2.0 6 0 4 0 24 17 2 1.17420362129e-30 5 0 
175 21 2.0 9 3 0 0 18 9 3 1.36879176396e-34 3 0 
175 21 2.0 1 7 4 0 17 10 1 0.0824183303367 0 5 
175 21 2.0 3 1 1 0 12 15 2 0.149864441208 1 2 
175 21 2.0 2 3 1 0 24 23 2 0.00768972533871 1 4 
175 21 2.0 5 1 1 0 12 15 2 0.148928861691 1 2 
175 21 2.0 8 1 0 0 8 1 3 9.60301351378e-55 1 0 
175 21 2.0 4 2 1 0 17 21 2 0.147239848399 1 3 
175 22 0.0 7 3 0 0 18 9 3 4.75229628939e-63 3 0 
175 22 0.0 6 0 4 0 24 17 2 3.23706771142e-42 5 0 
175 22 0.0 9 3 0 0 18 9 3 5.58369006042e-61 3 0 
175 22 0.0 1 7 4 0 17 10 1 0.0917156550389 0 5 
175 22 0.0 3 1 1 0 12 15 2 0.0247857292747 1 2 
175 22 0.0 2 3 1 0 24 23 2 0.000781287781645 1 4 
175 22 0.0 5 1 1 0 12 15 2 0.0250661655414 1 2 
175 22 0.0 8 1 0 0 8 1 3 1.38102758631e-77 1 0 
175 22 0.0 4 2 1 0 17 21 2 0.0247887930098 1 3 
175 22 2.0 7 3 0 0 18 9 3 7.63366698312e-34 3 0 
175 22 2.0 6 0 4 0 24 17 2 4.30296039646e-31 5 0 
175 22 2.0 9 3 0 0 18 9 3 1.05745352879e-35 3 0 
175 22 2.0 1 7 4 0 17 10 1 0.341741902909 0 5 
175 22 2.0 3 1 1 0 12 15 2 0.0910931134421 1 2 
175 22 2.0 2 3 1 0 24 23 2 0.00718933521425 1 4 
175 22 2.0 5 1 1 0 12 15 2 0.0909015329557 1 2 
175 22 2.0 8 1 0 0 8 1 3 1.0325040172e-54 1 0 
175 22 2.0 4 2 1 0 17 21 2 0.0831677333687 1 3 
175 23 0.0 7 3 0 0 18 9 3 1.59689580565e-61 3 0 
175 23 0.0 6 0 4 0 24 17 2 1.82484985797e-42 5 0 
175 23 0.0 9 3 0 0 18 9 3 1.56871091902e-60 3 0 
175 23 0.0 1 7 4 0 17 10 1 0.209782107333 0 5 
175 23 0.0 3 1 1 0 12 15 2 0.0825310106357 1 2 
175 23 0.0 2 3 1 0 24 23 2 0.0262904580875 1 4 
175 23 0.0 5 1 1 0 12 15 2 0.0830704480431 1 2 
175 23 0.0 8 1 0 0 8 1 3 5.968080695e-76 1 0 
175 23 0.0 4 2 1 0 17 21 2 0.0826318421129 1 3 
175 23 2.0 7 3 0 0 18 9 3 3.72059605571e-32 3 0 
175 23 2.0 6 0 4 0 24 17 2 1.75242094177e-31 5 0 
175 23 2.0 9 3 0 0 18 9 3 3.93011184774e-35 3 0 
175 23 2.0 1 7 4 0 17 10 1 0.0270558809616 0 5 
175 23 2.0 3 1 1 0 12 15 2 0.0149643768001 1 2 
175 23 2.0 2 3 1 0 24 23 2 0.00553203198149 1 4 
175 23 2.0 5 1 1 0 12 15 2 0.014909901582 1 2 
175 23 2.0 8 1 0 0 8 1 3 3.23938532148e-52 1 0 
175 23 2.0 4 2 1 0 17 21 2 0.0140076321584 1 3 
175 24 0.0 7 3 0 0 18 9 3 2.37772607816e-61 3 0 
175 24 0.0 6 0 4 0 24 17 2 2.10222122464e-42 5 0 
175 24 0.0 9 3 0 0 18 9 3 1.16883319736e-62 3 0 
175 24 0.0 1 7 4 0 17 10 1 0.394261013711 0 5 
175 24 0.0 3 1 1 0 12 15 2 0.0351619883178 1 2 
175 24 0.0 2 3 1 0 24 23 2 0.0199118595127 1 4 
175 24 0.0 5 1 1 0 12 15 2 0.0349903500046 1 2 
175 24 0.0 8 1 0 0 8 1 3 4.35116113411e-74 1 0 
175 24 0.0 4 2 1 0 17 21 2 0.0342341010556 1 3 
175 24 2.0 7 3 0 0 18 9 3 2.7199591784e-34 3 0 
175 24 2.0 6 0 4 0 24 17 2 5.54625914805e-31 5 0 
175 24 2.0 9 3 0 0 18 9 3 1.79426047245e-33 3 0 
175 24 2.0 1 7 4 0 17 10 1 0.371242397527 0 5 
175 24 2.0 3 1 1 0 12 15 2 0.0426715898009 1 2 
175 24 2.0 2 3 1 0 24 23 2 0.000350216771139 1 4 
175 24 2.0 5 1 1 0 12 15 2 0.0427219855517 1 2 
175 24 2.0 8 1 0 0 8 1 3 7.32014875666e-55 1 0 
175 24 2.0 4 2 1 0 17 21 2 0.0410300013345 1 3 
175 25 0.0 7 3 0 0 18 9 3 1.29680691403e-59 3 0 
175 25 0.0 6 0 4 0 24 17 2 2.98510496405e-43 5 0 
175 25 0.0 9 3 0 0 18 9 3 5.27538697478e-64 3 0 
175 25 0.0 1 7 4 0 17 10 1 0.0945678025118 0 5 
175 25 0.0 3 1 1 0 12 15 2 0.0238486057412 1 2 
175 25 0.0 2 3 1 0 24 23 2 0.00330761616699 1 4 
175 25 0.0 5 1 1 0 12 15 2 0.0236019844345 1 2 
175 25 0.0 8 1 0 0 8 1 3 4.67131618804e-77 1 0 
175 25 0.0 4 2 1 0 17 21 2 0.0232656619156 1 3 
175 25 2.0 7 3 0 0 18 9 3 1.0760381218e-30 3 0 
175 25 2.0 6 0 4 0 24 17 2 7.43842076289e-31 5 0 
175 25 2.0 9 3 0 0 18 9 3 8.45470308197e-36 3 0 
175 25 2.0 1 7 4 0 17 10 1 0.0389314327037 0 5 
175 25 2.0 3 1 1 0 12 15 2 0.0159598078783 1 2 
175 25 2.0 2 3 1 0 24 23 2 2.91955996607e-05 1 4 
175 25 2.0 5 1 1 0 12 15 2 0.0157812852614 1 2 
175 25 2.0 8 1 0 0 8 1 3 7.35316339566e-55 1 0 
175 25 2.0 4 2 1 0 17 21 2 0.0156191151759 1 3 
175 26 0.0 7 3 0 0 18 9 3 6.22741865076e-63 3 0 
175 26 0.0 6 0 4 0 24 17 2 5.51356434138e-43 5 0 
175 26 0.0 9 3 0 0 18 9 3 2.53392194706e-60 3 0 
175 26 0.0 1 7 4 0 17 10 1 0.281284295029 0 5 
175 26 0.0 3 1 1 0 12 15 2 0.0756331585141 1 2 
175 26 0.0 2 3 1 0 24 23 2 0.0076904402257 1 4 
175 26 0.0 5 1 1 0 12 15 2 0.0765846956514 1 2 
175 26 0.0 8 1 0 0 8 1 3 2.10712826121e-77 1 0 
175 26 0.0 4 2 1 0 17 21 2 0.0760215827034 1 3 
175 26 2.0 7 3 0 0 18 9 3 2.03686967081e-34 3 0 
175 26 2.0 6 0 4 0 24 17 2 2.76300132765e-30 5 0 
175 26 2.0 9 3 0 0 18 9 3 1.86568992418e-32 3 0 
175 26 2.0 1 7 4 0 17 10 1 0.0169586051425 0 5 
175 26 2.0 3 1 1 0 12 15 2 0.0443116147488 1 2 
175 26 2.0 2 3 1 0 24 23 2 9.75493554241e-05 1 4 
175 26 2.0 5 1 1 0 12 15 2 0.044416537529 1 2 
175 26 2.0 8 1 0 0 8 1 3 5.79981113839e-55 1 0 
175 26 2.0 4 2 1 0 17 21 2 0.0428681449253 1 3 
175 27 0.0 7 3 0 0 18 9 3 7.79964436077e-62 3 0 
175 27 0.0 6 0 4 0 24 17 2 4.18068572999e-42 5 0 
175 27 0.0 9 3 0 0 18 9 3 2.05647319435e-62 3 0 
175 27 0.0 1 7 4 0 17 10 1 0.385607082605 0 5 
175 27 0.0 3 1 1 0 12 15 2 0.0303789537768 1 2 
175 27 0.0 2 3 1 0 24 23 2 0.0194653052385 1 4 
175 27 0.0 5 1 1 0 12 15 2 0.0303397575073 1 2 
175 27 0.0 8 1 0 0 8 1 3 2.62722044794e-73 1 0 
175 27 0.0 4 2 1 0 17 21 2 0.0281146993253 1 3 
175 27 2.0 7 3 0 0 18 9 3 1.12308574281e-33 3 0 
175 27 2.0 6 0 4 0 24 17 2 7.01672903417e-31 5 0 
175 27 2.0 9 3 0 0 18 9 3 3.76195273945e-35 3 0 
175 27 2.0 1 7 4 0 17 10 1 0.376047914112 0 5 
175 27 2.0 3 1 1 0 12 15 2 0.0450513325227 1 2 
175 27 2.0 2 3 1 0 24 23 2 0.00060706310874 1 4 
175 27 2.0 5 1 1 0 12 15 2 0.0449526900446 1 2 
175 27 2.0 8 1 0 0 8 1 3 4.388484903e-55 1 0 
175 27 2.0 4 2 1 0 17 21 2 0.0428508459269 1 3 
175 28 0.0 7 3 0 0 18 9 3 3.47856963468e-62 3 0 
175 28 0.0 6 0 4 0 24 17 2 2.19699270211e-42 5 0 
175 28 0.0 9 3 0 0 18 9 3 3.0832062628e-63 3 0 
175 28 0.0 1 7 4 0 17 10 1 0.239003972297 0 5 
175 28 0.0 3 1 1 0 12 15 2 0.0169780389318 1 2 
175 28 0.0 2 3 1 0 24 23 2 0.00661583246719 1 4 
175 28 0.0 5 1 1 0 12 15 2 0.0169005034525 1 2 
175 28 0.0 8 1 0 0 8 1 3 1.34836242044e-75 1 0 
175 28 0.0 4 2 1 0 17 21 2 0.0163527957586 1 3 
175 28 2.0 7 3 0 0 18 9 3 2.62667913119e-32 3 0 
175 28 2.0 6 0 4 0 24 17 2 2.31553167546e-31 5 0 
175 28 2.0 9 3 0 0 18 9 3 5.17622218506e-33 3 0 
175 28 2.0 1 7 4 0 17 10 1 0.0495637328013 0 5 
175 28 2.0 3 1 1 0 12 15 2 0.0131583733597 1 2 
175 28 2.0 2 3 1 0 24 23 2 0.00023187937267 1 4 
175 28 2.0 5 1 1 0 12 15 2 0.0131477663187 1 2 
175 28 2.0 8 1 0 0 8 1 3 5.17629599128e-55 1 0 
175 28 2.0 4 2 1 0 17 21 2 0.0130055781365 1 3 
175 29 0.0 7 3 0 0 18 9 3 1.97896256164e-62 3 0 
175 29 0.0 6 0 4 0 24 17 2 1.90376390507e-42 5 0 
175 29 0.0 9 3 0 0 18 9 3 1.17362718735e-58 3 0 
175 29 0.0 1 7 4 0 17 10 1 0.256291683113 0 5 
175 29 0.0 3 1 1 0 12 15 2 0.0718553556149 1 2 
175 29 0.0 2 3 1 0 24 23 2 0.0660454937714 1 4 
175 29 0.0 5 1 1 0 12 15 2 0.0738999412615 1 2 
175 29 0.0 8 1 0 0 8 1 3 2.83292119474e-67 1 0 
175 29 0.0 4 2 1 0 17 21 2 0.0715208256479 1 3 
175 29 2.0 7 3 0 0 18 9 3 1.90240599388e-31 3 0 
175 29 2.0 6 0 4 0 24 17 2 1.38124951978e-30 5 0 
175 29 2.0 9 3 0 0 18 9 3 3.61688688879e-35 3 0 
175 29 2.0 1 7 4 0 17 10 1 0.0207910811331 0 5 
175 29 2.0 3 1 1 0 12 15 2 0.0286811821607 1 2 
175 29 2.0 2 3 1 0 24 23 2 3.17975063483e-05 1 4 
175 29 2.0 5 1 1 0 12 15 2 0.0284998483099 1 2 
175 29 2.0 8 1 0 0 8 1 3 6.94321955492e-55 1 0 
175 29 2.0 4 2 1 0 17 21 2 0.0279247055192 1 3 
175 30 0.0 7 3 0 0 18 9 3 1.64460594806e-63 3 0 
175 30 0.0 6 0 4 0 24 17 2 2.93426519609e-42 5 0 
175 30 0.0 9 3 0 0 18 9 3 3.08402061283e-62 3 0 
175 30 0.0 1 7 4 0 17 10 1 0.26702213823 0 5 
175 30 0.0 3 1 1 0 12 15 2 0.0778450722842 1 2 
175 30 0.0 2 3 1 0 24 23 2 0.00830683172918 1 4 
175 30 0.0 5 1 1 0 12 15 2 0.0781275426825 1 2 
175 30 0.0 8 1 0 0 8 1 3 2.59086917986e-77 1 0 
175 30 0.0 4 2 1 0 17 21 2 0.0751665809117 1 3 
175 30 2.0 7 3 0 0 18 9 3 2.39267452487e-33 3 0 
175 30 2.0 6 0 4 0 24 17 2 2.50378092537e-30 5 0 
175 30 2.0 9 3 0 0 18 9 3 4.36595171993e-34 3 0 
175 30 2.0 1 7 4 0 17 10 1 0.0729327014628 0 5 
175 30 2.0 3 1 1 0 12 15 2 0.147531695837 1 2 
175 30 2.0 2 3 1 0 24 23 2 0.000600696101066 1 4 
175 30 2.0 5 1 1 0 12 15 2 0.147336474168 1 2 
175 30 2.0 8 1 0 0 8 1 3 4.80796127106e-55 1 0 
175 30 2.0 4 2 1 0 17 21 2 0.143065651964 1 3 
175 31 0.0 7 3 0 0 18 9 3 1.13550715054e-63 3 0 
175 31 0.0 6 0 4 0 24 17 2 1.04585652594e-42 5 0 
175 31 0.0 9 3 0 0 18 9 3 6.99633354419e-60 3 0 
175 31 0.0 1 7 4 0 17 10 1 0.253660488941 0 5 
175 31 0.0 3 1 1 0 12 15 2 0.0176615394544 1 2 
175 31 0.0 2 3 1 0 24 23 2 0.00794757685291 1 4 
175 31 0.0 5 1 1 0 12 15 2 0.0178072298522 1 2 
175 31 0.0 8 1 0 0 8 1 3 6.06785514904e-75 1 0 
175 31 0.0 4 2 1 0 17 21 2 0.0170914395744 1 3 
175 31 2.0 7 3 0 0 18 9 3 6.90642057152e-35 3 0 
175 31 2.0 6 0 4 0 24 17 2 1.70323993812e-30 5 0 
175 31 2.0 9 3 0 0 18 9 3 1.19542301697e-32 3 0 
175 31 2.0 1 7 4 0 17 10 1 0.0148136396197 0 5 
175 31 2.0 3 1 1 0 12 15 2 0.0480308181631 1 2 
175 31 2.0 2 3 1 0 24 23 2 0.00814122949451 1 4 
175 31 2.0 5 1 1 0 12 15 2 0.0481875679858 1 2 
175 31 2.0 8 1 0 0 8 1 3 5.27978755771e-54 1 0 
175 31 2.0 4 2 1 0 17 21 2 0.0461881638182 1 3 
175 32 0.0 7 3 0 0 18 9 3 1.71996302365e-61 3 0 
175 32 0.0 6 0 4 0 24 17 2 5.83941307681e-42 5 0 
175 32 0.0 9 3 0 0 18 9 3 1.30678124702e-62 3 0 
175 32 0.0 1 7 4 0 17 10 1 0.140829369686 0 5 
175 32 0.0 3 1 1 0 12 15 2 0.0846432912457 1 2 
175 32 0.0 2 3 1 0 24 23 2 0.00634511909143 1 4 
175 32 0.0 5 1 1 0 12 15 2 0.0844840316029 1 2 
175 32 0.0 8 1 0 0 8 1 3 1.90250352905e-77 1 0 
175 32 0.0 4 2 1 0 17 21 2 0.0825751037112 1 3 
175 32 2.0 7 3 0 0 18 9 3 5.28908028416e-33 3 0 
175 32 2.0 6 0 4 0 24 17 2 5.4258600914e-31 5 0 
175 32 2.0 9 3 0 0 18 9 3 1.17070189034e-34 3 0 
175 32 2.0 1 7 4 0 17 10 1 0.259716485653 0 5 
175 32 2.0 3 1 1 0 12 15 2 0.0167814749983 1 2 
175 32 2.0 2 3 1 0 24 23 2 8.34906658355e-05 1 4 
175 32 2.0 5 1 1 0 12 15 2 0.016724801412 1 2 
175 32 2.0 8 1 0 0 8 1 3 4.81398156418e-55 1 0 
175 32 2.0 4 2 1 0 17 21 2 0.0163435377912 1 3 
175 33 0.0 7 3 0 0 18 9 3 2.43840670504e-59 3 0 
175 33 0.0 6 0 4 0 24 17 2 9.86502901915e-43 5 0 
175 33 0.0 9 3 0 0 18 9 3 4.18584685458e-65 3 0 
175 33 0.0 1 7 4 0 17 10 1 0.311157998699 0 5 
175 33 0.0 3 1 1 0 12 15 2 0.0291882877537 1 2 
175 33 0.0 2 3 1 0 24 23 2 0.00589917629892 1 4 
175 33 0.0 5 1 1 0 12 15 2 0.0287128124114 1 2 
175 33 0.0 8 1 0 0 8 1 3 1.27540135873e-76 1 0 
175 33 0.0 4 2 1 0 17 21 2 0.0283043499032 1 3 
175 33 2.0 7 3 0 0 18 9 3 4.11109170488e-35 3 0 
175 33 2.0 6 0 4 0 24 17 2 1.10090767591e-30 5 0 
175 33 2.0 9 3 0 0 18 9 3 6.98476825531e-33 3 0 
175 33 2.0 1 7 4 0 17 10 1 0.0172718168073 0 5 
175 33 2.0 3 1 1 0 12 15 2 0.0377829540699 1 2 
175 33 2.0 2 3 1 0 24 23 2 9.00475850404e-05 1 4 
175 33 2.0 5 1 1 0 12 15 2 0.0380192341809 1 2 
175 33 2.0 8 1 0 0 8 1 3 5.52684881372e-55 1 0 
175 33 2.0 4 2 1 0 17 21 2 0.0371572067933 1 3 
175 34 0.0 7 3 0 0 18 9 3 7.68416954493e-61 3 0 
175 34 0.0 6 0 4 0 24 17 2 6.39427761303e-43 5 0 
175 34 0.0 9 3 0 0 18 9 3 4.18103991071e-61 3 0 
175 34 0.0 1 7 4 0 17 10 1 0.153980498624 0 5 
175 34 0.0 3 1 1 0 12 15 2 0.0141263177655 1 2 
175 34 0.0 2 3 1 0 24 23 2 0.00735598249116 1 4 
175 34 0.0 5 1 1 0 12 15 2 0.0140697980957 1 2 
175 34 0.0 8 1 0 0 8 1 3 4.26304368228e-74 1 0 
175 34 0.0 4 2 1 0 17 21 2 0.0140503303918 1 3 
175 34 2.0 7 3 0 0 18 9 3 3.42532514782e-35 3 0 
175 34 2.0 6 0 4 0 24 17 2 7.63585587606e-31 5 0 
175 34 2.0 9 3 0 0 18 9 3 1.04712750597e-33 3 0 
175 34 2.0 1 7 4 0 17 10 1 0.310997900125 0 5 
175 34 2.0 3 1 1 0 12 15 2 0.0144553546654 1 2 
175 34 2.0 2 3 1 0 24 23 2 0.00762875582242 1 4 
175 34 2.0 5 1 1 0 12 15 2 0.0144902421617 1 2 
175 34 2.0 8 1 0 0 8 1 3 2.27114799973e-50 1 0 
175 34 2.0 4 2 1 0 17 21 2 0.0129560727406 1 3 
175 35 0.0 7 3 0 0 18 9 3 5.56651892666e-62 3 0 
175 35 0.0 6 0 4 0 24 17 2 2.45170265128e-42 5 0 
175 35 0.0 9 3 0 0 18 9 3 1.28279422154e-61 3 0 
175 35 0.0 1 7 4 0 17 10 1 0.316133519685 0 5 
175 35 0.0 3 1 1 0 12 15 2 0.0244680029587 1 2 
175 35 0.0 2 3 1 0 24 23 2 0.00464257862442 1 4 
175 35 0.0 5 1 1 0 12 15 2 0.0245376695761 1 2 
175 35 0.0 8 1 0 0 8 1 3 8.16418947086e-77 1 0 
175 35 0.0 4 2 1 0 17 21 2 0.024446454639 1 3 
175 35 2.0 7 3 0 0 18 9 3 1.4891180332e-32 3 0 
175 35 2.0 6 0 4 0 24 17 2 5.17497843605e-31 5 0 
175 35 2.0 9 3 0 0 18 9 3 4.19036545475e-34 3 0 
175 35 2.0 1 7 4 0 17 10 1 0.0157323121615 0 5 
175 35 2.0 3 1 1 0 12 15 2 0.0447132804577 1 2 
175 35 2.0 2 3 1 0 24 23 2 0.0068857008977 1 4 
175 35 2.0 5 1 1 0 12 15 2 0.0446650752657 1 2 
175 35 2.0 8 1 0 0 8 1 3 7.11061398222e-54 1 0 
175 35 2.0 4 2 1 0 17 21 2 0.0425541927447 1 3 
175 36 0.0 7 3 0 0 18 9 3 6.62567950963e-64 3 0 
175 36 0.0 6 0 4 0 24 17 2 1.70704330046e-43 5 0 
175 36 0.0 9 3 0 0 18 9 3 1.28304393927e-61 3 0 
175 36 0.0 1 7 4 0 17 10 1 0.353633420794 0 5 
175 36 0.0 3 1 1 0 12 15 2 0.0372059103881 1 2 
175 36 0.0 2 3 1 0 24 23 2 0.00470308169906 1 4 
175 36 0.0 5 1 1 0 12 15 2 0.0374374776008 1 2 
175 36 0.0 8 1 0 0 8 1 3 3.18727043686e-77 1 0 
175 36 0.0 4 2 1 0 17 21 2 0.0361382283616 1 3 
175 36 2.0 7 3 0 0 18 9 3 2.9960709835e-33 3 0 
175 36 2.0 6 0 4 0 24 17 2 2.25111661183e-30 5 0 
175 36 2.0 9 3 0 0 18 9 3 2.79932012054e-34 3 0 
175 36 2.0 1 7 4 0 17 10 1 0.0668464822397 0 5 
175 36 2.0 3 1 1 0 12 15 2 0.145119170951 1 2 
175 36 2.0 2 3 1 0 24 23 2 0.000231629884995 1 4 
175 36 2.0 5 1 1 0 12 15 2 0.144839185987 1 2 
175 36 2.0 8 1 0 0 8 1 3 5.83995615433e-55 1 0 
175 36 2.0 4 2 1 0 17 21 2 0.14066926604 1 3 
175 37 0.0 7 3 0 0 18 9 3 3.69796104885e-61 3 0 
175 37 0.0 6 0 4 0 24 17 2 2.85234233624e-42 5 0 
175 37 0.0 9 3 0 0 18 9 3 2.13174354747e-64 3 0 
175 37 0.0 1 7 4 0 17 10 1 0.321013088521 0 5 
175 37 0.0 3 1 1 0 12 15 2 0.0641230772476 1 2 
175 37 0.0 2 3 1 0 24 23 2 0.0059240691986 1 4 
175 37 0.0 5 1 1 0 12 15 2 0.0636602894009 1 2 
175 37 0.0 8 1 0 0 8 1 3 2.42573809938e-77 1 0 
175 37 0.0 4 2 1 0 17 21 2 0.0613222553088 1 3 
175 37 2.0 7 3 0 0 18 9 3 5.0181453993e-34 3 0 
175 37 2.0 6 0 4 0 24 17 2 3.20113934103e-31 5 0 
175 37 2.0 9 3 0 0 18 9 3 1.03801234473e-31 3 0 
175 37 2.0 1 7 4 0 17 10 1 0.0911373658109 0 5 
175 37 2.0 3 1 1 0 12 15 2 0.00671979983589 1 2 
175 37 2.0 2 3 1 0 24 23 2 0.00384957623683 1 4 
175 37 2.0 5 1 1 0 12 15 2 0.0067531383207 1 2 
175 37 2.0 8 1 0 0 8 1 3 1.68398004659e-49 1 0 
175 37 2.0 4 2 1 0 17 21 2 0.00650359812617 1 3 
175 38 0.0 7 3 0 0 18 9 3 5.64125302408e-63 3 0 
175 38 0.0 6 0 4 0 24 17 2 1.43293362168e-42 5 0 
175 38 0.0 9 3 0 0 18 9 3 9.56537746048e-62 3 0 
175 38 0.0 1 7 4 0 17 10 1 0.37671706053 0 5 
175 38 0.0 3 1 1 0 12 15 2 0.0346516107196 1 2 
175 38 0.0 2 3 1 0 24 23 2 0.014985728652 1 4 
175 38 0.0 5 1 1 0 12 15 2 0.0347526680466 1 2 
175 38 0.0 8 1 0 0 8 1 3 3.23511156191e-75 1 0 
175 38 0.0 4 2 1 0 17 21 2 0.0329829043918 1 3 
175 38 2.0 7 3 0 0 18 9 3 3.56653655933e-34 3 0 
175 38 2.0 6 0 4 0 24 17 2 8.19733216913e-31 5 0 
175 38 2.0 9 3 0 0 18 9 3 2.01158705474e-33 3 0 
175 38 2.0 1 7 4 0 17 10 1 0.0934485668959 0 5 
175 38 2.0 3 1 1 0 12 15 2 0.0102769193647 1 2 
175 38 2.0 2 3 1 0 24 23 2 0.000558420860895 1 4 
175 38 2.0 5 1 1 0 12 15 2 0.0102940468528 1 2 
175 38 2.0 8 1 0 0 8 1 3 1.02460190415e-54 1 0 
175 38 2.0 4 2 1 0 17 21 2 0.0100117303523 1 3 
175 39 0.0 7 3 0 0 18 9 3 1.46391645304e-60 3 0 
175 39 0.0 6 0 4 0 24 17 2 3.15658018547e-42 5 0 
175 39 0.0 9 3 0 0 18 9 3 1.13550619172e-63 3 0 
175 39 0.0 1 7 4 0 17 10 1 0.246988850735 0 5 
175 39 0.0 3 1 1 0 12 15 2 0.0823640016558 1 2 
175 39 0.0 2 3 1 0 24 23 2 0.00337910221015 1 4 
175 39 0.0 5 1 1 0 12 15 2 0.0815542918776 1 2 
175 39 0.0 8 1 0 0 8 1 3 1.83016828074e-77 1 0 
175 39 0.0 4 2 1 0 17 21 2 0.0808984798391 1 3 
175 39 2.0 7 3 0 0 18 9 3 2.47929312156e-32 3 0 
175 39 2.0 6 0 4 0 24 17 2 1.03552931898e-30 5 0 
175 39 2.0 9 3 0 0 18 9 3 1.36100965631e-34 3 0 
175 39 2.0 1 7 4 0 17 10 1 0.0278645736628 0 5 
175 39 2.0 3 1 1 0 12 15 2 0.020944427252 1 2 
175 39 2.0 2 3 1 0 24 23 2 3.0448309326e-05 1 4 
175 39 2.0 5 1 1 0 12 15 2 0.0208855621457 1 2 
175 39 2.0 8 1 0 0 8 1 3 4.92042098762e-55 1 0 
175 39 2.0 4 2 1 0 17 21 2 0.0201709725821 1 3 
175 40 0.0 7 3 0 0 18 9 3 1.45305533157e-61 3 0 
175 40 0.0 6 0 4 0 24 17 2 2.13757487974e-42 5 0 
175 40 0.0 9 3 0 0 18 9 3 1.24792959297e-63 3 0 
175 40 0.0 1 7 4 0 17 10 1 0.0723201188399 0 5 
175 40 0.0 3 1 1 0 12 15 2 0.054737754413 1 2 
175 40 0.0 2 3 1 0 24 23 2 0.00295667118271 1 4 
175 40 0.0 5 1 1 0 12 15 2 0.0542339844777 1 2 
175 40 0.0 8 1 0 0 8 1 3 1.48274244512e-77 1 0 
175 40 0.0 4 2 1 0 17 21 2 0.0536281561322 1 3 
175 40 2.0 7 3 0 0 18 9 3 1.73234577859e-34 3 0 
175 40 2.0 6 0 4 0 24 17 2 1.11559339585e-30 5 0 
175 40 2.0 9 3 0 0 18 9 3 4.6959237534e-33 3 0 
175 40 2.0 1 7 4 0 17 10 1 0.0274959687315 0 5 
175 40 2.0 3 1 1 0 12 15 2 0.0213388634769 1 2 
175 40 2.0 2 3 1 0 24 23 2 2.60324219971e-05 1 4 
175 40 2.0 5 1 1 0 12 15 2 0.0213670454119 1 2 
175 40 2.0 8 1 0 0 8 1 3 7.65666245255e-55 1 0 
175 40 2.0 4 2 1 0 17 21 2 0.0204760255125 1 3 
