17 1 0.0 9 2 0 0 10 9 2 0.345029626358 3 0 
17 1 0.0 1 2 0 0 1 4 1 0.64237479248 0 1 
17 1 0.0 8 2 1 0 3 3 3 0.132303872934 1 1 
17 1 0.0 3 0 0 0 1 6 1 0.468849221342 0 1 
17 1 0.0 6 2 0 0 6 11 2 0.142221598953 1 2 
17 1 0.0 2 2 0 0 1 2 1 0.382163294452 0 1 
17 1 0.0 5 4 1 0 8 8 2 0.18879740455 2 2 
17 1 0.0 4 4 0 0 4 6 1 0.3551422751 0 2 
17 1 0.0 7 2 0 0 8 11 2 0.0614426304273 1 2 
17 1 0.0 11 2 1 0 4 2 3 9.30978693899e-05 2 0 
17 1 0.0 10 2 0 0 8 4 3 5.40618162974e-27 2 0 
17 1 2.0 9 2 0 0 10 9 2 0.542932885965 3 0 
17 1 2.0 1 2 0 0 1 4 1 0.575938007357 0 1 
17 1 2.0 8 2 1 0 3 3 3 2.15927684714e-39 1 1 
17 1 2.0 3 0 0 0 1 6 1 0.336569865852 0 1 
17 1 2.0 6 2 0 0 6 11 2 0.158638328762 1 2 
17 1 2.0 2 2 0 0 1 2 1 0.477053619229 0 1 
17 1 2.0 5 4 1 0 8 8 2 0.277910992421 2 2 
17 1 2.0 4 4 0 0 4 6 1 0.428292739908 0 2 
17 1 2.0 7 2 0 0 8 11 2 0.0402109203019 1 2 
17 1 2.0 11 2 1 0 4 2 3 0.59164386583 2 0 
17 1 2.0 10 2 0 0 8 4 3 0.138843717489 2 0 
17 2 0.0 9 2 0 0 10 9 2 0.345010922568 3 0 
17 2 0.0 1 2 0 0 1 4 1 0.642200058803 0 1 
17 2 0.0 8 2 1 0 3 3 3 0.132221454829 1 1 
17 2 0.0 3 0 0 0 1 6 1 0.46887375388 0 1 
17 2 0.0 6 2 0 0 6 11 2 0.142222747676 1 2 
17 2 0.0 2 2 0 0 1 2 1 0.382152093857 0 1 
17 2 0.0 5 4 1 0 8 8 2 0.188878705755 2 2 
17 2 0.0 4 4 0 0 4 6 1 0.355120184978 0 2 
17 2 0.0 7 2 0 0 8 11 2 0.061410469082 1 2 
17 2 0.0 11 2 1 0 4 2 3 0.000187672929083 2 0 
17 2 0.0 10 2 0 0 8 4 3 8.70194380493e-28 2 0 
17 2 2.0 9 2 0 0 10 9 2 0.542932885911 3 0 
17 2 2.0 1 2 0 0 1 4 1 0.575938007273 0 1 
17 2 2.0 8 2 1 0 3 3 3 8.84870087406e-40 1 1 
17 2 2.0 3 0 0 0 1 6 1 0.336569865884 0 1 
17 2 2.0 6 2 0 0 6 11 2 0.158638328869 1 2 
17 2 2.0 2 2 0 0 1 2 1 0.477053619327 0 1 
17 2 2.0 5 4 1 0 8 8 2 0.277910992461 2 2 
17 2 2.0 4 4 0 0 4 6 1 0.428292739847 0 2 
17 2 2.0 7 2 0 0 8 11 2 0.0402109203137 1 2 
17 2 2.0 11 2 1 0 4 2 3 0.591643865964 2 0 
17 2 2.0 10 2 0 0 8 4 3 0.138843717457 2 0 
17 3 0.0 9 2 0 0 10 9 2 0.345002553162 3 0 
17 3 0.0 1 2 0 0 1 4 1 0.642142360344 0 1 
17 3 0.0 8 2 1 0 3 3 3 0.132186076905 1 1 
17 3 0.0 3 0 0 0 1 6 1 0.468882895482 0 1 
17 3 0.0 6 2 0 0 6 11 2 0.142222808805 1 2 
17 3 0.0 2 2 0 0 1 2 1 0.382148937498 0 1 
17 3 0.0 5 4 1 0 8 8 2 0.188904140841 2 2 
17 3 0.0 4 4 0 0 4 6 1 0.355119637671 0 2 
17 3 0.0 7 2 0 0 8 11 2 0.0613969974078 1 2 
17 3 0.0 11 2 1 0 4 2 3 0.000224103772818 2 0 
17 3 0.0 10 2 0 0 8 4 3 1.05524536494e-27 2 0 
17 3 2.0 9 2 0 0 10 9 2 0.542932885897 3 0 
17 3 2.0 1 2 0 0 1 4 1 0.575938007275 0 1 
17 3 2.0 8 2 1 0 3 3 3 2.53981418326e-40 1 1 
17 3 2.0 3 0 0 0 1 6 1 0.336569865879 0 1 
17 3 2.0 6 2 0 0 6 11 2 0.158638328856 1 2 
17 3 2.0 2 2 0 0 1 2 1 0.477053619352 0 1 
17 3 2.0 5 4 1 0 8 8 2 0.277910992474 2 2 
17 3 2.0 4 4 0 0 4 6 1 0.428292739852 0 2 
17 3 2.0 7 2 0 0 8 11 2 0.040210920313 1 2 
17 3 2.0 11 2 1 0 4 2 3 0.591643865955 2 0 
17 3 2.0 10 2 0 0 8 4 3 0.13884371745 2 0 
17 4 0.0 9 2 0 0 10 9 2 0.345009141452 3 0 
17 4 0.0 1 2 0 0 1 4 1 0.642184460953 0 1 
17 4 0.0 8 2 1 0 3 3 3 0.13221357755 1 1 
17 4 0.0 3 0 0 0 1 6 1 0.468876062277 0 1 
17 4 0.0 6 2 0 0 6 11 2 0.142222899689 1 2 
17 4 0.0 2 2 0 0 1 2 1 0.382151134004 0 1 
17 4 0.0 5 4 1 0 8 8 2 0.188886619376 2 2 
17 4 0.0 4 4 0 0 4 6 1 0.355118774005 0 2 
17 4 0.0 7 2 0 0 8 11 2 0.0614076187403 1 2 
17 4 0.0 11 2 1 0 4 2 3 0.000196344899719 2 0 
17 4 0.0 10 2 0 0 8 4 3 2.55520498562e-28 2 0 
17 4 2.0 9 2 0 0 10 9 2 0.542932885915 3 0 
17 4 2.0 1 2 0 0 1 4 1 0.575938007248 0 1 
17 4 2.0 8 2 1 0 3 3 3 2.70925632649e-39 1 1 
17 4 2.0 3 0 0 0 1 6 1 0.336569865897 0 1 
17 4 2.0 6 2 0 0 6 11 2 0.158638328913 1 2 
17 4 2.0 2 2 0 0 1 2 1 0.477053619317 0 1 
17 4 2.0 5 4 1 0 8 8 2 0.277910992453 2 2 
17 4 2.0 4 4 0 0 4 6 1 0.428292739821 0 2 
17 4 2.0 7 2 0 0 8 11 2 0.0402109203177 1 2 
17 4 2.0 11 2 1 0 4 2 3 0.591643866006 2 0 
17 4 2.0 10 2 0 0 8 4 3 0.138843717456 2 0 
17 5 0.0 9 2 0 0 10 9 2 0.345007772856 3 0 
17 5 0.0 1 2 0 0 1 4 1 0.64219359041 0 1 
17 5 0.0 8 2 1 0 3 3 3 0.132208345427 1 1 
17 5 0.0 3 0 0 0 1 6 1 0.468876373605 0 1 
17 5 0.0 6 2 0 0 6 11 2 0.142222982841 1 2 
17 5 0.0 2 2 0 0 1 2 1 0.382152394375 0 1 
17 5 0.0 5 4 1 0 8 8 2 0.18888632072 2 2 
17 5 0.0 4 4 0 0 4 6 1 0.355128732766 0 2 
17 5 0.0 7 2 0 0 8 11 2 0.0614074874921 1 2 
17 5 0.0 11 2 1 0 4 2 3 0.000196743793609 2 0 
17 5 0.0 10 2 0 0 8 4 3 2.25127806346e-27 2 0 
17 5 2.0 9 2 0 0 10 9 2 0.542932885897 3 0 
17 5 2.0 1 2 0 0 1 4 1 0.575938007228 0 1 
17 5 2.0 8 2 1 0 3 3 3 1.72344644275e-38 1 1 
17 5 2.0 3 0 0 0 1 6 1 0.336569865901 0 1 
17 5 2.0 6 2 0 0 6 11 2 0.15863832893 1 2 
17 5 2.0 2 2 0 0 1 2 1 0.477053619349 0 1 
17 5 2.0 5 4 1 0 8 8 2 0.277910992466 2 2 
17 5 2.0 4 4 0 0 4 6 1 0.428292739805 0 2 
17 5 2.0 7 2 0 0 8 11 2 0.0402109203201 1 2 
17 5 2.0 11 2 1 0 4 2 3 0.591643866031 2 0 
17 5 2.0 10 2 0 0 8 4 3 0.138843717443 2 0 
17 6 0.0 9 2 0 0 10 9 2 0.34500862203 3 0 
17 6 0.0 1 2 0 0 1 4 1 0.642181469571 0 1 
17 6 0.0 8 2 1 0 3 3 3 0.132211103161 1 1 
17 6 0.0 3 0 0 0 1 6 1 0.468876771505 0 1 
17 6 0.0 6 2 0 0 6 11 2 0.142223085245 1 2 
17 6 0.0 2 2 0 0 1 2 1 0.382151029098 0 1 
17 6 0.0 5 4 1 0 8 8 2 0.188890082033 2 2 
17 6 0.0 4 4 0 0 4 6 1 0.355119656998 0 2 
17 6 0.0 7 2 0 0 8 11 2 0.0614073084368 1 2 
17 6 0.0 11 2 1 0 4 2 3 0.000198339631588 2 0 
17 6 0.0 10 2 0 0 8 4 3 8.23091033202e-28 2 0 
17 6 2.0 9 2 0 0 10 9 2 0.542932885929 3 0 
17 6 2.0 1 2 0 0 1 4 1 0.575938007259 0 1 
17 6 2.0 8 2 1 0 3 3 3 2.10784670095e-39 1 1 
17 6 2.0 3 0 0 0 1 6 1 0.336569865894 0 1 
17 6 2.0 6 2 0 0 6 11 2 0.158638328904 1 2 
17 6 2.0 2 2 0 0 1 2 1 0.477053619291 0 1 
17 6 2.0 5 4 1 0 8 8 2 0.277910992442 2 2 
17 6 2.0 4 4 0 0 4 6 1 0.428292739827 0 2 
17 6 2.0 7 2 0 0 8 11 2 0.0402109203164 1 2 
17 6 2.0 11 2 1 0 4 2 3 0.591643865992 2 0 
17 6 2.0 10 2 0 0 8 4 3 0.138843717465 2 0 
17 7 0.0 9 2 0 0 10 9 2 0.345016984372 3 0 
17 7 0.0 1 2 0 0 1 4 1 0.642251407519 0 1 
17 7 0.0 8 2 1 0 3 3 3 0.132246699811 1 1 
17 7 0.0 3 0 0 0 1 6 1 0.468866931831 0 1 
17 7 0.0 6 2 0 0 6 11 2 0.142223149671 1 2 
17 7 0.0 2 2 0 0 1 2 1 0.382155374859 0 1 
17 7 0.0 5 4 1 0 8 8 2 0.188862559627 2 2 
17 7 0.0 4 4 0 0 4 6 1 0.355127112706 0 2 
17 7 0.0 7 2 0 0 8 11 2 0.0614223336901 1 2 
17 7 0.0 11 2 1 0 4 2 3 0.000158213521117 2 0 
17 7 0.0 10 2 0 0 8 4 3 2.63459773847e-28 2 0 
17 7 2.0 9 2 0 0 10 9 2 0.542932885861 3 0 
17 7 2.0 1 2 0 0 1 4 1 0.57593800727 0 1 
17 7 2.0 8 2 1 0 3 3 3 4.70779875946e-40 1 1 
17 7 2.0 3 0 0 0 1 6 1 0.336569865874 0 1 
17 7 2.0 6 2 0 0 6 11 2 0.158638328843 1 2 
17 7 2.0 2 2 0 0 1 2 1 0.47705361942 0 1 
17 7 2.0 5 4 1 0 8 8 2 0.277910992508 2 2 
17 7 2.0 4 4 0 0 4 6 1 0.428292739859 0 2 
17 7 2.0 7 2 0 0 8 11 2 0.040210920313 1 2 
17 7 2.0 11 2 1 0 4 2 3 0.591643865954 2 0 
17 7 2.0 10 2 0 0 8 4 3 0.138843717431 2 0 
17 8 0.0 9 2 0 0 10 9 2 0.344998319847 3 0 
17 8 0.0 1 2 0 0 1 4 1 0.642098263502 0 1 
17 8 0.0 8 2 1 0 3 3 3 0.132166575076 1 1 
17 8 0.0 3 0 0 0 1 6 1 0.468889181853 0 1 
17 8 0.0 6 2 0 0 6 11 2 0.142223493485 1 2 
17 8 0.0 2 2 0 0 1 2 1 0.382146055305 0 1 
17 8 0.0 5 4 1 0 8 8 2 0.188928604005 2 2 
17 8 0.0 4 4 0 0 4 6 1 0.355113656987 0 2 
17 8 0.0 7 2 0 0 8 11 2 0.0613903416675 1 2 
17 8 0.0 11 2 1 0 4 2 3 0.000246630866741 2 0 
17 8 0.0 10 2 0 0 8 4 3 3.31359674294e-28 2 0 
17 8 2.0 9 2 0 0 10 9 2 0.542932885897 3 0 
17 8 2.0 1 2 0 0 1 4 1 0.575938007258 0 1 
17 8 2.0 8 2 1 0 3 3 3 1.71891215423e-39 1 1 
17 8 2.0 3 0 0 0 1 6 1 0.336569865888 0 1 
17 8 2.0 6 2 0 0 6 11 2 0.158638328886 1 2 
17 8 2.0 2 2 0 0 1 2 1 0.477053619352 0 1 
17 8 2.0 5 4 1 0 8 8 2 0.277910992472 2 2 
17 8 2.0 4 4 0 0 4 6 1 0.428292739836 0 2 
17 8 2.0 7 2 0 0 8 11 2 0.0402109203158 1 2 
17 8 2.0 11 2 1 0 4 2 3 0.591643865985 2 0 
17 8 2.0 10 2 0 0 8 4 3 0.138843717448 2 0 
17 9 0.0 9 2 0 0 10 9 2 0.345008834167 3 0 
17 9 0.0 1 2 0 0 1 4 1 0.642185292427 0 1 
17 9 0.0 8 2 1 0 3 3 3 0.13221225446 1 1 
17 9 0.0 3 0 0 0 1 6 1 0.468876279183 0 1 
17 9 0.0 6 2 0 0 6 11 2 0.142222983255 1 2 
17 9 0.0 2 2 0 0 1 2 1 0.382151315688 0 1 
17 9 0.0 5 4 1 0 8 8 2 0.188887630004 2 2 
17 9 0.0 4 4 0 0 4 6 1 0.355120580175 0 2 
17 9 0.0 7 2 0 0 8 11 2 0.061407632419 1 2 
17 9 0.0 11 2 1 0 4 2 3 0.000196762726636 2 0 
17 9 0.0 10 2 0 0 8 4 3 3.31969371237e-28 2 0 
17 9 2.0 9 2 0 0 10 9 2 0.542932885947 3 0 
17 9 2.0 1 2 0 0 1 4 1 0.57593800727 0 1 
17 9 2.0 8 2 1 0 3 3 3 1.80647097969e-39 1 1 
17 9 2.0 3 0 0 0 1 6 1 0.336569865892 0 1 
17 9 2.0 6 2 0 0 6 11 2 0.158638328896 1 2 
17 9 2.0 2 2 0 0 1 2 1 0.477053619259 0 1 
17 9 2.0 5 4 1 0 8 8 2 0.277910992427 2 2 
17 9 2.0 4 4 0 0 4 6 1 0.428292739832 0 2 
17 9 2.0 7 2 0 0 8 11 2 0.0402109203152 1 2 
17 9 2.0 11 2 1 0 4 2 3 0.591643865977 2 0 
17 9 2.0 10 2 0 0 8 4 3 0.138843717474 2 0 
17 10 0.0 9 2 0 0 10 9 2 0.345010071519 3 0 
17 10 0.0 1 2 0 0 1 4 1 0.642197048392 0 1 
17 10 0.0 8 2 1 0 3 3 3 0.132218074928 1 1 
17 10 0.0 3 0 0 0 1 6 1 0.468874420565 0 1 
17 10 0.0 6 2 0 0 6 11 2 0.142222684431 1 2 
17 10 0.0 2 2 0 0 1 2 1 0.382152030256 0 1 
17 10 0.0 5 4 1 0 8 8 2 0.188879695209 2 2 
17 10 0.0 4 4 0 0 4 6 1 0.355121406621 0 2 
17 10 0.0 7 2 0 0 8 11 2 0.061409210884 1 2 
17 10 0.0 11 2 1 0 4 2 3 0.000190563268853 2 0 
17 10 0.0 10 2 0 0 8 4 3 1.42620869523e-27 2 0 
17 10 2.0 9 2 0 0 10 9 2 0.542932885867 3 0 
17 10 2.0 1 2 0 0 1 4 1 0.575938007265 0 1 
17 10 2.0 8 2 1 0 3 3 3 4.15442297273e-40 1 1 
17 10 2.0 3 0 0 0 1 6 1 0.336569865879 0 1 
17 10 2.0 6 2 0 0 6 11 2 0.158638328856 1 2 
17 10 2.0 2 2 0 0 1 2 1 0.477053619408 0 1 
17 10 2.0 5 4 1 0 8 8 2 0.277910992502 2 2 
17 10 2.0 4 4 0 0 4 6 1 0.428292739853 0 2 
17 10 2.0 7 2 0 0 8 11 2 0.040210920314 1 2 
17 10 2.0 11 2 1 0 4 2 3 0.591643865965 2 0 
17 10 2.0 10 2 0 0 8 4 3 0.138843717434 2 0 
17 11 0.0 9 2 0 0 10 9 2 0.34501531429 3 0 
17 11 0.0 1 2 0 0 1 4 1 0.642244635076 0 1 
17 11 0.0 8 2 1 0 3 3 3 0.132240094932 1 1 
17 11 0.0 3 0 0 0 1 6 1 0.468868262051 0 1 
17 11 0.0 6 2 0 0 6 11 2 0.142222988721 1 2 
17 11 0.0 2 2 0 0 1 2 1 0.382155161721 0 1 
17 11 0.0 5 4 1 0 8 8 2 0.188864349636 2 2 
17 11 0.0 4 4 0 0 4 6 1 0.355128932913 0 2 
17 11 0.0 7 2 0 0 8 11 2 0.0614196863919 1 2 
17 11 0.0 11 2 1 0 4 2 3 0.000164160674217 2 0 
17 11 0.0 10 2 0 0 8 4 3 1.54870811276e-27 2 0 
17 11 2.0 9 2 0 0 10 9 2 0.542932885872 3 0 
17 11 2.0 1 2 0 0 1 4 1 0.575938007229 0 1 
17 11 2.0 8 2 1 0 3 3 3 4.28730132953e-40 1 1 
17 11 2.0 3 0 0 0 1 6 1 0.336569865897 0 1 
17 11 2.0 6 2 0 0 6 11 2 0.158638328917 1 2 
17 11 2.0 2 2 0 0 1 2 1 0.477053619398 0 1 
17 11 2.0 5 4 1 0 8 8 2 0.277910992493 2 2 
17 11 2.0 4 4 0 0 4 6 1 0.428292739817 0 2 
17 11 2.0 7 2 0 0 8 11 2 0.0402109203196 1 2 
17 11 2.0 11 2 1 0 4 2 3 0.591643866027 2 0 
17 11 2.0 10 2 0 0 8 4 3 0.138843717434 2 0 
17 12 0.0 9 2 0 0 10 9 2 0.345001376081 3 0 
17 12 0.0 1 2 0 0 1 4 1 0.642119242128 0 1 
17 12 0.0 8 2 1 0 3 3 3 0.132179202768 1 1 
17 12 0.0 3 0 0 0 1 6 1 0.468886021405 0 1 
17 12 0.0 6 2 0 0 6 11 2 0.142223643094 1 2 
17 12 0.0 2 2 0 0 1 2 1 0.382147231294 0 1 
17 12 0.0 5 4 1 0 8 8 2 0.18892128543 2 2 
17 12 0.0 4 4 0 0 4 6 1 0.355114379909 0 2 
17 12 0.0 7 2 0 0 8 11 2 0.0613956923162 1 2 
17 12 0.0 11 2 1 0 4 2 3 0.000233272983851 2 0 
17 12 0.0 10 2 0 0 8 4 3 3.08490126505e-28 2 0 
17 12 2.0 9 2 0 0 10 9 2 0.542932886007 3 0 
17 12 2.0 1 2 0 0 1 4 1 0.575938007254 0 1 
17 12 2.0 8 2 1 0 3 3 3 3.99802812652e-39 1 1 
17 12 2.0 3 0 0 0 1 6 1 0.336569865911 0 1 
17 12 2.0 6 2 0 0 6 11 2 0.158638328956 1 2 
17 12 2.0 2 2 0 0 1 2 1 0.477053619144 0 1 
17 12 2.0 5 4 1 0 8 8 2 0.277910992363 2 2 
17 12 2.0 4 4 0 0 4 6 1 0.428292739795 0 2 
17 12 2.0 7 2 0 0 8 11 2 0.0402109203187 1 2 
17 12 2.0 11 2 1 0 4 2 3 0.591643866018 2 0 
17 12 2.0 10 2 0 0 8 4 3 0.138843717501 2 0 
17 13 0.0 9 2 0 0 10 9 2 0.344992937343 3 0 
17 13 0.0 1 2 0 0 1 4 1 0.642064848908 0 1 
17 13 0.0 8 2 1 0 3 3 3 0.132144455719 1 1 
17 13 0.0 3 0 0 0 1 6 1 0.468894511711 0 1 
17 13 0.0 6 2 0 0 6 11 2 0.142223230417 1 2 
17 13 0.0 2 2 0 0 1 2 1 0.382144316562 0 1 
17 13 0.0 5 4 1 0 8 8 2 0.188940520414 2 2 
17 13 0.0 4 4 0 0 4 6 1 0.355114265854 0 2 
17 13 0.0 7 2 0 0 8 11 2 0.0613812832111 1 2 
17 13 0.0 11 2 1 0 4 2 3 0.00026910420186 2 0 
17 13 0.0 10 2 0 0 8 4 3 4.53421906201e-28 2 0 
17 13 2.0 9 2 0 0 10 9 2 0.542932885901 3 0 
17 13 2.0 1 2 0 0 1 4 1 0.575938007238 0 1 
17 13 2.0 8 2 1 0 3 3 3 2.55291405108e-39 1 1 
17 13 2.0 3 0 0 0 1 6 1 0.336569865898 0 1 
17 13 2.0 6 2 0 0 6 11 2 0.158638328919 1 2 
17 13 2.0 2 2 0 0 1 2 1 0.477053619341 0 1 
17 13 2.0 5 4 1 0 8 8 2 0.277910992463 2 2 
17 13 2.0 4 4 0 0 4 6 1 0.428292739815 0 2 
17 13 2.0 7 2 0 0 8 11 2 0.0402109203188 1 2 
17 13 2.0 11 2 1 0 4 2 3 0.591643866018 2 0 
17 13 2.0 10 2 0 0 8 4 3 0.138843717448 2 0 
17 14 0.0 9 2 0 0 10 9 2 0.345005107371 3 0 
17 14 0.0 1 2 0 0 1 4 1 0.64216793153 0 1 
17 14 0.0 8 2 1 0 3 3 3 0.132196293499 1 1 
17 14 0.0 3 0 0 0 1 6 1 0.468880094926 0 1 
17 14 0.0 6 2 0 0 6 11 2 0.142223320007 1 2 
17 14 0.0 2 2 0 0 1 2 1 0.382150760377 0 1 
17 14 0.0 5 4 1 0 8 8 2 0.188900065055 2 2 
17 14 0.0 4 4 0 0 4 6 1 0.355125764466 0 2 
17 14 0.0 7 2 0 0 8 11 2 0.0614032691847 1 2 
17 14 0.0 11 2 1 0 4 2 3 0.000210353182326 2 0 
17 14 0.0 10 2 0 0 8 4 3 1.81053392412e-27 2 0 
17 14 2.0 9 2 0 0 10 9 2 0.54293288597 3 0 
17 14 2.0 1 2 0 0 1 4 1 0.575938007278 0 1 
17 14 2.0 8 2 1 0 3 3 3 4.75170816967e-40 1 1 
17 14 2.0 3 0 0 0 1 6 1 0.336569865893 0 1 
17 14 2.0 6 2 0 0 6 11 2 0.158638328898 1 2 
17 14 2.0 2 2 0 0 1 2 1 0.477053619215 0 1 
17 14 2.0 5 4 1 0 8 8 2 0.277910992404 2 2 
17 14 2.0 4 4 0 0 4 6 1 0.428292739831 0 2 
17 14 2.0 7 2 0 0 8 11 2 0.0402109203144 1 2 
17 14 2.0 11 2 1 0 4 2 3 0.59164386597 2 0 
17 14 2.0 10 2 0 0 8 4 3 0.138843717487 2 0 
17 15 0.0 9 2 0 0 10 9 2 0.344998120535 3 0 
17 15 0.0 1 2 0 0 1 4 1 0.642101458733 0 1 
17 15 0.0 8 2 1 0 3 3 3 0.132166480135 1 1 
17 15 0.0 3 0 0 0 1 6 1 0.468888734554 0 1 
17 15 0.0 6 2 0 0 6 11 2 0.142223137804 1 2 
17 15 0.0 2 2 0 0 1 2 1 0.382146342258 0 1 
17 15 0.0 5 4 1 0 8 8 2 0.188923900821 2 2 
17 15 0.0 4 4 0 0 4 6 1 0.355114877061 0 2 
17 15 0.0 7 2 0 0 8 11 2 0.0613895733594 1 2 
17 15 0.0 11 2 1 0 4 2 3 0.000246320000177 2 0 
17 15 0.0 10 2 0 0 8 4 3 8.48222280332e-28 2 0 
17 15 2.0 9 2 0 0 10 9 2 0.542932885953 3 0 
17 15 2.0 1 2 0 0 1 4 1 0.575938007347 0 1 
17 15 2.0 8 2 1 0 3 3 3 3.44614089552e-40 1 1 
17 15 2.0 3 0 0 0 1 6 1 0.336569865854 0 1 
17 15 2.0 6 2 0 0 6 11 2 0.158638328769 1 2 
17 15 2.0 2 2 0 0 1 2 1 0.477053619249 0 1 
17 15 2.0 5 4 1 0 8 8 2 0.277910992433 2 2 
17 15 2.0 4 4 0 0 4 6 1 0.428292739901 0 2 
17 15 2.0 7 2 0 0 8 11 2 0.0402109203033 1 2 
17 15 2.0 11 2 1 0 4 2 3 0.591643865842 2 0 
17 15 2.0 10 2 0 0 8 4 3 0.138843717481 2 0 
17 16 0.0 9 2 0 0 10 9 2 0.345018566591 3 0 
17 16 0.0 1 2 0 0 1 4 1 0.642287878867 0 1 
17 16 0.0 8 2 1 0 3 3 3 0.132255748026 1 1 
17 16 0.0 3 0 0 0 1 6 1 0.468862604867 0 1 
17 16 0.0 6 2 0 0 6 11 2 0.142222267695 1 2 
17 16 0.0 2 2 0 0 1 2 1 0.382158226301 0 1 
17 16 0.0 5 4 1 0 8 8 2 0.188840678349 2 2 
17 16 0.0 4 4 0 0 4 6 1 0.355137834563 0 2 
17 16 0.0 7 2 0 0 8 11 2 0.0614252484247 1 2 
17 16 0.0 11 2 1 0 4 2 3 0.000144153716224 2 0 
17 16 0.0 10 2 0 0 8 4 3 4.9298685356e-27 2 0 
17 16 2.0 9 2 0 0 10 9 2 0.542932885931 3 0 
17 16 2.0 1 2 0 0 1 4 1 0.575938007288 0 1 
17 16 2.0 8 2 1 0 3 3 3 1.10673407887e-38 1 1 
17 16 2.0 3 0 0 0 1 6 1 0.33656986588 0 1 
17 16 2.0 6 2 0 0 6 11 2 0.158638328856 1 2 
17 16 2.0 2 2 0 0 1 2 1 0.477053619291 0 1 
17 16 2.0 5 4 1 0 8 8 2 0.277910992446 2 2 
17 16 2.0 4 4 0 0 4 6 1 0.428292739856 0 2 
17 16 2.0 7 2 0 0 8 11 2 0.040210920312 1 2 
17 16 2.0 11 2 1 0 4 2 3 0.591643865942 2 0 
17 16 2.0 10 2 0 0 8 4 3 0.138843717469 2 0 
17 17 0.0 9 2 0 0 10 9 2 0.345004226227 3 0 
17 17 0.0 1 2 0 0 1 4 1 0.64214030496 0 1 
17 17 0.0 8 2 1 0 3 3 3 0.132191758187 1 1 
17 17 0.0 3 0 0 0 1 6 1 0.468882535323 0 1 
17 17 0.0 6 2 0 0 6 11 2 0.142223345401 1 2 
17 17 0.0 2 2 0 0 1 2 1 0.382148387872 0 1 
17 17 0.0 5 4 1 0 8 8 2 0.188909099201 2 2 
17 17 0.0 4 4 0 0 4 6 1 0.355114388364 0 2 
17 17 0.0 7 2 0 0 8 11 2 0.0613997150307 1 2 
17 17 0.0 11 2 1 0 4 2 3 0.000220586207781 2 0 
17 17 0.0 10 2 0 0 8 4 3 2.15993479346e-28 2 0 
17 17 2.0 9 2 0 0 10 9 2 0.542932885912 3 0 
17 17 2.0 1 2 0 0 1 4 1 0.575938007247 0 1 
17 17 2.0 8 2 1 0 3 3 3 1.17084023435e-40 1 1 
17 17 2.0 3 0 0 0 1 6 1 0.336569865897 0 1 
17 17 2.0 6 2 0 0 6 11 2 0.158638328913 1 2 
17 17 2.0 2 2 0 0 1 2 1 0.477053619322 0 1 
17 17 2.0 5 4 1 0 8 8 2 0.277910992455 2 2 
17 17 2.0 4 4 0 0 4 6 1 0.428292739821 0 2 
17 17 2.0 7 2 0 0 8 11 2 0.0402109203178 1 2 
17 17 2.0 11 2 1 0 4 2 3 0.591643866008 2 0 
17 17 2.0 10 2 0 0 8 4 3 0.138843717455 2 0 
17 18 0.0 9 2 0 0 10 9 2 0.344997620332 3 0 
17 18 0.0 1 2 0 0 1 4 1 0.642088047001 0 1 
17 18 0.0 8 2 1 0 3 3 3 0.132163587999 1 1 
17 18 0.0 3 0 0 0 1 6 1 0.468890210784 0 1 
17 18 0.0 6 2 0 0 6 11 2 0.142223397423 1 2 
17 18 0.0 2 2 0 0 1 2 1 0.382145259571 0 1 
17 18 0.0 5 4 1 0 8 8 2 0.188931136942 2 2 
17 18 0.0 4 4 0 0 4 6 1 0.355110431539 0 2 
17 18 0.0 7 2 0 0 8 11 2 0.0613884123005 1 2 
17 18 0.0 11 2 1 0 4 2 3 0.000251328777476 2 0 
17 18 0.0 10 2 0 0 8 4 3 1.8628299307e-28 2 0 
17 18 2.0 9 2 0 0 10 9 2 0.542932885963 3 0 
17 18 2.0 1 2 0 0 1 4 1 0.575938007244 0 1 
17 18 2.0 8 2 1 0 3 3 3 3.87832896741e-40 1 1 
17 18 2.0 3 0 0 0 1 6 1 0.336569865908 0 1 
17 18 2.0 6 2 0 0 6 11 2 0.158638328949 1 2 
17 18 2.0 2 2 0 0 1 2 1 0.477053619226 0 1 
17 18 2.0 5 4 1 0 8 8 2 0.277910992405 2 2 
17 18 2.0 4 4 0 0 4 6 1 0.4282927398 0 2 
17 18 2.0 7 2 0 0 8 11 2 0.0402109203195 1 2 
17 18 2.0 11 2 1 0 4 2 3 0.591643866025 2 0 
17 18 2.0 10 2 0 0 8 4 3 0.138843717479 2 0 
17 19 0.0 9 2 0 0 10 9 2 0.345010278855 3 0 
17 19 0.0 1 2 0 0 1 4 1 0.642199380273 0 1 
17 19 0.0 8 2 1 0 3 3 3 0.132218206066 1 1 
17 19 0.0 3 0 0 0 1 6 1 0.468874608304 0 1 
17 19 0.0 6 2 0 0 6 11 2 0.142223160058 1 2 
17 19 0.0 2 2 0 0 1 2 1 0.382152289284 0 1 
17 19 0.0 5 4 1 0 8 8 2 0.188884158235 2 2 
17 19 0.0 4 4 0 0 4 6 1 0.35512347328 0 2 
17 19 0.0 7 2 0 0 8 11 2 0.0614108529235 1 2 
17 19 0.0 11 2 1 0 4 2 3 0.000189152178524 2 0 
17 19 0.0 10 2 0 0 8 4 3 3.00943785789e-28 2 0 
17 19 2.0 9 2 0 0 10 9 2 0.542932885891 3 0 
17 19 2.0 1 2 0 0 1 4 1 0.575938007295 0 1 
17 19 2.0 8 2 1 0 3 3 3 4.40817562476e-38 1 1 
17 19 2.0 3 0 0 0 1 6 1 0.336569865865 0 1 
17 19 2.0 6 2 0 0 6 11 2 0.158638328815 1 2 
17 19 2.0 2 2 0 0 1 2 1 0.47705361936 0 1 
17 19 2.0 5 4 1 0 8 8 2 0.277910992484 2 2 
17 19 2.0 4 4 0 0 4 6 1 0.428292739868 0 2 
17 19 2.0 7 2 0 0 8 11 2 0.0402109203101 1 2 
17 19 2.0 11 2 1 0 4 2 3 0.591643865907 2 0 
17 19 2.0 10 2 0 0 8 4 3 0.13884371744 2 0 
17 20 0.0 9 2 0 0 10 9 2 0.345002114764 3 0 
17 20 0.0 1 2 0 0 1 4 1 0.64212459412 0 1 
17 20 0.0 8 2 1 0 3 3 3 0.132182385787 1 1 
17 20 0.0 3 0 0 0 1 6 1 0.468885165392 0 1 
17 20 0.0 6 2 0 0 6 11 2 0.142223606077 1 2 
17 20 0.0 2 2 0 0 1 2 1 0.382147528221 0 1 
17 20 0.0 5 4 1 0 8 8 2 0.18891861205 2 2 
17 20 0.0 4 4 0 0 4 6 1 0.35511446013 0 2 
17 20 0.0 7 2 0 0 8 11 2 0.0613968270457 1 2 
17 20 0.0 11 2 1 0 4 2 3 0.000229997028286 2 0 
17 20 0.0 10 2 0 0 8 4 3 2.65072646289e-28 2 0 
17 20 2.0 9 2 0 0 10 9 2 0.542932885945 3 0 
17 20 2.0 1 2 0 0 1 4 1 0.575938007281 0 1 
17 20 2.0 8 2 1 0 3 3 3 7.66878679386e-39 1 1 
17 20 2.0 3 0 0 0 1 6 1 0.336569865886 0 1 
17 20 2.0 6 2 0 0 6 11 2 0.158638328877 1 2 
17 20 2.0 2 2 0 0 1 2 1 0.477053619262 0 1 
17 20 2.0 5 4 1 0 8 8 2 0.277910992429 2 2 
17 20 2.0 4 4 0 0 4 6 1 0.428292739842 0 2 
17 20 2.0 7 2 0 0 8 11 2 0.0402109203134 1 2 
17 20 2.0 11 2 1 0 4 2 3 0.591643865957 2 0 
17 20 2.0 10 2 0 0 8 4 3 0.138843717473 2 0 
17 21 0.0 9 2 0 0 10 9 2 0.345005189776 3 0 
17 21 0.0 1 2 0 0 1 4 1 0.642151403684 0 1 
17 21 0.0 8 2 1 0 3 3 3 0.132196659991 1 1 
17 21 0.0 3 0 0 0 1 6 1 0.468880773837 0 1 
17 21 0.0 6 2 0 0 6 11 2 0.142222929993 1 2 
17 21 0.0 2 2 0 0 1 2 1 0.382149092586 0 1 
17 21 0.0 5 4 1 0 8 8 2 0.188900308928 2 2 
17 21 0.0 4 4 0 0 4 6 1 0.355115451396 0 2 
17 21 0.0 7 2 0 0 8 11 2 0.0614006738275 1 2 
17 21 0.0 11 2 1 0 4 2 3 0.000215273651671 2 0 
17 21 0.0 10 2 0 0 8 4 3 5.25523811248e-28 2 0 
17 21 2.0 9 2 0 0 10 9 2 0.542932885927 3 0 
17 21 2.0 1 2 0 0 1 4 1 0.575938007237 0 1 
17 21 2.0 8 2 1 0 3 3 3 9.19872130223e-39 1 1 
17 21 2.0 3 0 0 0 1 6 1 0.336569865904 0 1 
17 21 2.0 6 2 0 0 6 11 2 0.158638328937 1 2 
17 21 2.0 2 2 0 0 1 2 1 0.477053619293 0 1 
17 21 2.0 5 4 1 0 8 8 2 0.277910992437 2 2 
17 21 2.0 4 4 0 0 4 6 1 0.428292739805 0 2 
17 21 2.0 7 2 0 0 8 11 2 0.0402109203195 1 2 
17 21 2.0 11 2 1 0 4 2 3 0.591643866026 2 0 
17 21 2.0 10 2 0 0 8 4 3 0.13884371746 2 0 
17 22 0.0 9 2 0 0 10 9 2 0.345016861931 3 0 
17 22 0.0 1 2 0 0 1 4 1 0.642252406464 0 1 
17 22 0.0 8 2 1 0 3 3 3 0.132246072232 1 1 
17 22 0.0 3 0 0 0 1 6 1 0.468867046108 0 1 
17 22 0.0 6 2 0 0 6 11 2 0.14222325563 1 2 
17 22 0.0 2 2 0 0 1 2 1 0.382155521037 0 1 
17 22 0.0 5 4 1 0 8 8 2 0.188863588078 2 2 
17 22 0.0 4 4 0 0 4 6 1 0.355128430067 0 2 
17 22 0.0 7 2 0 0 8 11 2 0.0614225908356 1 2 
17 22 0.0 11 2 1 0 4 2 3 0.000158148461605 2 0 
17 22 0.0 10 2 0 0 8 4 3 6.63775648389e-28 2 0 
17 22 2.0 9 2 0 0 10 9 2 0.542932885983 3 0 
17 22 2.0 1 2 0 0 1 4 1 0.575938007254 0 1 
17 22 2.0 8 2 1 0 3 3 3 4.60593466638e-40 1 1 
17 22 2.0 3 0 0 0 1 6 1 0.336569865907 0 1 
17 22 2.0 6 2 0 0 6 11 2 0.158638328944 1 2 
17 22 2.0 2 2 0 0 1 2 1 0.477053619188 0 1 
17 22 2.0 5 4 1 0 8 8 2 0.277910992387 2 2 
17 22 2.0 4 4 0 0 4 6 1 0.428292739802 0 2 
17 22 2.0 7 2 0 0 8 11 2 0.0402109203184 1 2 
17 22 2.0 11 2 1 0 4 2 3 0.591643866012 2 0 
17 22 2.0 10 2 0 0 8 4 3 0.138843717489 2 0 
17 23 0.0 9 2 0 0 10 9 2 0.344999530597 3 0 
17 23 0.0 1 2 0 0 1 4 1 0.642124291451 0 1 
17 23 0.0 8 2 1 0 3 3 3 0.132173011308 1 1 
17 23 0.0 3 0 0 0 1 6 1 0.468886247895 0 1 
17 23 0.0 6 2 0 0 6 11 2 0.142223069373 1 2 
17 23 0.0 2 2 0 0 1 2 1 0.382148107271 0 1 
17 23 0.0 5 4 1 0 8 8 2 0.188915218221 2 2 
17 23 0.0 4 4 0 0 4 6 1 0.355121695017 0 2 
17 23 0.0 7 2 0 0 8 11 2 0.0613930220356 1 2 
17 23 0.0 11 2 1 0 4 2 3 0.000236315141214 2 0 
17 23 0.0 10 2 0 0 8 4 3 8.54346959343e-28 2 0 
17 23 2.0 9 2 0 0 10 9 2 0.542932885894 3 0 
17 23 2.0 1 2 0 0 1 4 1 0.575938007232 0 1 
17 23 2.0 8 2 1 0 3 3 3 6.05924177596e-40 1 1 
17 23 2.0 3 0 0 0 1 6 1 0.336569865899 0 1 
17 23 2.0 6 2 0 0 6 11 2 0.158638328924 1 2 
17 23 2.0 2 2 0 0 1 2 1 0.477053619355 0 1 
17 23 2.0 5 4 1 0 8 8 2 0.27791099247 2 2 
17 23 2.0 4 4 0 0 4 6 1 0.428292739812 0 2 
17 23 2.0 7 2 0 0 8 11 2 0.0402109203195 1 2 
17 23 2.0 11 2 1 0 4 2 3 0.591643866026 2 0 
17 23 2.0 10 2 0 0 8 4 3 0.138843717444 2 0 
17 24 0.0 9 2 0 0 10 9 2 0.345019179989 3 0 
17 24 0.0 1 2 0 0 1 4 1 0.642272199726 0 1 
17 24 0.0 8 2 1 0 3 3 3 0.13225727443 1 1 
17 24 0.0 3 0 0 0 1 6 1 0.468863490188 0 1 
17 24 0.0 6 2 0 0 6 11 2 0.142222470887 1 2 
17 24 0.0 2 2 0 0 1 2 1 0.382156608326 0 1 
17 24 0.0 5 4 1 0 8 8 2 0.188846823383 2 2 
17 24 0.0 4 4 0 0 4 6 1 0.355128050804 0 2 
17 24 0.0 7 2 0 0 8 11 2 0.0614247471463 1 2 
17 24 0.0 11 2 1 0 4 2 3 0.00014730276659 2 0 
17 24 0.0 10 2 0 0 8 4 3 2.7649597306e-27 2 0 
17 24 2.0 9 2 0 0 10 9 2 0.542932885868 3 0 
17 24 2.0 1 2 0 0 1 4 1 0.575938007292 0 1 
17 24 2.0 8 2 1 0 3 3 3 6.35947816625e-40 1 1 
17 24 2.0 3 0 0 0 1 6 1 0.336569865865 0 1 
17 24 2.0 6 2 0 0 6 11 2 0.158638328809 1 2 
17 24 2.0 2 2 0 0 1 2 1 0.477053619409 0 1 
17 24 2.0 5 4 1 0 8 8 2 0.277910992507 2 2 
17 24 2.0 4 4 0 0 4 6 1 0.42829273988 0 2 
17 24 2.0 7 2 0 0 8 11 2 0.0402109203096 1 2 
17 24 2.0 11 2 1 0 4 2 3 0.591643865918 2 0 
17 24 2.0 10 2 0 0 8 4 3 0.138843717438 2 0 
17 25 0.0 9 2 0 0 10 9 2 0.345015224656 3 0 
17 25 0.0 1 2 0 0 1 4 1 0.642260216274 0 1 
17 25 0.0 8 2 1 0 3 3 3 0.132240572091 1 1 
17 25 0.0 3 0 0 0 1 6 1 0.468867100473 0 1 
17 25 0.0 6 2 0 0 6 11 2 0.142222826051 1 2 
17 25 0.0 2 2 0 0 1 2 1 0.38215663256 0 1 
17 25 0.0 5 4 1 0 8 8 2 0.18885817009 2 2 
17 25 0.0 4 4 0 0 4 6 1 0.355136942094 0 2 
17 25 0.0 7 2 0 0 8 11 2 0.0614207676649 1 2 
17 25 0.0 11 2 1 0 4 2 3 0.000159814061239 2 0 
17 25 0.0 10 2 0 0 8 4 3 1.13932518722e-28 2 0 
17 25 2.0 9 2 0 0 10 9 2 0.542932885891 3 0 
17 25 2.0 1 2 0 0 1 4 1 0.57593800726 0 1 
17 25 2.0 8 2 1 0 3 3 3 2.09693471917e-39 1 1 
17 25 2.0 3 0 0 0 1 6 1 0.336569865884 0 1 
17 25 2.0 6 2 0 0 6 11 2 0.158638328874 1 2 
17 25 2.0 2 2 0 0 1 2 1 0.477053619363 0 1 
17 25 2.0 5 4 1 0 8 8 2 0.277910992477 2 2 
17 25 2.0 4 4 0 0 4 6 1 0.428292739838 0 2 
17 25 2.0 7 2 0 0 8 11 2 0.0402109203149 1 2 
17 25 2.0 11 2 1 0 4 2 3 0.591643865977 2 0 
17 25 2.0 10 2 0 0 8 4 3 0.138843717444 2 0 
17 26 0.0 9 2 0 0 10 9 2 0.345017155525 3 0 
17 26 0.0 1 2 0 0 1 4 1 0.642263908558 0 1 
17 26 0.0 8 2 1 0 3 3 3 0.132247457535 1 1 
17 26 0.0 3 0 0 0 1 6 1 0.46886620734 0 1 
17 26 0.0 6 2 0 0 6 11 2 0.142223377246 1 2 
17 26 0.0 2 2 0 0 1 2 1 0.382156557316 0 1 
17 26 0.0 5 4 1 0 8 8 2 0.188861388739 2 2 
17 26 0.0 4 4 0 0 4 6 1 0.355133865343 0 2 
17 26 0.0 7 2 0 0 8 11 2 0.0614243426956 1 2 
17 26 0.0 11 2 1 0 4 2 3 0.000153986350631 2 0 
17 26 0.0 10 2 0 0 8 4 3 1.1815317205e-27 2 0 
17 26 2.0 9 2 0 0 10 9 2 0.542932885962 3 0 
17 26 2.0 1 2 0 0 1 4 1 0.575938007248 0 1 
17 26 2.0 8 2 1 0 3 3 3 2.06421162137e-40 1 1 
17 26 2.0 3 0 0 0 1 6 1 0.336569865905 0 1 
17 26 2.0 6 2 0 0 6 11 2 0.158638328939 1 2 
17 26 2.0 2 2 0 0 1 2 1 0.477053619225 0 1 
17 26 2.0 5 4 1 0 8 8 2 0.277910992408 2 2 
17 26 2.0 4 4 0 0 4 6 1 0.428292739802 0 2 
17 26 2.0 7 2 0 0 8 11 2 0.040210920319 1 2 
17 26 2.0 11 2 1 0 4 2 3 0.591643866013 2 0 
17 26 2.0 10 2 0 0 8 4 3 0.138843717476 2 0 
17 27 0.0 9 2 0 0 10 9 2 0.345017591606 3 0 
17 27 0.0 1 2 0 0 1 4 1 0.642256907867 0 1 
17 27 0.0 8 2 1 0 3 3 3 0.132250111295 1 1 
17 27 0.0 3 0 0 0 1 6 1 0.468865694509 0 1 
17 27 0.0 6 2 0 0 6 11 2 0.142222658545 1 2 
17 27 0.0 2 2 0 0 1 2 1 0.382155632533 0 1 
17 27 0.0 5 4 1 0 8 8 2 0.188854877807 2 2 
17 27 0.0 4 4 0 0 4 6 1 0.355126236701 0 2 
17 27 0.0 7 2 0 0 8 11 2 0.0614222023816 1 2 
17 27 0.0 11 2 1 0 4 2 3 0.000155422206588 2 0 
17 27 0.0 10 2 0 0 8 4 3 3.2392041007e-27 2 0 
17 27 2.0 9 2 0 0 10 9 2 0.542932885869 3 0 
17 27 2.0 1 2 0 0 1 4 1 0.575938007255 0 1 
17 27 2.0 8 2 1 0 3 3 3 1.11700685219e-40 1 1 
17 27 2.0 3 0 0 0 1 6 1 0.336569865884 0 1 
17 27 2.0 6 2 0 0 6 11 2 0.158638328873 1 2 
17 27 2.0 2 2 0 0 1 2 1 0.477053619404 0 1 
17 27 2.0 5 4 1 0 8 8 2 0.277910992498 2 2 
17 27 2.0 4 4 0 0 4 6 1 0.428292739842 0 2 
17 27 2.0 7 2 0 0 8 11 2 0.0402109203155 1 2 
17 27 2.0 11 2 1 0 4 2 3 0.591643865983 2 0 
17 27 2.0 10 2 0 0 8 4 3 0.138843717434 2 0 
17 28 0.0 9 2 0 0 10 9 2 0.345014762947 3 0 
17 28 0.0 1 2 0 0 1 4 1 0.642233956887 0 1 
17 28 0.0 8 2 1 0 3 3 3 0.132238393732 1 1 
17 28 0.0 3 0 0 0 1 6 1 0.468868792895 0 1 
17 28 0.0 6 2 0 0 6 11 2 0.142222454828 1 2 
17 28 0.0 2 2 0 0 1 2 1 0.382154193157 0 1 
17 28 0.0 5 4 1 0 8 8 2 0.188861931375 2 2 
17 28 0.0 4 4 0 0 4 6 1 0.355123480596 0 2 
17 28 0.0 7 2 0 0 8 11 2 0.0614167240734 1 2 
17 28 0.0 11 2 1 0 4 2 3 0.000168879253498 2 0 
17 28 0.0 10 2 0 0 8 4 3 1.65855718658e-27 2 0 
17 28 2.0 9 2 0 0 10 9 2 0.542932885927 3 0 
17 28 2.0 1 2 0 0 1 4 1 0.575938007253 0 1 
17 28 2.0 8 2 1 0 3 3 3 5.890945211e-41 1 1 
17 28 2.0 3 0 0 0 1 6 1 0.336569865896 0 1 
17 28 2.0 6 2 0 0 6 11 2 0.158638328911 1 2 
17 28 2.0 2 2 0 0 1 2 1 0.477053619295 0 1 
17 28 2.0 5 4 1 0 8 8 2 0.277910992441 2 2 
17 28 2.0 4 4 0 0 4 6 1 0.428292739822 0 2 
17 28 2.0 7 2 0 0 8 11 2 0.0402109203171 1 2 
17 28 2.0 11 2 1 0 4 2 3 0.591643866 2 0 
17 28 2.0 10 2 0 0 8 4 3 0.138843717463 2 0 
17 29 0.0 9 2 0 0 10 9 2 0.34500152681 3 0 
17 29 0.0 1 2 0 0 1 4 1 0.642130112398 0 1 
17 29 0.0 8 2 1 0 3 3 3 0.132181342689 1 1 
17 29 0.0 3 0 0 0 1 6 1 0.468884493802 0 1 
17 29 0.0 6 2 0 0 6 11 2 0.142222943407 1 2 
17 29 0.0 2 2 0 0 1 2 1 0.382148084536 0 1 
17 29 0.0 5 4 1 0 8 8 2 0.188910165331 2 2 
17 29 0.0 4 4 0 0 4 6 1 0.355117262385 0 2 
17 29 0.0 7 2 0 0 8 11 2 0.0613951462575 1 2 
17 29 0.0 11 2 1 0 4 2 3 0.000230044575562 2 0 
17 29 0.0 10 2 0 0 8 4 3 2.52318502261e-28 2 0 
17 29 2.0 9 2 0 0 10 9 2 0.542932885937 3 0 
17 29 2.0 1 2 0 0 1 4 1 0.575938007194 0 1 
17 29 2.0 8 2 1 0 3 3 3 5.61939157856e-38 1 1 
17 29 2.0 3 0 0 0 1 6 1 0.336569865925 0 1 
17 29 2.0 6 2 0 0 6 11 2 0.15863832901 1 2 
17 29 2.0 2 2 0 0 1 2 1 0.477053619269 0 1 
17 29 2.0 5 4 1 0 8 8 2 0.277910992421 2 2 
17 29 2.0 4 4 0 0 4 6 1 0.428292739757 0 2 
17 29 2.0 7 2 0 0 8 11 2 0.0402109203264 1 2 
17 29 2.0 11 2 1 0 4 2 3 0.5916438661 2 0 
17 29 2.0 10 2 0 0 8 4 3 0.138843717459 2 0 
17 30 0.0 9 2 0 0 10 9 2 0.345013441475 3 0 
17 30 0.0 1 2 0 0 1 4 1 0.642219744774 0 1 
17 30 0.0 8 2 1 0 3 3 3 0.132232346564 1 1 
17 30 0.0 3 0 0 0 1 6 1 0.468870748647 0 1 
17 30 0.0 6 2 0 0 6 11 2 0.142222631811 1 2 
17 30 0.0 2 2 0 0 1 2 1 0.382153243862 0 1 
17 30 0.0 5 4 1 0 8 8 2 0.188869290379 2 2 
17 30 0.0 4 4 0 0 4 6 1 0.35512125471 0 2 
17 30 0.0 7 2 0 0 8 11 2 0.0614145089541 1 2 
17 30 0.0 11 2 1 0 4 2 3 0.000176066041144 2 0 
17 30 0.0 10 2 0 0 8 4 3 1.3896146993e-27 2 0 
17 30 2.0 9 2 0 0 10 9 2 0.542932886143 3 0 
17 30 2.0 1 2 0 0 1 4 1 0.57593800736 0 1 
17 30 2.0 8 2 1 0 3 3 3 3.41493779573e-38 1 1 
17 30 2.0 3 0 0 0 1 6 1 0.336569865887 0 1 
17 30 2.0 6 2 0 0 6 11 2 0.158638328865 1 2 
17 30 2.0 2 2 0 0 1 2 1 0.477053618891 0 1 
17 30 2.0 5 4 1 0 8 8 2 0.277910992248 2 2 
17 30 2.0 4 4 0 0 4 6 1 0.42829273985 0 2 
17 30 2.0 7 2 0 0 8 11 2 0.0402109203058 1 2 
17 30 2.0 11 2 1 0 4 2 3 0.591643865868 2 0 
17 30 2.0 10 2 0 0 8 4 3 0.138843717575 2 0 
17 31 0.0 9 2 0 0 10 9 2 0.345002864785 3 0 
17 31 0.0 1 2 0 0 1 4 1 0.642137494168 0 1 
17 31 0.0 8 2 1 0 3 3 3 0.132185874459 1 1 
17 31 0.0 3 0 0 0 1 6 1 0.468883800166 0 1 
17 31 0.0 6 2 0 0 6 11 2 0.142223578213 1 2 
17 31 0.0 2 2 0 0 1 2 1 0.382148541334 0 1 
17 31 0.0 5 4 1 0 8 8 2 0.188913876831 2 2 
17 31 0.0 4 4 0 0 4 6 1 0.355118513964 0 2 
17 31 0.0 7 2 0 0 8 11 2 0.0613987608679 1 2 
17 31 0.0 11 2 1 0 4 2 3 0.000224445040186 2 0 
17 31 0.0 10 2 0 0 8 4 3 7.81751395662e-28 2 0 
17 31 2.0 9 2 0 0 10 9 2 0.542932885897 3 0 
17 31 2.0 1 2 0 0 1 4 1 0.575938007272 0 1 
17 31 2.0 8 2 1 0 3 3 3 8.96108545395e-41 1 1 
17 31 2.0 3 0 0 0 1 6 1 0.336569865881 0 1 
17 31 2.0 6 2 0 0 6 11 2 0.158638328861 1 2 
17 31 2.0 2 2 0 0 1 2 1 0.477053619354 0 1 
17 31 2.0 5 4 1 0 8 8 2 0.277910992475 2 2 
17 31 2.0 4 4 0 0 4 6 1 0.428292739851 0 2 
17 31 2.0 7 2 0 0 8 11 2 0.0402109203134 1 2 
17 31 2.0 11 2 1 0 4 2 3 0.591643865961 2 0 
17 31 2.0 10 2 0 0 8 4 3 0.13884371745 2 0 
17 32 0.0 9 2 0 0 10 9 2 0.345002038504 3 0 
17 32 0.0 1 2 0 0 1 4 1 0.64214299759 0 1 
17 32 0.0 8 2 1 0 3 3 3 0.132183411379 1 1 
17 32 0.0 3 0 0 0 1 6 1 0.468883564677 0 1 
17 32 0.0 6 2 0 0 6 11 2 0.142223203631 1 2 
17 32 0.0 2 2 0 0 1 2 1 0.382149217 0 1 
17 32 0.0 5 4 1 0 8 8 2 0.188908911763 2 2 
17 32 0.0 4 4 0 0 4 6 1 0.355123111987 0 2 
17 32 0.0 7 2 0 0 8 11 2 0.0613975926269 1 2 
17 32 0.0 11 2 1 0 4 2 3 0.000224903165983 2 0 
17 32 0.0 10 2 0 0 8 4 3 1.1816856635e-27 2 0 
17 32 2.0 9 2 0 0 10 9 2 0.542932885912 3 0 
17 32 2.0 1 2 0 0 1 4 1 0.575938007255 0 1 
17 32 2.0 8 2 1 0 3 3 3 9.35144895979e-41 1 1 
17 32 2.0 3 0 0 0 1 6 1 0.336569865892 0 1 
17 32 2.0 6 2 0 0 6 11 2 0.158638328898 1 2 
17 32 2.0 2 2 0 0 1 2 1 0.477053619323 0 1 
17 32 2.0 5 4 1 0 8 8 2 0.277910992456 2 2 
17 32 2.0 4 4 0 0 4 6 1 0.428292739828 0 2 
17 32 2.0 7 2 0 0 8 11 2 0.0402109203164 1 2 
17 32 2.0 11 2 1 0 4 2 3 0.591643865992 2 0 
17 32 2.0 10 2 0 0 8 4 3 0.138843717455 2 0 
17 33 0.0 9 2 0 0 10 9 2 0.34500535246 3 0 
17 33 0.0 1 2 0 0 1 4 1 0.642171760005 0 1 
17 33 0.0 8 2 1 0 3 3 3 0.132198397502 1 1 
17 33 0.0 3 0 0 0 1 6 1 0.468879079259 0 1 
17 33 0.0 6 2 0 0 6 11 2 0.142222713639 1 2 
17 33 0.0 2 2 0 0 1 2 1 0.382150936712 0 1 
17 33 0.0 5 4 1 0 8 8 2 0.188891914777 2 2 
17 33 0.0 4 4 0 0 4 6 1 0.355124906182 0 2 
17 33 0.0 7 2 0 0 8 11 2 0.061402336191 1 2 
17 33 0.0 11 2 1 0 4 2 3 0.000208953946835 2 0 
17 33 0.0 10 2 0 0 8 4 3 1.70498765198e-27 2 0 
17 33 2.0 9 2 0 0 10 9 2 0.542932885942 3 0 
17 33 2.0 1 2 0 0 1 4 1 0.575938007255 0 1 
17 33 2.0 8 2 1 0 3 3 3 1.55211981682e-40 1 1 
17 33 2.0 3 0 0 0 1 6 1 0.336569865899 0 1 
17 33 2.0 6 2 0 0 6 11 2 0.158638328918 1 2 
17 33 2.0 2 2 0 0 1 2 1 0.477053619267 0 1 
17 33 2.0 5 4 1 0 8 8 2 0.277910992428 2 2 
17 33 2.0 4 4 0 0 4 6 1 0.428292739819 0 2 
17 33 2.0 7 2 0 0 8 11 2 0.0402109203173 1 2 
17 33 2.0 11 2 1 0 4 2 3 0.591643866001 2 0 
17 33 2.0 10 2 0 0 8 4 3 0.13884371747 2 0 
17 34 0.0 9 2 0 0 10 9 2 0.34500690115 3 0 
17 34 0.0 1 2 0 0 1 4 1 0.642161974597 0 1 
17 34 0.0 8 2 1 0 3 3 3 0.132203299167 1 1 
17 34 0.0 3 0 0 0 1 6 1 0.468879322383 0 1 
17 34 0.0 6 2 0 0 6 11 2 0.142223253044 1 2 
17 34 0.0 2 2 0 0 1 2 1 0.382149687224 0 1 
17 34 0.0 5 4 1 0 8 8 2 0.188899228682 2 2 
17 34 0.0 4 4 0 0 4 6 1 0.35511602717 0 2 
17 34 0.0 7 2 0 0 8 11 2 0.0614041608343 1 2 
17 34 0.0 11 2 1 0 4 2 3 0.00020802146969 2 0 
17 34 0.0 10 2 0 0 8 4 3 4.61275674489e-28 2 0 
17 34 2.0 9 2 0 0 10 9 2 0.542932885936 3 0 
17 34 2.0 1 2 0 0 1 4 1 0.575938007369 0 1 
17 34 2.0 8 2 1 0 3 3 3 1.8044428817e-38 1 1 
17 34 2.0 3 0 0 0 1 6 1 0.336569865842 0 1 
17 34 2.0 6 2 0 0 6 11 2 0.158638328727 1 2 
17 34 2.0 2 2 0 0 1 2 1 0.477053619286 0 1 
17 34 2.0 5 4 1 0 8 8 2 0.277910992454 2 2 
17 34 2.0 4 4 0 0 4 6 1 0.428292739932 0 2 
17 34 2.0 7 2 0 0 8 11 2 0.0402109202996 1 2 
17 34 2.0 11 2 1 0 4 2 3 0.591643865805 2 0 
17 34 2.0 10 2 0 0 8 4 3 0.138843717479 2 0 
17 35 0.0 9 2 0 0 10 9 2 0.345005531199 3 0 
17 35 0.0 1 2 0 0 1 4 1 0.642159515288 0 1 
17 35 0.0 8 2 1 0 3 3 3 0.13219785637 1 1 
17 35 0.0 3 0 0 0 1 6 1 0.468880290497 0 1 
17 35 0.0 6 2 0 0 6 11 2 0.14222320832 1 2 
17 35 0.0 2 2 0 0 1 2 1 0.382149825325 0 1 
17 35 0.0 5 4 1 0 8 8 2 0.188900779391 2 2 
17 35 0.0 4 4 0 0 4 6 1 0.355119439835 0 2 
17 35 0.0 7 2 0 0 8 11 2 0.0614025236984 1 2 
17 35 0.0 11 2 1 0 4 2 3 0.000211932714595 2 0 
17 35 0.0 10 2 0 0 8 4 3 2.75032422544e-28 2 0 
17 35 2.0 9 2 0 0 10 9 2 0.542932885946 3 0 
17 35 2.0 1 2 0 0 1 4 1 0.575938007233 0 1 
17 35 2.0 8 2 1 0 3 3 3 6.21939885441e-40 1 1 
17 35 2.0 3 0 0 0 1 6 1 0.336569865909 0 1 
17 35 2.0 6 2 0 0 6 11 2 0.158638328953 1 2 
17 35 2.0 2 2 0 0 1 2 1 0.477053619258 0 1 
17 35 2.0 5 4 1 0 8 8 2 0.277910992419 2 2 
17 35 2.0 4 4 0 0 4 6 1 0.428292739795 0 2 
17 35 2.0 7 2 0 0 8 11 2 0.0402109203204 1 2 
17 35 2.0 11 2 1 0 4 2 3 0.591643866039 2 0 
17 35 2.0 10 2 0 0 8 4 3 0.138843717469 2 0 
17 36 0.0 9 2 0 0 10 9 2 0.344985988604 3 0 
17 36 0.0 1 2 0 0 1 4 1 0.642002978182 0 1 
17 36 0.0 8 2 1 0 3 3 3 0.132113958245 1 1 
17 36 0.0 3 0 0 0 1 6 1 0.468903435956 0 1 
17 36 0.0 6 2 0 0 6 11 2 0.142223667463 1 2 
17 36 0.0 2 2 0 0 1 2 1 0.382140447282 0 1 
17 36 0.0 5 4 1 0 8 8 2 0.188969952801 2 2 
17 36 0.0 4 4 0 0 4 6 1 0.355107736999 0 2 
17 36 0.0 7 2 0 0 8 11 2 0.0613696694607 1 2 
17 36 0.0 11 2 1 0 4 2 3 0.00030328764401 2 0 
17 36 0.0 10 2 0 0 8 4 3 1.57324229889e-28 2 0 
17 36 2.0 9 2 0 0 10 9 2 0.542932885881 3 0 
17 36 2.0 1 2 0 0 1 4 1 0.575938007302 0 1 
17 36 2.0 8 2 1 0 3 3 3 6.23441352034e-40 1 1 
17 36 2.0 3 0 0 0 1 6 1 0.336569865863 0 1 
17 36 2.0 6 2 0 0 6 11 2 0.158638328803 1 2 
17 36 2.0 2 2 0 0 1 2 1 0.477053619385 0 1 
17 36 2.0 5 4 1 0 8 8 2 0.277910992495 2 2 
17 36 2.0 4 4 0 0 4 6 1 0.428292739885 0 2 
17 36 2.0 7 2 0 0 8 11 2 0.0402109203085 1 2 
17 36 2.0 11 2 1 0 4 2 3 0.591643865906 2 0 
17 36 2.0 10 2 0 0 8 4 3 0.138843717445 2 0 
17 37 0.0 9 2 0 0 10 9 2 0.345000134503 3 0 
17 37 0.0 1 2 0 0 1 4 1 0.642118320143 0 1 
17 37 0.0 8 2 1 0 3 3 3 0.132175338341 1 1 
17 37 0.0 3 0 0 0 1 6 1 0.468886188086 0 1 
17 37 0.0 6 2 0 0 6 11 2 0.142222978519 1 2 
17 37 0.0 2 2 0 0 1 2 1 0.382147356299 0 1 
17 37 0.0 5 4 1 0 8 8 2 0.188915299001 2 2 
17 37 0.0 4 4 0 0 4 6 1 0.355116096114 0 2 
17 37 0.0 7 2 0 0 8 11 2 0.0613927459729 1 2 
17 37 0.0 11 2 1 0 4 2 3 0.000236743480946 2 0 
17 37 0.0 10 2 0 0 8 4 3 6.61993298476e-28 2 0 
17 37 2.0 9 2 0 0 10 9 2 0.542932885955 3 0 
17 37 2.0 1 2 0 0 1 4 1 0.575938007248 0 1 
17 37 2.0 8 2 1 0 3 3 3 2.00844964046e-39 1 1 
17 37 2.0 3 0 0 0 1 6 1 0.336569865905 0 1 
17 37 2.0 6 2 0 0 6 11 2 0.158638328938 1 2 
17 37 2.0 2 2 0 0 1 2 1 0.477053619242 0 1 
17 37 2.0 5 4 1 0 8 8 2 0.277910992413 2 2 
17 37 2.0 4 4 0 0 4 6 1 0.428292739807 0 2 
17 37 2.0 7 2 0 0 8 11 2 0.0402109203187 1 2 
17 37 2.0 11 2 1 0 4 2 3 0.591643866015 2 0 
17 37 2.0 10 2 0 0 8 4 3 0.138843717475 2 0 
17 38 0.0 9 2 0 0 10 9 2 0.345004107897 3 0 
17 38 0.0 1 2 0 0 1 4 1 0.64213990705 0 1 
17 38 0.0 8 2 1 0 3 3 3 0.132191191708 1 1 
17 38 0.0 3 0 0 0 1 6 1 0.468882684202 0 1 
17 38 0.0 6 2 0 0 6 11 2 0.142223393916 1 2 
17 38 0.0 2 2 0 0 1 2 1 0.38214839001 0 1 
17 38 0.0 5 4 1 0 8 8 2 0.188909876229 2 2 
17 38 0.0 4 4 0 0 4 6 1 0.355114762046 0 2 
17 38 0.0 7 2 0 0 8 11 2 0.0613996878543 1 2 
17 38 0.0 11 2 1 0 4 2 3 0.000220955020603 2 0 
17 38 0.0 10 2 0 0 8 4 3 3.96400074067e-28 2 0 
17 38 2.0 9 2 0 0 10 9 2 0.54293288585 3 0 
17 38 2.0 1 2 0 0 1 4 1 0.575938007269 0 1 
17 38 2.0 8 2 1 0 3 3 3 2.05518905605e-39 1 1 
17 38 2.0 3 0 0 0 1 6 1 0.336569865873 0 1 
17 38 2.0 6 2 0 0 6 11 2 0.158638328837 1 2 
17 38 2.0 2 2 0 0 1 2 1 0.477053619442 0 1 
17 38 2.0 5 4 1 0 8 8 2 0.27791099252 2 2 
17 38 2.0 4 4 0 0 4 6 1 0.428292739863 0 2 
17 38 2.0 7 2 0 0 8 11 2 0.0402109203129 1 2 
17 38 2.0 11 2 1 0 4 2 3 0.591643865954 2 0 
17 38 2.0 10 2 0 0 8 4 3 0.138843717426 2 0 
17 39 0.0 9 2 0 0 10 9 2 0.345017735294 3 0 
17 39 0.0 1 2 0 0 1 4 1 0.642268712768 0 1 
17 39 0.0 8 2 1 0 3 3 3 0.132251958821 1 1 
17 39 0.0 3 0 0 0 1 6 1 0.468864290364 0 1 
17 39 0.0 6 2 0 0 6 11 2 0.142222141537 1 2 
17 39 0.0 2 2 0 0 1 2 1 0.382156610943 0 1 
17 39 0.0 5 4 1 0 8 8 2 0.188845552201 2 2 
17 39 0.0 4 4 0 0 4 6 1 0.35513024583 0 2 
17 39 0.0 7 2 0 0 8 11 2 0.0614222099842 1 2 
17 39 0.0 11 2 1 0 4 2 3 0.000151838327128 2 0 
17 39 0.0 10 2 0 0 8 4 3 2.82350980072e-27 2 0 
17 39 2.0 9 2 0 0 10 9 2 0.542932885913 3 0 
17 39 2.0 1 2 0 0 1 4 1 0.575938007252 0 1 
17 39 2.0 8 2 1 0 3 3 3 5.17608271308e-40 1 1 
17 39 2.0 3 0 0 0 1 6 1 0.336569865893 0 1 
17 39 2.0 6 2 0 0 6 11 2 0.158638328904 1 2 
17 39 2.0 2 2 0 0 1 2 1 0.477053619319 0 1 
17 39 2.0 5 4 1 0 8 8 2 0.277910992455 2 2 
17 39 2.0 4 4 0 0 4 6 1 0.428292739823 0 2 
17 39 2.0 7 2 0 0 8 11 2 0.0402109203171 1 2 
17 39 2.0 11 2 1 0 4 2 3 0.591643865996 2 0 
17 39 2.0 10 2 0 0 8 4 3 0.138843717454 2 0 
17 40 0.0 9 2 0 0 10 9 2 0.345002430974 3 0 
17 40 0.0 1 2 0 0 1 4 1 0.64213020967 0 1 
17 40 0.0 8 2 1 0 3 3 3 0.132184179352 1 1 
17 40 0.0 3 0 0 0 1 6 1 0.468884385187 0 1 
17 40 0.0 6 2 0 0 6 11 2 0.142223401324 1 2 
17 40 0.0 2 2 0 0 1 2 1 0.382147933958 0 1 
17 40 0.0 5 4 1 0 8 8 2 0.188914392487 2 2 
17 40 0.0 4 4 0 0 4 6 1 0.355115622277 0 2 
17 40 0.0 7 2 0 0 8 11 2 0.0613971665826 1 2 
17 40 0.0 11 2 1 0 4 2 3 0.000227701018906 2 0 
17 40 0.0 10 2 0 0 8 4 3 8.03847749332e-28 2 0 
17 40 2.0 9 2 0 0 10 9 2 0.542932885921 3 0 
17 40 2.0 1 2 0 0 1 4 1 0.575938007358 0 1 
17 40 2.0 8 2 1 0 3 3 3 1.91902174305e-39 1 1 
17 40 2.0 3 0 0 0 1 6 1 0.336569865844 0 1 
17 40 2.0 6 2 0 0 6 11 2 0.158638328734 1 2 
17 40 2.0 2 2 0 0 1 2 1 0.477053619312 0 1 
17 40 2.0 5 4 1 0 8 8 2 0.277910992466 2 2 
17 40 2.0 4 4 0 0 4 6 1 0.428292739926 0 2 
17 40 2.0 7 2 0 0 8 11 2 0.0402109203008 1 2 
17 40 2.0 11 2 1 0 4 2 3 0.591643865819 2 0 
17 40 2.0 10 2 0 0 8 4 3 0.13884371747 2 0 
