115 1 0.0 4 28 8 0 45 18 2 1.05614826638e-27 2 7 
115 1 0.0 3 19 7 0 28 31 2 0.203143993492 3 4 
115 1 0.0 15 33 20 0 29 63 3 2.20824707345e-53 9 3 
115 1 0.0 14 5 0 0 14 4 4 7.06993683175e-78 2 0 
115 1 0.0 2 11 2 0 5 12 1 0.300785998373 0 3 
115 1 0.0 17 18 6 0 15 10 4 1.81982803132e-78 4 1 
115 1 0.0 8 17 6 0 27 35 3 5.46608983992e-79 1 5 
115 1 0.0 1 11 2 0 5 12 1 0.300785998373 0 3 
115 1 0.0 16 19 12 0 19 35 4 8.34899243286e-78 5 3 
115 1 0.0 11 18 10 0 17 32 3 1.61751294313e-26 4 3 
115 1 0.0 7 19 2 0 37 17 3 1.3458377345e-45 3 3 
115 1 0.0 10 4 0 0 15 9 3 7.04871316767e-78 1 1 
115 1 0.0 6 14 6 0 19 28 3 1.46102121032e-28 2 3 
115 1 0.0 18 17 4 0 15 14 4 1.489651383e-78 4 1 
115 1 0.0 13 15 6 0 18 36 4 1.53105453699e-78 2 4 
115 1 0.0 5 11 3 0 24 29 2 0.203143993605 3 2 
115 1 0.0 9 16 4 0 32 26 3 4.18243867559e-81 2 4 
115 1 0.0 12 13 2 0 14 28 4 3.16802956899e-78 2 2 
115 1 0.0 19 15 2 0 6 5 4 2.69679555329e-77 3 0 
115 1 2.0 4 28 8 0 45 18 2 0.0417048406568 2 7 
115 1 2.0 3 19 7 0 28 31 2 0.218821516931 3 4 
115 1 2.0 15 33 20 0 29 63 3 9.02173512098e-12 9 3 
115 1 2.0 14 5 0 0 14 4 4 1.08274228012e-46 2 0 
115 1 2.0 2 11 2 0 5 12 1 0.285613578502 0 3 
115 1 2.0 17 18 6 0 15 10 4 3.92843355905e-07 4 1 
115 1 2.0 8 17 6 0 27 35 3 5.67361183009e-66 1 5 
115 1 2.0 1 11 2 0 5 12 1 0.285613578502 0 3 
115 1 2.0 16 19 12 0 19 35 4 1.55581811838e-12 5 3 
115 1 2.0 11 18 10 0 17 32 3 0.253352196329 4 3 
115 1 2.0 7 19 2 0 37 17 3 1.34780360957e-05 3 3 
115 1 2.0 10 4 0 0 15 9 3 1.12269192834e-32 1 1 
115 1 2.0 6 14 6 0 19 28 3 9.56421985943e-16 2 3 
115 1 2.0 18 17 4 0 15 14 4 1.73887518411e-48 4 1 
115 1 2.0 13 15 6 0 18 36 4 1.09872056047e-48 2 4 
115 1 2.0 5 11 3 0 24 29 2 0.218864104907 3 2 
115 1 2.0 9 16 4 0 32 26 3 2.35667310548e-45 2 4 
115 1 2.0 12 13 2 0 14 28 4 2.67650833056e-47 2 2 
115 1 2.0 19 15 2 0 6 5 4 1.53851771832e-45 3 0 
115 2 0.0 4 28 8 0 45 18 2 1.03606645815e-26 2 7 
115 2 0.0 3 19 7 0 28 31 2 0.203143993478 3 4 
115 2 0.0 15 33 20 0 29 63 3 1.34676983134e-53 9 3 
115 2 0.0 14 5 0 0 14 4 4 9.59936413783e-78 2 0 
115 2 0.0 2 11 2 0 5 12 1 0.300785998377 0 3 
115 2 0.0 17 18 6 0 15 10 4 1.42378573527e-78 4 1 
115 2 0.0 8 17 6 0 27 35 3 1.08450137773e-78 1 5 
115 2 0.0 1 11 2 0 5 12 1 0.300785998377 0 3 
115 2 0.0 16 19 12 0 19 35 4 5.20358189951e-78 5 3 
115 2 0.0 11 18 10 0 17 32 3 5.15998036e-27 4 3 
115 2 0.0 7 19 2 0 37 17 3 2.65973963255e-46 3 3 
115 2 0.0 10 4 0 0 15 9 3 3.37340684289e-78 1 1 
115 2 0.0 6 14 6 0 19 28 3 2.48443900499e-29 2 3 
115 2 0.0 18 17 4 0 15 14 4 8.23744137825e-79 4 1 
115 2 0.0 13 15 6 0 18 36 4 8.88686163494e-79 2 4 
115 2 0.0 5 11 3 0 24 29 2 0.203143993629 3 2 
115 2 0.0 9 16 4 0 32 26 3 8.57021143004e-81 2 4 
115 2 0.0 12 13 2 0 14 28 4 4.27270954257e-78 2 2 
115 2 0.0 19 15 2 0 6 5 4 3.06119190277e-77 3 0 
115 2 2.0 4 28 8 0 45 18 2 0.0417043677719 2 7 
115 2 2.0 3 19 7 0 28 31 2 0.218837558988 3 4 
115 2 2.0 15 33 20 0 29 63 3 1.68204322577e-11 9 3 
115 2 2.0 14 5 0 0 14 4 4 2.5363562549e-46 2 0 
115 2 2.0 2 11 2 0 5 12 1 0.285609701003 0 3 
115 2 2.0 17 18 6 0 15 10 4 2.02878617777e-06 4 1 
115 2 2.0 8 17 6 0 27 35 3 1.59130132278e-66 1 5 
115 2 2.0 1 11 2 0 5 12 1 0.285609701003 0 3 
115 2 2.0 16 19 12 0 19 35 4 1.22115880932e-12 5 3 
115 2 2.0 11 18 10 0 17 32 3 0.25335091215 4 3 
115 2 2.0 7 19 2 0 37 17 3 3.91444692895e-06 3 3 
115 2 2.0 10 4 0 0 15 9 3 1.50364692917e-32 1 1 
115 2 2.0 6 14 6 0 19 28 3 3.65140518105e-16 2 3 
115 2 2.0 18 17 4 0 15 14 4 2.22119999201e-48 4 1 
115 2 2.0 13 15 6 0 18 36 4 1.27914917201e-48 2 4 
115 2 2.0 5 11 3 0 24 29 2 0.218849924598 3 2 
115 2 2.0 9 16 4 0 32 26 3 3.04818769954e-46 2 4 
115 2 2.0 12 13 2 0 14 28 4 3.05078448156e-47 2 2 
115 2 2.0 19 15 2 0 6 5 4 2.18583916562e-45 3 0 
115 3 0.0 4 28 8 0 45 18 2 1.71071201204e-27 2 7 
115 3 0.0 3 19 7 0 28 31 2 0.203143993541 3 4 
115 3 0.0 15 33 20 0 29 63 3 4.72420947793e-54 9 3 
115 3 0.0 14 5 0 0 14 4 4 5.94415346817e-78 2 0 
115 3 0.0 2 11 2 0 5 12 1 0.300785998357 0 3 
115 3 0.0 17 18 6 0 15 10 4 7.64146487357e-79 4 1 
115 3 0.0 8 17 6 0 27 35 3 3.76360388909e-79 1 5 
115 3 0.0 1 11 2 0 5 12 1 0.300785998357 0 3 
115 3 0.0 16 19 12 0 19 35 4 2.49870747926e-78 5 3 
115 3 0.0 11 18 10 0 17 32 3 2.35886447961e-27 4 3 
115 3 0.0 7 19 2 0 37 17 3 6.5712994268e-44 3 3 
115 3 0.0 10 4 0 0 15 9 3 2.18812119088e-78 1 1 
115 3 0.0 6 14 6 0 19 28 3 9.54181564009e-28 2 3 
115 3 0.0 18 17 4 0 15 14 4 1.6975765627e-78 4 1 
115 3 0.0 13 15 6 0 18 36 4 3.58818880813e-79 2 4 
115 3 0.0 5 11 3 0 24 29 2 0.203143993572 3 2 
115 3 0.0 9 16 4 0 32 26 3 3.87299312861e-80 2 4 
115 3 0.0 12 13 2 0 14 28 4 3.79736530086e-78 2 2 
115 3 0.0 19 15 2 0 6 5 4 3.50954385874e-77 3 0 
115 3 2.0 4 28 8 0 45 18 2 0.0416875562213 2 7 
115 3 2.0 3 19 7 0 28 31 2 0.21885531181 3 4 
115 3 2.0 15 33 20 0 29 63 3 5.90016873908e-11 9 3 
115 3 2.0 14 5 0 0 14 4 4 2.4211125441e-46 2 0 
115 3 2.0 2 11 2 0 5 12 1 0.285620289776 0 3 
115 3 2.0 17 18 6 0 15 10 4 1.61920208709e-05 4 1 
115 3 2.0 8 17 6 0 27 35 3 2.60251600645e-70 1 5 
115 3 2.0 1 11 2 0 5 12 1 0.285620289776 0 3 
115 3 2.0 16 19 12 0 19 35 4 2.36923900795e-12 5 3 
115 3 2.0 11 18 10 0 17 32 3 0.253363340355 4 3 
115 3 2.0 7 19 2 0 37 17 3 5.43573050518e-09 3 3 
115 3 2.0 10 4 0 0 15 9 3 1.58782513501e-36 1 1 
115 3 2.0 6 14 6 0 19 28 3 9.42045676021e-19 2 3 
115 3 2.0 18 17 4 0 15 14 4 2.18572527372e-48 4 1 
115 3 2.0 13 15 6 0 18 36 4 5.78619944744e-48 2 4 
115 3 2.0 5 11 3 0 24 29 2 0.218855328982 3 2 
115 3 2.0 9 16 4 0 32 26 3 1.57654767125e-48 2 4 
115 3 2.0 12 13 2 0 14 28 4 3.27976425325e-47 2 2 
115 3 2.0 19 15 2 0 6 5 4 3.64374619042e-45 3 0 
115 4 0.0 4 28 8 0 45 18 2 3.59192918717e-25 2 7 
115 4 0.0 3 19 7 0 28 31 2 0.203143993512 3 4 
115 4 0.0 15 33 20 0 29 63 3 1.72547018555e-53 9 3 
115 4 0.0 14 5 0 0 14 4 4 8.12893723447e-78 2 0 
115 4 0.0 2 11 2 0 5 12 1 0.300785998364 0 3 
115 4 0.0 17 18 6 0 15 10 4 1.85561526402e-78 4 1 
115 4 0.0 8 17 6 0 27 35 3 4.53438585018e-79 1 5 
115 4 0.0 1 11 2 0 5 12 1 0.300785998364 0 3 
115 4 0.0 16 19 12 0 19 35 4 1.33883558391e-77 5 3 
115 4 0.0 11 18 10 0 17 32 3 9.75842307861e-27 4 3 
115 4 0.0 7 19 2 0 37 17 3 1.40010961642e-44 3 3 
115 4 0.0 10 4 0 0 15 9 3 1.39746781579e-78 1 1 
115 4 0.0 6 14 6 0 19 28 3 2.17509445977e-28 2 3 
115 4 0.0 18 17 4 0 15 14 4 7.48304462372e-79 4 1 
115 4 0.0 13 15 6 0 18 36 4 6.07833522959e-79 2 4 
115 4 0.0 5 11 3 0 24 29 2 0.20314399356 3 2 
115 4 0.0 9 16 4 0 32 26 3 3.01579529203e-80 2 4 
115 4 0.0 12 13 2 0 14 28 4 8.12477636876e-79 2 2 
115 4 0.0 19 15 2 0 6 5 4 2.93004255486e-77 3 0 
115 4 2.0 4 28 8 0 45 18 2 0.041699945222 2 7 
115 4 2.0 3 19 7 0 28 31 2 0.218845715223 3 4 
115 4 2.0 15 33 20 0 29 63 3 3.03140366119e-11 9 3 
115 4 2.0 14 5 0 0 14 4 4 3.02841450514e-46 2 0 
115 4 2.0 2 11 2 0 5 12 1 0.285612821014 0 3 
115 4 2.0 17 18 6 0 15 10 4 5.51634334995e-06 4 1 
115 4 2.0 8 17 6 0 27 35 3 5.68992954507e-69 1 5 
115 4 2.0 1 11 2 0 5 12 1 0.285612821014 0 3 
115 4 2.0 16 19 12 0 19 35 4 3.86853535897e-12 5 3 
115 4 2.0 11 18 10 0 17 32 3 0.253357655632 4 3 
115 4 2.0 7 19 2 0 37 17 3 7.84457524184e-07 3 3 
115 4 2.0 10 4 0 0 15 9 3 5.53487961794e-35 1 1 
115 4 2.0 6 14 6 0 19 28 3 1.19703731782e-15 2 3 
115 4 2.0 18 17 4 0 15 14 4 9.8828017525e-49 4 1 
115 4 2.0 13 15 6 0 18 36 4 4.80784464529e-49 2 4 
115 4 2.0 5 11 3 0 24 29 2 0.218848193162 3 2 
115 4 2.0 9 16 4 0 32 26 3 7.83250085981e-49 2 4 
115 4 2.0 12 13 2 0 14 28 4 7.08616936273e-47 2 2 
115 4 2.0 19 15 2 0 6 5 4 2.58203218364e-45 3 0 
115 5 0.0 4 28 8 0 45 18 2 1.52586230003e-24 2 7 
115 5 0.0 3 19 7 0 28 31 2 0.203143993476 3 4 
115 5 0.0 15 33 20 0 29 63 3 2.76858884445e-54 9 3 
115 5 0.0 14 5 0 0 14 4 4 1.01211892249e-77 2 0 
115 5 0.0 2 11 2 0 5 12 1 0.30078599838 0 3 
115 5 0.0 17 18 6 0 15 10 4 4.0008651923e-78 4 1 
115 5 0.0 8 17 6 0 27 35 3 4.8532678794e-79 1 5 
115 5 0.0 1 11 2 0 5 12 1 0.30078599838 0 3 
115 5 0.0 16 19 12 0 19 35 4 7.80690985927e-78 5 3 
115 5 0.0 11 18 10 0 17 32 3 2.28153839849e-26 4 3 
115 5 0.0 7 19 2 0 37 17 3 1.25484208221e-45 3 3 
115 5 0.0 10 4 0 0 15 9 3 4.05647358292e-79 1 1 
115 5 0.0 6 14 6 0 19 28 3 4.72772231951e-29 2 3 
115 5 0.0 18 17 4 0 15 14 4 1.82657037545e-78 4 1 
115 5 0.0 13 15 6 0 18 36 4 2.80593978347e-79 2 4 
115 5 0.0 5 11 3 0 24 29 2 0.203143993616 3 2 
115 5 0.0 9 16 4 0 32 26 3 6.67094611229e-81 2 4 
115 5 0.0 12 13 2 0 14 28 4 5.58227331391e-78 2 2 
115 5 0.0 19 15 2 0 6 5 4 2.1657401263e-77 3 0 
115 5 2.0 4 28 8 0 45 18 2 0.0417031492606 2 7 
115 5 2.0 3 19 7 0 28 31 2 0.21881397369 3 4 
115 5 2.0 15 33 20 0 29 63 3 1.24670034654e-11 9 3 
115 5 2.0 14 5 0 0 14 4 4 2.42730676268e-46 2 0 
115 5 2.0 2 11 2 0 5 12 1 0.285616653248 0 3 
115 5 2.0 17 18 6 0 15 10 4 1.36553176361e-06 4 1 
115 5 2.0 8 17 6 0 27 35 3 4.81321225051e-65 1 5 
115 5 2.0 1 11 2 0 5 12 1 0.285616653248 0 3 
115 5 2.0 16 19 12 0 19 35 4 1.01105597968e-12 5 3 
115 5 2.0 11 18 10 0 17 32 3 0.253352915651 4 3 
115 5 2.0 7 19 2 0 37 17 3 1.87570481578e-05 3 3 
115 5 2.0 10 4 0 0 15 9 3 5.4535768962e-33 1 1 
115 5 2.0 6 14 6 0 19 28 3 5.69268976664e-15 2 3 
115 5 2.0 18 17 4 0 15 14 4 1.2953662338e-48 4 1 
115 5 2.0 13 15 6 0 18 36 4 9.27645517258e-49 2 4 
115 5 2.0 5 11 3 0 24 29 2 0.218873251638 3 2 
115 5 2.0 9 16 4 0 32 26 3 3.99850937117e-46 2 4 
115 5 2.0 12 13 2 0 14 28 4 5.06721472272e-47 2 2 
115 5 2.0 19 15 2 0 6 5 4 1.62800182209e-45 3 0 
115 6 0.0 4 28 8 0 45 18 2 2.86845443413e-28 2 7 
115 6 0.0 3 19 7 0 28 31 2 0.203143993483 3 4 
115 6 0.0 15 33 20 0 29 63 3 2.81673170524e-53 9 3 
115 6 0.0 14 5 0 0 14 4 4 1.00843805056e-77 2 0 
115 6 0.0 2 11 2 0 5 12 1 0.300785998378 0 3 
115 6 0.0 17 18 6 0 15 10 4 7.05160344402e-78 4 1 
115 6 0.0 8 17 6 0 27 35 3 2.90805762248e-79 1 5 
115 6 0.0 1 11 2 0 5 12 1 0.300785998378 0 3 
115 6 0.0 16 19 12 0 19 35 4 1.23201558585e-77 5 3 
115 6 0.0 11 18 10 0 17 32 3 2.60541770752e-26 4 3 
115 6 0.0 7 19 2 0 37 17 3 1.29324363211e-46 3 3 
115 6 0.0 10 4 0 0 15 9 3 4.70706995271e-78 1 1 
115 6 0.0 6 14 6 0 19 28 3 7.40709723269e-29 2 3 
115 6 0.0 18 17 4 0 15 14 4 3.52039688782e-78 4 1 
115 6 0.0 13 15 6 0 18 36 4 1.43777121031e-78 2 4 
115 6 0.0 5 11 3 0 24 29 2 0.203143993598 3 2 
115 6 0.0 9 16 4 0 32 26 3 1.81007234483e-81 2 4 
115 6 0.0 12 13 2 0 14 28 4 5.05761747926e-78 2 2 
115 6 0.0 19 15 2 0 6 5 4 1.16440293668e-77 3 0 
115 6 2.0 4 28 8 0 45 18 2 0.0416981094626 2 7 
115 6 2.0 3 19 7 0 28 31 2 0.218848271773 3 4 
115 6 2.0 15 33 20 0 29 63 3 2.25773309259e-11 9 3 
115 6 2.0 14 5 0 0 14 4 4 4.95731430068e-46 2 0 
115 6 2.0 2 11 2 0 5 12 1 0.285612737058 0 3 
115 6 2.0 17 18 6 0 15 10 4 8.58338299987e-06 4 1 
115 6 2.0 8 17 6 0 27 35 3 1.05090943509e-68 1 5 
115 6 2.0 1 11 2 0 5 12 1 0.285612737058 0 3 
115 6 2.0 16 19 12 0 19 35 4 1.49206246181e-12 5 3 
115 6 2.0 11 18 10 0 17 32 3 0.25335557487 4 3 
115 6 2.0 7 19 2 0 37 17 3 4.8379775252e-08 3 3 
115 6 2.0 10 4 0 0 15 9 3 9.42383584932e-35 1 1 
115 6 2.0 6 14 6 0 19 28 3 5.34110299986e-17 2 3 
115 6 2.0 18 17 4 0 15 14 4 8.71123283131e-48 4 1 
115 6 2.0 13 15 6 0 18 36 4 4.77380906751e-49 2 4 
115 6 2.0 5 11 3 0 24 29 2 0.218848424593 3 2 
115 6 2.0 9 16 4 0 32 26 3 2.40754134603e-48 2 4 
115 6 2.0 12 13 2 0 14 28 4 9.96487155687e-48 2 2 
115 6 2.0 19 15 2 0 6 5 4 5.20113713501e-45 3 0 
115 7 0.0 4 28 8 0 45 18 2 2.20841261389e-28 2 7 
115 7 0.0 3 19 7 0 28 31 2 0.203143993497 3 4 
115 7 0.0 15 33 20 0 29 63 3 4.50282007777e-54 9 3 
115 7 0.0 14 5 0 0 14 4 4 1.17511226704e-77 2 0 
115 7 0.0 2 11 2 0 5 12 1 0.300785998348 0 3 
115 7 0.0 17 18 6 0 15 10 4 2.64471956182e-78 4 1 
115 7 0.0 8 17 6 0 27 35 3 4.46002658882e-79 1 5 
115 7 0.0 1 11 2 0 5 12 1 0.300785998348 0 3 
115 7 0.0 16 19 12 0 19 35 4 4.38243428559e-78 5 3 
115 7 0.0 11 18 10 0 17 32 3 1.07605697492e-27 4 3 
115 7 0.0 7 19 2 0 37 17 3 5.28896253875e-45 3 3 
115 7 0.0 10 4 0 0 15 9 3 4.54932944703e-78 1 1 
115 7 0.0 6 14 6 0 19 28 3 9.2671690029e-29 2 3 
115 7 0.0 18 17 4 0 15 14 4 1.00168371218e-78 4 1 
115 7 0.0 13 15 6 0 18 36 4 6.04181592068e-79 2 4 
115 7 0.0 5 11 3 0 24 29 2 0.203143993618 3 2 
115 7 0.0 9 16 4 0 32 26 3 5.2926636261e-80 2 4 
115 7 0.0 12 13 2 0 14 28 4 9.61182734031e-79 2 2 
115 7 0.0 19 15 2 0 6 5 4 2.2997372894e-77 3 0 
115 7 2.0 4 28 8 0 45 18 2 0.0417034498827 2 7 
115 7 2.0 3 19 7 0 28 31 2 0.21882582217 3 4 
115 7 2.0 15 33 20 0 29 63 3 6.70566153475e-12 9 3 
115 7 2.0 14 5 0 0 14 4 4 1.17687110531e-46 2 0 
115 7 2.0 2 11 2 0 5 12 1 0.285612932606 0 3 
115 7 2.0 17 18 6 0 15 10 4 1.4822013164e-06 4 1 
115 7 2.0 8 17 6 0 27 35 3 2.13400051902e-64 1 5 
115 7 2.0 1 11 2 0 5 12 1 0.285612932606 0 3 
115 7 2.0 16 19 12 0 19 35 4 1.94419674375e-13 5 3 
115 7 2.0 11 18 10 0 17 32 3 0.253350706462 4 3 
115 7 2.0 7 19 2 0 37 17 3 1.13687838198e-05 3 3 
115 7 2.0 10 4 0 0 15 9 3 6.17111147188e-32 1 1 
115 7 2.0 6 14 6 0 19 28 3 1.39159722509e-14 2 3 
115 7 2.0 18 17 4 0 15 14 4 1.16164640801e-48 4 1 
115 7 2.0 13 15 6 0 18 36 4 1.88813059307e-48 2 4 
115 7 2.0 5 11 3 0 24 29 2 0.218861743433 3 2 
115 7 2.0 9 16 4 0 32 26 3 1.16062939396e-45 2 4 
115 7 2.0 12 13 2 0 14 28 4 1.3668196395e-46 2 2 
115 7 2.0 19 15 2 0 6 5 4 2.92358765858e-45 3 0 
115 8 0.0 4 28 8 0 45 18 2 1.92294945178e-25 2 7 
115 8 0.0 3 19 7 0 28 31 2 0.203143993459 3 4 
115 8 0.0 15 33 20 0 29 63 3 2.56924707681e-54 9 3 
115 8 0.0 14 5 0 0 14 4 4 1.16464075936e-77 2 0 
115 8 0.0 2 11 2 0 5 12 1 0.300785998368 0 3 
115 8 0.0 17 18 6 0 15 10 4 1.44639651158e-78 4 1 
115 8 0.0 8 17 6 0 27 35 3 4.720207755e-79 1 5 
115 8 0.0 1 11 2 0 5 12 1 0.300785998368 0 3 
115 8 0.0 16 19 12 0 19 35 4 7.04496483783e-78 5 3 
115 8 0.0 11 18 10 0 17 32 3 1.07040870371e-26 4 3 
115 8 0.0 7 19 2 0 37 17 3 1.21427962568e-45 3 3 
115 8 0.0 10 4 0 0 15 9 3 1.56776545514e-78 1 1 
115 8 0.0 6 14 6 0 19 28 3 1.15690544433e-29 2 3 
115 8 0.0 18 17 4 0 15 14 4 5.40840336932e-79 4 1 
115 8 0.0 13 15 6 0 18 36 4 7.60637294431e-79 2 4 
115 8 0.0 5 11 3 0 24 29 2 0.203143993629 3 2 
115 8 0.0 9 16 4 0 32 26 3 7.24908473333e-81 2 4 
115 8 0.0 12 13 2 0 14 28 4 7.08195672338e-79 2 2 
115 8 0.0 19 15 2 0 6 5 4 3.62636429961e-77 3 0 
115 8 2.0 4 28 8 0 45 18 2 0.0416512424997 2 7 
115 8 2.0 3 19 7 0 28 31 2 0.218879922874 3 4 
115 8 2.0 15 33 20 0 29 63 3 1.03865773015e-10 9 3 
115 8 2.0 14 5 0 0 14 4 4 5.91547135645e-47 2 0 
115 8 2.0 2 11 2 0 5 12 1 0.285643830539 0 3 
115 8 2.0 17 18 6 0 15 10 4 5.38167387384e-05 4 1 
115 8 2.0 8 17 6 0 27 35 3 2.64412536096e-73 1 5 
115 8 2.0 1 11 2 0 5 12 1 0.285643830539 0 3 
115 8 2.0 16 19 12 0 19 35 4 8.14780021505e-12 5 3 
115 8 2.0 11 18 10 0 17 32 3 0.253381636618 4 3 
115 8 2.0 7 19 2 0 37 17 3 4.27262655524e-07 3 3 
115 8 2.0 10 4 0 0 15 9 3 8.6390932627e-39 1 1 
115 8 2.0 6 14 6 0 19 28 3 1.25931656608e-17 2 3 
115 8 2.0 18 17 4 0 15 14 4 1.69880768156e-48 4 1 
115 8 2.0 13 15 6 0 18 36 4 5.35434759595e-49 2 4 
115 8 2.0 5 11 3 0 24 29 2 0.218881272881 3 2 
115 8 2.0 9 16 4 0 32 26 3 4.97660746701e-50 2 4 
115 8 2.0 12 13 2 0 14 28 4 2.96874123512e-47 2 2 
115 8 2.0 19 15 2 0 6 5 4 1.91232130771e-44 3 0 
115 9 0.0 4 28 8 0 45 18 2 1.22681688238e-26 2 7 
115 9 0.0 3 19 7 0 28 31 2 0.203143993468 3 4 
115 9 0.0 15 33 20 0 29 63 3 2.96726031883e-54 9 3 
115 9 0.0 14 5 0 0 14 4 4 5.93143399786e-78 2 0 
115 9 0.0 2 11 2 0 5 12 1 0.300785998369 0 3 
115 9 0.0 17 18 6 0 15 10 4 2.21738615608e-78 4 1 
115 9 0.0 8 17 6 0 27 35 3 1.60692247672e-79 1 5 
115 9 0.0 1 11 2 0 5 12 1 0.300785998369 0 3 
115 9 0.0 16 19 12 0 19 35 4 3.50540905555e-78 5 3 
115 9 0.0 11 18 10 0 17 32 3 1.71131164875e-26 4 3 
115 9 0.0 7 19 2 0 37 17 3 1.91867701199e-45 3 3 
115 9 0.0 10 4 0 0 15 9 3 2.04661320978e-78 1 1 
115 9 0.0 6 14 6 0 19 28 3 2.87586864802e-29 2 3 
115 9 0.0 18 17 4 0 15 14 4 1.31759654977e-78 4 1 
115 9 0.0 13 15 6 0 18 36 4 2.39897591002e-79 2 4 
115 9 0.0 5 11 3 0 24 29 2 0.203143993616 3 2 
115 9 0.0 9 16 4 0 32 26 3 3.10573011859e-80 2 4 
115 9 0.0 12 13 2 0 14 28 4 6.39630713655e-78 2 2 
115 9 0.0 19 15 2 0 6 5 4 3.26254136384e-77 3 0 
115 9 2.0 4 28 8 0 45 18 2 0.0417031159462 2 7 
115 9 2.0 3 19 7 0 28 31 2 0.218838597196 3 4 
115 9 2.0 15 33 20 0 29 63 3 1.25353573041e-11 9 3 
115 9 2.0 14 5 0 0 14 4 4 1.76627416742e-46 2 0 
115 9 2.0 2 11 2 0 5 12 1 0.285610421665 0 3 
115 9 2.0 17 18 6 0 15 10 4 3.19431802086e-06 4 1 
115 9 2.0 8 17 6 0 27 35 3 3.06005638601e-66 1 5 
115 9 2.0 1 11 2 0 5 12 1 0.285610421665 0 3 
115 9 2.0 16 19 12 0 19 35 4 9.62256972442e-13 5 3 
115 9 2.0 11 18 10 0 17 32 3 0.25335142331 4 3 
115 9 2.0 7 19 2 0 37 17 3 3.7998127094e-06 3 3 
115 9 2.0 10 4 0 0 15 9 3 3.37283283349e-33 1 1 
115 9 2.0 6 14 6 0 19 28 3 2.19478679312e-15 2 3 
115 9 2.0 18 17 4 0 15 14 4 1.96735683841e-48 4 1 
115 9 2.0 13 15 6 0 18 36 4 2.42801908394e-48 2 4 
115 9 2.0 5 11 3 0 24 29 2 0.218850600729 3 2 
115 9 2.0 9 16 4 0 32 26 3 5.66372785203e-46 2 4 
115 9 2.0 12 13 2 0 14 28 4 4.13119527826e-47 2 2 
115 9 2.0 19 15 2 0 6 5 4 2.63766493588e-45 3 0 
115 10 0.0 4 28 8 0 45 18 2 6.03013656495e-26 2 7 
115 10 0.0 3 19 7 0 28 31 2 0.203143993505 3 4 
115 10 0.0 15 33 20 0 29 63 3 5.36591029459e-53 9 3 
115 10 0.0 14 5 0 0 14 4 4 2.06967494841e-78 2 0 
115 10 0.0 2 11 2 0 5 12 1 0.300785998387 0 3 
115 10 0.0 17 18 6 0 15 10 4 7.16389013327e-79 4 1 
115 10 0.0 8 17 6 0 27 35 3 6.77418577707e-80 1 5 
115 10 0.0 1 11 2 0 5 12 1 0.300785998387 0 3 
115 10 0.0 16 19 12 0 19 35 4 6.57602333344e-78 5 3 
115 10 0.0 11 18 10 0 17 32 3 3.67557853915e-26 4 3 
115 10 0.0 7 19 2 0 37 17 3 5.19504955314e-44 3 3 
115 10 0.0 10 4 0 0 15 9 3 4.14611828163e-78 1 1 
115 10 0.0 6 14 6 0 19 28 3 9.97066454305e-29 2 3 
115 10 0.0 18 17 4 0 15 14 4 1.76416458468e-78 4 1 
115 10 0.0 13 15 6 0 18 36 4 6.56391872465e-79 2 4 
115 10 0.0 5 11 3 0 24 29 2 0.203143993589 3 2 
115 10 0.0 9 16 4 0 32 26 3 1.08275929737e-79 2 4 
115 10 0.0 12 13 2 0 14 28 4 8.12018843829e-78 2 2 
115 10 0.0 19 15 2 0 6 5 4 2.57902342281e-77 3 0 
115 10 2.0 4 28 8 0 45 18 2 0.0416897226426 2 7 
115 10 2.0 3 19 7 0 28 31 2 0.218851586238 3 4 
115 10 2.0 15 33 20 0 29 63 3 1.33008763928e-10 9 3 
115 10 2.0 14 5 0 0 14 4 4 1.87061079013e-46 2 0 
115 10 2.0 2 11 2 0 5 12 1 0.285619278681 0 3 
115 10 2.0 17 18 6 0 15 10 4 1.62040812475e-05 4 1 
115 10 2.0 8 17 6 0 27 35 3 3.01533604203e-70 1 5 
115 10 2.0 1 11 2 0 5 12 1 0.285619278681 0 3 
115 10 2.0 16 19 12 0 19 35 4 1.95959483397e-12 5 3 
115 10 2.0 11 18 10 0 17 32 3 0.253361549726 4 3 
115 10 2.0 7 19 2 0 37 17 3 1.53925887291e-06 3 3 
115 10 2.0 10 4 0 0 15 9 3 1.99474093986e-36 1 1 
115 10 2.0 6 14 6 0 19 28 3 7.9459066661e-16 2 3 
115 10 2.0 18 17 4 0 15 14 4 4.31259907405e-47 4 1 
115 10 2.0 13 15 6 0 18 36 4 1.36937413428e-49 2 4 
115 10 2.0 5 11 3 0 24 29 2 0.218856448824 3 2 
115 10 2.0 9 16 4 0 32 26 3 1.74138332696e-48 2 4 
115 10 2.0 12 13 2 0 14 28 4 1.67637074921e-47 2 2 
115 10 2.0 19 15 2 0 6 5 4 9.84361452902e-45 3 0 
115 11 0.0 4 28 8 0 45 18 2 3.90864048879e-25 2 7 
115 11 0.0 3 19 7 0 28 31 2 0.203143993488 3 4 
115 11 0.0 15 33 20 0 29 63 3 2.12130936125e-53 9 3 
115 11 0.0 14 5 0 0 14 4 4 1.41471691514e-77 2 0 
115 11 0.0 2 11 2 0 5 12 1 0.300785998389 0 3 
115 11 0.0 17 18 6 0 15 10 4 3.67888628907e-78 4 1 
115 11 0.0 8 17 6 0 27 35 3 2.19033647062e-79 1 5 
115 11 0.0 1 11 2 0 5 12 1 0.300785998389 0 3 
115 11 0.0 16 19 12 0 19 35 4 3.74929774292e-78 5 3 
115 11 0.0 11 18 10 0 17 32 3 1.0975137155e-26 4 3 
115 11 0.0 7 19 2 0 37 17 3 5.49857430422e-45 3 3 
115 11 0.0 10 4 0 0 15 9 3 1.66650114359e-78 1 1 
115 11 0.0 6 14 6 0 19 28 3 9.20584886699e-29 2 3 
115 11 0.0 18 17 4 0 15 14 4 1.82758731162e-78 4 1 
115 11 0.0 13 15 6 0 18 36 4 2.16487355611e-79 2 4 
115 11 0.0 5 11 3 0 24 29 2 0.203143993614 3 2 
115 11 0.0 9 16 4 0 32 26 3 4.01036296675e-80 2 4 
115 11 0.0 12 13 2 0 14 28 4 1.20733856226e-78 2 2 
115 11 0.0 19 15 2 0 6 5 4 2.20965845765e-77 3 0 
115 11 2.0 4 28 8 0 45 18 2 0.0417060314871 2 7 
115 11 2.0 3 19 7 0 28 31 2 0.218842533428 3 4 
115 11 2.0 15 33 20 0 29 63 3 7.77480639315e-12 9 3 
115 11 2.0 14 5 0 0 14 4 4 2.56850146426e-46 2 0 
115 11 2.0 2 11 2 0 5 12 1 0.285606851199 0 3 
115 11 2.0 17 18 6 0 15 10 4 3.58046973055e-07 4 1 
115 11 2.0 8 17 6 0 27 35 3 2.92746288469e-62 1 5 
115 11 2.0 1 11 2 0 5 12 1 0.285606851199 0 3 
115 11 2.0 16 19 12 0 19 35 4 2.88312141944e-13 5 3 
115 11 2.0 11 18 10 0 17 32 3 0.25334909652 4 3 
115 11 2.0 7 19 2 0 37 17 3 1.41260589569e-07 3 3 
115 11 2.0 10 4 0 0 15 9 3 1.94531836214e-30 1 1 
115 11 2.0 6 14 6 0 19 28 3 9.68944842013e-15 2 3 
115 11 2.0 18 17 4 0 15 14 4 1.18152664533e-48 4 1 
115 11 2.0 13 15 6 0 18 36 4 1.13774358952e-48 2 4 
115 11 2.0 5 11 3 0 24 29 2 0.218842979615 3 2 
115 11 2.0 9 16 4 0 32 26 3 3.28693746179e-45 2 4 
115 11 2.0 12 13 2 0 14 28 4 3.17126096504e-47 2 2 
115 11 2.0 19 15 2 0 6 5 4 1.74872764986e-45 3 0 
115 12 0.0 4 28 8 0 45 18 2 2.64041324575e-26 2 7 
115 12 0.0 3 19 7 0 28 31 2 0.2031439935 3 4 
115 12 0.0 15 33 20 0 29 63 3 2.36888257097e-54 9 3 
115 12 0.0 14 5 0 0 14 4 4 8.90029045301e-78 2 0 
115 12 0.0 2 11 2 0 5 12 1 0.30078599836 0 3 
115 12 0.0 17 18 6 0 15 10 4 6.04809435152e-78 4 1 
115 12 0.0 8 17 6 0 27 35 3 1.17400761753e-78 1 5 
115 12 0.0 1 11 2 0 5 12 1 0.30078599836 0 3 
115 12 0.0 16 19 12 0 19 35 4 3.82686655185e-79 5 3 
115 12 0.0 11 18 10 0 17 32 3 4.80359065014e-27 4 3 
115 12 0.0 7 19 2 0 37 17 3 3.17119871193e-44 3 3 
115 12 0.0 10 4 0 0 15 9 3 1.48772048709e-78 1 1 
115 12 0.0 6 14 6 0 19 28 3 6.41058074512e-28 2 3 
115 12 0.0 18 17 4 0 15 14 4 5.27669426211e-78 4 1 
115 12 0.0 13 15 6 0 18 36 4 1.6212795307e-79 2 4 
115 12 0.0 5 11 3 0 24 29 2 0.203143993562 3 2 
115 12 0.0 9 16 4 0 32 26 3 2.68479560262e-80 2 4 
115 12 0.0 12 13 2 0 14 28 4 2.77969344171e-78 2 2 
115 12 0.0 19 15 2 0 6 5 4 3.12183205932e-77 3 0 
115 12 2.0 4 28 8 0 45 18 2 0.0416905609883 2 7 
115 12 2.0 3 19 7 0 28 31 2 0.218853263219 3 4 
115 12 2.0 15 33 20 0 29 63 3 1.3043460086e-10 9 3 
115 12 2.0 14 5 0 0 14 4 4 3.17500537462e-46 2 0 
115 12 2.0 2 11 2 0 5 12 1 0.28561849199 0 3 
115 12 2.0 17 18 6 0 15 10 4 1.41753925713e-05 4 1 
115 12 2.0 8 17 6 0 27 35 3 5.58456618061e-70 1 5 
115 12 2.0 1 11 2 0 5 12 1 0.28561849199 0 3 
115 12 2.0 16 19 12 0 19 35 4 4.67561347556e-12 5 3 
115 12 2.0 11 18 10 0 17 32 3 0.253362127726 4 3 
115 12 2.0 7 19 2 0 37 17 3 7.31109503014e-08 3 3 
115 12 2.0 10 4 0 0 15 9 3 3.56513542585e-36 1 1 
115 12 2.0 6 14 6 0 19 28 3 1.17325850608e-16 2 3 
115 12 2.0 18 17 4 0 15 14 4 1.95300644961e-47 4 1 
115 12 2.0 13 15 6 0 18 36 4 8.4926561535e-49 2 4 
115 12 2.0 5 11 3 0 24 29 2 0.21885349417 3 2 
115 12 2.0 9 16 4 0 32 26 3 1.6070123654e-49 2 4 
115 12 2.0 12 13 2 0 14 28 4 1.3343160332e-47 2 2 
115 12 2.0 19 15 2 0 6 5 4 3.21679442315e-45 3 0 
115 13 0.0 4 28 8 0 45 18 2 1.32179804639e-25 2 7 
115 13 0.0 3 19 7 0 28 31 2 0.203143993446 3 4 
115 13 0.0 15 33 20 0 29 63 3 6.1032028613e-54 9 3 
115 13 0.0 14 5 0 0 14 4 4 1.10107605546e-77 2 0 
115 13 0.0 2 11 2 0 5 12 1 0.300785998389 0 3 
115 13 0.0 17 18 6 0 15 10 4 1.55608652372e-78 4 1 
115 13 0.0 8 17 6 0 27 35 3 2.23302894827e-79 1 5 
115 13 0.0 1 11 2 0 5 12 1 0.300785998389 0 3 
115 13 0.0 16 19 12 0 19 35 4 4.03264701513e-78 5 3 
115 13 0.0 11 18 10 0 17 32 3 4.86728907637e-26 4 3 
115 13 0.0 7 19 2 0 37 17 3 1.5995504378e-46 3 3 
115 13 0.0 10 4 0 0 15 9 3 2.99191934181e-78 1 1 
115 13 0.0 6 14 6 0 19 28 3 2.63149362012e-30 2 3 
115 13 0.0 18 17 4 0 15 14 4 7.4019724616e-79 4 1 
115 13 0.0 13 15 6 0 18 36 4 1.41770290789e-78 2 4 
115 13 0.0 5 11 3 0 24 29 2 0.203143993654 3 2 
115 13 0.0 9 16 4 0 32 26 3 1.22078603672e-80 2 4 
115 13 0.0 12 13 2 0 14 28 4 2.57862601369e-78 2 2 
115 13 0.0 19 15 2 0 6 5 4 3.43885675978e-77 3 0 
115 13 2.0 4 28 8 0 45 18 2 0.0416948739109 2 7 
115 13 2.0 3 19 7 0 28 31 2 0.218848718434 3 4 
115 13 2.0 15 33 20 0 29 63 3 8.06390830796e-11 9 3 
115 13 2.0 14 5 0 0 14 4 4 1.79927979823e-46 2 0 
115 13 2.0 2 11 2 0 5 12 1 0.28561589696 0 3 
115 13 2.0 17 18 6 0 15 10 4 9.20586208851e-06 4 1 
115 13 2.0 8 17 6 0 27 35 3 2.93414578667e-69 1 5 
115 13 2.0 1 11 2 0 5 12 1 0.28561589696 0 3 
115 13 2.0 16 19 12 0 19 35 4 8.70901839496e-12 5 3 
115 13 2.0 11 18 10 0 17 32 3 0.253359472347 4 3 
115 13 2.0 7 19 2 0 37 17 3 9.68547497851e-07 3 3 
115 13 2.0 10 4 0 0 15 9 3 1.21835669983e-35 1 1 
115 13 2.0 6 14 6 0 19 28 3 1.73797735579e-16 2 3 
115 13 2.0 18 17 4 0 15 14 4 4.21794036143e-48 4 1 
115 13 2.0 13 15 6 0 18 36 4 4.58743834887e-48 2 4 
115 13 2.0 5 11 3 0 24 29 2 0.218851777982 3 2 
115 13 2.0 9 16 4 0 32 26 3 3.38023878706e-47 2 4 
115 13 2.0 12 13 2 0 14 28 4 8.60627851387e-48 2 2 
115 13 2.0 19 15 2 0 6 5 4 2.44658357805e-45 3 0 
115 14 0.0 4 28 8 0 45 18 2 2.26926732805e-25 2 7 
115 14 0.0 3 19 7 0 28 31 2 0.203143993552 3 4 
115 14 0.0 15 33 20 0 29 63 3 3.53811262144e-53 9 3 
115 14 0.0 14 5 0 0 14 4 4 1.24062407831e-77 2 0 
115 14 0.0 2 11 2 0 5 12 1 0.300785998399 0 3 
115 14 0.0 17 18 6 0 15 10 4 5.32114461393e-79 4 1 
115 14 0.0 8 17 6 0 27 35 3 3.55313964355e-79 1 5 
115 14 0.0 1 11 2 0 5 12 1 0.300785998399 0 3 
115 14 0.0 16 19 12 0 19 35 4 1.5163599134e-77 5 3 
115 14 0.0 11 18 10 0 17 32 3 2.31908683131e-26 4 3 
115 14 0.0 7 19 2 0 37 17 3 1.33860146773e-43 3 3 
115 14 0.0 10 4 0 0 15 9 3 2.81376064625e-78 1 1 
115 14 0.0 6 14 6 0 19 28 3 5.86215532372e-27 2 3 
115 14 0.0 18 17 4 0 15 14 4 8.88835511922e-79 4 1 
115 14 0.0 13 15 6 0 18 36 4 4.41339854117e-79 2 4 
115 14 0.0 5 11 3 0 24 29 2 0.203143993552 3 2 
115 14 0.0 9 16 4 0 32 26 3 6.04299682767e-81 2 4 
115 14 0.0 12 13 2 0 14 28 4 3.83011271011e-78 2 2 
115 14 0.0 19 15 2 0 6 5 4 2.41928232657e-77 3 0 
115 14 2.0 4 28 8 0 45 18 2 0.0417051543433 2 7 
115 14 2.0 3 19 7 0 28 31 2 0.218842614229 3 4 
115 14 2.0 15 33 20 0 29 63 3 1.06674970191e-11 9 3 
115 14 2.0 14 5 0 0 14 4 4 2.75185099623e-46 2 0 
115 14 2.0 2 11 2 0 5 12 1 0.285607421705 0 3 
115 14 2.0 17 18 6 0 15 10 4 1.04967886818e-06 4 1 
115 14 2.0 8 17 6 0 27 35 3 4.09633592669e-63 1 5 
115 14 2.0 1 11 2 0 5 12 1 0.285607421705 0 3 
115 14 2.0 16 19 12 0 19 35 4 1.03413412888e-13 5 3 
115 14 2.0 11 18 10 0 17 32 3 0.253349210839 4 3 
115 14 2.0 7 19 2 0 37 17 3 4.43422287759e-07 3 3 
115 14 2.0 10 4 0 0 15 9 3 2.56819156381e-31 1 1 
115 14 2.0 6 14 6 0 19 28 3 7.45365670337e-15 2 3 
115 14 2.0 18 17 4 0 15 14 4 7.59069025162e-48 4 1 
115 14 2.0 13 15 6 0 18 36 4 5.25235495111e-48 2 4 
115 14 2.0 5 11 3 0 24 29 2 0.218844014843 3 2 
115 14 2.0 9 16 4 0 32 26 3 6.88967317418e-46 2 4 
115 14 2.0 12 13 2 0 14 28 4 3.95820396203e-47 2 2 
115 14 2.0 19 15 2 0 6 5 4 1.86094159193e-45 3 0 
115 15 0.0 4 28 8 0 45 18 2 1.22417600677e-26 2 7 
115 15 0.0 3 19 7 0 28 31 2 0.203143993477 3 4 
115 15 0.0 15 33 20 0 29 63 3 2.03184516586e-53 9 3 
115 15 0.0 14 5 0 0 14 4 4 1.17439643989e-77 2 0 
115 15 0.0 2 11 2 0 5 12 1 0.300785998375 0 3 
115 15 0.0 17 18 6 0 15 10 4 6.52062278832e-79 4 1 
115 15 0.0 8 17 6 0 27 35 3 8.6941163746e-79 1 5 
115 15 0.0 1 11 2 0 5 12 1 0.300785998375 0 3 
115 15 0.0 16 19 12 0 19 35 4 6.77539431264e-78 5 3 
115 15 0.0 11 18 10 0 17 32 3 1.10088574651e-26 4 3 
115 15 0.0 7 19 2 0 37 17 3 3.37078899882e-46 3 3 
115 15 0.0 10 4 0 0 15 9 3 3.30020495674e-78 1 1 
115 15 0.0 6 14 6 0 19 28 3 7.24375484114e-29 2 3 
115 15 0.0 18 17 4 0 15 14 4 7.03600509473e-79 4 1 
115 15 0.0 13 15 6 0 18 36 4 1.02447930519e-78 2 4 
115 15 0.0 5 11 3 0 24 29 2 0.203143993615 3 2 
115 15 0.0 9 16 4 0 32 26 3 5.32962996021e-81 2 4 
115 15 0.0 12 13 2 0 14 28 4 4.62056915012e-78 2 2 
115 15 0.0 19 15 2 0 6 5 4 2.30988464575e-77 3 0 
115 15 2.0 4 28 8 0 45 18 2 0.0417045204853 2 7 
115 15 2.0 3 19 7 0 28 31 2 0.218841847966 3 4 
115 15 2.0 15 33 20 0 29 63 3 1.12517395474e-10 9 3 
115 15 2.0 14 5 0 0 14 4 4 4.34287363353e-46 2 0 
115 15 2.0 2 11 2 0 5 12 1 0.285608355518 0 3 
115 15 2.0 17 18 6 0 15 10 4 2.13560908345e-06 4 1 
115 15 2.0 8 17 6 0 27 35 3 2.27571680978e-65 1 5 
115 15 2.0 1 11 2 0 5 12 1 0.285608355518 0 3 
115 15 2.0 16 19 12 0 19 35 4 4.33524532189e-13 5 3 
115 15 2.0 11 18 10 0 17 32 3 0.253350189198 4 3 
115 15 2.0 7 19 2 0 37 17 3 1.23014567802e-06 3 3 
115 15 2.0 10 4 0 0 15 9 3 1.20754528703e-32 1 1 
115 15 2.0 6 14 6 0 19 28 3 5.44920948552e-15 2 3 
115 15 2.0 18 17 4 0 15 14 4 7.71883166284e-48 4 1 
115 15 2.0 13 15 6 0 18 36 4 2.82167533153e-48 2 4 
115 15 2.0 5 11 3 0 24 29 2 0.21884573366 3 2 
115 15 2.0 9 16 4 0 32 26 3 3.28689254821e-47 2 4 
115 15 2.0 12 13 2 0 14 28 4 4.9082699272e-48 2 2 
115 15 2.0 19 15 2 0 6 5 4 2.06441771286e-45 3 0 
115 16 0.0 4 28 8 0 45 18 2 3.4252544321e-24 2 7 
115 16 0.0 3 19 7 0 28 31 2 0.203143993493 3 4 
115 16 0.0 15 33 20 0 29 63 3 6.41924269506e-54 9 3 
115 16 0.0 14 5 0 0 14 4 4 6.37239978897e-78 2 0 
115 16 0.0 2 11 2 0 5 12 1 0.300785998369 0 3 
115 16 0.0 17 18 6 0 15 10 4 5.20939386267e-78 4 1 
115 16 0.0 8 17 6 0 27 35 3 6.02078164734e-79 1 5 
115 16 0.0 1 11 2 0 5 12 1 0.300785998369 0 3 
115 16 0.0 16 19 12 0 19 35 4 7.88445623795e-79 5 3 
115 16 0.0 11 18 10 0 17 32 3 4.80327221959e-27 4 3 
115 16 0.0 7 19 2 0 37 17 3 1.64809353738e-45 3 3 
115 16 0.0 10 4 0 0 15 9 3 6.16810963819e-79 1 1 
115 16 0.0 6 14 6 0 19 28 3 2.70398859851e-29 2 3 
115 16 0.0 18 17 4 0 15 14 4 4.01655421162e-78 4 1 
115 16 0.0 13 15 6 0 18 36 4 1.73792042336e-79 2 4 
115 16 0.0 5 11 3 0 24 29 2 0.203143993608 3 2 
115 16 0.0 9 16 4 0 32 26 3 5.58300521069e-80 2 4 
115 16 0.0 12 13 2 0 14 28 4 2.58960955284e-78 2 2 
115 16 0.0 19 15 2 0 6 5 4 2.21986655502e-77 3 0 
115 16 2.0 4 28 8 0 45 18 2 0.041693692202 2 7 
115 16 2.0 3 19 7 0 28 31 2 0.218851185938 3 4 
115 16 2.0 15 33 20 0 29 63 3 3.13132980199e-11 9 3 
115 16 2.0 14 5 0 0 14 4 4 1.52921491035e-46 2 0 
115 16 2.0 2 11 2 0 5 12 1 0.285615805341 0 3 
115 16 2.0 17 18 6 0 15 10 4 1.27959477021e-05 4 1 
115 16 2.0 8 17 6 0 27 35 3 3.02767270034e-69 1 5 
115 16 2.0 1 11 2 0 5 12 1 0.285615805341 0 3 
115 16 2.0 16 19 12 0 19 35 4 1.16083563445e-12 5 3 
115 16 2.0 11 18 10 0 17 32 3 0.253358398991 4 3 
115 16 2.0 7 19 2 0 37 17 3 1.28202594161e-07 3 3 
115 16 2.0 10 4 0 0 15 9 3 1.5552792783e-35 1 1 
115 16 2.0 6 14 6 0 19 28 3 1.59464771555e-16 2 3 
115 16 2.0 18 17 4 0 15 14 4 1.2375911628e-47 4 1 
115 16 2.0 13 15 6 0 18 36 4 2.68525505212e-49 2 4 
115 16 2.0 5 11 3 0 24 29 2 0.21885159091 3 2 
115 16 2.0 9 16 4 0 32 26 3 1.49154057352e-48 2 4 
115 16 2.0 12 13 2 0 14 28 4 1.78541941131e-47 2 2 
115 16 2.0 19 15 2 0 6 5 4 9.22863512538e-45 3 0 
115 17 0.0 4 28 8 0 45 18 2 4.49458575603e-27 2 7 
115 17 0.0 3 19 7 0 28 31 2 0.203143993499 3 4 
115 17 0.0 15 33 20 0 29 63 3 4.958511169e-53 9 3 
115 17 0.0 14 5 0 0 14 4 4 2.48324956258e-78 2 0 
115 17 0.0 2 11 2 0 5 12 1 0.30078599839 0 3 
115 17 0.0 17 18 6 0 15 10 4 3.15687143925e-78 4 1 
115 17 0.0 8 17 6 0 27 35 3 9.29738220899e-80 1 5 
115 17 0.0 1 11 2 0 5 12 1 0.30078599839 0 3 
115 17 0.0 16 19 12 0 19 35 4 1.78440921042e-77 5 3 
115 17 0.0 11 18 10 0 17 32 3 3.25557434891e-26 4 3 
115 17 0.0 7 19 2 0 37 17 3 3.12135659964e-44 3 3 
115 17 0.0 10 4 0 0 15 9 3 4.97946322212e-78 1 1 
115 17 0.0 6 14 6 0 19 28 3 6.02445449156e-29 2 3 
115 17 0.0 18 17 4 0 15 14 4 1.2718802132e-78 4 1 
115 17 0.0 13 15 6 0 18 36 4 9.93800369635e-79 2 4 
115 17 0.0 5 11 3 0 24 29 2 0.203143993582 3 2 
115 17 0.0 9 16 4 0 32 26 3 2.49193826337e-80 2 4 
115 17 0.0 12 13 2 0 14 28 4 4.35439000335e-78 2 2 
115 17 0.0 19 15 2 0 6 5 4 2.15923904e-77 3 0 
115 17 2.0 4 28 8 0 45 18 2 0.041696367776 2 7 
115 17 2.0 3 19 7 0 28 31 2 0.218804472267 3 4 
115 17 2.0 15 33 20 0 29 63 3 7.07097168855e-11 9 3 
115 17 2.0 14 5 0 0 14 4 4 9.42424774157e-47 2 0 
115 17 2.0 2 11 2 0 5 12 1 0.285625672171 0 3 
115 17 2.0 17 18 6 0 15 10 4 6.09865496305e-06 4 1 
115 17 2.0 8 17 6 0 27 35 3 1.58178338812e-68 1 5 
115 17 2.0 1 11 2 0 5 12 1 0.285625672171 0 3 
115 17 2.0 16 19 12 0 19 35 4 4.53337416243e-12 5 3 
115 17 2.0 11 18 10 0 17 32 3 0.253360449347 4 3 
115 17 2.0 7 19 2 0 37 17 3 2.73487898916e-05 3 3 
115 17 2.0 10 4 0 0 15 9 3 1.29911592077e-34 1 1 
115 17 2.0 6 14 6 0 19 28 3 5.1079511222e-15 2 3 
115 17 2.0 18 17 4 0 15 14 4 1.30498841479e-47 4 1 
115 17 2.0 13 15 6 0 18 36 4 1.75897428922e-48 2 4 
115 17 2.0 5 11 3 0 24 29 2 0.218890927365 3 2 
115 17 2.0 9 16 4 0 32 26 3 1.99895793982e-46 2 4 
115 17 2.0 12 13 2 0 14 28 4 9.21280165653e-48 2 2 
115 17 2.0 19 15 2 0 6 5 4 3.15415219995e-45 3 0 
115 18 0.0 4 28 8 0 45 18 2 2.46927780957e-24 2 7 
115 18 0.0 3 19 7 0 28 31 2 0.203143993503 3 4 
115 18 0.0 15 33 20 0 29 63 3 6.28507919544e-54 9 3 
115 18 0.0 14 5 0 0 14 4 4 8.07296196601e-78 2 0 
115 18 0.0 2 11 2 0 5 12 1 0.300785998389 0 3 
115 18 0.0 17 18 6 0 15 10 4 1.11515412457e-78 4 1 
115 18 0.0 8 17 6 0 27 35 3 8.90923971506e-80 1 5 
115 18 0.0 1 11 2 0 5 12 1 0.300785998389 0 3 
115 18 0.0 16 19 12 0 19 35 4 4.96747987482e-78 5 3 
115 18 0.0 11 18 10 0 17 32 3 1.51828131675e-26 4 3 
115 18 0.0 7 19 2 0 37 17 3 5.55056427495e-45 3 3 
115 18 0.0 10 4 0 0 15 9 3 7.06873574103e-79 1 1 
115 18 0.0 6 14 6 0 19 28 3 2.96622739997e-28 2 3 
115 18 0.0 18 17 4 0 15 14 4 1.07235358911e-78 4 1 
115 18 0.0 13 15 6 0 18 36 4 6.51437957968e-79 2 4 
115 18 0.0 5 11 3 0 24 29 2 0.20314399357 3 2 
115 18 0.0 9 16 4 0 32 26 3 3.24166080832e-80 2 4 
115 18 0.0 12 13 2 0 14 28 4 3.46300789248e-79 2 2 
115 18 0.0 19 15 2 0 6 5 4 3.27250929735e-77 3 0 
115 18 2.0 4 28 8 0 45 18 2 0.0416886141978 2 7 
115 18 2.0 3 19 7 0 28 31 2 0.218672718506 3 4 
115 18 2.0 15 33 20 0 29 63 3 6.73551274061e-11 9 3 
115 18 2.0 14 5 0 0 14 4 4 1.56567731367e-46 2 0 
115 18 2.0 2 11 2 0 5 12 1 0.285664715156 0 3 
115 18 2.0 17 18 6 0 15 10 4 3.37925850968e-06 4 1 
115 18 2.0 8 17 6 0 27 35 3 1.55563512374e-67 1 5 
115 18 2.0 1 11 2 0 5 12 1 0.285664715156 0 3 
115 18 2.0 16 19 12 0 19 35 4 1.9784984866e-12 5 3 
115 18 2.0 11 18 10 0 17 32 3 0.253370724753 4 3 
115 18 2.0 7 19 2 0 37 17 3 0.000110391002453 3 3 
115 18 2.0 10 4 0 0 15 9 3 1.22924685771e-33 1 1 
115 18 2.0 6 14 6 0 19 28 3 9.84458945385e-15 2 3 
115 18 2.0 18 17 4 0 15 14 4 1.79913444328e-47 4 1 
115 18 2.0 13 15 6 0 18 36 4 1.39172153902e-48 2 4 
115 18 2.0 5 11 3 0 24 29 2 0.219022521167 3 2 
115 18 2.0 9 16 4 0 32 26 3 1.12769067381e-45 2 4 
115 18 2.0 12 13 2 0 14 28 4 1.58718889783e-47 2 2 
115 18 2.0 19 15 2 0 6 5 4 1.84491955945e-45 3 0 
115 19 0.0 4 28 8 0 45 18 2 1.05058206652e-26 2 7 
115 19 0.0 3 19 7 0 28 31 2 0.203143993516 3 4 
115 19 0.0 15 33 20 0 29 63 3 2.93345847923e-54 9 3 
115 19 0.0 14 5 0 0 14 4 4 4.79578838481e-78 2 0 
115 19 0.0 2 11 2 0 5 12 1 0.300785998378 0 3 
115 19 0.0 17 18 6 0 15 10 4 3.04370479589e-78 4 1 
115 19 0.0 8 17 6 0 27 35 3 4.47821686902e-79 1 5 
115 19 0.0 1 11 2 0 5 12 1 0.300785998378 0 3 
115 19 0.0 16 19 12 0 19 35 4 6.30556129412e-78 5 3 
115 19 0.0 11 18 10 0 17 32 3 1.53394924656e-26 4 3 
115 19 0.0 7 19 2 0 37 17 3 3.52901020666e-44 3 3 
115 19 0.0 10 4 0 0 15 9 3 3.0086786029e-78 1 1 
115 19 0.0 6 14 6 0 19 28 3 6.23464139872e-28 2 3 
115 19 0.0 18 17 4 0 15 14 4 9.72448993464e-79 4 1 
115 19 0.0 13 15 6 0 18 36 4 1.09197159455e-78 2 4 
115 19 0.0 5 11 3 0 24 29 2 0.203143993571 3 2 
115 19 0.0 9 16 4 0 32 26 3 1.71175591913e-79 2 4 
115 19 0.0 12 13 2 0 14 28 4 2.80867275041e-78 2 2 
115 19 0.0 19 15 2 0 6 5 4 2.96752856379e-77 3 0 
115 19 2.0 4 28 8 0 45 18 2 0.041694784723 2 7 
115 19 2.0 3 19 7 0 28 31 2 0.21884443488 3 4 
115 19 2.0 15 33 20 0 29 63 3 3.18540393217e-11 9 3 
115 19 2.0 14 5 0 0 14 4 4 2.78074039586e-46 2 0 
115 19 2.0 2 11 2 0 5 12 1 0.285617108369 0 3 
115 19 2.0 17 18 6 0 15 10 4 8.83705904298e-06 4 1 
115 19 2.0 8 17 6 0 27 35 3 1.07700878063e-69 1 5 
115 19 2.0 1 11 2 0 5 12 1 0.285617108369 0 3 
115 19 2.0 16 19 12 0 19 35 4 7.22309586848e-12 5 3 
115 19 2.0 11 18 10 0 17 32 3 0.25335994816 4 3 
115 19 2.0 7 19 2 0 37 17 3 3.60262990328e-06 3 3 
115 19 2.0 10 4 0 0 15 9 3 1.63772136302e-35 1 1 
115 19 2.0 6 14 6 0 19 28 3 8.40067388177e-16 2 3 
115 19 2.0 18 17 4 0 15 14 4 8.60244490775e-48 4 1 
115 19 2.0 13 15 6 0 18 36 4 3.41683958949e-48 2 4 
115 19 2.0 5 11 3 0 24 29 2 0.218855816088 3 2 
115 19 2.0 9 16 4 0 32 26 3 2.79678701224e-48 2 4 
115 19 2.0 12 13 2 0 14 28 4 2.40588918055e-47 2 2 
115 19 2.0 19 15 2 0 6 5 4 1.8078542886e-45 3 0 
115 20 0.0 4 28 8 0 45 18 2 2.3354501436e-26 2 7 
115 20 0.0 3 19 7 0 28 31 2 0.203143993425 3 4 
115 20 0.0 15 33 20 0 29 63 3 3.87689992271e-54 9 3 
115 20 0.0 14 5 0 0 14 4 4 1.01753523454e-77 2 0 
115 20 0.0 2 11 2 0 5 12 1 0.300785998381 0 3 
115 20 0.0 17 18 6 0 15 10 4 1.2470670007e-78 4 1 
115 20 0.0 8 17 6 0 27 35 3 3.32380466977e-79 1 5 
115 20 0.0 1 11 2 0 5 12 1 0.300785998381 0 3 
115 20 0.0 16 19 12 0 19 35 4 3.95516921977e-78 5 3 
115 20 0.0 11 18 10 0 17 32 3 7.06796273848e-27 4 3 
115 20 0.0 7 19 2 0 37 17 3 6.91032944134e-46 3 3 
115 20 0.0 10 4 0 0 15 9 3 2.68411489978e-78 1 1 
115 20 0.0 6 14 6 0 19 28 3 4.44993570125e-30 2 3 
115 20 0.0 18 17 4 0 15 14 4 9.98496238804e-79 4 1 
115 20 0.0 13 15 6 0 18 36 4 1.00527030003e-78 2 4 
115 20 0.0 5 11 3 0 24 29 2 0.203143993681 3 2 
115 20 0.0 9 16 4 0 32 26 3 8.88144270708e-80 2 4 
115 20 0.0 12 13 2 0 14 28 4 9.67531809415e-79 2 2 
115 20 0.0 19 15 2 0 6 5 4 3.18127359964e-77 3 0 
115 20 2.0 4 28 8 0 45 18 2 0.0417053068646 2 7 
115 20 2.0 3 19 7 0 28 31 2 0.21883445319 3 4 
115 20 2.0 15 33 20 0 29 63 3 1.07189746958e-11 9 3 
115 20 2.0 14 5 0 0 14 4 4 1.20023149234e-46 2 0 
115 20 2.0 2 11 2 0 5 12 1 0.285609329361 0 3 
115 20 2.0 17 18 6 0 15 10 4 5.48498444712e-07 4 1 
115 20 2.0 8 17 6 0 27 35 3 1.69692724056e-64 1 5 
115 20 2.0 1 11 2 0 5 12 1 0.285609329361 0 3 
115 20 2.0 16 19 12 0 19 35 4 4.94690702171e-13 5 3 
115 20 2.0 11 18 10 0 17 32 3 0.25334947165 4 3 
115 20 2.0 7 19 2 0 37 17 3 5.36043774309e-06 3 3 
115 20 2.0 10 4 0 0 15 9 3 2.42606071444e-31 1 1 
115 20 2.0 6 14 6 0 19 28 3 1.63466852578e-14 2 3 
115 20 2.0 18 17 4 0 15 14 4 5.60328527164e-49 4 1 
115 20 2.0 13 15 6 0 18 36 4 1.17941304429e-47 2 4 
115 20 2.0 5 11 3 0 24 29 2 0.218851387214 3 2 
115 20 2.0 9 16 4 0 32 26 3 1.11978249505e-46 2 4 
115 20 2.0 12 13 2 0 14 28 4 5.94206628218e-47 2 2 
115 20 2.0 19 15 2 0 6 5 4 1.36397932522e-45 3 0 
115 21 0.0 4 28 8 0 45 18 2 9.61346940522e-26 2 7 
115 21 0.0 3 19 7 0 28 31 2 0.203143993501 3 4 
115 21 0.0 15 33 20 0 29 63 3 9.47116042603e-54 9 3 
115 21 0.0 14 5 0 0 14 4 4 5.08225147842e-78 2 0 
115 21 0.0 2 11 2 0 5 12 1 0.30078599838 0 3 
115 21 0.0 17 18 6 0 15 10 4 4.6655251054e-78 4 1 
115 21 0.0 8 17 6 0 27 35 3 1.05344291895e-78 1 5 
115 21 0.0 1 11 2 0 5 12 1 0.30078599838 0 3 
115 21 0.0 16 19 12 0 19 35 4 2.33666835804e-78 5 3 
115 21 0.0 11 18 10 0 17 32 3 8.64494321994e-27 4 3 
115 21 0.0 7 19 2 0 37 17 3 2.9140947611e-44 3 3 
115 21 0.0 10 4 0 0 15 9 3 2.81900354755e-79 1 1 
115 21 0.0 6 14 6 0 19 28 3 5.5405090708e-28 2 3 
115 21 0.0 18 17 4 0 15 14 4 3.11382767765e-78 4 1 
115 21 0.0 13 15 6 0 18 36 4 2.30573790796e-80 2 4 
115 21 0.0 5 11 3 0 24 29 2 0.203143993598 3 2 
115 21 0.0 9 16 4 0 32 26 3 1.09270349358e-79 2 4 
115 21 0.0 12 13 2 0 14 28 4 7.41836684288e-78 2 2 
115 21 0.0 19 15 2 0 6 5 4 3.21363108357e-77 3 0 
115 21 2.0 4 28 8 0 45 18 2 0.0417033103321 2 7 
115 21 2.0 3 19 7 0 28 31 2 0.218842269251 3 4 
115 21 2.0 15 33 20 0 29 63 3 1.25727743575e-10 9 3 
115 21 2.0 14 5 0 0 14 4 4 9.99123432049e-47 2 0 
115 21 2.0 2 11 2 0 5 12 1 0.285609791342 0 3 
115 21 2.0 17 18 6 0 15 10 4 3.54717537902e-06 4 1 
115 21 2.0 8 17 6 0 27 35 3 1.45015903695e-66 1 5 
115 21 2.0 1 11 2 0 5 12 1 0.285609791342 0 3 
115 21 2.0 16 19 12 0 19 35 4 8.12185124418e-13 5 3 
115 21 2.0 11 18 10 0 17 32 3 0.253352432762 4 3 
115 21 2.0 7 19 2 0 37 17 3 1.52818144769e-06 3 3 
115 21 2.0 10 4 0 0 15 9 3 3.11982818965e-33 1 1 
115 21 2.0 6 14 6 0 19 28 3 5.84599138362e-15 2 3 
115 21 2.0 18 17 4 0 15 14 4 1.93362804193e-47 4 1 
115 21 2.0 13 15 6 0 18 36 4 3.05099965446e-48 2 4 
115 21 2.0 5 11 3 0 24 29 2 0.218847096439 3 2 
115 21 2.0 9 16 4 0 32 26 3 1.54435086553e-46 2 4 
115 21 2.0 12 13 2 0 14 28 4 2.4730077484e-47 2 2 
115 21 2.0 19 15 2 0 6 5 4 2.01665025527e-45 3 0 
115 22 0.0 4 28 8 0 45 18 2 1.34073264439e-25 2 7 
115 22 0.0 3 19 7 0 28 31 2 0.203143993551 3 4 
115 22 0.0 15 33 20 0 29 63 3 2.11988179779e-54 9 3 
115 22 0.0 14 5 0 0 14 4 4 8.78948432335e-78 2 0 
115 22 0.0 2 11 2 0 5 12 1 0.300785998362 0 3 
115 22 0.0 17 18 6 0 15 10 4 5.92180114023e-79 4 1 
115 22 0.0 8 17 6 0 27 35 3 6.68927421055e-79 1 5 
115 22 0.0 1 11 2 0 5 12 1 0.300785998362 0 3 
115 22 0.0 16 19 12 0 19 35 4 5.014352365e-78 5 3 
115 22 0.0 11 18 10 0 17 32 3 7.42803671832e-27 4 3 
115 22 0.0 7 19 2 0 37 17 3 2.56561881763e-44 3 3 
115 22 0.0 10 4 0 0 15 9 3 1.93796075508e-78 1 1 
115 22 0.0 6 14 6 0 19 28 3 6.98358821242e-27 2 3 
115 22 0.0 18 17 4 0 15 14 4 8.98000836247e-79 4 1 
115 22 0.0 13 15 6 0 18 36 4 7.75858367045e-79 2 4 
115 22 0.0 5 11 3 0 24 29 2 0.203143993531 3 2 
115 22 0.0 9 16 4 0 32 26 3 8.89186145413e-81 2 4 
115 22 0.0 12 13 2 0 14 28 4 3.63977982375e-78 2 2 
115 22 0.0 19 15 2 0 6 5 4 3.1010102815e-77 3 0 
115 22 2.0 4 28 8 0 45 18 2 0.0417004813684 2 7 
115 22 2.0 3 19 7 0 28 31 2 0.218841236778 3 4 
115 22 2.0 15 33 20 0 29 63 3 4.02623733964e-11 9 3 
115 22 2.0 14 5 0 0 14 4 4 2.14054897671e-46 2 0 
115 22 2.0 2 11 2 0 5 12 1 0.2856120988 0 3 
115 22 2.0 17 18 6 0 15 10 4 5.93070034999e-06 4 1 
115 22 2.0 8 17 6 0 27 35 3 1.0227606027e-66 1 5 
115 22 2.0 1 11 2 0 5 12 1 0.2856120988 0 3 
115 22 2.0 16 19 12 0 19 35 4 6.49375845503e-13 5 3 
115 22 2.0 11 18 10 0 17 32 3 0.253353260221 4 3 
115 22 2.0 7 19 2 0 37 17 3 3.31536096949e-06 3 3 
115 22 2.0 10 4 0 0 15 9 3 4.38522241607e-34 1 1 
115 22 2.0 6 14 6 0 19 28 3 2.40664251341e-15 2 3 
115 22 2.0 18 17 4 0 15 14 4 8.85018523684e-48 4 1 
115 22 2.0 13 15 6 0 18 36 4 1.40232624076e-49 2 4 
115 22 2.0 5 11 3 0 24 29 2 0.218851709964 3 2 
115 22 2.0 9 16 4 0 32 26 3 1.18374698129e-46 2 4 
115 22 2.0 12 13 2 0 14 28 4 3.4740250178e-47 2 2 
115 22 2.0 19 15 2 0 6 5 4 4.12777941022e-45 3 0 
115 23 0.0 4 28 8 0 45 18 2 5.79813902217e-26 2 7 
115 23 0.0 3 19 7 0 28 31 2 0.203143993482 3 4 
115 23 0.0 15 33 20 0 29 63 3 1.07332804658e-53 9 3 
115 23 0.0 14 5 0 0 14 4 4 1.19116213334e-77 2 0 
115 23 0.0 2 11 2 0 5 12 1 0.300785998362 0 3 
115 23 0.0 17 18 6 0 15 10 4 2.10865393024e-78 4 1 
115 23 0.0 8 17 6 0 27 35 3 9.15879443747e-80 1 5 
115 23 0.0 1 11 2 0 5 12 1 0.300785998362 0 3 
115 23 0.0 16 19 12 0 19 35 4 1.11076558271e-77 5 3 
115 23 0.0 11 18 10 0 17 32 3 5.58808142705e-27 4 3 
115 23 0.0 7 19 2 0 37 17 3 4.8743357748e-46 3 3 
115 23 0.0 10 4 0 0 15 9 3 2.85950972746e-78 1 1 
115 23 0.0 6 14 6 0 19 28 3 5.84566279143e-29 2 3 
115 23 0.0 18 17 4 0 15 14 4 6.35461327374e-79 4 1 
115 23 0.0 13 15 6 0 18 36 4 1.09689915934e-78 2 4 
115 23 0.0 5 11 3 0 24 29 2 0.203143993619 3 2 
115 23 0.0 9 16 4 0 32 26 3 4.64866057523e-81 2 4 
115 23 0.0 12 13 2 0 14 28 4 1.74348603751e-78 2 2 
115 23 0.0 19 15 2 0 6 5 4 3.00491364571e-77 3 0 
115 23 2.0 4 28 8 0 45 18 2 0.0416532731298 2 7 
115 23 2.0 3 19 7 0 28 31 2 0.218879027222 3 4 
115 23 2.0 15 33 20 0 29 63 3 5.20850353883e-11 9 3 
115 23 2.0 14 5 0 0 14 4 4 2.45231006341e-46 2 0 
115 23 2.0 2 11 2 0 5 12 1 0.285641664796 0 3 
115 23 2.0 17 18 6 0 15 10 4 5.08374780425e-05 4 1 
115 23 2.0 8 17 6 0 27 35 3 8.42228150308e-72 1 5 
115 23 2.0 1 11 2 0 5 12 1 0.285641664796 0 3 
115 23 2.0 16 19 12 0 19 35 4 2.09298532671e-12 5 3 
115 23 2.0 11 18 10 0 17 32 3 0.253378537582 4 3 
115 23 2.0 7 19 2 0 37 17 3 3.59815694895e-09 3 3 
115 23 2.0 10 4 0 0 15 9 3 5.37272292525e-39 1 1 
115 23 2.0 6 14 6 0 19 28 3 2.77562461613e-18 2 3 
115 23 2.0 18 17 4 0 15 14 4 1.54618450306e-47 4 1 
115 23 2.0 13 15 6 0 18 36 4 2.37173739227e-49 2 4 
115 23 2.0 5 11 3 0 24 29 2 0.21887903859 3 2 
115 23 2.0 9 16 4 0 32 26 3 2.69637163887e-50 2 4 
115 23 2.0 12 13 2 0 14 28 4 6.33491809147e-47 2 2 
115 23 2.0 19 15 2 0 6 5 4 8.36147432467e-45 3 0 
115 24 0.0 4 28 8 0 45 18 2 3.67976121241e-25 2 7 
115 24 0.0 3 19 7 0 28 31 2 0.203143993479 3 4 
115 24 0.0 15 33 20 0 29 63 3 4.46977691163e-54 9 3 
115 24 0.0 14 5 0 0 14 4 4 9.03265175334e-78 2 0 
115 24 0.0 2 11 2 0 5 12 1 0.30078599839 0 3 
115 24 0.0 17 18 6 0 15 10 4 9.44042856039e-79 4 1 
115 24 0.0 8 17 6 0 27 35 3 5.55948237074e-79 1 5 
115 24 0.0 1 11 2 0 5 12 1 0.30078599839 0 3 
115 24 0.0 16 19 12 0 19 35 4 6.2439897773e-78 5 3 
115 24 0.0 11 18 10 0 17 32 3 1.95459968424e-26 4 3 
115 24 0.0 7 19 2 0 37 17 3 3.40157462699e-45 3 3 
115 24 0.0 10 4 0 0 15 9 3 1.29643101857e-78 1 1 
115 24 0.0 6 14 6 0 19 28 3 5.55847045295e-29 2 3 
115 24 0.0 18 17 4 0 15 14 4 6.39587026669e-79 4 1 
115 24 0.0 13 15 6 0 18 36 4 6.52205291079e-79 2 4 
115 24 0.0 5 11 3 0 24 29 2 0.203143993632 3 2 
115 24 0.0 9 16 4 0 32 26 3 4.39507610608e-80 2 4 
115 24 0.0 12 13 2 0 14 28 4 2.95074545858e-78 2 2 
115 24 0.0 19 15 2 0 6 5 4 4.01407903425e-77 3 0 
115 24 2.0 4 28 8 0 45 18 2 0.0416889862853 2 7 
115 24 2.0 3 19 7 0 28 31 2 0.218854565853 3 4 
115 24 2.0 15 33 20 0 29 63 3 7.47598501681e-11 9 3 
115 24 2.0 14 5 0 0 14 4 4 2.9523648616e-46 2 0 
115 24 2.0 2 11 2 0 5 12 1 0.285619005655 0 3 
115 24 2.0 17 18 6 0 15 10 4 1.7290305264e-05 4 1 
115 24 2.0 8 17 6 0 27 35 3 1.15661625704e-69 1 5 
115 24 2.0 1 11 2 0 5 12 1 0.285619005655 0 3 
115 24 2.0 16 19 12 0 19 35 4 1.6613062851e-12 5 3 
115 24 2.0 11 18 10 0 17 32 3 0.253361396292 4 3 
115 24 2.0 7 19 2 0 37 17 3 4.46023508674e-08 3 3 
115 24 2.0 10 4 0 0 15 9 3 4.715018207e-36 1 1 
115 24 2.0 6 14 6 0 19 28 3 5.1866520542e-17 2 3 
115 24 2.0 18 17 4 0 15 14 4 4.82158279422e-48 4 1 
115 24 2.0 13 15 6 0 18 36 4 8.29630448742e-49 2 4 
115 24 2.0 5 11 3 0 24 29 2 0.218854706749 3 2 
115 24 2.0 9 16 4 0 32 26 3 1.18048626965e-49 2 4 
115 24 2.0 12 13 2 0 14 28 4 2.04501334915e-47 2 2 
115 24 2.0 19 15 2 0 6 5 4 8.06747506639e-45 3 0 
115 25 0.0 4 28 8 0 45 18 2 2.74236385731e-25 2 7 
115 25 0.0 3 19 7 0 28 31 2 0.203143993509 3 4 
115 25 0.0 15 33 20 0 29 63 3 6.55713418922e-54 9 3 
115 25 0.0 14 5 0 0 14 4 4 1.31466628409e-77 2 0 
115 25 0.0 2 11 2 0 5 12 1 0.30078599839 0 3 
115 25 0.0 17 18 6 0 15 10 4 1.17535456529e-78 4 1 
115 25 0.0 8 17 6 0 27 35 3 6.4724215024e-80 1 5 
115 25 0.0 1 11 2 0 5 12 1 0.30078599839 0 3 
115 25 0.0 16 19 12 0 19 35 4 3.41809991611e-78 5 3 
115 25 0.0 11 18 10 0 17 32 3 1.12521204271e-26 4 3 
115 25 0.0 7 19 2 0 37 17 3 5.05324613178e-44 3 3 
115 25 0.0 10 4 0 0 15 9 3 9.75223789596e-79 1 1 
115 25 0.0 6 14 6 0 19 28 3 3.69855711154e-28 2 3 
115 25 0.0 18 17 4 0 15 14 4 2.81875730899e-78 4 1 
115 25 0.0 13 15 6 0 18 36 4 1.45308727523e-79 2 4 
115 25 0.0 5 11 3 0 24 29 2 0.20314399356 3 2 
115 25 0.0 9 16 4 0 32 26 3 4.51268526442e-80 2 4 
115 25 0.0 12 13 2 0 14 28 4 1.73634594041e-78 2 2 
115 25 0.0 19 15 2 0 6 5 4 1.89128378624e-77 3 0 
115 25 2.0 4 28 8 0 45 18 2 0.0417057829701 2 7 
115 25 2.0 3 19 7 0 28 31 2 0.218841356016 3 4 
115 25 2.0 15 33 20 0 29 63 3 2.08601240035e-11 9 3 
115 25 2.0 14 5 0 0 14 4 4 3.24895532807e-46 2 0 
115 25 2.0 2 11 2 0 5 12 1 0.285607893066 0 3 
115 25 2.0 17 18 6 0 15 10 4 1.30972966773e-06 4 1 
115 25 2.0 8 17 6 0 27 35 3 5.11770227093e-65 1 5 
115 25 2.0 1 11 2 0 5 12 1 0.285607893066 0 3 
115 25 2.0 16 19 12 0 19 35 4 3.86693896756e-13 5 3 
115 25 2.0 11 18 10 0 17 32 3 0.253350805344 4 3 
115 25 2.0 7 19 2 0 37 17 3 1.05234050211e-06 3 3 
115 25 2.0 10 4 0 0 15 9 3 2.3343050227e-33 1 1 
115 25 2.0 6 14 6 0 19 28 3 9.28978164806e-15 2 3 
115 25 2.0 18 17 4 0 15 14 4 3.23177630983e-48 4 1 
115 25 2.0 13 15 6 0 18 36 4 4.3729853115e-48 2 4 
115 25 2.0 5 11 3 0 24 29 2 0.218844680034 3 2 
115 25 2.0 9 16 4 0 32 26 3 1.99991235287e-46 2 4 
115 25 2.0 12 13 2 0 14 28 4 9.52417374455e-47 2 2 
115 25 2.0 19 15 2 0 6 5 4 1.26273581353e-45 3 0 
115 26 0.0 4 28 8 0 45 18 2 8.81933884176e-26 2 7 
115 26 0.0 3 19 7 0 28 31 2 0.203143993491 3 4 
115 26 0.0 15 33 20 0 29 63 3 2.2030559605e-53 9 3 
115 26 0.0 14 5 0 0 14 4 4 7.82057670582e-78 2 0 
115 26 0.0 2 11 2 0 5 12 1 0.300785998392 0 3 
115 26 0.0 17 18 6 0 15 10 4 2.89356459926e-78 4 1 
115 26 0.0 8 17 6 0 27 35 3 6.05241919699e-79 1 5 
115 26 0.0 1 11 2 0 5 12 1 0.300785998392 0 3 
115 26 0.0 16 19 12 0 19 35 4 3.89409676219e-78 5 3 
115 26 0.0 11 18 10 0 17 32 3 2.79390915577e-26 4 3 
115 26 0.0 7 19 2 0 37 17 3 8.51823541742e-45 3 3 
115 26 0.0 10 4 0 0 15 9 3 4.06352845762e-78 1 1 
115 26 0.0 6 14 6 0 19 28 3 2.07653422321e-28 2 3 
115 26 0.0 18 17 4 0 15 14 4 4.04523694891e-79 4 1 
115 26 0.0 13 15 6 0 18 36 4 2.61862686458e-79 2 4 
115 26 0.0 5 11 3 0 24 29 2 0.203143993582 3 2 
115 26 0.0 9 16 4 0 32 26 3 5.95182892957e-81 2 4 
115 26 0.0 12 13 2 0 14 28 4 7.33412648349e-78 2 2 
115 26 0.0 19 15 2 0 6 5 4 2.98517138585e-77 3 0 
115 26 2.0 4 28 8 0 45 18 2 0.0416747039672 2 7 
115 26 2.0 3 19 7 0 28 31 2 0.218862325171 3 4 
115 26 2.0 15 33 20 0 29 63 3 1.32228531341e-11 9 3 
115 26 2.0 14 5 0 0 14 4 4 2.93418207559e-46 2 0 
115 26 2.0 2 11 2 0 5 12 1 0.285628643326 0 3 
115 26 2.0 17 18 6 0 15 10 4 2.94449638499e-05 4 1 
115 26 2.0 8 17 6 0 27 35 3 1.86376641851e-72 1 5 
115 26 2.0 1 11 2 0 5 12 1 0.285628643326 0 3 
115 26 2.0 16 19 12 0 19 35 4 7.74802183831e-12 5 3 
115 26 2.0 11 18 10 0 17 32 3 0.253368696738 4 3 
115 26 2.0 7 19 2 0 37 17 3 1.17238510883e-06 3 3 
115 26 2.0 10 4 0 0 15 9 3 8.8521213351e-38 1 1 
115 26 2.0 6 14 6 0 19 28 3 2.97849526057e-16 2 3 
115 26 2.0 18 17 4 0 15 14 4 1.07382698986e-47 4 1 
115 26 2.0 13 15 6 0 18 36 4 3.9882885581e-49 2 4 
115 26 2.0 5 11 3 0 24 29 2 0.218866029079 3 2 
115 26 2.0 9 16 4 0 32 26 3 3.86477051442e-50 2 4 
115 26 2.0 12 13 2 0 14 28 4 1.1750099541e-47 2 2 
115 26 2.0 19 15 2 0 6 5 4 9.14080368591e-45 3 0 
115 27 0.0 4 28 8 0 45 18 2 1.34340521411e-26 2 7 
115 27 0.0 3 19 7 0 28 31 2 0.203143993497 3 4 
115 27 0.0 15 33 20 0 29 63 3 1.31580842099e-53 9 3 
115 27 0.0 14 5 0 0 14 4 4 1.24042984523e-77 2 0 
115 27 0.0 2 11 2 0 5 12 1 0.300785998375 0 3 
115 27 0.0 17 18 6 0 15 10 4 2.6498833091e-78 4 1 
115 27 0.0 8 17 6 0 27 35 3 9.76718561327e-80 1 5 
115 27 0.0 1 11 2 0 5 12 1 0.300785998375 0 3 
115 27 0.0 16 19 12 0 19 35 4 1.57166942924e-78 5 3 
115 27 0.0 11 18 10 0 17 32 3 1.00575268156e-26 4 3 
115 27 0.0 7 19 2 0 37 17 3 1.60491938475e-44 3 3 
115 27 0.0 10 4 0 0 15 9 3 4.37499553693e-78 1 1 
115 27 0.0 6 14 6 0 19 28 3 1.74259929791e-28 2 3 
115 27 0.0 18 17 4 0 15 14 4 9.07294269608e-79 4 1 
115 27 0.0 13 15 6 0 18 36 4 2.55152836123e-79 2 4 
115 27 0.0 5 11 3 0 24 29 2 0.203143993588 3 2 
115 27 0.0 9 16 4 0 32 26 3 4.15320233441e-80 2 4 
115 27 0.0 12 13 2 0 14 28 4 6.34304746007e-79 2 2 
115 27 0.0 19 15 2 0 6 5 4 2.11481928215e-77 3 0 
115 27 2.0 4 28 8 0 45 18 2 0.0417018222616 2 7 
115 27 2.0 3 19 7 0 28 31 2 0.218839272139 3 4 
115 27 2.0 15 33 20 0 29 63 3 1.53103175189e-11 9 3 
115 27 2.0 14 5 0 0 14 4 4 4.31097081643e-46 2 0 
115 27 2.0 2 11 2 0 5 12 1 0.285611608726 0 3 
115 27 2.0 17 18 6 0 15 10 4 4.71454189868e-06 4 1 
115 27 2.0 8 17 6 0 27 35 3 6.07041435601e-67 1 5 
115 27 2.0 1 11 2 0 5 12 1 0.285611608726 0 3 
115 27 2.0 16 19 12 0 19 35 4 5.97677318979e-13 5 3 
115 27 2.0 11 18 10 0 17 32 3 0.25335294656 4 3 
115 27 2.0 7 19 2 0 37 17 3 3.96739242745e-06 3 3 
115 27 2.0 10 4 0 0 15 9 3 4.34963077468e-34 1 1 
115 27 2.0 6 14 6 0 19 28 3 7.86822857172e-16 2 3 
115 27 2.0 18 17 4 0 15 14 4 2.21576776635e-48 4 1 
115 27 2.0 13 15 6 0 18 36 4 3.68740260857e-49 2 4 
115 27 2.0 5 11 3 0 24 29 2 0.218851805217 3 2 
115 27 2.0 9 16 4 0 32 26 3 9.30050231289e-48 2 4 
115 27 2.0 12 13 2 0 14 28 4 2.2977626529e-47 2 2 
115 27 2.0 19 15 2 0 6 5 4 3.38631597668e-45 3 0 
115 28 0.0 4 28 8 0 45 18 2 1.30705796958e-26 2 7 
115 28 0.0 3 19 7 0 28 31 2 0.203143993517 3 4 
115 28 0.0 15 33 20 0 29 63 3 5.20187204801e-54 9 3 
115 28 0.0 14 5 0 0 14 4 4 8.39042167739e-78 2 0 
115 28 0.0 2 11 2 0 5 12 1 0.300785998373 0 3 
115 28 0.0 17 18 6 0 15 10 4 7.29794520494e-79 4 1 
115 28 0.0 8 17 6 0 27 35 3 3.48761715231e-79 1 5 
115 28 0.0 1 11 2 0 5 12 1 0.300785998373 0 3 
115 28 0.0 16 19 12 0 19 35 4 4.7317036078e-78 5 3 
115 28 0.0 11 18 10 0 17 32 3 3.7404641719e-27 4 3 
115 28 0.0 7 19 2 0 37 17 3 3.01940148025e-45 3 3 
115 28 0.0 10 4 0 0 15 9 3 2.15785989674e-78 1 1 
115 28 0.0 6 14 6 0 19 28 3 2.55570189756e-28 2 3 
115 28 0.0 18 17 4 0 15 14 4 1.11594212154e-78 4 1 
115 28 0.0 13 15 6 0 18 36 4 7.94807022525e-79 2 4 
115 28 0.0 5 11 3 0 24 29 2 0.203143993594 3 2 
115 28 0.0 9 16 4 0 32 26 3 5.80210892714e-81 2 4 
115 28 0.0 12 13 2 0 14 28 4 2.49109945724e-78 2 2 
115 28 0.0 19 15 2 0 6 5 4 2.9766896304e-77 3 0 
115 28 2.0 4 28 8 0 45 18 2 0.0417062152244 2 7 
115 28 2.0 3 19 7 0 28 31 2 0.218841908046 3 4 
115 28 2.0 15 33 20 0 29 63 3 6.87921496516e-12 9 3 
115 28 2.0 14 5 0 0 14 4 4 4.1699214226e-46 2 0 
115 28 2.0 2 11 2 0 5 12 1 0.28560691857 0 3 
115 28 2.0 17 18 6 0 15 10 4 7.3201373684e-07 4 1 
115 28 2.0 8 17 6 0 27 35 3 1.23255686006e-64 1 5 
115 28 2.0 1 11 2 0 5 12 1 0.28560691857 0 3 
115 28 2.0 16 19 12 0 19 35 4 6.47642253505e-13 5 3 
115 28 2.0 11 18 10 0 17 32 3 0.253349135754 4 3 
115 28 2.0 7 19 2 0 37 17 3 4.94912580183e-07 3 3 
115 28 2.0 10 4 0 0 15 9 3 3.84762984583e-32 1 1 
115 28 2.0 6 14 6 0 19 28 3 2.63900085521e-15 2 3 
115 28 2.0 18 17 4 0 15 14 4 2.02059349308e-48 4 1 
115 28 2.0 13 15 6 0 18 36 4 2.67593846719e-48 2 4 
115 28 2.0 5 11 3 0 24 29 2 0.218843471292 3 2 
115 28 2.0 9 16 4 0 32 26 3 9.90186255972e-47 2 4 
115 28 2.0 12 13 2 0 14 28 4 1.82814099315e-47 2 2 
115 28 2.0 19 15 2 0 6 5 4 1.66677111583e-45 3 0 
115 29 0.0 4 28 8 0 45 18 2 2.24397675714e-25 2 7 
115 29 0.0 3 19 7 0 28 31 2 0.203143993523 3 4 
115 29 0.0 15 33 20 0 29 63 3 3.84507509862e-53 9 3 
115 29 0.0 14 5 0 0 14 4 4 2.26393734708e-78 2 0 
115 29 0.0 2 11 2 0 5 12 1 0.300785998404 0 3 
115 29 0.0 17 18 6 0 15 10 4 1.85881093062e-78 4 1 
115 29 0.0 8 17 6 0 27 35 3 1.24645810805e-79 1 5 
115 29 0.0 1 11 2 0 5 12 1 0.300785998404 0 3 
115 29 0.0 16 19 12 0 19 35 4 4.55627243052e-78 5 3 
115 29 0.0 11 18 10 0 17 32 3 2.49080706407e-26 4 3 
115 29 0.0 7 19 2 0 37 17 3 1.40550353601e-43 3 3 
115 29 0.0 10 4 0 0 15 9 3 5.61080972744e-78 1 1 
115 29 0.0 6 14 6 0 19 28 3 1.75567214883e-27 2 3 
115 29 0.0 18 17 4 0 15 14 4 8.10174849317e-79 4 1 
115 29 0.0 13 15 6 0 18 36 4 2.8103665485e-78 2 4 
115 29 0.0 5 11 3 0 24 29 2 0.203143993552 3 2 
115 29 0.0 9 16 4 0 32 26 3 1.11850455115e-79 2 4 
115 29 0.0 12 13 2 0 14 28 4 5.28621834275e-78 2 2 
115 29 0.0 19 15 2 0 6 5 4 1.93003028553e-77 3 0 
115 29 2.0 4 28 8 0 45 18 2 0.0416843085975 2 7 
115 29 2.0 3 19 7 0 28 31 2 0.218857439552 3 4 
115 29 2.0 15 33 20 0 29 63 3 3.13054119279e-11 9 3 
115 29 2.0 14 5 0 0 14 4 4 2.13559593522e-46 2 0 
115 29 2.0 2 11 2 0 5 12 1 0.285621920142 0 3 
115 29 2.0 17 18 6 0 15 10 4 1.9298673003e-05 4 1 
115 29 2.0 8 17 6 0 27 35 3 3.16271532147e-70 1 5 
115 29 2.0 1 11 2 0 5 12 1 0.285621920142 0 3 
115 29 2.0 16 19 12 0 19 35 4 8.02658526419e-12 5 3 
115 29 2.0 11 18 10 0 17 32 3 0.253363547271 4 3 
115 29 2.0 7 19 2 0 37 17 3 4.39336016427e-08 3 3 
115 29 2.0 10 4 0 0 15 9 3 2.92187542494e-37 1 1 
115 29 2.0 6 14 6 0 19 28 3 2.39051123609e-17 2 3 
115 29 2.0 18 17 4 0 15 14 4 4.50773598605e-48 4 1 
115 29 2.0 13 15 6 0 18 36 4 5.47766921804e-49 2 4 
115 29 2.0 5 11 3 0 24 29 2 0.218857578339 3 2 
115 29 2.0 9 16 4 0 32 26 3 9.00136565067e-49 2 4 
115 29 2.0 12 13 2 0 14 28 4 3.63479135115e-47 2 2 
115 29 2.0 19 15 2 0 6 5 4 4.53136365622e-45 3 0 
115 30 0.0 4 28 8 0 45 18 2 1.47669091961e-25 2 7 
115 30 0.0 3 19 7 0 28 31 2 0.203143993517 3 4 
115 30 0.0 15 33 20 0 29 63 3 1.91360461139e-53 9 3 
115 30 0.0 14 5 0 0 14 4 4 2.94606530789e-78 2 0 
115 30 0.0 2 11 2 0 5 12 1 0.3007859984 0 3 
115 30 0.0 17 18 6 0 15 10 4 2.39692753841e-78 4 1 
115 30 0.0 8 17 6 0 27 35 3 7.9851253727e-80 1 5 
115 30 0.0 1 11 2 0 5 12 1 0.3007859984 0 3 
115 30 0.0 16 19 12 0 19 35 4 1.09310137425e-77 5 3 
115 30 0.0 11 18 10 0 17 32 3 2.95129624452e-26 4 3 
115 30 0.0 7 19 2 0 37 17 3 1.27819866644e-44 3 3 
115 30 0.0 10 4 0 0 15 9 3 4.51186400168e-78 1 1 
115 30 0.0 6 14 6 0 19 28 3 4.17659160635e-28 2 3 
115 30 0.0 18 17 4 0 15 14 4 3.53455647297e-78 4 1 
115 30 0.0 13 15 6 0 18 36 4 7.46121401973e-79 2 4 
115 30 0.0 5 11 3 0 24 29 2 0.20314399357 3 2 
115 30 0.0 9 16 4 0 32 26 3 5.87174001351e-80 2 4 
115 30 0.0 12 13 2 0 14 28 4 1.9788398916e-78 2 2 
115 30 0.0 19 15 2 0 6 5 4 2.48984921123e-77 3 0 
115 30 2.0 4 28 8 0 45 18 2 0.0417029873541 2 7 
115 30 2.0 3 19 7 0 28 31 2 0.218844864717 3 4 
115 30 2.0 15 33 20 0 29 63 3 4.6103432755e-11 9 3 
115 30 2.0 14 5 0 0 14 4 4 3.46944890398e-46 2 0 
115 30 2.0 2 11 2 0 5 12 1 0.285608813108 0 3 
115 30 2.0 17 18 6 0 15 10 4 3.55889314745e-06 4 1 
115 30 2.0 8 17 6 0 27 35 3 2.88330139221e-66 1 5 
115 30 2.0 1 11 2 0 5 12 1 0.285608813108 0 3 
115 30 2.0 16 19 12 0 19 35 4 4.7065498488e-13 5 3 
115 30 2.0 11 18 10 0 17 32 3 0.253350779277 4 3 
115 30 2.0 7 19 2 0 37 17 3 1.85287114818e-08 3 3 
115 30 2.0 10 4 0 0 15 9 3 5.33331867884e-33 1 1 
115 30 2.0 6 14 6 0 19 28 3 1.43341208355e-16 2 3 
115 30 2.0 18 17 4 0 15 14 4 2.06792294492e-47 4 1 
115 30 2.0 13 15 6 0 18 36 4 3.01456047777e-48 2 4 
115 30 2.0 5 11 3 0 24 29 2 0.218844923243 3 2 
115 30 2.0 9 16 4 0 32 26 3 1.7972487829e-47 2 4 
115 30 2.0 12 13 2 0 14 28 4 3.00030114374e-47 2 2 
115 30 2.0 19 15 2 0 6 5 4 2.62931376071e-45 3 0 
115 31 0.0 4 28 8 0 45 18 2 4.30729788184e-24 2 7 
115 31 0.0 3 19 7 0 28 31 2 0.203143993463 3 4 
115 31 0.0 15 33 20 0 29 63 3 7.09014978837e-54 9 3 
115 31 0.0 14 5 0 0 14 4 4 4.4171040007e-78 2 0 
115 31 0.0 2 11 2 0 5 12 1 0.300785998378 0 3 
115 31 0.0 17 18 6 0 15 10 4 1.17948374698e-78 4 1 
115 31 0.0 8 17 6 0 27 35 3 4.13252621398e-79 1 5 
115 31 0.0 1 11 2 0 5 12 1 0.300785998378 0 3 
115 31 0.0 16 19 12 0 19 35 4 6.54951008774e-78 5 3 
115 31 0.0 11 18 10 0 17 32 3 1.34528041585e-26 4 3 
115 31 0.0 7 19 2 0 37 17 3 8.51606228649e-45 3 3 
115 31 0.0 10 4 0 0 15 9 3 1.48382102053e-78 1 1 
115 31 0.0 6 14 6 0 19 28 3 2.6985598588e-29 2 3 
115 31 0.0 18 17 4 0 15 14 4 1.17484383126e-78 4 1 
115 31 0.0 13 15 6 0 18 36 4 1.06745637385e-78 2 4 
115 31 0.0 5 11 3 0 24 29 2 0.203143993602 3 2 
115 31 0.0 9 16 4 0 32 26 3 7.56562292841e-80 2 4 
115 31 0.0 12 13 2 0 14 28 4 4.27615310322e-78 2 2 
115 31 0.0 19 15 2 0 6 5 4 3.46543939951e-77 3 0 
115 31 2.0 4 28 8 0 45 18 2 0.0417040164806 2 7 
115 31 2.0 3 19 7 0 28 31 2 0.21884389978 3 4 
115 31 2.0 15 33 20 0 29 63 3 5.59012068792e-11 9 3 
115 31 2.0 14 5 0 0 14 4 4 4.81538279177e-46 2 0 
115 31 2.0 2 11 2 0 5 12 1 0.285610045198 0 3 
115 31 2.0 17 18 6 0 15 10 4 9.45275835021e-07 4 1 
115 31 2.0 8 17 6 0 27 35 3 4.67002740179e-66 1 5 
115 31 2.0 1 11 2 0 5 12 1 0.285610045198 0 3 
115 31 2.0 16 19 12 0 19 35 4 1.46996053536e-12 5 3 
115 31 2.0 11 18 10 0 17 32 3 0.25335590632 4 3 
115 31 2.0 7 19 2 0 37 17 3 1.33859383806e-07 3 3 
115 31 2.0 10 4 0 0 15 9 3 2.14271712856e-34 1 1 
115 31 2.0 6 14 6 0 19 28 3 1.92483547178e-14 2 3 
115 31 2.0 18 17 4 0 15 14 4 3.97223570235e-48 4 1 
115 31 2.0 13 15 6 0 18 36 4 5.33771593245e-48 2 4 
115 31 2.0 5 11 3 0 24 29 2 0.218844322598 3 2 
115 31 2.0 9 16 4 0 32 26 3 2.21029882651e-48 2 4 
115 31 2.0 12 13 2 0 14 28 4 1.44882415551e-47 2 2 
115 31 2.0 19 15 2 0 6 5 4 9.40709283847e-46 3 0 
115 32 0.0 4 28 8 0 45 18 2 1.34509885067e-25 2 7 
115 32 0.0 3 19 7 0 28 31 2 0.203143993492 3 4 
115 32 0.0 15 33 20 0 29 63 3 4.68007620995e-54 9 3 
115 32 0.0 14 5 0 0 14 4 4 1.02646055338e-77 2 0 
115 32 0.0 2 11 2 0 5 12 1 0.300785998366 0 3 
115 32 0.0 17 18 6 0 15 10 4 1.34106738356e-78 4 1 
115 32 0.0 8 17 6 0 27 35 3 3.57858897427e-80 1 5 
115 32 0.0 1 11 2 0 5 12 1 0.300785998366 0 3 
115 32 0.0 16 19 12 0 19 35 4 9.44562848431e-78 5 3 
115 32 0.0 11 18 10 0 17 32 3 9.56996802981e-27 4 3 
115 32 0.0 7 19 2 0 37 17 3 2.67734871772e-45 3 3 
115 32 0.0 10 4 0 0 15 9 3 2.82768126353e-78 1 1 
115 32 0.0 6 14 6 0 19 28 3 6.84200359972e-29 2 3 
115 32 0.0 18 17 4 0 15 14 4 6.66825635615e-79 4 1 
115 32 0.0 13 15 6 0 18 36 4 4.16737081123e-79 2 4 
115 32 0.0 5 11 3 0 24 29 2 0.203143993592 3 2 
115 32 0.0 9 16 4 0 32 26 3 7.76093100719e-81 2 4 
115 32 0.0 12 13 2 0 14 28 4 3.79703469691e-78 2 2 
115 32 0.0 19 15 2 0 6 5 4 3.8669129033e-77 3 0 
115 32 2.0 4 28 8 0 45 18 2 0.0416745091573 2 7 
115 32 2.0 3 19 7 0 28 31 2 0.21884666557 3 4 
115 32 2.0 15 33 20 0 29 63 3 6.84167805562e-11 9 3 
115 32 2.0 14 5 0 0 14 4 4 1.31085883141e-46 2 0 
115 32 2.0 2 11 2 0 5 12 1 0.285632487308 0 3 
115 32 2.0 17 18 6 0 15 10 4 2.81741098237e-05 4 1 
115 32 2.0 8 17 6 0 27 35 3 1.56696546489e-73 1 5 
115 32 2.0 1 11 2 0 5 12 1 0.285632487308 0 3 
115 32 2.0 16 19 12 0 19 35 4 1.06120190615e-11 5 3 
115 32 2.0 11 18 10 0 17 32 3 0.253368922682 4 3 
115 32 2.0 7 19 2 0 37 17 3 1.07370026996e-05 3 3 
115 32 2.0 10 4 0 0 15 9 3 2.11346125352e-37 1 1 
115 32 2.0 6 14 6 0 19 28 3 7.13748364027e-17 2 3 
115 32 2.0 18 17 4 0 15 14 4 3.74221818391e-48 4 1 
115 32 2.0 13 15 6 0 18 36 4 4.12765459909e-49 2 4 
115 32 2.0 5 11 3 0 24 29 2 0.218880596012 3 2 
115 32 2.0 9 16 4 0 32 26 3 5.77375505649e-48 2 4 
115 32 2.0 12 13 2 0 14 28 4 1.23018820616e-47 2 2 
115 32 2.0 19 15 2 0 6 5 4 1.06092208415e-44 3 0 
115 33 0.0 4 28 8 0 45 18 2 1.04113241439e-25 2 7 
115 33 0.0 3 19 7 0 28 31 2 0.203143993509 3 4 
115 33 0.0 15 33 20 0 29 63 3 1.19398640062e-53 9 3 
115 33 0.0 14 5 0 0 14 4 4 3.77262815912e-78 2 0 
115 33 0.0 2 11 2 0 5 12 1 0.300785998373 0 3 
115 33 0.0 17 18 6 0 15 10 4 1.6164664167e-78 4 1 
115 33 0.0 8 17 6 0 27 35 3 9.14658428326e-80 1 5 
115 33 0.0 1 11 2 0 5 12 1 0.300785998373 0 3 
115 33 0.0 16 19 12 0 19 35 4 5.3939307768e-78 5 3 
115 33 0.0 11 18 10 0 17 32 3 2.08565596527e-26 4 3 
115 33 0.0 7 19 2 0 37 17 3 8.80151729198e-44 3 3 
115 33 0.0 10 4 0 0 15 9 3 1.14798416586e-78 1 1 
115 33 0.0 6 14 6 0 19 28 3 1.55960497845e-28 2 3 
115 33 0.0 18 17 4 0 15 14 4 1.19981365005e-78 4 1 
115 33 0.0 13 15 6 0 18 36 4 1.55424875503e-78 2 4 
115 33 0.0 5 11 3 0 24 29 2 0.203143993566 3 2 
115 33 0.0 9 16 4 0 32 26 3 3.22927248853e-79 2 4 
115 33 0.0 12 13 2 0 14 28 4 1.18926047887e-78 2 2 
115 33 0.0 19 15 2 0 6 5 4 2.9216749678e-77 3 0 
115 33 2.0 4 28 8 0 45 18 2 0.0417062100472 2 7 
115 33 2.0 3 19 7 0 28 31 2 0.218842217741 3 4 
115 33 2.0 15 33 20 0 29 63 3 4.81427174389e-12 9 3 
115 33 2.0 14 5 0 0 14 4 4 1.96300640613e-46 2 0 
115 33 2.0 2 11 2 0 5 12 1 0.285606688181 0 3 
115 33 2.0 17 18 6 0 15 10 4 1.11563393053e-07 4 1 
115 33 2.0 8 17 6 0 27 35 3 1.12321885466e-60 1 5 
115 33 2.0 1 11 2 0 5 12 1 0.285606688181 0 3 
115 33 2.0 16 19 12 0 19 35 4 5.29399088441e-14 5 3 
115 33 2.0 11 18 10 0 17 32 3 0.253348738458 4 3 
115 33 2.0 7 19 2 0 37 17 3 2.49032180056e-07 3 3 
115 33 2.0 10 4 0 0 15 9 3 2.3848281224e-29 1 1 
115 33 2.0 6 14 6 0 19 28 3 1.28930604321e-13 2 3 
115 33 2.0 18 17 4 0 15 14 4 7.74646359671e-48 4 1 
115 33 2.0 13 15 6 0 18 36 4 3.30919719375e-48 2 4 
115 33 2.0 5 11 3 0 24 29 2 0.21884300434 3 2 
115 33 2.0 9 16 4 0 32 26 3 5.34642341875e-45 2 4 
115 33 2.0 12 13 2 0 14 28 4 6.88719083621e-47 2 2 
115 33 2.0 19 15 2 0 6 5 4 1.14657030456e-45 3 0 
115 34 0.0 4 28 8 0 45 18 2 9.57523833176e-26 2 7 
115 34 0.0 3 19 7 0 28 31 2 0.203143993516 3 4 
115 34 0.0 15 33 20 0 29 63 3 4.21878513947e-54 9 3 
115 34 0.0 14 5 0 0 14 4 4 4.70670004275e-78 2 0 
115 34 0.0 2 11 2 0 5 12 1 0.300785998372 0 3 
115 34 0.0 17 18 6 0 15 10 4 3.16319591446e-78 4 1 
115 34 0.0 8 17 6 0 27 35 3 5.14177720225e-79 1 5 
115 34 0.0 1 11 2 0 5 12 1 0.300785998372 0 3 
115 34 0.0 16 19 12 0 19 35 4 2.3052768648e-78 5 3 
115 34 0.0 11 18 10 0 17 32 3 1.52926383524e-26 4 3 
115 34 0.0 7 19 2 0 37 17 3 1.22795921906e-43 3 3 
115 34 0.0 10 4 0 0 15 9 3 8.60377229047e-79 1 1 
115 34 0.0 6 14 6 0 19 28 3 3.79555357626e-28 2 3 
115 34 0.0 18 17 4 0 15 14 4 1.62414994346e-78 4 1 
115 34 0.0 13 15 6 0 18 36 4 2.12690735172e-79 2 4 
115 34 0.0 5 11 3 0 24 29 2 0.203143993571 3 2 
115 34 0.0 9 16 4 0 32 26 3 5.17220635214e-80 2 4 
115 34 0.0 12 13 2 0 14 28 4 2.62845211636e-78 2 2 
115 34 0.0 19 15 2 0 6 5 4 4.26125443478e-77 3 0 
115 34 2.0 4 28 8 0 45 18 2 0.0417063960085 2 7 
115 34 2.0 3 19 7 0 28 31 2 0.218840912451 3 4 
115 34 2.0 15 33 20 0 29 63 3 1.60677068174e-11 9 3 
115 34 2.0 14 5 0 0 14 4 4 3.1366031407e-46 2 0 
115 34 2.0 2 11 2 0 5 12 1 0.285607276732 0 3 
115 34 2.0 17 18 6 0 15 10 4 4.55013191249e-07 4 1 
115 34 2.0 8 17 6 0 27 35 3 3.12793575452e-65 1 5 
115 34 2.0 1 11 2 0 5 12 1 0.285607276732 0 3 
115 34 2.0 16 19 12 0 19 35 4 1.36263700883e-12 5 3 
115 34 2.0 11 18 10 0 17 32 3 0.25334985423 4 3 
115 34 2.0 7 19 2 0 37 17 3 1.03383659947e-06 3 3 
115 34 2.0 10 4 0 0 15 9 3 2.48221804988e-32 1 1 
115 34 2.0 6 14 6 0 19 28 3 1.30644601617e-14 2 3 
115 34 2.0 18 17 4 0 15 14 4 3.83263664349e-48 4 1 
115 34 2.0 13 15 6 0 18 36 4 5.45976266578e-48 2 4 
115 34 2.0 5 11 3 0 24 29 2 0.218844178006 3 2 
115 34 2.0 9 16 4 0 32 26 3 5.07151921767e-47 2 4 
115 34 2.0 12 13 2 0 14 28 4 1.54854510773e-47 2 2 
115 34 2.0 19 15 2 0 6 5 4 1.53558878881e-45 3 0 
115 35 0.0 4 28 8 0 45 18 2 3.28804285762e-25 2 7 
115 35 0.0 3 19 7 0 28 31 2 0.2031439935 3 4 
115 35 0.0 15 33 20 0 29 63 3 3.26454603761e-54 9 3 
115 35 0.0 14 5 0 0 14 4 4 8.90932914668e-78 2 0 
115 35 0.0 2 11 2 0 5 12 1 0.300785998392 0 3 
115 35 0.0 17 18 6 0 15 10 4 9.27634715783e-79 4 1 
115 35 0.0 8 17 6 0 27 35 3 9.1248976679e-80 1 5 
115 35 0.0 1 11 2 0 5 12 1 0.300785998392 0 3 
115 35 0.0 16 19 12 0 19 35 4 2.44373158824e-78 5 3 
115 35 0.0 11 18 10 0 17 32 3 1.3711984204e-26 4 3 
115 35 0.0 7 19 2 0 37 17 3 1.17502575165e-43 3 3 
115 35 0.0 10 4 0 0 15 9 3 3.86901737396e-78 1 1 
115 35 0.0 6 14 6 0 19 28 3 2.99000893049e-28 2 3 
115 35 0.0 18 17 4 0 15 14 4 1.21488519415e-78 4 1 
115 35 0.0 13 15 6 0 18 36 4 1.59374763513e-78 2 4 
115 35 0.0 5 11 3 0 24 29 2 0.203143993551 3 2 
115 35 0.0 9 16 4 0 32 26 3 1.55842691207e-79 2 4 
115 35 0.0 12 13 2 0 14 28 4 1.63750975017e-78 2 2 
115 35 0.0 19 15 2 0 6 5 4 2.64172724255e-77 3 0 
115 35 2.0 4 28 8 0 45 18 2 0.0416829016141 2 7 
115 35 2.0 3 19 7 0 28 31 2 0.21885804101 3 4 
115 35 2.0 15 33 20 0 29 63 3 1.70284111945e-10 9 3 
115 35 2.0 14 5 0 0 14 4 4 2.56519716654e-46 2 0 
115 35 2.0 2 11 2 0 5 12 1 0.285617720195 0 3 
115 35 2.0 17 18 6 0 15 10 4 2.05160274779e-05 4 1 
115 35 2.0 8 17 6 0 27 35 3 8.87936834893e-72 1 5 
115 35 2.0 1 11 2 0 5 12 1 0.285617720195 0 3 
115 35 2.0 16 19 12 0 19 35 4 3.30356275038e-11 5 3 
115 35 2.0 11 18 10 0 17 32 3 0.253348855751 4 3 
115 35 2.0 7 19 2 0 37 17 3 8.96093940008e-09 3 3 
115 35 2.0 10 4 0 0 15 9 3 1.24170412667e-37 1 1 
115 35 2.0 6 14 6 0 19 28 3 1.07341796165e-17 2 3 
115 35 2.0 18 17 4 0 15 14 4 4.77266228229e-48 4 1 
115 35 2.0 13 15 6 0 18 36 4 2.69802744981e-48 2 4 
115 35 2.0 5 11 3 0 24 29 2 0.218858069318 3 2 
115 35 2.0 9 16 4 0 32 26 3 3.48688144918e-50 2 4 
115 35 2.0 12 13 2 0 14 28 4 2.45487152703e-47 2 2 
115 35 2.0 19 15 2 0 6 5 4 3.07370332863e-45 3 0 
115 36 0.0 4 28 8 0 45 18 2 2.79692366748e-26 2 7 
115 36 0.0 3 19 7 0 28 31 2 0.203143993504 3 4 
115 36 0.0 15 33 20 0 29 63 3 1.06670014342e-53 9 3 
115 36 0.0 14 5 0 0 14 4 4 1.50654945947e-77 2 0 
115 36 0.0 2 11 2 0 5 12 1 0.300785998382 0 3 
115 36 0.0 17 18 6 0 15 10 4 1.97569753306e-78 4 1 
115 36 0.0 8 17 6 0 27 35 3 2.17791095789e-79 1 5 
115 36 0.0 1 11 2 0 5 12 1 0.300785998382 0 3 
115 36 0.0 16 19 12 0 19 35 4 9.01252538171e-78 5 3 
115 36 0.0 11 18 10 0 17 32 3 2.88973102563e-26 4 3 
115 36 0.0 7 19 2 0 37 17 3 1.9891776744e-45 3 3 
115 36 0.0 10 4 0 0 15 9 3 3.52576289694e-78 1 1 
115 36 0.0 6 14 6 0 19 28 3 1.03163797011e-28 2 3 
115 36 0.0 18 17 4 0 15 14 4 1.43146659699e-78 4 1 
115 36 0.0 13 15 6 0 18 36 4 8.05977397504e-79 2 4 
115 36 0.0 5 11 3 0 24 29 2 0.203143993577 3 2 
115 36 0.0 9 16 4 0 32 26 3 3.4637473974e-81 2 4 
115 36 0.0 12 13 2 0 14 28 4 6.43020989604e-78 2 2 
115 36 0.0 19 15 2 0 6 5 4 2.3636301323e-77 3 0 
115 36 2.0 4 28 8 0 45 18 2 0.0416985509203 2 7 
115 36 2.0 3 19 7 0 28 31 2 0.218843988162 3 4 
115 36 2.0 15 33 20 0 29 63 3 5.30295397265e-11 9 3 
115 36 2.0 14 5 0 0 14 4 4 1.77301377112e-46 2 0 
115 36 2.0 2 11 2 0 5 12 1 0.28561422475 0 3 
115 36 2.0 17 18 6 0 15 10 4 6.23942592469e-06 4 1 
115 36 2.0 8 17 6 0 27 35 3 2.35804009714e-68 1 5 
115 36 2.0 1 11 2 0 5 12 1 0.28561422475 0 3 
115 36 2.0 16 19 12 0 19 35 4 7.48364298928e-12 5 3 
115 36 2.0 11 18 10 0 17 32 3 0.253358054871 4 3 
115 36 2.0 7 19 2 0 37 17 3 2.37489252647e-06 3 3 
115 36 2.0 10 4 0 0 15 9 3 4.06336400228e-35 1 1 
115 36 2.0 6 14 6 0 19 28 3 2.29772565865e-15 2 3 
115 36 2.0 18 17 4 0 15 14 4 3.87624708664e-48 4 1 
115 36 2.0 13 15 6 0 18 36 4 5.00834374102e-49 2 4 
115 36 2.0 5 11 3 0 24 29 2 0.218851490348 3 2 
115 36 2.0 9 16 4 0 32 26 3 2.1057517942e-47 2 4 
115 36 2.0 12 13 2 0 14 28 4 1.2784714135e-47 2 2 
115 36 2.0 19 15 2 0 6 5 4 2.65581008589e-45 3 0 
115 37 0.0 4 28 8 0 45 18 2 1.25971412717e-24 2 7 
115 37 0.0 3 19 7 0 28 31 2 0.20314399348 3 4 
115 37 0.0 15 33 20 0 29 63 3 8.59437737722e-54 9 3 
115 37 0.0 14 5 0 0 14 4 4 7.1258527953e-78 2 0 
115 37 0.0 2 11 2 0 5 12 1 0.300785998382 0 3 
115 37 0.0 17 18 6 0 15 10 4 3.07166199145e-78 4 1 
115 37 0.0 8 17 6 0 27 35 3 2.66353187545e-79 1 5 
115 37 0.0 1 11 2 0 5 12 1 0.300785998382 0 3 
115 37 0.0 16 19 12 0 19 35 4 3.8398160572e-78 5 3 
115 37 0.0 11 18 10 0 17 32 3 1.48881236063e-26 4 3 
115 37 0.0 7 19 2 0 37 17 3 1.84864829032e-45 3 3 
115 37 0.0 10 4 0 0 15 9 3 1.53394285614e-78 1 1 
115 37 0.0 6 14 6 0 19 28 3 8.23456965104e-29 2 3 
115 37 0.0 18 17 4 0 15 14 4 1.29408964624e-78 4 1 
115 37 0.0 13 15 6 0 18 36 4 4.4235665315e-79 2 4 
115 37 0.0 5 11 3 0 24 29 2 0.203143993616 3 2 
115 37 0.0 9 16 4 0 32 26 3 6.87643830065e-81 2 4 
115 37 0.0 12 13 2 0 14 28 4 3.04995273023e-78 2 2 
115 37 0.0 19 15 2 0 6 5 4 2.61958477396e-77 3 0 
115 37 2.0 4 28 8 0 45 18 2 0.0417057920824 2 7 
115 37 2.0 3 19 7 0 28 31 2 0.218842098905 3 4 
115 37 2.0 15 33 20 0 29 63 3 6.2451727004e-11 9 3 
115 37 2.0 14 5 0 0 14 4 4 2.1761688866e-46 2 0 
115 37 2.0 2 11 2 0 5 12 1 0.285607444237 0 3 
115 37 2.0 17 18 6 0 15 10 4 1.16357662728e-06 4 1 
115 37 2.0 8 17 6 0 27 35 3 2.18484364225e-65 1 5 
115 37 2.0 1 11 2 0 5 12 1 0.285607444237 0 3 
115 37 2.0 16 19 12 0 19 35 4 6.00467686896e-13 5 3 
115 37 2.0 11 18 10 0 17 32 3 0.253350029022 4 3 
115 37 2.0 7 19 2 0 37 17 3 5.69045829251e-07 3 3 
115 37 2.0 10 4 0 0 15 9 3 2.6438747855e-32 1 1 
115 37 2.0 6 14 6 0 19 28 3 1.17244209469e-15 2 3 
115 37 2.0 18 17 4 0 15 14 4 4.04659789986e-47 4 1 
115 37 2.0 13 15 6 0 18 36 4 1.36068901979e-48 2 4 
115 37 2.0 5 11 3 0 24 29 2 0.218843896319 3 2 
115 37 2.0 9 16 4 0 32 26 3 7.57996119803e-47 2 4 
115 37 2.0 12 13 2 0 14 28 4 1.06554706593e-47 2 2 
115 37 2.0 19 15 2 0 6 5 4 1.64289570621e-45 3 0 
115 38 0.0 4 28 8 0 45 18 2 2.17693988943e-24 2 7 
115 38 0.0 3 19 7 0 28 31 2 0.203143993501 3 4 
115 38 0.0 15 33 20 0 29 63 3 4.70111923594e-54 9 3 
115 38 0.0 14 5 0 0 14 4 4 7.54096862193e-78 2 0 
115 38 0.0 2 11 2 0 5 12 1 0.300785998388 0 3 
115 38 0.0 17 18 6 0 15 10 4 1.51819697727e-78 4 1 
115 38 0.0 8 17 6 0 27 35 3 4.20080699473e-79 1 5 
115 38 0.0 1 11 2 0 5 12 1 0.300785998388 0 3 
115 38 0.0 16 19 12 0 19 35 4 5.23123947884e-78 5 3 
115 38 0.0 11 18 10 0 17 32 3 1.33331069373e-26 4 3 
115 38 0.0 7 19 2 0 37 17 3 1.0655461302e-43 3 3 
115 38 0.0 10 4 0 0 15 9 3 7.52101645226e-79 1 1 
115 38 0.0 6 14 6 0 19 28 3 1.62891753535e-28 2 3 
115 38 0.0 18 17 4 0 15 14 4 3.64959274826e-79 4 1 
115 38 0.0 13 15 6 0 18 36 4 2.59724714291e-79 2 4 
115 38 0.0 5 11 3 0 24 29 2 0.20314399358 3 2 
115 38 0.0 9 16 4 0 32 26 3 1.7016074656e-79 2 4 
115 38 0.0 12 13 2 0 14 28 4 3.48476911914e-78 2 2 
115 38 0.0 19 15 2 0 6 5 4 3.21241214886e-77 3 0 
115 38 2.0 4 28 8 0 45 18 2 0.041705641251 2 7 
115 38 2.0 3 19 7 0 28 31 2 0.218839831283 3 4 
115 38 2.0 15 33 20 0 29 63 3 1.13742199135e-11 9 3 
115 38 2.0 14 5 0 0 14 4 4 2.5817293825e-46 2 0 
115 38 2.0 2 11 2 0 5 12 1 0.285608211107 0 3 
115 38 2.0 17 18 6 0 15 10 4 1.19314813099e-06 4 1 
115 38 2.0 8 17 6 0 27 35 3 4.38587405733e-65 1 5 
115 38 2.0 1 11 2 0 5 12 1 0.285608211107 0 3 
115 38 2.0 16 19 12 0 19 35 4 9.41855298078e-13 5 3 
115 38 2.0 11 18 10 0 17 32 3 0.253350442128 4 3 
115 38 2.0 7 19 2 0 37 17 3 2.01928447617e-06 3 3 
115 38 2.0 10 4 0 0 15 9 3 9.32036357813e-33 1 1 
115 38 2.0 6 14 6 0 19 28 3 1.35460486315e-14 2 3 
115 38 2.0 18 17 4 0 15 14 4 3.62771623943e-48 4 1 
115 38 2.0 13 15 6 0 18 36 4 1.19128892186e-48 2 4 
115 38 2.0 5 11 3 0 24 29 2 0.218846209753 3 2 
115 38 2.0 9 16 4 0 32 26 3 5.27006519278e-47 2 4 
115 38 2.0 12 13 2 0 14 28 4 3.91576148031e-47 2 2 
115 38 2.0 19 15 2 0 6 5 4 1.72526861543e-45 3 0 
115 39 0.0 4 28 8 0 45 18 2 2.01882075241e-27 2 7 
115 39 0.0 3 19 7 0 28 31 2 0.203143993506 3 4 
115 39 0.0 15 33 20 0 29 63 3 1.8732313557e-54 9 3 
115 39 0.0 14 5 0 0 14 4 4 8.57303146575e-78 2 0 
115 39 0.0 2 11 2 0 5 12 1 0.300785998377 0 3 
115 39 0.0 17 18 6 0 15 10 4 2.6427892508e-78 4 1 
115 39 0.0 8 17 6 0 27 35 3 1.88693874701e-78 1 5 
115 39 0.0 1 11 2 0 5 12 1 0.300785998377 0 3 
115 39 0.0 16 19 12 0 19 35 4 4.76406087448e-78 5 3 
115 39 0.0 11 18 10 0 17 32 3 3.80240599274e-27 4 3 
115 39 0.0 7 19 2 0 37 17 3 3.61871314384e-45 3 3 
115 39 0.0 10 4 0 0 15 9 3 4.20192353137e-78 1 1 
115 39 0.0 6 14 6 0 19 28 3 6.18827209569e-28 2 3 
115 39 0.0 18 17 4 0 15 14 4 1.79429145222e-78 4 1 
115 39 0.0 13 15 6 0 18 36 4 6.59425846131e-79 2 4 
115 39 0.0 5 11 3 0 24 29 2 0.203143993547 3 2 
115 39 0.0 9 16 4 0 32 26 3 2.05619557328e-81 2 4 
115 39 0.0 12 13 2 0 14 28 4 4.3809541362e-78 2 2 
115 39 0.0 19 15 2 0 6 5 4 2.08856634179e-77 3 0 
115 39 2.0 4 28 8 0 45 18 2 0.0416853438323 2 7 
115 39 2.0 3 19 7 0 28 31 2 0.218856565727 3 4 
115 39 2.0 15 33 20 0 29 63 3 1.16715170152e-10 9 3 
115 39 2.0 14 5 0 0 14 4 4 2.6203565732e-46 2 0 
115 39 2.0 2 11 2 0 5 12 1 0.285620394793 0 3 
115 39 2.0 17 18 6 0 15 10 4 1.76325150248e-05 4 1 
115 39 2.0 8 17 6 0 27 35 3 1.01612272792e-70 1 5 
115 39 2.0 1 11 2 0 5 12 1 0.285620394793 0 3 
115 39 2.0 16 19 12 0 19 35 4 1.61496390851e-11 5 3 
115 39 2.0 11 18 10 0 17 32 3 0.253360441182 4 3 
115 39 2.0 7 19 2 0 37 17 3 4.70604929804e-08 3 3 
115 39 2.0 10 4 0 0 15 9 3 5.94692347857e-37 1 1 
115 39 2.0 6 14 6 0 19 28 3 4.77539658052e-17 2 3 
115 39 2.0 18 17 4 0 15 14 4 4.49426445098e-48 4 1 
115 39 2.0 13 15 6 0 18 36 4 8.74710417884e-49 2 4 
115 39 2.0 5 11 3 0 24 29 2 0.218856714391 3 2 
115 39 2.0 9 16 4 0 32 26 3 2.04270864394e-49 2 4 
115 39 2.0 12 13 2 0 14 28 4 2.18286446307e-47 2 2 
115 39 2.0 19 15 2 0 6 5 4 4.37892936565e-45 3 0 
115 40 0.0 4 28 8 0 45 18 2 2.46828940341e-25 2 7 
115 40 0.0 3 19 7 0 28 31 2 0.2031439935 3 4 
115 40 0.0 15 33 20 0 29 63 3 1.57152707463e-53 9 3 
115 40 0.0 14 5 0 0 14 4 4 4.5355179561e-78 2 0 
115 40 0.0 2 11 2 0 5 12 1 0.300785998398 0 3 
115 40 0.0 17 18 6 0 15 10 4 5.51230969872e-78 4 1 
115 40 0.0 8 17 6 0 27 35 3 6.30028298736e-79 1 5 
115 40 0.0 1 11 2 0 5 12 1 0.300785998398 0 3 
115 40 0.0 16 19 12 0 19 35 4 4.91917867043e-78 5 3 
115 40 0.0 11 18 10 0 17 32 3 1.06929890649e-26 4 3 
115 40 0.0 7 19 2 0 37 17 3 4.08162072868e-45 3 3 
115 40 0.0 10 4 0 0 15 9 3 2.71986792634e-78 1 1 
115 40 0.0 6 14 6 0 19 28 3 3.1530921351e-28 2 3 
115 40 0.0 18 17 4 0 15 14 4 1.67606782603e-78 4 1 
115 40 0.0 13 15 6 0 18 36 4 1.29700548298e-79 2 4 
115 40 0.0 5 11 3 0 24 29 2 0.20314399359 3 2 
115 40 0.0 9 16 4 0 32 26 3 7.61106820566e-80 2 4 
115 40 0.0 12 13 2 0 14 28 4 2.94188208913e-78 2 2 
115 40 0.0 19 15 2 0 6 5 4 2.16916655321e-77 3 0 
115 40 2.0 4 28 8 0 45 18 2 0.0417013983973 2 7 
115 40 2.0 3 19 7 0 28 31 2 0.218845971014 3 4 
115 40 2.0 15 33 20 0 29 63 3 6.8561527296e-11 9 3 
115 40 2.0 14 5 0 0 14 4 4 1.2278098703e-46 2 0 
115 40 2.0 2 11 2 0 5 12 1 0.285611078817 0 3 
115 40 2.0 17 18 6 0 15 10 4 5.20723031511e-06 4 1 
115 40 2.0 8 17 6 0 27 35 3 2.71104352217e-68 1 5 
115 40 2.0 1 11 2 0 5 12 1 0.285611078817 0 3 
115 40 2.0 16 19 12 0 19 35 4 2.3828165984e-12 5 3 
115 40 2.0 11 18 10 0 17 32 3 0.253355270693 4 3 
115 40 2.0 7 19 2 0 37 17 3 7.84347364869e-08 3 3 
115 40 2.0 10 4 0 0 15 9 3 4.16197187393e-34 1 1 
115 40 2.0 6 14 6 0 19 28 3 7.52738135894e-17 2 3 
115 40 2.0 18 17 4 0 15 14 4 2.44116512118e-48 4 1 
115 40 2.0 13 15 6 0 18 36 4 3.31443244171e-48 2 4 
115 40 2.0 5 11 3 0 24 29 2 0.218846218766 3 2 
115 40 2.0 9 16 4 0 32 26 3 1.01373527098e-47 2 4 
115 40 2.0 12 13 2 0 14 28 4 3.34465492676e-47 2 2 
115 40 2.0 19 15 2 0 6 5 4 3.05982942277e-45 3 0 
