109 1 0.0 17 7 4 0 41 21 2 1.11615163427e-17 5 1 
109 1 0.0 16 4 0 0 7 5 3 4.93497603568e-79 1 1 
109 1 0.0 19 2 0 0 24 25 2 0.703975729677 5 0 
109 1 0.0 18 6 0 0 10 4 3 8.98916753146e-78 2 0 
109 1 0.0 20 6 0 0 4 4 3 1.9670468896e-77 2 0 
109 1 0.0 21 0 0 0 20 1 2 2.96705811924e-55 1 0 
109 1 0.0 22 0 0 0 20 1 2 1.54858175722e-55 1 0 
109 1 0.0 1 4 0 0 16 30 1 0.284593979584 0 4 
109 1 0.0 3 2 1 0 7 22 1 0.274088196206 0 3 
109 1 0.0 2 5 4 0 92 48 1 0.0719443626974 0 10 
109 1 0.0 5 0 0 0 1 12 1 0.675172372157 0 1 
109 1 0.0 4 4 2 0 21 36 1 0.274088196206 0 5 
109 1 0.0 7 0 0 0 1 10 1 0.486737807681 0 1 
109 1 0.0 6 2 0 0 9 30 1 0.161910179344 0 3 
109 1 0.0 9 0 0 0 28 4 2 0.0696150248797 2 0 
109 1 0.0 8 0 0 0 1 10 1 0.486737807681 0 1 
109 1 0.0 11 9 3 0 37 25 2 3.05557839228e-15 3 3 
109 1 0.0 10 0 0 0 20 1 2 3.17062093807e-55 1 0 
109 1 0.0 13 5 2 0 35 24 2 9.85284044836e-50 2 3 
109 1 0.0 12 0 0 0 36 9 2 0.240241510114 3 0 
109 1 0.0 15 9 3 0 40 24 2 2.56914601948e-19 4 2 
109 1 0.0 14 1 2 0 46 32 2 0.457203306102 6 0 
109 1 2.0 17 7 4 0 41 21 2 3.40755397269e-13 5 1 
109 1 2.0 16 4 0 0 7 5 3 1.09241430478e-55 1 1 
109 1 2.0 19 2 0 0 24 25 2 1.04106000886 5 0 
109 1 2.0 18 6 0 0 10 4 3 1.27779533839e-54 2 0 
109 1 2.0 20 6 0 0 4 4 3 3.76540112803e-55 2 0 
109 1 2.0 21 0 0 0 20 1 2 5.45680432889e-66 1 0 
109 1 2.0 22 0 0 0 20 1 2 8.39379474187e-66 1 0 
109 1 2.0 1 4 0 0 16 30 1 0.229593472119 0 4 
109 1 2.0 3 2 1 0 7 22 1 0.205729059301 0 3 
109 1 2.0 2 5 4 0 92 48 1 3.18178581318e-06 0 10 
109 1 2.0 5 0 0 0 1 12 1 0.620763652763 0 1 
109 1 2.0 4 4 2 0 21 36 1 0.2057290593 0 5 
109 1 2.0 7 0 0 0 1 10 1 0.415123852539 0 1 
109 1 2.0 6 2 0 0 9 30 1 0.0358876790552 0 3 
109 1 2.0 9 0 0 0 28 4 2 0.0691973925515 2 0 
109 1 2.0 8 0 0 0 1 10 1 0.415123852539 0 1 
109 1 2.0 11 9 3 0 37 25 2 3.78900183241e-26 3 3 
109 1 2.0 10 0 0 0 20 1 2 1.4996022406e-65 1 0 
109 1 2.0 13 5 2 0 35 24 2 2.09865825367e-67 2 3 
109 1 2.0 12 0 0 0 36 9 2 0.277410010046 3 0 
109 1 2.0 15 9 3 0 40 24 2 1.03504646225e-27 4 2 
109 1 2.0 14 1 2 0 46 32 2 0.658014940642 6 0 
109 2 0.0 17 7 4 0 41 21 2 7.81683419655e-17 5 1 
109 2 0.0 16 4 0 0 7 5 3 9.20909401959e-79 1 1 
109 2 0.0 19 2 0 0 24 25 2 0.703975728781 5 0 
109 2 0.0 18 6 0 0 10 4 3 2.32287472117e-77 2 0 
109 2 0.0 20 6 0 0 4 4 3 1.20074667445e-77 2 0 
109 2 0.0 21 0 0 0 20 1 2 3.07043405036e-50 1 0 
109 2 0.0 22 0 0 0 20 1 2 2.10444718266e-49 1 0 
109 2 0.0 1 4 0 0 16 30 1 0.284593977404 0 4 
109 2 0.0 3 2 1 0 7 22 1 0.274088195347 0 3 
109 2 0.0 2 5 4 0 92 48 1 0.0719443643951 0 10 
109 2 0.0 5 0 0 0 1 12 1 0.675172371708 0 1 
109 2 0.0 4 4 2 0 21 36 1 0.274088195347 0 5 
109 2 0.0 7 0 0 0 1 10 1 0.486737808291 0 1 
109 2 0.0 6 2 0 0 9 30 1 0.161910179993 0 3 
109 2 0.0 9 0 0 0 28 4 2 0.0696150253784 2 0 
109 2 0.0 8 0 0 0 1 10 1 0.486737808291 0 1 
109 2 0.0 11 9 3 0 37 25 2 7.40469751803e-16 3 3 
109 2 0.0 10 0 0 0 20 1 2 7.51235910961e-50 1 0 
109 2 0.0 13 5 2 0 35 24 2 3.39198766987e-48 2 3 
109 2 0.0 12 0 0 0 36 9 2 0.240241510178 3 0 
109 2 0.0 15 9 3 0 40 24 2 6.92037253043e-18 4 2 
109 2 0.0 14 1 2 0 46 32 2 0.457203306785 6 0 
109 2 2.0 17 7 4 0 41 21 2 1.1100339269e-13 5 1 
109 2 2.0 16 4 0 0 7 5 3 4.47291244062e-57 1 1 
109 2 2.0 19 2 0 0 24 25 2 1.04106123974 5 0 
109 2 2.0 18 6 0 0 10 4 3 5.21885465076e-55 2 0 
109 2 2.0 20 6 0 0 4 4 3 6.28644431637e-55 2 0 
109 2 2.0 21 0 0 0 20 1 2 8.57573585574e-66 1 0 
109 2 2.0 22 0 0 0 20 1 2 1.57756242082e-65 1 0 
109 2 2.0 1 4 0 0 16 30 1 0.22959489651 0 4 
109 2 2.0 3 2 1 0 7 22 1 0.205729783192 0 3 
109 2 2.0 2 5 4 0 92 48 1 1.51412056769e-06 0 10 
109 2 2.0 5 0 0 0 1 12 1 0.620763744397 0 1 
109 2 2.0 4 4 2 0 21 36 1 0.205729783192 0 5 
109 2 2.0 7 0 0 0 1 10 1 0.415123529974 0 1 
109 2 2.0 6 2 0 0 9 30 1 0.035887597239 0 3 
109 2 2.0 9 0 0 0 28 4 2 0.0691966363222 2 0 
109 2 2.0 8 0 0 0 1 10 1 0.415123529974 0 1 
109 2 2.0 11 9 3 0 37 25 2 4.7445521366e-24 3 3 
109 2 2.0 10 0 0 0 20 1 2 9.29921891387e-66 1 0 
109 2 2.0 13 5 2 0 35 24 2 5.90935207137e-67 2 3 
109 2 2.0 12 0 0 0 36 9 2 0.277409409907 3 0 
109 2 2.0 15 9 3 0 40 24 2 4.11730731247e-27 4 2 
109 2 2.0 14 1 2 0 46 32 2 0.658014655882 6 0 
109 3 0.0 17 7 4 0 41 21 2 3.4946442311e-17 5 1 
109 3 0.0 16 4 0 0 7 5 3 3.35509714583e-79 1 1 
109 3 0.0 19 2 0 0 24 25 2 0.703975728788 5 0 
109 3 0.0 18 6 0 0 10 4 3 3.09264486888e-78 2 0 
109 3 0.0 20 6 0 0 4 4 3 1.47661949083e-77 2 0 
109 3 0.0 21 0 0 0 20 1 2 1.48379908934e-50 1 0 
109 3 0.0 22 0 0 0 20 1 2 4.51506777142e-50 1 0 
109 3 0.0 1 4 0 0 16 30 1 0.28459397742 0 4 
109 3 0.0 3 2 1 0 7 22 1 0.274088195354 0 3 
109 3 0.0 2 5 4 0 92 48 1 0.0719443643832 0 10 
109 3 0.0 5 0 0 0 1 12 1 0.675172371712 0 1 
109 3 0.0 4 4 2 0 21 36 1 0.274088195354 0 5 
109 3 0.0 7 0 0 0 1 10 1 0.486737808287 0 1 
109 3 0.0 6 2 0 0 9 30 1 0.161910179989 0 3 
109 3 0.0 9 0 0 0 28 4 2 0.0696150253751 2 0 
109 3 0.0 8 0 0 0 1 10 1 0.486737808287 0 1 
109 3 0.0 11 9 3 0 37 25 2 5.87067184277e-16 3 3 
109 3 0.0 10 0 0 0 20 1 2 9.03475748914e-51 1 0 
109 3 0.0 13 5 2 0 35 24 2 8.18962056501e-48 2 3 
109 3 0.0 12 0 0 0 36 9 2 0.240241510179 3 0 
109 3 0.0 15 9 3 0 40 24 2 5.50277931164e-18 4 2 
109 3 0.0 14 1 2 0 46 32 2 0.457203306782 6 0 
109 3 2.0 17 7 4 0 41 21 2 1.31660574901e-14 5 1 
109 3 2.0 16 4 0 0 7 5 3 2.68139971002e-58 1 1 
109 3 2.0 19 2 0 0 24 25 2 1.04102719315 5 0 
109 3 2.0 18 6 0 0 10 4 3 8.27429722937e-55 2 0 
109 3 2.0 20 6 0 0 4 4 3 1.49097554302e-54 2 0 
109 3 2.0 21 0 0 0 20 1 2 6.49998787222e-66 1 0 
109 3 2.0 22 0 0 0 20 1 2 4.24865384845e-66 1 0 
109 3 2.0 1 4 0 0 16 30 1 0.229554170003 0 4 
109 3 2.0 3 2 1 0 7 22 1 0.20570904786 0 3 
109 3 2.0 2 5 4 0 92 48 1 4.91956275334e-05 0 10 
109 3 2.0 5 0 0 0 1 12 1 0.62076059175 0 1 
109 3 2.0 4 4 2 0 21 36 1 0.20570904786 0 5 
109 3 2.0 7 0 0 0 1 10 1 0.415132374289 0 1 
109 3 2.0 6 2 0 0 9 30 1 0.0358911980711 0 3 
109 3 2.0 9 0 0 0 28 4 2 0.0692181248734 2 0 
109 3 2.0 8 0 0 0 1 10 1 0.415132374289 0 1 
109 3 2.0 11 9 3 0 37 25 2 1.06621845086e-24 3 3 
109 3 2.0 10 0 0 0 20 1 2 1.52916262581e-65 1 0 
109 3 2.0 13 5 2 0 35 24 2 1.73003093292e-66 2 3 
109 3 2.0 12 0 0 0 36 9 2 0.277426180145 3 0 
109 3 2.0 15 9 3 0 40 24 2 6.46977790235e-27 4 2 
109 3 2.0 14 1 2 0 46 32 2 0.65802414434 6 0 
109 4 0.0 17 7 4 0 41 21 2 4.42235178299e-17 5 1 
109 4 0.0 16 4 0 0 7 5 3 2.10574908115e-78 1 1 
109 4 0.0 19 2 0 0 24 25 2 0.703975728853 5 0 
109 4 0.0 18 6 0 0 10 4 3 2.73355769436e-77 2 0 
109 4 0.0 20 6 0 0 4 4 3 1.53547850859e-77 2 0 
109 4 0.0 21 0 0 0 20 1 2 4.16607581596e-52 1 0 
109 4 0.0 22 0 0 0 20 1 2 4.14555154154e-52 1 0 
109 4 0.0 1 4 0 0 16 30 1 0.28459397757 0 4 
109 4 0.0 3 2 1 0 7 22 1 0.274088195413 0 3 
109 4 0.0 2 5 4 0 92 48 1 0.071944364264 0 10 
109 4 0.0 5 0 0 0 1 12 1 0.675172371741 0 1 
109 4 0.0 4 4 2 0 21 36 1 0.274088195413 0 5 
109 4 0.0 7 0 0 0 1 10 1 0.486737808246 0 1 
109 4 0.0 6 2 0 0 9 30 1 0.161910179946 0 3 
109 4 0.0 9 0 0 0 28 4 2 0.0696150253386 2 0 
109 4 0.0 8 0 0 0 1 10 1 0.486737808246 0 1 
109 4 0.0 11 9 3 0 37 25 2 2.46987453802e-15 3 3 
109 4 0.0 10 0 0 0 20 1 2 5.99520023371e-53 1 0 
109 4 0.0 13 5 2 0 35 24 2 5.487078674e-48 2 3 
109 4 0.0 12 0 0 0 36 9 2 0.24024151018 3 0 
109 4 0.0 15 9 3 0 40 24 2 1.13850605663e-18 4 2 
109 4 0.0 14 1 2 0 46 32 2 0.457203306741 6 0 
109 4 2.0 17 7 4 0 41 21 2 1.73807315877e-15 5 1 
109 4 2.0 16 4 0 0 7 5 3 8.38931688497e-58 1 1 
109 4 2.0 19 2 0 0 24 25 2 1.04106227937 5 0 
109 4 2.0 18 6 0 0 10 4 3 8.46999860888e-55 2 0 
109 4 2.0 20 6 0 0 4 4 3 1.20775707553e-54 2 0 
109 4 2.0 21 0 0 0 20 1 2 1.44525671892e-65 1 0 
109 4 2.0 22 0 0 0 20 1 2 1.73535417655e-65 1 0 
109 4 2.0 1 4 0 0 16 30 1 0.229596186307 0 4 
109 4 2.0 3 2 1 0 7 22 1 0.205730441395 0 3 
109 4 2.0 2 5 4 0 92 48 1 2.90662576387e-09 0 10 
109 4 2.0 5 0 0 0 1 12 1 0.62076386231 0 1 
109 4 2.0 4 4 2 0 21 36 1 0.205730441395 0 5 
109 4 2.0 7 0 0 0 1 10 1 0.415123262841 0 1 
109 4 2.0 6 2 0 0 9 30 1 0.0358874407899 0 3 
109 4 2.0 9 0 0 0 28 4 2 0.0691959597592 2 0 
109 4 2.0 8 0 0 0 1 10 1 0.415123262841 0 1 
109 4 2.0 11 9 3 0 37 25 2 6.52305448781e-24 3 3 
109 4 2.0 10 0 0 0 20 1 2 1.37012711749e-65 1 0 
109 4 2.0 13 5 2 0 35 24 2 2.83155794452e-69 2 3 
109 4 2.0 12 0 0 0 36 9 2 0.277408891092 3 0 
109 4 2.0 15 9 3 0 40 24 2 2.02459345231e-28 4 2 
109 4 2.0 14 1 2 0 46 32 2 0.658014309556 6 0 
109 5 0.0 17 7 4 0 41 21 2 2.37563026768e-17 5 1 
109 5 0.0 16 4 0 0 7 5 3 2.11975359599e-79 1 1 
109 5 0.0 19 2 0 0 24 25 2 0.703975728855 5 0 
109 5 0.0 18 6 0 0 10 4 3 7.56787277283e-78 2 0 
109 5 0.0 20 6 0 0 4 4 3 2.22380414548e-77 2 0 
109 5 0.0 21 0 0 0 20 1 2 3.60805762396e-52 1 0 
109 5 0.0 22 0 0 0 20 1 2 1.55747961145e-52 1 0 
109 5 0.0 1 4 0 0 16 30 1 0.284593977575 0 4 
109 5 0.0 3 2 1 0 7 22 1 0.274088195415 0 3 
109 5 0.0 2 5 4 0 92 48 1 0.0719443642601 0 10 
109 5 0.0 5 0 0 0 1 12 1 0.675172371742 0 1 
109 5 0.0 4 4 2 0 21 36 1 0.274088195415 0 5 
109 5 0.0 7 0 0 0 1 10 1 0.486737808245 0 1 
109 5 0.0 6 2 0 0 9 30 1 0.161910179944 0 3 
109 5 0.0 9 0 0 0 28 4 2 0.0696150253374 2 0 
109 5 0.0 8 0 0 0 1 10 1 0.486737808245 0 1 
109 5 0.0 11 9 3 0 37 25 2 1.54027940829e-15 3 3 
109 5 0.0 10 0 0 0 20 1 2 4.07456092378e-52 1 0 
109 5 0.0 13 5 2 0 35 24 2 7.85099728656e-49 2 3 
109 5 0.0 12 0 0 0 36 9 2 0.24024151018 3 0 
109 5 0.0 15 9 3 0 40 24 2 4.80895514691e-19 4 2 
109 5 0.0 14 1 2 0 46 32 2 0.457203306739 6 0 
109 5 2.0 17 7 4 0 41 21 2 1.66705970996e-14 5 1 
109 5 2.0 16 4 0 0 7 5 3 2.85896180298e-58 1 1 
109 5 2.0 19 2 0 0 24 25 2 1.04106225913 5 0 
109 5 2.0 18 6 0 0 10 4 3 9.99564483454e-55 2 0 
109 5 2.0 20 6 0 0 4 4 3 1.72756905056e-54 2 0 
109 5 2.0 21 0 0 0 20 1 2 1.18586249238e-65 1 0 
109 5 2.0 22 0 0 0 20 1 2 1.69312137402e-65 1 0 
109 5 2.0 1 4 0 0 16 30 1 0.229596153638 0 4 
109 5 2.0 3 2 1 0 7 22 1 0.205730424504 0 3 
109 5 2.0 2 5 4 0 92 48 1 4.12725572501e-08 0 10 
109 5 2.0 5 0 0 0 1 12 1 0.620763856483 0 1 
109 5 2.0 4 4 2 0 21 36 1 0.205730424504 0 5 
109 5 2.0 7 0 0 0 1 10 1 0.415123267579 0 1 
109 5 2.0 6 2 0 0 9 30 1 0.0358874514483 0 3 
109 5 2.0 9 0 0 0 28 4 2 0.069195976227 2 0 
109 5 2.0 8 0 0 0 1 10 1 0.415123267579 0 1 
109 5 2.0 11 9 3 0 37 25 2 7.93548827581e-25 3 3 
109 5 2.0 10 0 0 0 20 1 2 9.64849831931e-66 1 0 
109 5 2.0 13 5 2 0 35 24 2 2.47889207833e-66 2 3 
109 5 2.0 12 0 0 0 36 9 2 0.27740890223 3 0 
109 5 2.0 15 9 3 0 40 24 2 1.05825733309e-26 4 2 
109 5 2.0 14 1 2 0 46 32 2 0.658014325519 6 0 
109 6 0.0 17 7 4 0 41 21 2 4.80831533751e-18 5 1 
109 6 0.0 16 4 0 0 7 5 3 3.74556267923e-79 1 1 
109 6 0.0 19 2 0 0 24 25 2 0.703975729108 5 0 
109 6 0.0 18 6 0 0 10 4 3 1.4935373101e-77 2 0 
109 6 0.0 20 6 0 0 4 4 3 1.40791331017e-77 2 0 
109 6 0.0 21 0 0 0 20 1 2 1.5938547075e-54 1 0 
109 6 0.0 22 0 0 0 20 1 2 2.08259456492e-54 1 0 
109 6 0.0 1 4 0 0 16 30 1 0.284593978239 0 4 
109 6 0.0 3 2 1 0 7 22 1 0.274088195685 0 3 
109 6 0.0 2 5 4 0 92 48 1 0.0719443637035 0 10 
109 6 0.0 5 0 0 0 1 12 1 0.675172371884 0 1 
109 6 0.0 4 4 2 0 21 36 1 0.274088195685 0 5 
109 6 0.0 7 0 0 0 1 10 1 0.486737808058 0 1 
109 6 0.0 6 2 0 0 9 30 1 0.16191017973 0 3 
109 6 0.0 9 0 0 0 28 4 2 0.069615025194 2 0 
109 6 0.0 8 0 0 0 1 10 1 0.486737808058 0 1 
109 6 0.0 11 9 3 0 37 25 2 3.92884624247e-16 3 3 
109 6 0.0 10 0 0 0 20 1 2 6.41335151434e-54 1 0 
109 6 0.0 13 5 2 0 35 24 2 1.532072539e-49 2 3 
109 6 0.0 12 0 0 0 36 9 2 0.24024151018 3 0 
109 6 0.0 15 9 3 0 40 24 2 9.55400618202e-19 4 2 
109 6 0.0 14 1 2 0 46 32 2 0.457203306524 6 0 
109 6 2.0 17 7 4 0 41 21 2 8.9007456889e-14 5 1 
109 6 2.0 16 4 0 0 7 5 3 5.4819986929e-57 1 1 
109 6 2.0 19 2 0 0 24 25 2 1.0410575621 5 0 
109 6 2.0 18 6 0 0 10 4 3 9.77748520393e-55 2 0 
109 6 2.0 20 6 0 0 4 4 3 9.6587480006e-55 2 0 
109 6 2.0 21 0 0 0 20 1 2 1.70737072032e-65 1 0 
109 6 2.0 22 0 0 0 20 1 2 4.29156249069e-66 1 0 
109 6 2.0 1 4 0 0 16 30 1 0.229590871255 0 4 
109 6 2.0 3 2 1 0 7 22 1 0.205727744732 0 3 
109 6 2.0 2 5 4 0 92 48 1 6.22383838029e-06 0 10 
109 6 2.0 5 0 0 0 1 12 1 0.620763578332 0 1 
109 6 2.0 4 4 2 0 21 36 1 0.205727744732 0 5 
109 6 2.0 7 0 0 0 1 10 1 0.415124507868 0 1 
109 6 2.0 6 2 0 0 9 30 1 0.0358876094669 0 3 
109 6 2.0 9 0 0 0 28 4 2 0.0691987952057 2 0 
109 6 2.0 8 0 0 0 1 10 1 0.415124507868 0 1 
109 6 2.0 11 9 3 0 37 25 2 5.99011603459e-25 3 3 
109 6 2.0 10 0 0 0 20 1 2 1.459508182e-65 1 0 
109 6 2.0 13 5 2 0 35 24 2 2.91223050344e-68 2 3 
109 6 2.0 12 0 0 0 36 9 2 0.277411171308 3 0 
109 6 2.0 15 9 3 0 40 24 2 4.27405601885e-28 4 2 
109 6 2.0 14 1 2 0 46 32 2 0.65801522537 6 0 
109 7 0.0 17 7 4 0 41 21 2 2.08023340009e-18 5 1 
109 7 0.0 16 4 0 0 7 5 3 1.90596860159e-79 1 1 
109 7 0.0 19 2 0 0 24 25 2 0.703975728772 5 0 
109 7 0.0 18 6 0 0 10 4 3 1.26112962509e-77 2 0 
109 7 0.0 20 6 0 0 4 4 3 1.28439044178e-77 2 0 
109 7 0.0 21 0 0 0 20 1 2 2.21405156892e-45 1 0 
109 7 0.0 22 0 0 0 20 1 2 4.07676127497e-45 1 0 
109 7 0.0 1 4 0 0 16 30 1 0.284593977379 0 4 
109 7 0.0 3 2 1 0 7 22 1 0.274088195338 0 3 
109 7 0.0 2 5 4 0 92 48 1 0.0719443644163 0 10 
109 7 0.0 5 0 0 0 1 12 1 0.675172371703 0 1 
109 7 0.0 4 4 2 0 21 36 1 0.274088195338 0 5 
109 7 0.0 7 0 0 0 1 10 1 0.486737808298 0 1 
109 7 0.0 6 2 0 0 9 30 1 0.161910180001 0 3 
109 7 0.0 9 0 0 0 28 4 2 0.0696150253842 2 0 
109 7 0.0 8 0 0 0 1 10 1 0.486737808298 0 1 
109 7 0.0 11 9 3 0 37 25 2 7.20082761425e-17 3 3 
109 7 0.0 10 0 0 0 20 1 2 1.88937688889e-45 1 0 
109 7 0.0 13 5 2 0 35 24 2 3.03768641581e-46 2 3 
109 7 0.0 12 0 0 0 36 9 2 0.240241510179 3 0 
109 7 0.0 15 9 3 0 40 24 2 1.11348015943e-17 4 2 
109 7 0.0 14 1 2 0 46 32 2 0.457203306794 6 0 
109 7 2.0 17 7 4 0 41 21 2 1.01267392866e-14 5 1 
109 7 2.0 16 4 0 0 7 5 3 2.5825676614e-57 1 1 
109 7 2.0 19 2 0 0 24 25 2 1.04105951179 5 0 
109 7 2.0 18 6 0 0 10 4 3 1.02900761837e-54 2 0 
109 7 2.0 20 6 0 0 4 4 3 7.05692107061e-55 2 0 
109 7 2.0 21 0 0 0 20 1 2 1.92745921047e-65 1 0 
109 7 2.0 22 0 0 0 20 1 2 5.11270792431e-66 1 0 
109 7 2.0 1 4 0 0 16 30 1 0.22959289662 0 4 
109 7 2.0 3 2 1 0 7 22 1 0.20572876682 0 3 
109 7 2.0 2 5 4 0 92 48 1 3.85556585044e-06 0 10 
109 7 2.0 5 0 0 0 1 12 1 0.620763615627 0 1 
109 7 2.0 4 4 2 0 21 36 1 0.20572876682 0 5 
109 7 2.0 7 0 0 0 1 10 1 0.415123982787 0 1 
109 7 2.0 6 2 0 0 9 30 1 0.0358877123817 0 3 
109 7 2.0 9 0 0 0 28 4 2 0.0691976980595 2 0 
109 7 2.0 8 0 0 0 1 10 1 0.415123982787 0 1 
109 7 2.0 11 9 3 0 37 25 2 1.12758532995e-24 3 3 
109 7 2.0 10 0 0 0 20 1 2 9.64419074057e-66 1 0 
109 7 2.0 13 5 2 0 35 24 2 9.10853116491e-68 2 3 
109 7 2.0 12 0 0 0 36 9 2 0.277410252432 3 0 
109 7 2.0 15 9 3 0 40 24 2 3.05048425159e-28 4 2 
109 7 2.0 14 1 2 0 46 32 2 0.658015055979 6 0 
109 8 0.0 17 7 4 0 41 21 2 5.94837769061e-18 5 1 
109 8 0.0 16 4 0 0 7 5 3 2.14988471007e-79 1 1 
109 8 0.0 19 2 0 0 24 25 2 0.703975732664 5 0 
109 8 0.0 18 6 0 0 10 4 3 1.18489857212e-77 2 0 
109 8 0.0 20 6 0 0 4 4 3 1.70305559202e-77 2 0 
109 8 0.0 21 0 0 0 20 1 2 2.2968107514e-57 1 0 
109 8 0.0 22 0 0 0 20 1 2 2.50051936387e-57 1 0 
109 8 0.0 1 4 0 0 16 30 1 0.284593987397 0 4 
109 8 0.0 3 2 1 0 7 22 1 0.27408819966 0 3 
109 8 0.0 2 5 4 0 92 48 1 0.071944355939 0 10 
109 8 0.0 5 0 0 0 1 12 1 0.675172374002 0 1 
109 8 0.0 4 4 2 0 21 36 1 0.27408819966 0 5 
109 8 0.0 7 0 0 0 1 10 1 0.486737805703 0 1 
109 8 0.0 6 2 0 0 9 30 1 0.161910177008 0 3 
109 8 0.0 9 0 0 0 28 4 2 0.0696150229699 2 0 
109 8 0.0 8 0 0 0 1 10 1 0.486737805703 0 1 
109 8 0.0 11 9 3 0 37 25 2 1.58155617842e-15 3 3 
109 8 0.0 10 0 0 0 20 1 2 1.90701558729e-57 1 0 
109 8 0.0 13 5 2 0 35 24 2 2.03679857206e-49 2 3 
109 8 0.0 12 0 0 0 36 9 2 0.240241509878 3 0 
109 8 0.0 15 9 3 0 40 24 2 3.50874789454e-19 4 2 
109 8 0.0 14 1 2 0 46 32 2 0.457203303436 6 0 
109 8 2.0 17 7 4 0 41 21 2 2.08811836239e-14 5 1 
109 8 2.0 16 4 0 0 7 5 3 4.84194867238e-57 1 1 
109 8 2.0 19 2 0 0 24 25 2 1.04106203911 5 0 
109 8 2.0 18 6 0 0 10 4 3 8.56474196339e-55 2 0 
109 8 2.0 20 6 0 0 4 4 3 1.14005889663e-54 2 0 
109 8 2.0 21 0 0 0 20 1 2 1.07725956384e-65 1 0 
109 8 2.0 22 0 0 0 20 1 2 1.80294173644e-65 1 0 
109 8 2.0 1 4 0 0 16 30 1 0.229595896341 0 4 
109 8 2.0 3 2 1 0 7 22 1 0.205730293656 0 3 
109 8 2.0 2 5 4 0 92 48 1 3.42558422349e-07 0 10 
109 8 2.0 5 0 0 0 1 12 1 0.620763838846 0 1 
109 8 2.0 4 4 2 0 21 36 1 0.205730293656 0 5 
109 8 2.0 7 0 0 0 1 10 1 0.41512332507 0 1 
109 8 2.0 6 2 0 0 9 30 1 0.0358874687829 0 3 
109 8 2.0 9 0 0 0 28 4 2 0.0691961125792 2 0 
109 8 2.0 8 0 0 0 1 10 1 0.41512332507 0 1 
109 8 2.0 11 9 3 0 37 25 2 9.81495072123e-24 3 3 
109 8 2.0 10 0 0 0 20 1 2 6.91906576435e-66 1 0 
109 8 2.0 13 5 2 0 35 24 2 2.90632177608e-69 2 3 
109 8 2.0 12 0 0 0 36 9 2 0.27740900988 3 0 
109 8 2.0 15 9 3 0 40 24 2 1.73983095984e-29 4 2 
109 8 2.0 14 1 2 0 46 32 2 0.658014379706 6 0 
109 9 0.0 17 7 4 0 41 21 2 3.84189077574e-18 5 1 
109 9 0.0 16 4 0 0 7 5 3 1.10412617867e-78 1 1 
109 9 0.0 19 2 0 0 24 25 2 0.703975728803 5 0 
109 9 0.0 18 6 0 0 10 4 3 8.81897834461e-78 2 0 
109 9 0.0 20 6 0 0 4 4 3 1.70446893078e-77 2 0 
109 9 0.0 21 0 0 0 20 1 2 6.20216348577e-51 1 0 
109 9 0.0 22 0 0 0 20 1 2 2.53693942326e-51 1 0 
109 9 0.0 1 4 0 0 16 30 1 0.284593977457 0 4 
109 9 0.0 3 2 1 0 7 22 1 0.274088195368 0 3 
109 9 0.0 2 5 4 0 92 48 1 0.0719443643545 0 10 
109 9 0.0 5 0 0 0 1 12 1 0.67517237172 0 1 
109 9 0.0 4 4 2 0 21 36 1 0.274088195368 0 5 
109 9 0.0 7 0 0 0 1 10 1 0.486737808277 0 1 
109 9 0.0 6 2 0 0 9 30 1 0.161910179978 0 3 
109 9 0.0 9 0 0 0 28 4 2 0.0696150253664 2 0 
109 9 0.0 8 0 0 0 1 10 1 0.486737808277 0 1 
109 9 0.0 11 9 3 0 37 25 2 6.16074371823e-15 3 3 
109 9 0.0 10 0 0 0 20 1 2 6.28949377087e-51 1 0 
109 9 0.0 13 5 2 0 35 24 2 8.07317123126e-49 2 3 
109 9 0.0 12 0 0 0 36 9 2 0.240241510176 3 0 
109 9 0.0 15 9 3 0 40 24 2 6.0538037769e-18 4 2 
109 9 0.0 14 1 2 0 46 32 2 0.457203306768 6 0 
109 9 2.0 17 7 4 0 41 21 2 9.27260925781e-14 5 1 
109 9 2.0 16 4 0 0 7 5 3 8.6469161798e-58 1 1 
109 9 2.0 19 2 0 0 24 25 2 1.04103308752 5 0 
109 9 2.0 18 6 0 0 10 4 3 1.1411989533e-54 2 0 
109 9 2.0 20 6 0 0 4 4 3 1.07306614116e-54 2 0 
109 9 2.0 21 0 0 0 20 1 2 5.77504322806e-66 1 0 
109 9 2.0 22 0 0 0 20 1 2 4.86514090045e-66 1 0 
109 9 2.0 1 4 0 0 16 30 1 0.229561161986 0 4 
109 9 2.0 3 2 1 0 7 22 1 0.205712605402 0 3 
109 9 2.0 2 5 4 0 92 48 1 4.10128898601e-05 0 10 
109 9 2.0 5 0 0 0 1 12 1 0.620761109757 0 1 
109 9 2.0 4 4 2 0 21 36 1 0.205712605401 0 5 
109 9 2.0 7 0 0 0 1 10 1 0.415130839023 0 1 
109 9 2.0 6 2 0 0 9 30 1 0.035890633841 0 3 
109 9 2.0 9 0 0 0 28 4 2 0.0692144314414 2 0 
109 9 2.0 8 0 0 0 1 10 1 0.415130839023 0 1 
109 9 2.0 11 9 3 0 37 25 2 1.79773102376e-24 3 3 
109 9 2.0 10 0 0 0 20 1 2 1.72589929964e-65 1 0 
109 9 2.0 13 5 2 0 35 24 2 1.88162230193e-66 2 3 
109 9 2.0 12 0 0 0 36 9 2 0.277423286578 3 0 
109 9 2.0 15 9 3 0 40 24 2 9.01495411894e-28 4 2 
109 9 2.0 14 1 2 0 46 32 2 0.658022574528 6 0 
109 10 0.0 17 7 4 0 41 21 2 1.18704160262e-17 5 1 
109 10 0.0 16 4 0 0 7 5 3 8.10787309678e-79 1 1 
109 10 0.0 19 2 0 0 24 25 2 0.703975728985 5 0 
109 10 0.0 18 6 0 0 10 4 3 1.44098398997e-77 2 0 
109 10 0.0 20 6 0 0 4 4 3 1.49285021911e-77 2 0 
109 10 0.0 21 0 0 0 20 1 2 8.15265461793e-54 1 0 
109 10 0.0 22 0 0 0 20 1 2 1.07005643813e-53 1 0 
109 10 0.0 1 4 0 0 16 30 1 0.284593977936 0 4 
109 10 0.0 3 2 1 0 7 22 1 0.274088195563 0 3 
109 10 0.0 2 5 4 0 92 48 1 0.0719443639427 0 10 
109 10 0.0 5 0 0 0 1 12 1 0.675172371826 0 1 
109 10 0.0 4 4 2 0 21 36 1 0.274088195563 0 5 
109 10 0.0 7 0 0 0 1 10 1 0.486737808148 0 1 
109 10 0.0 6 2 0 0 9 30 1 0.161910179828 0 3 
109 10 0.0 9 0 0 0 28 4 2 0.0696150252541 2 0 
109 10 0.0 8 0 0 0 1 10 1 0.486737808148 0 1 
109 10 0.0 11 9 3 0 37 25 2 2.86275008476e-15 3 3 
109 10 0.0 10 0 0 0 20 1 2 8.75682038271e-54 1 0 
109 10 0.0 13 5 2 0 35 24 2 2.80792903449e-50 2 3 
109 10 0.0 12 0 0 0 36 9 2 0.240241510164 3 0 
109 10 0.0 15 9 3 0 40 24 2 3.23130200519e-19 4 2 
109 10 0.0 14 1 2 0 46 32 2 0.457203306603 6 0 
109 10 2.0 17 7 4 0 41 21 2 3.14007880186e-14 5 1 
109 10 2.0 16 4 0 0 7 5 3 1.03506427341e-56 1 1 
109 10 2.0 19 2 0 0 24 25 2 1.04106179922 5 0 
109 10 2.0 18 6 0 0 10 4 3 1.30729545826e-54 2 0 
109 10 2.0 20 6 0 0 4 4 3 1.05383878194e-54 2 0 
109 10 2.0 21 0 0 0 20 1 2 1.78288700979e-66 1 0 
109 10 2.0 22 0 0 0 20 1 2 2.15099701823e-65 1 0 
109 10 2.0 1 4 0 0 16 30 1 0.229595629821 0 4 
109 10 2.0 3 2 1 0 7 22 1 0.205730158552 0 3 
109 10 2.0 2 5 4 0 92 48 1 6.54467423571e-07 0 10 
109 10 2.0 5 0 0 0 1 12 1 0.620763826164 0 1 
109 10 2.0 4 4 2 0 21 36 1 0.205730158552 0 5 
109 10 2.0 7 0 0 0 1 10 1 0.415123388613 0 1 
109 10 2.0 6 2 0 0 9 30 1 0.0358874735623 0 3 
109 10 2.0 9 0 0 0 28 4 2 0.0691962551341 2 0 
109 10 2.0 8 0 0 0 1 10 1 0.415123388613 0 1 
109 10 2.0 11 9 3 0 37 25 2 3.37358523674e-25 3 3 
109 10 2.0 10 0 0 0 20 1 2 2.12485502348e-65 1 0 
109 10 2.0 13 5 2 0 35 24 2 3.34756214392e-70 2 3 
109 10 2.0 12 0 0 0 36 9 2 0.277409125329 3 0 
109 10 2.0 15 9 3 0 40 24 2 3.18821232624e-29 4 2 
109 10 2.0 14 1 2 0 46 32 2 0.658014421684 6 0 
109 11 0.0 17 7 4 0 41 21 2 9.54320126535e-17 5 1 
109 11 0.0 16 4 0 0 7 5 3 6.18549709573e-79 1 1 
109 11 0.0 19 2 0 0 24 25 2 0.703975728859 5 0 
109 11 0.0 18 6 0 0 10 4 3 8.43126809084e-78 2 0 
109 11 0.0 20 6 0 0 4 4 3 1.56125717776e-77 2 0 
109 11 0.0 21 0 0 0 20 1 2 4.19809604297e-53 1 0 
109 11 0.0 22 0 0 0 20 1 2 4.48144886063e-52 1 0 
109 11 0.0 1 4 0 0 16 30 1 0.284593977585 0 4 
109 11 0.0 3 2 1 0 7 22 1 0.27408819542 0 3 
109 11 0.0 2 5 4 0 92 48 1 0.0719443642519 0 10 
109 11 0.0 5 0 0 0 1 12 1 0.675172371744 0 1 
109 11 0.0 4 4 2 0 21 36 1 0.27408819542 0 5 
109 11 0.0 7 0 0 0 1 10 1 0.486737808243 0 1 
109 11 0.0 6 2 0 0 9 30 1 0.161910179942 0 3 
109 11 0.0 9 0 0 0 28 4 2 0.0696150253348 2 0 
109 11 0.0 8 0 0 0 1 10 1 0.486737808243 0 1 
109 11 0.0 11 9 3 0 37 25 2 2.0572213406e-15 3 3 
109 11 0.0 10 0 0 0 20 1 2 3.49398471318e-52 1 0 
109 11 0.0 13 5 2 0 35 24 2 4.12631095685e-48 2 3 
109 11 0.0 12 0 0 0 36 9 2 0.24024151018 3 0 
109 11 0.0 15 9 3 0 40 24 2 1.13153456478e-18 4 2 
109 11 0.0 14 1 2 0 46 32 2 0.457203306737 6 0 
109 11 2.0 17 7 4 0 41 21 2 4.59268175497e-15 5 1 
109 11 2.0 16 4 0 0 7 5 3 4.69191537891e-58 1 1 
109 11 2.0 19 2 0 0 24 25 2 1.04106207108 5 0 
109 11 2.0 18 6 0 0 10 4 3 1.00025482938e-54 2 0 
109 11 2.0 20 6 0 0 4 4 3 1.90207348854e-54 2 0 
109 11 2.0 21 0 0 0 20 1 2 5.92009617503e-66 1 0 
109 11 2.0 22 0 0 0 20 1 2 7.76418092154e-66 1 0 
109 11 2.0 1 4 0 0 16 30 1 0.229595943664 0 4 
109 11 2.0 3 2 1 0 7 22 1 0.205730318029 0 3 
109 11 2.0 2 5 4 0 92 48 1 2.87021744029e-07 0 10 
109 11 2.0 5 0 0 0 1 12 1 0.62076384605 0 1 
109 11 2.0 4 4 2 0 21 36 1 0.205730318029 0 5 
109 11 2.0 7 0 0 0 1 10 1 0.415123317324 0 1 
109 11 2.0 6 2 0 0 9 30 1 0.0358874562572 0 3 
109 11 2.0 9 0 0 0 28 4 2 0.0691960884337 2 0 
109 11 2.0 8 0 0 0 1 10 1 0.415123317324 0 1 
109 11 2.0 11 9 3 0 37 25 2 6.47524942462e-24 3 3 
109 11 2.0 10 0 0 0 20 1 2 1.54524661882e-65 1 0 
109 11 2.0 13 5 2 0 35 24 2 1.45539954814e-66 2 3 
109 11 2.0 12 0 0 0 36 9 2 0.277408992875 3 0 
109 11 2.0 15 9 3 0 40 24 2 1.49342973916e-27 4 2 
109 11 2.0 14 1 2 0 46 32 2 0.658014359712 6 0 
109 12 0.0 17 7 4 0 41 21 2 1.71514606213e-17 5 1 
109 12 0.0 16 4 0 0 7 5 3 5.60430631162e-79 1 1 
109 12 0.0 19 2 0 0 24 25 2 0.70397573867 5 0 
109 12 0.0 18 6 0 0 10 4 3 1.34631324731e-77 2 0 
109 12 0.0 20 6 0 0 4 4 3 1.47485671492e-77 2 0 
109 12 0.0 21 0 0 0 20 1 2 2.05245152477e-58 1 0 
109 12 0.0 22 0 0 0 20 1 2 1.09394064847e-58 1 0 
109 12 0.0 1 4 0 0 16 30 1 0.284594002678 0 4 
109 12 0.0 3 2 1 0 7 22 1 0.274088205519 0 3 
109 12 0.0 2 5 4 0 92 48 1 0.0719443438619 0 10 
109 12 0.0 5 0 0 0 1 12 1 0.675172377012 0 1 
109 12 0.0 4 4 2 0 21 36 1 0.274088205519 0 5 
109 12 0.0 7 0 0 0 1 10 1 0.486737801083 0 1 
109 12 0.0 6 2 0 0 9 30 1 0.161910171976 0 3 
109 12 0.0 9 0 0 0 28 4 2 0.0696150199525 2 0 
109 12 0.0 8 0 0 0 1 10 1 0.486737801083 0 1 
109 12 0.0 11 9 3 0 37 25 2 5.33662083021e-16 3 3 
109 12 0.0 10 0 0 0 20 1 2 2.05336813453e-58 1 0 
109 12 0.0 13 5 2 0 35 24 2 7.95866993227e-50 2 3 
109 12 0.0 12 0 0 0 36 9 2 0.240241510107 3 0 
109 12 0.0 15 9 3 0 40 24 2 2.1420146891e-20 4 2 
109 12 0.0 14 1 2 0 46 32 2 0.457203298848 6 0 
109 12 2.0 17 7 4 0 41 21 2 9.40248593377e-15 5 1 
109 12 2.0 16 4 0 0 7 5 3 9.97764688993e-58 1 1 
109 12 2.0 19 2 0 0 24 25 2 1.04104461973 5 0 
109 12 2.0 18 6 0 0 10 4 3 8.83346501825e-55 2 0 
109 12 2.0 20 6 0 0 4 4 3 1.35925498804e-54 2 0 
109 12 2.0 21 0 0 0 20 1 2 1.77691416649e-65 1 0 
109 12 2.0 22 0 0 0 20 1 2 5.35799228779e-66 1 0 
109 12 2.0 1 4 0 0 16 30 1 0.229574954949 0 4 
109 12 2.0 3 2 1 0 7 22 1 0.205719627421 0 3 
109 12 2.0 2 5 4 0 92 48 1 2.48664289134e-05 0 10 
109 12 2.0 5 0 0 0 1 12 1 0.620762176515 0 1 
109 12 2.0 4 4 2 0 21 36 1 0.205719627421 0 5 
109 12 2.0 7 0 0 0 1 10 1 0.41512784281 0 1 
109 12 2.0 6 2 0 0 9 30 1 0.0358894159606 0 3 
109 12 2.0 9 0 0 0 28 4 2 0.0692071545542 2 0 
109 12 2.0 8 0 0 0 1 10 1 0.41512784281 0 1 
109 12 2.0 11 9 3 0 37 25 2 2.29137697943e-24 3 3 
109 12 2.0 10 0 0 0 20 1 2 6.33083929963e-66 1 0 
109 12 2.0 13 5 2 0 35 24 2 7.48501377621e-68 2 3 
109 12 2.0 12 0 0 0 36 9 2 0.277417607767 3 0 
109 12 2.0 15 9 3 0 40 24 2 1.24168926172e-27 4 2 
109 12 2.0 14 1 2 0 46 32 2 0.658019363714 6 0 
109 13 0.0 17 7 4 0 41 21 2 2.01841636775e-17 5 1 
109 13 0.0 16 4 0 0 7 5 3 2.66036331448e-79 1 1 
109 13 0.0 19 2 0 0 24 25 2 0.703975740521 5 0 
109 13 0.0 18 6 0 0 10 4 3 2.77266148918e-77 2 0 
109 13 0.0 20 6 0 0 4 4 3 1.04499070345e-77 2 0 
109 13 0.0 21 0 0 0 20 1 2 1.38927174993e-58 1 0 
109 13 0.0 22 0 0 0 20 1 2 4.92920087398e-59 1 0 
109 13 0.0 1 4 0 0 16 30 1 0.284594006916 0 4 
109 13 0.0 3 2 1 0 7 22 1 0.274088207216 0 3 
109 13 0.0 2 5 4 0 92 48 1 0.0719443408652 0 10 
109 13 0.0 5 0 0 0 1 12 1 0.675172377827 0 1 
109 13 0.0 4 4 2 0 21 36 1 0.274088207216 0 5 
109 13 0.0 7 0 0 0 1 10 1 0.486737799839 0 1 
109 13 0.0 6 2 0 0 9 30 1 0.16191017075 0 3 
109 13 0.0 9 0 0 0 28 4 2 0.0696150190512 2 0 
109 13 0.0 8 0 0 0 1 10 1 0.486737799839 0 1 
109 13 0.0 11 9 3 0 37 25 2 9.34506113692e-16 3 3 
109 13 0.0 10 0 0 0 20 1 2 1.39803544568e-58 1 0 
109 13 0.0 13 5 2 0 35 24 2 5.91848678198e-50 2 3 
109 13 0.0 12 0 0 0 36 9 2 0.240241510097 3 0 
109 13 0.0 15 9 3 0 40 24 2 3.28668987904e-19 4 2 
109 13 0.0 14 1 2 0 46 32 2 0.457203297746 6 0 
109 13 2.0 17 7 4 0 41 21 2 5.46016058165e-15 5 1 
109 13 2.0 16 4 0 0 7 5 3 1.05475857737e-57 1 1 
109 13 2.0 19 2 0 0 24 25 2 1.04106200101 5 0 
109 13 2.0 18 6 0 0 10 4 3 1.2731118145e-54 2 0 
109 13 2.0 20 6 0 0 4 4 3 1.01490176773e-54 2 0 
109 13 2.0 21 0 0 0 20 1 2 5.05403860573e-66 1 0 
109 13 2.0 22 0 0 0 20 1 2 1.25076376526e-65 1 0 
109 13 2.0 1 4 0 0 16 30 1 0.229595847765 0 4 
109 13 2.0 3 2 1 0 7 22 1 0.205730268829 0 3 
109 13 2.0 2 5 4 0 92 48 1 3.99489406615e-07 0 10 
109 13 2.0 5 0 0 0 1 12 1 0.620763833917 0 1 
109 13 2.0 4 4 2 0 21 36 1 0.205730268829 0 5 
109 13 2.0 7 0 0 0 1 10 1 0.415123334782 0 1 
109 13 2.0 6 2 0 0 9 30 1 0.0358874758252 0 3 
109 13 2.0 9 0 0 0 28 4 2 0.0691961379453 2 0 
109 13 2.0 8 0 0 0 1 10 1 0.415123334782 0 1 
109 13 2.0 11 9 3 0 37 25 2 2.84294528586e-24 3 3 
109 13 2.0 10 0 0 0 20 1 2 1.87177582384e-65 1 0 
109 13 2.0 13 5 2 0 35 24 2 1.45817702089e-68 2 3 
109 13 2.0 12 0 0 0 36 9 2 0.277409029075 3 0 
109 13 2.0 15 9 3 0 40 24 2 3.56519763788e-28 4 2 
109 13 2.0 14 1 2 0 46 32 2 0.658014393985 6 0 
109 14 0.0 17 7 4 0 41 21 2 3.45073620037e-17 5 1 
109 14 0.0 16 4 0 0 7 5 3 2.68349243034e-79 1 1 
109 14 0.0 19 2 0 0 24 25 2 0.703975729355 5 0 
109 14 0.0 18 6 0 0 10 4 3 1.20326103841e-77 2 0 
109 14 0.0 20 6 0 0 4 4 3 1.4194158266e-77 2 0 
109 14 0.0 21 0 0 0 20 1 2 3.01942797349e-55 1 0 
109 14 0.0 22 0 0 0 20 1 2 6.53313946762e-55 1 0 
109 14 0.0 1 4 0 0 16 30 1 0.284593978827 0 4 
109 14 0.0 3 2 1 0 7 22 1 0.274088195934 0 3 
109 14 0.0 2 5 4 0 92 48 1 0.0719443632749 0 10 
109 14 0.0 5 0 0 0 1 12 1 0.67517237201 0 1 
109 14 0.0 4 4 2 0 21 36 1 0.274088195934 0 5 
109 14 0.0 7 0 0 0 1 10 1 0.486737807892 0 1 
109 14 0.0 6 2 0 0 9 30 1 0.161910179561 0 3 
109 14 0.0 9 0 0 0 28 4 2 0.0696150250655 2 0 
109 14 0.0 8 0 0 0 1 10 1 0.486737807892 0 1 
109 14 0.0 11 9 3 0 37 25 2 1.29446308617e-15 3 3 
109 14 0.0 10 0 0 0 20 1 2 1.2521171357e-54 1 0 
109 14 0.0 13 5 2 0 35 24 2 1.31912659922e-49 2 3 
109 14 0.0 12 0 0 0 36 9 2 0.240241510162 3 0 
109 14 0.0 15 9 3 0 40 24 2 2.18633849297e-19 4 2 
109 14 0.0 14 1 2 0 46 32 2 0.457203306353 6 0 
109 14 2.0 17 7 4 0 41 21 2 1.653565416e-15 5 1 
109 14 2.0 16 4 0 0 7 5 3 8.65825766144e-58 1 1 
109 14 2.0 19 2 0 0 24 25 2 1.04106222298 5 0 
109 14 2.0 18 6 0 0 10 4 3 1.01817707111e-54 2 0 
109 14 2.0 20 6 0 0 4 4 3 1.3933976726e-54 2 0 
109 14 2.0 21 0 0 0 20 1 2 1.40832643417e-65 1 0 
109 14 2.0 22 0 0 0 20 1 2 8.73484770224e-66 1 0 
109 14 2.0 1 4 0 0 16 30 1 0.229596173685 0 4 
109 14 2.0 3 2 1 0 7 22 1 0.205730436623 0 3 
109 14 2.0 2 5 4 0 92 48 1 1.70226433583e-08 0 10 
109 14 2.0 5 0 0 0 1 12 1 0.620763882702 0 1 
109 14 2.0 4 4 2 0 21 36 1 0.205730436623 0 5 
109 14 2.0 7 0 0 0 1 10 1 0.41512328084 0 1 
109 14 2.0 6 2 0 0 9 30 1 0.0358873915193 0 3 
109 14 2.0 9 0 0 0 28 4 2 0.0691959714539 2 0 
109 14 2.0 8 0 0 0 1 10 1 0.41512328084 0 1 
109 14 2.0 11 9 3 0 37 25 2 3.47848660523e-24 3 3 
109 14 2.0 10 0 0 0 20 1 2 2.32574913862e-65 1 0 
109 14 2.0 13 5 2 0 35 24 2 3.80370265092e-68 2 3 
109 14 2.0 12 0 0 0 36 9 2 0.277408911369 3 0 
109 14 2.0 15 9 3 0 40 24 2 3.78532955507e-28 4 2 
109 14 2.0 14 1 2 0 46 32 2 0.658014258386 6 0 
109 15 0.0 17 7 4 0 41 21 2 4.58560080189e-17 5 1 
109 15 0.0 16 4 0 0 7 5 3 2.40508224468e-79 1 1 
109 15 0.0 19 2 0 0 24 25 2 0.703975731554 5 0 
109 15 0.0 18 6 0 0 10 4 3 1.32566121602e-77 2 0 
109 15 0.0 20 6 0 0 4 4 3 1.23904765919e-77 2 0 
109 15 0.0 21 0 0 0 20 1 2 5.9511041512e-57 1 0 
109 15 0.0 22 0 0 0 20 1 2 1.09285903199e-56 1 0 
109 15 0.0 1 4 0 0 16 30 1 0.284593984077 0 4 
109 15 0.0 3 2 1 0 7 22 1 0.274088198172 0 3 
109 15 0.0 2 5 4 0 92 48 1 0.0719443589352 0 10 
109 15 0.0 5 0 0 0 1 12 1 0.675172373133 0 1 
109 15 0.0 4 4 2 0 21 36 1 0.274088198172 0 5 
109 15 0.0 7 0 0 0 1 10 1 0.486737806561 0 1 
109 15 0.0 6 2 0 0 9 30 1 0.161910178084 0 3 
109 15 0.0 9 0 0 0 28 4 2 0.0696150237363 2 0 
109 15 0.0 8 0 0 0 1 10 1 0.486737806561 0 1 
109 15 0.0 11 9 3 0 37 25 2 1.43937108366e-15 3 3 
109 15 0.0 10 0 0 0 20 1 2 9.08011739804e-57 1 0 
109 15 0.0 13 5 2 0 35 24 2 1.81330799083e-49 2 3 
109 15 0.0 12 0 0 0 36 9 2 0.240241510118 3 0 
109 15 0.0 15 9 3 0 40 24 2 4.68521478702e-19 4 2 
109 15 0.0 14 1 2 0 46 32 2 0.457203304813 6 0 
109 15 2.0 17 7 4 0 41 21 2 8.15268762525e-14 5 1 
109 15 2.0 16 4 0 0 7 5 3 5.73251064624e-57 1 1 
109 15 2.0 19 2 0 0 24 25 2 1.0408119367 5 0 
109 15 2.0 18 6 0 0 10 4 3 1.09928349718e-54 2 0 
109 15 2.0 20 6 0 0 4 4 3 6.72775524287e-55 2 0 
109 15 2.0 21 0 0 0 20 1 2 7.68037144343e-66 1 0 
109 15 2.0 22 0 0 0 20 1 2 1.88518001654e-66 1 0 
109 15 2.0 1 4 0 0 16 30 1 0.229295180421 0 4 
109 15 2.0 3 2 1 0 7 22 1 0.205577322655 0 3 
109 15 2.0 2 5 4 0 92 48 1 0.000351590179458 0 10 
109 15 2.0 5 0 0 0 1 12 1 0.62074005985 0 1 
109 15 2.0 4 4 2 0 21 36 1 0.205577322654 0 5 
109 15 2.0 7 0 0 0 1 10 1 0.415188359282 0 1 
109 15 2.0 6 2 0 0 9 30 1 0.0359155122428 0 3 
109 15 2.0 9 0 0 0 28 4 2 0.0693542584014 2 0 
109 15 2.0 8 0 0 0 1 10 1 0.415188359282 0 1 
109 15 2.0 11 9 3 0 37 25 2 8.34347303008e-25 3 3 
109 15 2.0 10 0 0 0 20 1 2 7.67358847161e-66 1 0 
109 15 2.0 13 5 2 0 35 24 2 1.03404095121e-67 2 3 
109 15 2.0 12 0 0 0 36 9 2 0.277531839425 3 0 
109 15 2.0 15 9 3 0 40 24 2 9.25013026806e-28 4 2 
109 15 2.0 14 1 2 0 46 32 2 0.658085603562 6 0 
109 16 0.0 17 7 4 0 41 21 2 1.25951714654e-17 5 1 
109 16 0.0 16 4 0 0 7 5 3 1.42446034325e-79 1 1 
109 16 0.0 19 2 0 0 24 25 2 0.703975728817 5 0 
109 16 0.0 18 6 0 0 10 4 3 1.77716886562e-77 2 0 
109 16 0.0 20 6 0 0 4 4 3 2.24485517979e-77 2 0 
109 16 0.0 21 0 0 0 20 1 2 5.86555106341e-52 1 0 
109 16 0.0 22 0 0 0 20 1 2 1.00514768203e-51 1 0 
109 16 0.0 1 4 0 0 16 30 1 0.284593977491 0 4 
109 16 0.0 3 2 1 0 7 22 1 0.274088195379 0 3 
109 16 0.0 2 5 4 0 92 48 1 0.0719443643268 0 10 
109 16 0.0 5 0 0 0 1 12 1 0.675172371725 0 1 
109 16 0.0 4 4 2 0 21 36 1 0.274088195379 0 5 
109 16 0.0 7 0 0 0 1 10 1 0.486737808267 0 1 
109 16 0.0 6 2 0 0 9 30 1 0.161910179967 0 3 
109 16 0.0 9 0 0 0 28 4 2 0.0696150253581 2 0 
109 16 0.0 8 0 0 0 1 10 1 0.486737808267 0 1 
109 16 0.0 11 9 3 0 37 25 2 1.10618647898e-15 3 3 
109 16 0.0 10 0 0 0 20 1 2 2.85810738858e-51 1 0 
109 16 0.0 13 5 2 0 35 24 2 1.26462730402e-48 2 3 
109 16 0.0 12 0 0 0 36 9 2 0.240241510176 3 0 
109 16 0.0 15 9 3 0 40 24 2 2.37884681047e-18 4 2 
109 16 0.0 14 1 2 0 46 32 2 0.457203306758 6 0 
109 16 2.0 17 7 4 0 41 21 2 8.14317458182e-15 5 1 
109 16 2.0 16 4 0 0 7 5 3 7.67737133733e-58 1 1 
109 16 2.0 19 2 0 0 24 25 2 1.04105563242 5 0 
109 16 2.0 18 6 0 0 10 4 3 1.29027812648e-54 2 0 
109 16 2.0 20 6 0 0 4 4 3 1.3819590531e-54 2 0 
109 16 2.0 21 0 0 0 20 1 2 1.83122261296e-65 1 0 
109 16 2.0 22 0 0 0 20 1 2 9.67106369872e-66 1 0 
109 16 2.0 1 4 0 0 16 30 1 0.22958824187 0 4 
109 16 2.0 3 2 1 0 7 22 1 0.205726396139 0 3 
109 16 2.0 2 5 4 0 92 48 1 9.30702565725e-06 0 10 
109 16 2.0 5 0 0 0 1 12 1 0.620763249554 0 1 
109 16 2.0 4 4 2 0 21 36 1 0.205726396139 0 5 
109 16 2.0 7 0 0 0 1 10 1 0.415124989358 0 1 
109 16 2.0 6 2 0 0 9 30 1 0.0358881369531 0 3 
109 16 2.0 9 0 0 0 28 4 2 0.0692001534701 2 0 
109 16 2.0 8 0 0 0 1 10 1 0.415124989358 0 1 
109 16 2.0 11 9 3 0 37 25 2 8.43819205353e-24 3 3 
109 16 2.0 10 0 0 0 20 1 2 8.57363165378e-66 1 0 
109 16 2.0 13 5 2 0 35 24 2 1.80363286386e-68 2 3 
109 16 2.0 12 0 0 0 36 9 2 0.277412166342 3 0 
109 16 2.0 15 9 3 0 40 24 2 5.96859307285e-28 4 2 
109 16 2.0 14 1 2 0 46 32 2 0.6580161552 6 0 
109 17 0.0 17 7 4 0 41 21 2 2.33456945362e-17 5 1 
109 17 0.0 16 4 0 0 7 5 3 6.88615401238e-79 1 1 
109 17 0.0 19 2 0 0 24 25 2 0.70397572879 5 0 
109 17 0.0 18 6 0 0 10 4 3 1.88302130627e-77 2 0 
109 17 0.0 20 6 0 0 4 4 3 1.54959063411e-77 2 0 
109 17 0.0 21 0 0 0 20 1 2 9.26882377637e-51 1 0 
109 17 0.0 22 0 0 0 20 1 2 1.50108840933e-50 1 0 
109 17 0.0 1 4 0 0 16 30 1 0.284593977425 0 4 
109 17 0.0 3 2 1 0 7 22 1 0.274088195356 0 3 
109 17 0.0 2 5 4 0 92 48 1 0.0719443643793 0 10 
109 17 0.0 5 0 0 0 1 12 1 0.675172371713 0 1 
109 17 0.0 4 4 2 0 21 36 1 0.274088195356 0 5 
109 17 0.0 7 0 0 0 1 10 1 0.486737808285 0 1 
109 17 0.0 6 2 0 0 9 30 1 0.161910179987 0 3 
109 17 0.0 9 0 0 0 28 4 2 0.069615025374 2 0 
109 17 0.0 8 0 0 0 1 10 1 0.486737808285 0 1 
109 17 0.0 11 9 3 0 37 25 2 1.24418553896e-15 3 3 
109 17 0.0 10 0 0 0 20 1 2 2.82927390279e-50 1 0 
109 17 0.0 13 5 2 0 35 24 2 4.95100211217e-48 2 3 
109 17 0.0 12 0 0 0 36 9 2 0.240241510179 3 0 
109 17 0.0 15 9 3 0 40 24 2 3.46584835932e-18 4 2 
109 17 0.0 14 1 2 0 46 32 2 0.45720330678 6 0 
109 17 2.0 17 7 4 0 41 21 2 5.21061165845e-15 5 1 
109 17 2.0 16 4 0 0 7 5 3 1.86942915024e-58 1 1 
109 17 2.0 19 2 0 0 24 25 2 1.04105960914 5 0 
109 17 2.0 18 6 0 0 10 4 3 8.44041908013e-55 2 0 
109 17 2.0 20 6 0 0 4 4 3 1.52783864772e-54 2 0 
109 17 2.0 21 0 0 0 20 1 2 1.04129902356e-65 1 0 
109 17 2.0 22 0 0 0 20 1 2 1.31229985157e-65 1 0 
109 17 2.0 1 4 0 0 16 30 1 0.229593082391 0 4 
109 17 2.0 3 2 1 0 7 22 1 0.205728863511 0 3 
109 17 2.0 2 5 4 0 92 48 1 3.6371517549e-06 0 10 
109 17 2.0 5 0 0 0 1 12 1 0.62076365703 0 1 
109 17 2.0 4 4 2 0 21 36 1 0.205728863511 0 5 
109 17 2.0 7 0 0 0 1 10 1 0.415123961748 0 1 
109 17 2.0 6 2 0 0 9 30 1 0.0358876322668 0 3 
109 17 2.0 9 0 0 0 28 4 2 0.0691976063688 2 0 
109 17 2.0 8 0 0 0 1 10 1 0.415123961748 0 1 
109 17 2.0 11 9 3 0 37 25 2 4.66148778772e-25 3 3 
109 17 2.0 10 0 0 0 20 1 2 2.45571559761e-66 1 0 
109 17 2.0 13 5 2 0 35 24 2 1.26039699788e-67 2 3 
109 17 2.0 12 0 0 0 36 9 2 0.277410194941 3 0 
109 17 2.0 15 9 3 0 40 24 2 1.00114991179e-27 4 2 
109 17 2.0 14 1 2 0 46 32 2 0.658014944262 6 0 
109 18 0.0 17 7 4 0 41 21 2 1.79479767801e-17 5 1 
109 18 0.0 16 4 0 0 7 5 3 3.8168833165e-79 1 1 
109 18 0.0 19 2 0 0 24 25 2 0.703975728795 5 0 
109 18 0.0 18 6 0 0 10 4 3 1.61188155715e-77 2 0 
109 18 0.0 20 6 0 0 4 4 3 2.53481188883e-77 2 0 
109 18 0.0 21 0 0 0 20 1 2 2.15794244726e-51 1 0 
109 18 0.0 22 0 0 0 20 1 2 1.7233229375e-50 1 0 
109 18 0.0 1 4 0 0 16 30 1 0.284593977438 0 4 
109 18 0.0 3 2 1 0 7 22 1 0.274088195362 0 3 
109 18 0.0 2 5 4 0 92 48 1 0.0719443643689 0 10 
109 18 0.0 5 0 0 0 1 12 1 0.675172371716 0 1 
109 18 0.0 4 4 2 0 21 36 1 0.274088195362 0 5 
109 18 0.0 7 0 0 0 1 10 1 0.486737808282 0 1 
109 18 0.0 6 2 0 0 9 30 1 0.161910179983 0 3 
109 18 0.0 9 0 0 0 28 4 2 0.0696150253709 2 0 
109 18 0.0 8 0 0 0 1 10 1 0.486737808282 0 1 
109 18 0.0 11 9 3 0 37 25 2 1.03131938914e-15 3 3 
109 18 0.0 10 0 0 0 20 1 2 5.25487162989e-51 1 0 
109 18 0.0 13 5 2 0 35 24 2 4.5221484199e-48 2 3 
109 18 0.0 12 0 0 0 36 9 2 0.240241510177 3 0 
109 18 0.0 15 9 3 0 40 24 2 4.93527938775e-19 4 2 
109 18 0.0 14 1 2 0 46 32 2 0.457203306775 6 0 
109 18 2.0 17 7 4 0 41 21 2 5.00688430606e-14 5 1 
109 18 2.0 16 4 0 0 7 5 3 3.47471113943e-58 1 1 
109 18 2.0 19 2 0 0 24 25 2 1.04102914493 5 0 
109 18 2.0 18 6 0 0 10 4 3 8.04128781744e-55 2 0 
109 18 2.0 20 6 0 0 4 4 3 1.1440430653e-54 2 0 
109 18 2.0 21 0 0 0 20 1 2 1.42530424803e-65 1 0 
109 18 2.0 22 0 0 0 20 1 2 1.74361213769e-66 1 0 
109 18 2.0 1 4 0 0 16 30 1 0.229556367322 0 4 
109 18 2.0 3 2 1 0 7 22 1 0.205710162248 0 3 
109 18 2.0 2 5 4 0 92 48 1 4.66256638201e-05 0 10 
109 18 2.0 5 0 0 0 1 12 1 0.620760708187 0 1 
109 18 2.0 4 4 2 0 21 36 1 0.205710162248 0 5 
109 18 2.0 7 0 0 0 1 10 1 0.415131858699 0 1 
109 18 2.0 6 2 0 0 9 30 1 0.0358911300111 0 3 
109 18 2.0 9 0 0 0 28 4 2 0.0692169533065 2 0 
109 18 2.0 8 0 0 0 1 10 1 0.415131858699 0 1 
109 18 2.0 11 9 3 0 37 25 2 6.8111339568e-25 3 3 
109 18 2.0 10 0 0 0 20 1 2 1.03719379624e-65 1 0 
109 18 2.0 13 5 2 0 35 24 2 6.87422971567e-67 2 3 
109 18 2.0 12 0 0 0 36 9 2 0.277425238194 3 0 
109 18 2.0 15 9 3 0 40 24 2 1.896517482e-27 4 2 
109 18 2.0 14 1 2 0 46 32 2 0.6580237684 6 0 
109 19 0.0 17 7 4 0 41 21 2 1.17351401399e-17 5 1 
109 19 0.0 16 4 0 0 7 5 3 3.10112007809e-79 1 1 
109 19 0.0 19 2 0 0 24 25 2 0.703975730425 5 0 
109 19 0.0 18 6 0 0 10 4 3 1.40746138935e-77 2 0 
109 19 0.0 20 6 0 0 4 4 3 1.93924988169e-77 2 0 
109 19 0.0 21 0 0 0 20 1 2 2.46485895148e-56 1 0 
109 19 0.0 22 0 0 0 20 1 2 7.09735878377e-56 1 0 
109 19 0.0 1 4 0 0 16 30 1 0.284593981262 0 4 
109 19 0.0 3 2 1 0 7 22 1 0.274088196823 0 3 
109 19 0.0 2 5 4 0 92 48 1 0.071944361336 0 10 
109 19 0.0 5 0 0 0 1 12 1 0.675172372453 0 1 
109 19 0.0 4 4 2 0 21 36 1 0.274088196823 0 5 
109 19 0.0 7 0 0 0 1 10 1 0.486737807234 0 1 
109 19 0.0 6 2 0 0 9 30 1 0.161910178869 0 3 
109 19 0.0 9 0 0 0 28 4 2 0.0696150244486 2 0 
109 19 0.0 8 0 0 0 1 10 1 0.486737807234 0 1 
109 19 0.0 11 9 3 0 37 25 2 2.21519754869e-15 3 3 
109 19 0.0 10 0 0 0 20 1 2 4.46006367635e-56 1 0 
109 19 0.0 13 5 2 0 35 24 2 7.51068025807e-51 2 3 
109 19 0.0 12 0 0 0 36 9 2 0.240241510141 3 0 
109 19 0.0 15 9 3 0 40 24 2 1.27490404309e-19 4 2 
109 19 0.0 14 1 2 0 46 32 2 0.45720330566 6 0 
109 19 2.0 17 7 4 0 41 21 2 1.23328456981e-14 5 1 
109 19 2.0 16 4 0 0 7 5 3 1.08298349229e-57 1 1 
109 19 2.0 19 2 0 0 24 25 2 1.04106229039 5 0 
109 19 2.0 18 6 0 0 10 4 3 1.41551018024e-54 2 0 
109 19 2.0 20 6 0 0 4 4 3 1.07116541778e-54 2 0 
109 19 2.0 21 0 0 0 20 1 2 1.677996997e-65 1 0 
109 19 2.0 22 0 0 0 20 1 2 1.78713544261e-65 1 0 
109 19 2.0 1 4 0 0 16 30 1 0.229596163053 0 4 
109 19 2.0 3 2 1 0 7 22 1 0.205730428454 0 3 
109 19 2.0 2 5 4 0 92 48 1 3.05863132437e-08 0 10 
109 19 2.0 5 0 0 0 1 12 1 0.620763846308 0 1 
109 19 2.0 4 4 2 0 21 36 1 0.205730428453 0 5 
109 19 2.0 7 0 0 0 1 10 1 0.415123257749 0 1 
109 19 2.0 6 2 0 0 9 30 1 0.0358874763268 0 3 
109 19 2.0 9 0 0 0 28 4 2 0.0691959686898 2 0 
109 19 2.0 8 0 0 0 1 10 1 0.415123257749 0 1 
109 19 2.0 11 9 3 0 37 25 2 7.28904963586e-25 3 3 
109 19 2.0 10 0 0 0 20 1 2 1.24074923336e-65 1 0 
109 19 2.0 13 5 2 0 35 24 2 2.20798713801e-67 2 3 
109 19 2.0 12 0 0 0 36 9 2 0.277408890658 3 0 
109 19 2.0 15 9 3 0 40 24 2 1.63685605515e-27 4 2 
109 19 2.0 14 1 2 0 46 32 2 0.658014350936 6 0 
109 20 0.0 17 7 4 0 41 21 2 3.24223217524e-17 5 1 
109 20 0.0 16 4 0 0 7 5 3 4.30272065019e-79 1 1 
109 20 0.0 19 2 0 0 24 25 2 0.70397572879 5 0 
109 20 0.0 18 6 0 0 10 4 3 1.87867006813e-77 2 0 
109 20 0.0 20 6 0 0 4 4 3 8.93205505728e-78 2 0 
109 20 0.0 21 0 0 0 20 1 2 5.00788623072e-50 1 0 
109 20 0.0 22 0 0 0 20 1 2 6.81557175646e-51 1 0 
109 20 0.0 1 4 0 0 16 30 1 0.284593977425 0 4 
109 20 0.0 3 2 1 0 7 22 1 0.274088195357 0 3 
109 20 0.0 2 5 4 0 92 48 1 0.071944364379 0 10 
109 20 0.0 5 0 0 0 1 12 1 0.675172371713 0 1 
109 20 0.0 4 4 2 0 21 36 1 0.274088195357 0 5 
109 20 0.0 7 0 0 0 1 10 1 0.486737808285 0 1 
109 20 0.0 6 2 0 0 9 30 1 0.161910179987 0 3 
109 20 0.0 9 0 0 0 28 4 2 0.0696150253739 2 0 
109 20 0.0 8 0 0 0 1 10 1 0.486737808285 0 1 
109 20 0.0 11 9 3 0 37 25 2 1.46038489589e-17 3 3 
109 20 0.0 10 0 0 0 20 1 2 5.13304946215e-51 1 0 
109 20 0.0 13 5 2 0 35 24 2 1.71737930671e-48 2 3 
109 20 0.0 12 0 0 0 36 9 2 0.240241510179 3 0 
109 20 0.0 15 9 3 0 40 24 2 2.03947532763e-18 4 2 
109 20 0.0 14 1 2 0 46 32 2 0.45720330678 6 0 
109 20 2.0 17 7 4 0 41 21 2 4.65861164904e-15 5 1 
109 20 2.0 16 4 0 0 7 5 3 6.18493556992e-58 1 1 
109 20 2.0 19 2 0 0 24 25 2 1.04105854196 5 0 
109 20 2.0 18 6 0 0 10 4 3 7.8846599084e-55 2 0 
109 20 2.0 20 6 0 0 4 4 3 1.3079861703e-54 2 0 
109 20 2.0 21 0 0 0 20 1 2 9.21068188127e-66 1 0 
109 20 2.0 22 0 0 0 20 1 2 1.77700024234e-65 1 0 
109 20 2.0 1 4 0 0 16 30 1 0.229591802573 0 4 
109 20 2.0 3 2 1 0 7 22 1 0.205728211704 0 3 
109 20 2.0 2 5 4 0 92 48 1 5.13606799068e-06 0 10 
109 20 2.0 5 0 0 0 1 12 1 0.62076355663 0 1 
109 20 2.0 4 4 2 0 21 36 1 0.205728211704 0 5 
109 20 2.0 7 0 0 0 1 10 1 0.415124238678 0 1 
109 20 2.0 6 2 0 0 9 30 1 0.0358877483916 0 3 
109 20 2.0 9 0 0 0 28 4 2 0.069198281565 2 0 
109 20 2.0 8 0 0 0 1 10 1 0.415124238678 0 1 
109 20 2.0 11 9 3 0 37 25 2 7.10256708022e-24 3 3 
109 20 2.0 10 0 0 0 20 1 2 7.51747225845e-66 1 0 
109 20 2.0 13 5 2 0 35 24 2 2.7626391353e-68 2 3 
109 20 2.0 12 0 0 0 36 9 2 0.277410721386 3 0 
109 20 2.0 15 9 3 0 40 24 2 4.28824944478e-28 4 2 
109 20 2.0 14 1 2 0 46 32 2 0.658015245861 6 0 
109 21 0.0 17 7 4 0 41 21 2 1.76972288176e-17 5 1 
109 21 0.0 16 4 0 0 7 5 3 1.04591297291e-79 1 1 
109 21 0.0 19 2 0 0 24 25 2 0.70397572879 5 0 
109 21 0.0 18 6 0 0 10 4 3 1.80604062618e-77 2 0 
109 21 0.0 20 6 0 0 4 4 3 1.95761396508e-77 2 0 
109 21 0.0 21 0 0 0 20 1 2 2.72451102919e-50 1 0 
109 21 0.0 22 0 0 0 20 1 2 9.64441070954e-51 1 0 
109 21 0.0 1 4 0 0 16 30 1 0.284593977425 0 4 
109 21 0.0 3 2 1 0 7 22 1 0.274088195357 0 3 
109 21 0.0 2 5 4 0 92 48 1 0.071944364379 0 10 
109 21 0.0 5 0 0 0 1 12 1 0.675172371713 0 1 
109 21 0.0 4 4 2 0 21 36 1 0.274088195357 0 5 
109 21 0.0 7 0 0 0 1 10 1 0.486737808285 0 1 
109 21 0.0 6 2 0 0 9 30 1 0.161910179987 0 3 
109 21 0.0 9 0 0 0 28 4 2 0.0696150253739 2 0 
109 21 0.0 8 0 0 0 1 10 1 0.486737808285 0 1 
109 21 0.0 11 9 3 0 37 25 2 1.08926460485e-15 3 3 
109 21 0.0 10 0 0 0 20 1 2 6.92919450897e-51 1 0 
109 21 0.0 13 5 2 0 35 24 2 1.26932827472e-47 2 3 
109 21 0.0 12 0 0 0 36 9 2 0.240241510179 3 0 
109 21 0.0 15 9 3 0 40 24 2 5.63055028422e-18 4 2 
109 21 0.0 14 1 2 0 46 32 2 0.45720330678 6 0 
109 21 2.0 17 7 4 0 41 21 2 6.96137829602e-15 5 1 
109 21 2.0 16 4 0 0 7 5 3 5.03133885193e-58 1 1 
109 21 2.0 19 2 0 0 24 25 2 1.04106174928 5 0 
109 21 2.0 18 6 0 0 10 4 3 9.92644712093e-55 2 0 
109 21 2.0 20 6 0 0 4 4 3 1.24484991031e-54 2 0 
109 21 2.0 21 0 0 0 20 1 2 1.71664332273e-65 1 0 
109 21 2.0 22 0 0 0 20 1 2 2.14279513955e-65 1 0 
109 21 2.0 1 4 0 0 16 30 1 0.229595533262 0 4 
109 21 2.0 3 2 1 0 7 22 1 0.20573010827 0 3 
109 21 2.0 2 5 4 0 92 48 1 7.68008743283e-07 0 10 
109 21 2.0 5 0 0 0 1 12 1 0.620763804338 0 1 
109 21 2.0 4 4 2 0 21 36 1 0.205730108269 0 5 
109 21 2.0 7 0 0 0 1 10 1 0.415123399329 0 1 
109 21 2.0 6 2 0 0 9 30 1 0.0358875159242 0 3 
109 21 2.0 9 0 0 0 28 4 2 0.0691963027232 2 0 
109 21 2.0 8 0 0 0 1 10 1 0.415123399329 0 1 
109 21 2.0 11 9 3 0 37 25 2 9.59368314202e-25 3 3 
109 21 2.0 10 0 0 0 20 1 2 2.69944544061e-66 1 0 
109 21 2.0 13 5 2 0 35 24 2 3.42275018058e-68 2 3 
109 21 2.0 12 0 0 0 36 9 2 0.277409155 3 0 
109 21 2.0 15 9 3 0 40 24 2 7.20951935088e-28 4 2 
109 21 2.0 14 1 2 0 46 32 2 0.658014480528 6 0 
109 22 0.0 17 7 4 0 41 21 2 1.67895215568e-16 5 1 
109 22 0.0 16 4 0 0 7 5 3 5.78054122128e-79 1 1 
109 22 0.0 19 2 0 0 24 25 2 0.703975745939 5 0 
109 22 0.0 18 6 0 0 10 4 3 1.6829344988e-77 2 0 
109 22 0.0 20 6 0 0 4 4 3 1.43002050589e-77 2 0 
109 22 0.0 21 0 0 0 20 1 2 1.31328885762e-59 1 0 
109 22 0.0 22 0 0 0 20 1 2 5.21337619022e-59 1 0 
109 22 0.0 1 4 0 0 16 30 1 0.28459401914 0 4 
109 22 0.0 3 2 1 0 7 22 1 0.274088211983 0 3 
109 22 0.0 2 5 4 0 92 48 1 0.0719443321812 0 10 
109 22 0.0 5 0 0 0 1 12 1 0.675172380195 0 1 
109 22 0.0 4 4 2 0 21 36 1 0.274088211983 0 5 
109 22 0.0 7 0 0 0 1 10 1 0.486737796384 0 1 
109 22 0.0 6 2 0 0 9 30 1 0.161910167375 0 3 
109 22 0.0 9 0 0 0 28 4 2 0.0696150162054 2 0 
109 22 0.0 8 0 0 0 1 10 1 0.486737796384 0 1 
109 22 0.0 11 9 3 0 37 25 2 9.87843914731e-16 3 3 
109 22 0.0 10 0 0 0 20 1 2 4.93093946815e-59 1 0 
109 22 0.0 13 5 2 0 35 24 2 1.16253339943e-49 2 3 
109 22 0.0 12 0 0 0 36 9 2 0.240241509652 3 0 
109 22 0.0 15 9 3 0 40 24 2 9.96823677416e-20 4 2 
109 22 0.0 14 1 2 0 46 32 2 0.457203294301 6 0 
109 22 2.0 17 7 4 0 41 21 2 2.48268113099e-14 5 1 
109 22 2.0 16 4 0 0 7 5 3 9.00780471054e-58 1 1 
109 22 2.0 19 2 0 0 24 25 2 1.04106167642 5 0 
109 22 2.0 18 6 0 0 10 4 3 1.04096188095e-54 2 0 
109 22 2.0 20 6 0 0 4 4 3 1.1204457413e-54 2 0 
109 22 2.0 21 0 0 0 20 1 2 1.01359351234e-65 1 0 
109 22 2.0 22 0 0 0 20 1 2 8.25054051545e-66 1 0 
109 22 2.0 1 4 0 0 16 30 1 0.229595563293 0 4 
109 22 2.0 3 2 1 0 7 22 1 0.2057301271 0 3 
109 22 2.0 2 5 4 0 92 48 1 7.31408815186e-07 0 10 
109 22 2.0 5 0 0 0 1 12 1 0.620763852329 0 1 
109 22 2.0 4 4 2 0 21 36 1 0.2057301271 0 5 
109 22 2.0 7 0 0 0 1 10 1 0.415123425418 0 1 
109 22 2.0 6 2 0 0 9 30 1 0.0358874055994 0 3 
109 22 2.0 9 0 0 0 28 4 2 0.0691962976249 2 0 
109 22 2.0 8 0 0 0 1 10 1 0.415123425418 0 1 
109 22 2.0 11 9 3 0 37 25 2 1.24743865752e-24 3 3 
109 22 2.0 10 0 0 0 20 1 2 1.38321559519e-65 1 0 
109 22 2.0 13 5 2 0 35 24 2 2.02135349209e-68 2 3 
109 22 2.0 12 0 0 0 36 9 2 0.277409174838 3 0 
109 22 2.0 15 9 3 0 40 24 2 4.199020654e-28 4 2 
109 22 2.0 14 1 2 0 46 32 2 0.658014357893 6 0 
109 23 0.0 17 7 4 0 41 21 2 7.67445853391e-18 5 1 
109 23 0.0 16 4 0 0 7 5 3 3.74149233109e-79 1 1 
109 23 0.0 19 2 0 0 24 25 2 0.703975728834 5 0 
109 23 0.0 18 6 0 0 10 4 3 1.58691631375e-77 2 0 
109 23 0.0 20 6 0 0 4 4 3 1.08459093381e-77 2 0 
109 23 0.0 21 0 0 0 20 1 2 1.00896651697e-51 1 0 
109 23 0.0 22 0 0 0 20 1 2 2.84728411229e-52 1 0 
109 23 0.0 1 4 0 0 16 30 1 0.284593977528 0 4 
109 23 0.0 3 2 1 0 7 22 1 0.274088195393 0 3 
109 23 0.0 2 5 4 0 92 48 1 0.0719443642972 0 10 
109 23 0.0 5 0 0 0 1 12 1 0.675172371732 0 1 
109 23 0.0 4 4 2 0 21 36 1 0.274088195393 0 5 
109 23 0.0 7 0 0 0 1 10 1 0.486737808257 0 1 
109 23 0.0 6 2 0 0 9 30 1 0.161910179957 0 3 
109 23 0.0 9 0 0 0 28 4 2 0.069615025349 2 0 
109 23 0.0 8 0 0 0 1 10 1 0.486737808257 0 1 
109 23 0.0 11 9 3 0 37 25 2 6.37552659495e-16 3 3 
109 23 0.0 10 0 0 0 20 1 2 6.29860815756e-52 1 0 
109 23 0.0 13 5 2 0 35 24 2 8.23482398364e-50 2 3 
109 23 0.0 12 0 0 0 36 9 2 0.240241510178 3 0 
109 23 0.0 15 9 3 0 40 24 2 3.07197999985e-19 4 2 
109 23 0.0 14 1 2 0 46 32 2 0.45720330675 6 0 
109 23 2.0 17 7 4 0 41 21 2 1.03209421696e-14 5 1 
109 23 2.0 16 4 0 0 7 5 3 2.56109023831e-58 1 1 
109 23 2.0 19 2 0 0 24 25 2 1.04106223746 5 0 
109 23 2.0 18 6 0 0 10 4 3 8.09978949807e-55 2 0 
109 23 2.0 20 6 0 0 4 4 3 1.39728184944e-54 2 0 
109 23 2.0 21 0 0 0 20 1 2 1.26221563581e-65 1 0 
109 23 2.0 22 0 0 0 20 1 2 1.78370861056e-65 1 0 
109 23 2.0 1 4 0 0 16 30 1 0.229596186523 0 4 
109 23 2.0 3 2 1 0 7 22 1 0.205730443025 0 3 
109 23 2.0 2 5 4 0 92 48 1 2.04050791767e-09 0 10 
109 23 2.0 5 0 0 0 1 12 1 0.620763881948 0 1 
109 23 2.0 4 4 2 0 21 36 1 0.205730443025 0 5 
109 23 2.0 7 0 0 0 1 10 1 0.415123276805 0 1 
109 23 2.0 6 2 0 0 9 30 1 0.0358873945058 0 3 
109 23 2.0 9 0 0 0 28 4 2 0.0691959642657 2 0 
109 23 2.0 8 0 0 0 1 10 1 0.415123276805 0 1 
109 23 2.0 11 9 3 0 37 25 2 2.12282588684e-24 3 3 
109 23 2.0 10 0 0 0 20 1 2 1.61770460352e-65 1 0 
109 23 2.0 13 5 2 0 35 24 2 1.60885124755e-67 2 3 
109 23 2.0 12 0 0 0 36 9 2 0.277408904846 3 0 
109 23 2.0 15 9 3 0 40 24 2 1.77662224081e-27 4 2 
109 23 2.0 14 1 2 0 46 32 2 0.658014259819 6 0 
109 24 0.0 17 7 4 0 41 21 2 1.00497999359e-17 5 1 
109 24 0.0 16 4 0 0 7 5 3 1.26194060615e-78 1 1 
109 24 0.0 19 2 0 0 24 25 2 0.703975728779 5 0 
109 24 0.0 18 6 0 0 10 4 3 1.41342751399e-77 2 0 
109 24 0.0 20 6 0 0 4 4 3 1.71071656079e-77 2 0 
109 24 0.0 21 0 0 0 20 1 2 2.26806280306e-49 1 0 
109 24 0.0 22 0 0 0 20 1 2 1.25295674811e-49 1 0 
109 24 0.0 1 4 0 0 16 30 1 0.284593977398 0 4 
109 24 0.0 3 2 1 0 7 22 1 0.274088195344 0 3 
109 24 0.0 2 5 4 0 92 48 1 0.0719443643997 0 10 
109 24 0.0 5 0 0 0 1 12 1 0.675172371707 0 1 
109 24 0.0 4 4 2 0 21 36 1 0.274088195344 0 5 
109 24 0.0 7 0 0 0 1 10 1 0.486737808293 0 1 
109 24 0.0 6 2 0 0 9 30 1 0.161910179995 0 3 
109 24 0.0 9 0 0 0 28 4 2 0.0696150253796 2 0 
109 24 0.0 8 0 0 0 1 10 1 0.486737808293 0 1 
109 24 0.0 11 9 3 0 37 25 2 2.36167797942e-15 3 3 
109 24 0.0 10 0 0 0 20 1 2 4.52153337924e-50 1 0 
109 24 0.0 13 5 2 0 35 24 2 3.31557047867e-48 2 3 
109 24 0.0 12 0 0 0 36 9 2 0.240241510178 3 0 
109 24 0.0 15 9 3 0 40 24 2 1.36242838891e-18 4 2 
109 24 0.0 14 1 2 0 46 32 2 0.457203306787 6 0 
109 24 2.0 17 7 4 0 41 21 2 3.61620821362e-14 5 1 
109 24 2.0 16 4 0 0 7 5 3 3.47184605416e-57 1 1 
109 24 2.0 19 2 0 0 24 25 2 1.04106105794 5 0 
109 24 2.0 18 6 0 0 10 4 3 1.13168514064e-54 2 0 
109 24 2.0 20 6 0 0 4 4 3 9.11202706917e-55 2 0 
109 24 2.0 21 0 0 0 20 1 2 1.91707012298e-65 1 0 
109 24 2.0 22 0 0 0 20 1 2 1.13739613989e-65 1 0 
109 24 2.0 1 4 0 0 16 30 1 0.229594766726 0 4 
109 24 2.0 3 2 1 0 7 22 1 0.205729719749 0 3 
109 24 2.0 2 5 4 0 92 48 1 1.66505763685e-06 0 10 
109 24 2.0 5 0 0 0 1 12 1 0.620763768513 0 1 
109 24 2.0 4 4 2 0 21 36 1 0.205729719749 0 5 
109 24 2.0 7 0 0 0 1 10 1 0.415123582548 0 1 
109 24 2.0 6 2 0 0 9 30 1 0.0358875281445 0 3 
109 24 2.0 9 0 0 0 28 4 2 0.069196712872 2 0 
109 24 2.0 8 0 0 0 1 10 1 0.415123582548 0 1 
109 24 2.0 11 9 3 0 37 25 2 8.44303618582e-26 3 3 
109 24 2.0 10 0 0 0 20 1 2 6.83617644729e-66 1 0 
109 24 2.0 13 5 2 0 35 24 2 1.83579556246e-66 2 3 
109 24 2.0 12 0 0 0 36 9 2 0.277409487493 3 0 
109 24 2.0 15 9 3 0 40 24 2 8.61116338274e-28 4 2 
109 24 2.0 14 1 2 0 46 32 2 0.658014599619 6 0 
109 25 0.0 17 7 4 0 41 21 2 7.95858166154e-18 5 1 
109 25 0.0 16 4 0 0 7 5 3 4.22777126769e-79 1 1 
109 25 0.0 19 2 0 0 24 25 2 0.703975737016 5 0 
109 25 0.0 18 6 0 0 10 4 3 1.78049670825e-77 2 0 
109 25 0.0 20 6 0 0 4 4 3 9.67934002966e-78 2 0 
109 25 0.0 21 0 0 0 20 1 2 2.1339921379e-58 1 0 
109 25 0.0 22 0 0 0 20 1 2 3.26414625444e-58 1 0 
109 25 0.0 1 4 0 0 16 30 1 0.284593998816 0 4 
109 25 0.0 3 2 1 0 7 22 1 0.274088203987 0 3 
109 25 0.0 2 5 4 0 92 48 1 0.0719443466524 0 10 
109 25 0.0 5 0 0 0 1 12 1 0.675172376281 0 1 
109 25 0.0 4 4 2 0 21 36 1 0.274088203987 0 5 
109 25 0.0 7 0 0 0 1 10 1 0.486737802243 0 1 
109 25 0.0 6 2 0 0 9 30 1 0.161910173145 0 3 
109 25 0.0 9 0 0 0 28 4 2 0.0696150207327 2 0 
109 25 0.0 8 0 0 0 1 10 1 0.486737802243 0 1 
109 25 0.0 11 9 3 0 37 25 2 2.34521363247e-16 3 3 
109 25 0.0 10 0 0 0 20 1 2 8.33337355353e-59 1 0 
109 25 0.0 13 5 2 0 35 24 2 2.71646211462e-51 2 3 
109 25 0.0 12 0 0 0 36 9 2 0.240241510031 3 0 
109 25 0.0 15 9 3 0 40 24 2 4.78584429861e-20 4 2 
109 25 0.0 14 1 2 0 46 32 2 0.457203299832 6 0 
109 25 2.0 17 7 4 0 41 21 2 7.91876254605e-14 5 1 
109 25 2.0 16 4 0 0 7 5 3 2.07340614655e-57 1 1 
109 25 2.0 19 2 0 0 24 25 2 1.04106071849 5 0 
109 25 2.0 18 6 0 0 10 4 3 7.85174561597e-55 2 0 
109 25 2.0 20 6 0 0 4 4 3 1.01606277318e-54 2 0 
109 25 2.0 21 0 0 0 20 1 2 4.02635709123e-66 1 0 
109 25 2.0 22 0 0 0 20 1 2 2.28526546693e-65 1 0 
109 25 2.0 1 4 0 0 16 30 1 0.229594444211 0 4 
109 25 2.0 3 2 1 0 7 22 1 0.205729558036 0 3 
109 25 2.0 2 5 4 0 92 48 1 2.04177386656e-06 0 10 
109 25 2.0 5 0 0 0 1 12 1 0.620763776083 0 1 
109 25 2.0 4 4 2 0 21 36 1 0.205729558036 0 5 
109 25 2.0 7 0 0 0 1 10 1 0.415123675805 0 1 
109 25 2.0 6 2 0 0 9 30 1 0.0358874798983 0 3 
109 25 2.0 9 0 0 0 28 4 2 0.0691968907697 2 0 
109 25 2.0 8 0 0 0 1 10 1 0.415123675805 0 1 
109 25 2.0 11 9 3 0 37 25 2 2.88811474026e-24 3 3 
109 25 2.0 10 0 0 0 20 1 2 1.66714366793e-65 1 0 
109 25 2.0 13 5 2 0 35 24 2 9.16267193718e-67 2 3 
109 25 2.0 12 0 0 0 36 9 2 0.277409643357 3 0 
109 25 2.0 15 9 3 0 40 24 2 2.1312800181e-27 4 2 
109 25 2.0 14 1 2 0 46 32 2 0.658014592387 6 0 
109 26 0.0 17 7 4 0 41 21 2 1.21370971257e-17 5 1 
109 26 0.0 16 4 0 0 7 5 3 1.42568227794e-79 1 1 
109 26 0.0 19 2 0 0 24 25 2 0.703975731427 5 0 
109 26 0.0 18 6 0 0 10 4 3 1.67489604285e-77 2 0 
109 26 0.0 20 6 0 0 4 4 3 1.96575044119e-77 2 0 
109 26 0.0 21 0 0 0 20 1 2 5.59628484768e-57 1 0 
109 26 0.0 22 0 0 0 20 1 2 1.32034223955e-56 1 0 
109 26 0.0 1 4 0 0 16 30 1 0.284593983728 0 4 
109 26 0.0 3 2 1 0 7 22 1 0.274088198 0 3 
109 26 0.0 2 5 4 0 92 48 1 0.0719443592423 0 10 
109 26 0.0 5 0 0 0 1 12 1 0.675172373039 0 1 
109 26 0.0 4 4 2 0 21 36 1 0.274088198 0 5 
109 26 0.0 7 0 0 0 1 10 1 0.486737806644 0 1 
109 26 0.0 6 2 0 0 9 30 1 0.161910178186 0 3 
109 26 0.0 9 0 0 0 28 4 2 0.0696150238224 2 0 
109 26 0.0 8 0 0 0 1 10 1 0.486737806644 0 1 
109 26 0.0 11 9 3 0 37 25 2 1.8965376531e-15 3 3 
109 26 0.0 10 0 0 0 20 1 2 1.52173269354e-56 1 0 
109 26 0.0 13 5 2 0 35 24 2 3.25235871958e-51 2 3 
109 26 0.0 12 0 0 0 36 9 2 0.240241510138 3 0 
109 26 0.0 15 9 3 0 40 24 2 4.07714392815e-20 4 2 
109 26 0.0 14 1 2 0 46 32 2 0.457203304942 6 0 
109 26 2.0 17 7 4 0 41 21 2 6.83295116651e-15 5 1 
109 26 2.0 16 4 0 0 7 5 3 3.04524667921e-58 1 1 
109 26 2.0 19 2 0 0 24 25 2 1.04106217628 5 0 
109 26 2.0 18 6 0 0 10 4 3 1.27189089259e-54 2 0 
109 26 2.0 20 6 0 0 4 4 3 1.33636973288e-54 2 0 
109 26 2.0 21 0 0 0 20 1 2 1.35227008358e-65 1 0 
109 26 2.0 22 0 0 0 20 1 2 1.01152097875e-65 1 0 
109 26 2.0 1 4 0 0 16 30 1 0.229596144909 0 4 
109 26 2.0 3 2 1 0 7 22 1 0.205730422787 0 3 
109 26 2.0 2 5 4 0 92 48 1 5.0395899148e-08 0 10 
109 26 2.0 5 0 0 0 1 12 1 0.620763891029 0 1 
109 26 2.0 4 4 2 0 21 36 1 0.205730422787 0 5 
109 26 2.0 7 0 0 0 1 10 1 0.415123294625 0 1 
109 26 2.0 6 2 0 0 9 30 1 0.0358873691713 0 3 
109 26 2.0 9 0 0 0 28 4 2 0.0691959891287 2 0 
109 26 2.0 8 0 0 0 1 10 1 0.415123294625 0 1 
109 26 2.0 11 9 3 0 37 25 2 1.5673766962e-24 3 3 
109 26 2.0 10 0 0 0 20 1 2 1.02837254712e-65 1 0 
109 26 2.0 13 5 2 0 35 24 2 2.68160160847e-67 2 3 
109 26 2.0 12 0 0 0 36 9 2 0.277408930675 3 0 
109 26 2.0 15 9 3 0 40 24 2 5.50857861409e-28 4 2 
109 26 2.0 14 1 2 0 46 32 2 0.658014238364 6 0 
109 27 0.0 17 7 4 0 41 21 2 6.99899099186e-18 5 1 
109 27 0.0 16 4 0 0 7 5 3 6.55841921603e-80 1 1 
109 27 0.0 19 2 0 0 24 25 2 0.703975729082 5 0 
109 27 0.0 18 6 0 0 10 4 3 1.62849132826e-77 2 0 
109 27 0.0 20 6 0 0 4 4 3 1.8571929302e-77 2 0 
109 27 0.0 21 0 0 0 20 1 2 4.80226370346e-54 1 0 
109 27 0.0 22 0 0 0 20 1 2 1.93422161919e-54 1 0 
109 27 0.0 1 4 0 0 16 30 1 0.284593978176 0 4 
109 27 0.0 3 2 1 0 7 22 1 0.274088195658 0 3 
109 27 0.0 2 5 4 0 92 48 1 0.0719443637506 0 10 
109 27 0.0 5 0 0 0 1 12 1 0.675172371872 0 1 
109 27 0.0 4 4 2 0 21 36 1 0.274088195658 0 5 
109 27 0.0 7 0 0 0 1 10 1 0.486737808076 0 1 
109 27 0.0 6 2 0 0 9 30 1 0.161910179749 0 3 
109 27 0.0 9 0 0 0 28 4 2 0.0696150252065 2 0 
109 27 0.0 8 0 0 0 1 10 1 0.486737808076 0 1 
109 27 0.0 11 9 3 0 37 25 2 1.03067545108e-15 3 3 
109 27 0.0 10 0 0 0 20 1 2 4.83986319008e-54 1 0 
109 27 0.0 13 5 2 0 35 24 2 1.06186489656e-49 2 3 
109 27 0.0 12 0 0 0 36 9 2 0.240241510177 3 0 
109 27 0.0 15 9 3 0 40 24 2 2.34431322381e-19 4 2 
109 27 0.0 14 1 2 0 46 32 2 0.45720330654 6 0 
109 27 2.0 17 7 4 0 41 21 2 6.96504753965e-15 5 1 
109 27 2.0 16 4 0 0 7 5 3 1.51727021934e-58 1 1 
109 27 2.0 19 2 0 0 24 25 2 1.0410621702 5 0 
109 27 2.0 18 6 0 0 10 4 3 5.34627247196e-55 2 0 
109 27 2.0 20 6 0 0 4 4 3 1.36571509848e-54 2 0 
109 27 2.0 21 0 0 0 20 1 2 1.64106740554e-65 1 0 
109 27 2.0 22 0 0 0 20 1 2 4.68803282576e-66 1 0 
109 27 2.0 1 4 0 0 16 30 1 0.229596013537 0 4 
109 27 2.0 3 2 1 0 7 22 1 0.205730352141 0 3 
109 27 2.0 2 5 4 0 92 48 1 2.05776240774e-07 0 10 
109 27 2.0 5 0 0 0 1 12 1 0.620763832487 0 1 
109 27 2.0 4 4 2 0 21 36 1 0.205730352141 0 5 
109 27 2.0 7 0 0 0 1 10 1 0.415123288606 0 1 
109 27 2.0 6 2 0 0 9 30 1 0.0358874948218 0 3 
109 27 2.0 9 0 0 0 28 4 2 0.0691960470835 2 0 
109 27 2.0 8 0 0 0 1 10 1 0.415123288606 0 1 
109 27 2.0 11 9 3 0 37 25 2 9.96235774155e-25 3 3 
109 27 2.0 10 0 0 0 20 1 2 1.5633935621e-65 1 0 
109 27 2.0 13 5 2 0 35 24 2 2.05916805297e-67 2 3 
109 27 2.0 12 0 0 0 36 9 2 0.277408950694 3 0 
109 27 2.0 15 9 3 0 40 24 2 4.99721773855e-28 4 2 
109 27 2.0 14 1 2 0 46 32 2 0.658014391469 6 0 
109 28 0.0 17 7 4 0 41 21 2 1.99833863733e-17 5 1 
109 28 0.0 16 4 0 0 7 5 3 1.09650294615e-78 1 1 
109 28 0.0 19 2 0 0 24 25 2 0.703975729371 5 0 
109 28 0.0 18 6 0 0 10 4 3 1.03785626959e-77 2 0 
109 28 0.0 20 6 0 0 4 4 3 1.23722784326e-77 2 0 
109 28 0.0 21 0 0 0 20 1 2 5.4500493408e-55 1 0 
109 28 0.0 22 0 0 0 20 1 2 3.03833359884e-55 1 0 
109 28 0.0 1 4 0 0 16 30 1 0.284593978865 0 4 
109 28 0.0 3 2 1 0 7 22 1 0.274088195949 0 3 
109 28 0.0 2 5 4 0 92 48 1 0.071944363247 0 10 
109 28 0.0 5 0 0 0 1 12 1 0.675172372018 0 1 
109 28 0.0 4 4 2 0 21 36 1 0.274088195949 0 5 
109 28 0.0 7 0 0 0 1 10 1 0.486737807881 0 1 
109 28 0.0 6 2 0 0 9 30 1 0.16191017955 0 3 
109 28 0.0 9 0 0 0 28 4 2 0.0696150250566 2 0 
109 28 0.0 8 0 0 0 1 10 1 0.486737807881 0 1 
109 28 0.0 11 9 3 0 37 25 2 5.9673838772e-16 3 3 
109 28 0.0 10 0 0 0 20 1 2 1.12112266258e-54 1 0 
109 28 0.0 13 5 2 0 35 24 2 1.30714271802e-49 2 3 
109 28 0.0 12 0 0 0 36 9 2 0.24024151016 3 0 
109 28 0.0 15 9 3 0 40 24 2 3.22066246045e-19 4 2 
109 28 0.0 14 1 2 0 46 32 2 0.45720330634 6 0 
109 28 2.0 17 7 4 0 41 21 2 3.82444025723e-15 5 1 
109 28 2.0 16 4 0 0 7 5 3 1.77174102836e-58 1 1 
109 28 2.0 19 2 0 0 24 25 2 1.04106177626 5 0 
109 28 2.0 18 6 0 0 10 4 3 1.36225187301e-54 2 0 
109 28 2.0 20 6 0 0 4 4 3 1.56066150537e-54 2 0 
109 28 2.0 21 0 0 0 20 1 2 1.05739465266e-65 1 0 
109 28 2.0 22 0 0 0 20 1 2 2.05000610092e-65 1 0 
109 28 2.0 1 4 0 0 16 30 1 0.22959580357 0 4 
109 28 2.0 3 2 1 0 7 22 1 0.205730253106 0 3 
109 28 2.0 2 5 4 0 92 48 1 4.48515698084e-07 0 10 
109 28 2.0 5 0 0 0 1 12 1 0.620763918038 0 1 
109 28 2.0 4 4 2 0 21 36 1 0.205730253106 0 5 
109 28 2.0 7 0 0 0 1 10 1 0.415123406889 0 1 
109 28 2.0 6 2 0 0 9 30 1 0.0358872733147 0 3 
109 28 2.0 9 0 0 0 28 4 2 0.0691961818875 2 0 
109 28 2.0 8 0 0 0 1 10 1 0.415123406889 0 1 
109 28 2.0 11 9 3 0 37 25 2 1.54408392282e-24 3 3 
109 28 2.0 10 0 0 0 20 1 2 8.71057282391e-66 1 0 
109 28 2.0 13 5 2 0 35 24 2 7.61099558098e-68 2 3 
109 28 2.0 12 0 0 0 36 9 2 0.277409109045 3 0 
109 28 2.0 15 9 3 0 40 24 2 8.40459886059e-29 4 2 
109 28 2.0 14 1 2 0 46 32 2 0.658014182608 6 0 
109 29 0.0 17 7 4 0 41 21 2 2.12695024891e-17 5 1 
109 29 0.0 16 4 0 0 7 5 3 1.47039755061e-78 1 1 
109 29 0.0 19 2 0 0 24 25 2 0.703975730342 5 0 
109 29 0.0 18 6 0 0 10 4 3 1.0295710522e-77 2 0 
109 29 0.0 20 6 0 0 4 4 3 1.76133826418e-77 2 0 
109 29 0.0 21 0 0 0 20 1 2 4.08278669324e-56 1 0 
109 29 0.0 22 0 0 0 20 1 2 6.44764587929e-56 1 0 
109 29 0.0 1 4 0 0 16 30 1 0.284593981075 0 4 
109 29 0.0 3 2 1 0 7 22 1 0.274088196745 0 3 
109 29 0.0 2 5 4 0 92 48 1 0.0719443614901 0 10 
109 29 0.0 5 0 0 0 1 12 1 0.675172372417 0 1 
109 29 0.0 4 4 2 0 21 36 1 0.274088196745 0 5 
109 29 0.0 7 0 0 0 1 10 1 0.486737807281 0 1 
109 29 0.0 6 2 0 0 9 30 1 0.16191017892 0 3 
109 29 0.0 9 0 0 0 28 4 2 0.0696150244967 2 0 
109 29 0.0 8 0 0 0 1 10 1 0.486737807281 0 1 
109 29 0.0 11 9 3 0 37 25 2 2.2123930287e-16 3 3 
109 29 0.0 10 0 0 0 20 1 2 3.52557758843e-56 1 0 
109 29 0.0 13 5 2 0 35 24 2 9.06185222715e-52 2 3 
109 29 0.0 12 0 0 0 36 9 2 0.240241510134 3 0 
109 29 0.0 15 9 3 0 40 24 2 4.13959832953e-20 4 2 
109 29 0.0 14 1 2 0 46 32 2 0.457203305705 6 0 
109 29 2.0 17 7 4 0 41 21 2 9.86452442496e-15 5 1 
109 29 2.0 16 4 0 0 7 5 3 1.1730191832e-57 1 1 
109 29 2.0 19 2 0 0 24 25 2 1.04104571151 5 0 
109 29 2.0 18 6 0 0 10 4 3 5.90749089862e-55 2 0 
109 29 2.0 20 6 0 0 4 4 3 1.30648186835e-54 2 0 
109 29 2.0 21 0 0 0 20 1 2 1.30086854949e-65 1 0 
109 29 2.0 22 0 0 0 20 1 2 9.12583234713e-66 1 0 
109 29 2.0 1 4 0 0 16 30 1 0.229576282029 0 4 
109 29 2.0 3 2 1 0 7 22 1 0.205720303729 0 3 
109 29 2.0 2 5 4 0 92 48 1 2.33124296379e-05 0 10 
109 29 2.0 5 0 0 0 1 12 1 0.620762287467 0 1 
109 29 2.0 4 4 2 0 21 36 1 0.205720303729 0 5 
109 29 2.0 7 0 0 0 1 10 1 0.415127560491 0 1 
109 29 2.0 6 2 0 0 9 30 1 0.0358892792513 0 3 
109 29 2.0 9 0 0 0 28 4 2 0.0692064562666 2 0 
109 29 2.0 8 0 0 0 1 10 1 0.415127560491 0 1 
109 29 2.0 11 9 3 0 37 25 2 4.55250395178e-25 3 3 
109 29 2.0 10 0 0 0 20 1 2 5.27515432279e-66 1 0 
109 29 2.0 13 5 2 0 35 24 2 8.71034323346e-68 2 3 
109 29 2.0 12 0 0 0 36 9 2 0.277417067082 3 0 
109 29 2.0 15 9 3 0 40 24 2 1.31030478023e-27 4 2 
109 29 2.0 14 1 2 0 46 32 2 0.658019033707 6 0 
109 30 0.0 17 7 4 0 41 21 2 3.91524354158e-18 5 1 
109 30 0.0 16 4 0 0 7 5 3 2.30229024695e-79 1 1 
109 30 0.0 19 2 0 0 24 25 2 0.703975728784 5 0 
109 30 0.0 18 6 0 0 10 4 3 1.22539972376e-77 2 0 
109 30 0.0 20 6 0 0 4 4 3 1.98731707854e-77 2 0 
109 30 0.0 21 0 0 0 20 1 2 3.78407915604e-50 1 0 
109 30 0.0 22 0 0 0 20 1 2 5.92200148101e-50 1 0 
109 30 0.0 1 4 0 0 16 30 1 0.28459397741 0 4 
109 30 0.0 3 2 1 0 7 22 1 0.27408819535 0 3 
109 30 0.0 2 5 4 0 92 48 1 0.0719443643904 0 10 
109 30 0.0 5 0 0 0 1 12 1 0.67517237171 0 1 
109 30 0.0 4 4 2 0 21 36 1 0.27408819535 0 5 
109 30 0.0 7 0 0 0 1 10 1 0.48673780829 0 1 
109 30 0.0 6 2 0 0 9 30 1 0.161910179992 0 3 
109 30 0.0 9 0 0 0 28 4 2 0.0696150253772 2 0 
109 30 0.0 8 0 0 0 1 10 1 0.48673780829 0 1 
109 30 0.0 11 9 3 0 37 25 2 1.55324699297e-16 3 3 
109 30 0.0 10 0 0 0 20 1 2 4.98423167161e-50 1 0 
109 30 0.0 13 5 2 0 35 24 2 2.67442625383e-48 2 3 
109 30 0.0 12 0 0 0 36 9 2 0.240241510179 3 0 
109 30 0.0 15 9 3 0 40 24 2 1.70670228982e-19 4 2 
109 30 0.0 14 1 2 0 46 32 2 0.457203306784 6 0 
109 30 2.0 17 7 4 0 41 21 2 1.7631362902e-14 5 1 
109 30 2.0 16 4 0 0 7 5 3 3.10165443682e-57 1 1 
109 30 2.0 19 2 0 0 24 25 2 1.04106165954 5 0 
109 30 2.0 18 6 0 0 10 4 3 6.06949535921e-55 2 0 
109 30 2.0 20 6 0 0 4 4 3 9.52612009175e-55 2 0 
109 30 2.0 21 0 0 0 20 1 2 2.11286852171e-66 1 0 
109 30 2.0 22 0 0 0 20 1 2 1.60009746323e-65 1 0 
109 30 2.0 1 4 0 0 16 30 1 0.229595430367 0 4 
109 30 2.0 3 2 1 0 7 22 1 0.205730056006 0 3 
109 30 2.0 2 5 4 0 92 48 1 8.88468194878e-07 0 10 
109 30 2.0 5 0 0 0 1 12 1 0.620763798098 0 1 
109 30 2.0 4 4 2 0 21 36 1 0.205730056006 0 5 
109 30 2.0 7 0 0 0 1 10 1 0.415123422901 0 1 
109 30 2.0 6 2 0 0 9 30 1 0.0358875209377 0 3 
109 30 2.0 9 0 0 0 28 4 2 0.0691963574423 2 0 
109 30 2.0 8 0 0 0 1 10 1 0.415123422901 0 1 
109 30 2.0 11 9 3 0 37 25 2 2.27463167077e-24 3 3 
109 30 2.0 10 0 0 0 20 1 2 2.1184623991e-65 1 0 
109 30 2.0 13 5 2 0 35 24 2 2.29010287492e-68 2 3 
109 30 2.0 12 0 0 0 36 9 2 0.277409198622 3 0 
109 30 2.0 15 9 3 0 40 24 2 7.49900036556e-28 4 2 
109 30 2.0 14 1 2 0 46 32 2 0.658014500137 6 0 
109 31 0.0 17 7 4 0 41 21 2 4.35255605364e-17 5 1 
109 31 0.0 16 4 0 0 7 5 3 1.5871967937e-78 1 1 
109 31 0.0 19 2 0 0 24 25 2 0.703975728778 5 0 
109 31 0.0 18 6 0 0 10 4 3 9.96252106761e-78 2 0 
109 31 0.0 20 6 0 0 4 4 3 1.01131048847e-77 2 0 
109 31 0.0 21 0 0 0 20 1 2 9.14035461741e-49 1 0 
109 31 0.0 22 0 0 0 20 1 2 6.18871925438e-50 1 0 
109 31 0.0 1 4 0 0 16 30 1 0.284593977395 0 4 
109 31 0.0 3 2 1 0 7 22 1 0.274088195344 0 3 
109 31 0.0 2 5 4 0 92 48 1 0.0719443644023 0 10 
109 31 0.0 5 0 0 0 1 12 1 0.675172371707 0 1 
109 31 0.0 4 4 2 0 21 36 1 0.274088195344 0 5 
109 31 0.0 7 0 0 0 1 10 1 0.486737808294 0 1 
109 31 0.0 6 2 0 0 9 30 1 0.161910179996 0 3 
109 31 0.0 9 0 0 0 28 4 2 0.0696150253802 2 0 
109 31 0.0 8 0 0 0 1 10 1 0.486737808294 0 1 
109 31 0.0 11 9 3 0 37 25 2 6.8973587873e-17 3 3 
109 31 0.0 10 0 0 0 20 1 2 3.36840864387e-49 1 0 
109 31 0.0 13 5 2 0 35 24 2 1.23660682188e-48 2 3 
109 31 0.0 12 0 0 0 36 9 2 0.240241510178 3 0 
109 31 0.0 15 9 3 0 40 24 2 4.60127689282e-19 4 2 
109 31 0.0 14 1 2 0 46 32 2 0.457203306788 6 0 
109 31 2.0 17 7 4 0 41 21 2 1.96623193536e-14 5 1 
109 31 2.0 16 4 0 0 7 5 3 1.75000011781e-57 1 1 
109 31 2.0 19 2 0 0 24 25 2 1.04106189038 5 0 
109 31 2.0 18 6 0 0 10 4 3 4.21846553048e-55 2 0 
109 31 2.0 20 6 0 0 4 4 3 1.09348945826e-54 2 0 
109 31 2.0 21 0 0 0 20 1 2 2.84681158086e-66 1 0 
109 31 2.0 22 0 0 0 20 1 2 1.5228088775e-65 1 0 
109 31 2.0 1 4 0 0 16 30 1 0.229595874637 0 4 
109 31 2.0 3 2 1 0 7 22 1 0.20573028732 0 3 
109 31 2.0 2 5 4 0 92 48 1 3.66076185843e-07 0 10 
109 31 2.0 5 0 0 0 1 12 1 0.620763898042 0 1 
109 31 2.0 4 4 2 0 21 36 1 0.20573028732 0 5 
109 31 2.0 7 0 0 0 1 10 1 0.415123373252 0 1 
109 31 2.0 6 2 0 0 9 30 1 0.0358873271618 0 3 
109 31 2.0 9 0 0 0 28 4 2 0.0691961383705 2 0 
109 31 2.0 8 0 0 0 1 10 1 0.415123373252 0 1 
109 31 2.0 11 9 3 0 37 25 2 8.1736983208e-25 3 3 
109 31 2.0 10 0 0 0 20 1 2 2.11851328052e-65 1 0 
109 31 2.0 13 5 2 0 35 24 2 2.17458086453e-67 2 3 
109 31 2.0 12 0 0 0 36 9 2 0.277409061769 3 0 
109 31 2.0 15 9 3 0 40 24 2 1.43812215353e-28 4 2 
109 31 2.0 14 1 2 0 46 32 2 0.658014230612 6 0 
109 32 0.0 17 7 4 0 41 21 2 1.23345129581e-17 5 1 
109 32 0.0 16 4 0 0 7 5 3 8.54989382776e-80 1 1 
109 32 0.0 19 2 0 0 24 25 2 0.703975733227 5 0 
109 32 0.0 18 6 0 0 10 4 3 1.23150566135e-77 2 0 
109 32 0.0 20 6 0 0 4 4 3 2.49307460573e-77 2 0 
109 32 0.0 21 0 0 0 20 1 2 5.81985120584e-58 1 0 
109 32 0.0 22 0 0 0 20 1 2 2.22374076088e-57 1 0 
109 32 0.0 1 4 0 0 16 30 1 0.284593989074 0 4 
109 32 0.0 3 2 1 0 7 22 1 0.274088200315 0 3 
109 32 0.0 2 5 4 0 92 48 1 0.0719443544387 0 10 
109 32 0.0 5 0 0 0 1 12 1 0.67517237439 0 1 
109 32 0.0 4 4 2 0 21 36 1 0.274088200315 0 5 
109 32 0.0 7 0 0 0 1 10 1 0.486737805222 0 1 
109 32 0.0 6 2 0 0 9 30 1 0.161910176419 0 3 
109 32 0.0 9 0 0 0 28 4 2 0.0696150226193 2 0 
109 32 0.0 8 0 0 0 1 10 1 0.486737805222 0 1 
109 32 0.0 11 9 3 0 37 25 2 1.34552215317e-15 3 3 
109 32 0.0 10 0 0 0 20 1 2 1.93609328338e-57 1 0 
109 32 0.0 13 5 2 0 35 24 2 3.92522395999e-50 2 3 
109 32 0.0 12 0 0 0 36 9 2 0.240241509808 3 0 
109 32 0.0 15 9 3 0 40 24 2 2.72424534251e-19 4 2 
109 32 0.0 14 1 2 0 46 32 2 0.45720330276 6 0 
109 32 2.0 17 7 4 0 41 21 2 1.30561332818e-14 5 1 
109 32 2.0 16 4 0 0 7 5 3 5.40307082617e-57 1 1 
109 32 2.0 19 2 0 0 24 25 2 1.04106201648 5 0 
109 32 2.0 18 6 0 0 10 4 3 2.49346815912e-55 2 0 
109 32 2.0 20 6 0 0 4 4 3 8.50822519105e-55 2 0 
109 32 2.0 21 0 0 0 20 1 2 2.09680831817e-65 1 0 
109 32 2.0 22 0 0 0 20 1 2 2.2052220387e-65 1 0 
109 32 2.0 1 4 0 0 16 30 1 0.229595843119 0 4 
109 32 2.0 3 2 1 0 7 22 1 0.205730265764 0 3 
109 32 2.0 2 5 4 0 92 48 1 4.05212827856e-07 0 10 
109 32 2.0 5 0 0 0 1 12 1 0.620763824533 0 1 
109 32 2.0 4 4 2 0 21 36 1 0.205730265764 0 5 
109 32 2.0 7 0 0 0 1 10 1 0.415123329347 0 1 
109 32 2.0 6 2 0 0 9 30 1 0.0358874975137 0 3 
109 32 2.0 9 0 0 0 28 4 2 0.0691961382725 2 0 
109 32 2.0 8 0 0 0 1 10 1 0.415123329347 0 1 
109 32 2.0 11 9 3 0 37 25 2 3.43715134238e-23 3 3 
109 32 2.0 10 0 0 0 20 1 2 5.89176008864e-66 1 0 
109 32 2.0 13 5 2 0 35 24 2 8.71289622518e-68 2 3 
109 32 2.0 12 0 0 0 36 9 2 0.277409024624 3 0 
109 32 2.0 15 9 3 0 40 24 2 1.00011966338e-27 4 2 
109 32 2.0 14 1 2 0 46 32 2 0.65801441792 6 0 
109 33 0.0 17 7 4 0 41 21 2 1.85096531033e-17 5 1 
109 33 0.0 16 4 0 0 7 5 3 4.83994131318e-79 1 1 
109 33 0.0 19 2 0 0 24 25 2 0.703975730087 5 0 
109 33 0.0 18 6 0 0 10 4 3 1.63056637625e-77 2 0 
109 33 0.0 20 6 0 0 4 4 3 1.50800667076e-77 2 0 
109 33 0.0 21 0 0 0 20 1 2 1.0398090923e-55 1 0 
109 33 0.0 22 0 0 0 20 1 2 1.35781676403e-55 1 0 
109 33 0.0 1 4 0 0 16 30 1 0.284593980509 0 4 
109 33 0.0 3 2 1 0 7 22 1 0.274088196525 0 3 
109 33 0.0 2 5 4 0 92 48 1 0.0719443619539 0 10 
109 33 0.0 5 0 0 0 1 12 1 0.675172372315 0 1 
109 33 0.0 4 4 2 0 21 36 1 0.274088196525 0 5 
109 33 0.0 7 0 0 0 1 10 1 0.486737807428 0 1 
109 33 0.0 6 2 0 0 9 30 1 0.161910179078 0 3 
109 33 0.0 9 0 0 0 28 4 2 0.0696150246426 2 0 
109 33 0.0 8 0 0 0 1 10 1 0.486737807428 0 1 
109 33 0.0 11 9 3 0 37 25 2 1.4437504493e-15 3 3 
109 33 0.0 10 0 0 0 20 1 2 1.51165505512e-56 1 0 
109 33 0.0 13 5 2 0 35 24 2 1.1040439553e-49 2 3 
109 33 0.0 12 0 0 0 36 9 2 0.240241510112 3 0 
109 33 0.0 15 9 3 0 40 24 2 4.02567740647e-19 4 2 
109 33 0.0 14 1 2 0 46 32 2 0.457203305842 6 0 
109 33 2.0 17 7 4 0 41 21 2 3.55614526643e-14 5 1 
109 33 2.0 16 4 0 0 7 5 3 5.79253213441e-57 1 1 
109 33 2.0 19 2 0 0 24 25 2 1.04106214663 5 0 
109 33 2.0 18 6 0 0 10 4 3 1.15793508445e-54 2 0 
109 33 2.0 20 6 0 0 4 4 3 5.16255775265e-55 2 0 
109 33 2.0 21 0 0 0 20 1 2 1.59018027159e-65 1 0 
109 33 2.0 22 0 0 0 20 1 2 2.13431151468e-65 1 0 
109 33 2.0 1 4 0 0 16 30 1 0.229596185189 0 4 
109 33 2.0 3 2 1 0 7 22 1 0.205730445586 0 3 
109 33 2.0 2 5 4 0 92 48 1 2.29542754863e-09 0 10 
109 33 2.0 5 0 0 0 1 12 1 0.620763923669 0 1 
109 33 2.0 4 4 2 0 21 36 1 0.205730445586 0 5 
109 33 2.0 7 0 0 0 1 10 1 0.415123306961 0 1 
109 33 2.0 6 2 0 0 9 30 1 0.0358872960078 0 3 
109 33 2.0 9 0 0 0 28 4 2 0.0691959748184 2 0 
109 33 2.0 8 0 0 0 1 10 1 0.415123306961 0 1 
109 33 2.0 11 9 3 0 37 25 2 1.64667001414e-24 3 3 
109 33 2.0 10 0 0 0 20 1 2 1.47194838104e-65 1 0 
109 33 2.0 13 5 2 0 35 24 2 2.54083388235e-67 2 3 
109 33 2.0 12 0 0 0 36 9 2 0.277408934899 3 0 
109 33 2.0 15 9 3 0 40 24 2 5.57349776826e-28 4 2 
109 33 2.0 14 1 2 0 46 32 2 0.658014154221 6 0 
109 34 0.0 17 7 4 0 41 21 2 5.9322609694e-17 5 1 
109 34 0.0 16 4 0 0 7 5 3 1.41770110777e-78 1 1 
109 34 0.0 19 2 0 0 24 25 2 0.703975729193 5 0 
109 34 0.0 18 6 0 0 10 4 3 1.68256233806e-77 2 0 
109 34 0.0 20 6 0 0 4 4 3 1.32203950752e-77 2 0 
109 34 0.0 21 0 0 0 20 1 2 3.23794479848e-54 1 0 
109 34 0.0 22 0 0 0 20 1 2 3.41868997652e-54 1 0 
109 34 0.0 1 4 0 0 16 30 1 0.284593978441 0 4 
109 34 0.0 3 2 1 0 7 22 1 0.274088195773 0 3 
109 34 0.0 2 5 4 0 92 48 1 0.071944363556 0 10 
109 34 0.0 5 0 0 0 1 12 1 0.675172371927 0 1 
109 34 0.0 4 4 2 0 21 36 1 0.274088195773 0 5 
109 34 0.0 7 0 0 0 1 10 1 0.486737808 0 1 
109 34 0.0 6 2 0 0 9 30 1 0.161910179671 0 3 
109 34 0.0 9 0 0 0 28 4 2 0.0696150251521 2 0 
109 34 0.0 8 0 0 0 1 10 1 0.486737808 0 1 
109 34 0.0 11 9 3 0 37 25 2 2.02600706393e-15 3 3 
109 34 0.0 10 0 0 0 20 1 2 3.03893481742e-55 1 0 
109 34 0.0 13 5 2 0 35 24 2 1.3634782309e-49 2 3 
109 34 0.0 12 0 0 0 36 9 2 0.240241510181 3 0 
109 34 0.0 15 9 3 0 40 24 2 1.51393145036e-19 4 2 
109 34 0.0 14 1 2 0 46 32 2 0.457203306471 6 0 
109 34 2.0 17 7 4 0 41 21 2 3.38214517973e-14 5 1 
109 34 2.0 16 4 0 0 7 5 3 2.94743030758e-57 1 1 
109 34 2.0 19 2 0 0 24 25 2 1.04106226413 5 0 
109 34 2.0 18 6 0 0 10 4 3 1.20745592757e-54 2 0 
109 34 2.0 20 6 0 0 4 4 3 1.04225677592e-54 2 0 
109 34 2.0 21 0 0 0 20 1 2 9.73561404025e-66 1 0 
109 34 2.0 22 0 0 0 20 1 2 2.14473979845e-65 1 0 
109 34 2.0 1 4 0 0 16 30 1 0.229596182345 0 4 
109 34 2.0 3 2 1 0 7 22 1 0.205730439809 0 3 
109 34 2.0 2 5 4 0 92 48 1 7.37287622693e-09 0 10 
109 34 2.0 5 0 0 0 1 12 1 0.620763867565 0 1 
109 34 2.0 4 4 2 0 21 36 1 0.205730439809 0 5 
109 34 2.0 7 0 0 0 1 10 1 0.415123267672 0 1 
109 34 2.0 6 2 0 0 9 30 1 0.0358874280265 0 3 
109 34 2.0 9 0 0 0 28 4 2 0.06919596316 2 0 
109 34 2.0 8 0 0 0 1 10 1 0.415123267672 0 1 
109 34 2.0 11 9 3 0 37 25 2 4.14398316047e-24 3 3 
109 34 2.0 10 0 0 0 20 1 2 1.88168381909e-65 1 0 
109 34 2.0 13 5 2 0 35 24 2 9.60288367772e-69 2 3 
109 34 2.0 12 0 0 0 36 9 2 0.277408896649 3 0 
109 34 2.0 15 9 3 0 40 24 2 6.83807459099e-29 4 2 
109 34 2.0 14 1 2 0 46 32 2 0.658014296396 6 0 
109 35 0.0 17 7 4 0 41 21 2 8.32680787036e-18 5 1 
109 35 0.0 16 4 0 0 7 5 3 1.61530734014e-79 1 1 
109 35 0.0 19 2 0 0 24 25 2 0.703975728781 5 0 
109 35 0.0 18 6 0 0 10 4 3 9.08928356207e-78 2 0 
109 35 0.0 20 6 0 0 4 4 3 2.26901775575e-77 2 0 
109 35 0.0 21 0 0 0 20 1 2 1.3261860284e-49 1 0 
109 35 0.0 22 0 0 0 20 1 2 7.73244902309e-50 1 0 
109 35 0.0 1 4 0 0 16 30 1 0.284593977403 0 4 
109 35 0.0 3 2 1 0 7 22 1 0.274088195347 0 3 
109 35 0.0 2 5 4 0 92 48 1 0.0719443643957 0 10 
109 35 0.0 5 0 0 0 1 12 1 0.675172371708 0 1 
109 35 0.0 4 4 2 0 21 36 1 0.274088195347 0 5 
109 35 0.0 7 0 0 0 1 10 1 0.486737808291 0 1 
109 35 0.0 6 2 0 0 9 30 1 0.161910179994 0 3 
109 35 0.0 9 0 0 0 28 4 2 0.0696150253786 2 0 
109 35 0.0 8 0 0 0 1 10 1 0.486737808291 0 1 
109 35 0.0 11 9 3 0 37 25 2 5.09481898887e-16 3 3 
109 35 0.0 10 0 0 0 20 1 2 6.85547368355e-50 1 0 
109 35 0.0 13 5 2 0 35 24 2 1.65795418189e-47 2 3 
109 35 0.0 12 0 0 0 36 9 2 0.240241510179 3 0 
109 35 0.0 15 9 3 0 40 24 2 5.48570458953e-18 4 2 
109 35 0.0 14 1 2 0 46 32 2 0.457203306786 6 0 
109 35 2.0 17 7 4 0 41 21 2 1.49995594494e-14 5 1 
109 35 2.0 16 4 0 0 7 5 3 4.31323769051e-58 1 1 
109 35 2.0 19 2 0 0 24 25 2 1.04106208418 5 0 
109 35 2.0 18 6 0 0 10 4 3 1.30109839946e-54 2 0 
109 35 2.0 20 6 0 0 4 4 3 1.10315254528e-54 2 0 
109 35 2.0 21 0 0 0 20 1 2 9.68860268419e-66 1 0 
109 35 2.0 22 0 0 0 20 1 2 1.75351647901e-65 1 0 
109 35 2.0 1 4 0 0 16 30 1 0.229595907196 0 4 
109 35 2.0 3 2 1 0 7 22 1 0.205730297884 0 3 
109 35 2.0 2 5 4 0 92 48 1 3.30369355053e-07 0 10 
109 35 2.0 5 0 0 0 1 12 1 0.620763822907 0 1 
109 35 2.0 4 4 2 0 21 36 1 0.205730297884 0 5 
109 35 2.0 7 0 0 0 1 10 1 0.415123310732 0 1 
109 35 2.0 6 2 0 0 9 30 1 0.0358875073864 0 3 
109 35 2.0 9 0 0 0 28 4 2 0.0691961028986 2 0 
109 35 2.0 8 0 0 0 1 10 1 0.415123310732 0 1 
109 35 2.0 11 9 3 0 37 25 2 6.96017067413e-25 3 3 
109 35 2.0 10 0 0 0 20 1 2 3.4058019229e-66 1 0 
109 35 2.0 13 5 2 0 35 24 2 3.69581636811e-68 2 3 
109 35 2.0 12 0 0 0 36 9 2 0.27740899357 3 0 
109 35 2.0 15 9 3 0 40 24 2 3.91403311511e-28 4 2 
109 35 2.0 14 1 2 0 46 32 2 0.658014419664 6 0 
109 36 0.0 17 7 4 0 41 21 2 5.82029108471e-17 5 1 
109 36 0.0 16 4 0 0 7 5 3 2.10816151792e-79 1 1 
109 36 0.0 19 2 0 0 24 25 2 0.703975729748 5 0 
109 36 0.0 18 6 0 0 10 4 3 1.12390617171e-77 2 0 
109 36 0.0 20 6 0 0 4 4 3 1.97841906453e-77 2 0 
109 36 0.0 21 0 0 0 20 1 2 1.15786952426e-55 1 0 
109 36 0.0 22 0 0 0 20 1 2 2.84257933621e-55 1 0 
109 36 0.0 1 4 0 0 16 30 1 0.284593979747 0 4 
109 36 0.0 3 2 1 0 7 22 1 0.274088196261 0 3 
109 36 0.0 2 5 4 0 92 48 1 0.0719443625682 0 10 
109 36 0.0 5 0 0 0 1 12 1 0.675172372185 0 1 
109 36 0.0 4 4 2 0 21 36 1 0.274088196261 0 5 
109 36 0.0 7 0 0 0 1 10 1 0.486737807635 0 1 
109 36 0.0 6 2 0 0 9 30 1 0.161910179296 0 3 
109 36 0.0 9 0 0 0 28 4 2 0.0696150248382 2 0 
109 36 0.0 8 0 0 0 1 10 1 0.486737807635 0 1 
109 36 0.0 11 9 3 0 37 25 2 1.4091709754e-15 3 3 
109 36 0.0 10 0 0 0 20 1 2 2.10163817467e-55 1 0 
109 36 0.0 13 5 2 0 35 24 2 1.13522877344e-48 2 3 
109 36 0.0 12 0 0 0 36 9 2 0.240241510108 3 0 
109 36 0.0 15 9 3 0 40 24 2 5.75988853856e-19 4 2 
109 36 0.0 14 1 2 0 46 32 2 0.457203306051 6 0 
109 36 2.0 17 7 4 0 41 21 2 1.56407159187e-14 5 1 
109 36 2.0 16 4 0 0 7 5 3 7.79926848277e-58 1 1 
109 36 2.0 19 2 0 0 24 25 2 1.04106226437 5 0 
109 36 2.0 18 6 0 0 10 4 3 9.61186948837e-55 2 0 
109 36 2.0 20 6 0 0 4 4 3 1.1173082739e-54 2 0 
109 36 2.0 21 0 0 0 20 1 2 1.37144346279e-65 1 0 
109 36 2.0 22 0 0 0 20 1 2 2.07078898328e-65 1 0 
109 36 2.0 1 4 0 0 16 30 1 0.229596187255 0 4 
109 36 2.0 3 2 1 0 7 22 1 0.205730442448 0 3 
109 36 2.0 2 5 4 0 92 48 1 1.56663571204e-09 0 10 
109 36 2.0 5 0 0 0 1 12 1 0.620763869744 0 1 
109 36 2.0 4 4 2 0 21 36 1 0.205730442448 0 5 
109 36 2.0 7 0 0 0 1 10 1 0.415123267891 0 1 
109 36 2.0 6 2 0 0 9 30 1 0.0358874233497 0 3 
109 36 2.0 9 0 0 0 28 4 2 0.0691959609924 2 0 
109 36 2.0 8 0 0 0 1 10 1 0.415123267891 0 1 
109 36 2.0 11 9 3 0 37 25 2 8.44727837049e-25 3 3 
109 36 2.0 10 0 0 0 20 1 2 1.53636514041e-65 1 0 
109 36 2.0 13 5 2 0 35 24 2 8.27082467437e-68 2 3 
109 36 2.0 12 0 0 0 36 9 2 0.277408895895 3 0 
109 36 2.0 15 9 3 0 40 24 2 6.89031297761e-28 4 2 
109 36 2.0 14 1 2 0 46 32 2 0.658014290695 6 0 
109 37 0.0 17 7 4 0 41 21 2 3.86661918378e-18 5 1 
109 37 0.0 16 4 0 0 7 5 3 2.65046559687e-79 1 1 
109 37 0.0 19 2 0 0 24 25 2 0.703975728812 5 0 
109 37 0.0 18 6 0 0 10 4 3 1.14493147904e-77 2 0 
109 37 0.0 20 6 0 0 4 4 3 1.14105814568e-77 2 0 
109 37 0.0 21 0 0 0 20 1 2 3.17825065772e-51 1 0 
109 37 0.0 22 0 0 0 20 1 2 2.34107911389e-51 1 0 
109 37 0.0 1 4 0 0 16 30 1 0.284593977479 0 4 
109 37 0.0 3 2 1 0 7 22 1 0.274088195375 0 3 
109 37 0.0 2 5 4 0 92 48 1 0.0719443643367 0 10 
109 37 0.0 5 0 0 0 1 12 1 0.675172371724 0 1 
109 37 0.0 4 4 2 0 21 36 1 0.274088195375 0 5 
109 37 0.0 7 0 0 0 1 10 1 0.48673780827 0 1 
109 37 0.0 6 2 0 0 9 30 1 0.161910179971 0 3 
109 37 0.0 9 0 0 0 28 4 2 0.069615025361 2 0 
109 37 0.0 8 0 0 0 1 10 1 0.48673780827 0 1 
109 37 0.0 11 9 3 0 37 25 2 8.98097312482e-16 3 3 
109 37 0.0 10 0 0 0 20 1 2 4.37773365799e-52 1 0 
109 37 0.0 13 5 2 0 35 24 2 3.96425090378e-49 2 3 
109 37 0.0 12 0 0 0 36 9 2 0.240241510175 3 0 
109 37 0.0 15 9 3 0 40 24 2 7.55859697709e-19 4 2 
109 37 0.0 14 1 2 0 46 32 2 0.457203306761 6 0 
109 37 2.0 17 7 4 0 41 21 2 3.93517207896e-14 5 1 
109 37 2.0 16 4 0 0 7 5 3 1.74750657428e-57 1 1 
109 37 2.0 19 2 0 0 24 25 2 1.04106224057 5 0 
109 37 2.0 18 6 0 0 10 4 3 1.03865500048e-54 2 0 
109 37 2.0 20 6 0 0 4 4 3 1.62541168338e-54 2 0 
109 37 2.0 21 0 0 0 20 1 2 1.64766586086e-65 1 0 
109 37 2.0 22 0 0 0 20 1 2 1.76217229296e-65 1 0 
109 37 2.0 1 4 0 0 16 30 1 0.229596183434 0 4 
109 37 2.0 3 2 1 0 7 22 1 0.205730441247 0 3 
109 37 2.0 2 5 4 0 92 48 1 5.74144570151e-09 0 10 
109 37 2.0 5 0 0 0 1 12 1 0.620763879055 0 1 
109 37 2.0 4 4 2 0 21 36 1 0.205730441247 0 5 
109 37 2.0 7 0 0 0 1 10 1 0.415123275581 0 1 
109 37 2.0 6 2 0 0 9 30 1 0.0358874010358 0 3 
109 37 2.0 9 0 0 0 28 4 2 0.0691959652713 2 0 
109 37 2.0 8 0 0 0 1 10 1 0.415123275581 0 1 
109 37 2.0 11 9 3 0 37 25 2 5.32490265363e-25 3 3 
109 37 2.0 10 0 0 0 20 1 2 1.54686148278e-65 1 0 
109 37 2.0 13 5 2 0 35 24 2 1.13948013966e-68 2 3 
109 37 2.0 12 0 0 0 36 9 2 0.277408904246 3 0 
109 37 2.0 15 9 3 0 40 24 2 2.1624018528e-28 4 2 
109 37 2.0 14 1 2 0 46 32 2 0.658014267259 6 0 
109 38 0.0 17 7 4 0 41 21 2 3.09501149381e-17 5 1 
109 38 0.0 16 4 0 0 7 5 3 3.42576366196e-79 1 1 
109 38 0.0 19 2 0 0 24 25 2 0.70397572894 5 0 
109 38 0.0 18 6 0 0 10 4 3 1.19644016817e-77 2 0 
109 38 0.0 20 6 0 0 4 4 3 1.14377575899e-77 2 0 
109 38 0.0 21 0 0 0 20 1 2 5.84773274819e-54 1 0 
109 38 0.0 22 0 0 0 20 1 2 3.10070168163e-53 1 0 
109 38 0.0 1 4 0 0 16 30 1 0.284593977813 0 4 
109 38 0.0 3 2 1 0 7 22 1 0.274088195519 0 3 
109 38 0.0 2 5 4 0 92 48 1 0.0719443640505 0 10 
109 38 0.0 5 0 0 0 1 12 1 0.675172371801 0 1 
109 38 0.0 4 4 2 0 21 36 1 0.274088195519 0 5 
109 38 0.0 7 0 0 0 1 10 1 0.486737808184 0 1 
109 38 0.0 6 2 0 0 9 30 1 0.16191017987 0 3 
109 38 0.0 9 0 0 0 28 4 2 0.0696150252796 2 0 
109 38 0.0 8 0 0 0 1 10 1 0.486737808184 0 1 
109 38 0.0 11 9 3 0 37 25 2 1.01848351454e-15 3 3 
109 38 0.0 10 0 0 0 20 1 2 4.92092395341e-53 1 0 
109 38 0.0 13 5 2 0 35 24 2 5.6927558559e-49 2 3 
109 38 0.0 12 0 0 0 36 9 2 0.240241510162 3 0 
109 38 0.0 15 9 3 0 40 24 2 4.85766323869e-19 4 2 
109 38 0.0 14 1 2 0 46 32 2 0.457203306645 6 0 
109 38 2.0 17 7 4 0 41 21 2 1.1516678448e-14 5 1 
109 38 2.0 16 4 0 0 7 5 3 6.87348863315e-58 1 1 
109 38 2.0 19 2 0 0 24 25 2 1.04106210608 5 0 
109 38 2.0 18 6 0 0 10 4 3 4.91129754022e-55 2 0 
109 38 2.0 20 6 0 0 4 4 3 1.39829437116e-54 2 0 
109 38 2.0 21 0 0 0 20 1 2 1.64393254987e-65 1 0 
109 38 2.0 22 0 0 0 20 1 2 2.05484779472e-65 1 0 
109 38 2.0 1 4 0 0 16 30 1 0.229596111538 0 4 
109 38 2.0 3 2 1 0 7 22 1 0.205730407321 0 3 
109 38 2.0 2 5 4 0 92 48 1 8.88655522894e-08 0 10 
109 38 2.0 5 0 0 0 1 12 1 0.620763908161 0 1 
109 38 2.0 4 4 2 0 21 36 1 0.205730407321 0 5 
109 38 2.0 7 0 0 0 1 10 1 0.415123315948 0 1 
109 38 2.0 6 2 0 0 9 30 1 0.0358873256327 0 3 
109 38 2.0 9 0 0 0 28 4 2 0.0691960113862 2 0 
109 38 2.0 8 0 0 0 1 10 1 0.415123315948 0 1 
109 38 2.0 11 9 3 0 37 25 2 3.55903453468e-24 3 3 
109 38 2.0 10 0 0 0 20 1 2 7.42111477079e-66 1 0 
109 38 2.0 13 5 2 0 35 24 2 4.89583544456e-67 2 3 
109 38 2.0 12 0 0 0 36 9 2 0.277408958336 3 0 
109 38 2.0 15 9 3 0 40 24 2 1.4558888862e-28 4 2 
109 38 2.0 14 1 2 0 46 32 2 0.658014196219 6 0 
109 39 0.0 17 7 4 0 41 21 2 1.02209930163e-16 5 1 
109 39 0.0 16 4 0 0 7 5 3 3.44374739266e-78 1 1 
109 39 0.0 19 2 0 0 24 25 2 0.703975729209 5 0 
109 39 0.0 18 6 0 0 10 4 3 1.74270476253e-77 2 0 
109 39 0.0 20 6 0 0 4 4 3 7.81642102592e-78 2 0 
109 39 0.0 21 0 0 0 20 1 2 2.37602660126e-54 1 0 
109 39 0.0 22 0 0 0 20 1 2 1.2121709442e-54 1 0 
109 39 0.0 1 4 0 0 16 30 1 0.284593978478 0 4 
109 39 0.0 3 2 1 0 7 22 1 0.274088195789 0 3 
109 39 0.0 2 5 4 0 92 48 1 0.0719443635286 0 10 
109 39 0.0 5 0 0 0 1 12 1 0.675172371935 0 1 
109 39 0.0 4 4 2 0 21 36 1 0.274088195789 0 5 
109 39 0.0 7 0 0 0 1 10 1 0.486737807989 0 1 
109 39 0.0 6 2 0 0 9 30 1 0.16191017966 0 3 
109 39 0.0 9 0 0 0 28 4 2 0.069615025144 2 0 
109 39 0.0 8 0 0 0 1 10 1 0.486737807989 0 1 
109 39 0.0 11 9 3 0 37 25 2 1.12089683838e-17 3 3 
109 39 0.0 10 0 0 0 20 1 2 1.01683762922e-54 1 0 
109 39 0.0 13 5 2 0 35 24 2 1.98881516609e-48 2 3 
109 39 0.0 12 0 0 0 36 9 2 0.24024151018 3 0 
109 39 0.0 15 9 3 0 40 24 2 2.42010798107e-18 4 2 
109 39 0.0 14 1 2 0 46 32 2 0.457203306461 6 0 
109 39 2.0 17 7 4 0 41 21 2 1.11928584036e-13 5 1 
109 39 2.0 16 4 0 0 7 5 3 5.56822936056e-57 1 1 
109 39 2.0 19 2 0 0 24 25 2 1.04103829793 5 0 
109 39 2.0 18 6 0 0 10 4 3 9.67413847838e-55 2 0 
109 39 2.0 20 6 0 0 4 4 3 1.03416529643e-54 2 0 
109 39 2.0 21 0 0 0 20 1 2 1.29486147418e-65 1 0 
109 39 2.0 22 0 0 0 20 1 2 2.67967774814e-66 1 0 
109 39 2.0 1 4 0 0 16 30 1 0.229567345305 0 4 
109 39 2.0 3 2 1 0 7 22 1 0.205715751764 0 3 
109 39 2.0 2 5 4 0 92 48 1 3.37756140976e-05 0 10 
109 39 2.0 5 0 0 0 1 12 1 0.620761569002 0 1 
109 39 2.0 4 4 2 0 21 36 1 0.205715751763 0 5 
109 39 2.0 7 0 0 0 1 10 1 0.415129482231 0 1 
109 39 2.0 6 2 0 0 9 30 1 0.0358901324485 0 3 
109 39 2.0 9 0 0 0 28 4 2 0.069211165024 2 0 
109 39 2.0 8 0 0 0 1 10 1 0.415129482231 0 1 
109 39 2.0 11 9 3 0 37 25 2 6.54604328199e-24 3 3 
109 39 2.0 10 0 0 0 20 1 2 9.52920639673e-66 1 0 
109 39 2.0 13 5 2 0 35 24 2 1.78357121867e-67 2 3 
109 39 2.0 12 0 0 0 36 9 2 0.2774207278 3 0 
109 39 2.0 15 9 3 0 40 24 2 2.13906593779e-27 4 2 
109 39 2.0 14 1 2 0 46 32 2 0.658021183255 6 0 
109 40 0.0 17 7 4 0 41 21 2 6.50151603147e-17 5 1 
109 40 0.0 16 4 0 0 7 5 3 5.66675531977e-79 1 1 
109 40 0.0 19 2 0 0 24 25 2 0.703975729342 5 0 
109 40 0.0 18 6 0 0 10 4 3 1.07044185506e-77 2 0 
109 40 0.0 20 6 0 0 4 4 3 1.91688234563e-77 2 0 
109 40 0.0 21 0 0 0 20 1 2 7.35786736617e-55 1 0 
109 40 0.0 22 0 0 0 20 1 2 8.06698660485e-55 1 0 
109 40 0.0 1 4 0 0 16 30 1 0.284593978796 0 4 
109 40 0.0 3 2 1 0 7 22 1 0.274088195922 0 3 
109 40 0.0 2 5 4 0 92 48 1 0.071944363298 0 10 
109 40 0.0 5 0 0 0 1 12 1 0.675172372003 0 1 
109 40 0.0 4 4 2 0 21 36 1 0.274088195922 0 5 
109 40 0.0 7 0 0 0 1 10 1 0.4867378079 0 1 
109 40 0.0 6 2 0 0 9 30 1 0.16191017957 0 3 
109 40 0.0 9 0 0 0 28 4 2 0.0696150250728 2 0 
109 40 0.0 8 0 0 0 1 10 1 0.4867378079 0 1 
109 40 0.0 11 9 3 0 37 25 2 3.175080883e-17 3 3 
109 40 0.0 10 0 0 0 20 1 2 7.22154906429e-55 1 0 
109 40 0.0 13 5 2 0 35 24 2 8.15116364797e-50 2 3 
109 40 0.0 12 0 0 0 36 9 2 0.240241510165 3 0 
109 40 0.0 15 9 3 0 40 24 2 9.73578772311e-20 4 2 
109 40 0.0 14 1 2 0 46 32 2 0.457203306363 6 0 
109 40 2.0 17 7 4 0 41 21 2 1.10019125096e-14 5 1 
109 40 2.0 16 4 0 0 7 5 3 1.36775954815e-58 1 1 
109 40 2.0 19 2 0 0 24 25 2 1.04106214902 5 0 
109 40 2.0 18 6 0 0 10 4 3 1.38102119859e-54 2 0 
109 40 2.0 20 6 0 0 4 4 3 1.60766756664e-54 2 0 
109 40 2.0 21 0 0 0 20 1 2 1.16385573867e-65 1 0 
109 40 2.0 22 0 0 0 20 1 2 1.39797022996e-65 1 0 
109 40 2.0 1 4 0 0 16 30 1 0.229596092376 0 4 
109 40 2.0 3 2 1 0 7 22 1 0.205730395434 0 3 
109 40 2.0 2 5 4 0 92 48 1 1.12167208845e-07 0 10 
109 40 2.0 5 0 0 0 1 12 1 0.620763879194 0 1 
109 40 2.0 4 4 2 0 21 36 1 0.205730395434 0 5 
109 40 2.0 7 0 0 0 1 10 1 0.415123300483 0 1 
109 40 2.0 6 2 0 0 9 30 1 0.0358873921248 0 3 
109 40 2.0 9 0 0 0 28 4 2 0.069196015029 2 0 
109 40 2.0 8 0 0 0 1 10 1 0.415123300483 0 1 
109 40 2.0 11 9 3 0 37 25 2 8.40248608402e-25 3 3 
109 40 2.0 10 0 0 0 20 1 2 1.77472074605e-65 1 0 
109 40 2.0 13 5 2 0 35 24 2 2.63236729485e-67 2 3 
109 40 2.0 12 0 0 0 36 9 2 0.277408946845 3 0 
109 40 2.0 15 9 3 0 40 24 2 5.08899337691e-28 4 2 
109 40 2.0 14 1 2 0 46 32 2 0.658014270278 6 0 
