129 1 0.0 6 2 0 0 9 7 2 1.05328775912e-69 1 1 
129 1 0.0 9 2 0 0 9 9 2 0.0356362880298 1 1 
129 1 0.0 1 1 0 0 1 6 1 0.607105447254 0 1 
129 1 0.0 11 2 0 0 9 9 2 0.0357691481309 1 1 
129 1 0.0 3 2 0 0 4 12 1 0.402712637937 0 2 
129 1 0.0 10 2 0 0 9 7 2 0.0358946301935 1 1 
129 1 0.0 8 4 1 0 15 21 2 4.12936271637e-35 1 3 
129 1 0.0 2 3 0 0 16 14 1 0.00998376022715 0 4 
129 1 0.0 13 6 1 0 13 22 2 1.12169466149e-18 4 1 
129 1 0.0 5 0 0 0 8 1 2 2.08741972052e-70 1 0 
129 1 0.0 12 5 0 0 17 15 2 0.234185374036 3 1 
129 1 0.0 4 6 0 0 16 8 1 0.348321294528 0 4 
129 1 0.0 15 9 1 0 10 14 3 6.56605646907e-45 4 0 
129 1 0.0 7 2 0 0 13 12 2 0.238094318182 2 1 
129 1 0.0 14 8 0 0 7 17 3 3.68120510763e-31 3 1 
129 1 2.0 6 2 0 0 9 7 2 1.42507824802e-76 1 1 
129 1 2.0 9 2 0 0 9 9 2 0.151120173684 1 1 
129 1 2.0 1 1 0 0 1 6 1 0.527224986143 0 1 
129 1 2.0 11 2 0 0 9 9 2 0.151141418638 1 1 
129 1 2.0 3 2 0 0 4 12 1 0.330472162709 0 2 
129 1 2.0 10 2 0 0 9 7 2 1.7758880727e-08 1 1 
129 1 2.0 8 4 1 0 15 21 2 2.0146769673e-58 1 3 
129 1 2.0 2 3 0 0 16 14 1 5.69681494473e-17 0 4 
129 1 2.0 13 6 1 0 13 22 2 2.95678334897e-08 4 1 
129 1 2.0 5 0 0 0 8 1 2 1.7889939607e-65 1 0 
129 1 2.0 12 5 0 0 17 15 2 0.345608961809 3 1 
129 1 2.0 4 6 0 0 16 8 1 0.167462377646 0 4 
129 1 2.0 15 9 1 0 10 14 3 0.0726369897276 4 0 
129 1 2.0 7 2 0 0 13 12 2 0.31669396488 2 1 
129 1 2.0 14 8 0 0 7 17 3 0.071188234191 3 1 
129 2 0.0 6 2 0 0 9 7 2 1.4972917611e-76 1 1 
129 2 0.0 9 2 0 0 9 9 2 0.0459296234758 1 1 
129 2 0.0 1 1 0 0 1 6 1 0.608224892642 0 1 
129 2 0.0 11 2 0 0 9 9 2 0.0457398165089 1 1 
129 2 0.0 3 2 0 0 4 12 1 0.403992674135 0 2 
129 2 0.0 10 2 0 0 9 7 2 0.0459215912792 1 1 
129 2 0.0 8 4 1 0 15 21 2 2.72740310466e-34 1 3 
129 2 0.0 2 3 0 0 16 14 1 0.00854163705577 0 4 
129 2 0.0 13 6 1 0 13 22 2 1.52919510498e-17 4 1 
129 2 0.0 5 0 0 0 8 1 2 1.4538917145e-75 1 0 
129 2 0.0 12 5 0 0 17 15 2 0.233400392372 3 1 
129 2 0.0 4 6 0 0 16 8 1 0.0688851992367 0 4 
129 2 0.0 15 9 1 0 10 14 3 3.61103435058e-45 4 0 
129 2 0.0 7 2 0 0 13 12 2 0.237503703743 2 1 
129 2 0.0 14 8 0 0 7 17 3 2.46086637591e-31 3 1 
129 2 2.0 6 2 0 0 9 7 2 1.75693617152e-76 1 1 
129 2 2.0 9 2 0 0 9 9 2 0.0681813034322 1 1 
129 2 2.0 1 1 0 0 1 6 1 0.527224976116 0 1 
129 2 2.0 11 2 0 0 9 9 2 0.0681895490395 1 1 
129 2 2.0 3 2 0 0 4 12 1 0.330472151051 0 2 
129 2 2.0 10 2 0 0 9 7 2 1.69021930389e-08 1 1 
129 2 2.0 8 4 1 0 15 21 2 1.14706159867e-59 1 3 
129 2 2.0 2 3 0 0 16 14 1 8.86347719069e-17 0 4 
129 2 2.0 13 6 1 0 13 22 2 4.42849452652e-08 4 1 
129 2 2.0 5 0 0 0 8 1 2 1.7843945917e-65 1 0 
129 2 2.0 12 5 0 0 17 15 2 0.345608963064 3 1 
129 2 2.0 4 6 0 0 16 8 1 0.0459545138273 0 4 
129 2 2.0 15 9 1 0 10 14 3 0.0726370213736 4 0 
129 2 2.0 7 2 0 0 13 12 2 0.316693956057 2 1 
129 2 2.0 14 8 0 0 7 17 3 0.0711882301581 3 1 
129 3 0.0 6 2 0 0 9 7 2 2.98857356036e-75 1 1 
129 3 0.0 9 2 0 0 9 9 2 0.0876878603649 1 1 
129 3 0.0 1 1 0 0 1 6 1 0.607832317267 0 1 
129 3 0.0 11 2 0 0 9 9 2 0.0878520767637 1 1 
129 3 0.0 3 2 0 0 4 12 1 0.40354240335 0 2 
129 3 0.0 10 2 0 0 9 7 2 0.0880734619899 1 1 
129 3 0.0 8 4 1 0 15 21 2 2.65720524772e-35 1 3 
129 3 0.0 2 3 0 0 16 14 1 0.00905060144836 0 4 
129 3 0.0 13 6 1 0 13 22 2 6.37477410755e-18 4 1 
129 3 0.0 5 0 0 0 8 1 2 1.8695948746e-75 1 0 
129 3 0.0 12 5 0 0 17 15 2 0.233677085584 3 1 
129 3 0.0 4 6 0 0 16 8 1 0.202858405286 0 4 
129 3 0.0 15 9 1 0 10 14 3 3.10683668648e-45 4 0 
129 3 0.0 7 2 0 0 13 12 2 0.237712997288 2 1 
129 3 0.0 14 8 0 0 7 17 3 4.03889989367e-31 3 1 
129 3 2.0 6 2 0 0 9 7 2 6.24982268156e-77 1 1 
129 3 2.0 9 2 0 0 9 9 2 0.150013300236 1 1 
129 3 2.0 1 1 0 0 1 6 1 0.527224964417 0 1 
129 3 2.0 11 2 0 0 9 9 2 0.149974389505 1 1 
129 3 2.0 3 2 0 0 4 12 1 0.330472180375 0 2 
129 3 2.0 10 2 0 0 9 7 2 4.50147332224e-08 1 1 
129 3 2.0 8 4 1 0 15 21 2 1.13941492332e-57 1 3 
129 3 2.0 2 3 0 0 16 14 1 7.95719138866e-16 0 4 
129 3 2.0 13 6 1 0 13 22 2 6.45994530718e-08 4 1 
129 3 2.0 5 0 0 0 8 1 2 2.77100660633e-65 1 0 
129 3 2.0 12 5 0 0 17 15 2 0.345608977635 3 1 
129 3 2.0 4 6 0 0 16 8 1 0.0881665425886 0 4 
129 3 2.0 15 9 1 0 10 14 3 0.0726370249973 4 0 
129 3 2.0 7 2 0 0 13 12 2 0.316693955092 2 1 
129 3 2.0 14 8 0 0 7 17 3 0.071188220265 3 1 
129 4 0.0 6 2 0 0 9 7 2 7.85325839968e-76 1 1 
129 4 0.0 9 2 0 0 9 9 2 0.0315993108309 1 1 
129 4 0.0 1 1 0 0 1 6 1 0.607789787709 0 1 
129 4 0.0 11 2 0 0 9 9 2 0.0318133675584 1 1 
129 4 0.0 3 2 0 0 4 12 1 0.403493712943 0 2 
129 4 0.0 10 2 0 0 9 7 2 0.0317658925785 1 1 
129 4 0.0 8 4 1 0 15 21 2 7.93570359011e-36 1 3 
129 4 0.0 2 3 0 0 16 14 1 0.00910552821681 0 4 
129 4 0.0 13 6 1 0 13 22 2 1.71106970954e-17 4 1 
129 4 0.0 5 0 0 0 8 1 2 5.31948824077e-75 1 0 
129 4 0.0 12 5 0 0 17 15 2 0.233706969462 3 1 
129 4 0.0 4 6 0 0 16 8 1 0.0759243362259 0 4 
129 4 0.0 15 9 1 0 10 14 3 1.54380969277e-45 4 0 
129 4 0.0 7 2 0 0 13 12 2 0.237735529374 2 1 
129 4 0.0 14 8 0 0 7 17 3 3.62566300921e-31 3 1 
129 4 2.0 6 2 0 0 9 7 2 1.26105963392e-76 1 1 
129 4 2.0 9 2 0 0 9 9 2 0.0497451196883 1 1 
129 4 2.0 1 1 0 0 1 6 1 0.527224936472 0 1 
129 4 2.0 11 2 0 0 9 9 2 0.0497447182025 1 1 
129 4 2.0 3 2 0 0 4 12 1 0.330472193278 0 2 
129 4 2.0 10 2 0 0 9 7 2 7.06941784433e-09 1 1 
129 4 2.0 8 4 1 0 15 21 2 1.22854181405e-58 1 3 
129 4 2.0 2 3 0 0 16 14 1 3.65798412872e-16 0 4 
129 4 2.0 13 6 1 0 13 22 2 1.79133590851e-07 4 1 
129 4 2.0 5 0 0 0 8 1 2 1.66518122485e-65 1 0 
129 4 2.0 12 5 0 0 17 15 2 0.345608997948 3 1 
129 4 2.0 4 6 0 0 16 8 1 0.200939897449 0 4 
129 4 2.0 15 9 1 0 10 14 3 0.0726370302436 4 0 
129 4 2.0 7 2 0 0 13 12 2 0.316693734536 2 1 
129 4 2.0 14 8 0 0 7 17 3 0.0711881811265 3 1 
129 5 0.0 6 2 0 0 9 7 2 1.45442860091e-77 1 1 
129 5 0.0 9 2 0 0 9 9 2 0.0221142816357 1 1 
129 5 0.0 1 1 0 0 1 6 1 0.610525327353 0 1 
129 5 0.0 11 2 0 0 9 9 2 0.0221712832635 1 1 
129 5 0.0 3 2 0 0 4 12 1 0.406661337823 0 2 
129 5 0.0 10 2 0 0 9 7 2 0.0221796862597 1 1 
129 5 0.0 8 4 1 0 15 21 2 1.69346770897e-33 1 3 
129 5 0.0 2 3 0 0 16 14 1 0.00548522540861 0 4 
129 5 0.0 13 6 1 0 13 22 2 4.31396169814e-17 4 1 
129 5 0.0 5 0 0 0 8 1 2 6.65938057925e-77 1 0 
129 5 0.0 12 5 0 0 17 15 2 0.23174815017 3 1 
129 5 0.0 4 6 0 0 16 8 1 0.247613822624 0 4 
129 5 0.0 15 9 1 0 10 14 3 1.80772406631e-45 4 0 
129 5 0.0 7 2 0 0 13 12 2 0.236228854052 2 1 
129 5 0.0 14 8 0 0 7 17 3 1.16597261234e-31 3 1 
129 5 2.0 6 2 0 0 9 7 2 7.40799096424e-77 1 1 
129 5 2.0 9 2 0 0 9 9 2 0.0485423454852 1 1 
129 5 2.0 1 1 0 0 1 6 1 0.527224945501 0 1 
129 5 2.0 11 2 0 0 9 9 2 0.0485384019964 1 1 
129 5 2.0 3 2 0 0 4 12 1 0.330472083499 0 2 
129 5 2.0 10 2 0 0 9 7 2 7.19029875068e-09 1 1 
129 5 2.0 8 4 1 0 15 21 2 8.36856518632e-59 1 3 
129 5 2.0 2 3 0 0 16 14 1 1.28581211282e-15 0 4 
129 5 2.0 13 6 1 0 13 22 2 1.91013894886e-07 4 1 
129 5 2.0 5 0 0 0 8 1 2 2.13580156713e-65 1 0 
129 5 2.0 12 5 0 0 17 15 2 0.345608982589 3 1 
129 5 2.0 4 6 0 0 16 8 1 0.0581526167042 0 4 
129 5 2.0 15 9 1 0 10 14 3 0.0726370448874 4 0 
129 5 2.0 7 2 0 0 13 12 2 0.316693825336 2 1 
129 5 2.0 14 8 0 0 7 17 3 0.0711881971079 3 1 
129 6 0.0 6 2 0 0 9 7 2 4.19987699866e-69 1 1 
129 6 0.0 9 2 0 0 9 9 2 0.086844426808 1 1 
129 6 0.0 1 1 0 0 1 6 1 0.607101622732 0 1 
129 6 0.0 11 2 0 0 9 9 2 0.0877799804488 1 1 
129 6 0.0 3 2 0 0 4 12 1 0.402708285464 0 2 
129 6 0.0 10 2 0 0 9 7 2 0.0879907703228 1 1 
129 6 0.0 8 4 1 0 15 21 2 1.08262137977e-34 1 3 
129 6 0.0 2 3 0 0 16 14 1 0.00998863910356 0 4 
129 6 0.0 13 6 1 0 13 22 2 5.59421740515e-19 4 1 
129 6 0.0 5 0 0 0 8 1 2 2.3360359984e-69 1 0 
129 6 0.0 12 5 0 0 17 15 2 0.234188034698 3 1 
129 6 0.0 4 6 0 0 16 8 1 0.157473135229 0 4 
129 6 0.0 15 9 1 0 10 14 3 6.21116280492e-45 4 0 
129 6 0.0 7 2 0 0 13 12 2 0.238096303475 2 1 
129 6 0.0 14 8 0 0 7 17 3 6.32779819557e-31 3 1 
129 6 2.0 6 2 0 0 9 7 2 3.27578935421e-76 1 1 
129 6 2.0 9 2 0 0 9 9 2 0.111314323789 1 1 
129 6 2.0 1 1 0 0 1 6 1 0.52722497775 0 1 
129 6 2.0 11 2 0 0 9 9 2 0.111181076398 1 1 
129 6 2.0 3 2 0 0 4 12 1 0.330472163131 0 2 
129 6 2.0 10 2 0 0 9 7 2 3.40702150235e-08 1 1 
129 6 2.0 8 4 1 0 15 21 2 2.87842315246e-58 1 3 
129 6 2.0 2 3 0 0 16 14 1 2.89477694788e-15 0 4 
129 6 2.0 13 6 1 0 13 22 2 3.4857642023e-08 4 1 
129 6 2.0 5 0 0 0 8 1 2 7.82346443576e-66 1 0 
129 6 2.0 12 5 0 0 17 15 2 0.345608964475 3 1 
129 6 2.0 4 6 0 0 16 8 1 0.0519988374302 0 4 
129 6 2.0 15 9 1 0 10 14 3 0.0726370178946 4 0 
129 6 2.0 7 2 0 0 13 12 2 0.316693968493 2 1 
129 6 2.0 14 8 0 0 7 17 3 0.0711882348206 3 1 
129 7 0.0 6 2 0 0 9 7 2 6.23186761308e-71 1 1 
129 7 0.0 9 2 0 0 9 9 2 0.0221350194571 1 1 
129 7 0.0 1 1 0 0 1 6 1 0.607113562058 0 1 
129 7 0.0 11 2 0 0 9 9 2 0.0221361829737 1 1 
129 7 0.0 3 2 0 0 4 12 1 0.402721873404 0 2 
129 7 0.0 10 2 0 0 9 7 2 0.0222601417796 1 1 
129 7 0.0 8 4 1 0 15 21 2 1.23259027509e-35 1 3 
129 7 0.0 2 3 0 0 16 14 1 0.0099734072477 0 4 
129 7 0.0 13 6 1 0 13 22 2 1.22360816992e-18 4 1 
129 7 0.0 5 0 0 0 8 1 2 3.40846143397e-70 1 0 
129 7 0.0 12 5 0 0 17 15 2 0.234179728214 3 1 
129 7 0.0 4 6 0 0 16 8 1 0.109446637607 0 4 
129 7 0.0 15 9 1 0 10 14 3 9.20808195536e-45 4 0 
129 7 0.0 7 2 0 0 13 12 2 0.238090105096 2 1 
129 7 0.0 14 8 0 0 7 17 3 3.60111426779e-30 3 1 
129 7 2.0 6 2 0 0 9 7 2 4.43334622349e-76 1 1 
129 7 2.0 9 2 0 0 9 9 2 0.045068527394 1 1 
129 7 2.0 1 1 0 0 1 6 1 0.527224978743 0 1 
129 7 2.0 11 2 0 0 9 9 2 0.0450573314724 1 1 
129 7 2.0 3 2 0 0 4 12 1 0.330472114889 0 2 
129 7 2.0 10 2 0 0 9 7 2 2.78536718925e-09 1 1 
129 7 2.0 8 4 1 0 15 21 2 9.43341482123e-57 1 3 
129 7 2.0 2 3 0 0 16 14 1 2.9348991511e-15 0 4 
129 7 2.0 13 6 1 0 13 22 2 8.60242243724e-08 4 1 
129 7 2.0 5 0 0 0 8 1 2 2.33296083141e-65 1 0 
129 7 2.0 12 5 0 0 17 15 2 0.345608963031 3 1 
129 7 2.0 4 6 0 0 16 8 1 0.0644864582038 0 4 
129 7 2.0 15 9 1 0 10 14 3 0.072637002784 4 0 
129 7 2.0 7 2 0 0 13 12 2 0.316693906161 2 1 
129 7 2.0 14 8 0 0 7 17 3 0.0711882261725 3 1 
129 8 0.0 6 2 0 0 9 7 2 1.29842415969e-77 1 1 
129 8 0.0 9 2 0 0 9 9 2 0.0194956643396 1 1 
129 8 0.0 1 1 0 0 1 6 1 0.610962447255 0 1 
129 8 0.0 11 2 0 0 9 9 2 0.0197941072571 1 1 
129 8 0.0 3 2 0 0 4 12 1 0.407174264579 0 2 
129 8 0.0 10 2 0 0 9 7 2 0.0197536743135 1 1 
129 8 0.0 8 4 1 0 15 21 2 3.03351980102e-35 1 3 
129 8 0.0 2 3 0 0 16 14 1 0.00488950250729 0 4 
129 8 0.0 13 6 1 0 13 22 2 3.34920171056e-17 4 1 
129 8 0.0 5 0 0 0 8 1 2 4.23860156218e-77 1 0 
129 8 0.0 12 5 0 0 17 15 2 0.231428202944 3 1 
129 8 0.0 4 6 0 0 16 8 1 0.156598333741 0 4 
129 8 0.0 15 9 1 0 10 14 3 9.86497351834e-46 4 0 
129 8 0.0 7 2 0 0 13 12 2 0.23597705643 2 1 
129 8 0.0 14 8 0 0 7 17 3 5.35852463016e-31 3 1 
129 8 2.0 6 2 0 0 9 7 2 1.39508563782e-76 1 1 
129 8 2.0 9 2 0 0 9 9 2 0.153312449296 1 1 
129 8 2.0 1 1 0 0 1 6 1 0.527224940525 0 1 
129 8 2.0 11 2 0 0 9 9 2 0.15315762003 1 1 
129 8 2.0 3 2 0 0 4 12 1 0.330472210058 0 2 
129 8 2.0 10 2 0 0 9 7 2 3.62419098988e-08 1 1 
129 8 2.0 8 4 1 0 15 21 2 8.03467607724e-58 1 3 
129 8 2.0 2 3 0 0 16 14 1 3.3711160663e-17 0 4 
129 8 2.0 13 6 1 0 13 22 2 1.366065408e-07 4 1 
129 8 2.0 5 0 0 0 8 1 2 1.45337596662e-65 1 0 
129 8 2.0 12 5 0 0 17 15 2 0.345608994514 3 1 
129 8 2.0 4 6 0 0 16 8 1 0.144048850047 0 4 
129 8 2.0 15 9 1 0 10 14 3 0.0726370250211 4 0 
129 8 2.0 7 2 0 0 13 12 2 0.316693903843 2 1 
129 8 2.0 14 8 0 0 7 17 3 0.0711881964389 3 1 
129 9 0.0 6 2 0 0 9 7 2 2.9807446829e-72 1 1 
129 9 0.0 9 2 0 0 9 9 2 0.0401241870389 1 1 
129 9 0.0 1 1 0 0 1 6 1 0.607144421285 0 1 
129 9 0.0 11 2 0 0 9 9 2 0.0401611883872 1 1 
129 9 0.0 3 2 0 0 4 12 1 0.402757000094 0 2 
129 9 0.0 10 2 0 0 9 7 2 0.0398345960822 1 1 
129 9 0.0 8 4 1 0 15 21 2 2.98806060069e-35 1 3 
129 9 0.0 2 3 0 0 16 14 1 0.00993402339895 0 4 
129 9 0.0 13 6 1 0 13 22 2 2.56796114738e-17 4 1 
129 9 0.0 5 0 0 0 8 1 2 5.03327458788e-72 1 0 
129 9 0.0 12 5 0 0 17 15 2 0.234158252193 3 1 
129 9 0.0 4 6 0 0 16 8 1 0.069514806513 0 4 
129 9 0.0 15 9 1 0 10 14 3 2.57999663109e-45 4 0 
129 9 0.0 7 2 0 0 13 12 2 0.238074074424 2 1 
129 9 0.0 14 8 0 0 7 17 3 8.38422141297e-32 3 1 
129 9 2.0 6 2 0 0 9 7 2 8.92757618266e-77 1 1 
129 9 2.0 9 2 0 0 9 9 2 0.125300762675 1 1 
129 9 2.0 1 1 0 0 1 6 1 0.527224982892 0 1 
129 9 2.0 11 2 0 0 9 9 2 0.125357318421 1 1 
129 9 2.0 3 2 0 0 4 12 1 0.330472166532 0 2 
129 9 2.0 10 2 0 0 9 7 2 1.25467567153e-08 1 1 
129 9 2.0 8 4 1 0 15 21 2 1.25812476669e-58 1 3 
129 9 2.0 2 3 0 0 16 14 1 3.10136684586e-15 0 4 
129 9 2.0 13 6 1 0 13 22 2 3.2648674989e-08 4 1 
129 9 2.0 5 0 0 0 8 1 2 1.49078663649e-65 1 0 
129 9 2.0 12 5 0 0 17 15 2 0.34560896414 3 1 
129 9 2.0 4 6 0 0 16 8 1 0.217769700507 0 4 
129 9 2.0 15 9 1 0 10 14 3 0.0726369903199 4 0 
129 9 2.0 7 2 0 0 13 12 2 0.316693955546 2 1 
129 9 2.0 14 8 0 0 7 17 3 0.0711882300151 3 1 
129 10 0.0 6 2 0 0 9 7 2 2.06026998501e-75 1 1 
129 10 0.0 9 2 0 0 9 9 2 0.0841975147339 1 1 
129 10 0.0 1 1 0 0 1 6 1 0.607379788815 0 1 
129 10 0.0 11 2 0 0 9 9 2 0.0845168521994 1 1 
129 10 0.0 3 2 0 0 4 12 1 0.403025217202 0 2 
129 10 0.0 10 2 0 0 9 7 2 0.0844729883955 1 1 
129 10 0.0 8 4 1 0 15 21 2 8.52000334662e-34 1 3 
129 10 0.0 2 3 0 0 16 14 1 0.00963294554577 0 4 
129 10 0.0 13 6 1 0 13 22 2 1.04704488802e-17 4 1 
129 10 0.0 5 0 0 0 8 1 2 6.75444659446e-74 1 0 
129 10 0.0 12 5 0 0 17 15 2 0.233994143407 3 1 
129 10 0.0 4 6 0 0 16 8 1 0.131743951447 0 4 
129 10 0.0 15 9 1 0 10 14 3 2.108142125e-45 4 0 
129 10 0.0 7 2 0 0 13 12 2 0.237951335323 2 1 
129 10 0.0 14 8 0 0 7 17 3 1.44356555684e-31 3 1 
129 10 2.0 6 2 0 0 9 7 2 3.21764143797e-76 1 1 
129 10 2.0 9 2 0 0 9 9 2 0.0551574483107 1 1 
129 10 2.0 1 1 0 0 1 6 1 0.527224949183 0 1 
129 10 2.0 11 2 0 0 9 9 2 0.055172627499 1 1 
129 10 2.0 3 2 0 0 4 12 1 0.330472191213 0 2 
129 10 2.0 10 2 0 0 9 7 2 7.20746179869e-09 1 1 
129 10 2.0 8 4 1 0 15 21 2 1.36596409431e-59 1 3 
129 10 2.0 2 3 0 0 16 14 1 7.1124132138e-17 0 4 
129 10 2.0 13 6 1 0 13 22 2 1.34156531466e-07 4 1 
129 10 2.0 5 0 0 0 8 1 2 1.39540061207e-65 1 0 
129 10 2.0 12 5 0 0 17 15 2 0.345608988718 3 1 
129 10 2.0 4 6 0 0 16 8 1 0.214740594857 0 4 
129 10 2.0 15 9 1 0 10 14 3 0.072637017975 4 0 
129 10 2.0 7 2 0 0 13 12 2 0.316693800815 2 1 
129 10 2.0 14 8 0 0 7 17 3 0.0711881944141 3 1 
129 11 0.0 6 2 0 0 9 7 2 4.0288944675e-78 1 1 
129 11 0.0 9 2 0 0 9 9 2 0.0876562627349 1 1 
129 11 0.0 1 1 0 0 1 6 1 0.613844071714 0 1 
129 11 0.0 11 2 0 0 9 9 2 0.0881402663478 1 1 
129 11 0.0 3 2 0 0 4 12 1 0.410602039447 0 2 
129 11 0.0 10 2 0 0 9 7 2 0.0868528544765 1 1 
129 11 0.0 8 4 1 0 15 21 2 2.42718272676e-34 1 3 
129 11 0.0 2 3 0 0 16 14 1 0.000833356474703 0 4 
129 11 0.0 13 6 1 0 13 22 2 3.690839385e-16 4 1 
129 11 0.0 5 0 0 0 8 1 2 1.27099099591e-77 1 0 
129 11 0.0 12 5 0 0 17 15 2 0.229270823695 3 1 
129 11 0.0 4 6 0 0 16 8 1 0.17656486095 0 4 
129 11 0.0 15 9 1 0 10 14 3 1.53328120489e-45 4 0 
129 11 0.0 7 2 0 0 13 12 2 0.234238286817 2 1 
129 11 0.0 14 8 0 0 7 17 3 6.55992540523e-33 3 1 
129 11 2.0 6 2 0 0 9 7 2 2.74403483761e-76 1 1 
129 11 2.0 9 2 0 0 9 9 2 0.152976493996 1 1 
129 11 2.0 1 1 0 0 1 6 1 0.527224914262 0 1 
129 11 2.0 11 2 0 0 9 9 2 0.152981112249 1 1 
129 11 2.0 3 2 0 0 4 12 1 0.330472238507 0 2 
129 11 2.0 10 2 0 0 9 7 2 2.36498529456e-08 1 1 
129 11 2.0 8 4 1 0 15 21 2 6.06929352075e-59 1 3 
129 11 2.0 2 3 0 0 16 14 1 1.3589333907e-17 0 4 
129 11 2.0 13 6 1 0 13 22 2 2.29428593874e-07 4 1 
129 11 2.0 5 0 0 0 8 1 2 2.16953206807e-65 1 0 
129 11 2.0 12 5 0 0 17 15 2 0.345609010834 3 1 
129 11 2.0 4 6 0 0 16 8 1 0.154017454655 0 4 
129 11 2.0 15 9 1 0 10 14 3 0.0726370237394 4 0 
129 11 2.0 7 2 0 0 13 12 2 0.316693848456 2 1 
129 11 2.0 14 8 0 0 7 17 3 0.0711881745798 3 1 
129 12 0.0 6 2 0 0 9 7 2 1.0023392529e-76 1 1 
129 12 0.0 9 2 0 0 9 9 2 0.0223377348735 1 1 
129 12 0.0 1 1 0 0 1 6 1 0.608745696171 0 1 
129 12 0.0 11 2 0 0 9 9 2 0.0223345704041 1 1 
129 12 0.0 3 2 0 0 4 12 1 0.404592326358 0 2 
129 12 0.0 10 2 0 0 9 7 2 0.0222926745513 1 1 
129 12 0.0 8 4 1 0 15 21 2 2.1543318898e-34 1 3 
129 12 0.0 2 3 0 0 16 14 1 0.00786090182985 0 4 
129 12 0.0 13 6 1 0 13 22 2 1.68992908589e-17 4 1 
129 12 0.0 5 0 0 0 8 1 2 2.57490441586e-76 1 0 
129 12 0.0 12 5 0 0 17 15 2 0.233030961227 3 1 
129 12 0.0 4 6 0 0 16 8 1 0.256832524456 0 4 
129 12 0.0 15 9 1 0 10 14 3 1.91304680139e-45 4 0 
129 12 0.0 7 2 0 0 13 12 2 0.237222378367 2 1 
129 12 0.0 14 8 0 0 7 17 3 1.18511677896e-31 3 1 
129 12 2.0 6 2 0 0 9 7 2 9.49164954199e-77 1 1 
129 12 2.0 9 2 0 0 9 9 2 0.051103897192 1 1 
129 12 2.0 1 1 0 0 1 6 1 0.527224979364 0 1 
129 12 2.0 11 2 0 0 9 9 2 0.0510801867985 1 1 
129 12 2.0 3 2 0 0 4 12 1 0.330472142246 0 2 
129 12 2.0 10 2 0 0 9 7 2 1.20976840656e-08 1 1 
129 12 2.0 8 4 1 0 15 21 2 2.23687014361e-57 1 3 
129 12 2.0 2 3 0 0 16 14 1 9.19128090614e-16 0 4 
129 12 2.0 13 6 1 0 13 22 2 5.75449940539e-08 4 1 
129 12 2.0 5 0 0 0 8 1 2 2.69771350441e-65 1 0 
129 12 2.0 12 5 0 0 17 15 2 0.345608960828 3 1 
129 12 2.0 4 6 0 0 16 8 1 0.0550950750054 0 4 
129 12 2.0 15 9 1 0 10 14 3 0.0726370242136 4 0 
129 12 2.0 7 2 0 0 13 12 2 0.316693935486 2 1 
129 12 2.0 14 8 0 0 7 17 3 0.0711882295412 3 1 
129 13 0.0 6 2 0 0 9 7 2 7.82835252407e-72 1 1 
129 13 0.0 9 2 0 0 9 9 2 0.0519029860489 1 1 
129 13 0.0 1 1 0 0 1 6 1 0.607135839843 0 1 
129 13 0.0 11 2 0 0 9 9 2 0.052618411216 1 1 
129 13 0.0 3 2 0 0 4 12 1 0.402747231023 0 2 
129 13 0.0 10 2 0 0 9 7 2 0.0528312034449 1 1 
129 13 0.0 8 4 1 0 15 21 2 3.72563573145e-35 1 3 
129 13 0.0 2 3 0 0 16 14 1 0.00994497750036 0 4 
129 13 0.0 13 6 1 0 13 22 2 7.95648223025e-19 4 1 
129 13 0.0 5 0 0 0 8 1 2 2.75262063534e-72 1 0 
129 13 0.0 12 5 0 0 17 15 2 0.23416422526 3 1 
129 13 0.0 4 6 0 0 16 8 1 0.0716042247542 0 4 
129 13 0.0 15 9 1 0 10 14 3 4.98001006119e-45 4 0 
129 13 0.0 7 2 0 0 13 12 2 0.238078533724 2 1 
129 13 0.0 14 8 0 0 7 17 3 1.2972390579e-29 3 1 
129 13 2.0 6 2 0 0 9 7 2 8.89994808811e-77 1 1 
129 13 2.0 9 2 0 0 9 9 2 0.150019362064 1 1 
129 13 2.0 1 1 0 0 1 6 1 0.527224950294 0 1 
129 13 2.0 11 2 0 0 9 9 2 0.150139297899 1 1 
129 13 2.0 3 2 0 0 4 12 1 0.330472204854 0 2 
129 13 2.0 10 2 0 0 9 7 2 2.20932176231e-08 1 1 
129 13 2.0 8 4 1 0 15 21 2 9.03334528627e-58 1 3 
129 13 2.0 2 3 0 0 16 14 1 9.29579178366e-17 0 4 
129 13 2.0 13 6 1 0 13 22 2 1.17764761659e-07 4 1 
129 13 2.0 5 0 0 0 8 1 2 2.37907956091e-65 1 0 
129 13 2.0 12 5 0 0 17 15 2 0.345608987649 3 1 
129 13 2.0 4 6 0 0 16 8 1 0.167978701989 0 4 
129 13 2.0 15 9 1 0 10 14 3 0.072637012967 4 0 
129 13 2.0 7 2 0 0 13 12 2 0.316693907995 2 1 
129 13 2.0 14 8 0 0 7 17 3 0.0711882032641 3 1 
129 14 0.0 6 2 0 0 9 7 2 4.04225633346e-76 1 1 
129 14 0.0 9 2 0 0 9 9 2 0.0207442724598 1 1 
129 14 0.0 1 1 0 0 1 6 1 0.608476953475 0 1 
129 14 0.0 11 2 0 0 9 9 2 0.0207306197605 1 1 
129 14 0.0 3 2 0 0 4 12 1 0.40428256736 0 2 
129 14 0.0 10 2 0 0 9 7 2 0.020571318464 1 1 
129 14 0.0 8 4 1 0 15 21 2 2.29639928495e-35 1 3 
129 14 0.0 2 3 0 0 16 14 1 0.00821296660438 0 4 
129 14 0.0 13 6 1 0 13 22 2 1.43171908789e-16 4 1 
129 14 0.0 5 0 0 0 8 1 2 8.28011657467e-76 1 0 
129 14 0.0 12 5 0 0 17 15 2 0.233221930123 3 1 
129 14 0.0 4 6 0 0 16 8 1 0.225187885452 0 4 
129 14 0.0 15 9 1 0 10 14 3 3.48748921063e-45 4 0 
129 14 0.0 7 2 0 0 13 12 2 0.237368071794 2 1 
129 14 0.0 14 8 0 0 7 17 3 1.77511092126e-32 3 1 
129 14 2.0 6 2 0 0 9 7 2 9.73168800451e-77 1 1 
129 14 2.0 9 2 0 0 9 9 2 0.0447267213061 1 1 
129 14 2.0 1 1 0 0 1 6 1 0.527224924785 0 1 
129 14 2.0 11 2 0 0 9 9 2 0.0447221844939 1 1 
129 14 2.0 3 2 0 0 4 12 1 0.330472060765 0 2 
129 14 2.0 10 2 0 0 9 7 2 9.15335765523e-09 1 1 
129 14 2.0 8 4 1 0 15 21 2 7.05155435952e-58 1 3 
129 14 2.0 2 3 0 0 16 14 1 2.65121147874e-16 0 4 
129 14 2.0 13 6 1 0 13 22 2 2.73662731614e-07 4 1 
129 14 2.0 5 0 0 0 8 1 2 2.53173217955e-65 1 0 
129 14 2.0 12 5 0 0 17 15 2 0.345608995398 3 1 
129 14 2.0 4 6 0 0 16 8 1 0.0673787552327 0 4 
129 14 2.0 15 9 1 0 10 14 3 0.0726370717001 4 0 
129 14 2.0 7 2 0 0 13 12 2 0.316693729485 2 1 
129 14 2.0 14 8 0 0 7 17 3 0.0711881763473 3 1 
129 15 0.0 6 2 0 0 9 7 2 5.67939543447e-78 1 1 
129 15 0.0 9 2 0 0 9 9 2 0.0224586734555 1 1 
129 15 0.0 1 1 0 0 1 6 1 0.61315434205 0 1 
129 15 0.0 11 2 0 0 9 9 2 0.0229673281815 1 1 
129 15 0.0 3 2 0 0 4 12 1 0.409774291498 0 2 
129 15 0.0 10 2 0 0 9 7 2 0.0230146864332 1 1 
129 15 0.0 8 4 1 0 15 21 2 4.02799453888e-34 1 3 
129 15 0.0 2 3 0 0 16 14 1 0.0018252884776 0 4 
129 15 0.0 13 6 1 0 13 22 2 7.65839422536e-18 4 1 
129 15 0.0 5 0 0 0 8 1 2 1.00057142198e-77 1 0 
129 15 0.0 12 5 0 0 17 15 2 0.229794831403 3 1 
129 15 0.0 4 6 0 0 16 8 1 0.257843487065 0 4 
129 15 0.0 15 9 1 0 10 14 3 7.82011124358e-46 4 0 
129 15 0.0 7 2 0 0 13 12 2 0.234667090901 2 1 
129 15 0.0 14 8 0 0 7 17 3 1.33068467659e-30 3 1 
129 15 2.0 6 2 0 0 9 7 2 1.32656570231e-76 1 1 
129 15 2.0 9 2 0 0 9 9 2 0.0494857727102 1 1 
129 15 2.0 1 1 0 0 1 6 1 0.527224952675 0 1 
129 15 2.0 11 2 0 0 9 9 2 0.049467465481 1 1 
129 15 2.0 3 2 0 0 4 12 1 0.330472088575 0 2 
129 15 2.0 10 2 0 0 9 7 2 3.42504112211e-09 1 1 
129 15 2.0 8 4 1 0 15 21 2 9.00043822634e-58 1 3 
129 15 2.0 2 3 0 0 16 14 1 1.86719265659e-15 0 4 
129 15 2.0 13 6 1 0 13 22 2 1.68400998762e-07 4 1 
129 15 2.0 5 0 0 0 8 1 2 1.46341588085e-65 1 0 
129 15 2.0 12 5 0 0 17 15 2 0.345608979839 3 1 
129 15 2.0 4 6 0 0 16 8 1 0.0576857135246 0 4 
129 15 2.0 15 9 1 0 10 14 3 0.0726370315066 4 0 
129 15 2.0 7 2 0 0 13 12 2 0.316693847576 2 1 
129 15 2.0 14 8 0 0 7 17 3 0.0711882026565 3 1 
129 16 0.0 6 2 0 0 9 7 2 5.51564214191e-78 1 1 
129 16 0.0 9 2 0 0 9 9 2 0.0209677739213 1 1 
129 16 0.0 1 1 0 0 1 6 1 0.612412558744 0 1 
129 16 0.0 11 2 0 0 9 9 2 0.0209714994792 1 1 
129 16 0.0 3 2 0 0 4 12 1 0.40888917819 0 2 
129 16 0.0 10 2 0 0 9 7 2 0.0202640413669 1 1 
129 16 0.0 8 4 1 0 15 21 2 2.28511832368e-34 1 3 
129 16 0.0 2 3 0 0 16 14 1 0.00287701299526 0 4 
129 16 0.0 13 6 1 0 13 22 2 5.52327612044e-16 4 1 
129 16 0.0 5 0 0 0 8 1 2 2.35264167859e-77 1 0 
129 16 0.0 12 5 0 0 17 15 2 0.230353024086 3 1 
129 16 0.0 4 6 0 0 16 8 1 0.212955331138 0 4 
129 16 0.0 15 9 1 0 10 14 3 2.41292255213e-45 4 0 
129 16 0.0 7 2 0 0 13 12 2 0.235119333876 2 1 
129 16 0.0 14 8 0 0 7 17 3 6.25929482346e-34 3 1 
129 16 2.0 6 2 0 0 9 7 2 1.40186070291e-76 1 1 
129 16 2.0 9 2 0 0 9 9 2 0.0374850927271 1 1 
129 16 2.0 1 1 0 0 1 6 1 0.527224964763 0 1 
129 16 2.0 11 2 0 0 9 9 2 0.0374793136679 1 1 
129 16 2.0 3 2 0 0 4 12 1 0.330472131536 0 2 
129 16 2.0 10 2 0 0 9 7 2 5.05068037761e-09 1 1 
129 16 2.0 8 4 1 0 15 21 2 9.45916586716e-60 1 3 
129 16 2.0 2 3 0 0 16 14 1 8.39180441136e-16 0 4 
129 16 2.0 13 6 1 0 13 22 2 1.07429589628e-07 4 1 
129 16 2.0 5 0 0 0 8 1 2 1.12268955695e-65 1 0 
129 16 2.0 12 5 0 0 17 15 2 0.345608973978 3 1 
129 16 2.0 4 6 0 0 16 8 1 0.0992763301184 0 4 
129 16 2.0 15 9 1 0 10 14 3 0.0726370261713 4 0 
129 16 2.0 7 2 0 0 13 12 2 0.316693852045 2 1 
129 16 2.0 14 8 0 0 7 17 3 0.0711882098756 3 1 
129 17 0.0 6 2 0 0 9 7 2 2.27280799762e-70 1 1 
129 17 0.0 9 2 0 0 9 9 2 0.0440093118507 1 1 
129 17 0.0 1 1 0 0 1 6 1 0.607113556197 0 1 
129 17 0.0 11 2 0 0 9 9 2 0.0444203355779 1 1 
129 17 0.0 3 2 0 0 4 12 1 0.402721866734 0 2 
129 17 0.0 10 2 0 0 9 7 2 0.044675228837 1 1 
129 17 0.0 8 4 1 0 15 21 2 7.26195263829e-35 1 3 
129 17 0.0 2 3 0 0 16 14 1 0.00997341472516 0 4 
129 17 0.0 13 6 1 0 13 22 2 5.5534618195e-19 4 1 
129 17 0.0 5 0 0 0 8 1 2 3.95041106529e-70 1 0 
129 17 0.0 12 5 0 0 17 15 2 0.234179732291 3 1 
129 17 0.0 4 6 0 0 16 8 1 0.356332091092 0 4 
129 17 0.0 15 9 1 0 10 14 3 4.78746051505e-45 4 0 
129 17 0.0 7 2 0 0 13 12 2 0.238090108139 2 1 
129 17 0.0 14 8 0 0 7 17 3 4.46912886217e-29 3 1 
129 17 2.0 6 2 0 0 9 7 2 6.26674961082e-77 1 1 
129 17 2.0 9 2 0 0 9 9 2 0.147393333811 1 1 
129 17 2.0 1 1 0 0 1 6 1 0.527224964552 0 1 
129 17 2.0 11 2 0 0 9 9 2 0.147494987148 1 1 
129 17 2.0 3 2 0 0 4 12 1 0.33047217857 0 2 
129 17 2.0 10 2 0 0 9 7 2 4.48857266339e-08 1 1 
129 17 2.0 8 4 1 0 15 21 2 2.96546469092e-58 1 3 
129 17 2.0 2 3 0 0 16 14 1 6.95603327238e-16 0 4 
129 17 2.0 13 6 1 0 13 22 2 6.69486671256e-08 4 1 
129 17 2.0 5 0 0 0 8 1 2 2.05402395956e-65 1 0 
129 17 2.0 12 5 0 0 17 15 2 0.34560897702 3 1 
129 17 2.0 4 6 0 0 16 8 1 0.0842032440057 0 4 
129 17 2.0 15 9 1 0 10 14 3 0.0726370242339 4 0 
129 17 2.0 7 2 0 0 13 12 2 0.316693954786 2 1 
129 17 2.0 14 8 0 0 7 17 3 0.0711882209542 3 1 
129 18 0.0 6 2 0 0 9 7 2 8.78763648834e-77 1 1 
129 18 0.0 9 2 0 0 9 9 2 0.0458386028171 1 1 
129 18 0.0 1 1 0 0 1 6 1 0.609313705329 0 1 
129 18 0.0 11 2 0 0 9 9 2 0.0447048821531 1 1 
129 18 0.0 3 2 0 0 4 12 1 0.405249340591 0 2 
129 18 0.0 10 2 0 0 9 7 2 0.0459461893202 1 1 
129 18 0.0 8 4 1 0 15 21 2 1.45915383645e-33 1 3 
129 18 0.0 2 3 0 0 16 14 1 0.00711111459722 0 4 
129 18 0.0 13 6 1 0 13 22 2 5.73401603359e-18 4 1 
129 18 0.0 5 0 0 0 8 1 2 1.63046365979e-76 1 0 
129 18 0.0 12 5 0 0 17 15 2 0.23262496522 3 1 
129 18 0.0 4 6 0 0 16 8 1 0.354041119081 0 4 
129 18 0.0 15 9 1 0 10 14 3 5.62468034803e-46 4 0 
129 18 0.0 7 2 0 0 13 12 2 0.236910728974 2 1 
129 18 0.0 14 8 0 0 7 17 3 2.29992250876e-30 3 1 
129 18 2.0 6 2 0 0 9 7 2 2.92975654495e-76 1 1 
129 18 2.0 9 2 0 0 9 9 2 0.0641428441254 1 1 
129 18 2.0 1 1 0 0 1 6 1 0.52722491771 0 1 
129 18 2.0 11 2 0 0 9 9 2 0.0641320265959 1 1 
129 18 2.0 3 2 0 0 4 12 1 0.330472032805 0 2 
129 18 2.0 10 2 0 0 9 7 2 2.10626506935e-09 1 1 
129 18 2.0 8 4 1 0 15 21 2 1.39375179505e-56 1 3 
129 18 2.0 2 3 0 0 16 14 1 1.89050614226e-15 0 4 
129 18 2.0 13 6 1 0 13 22 2 3.26793498123e-07 4 1 
129 18 2.0 5 0 0 0 8 1 2 1.39473929652e-65 1 0 
129 18 2.0 12 5 0 0 17 15 2 0.345608999152 3 1 
129 18 2.0 4 6 0 0 16 8 1 0.0477092872676 0 4 
129 18 2.0 15 9 1 0 10 14 3 0.0726370518912 4 0 
129 18 2.0 7 2 0 0 13 12 2 0.316693791438 2 1 
129 18 2.0 14 8 0 0 7 17 3 0.0711881748122 3 1 
129 19 0.0 6 2 0 0 9 7 2 1.01359211731e-73 1 1 
129 19 0.0 9 2 0 0 9 9 2 0.0792341557122 1 1 
129 19 0.0 1 1 0 0 1 6 1 0.607166021052 0 1 
129 19 0.0 11 2 0 0 9 9 2 0.0789328872077 1 1 
129 19 0.0 3 2 0 0 4 12 1 0.40278159229 0 2 
129 19 0.0 10 2 0 0 9 7 2 0.0794013026037 1 1 
129 19 0.0 8 4 1 0 15 21 2 1.35947527835e-34 1 3 
129 19 0.0 2 3 0 0 16 14 1 0.00990644439834 0 4 
129 19 0.0 13 6 1 0 13 22 2 2.87892760395e-18 4 1 
129 19 0.0 5 0 0 0 8 1 2 2.08614211842e-72 1 0 
129 19 0.0 12 5 0 0 17 15 2 0.234143214587 3 1 
129 19 0.0 4 6 0 0 16 8 1 0.108928184027 0 4 
129 19 0.0 15 9 1 0 10 14 3 4.58859854377e-45 4 0 
129 19 0.0 7 2 0 0 13 12 2 0.238062845332 2 1 
129 19 0.0 14 8 0 0 7 17 3 1.28579194766e-30 3 1 
129 19 2.0 6 2 0 0 9 7 2 4.36213693642e-77 1 1 
129 19 2.0 9 2 0 0 9 9 2 0.0376708623216 1 1 
129 19 2.0 1 1 0 0 1 6 1 0.527224962375 0 1 
129 19 2.0 11 2 0 0 9 9 2 0.0377010471676 1 1 
129 19 2.0 3 2 0 0 4 12 1 0.330472139463 0 2 
129 19 2.0 10 2 0 0 9 7 2 7.2153751038e-09 1 1 
129 19 2.0 8 4 1 0 15 21 2 2.63208928135e-57 1 3 
129 19 2.0 2 3 0 0 16 14 1 1.6582353154e-14 0 4 
129 19 2.0 13 6 1 0 13 22 2 1.04170507421e-07 4 1 
129 19 2.0 5 0 0 0 8 1 2 1.55017365883e-65 1 0 
129 19 2.0 12 5 0 0 17 15 2 0.345608975388 3 1 
129 19 2.0 4 6 0 0 16 8 1 0.101303190635 0 4 
129 19 2.0 15 9 1 0 10 14 3 0.072637035431 4 0 
129 19 2.0 7 2 0 0 13 12 2 0.316693853996 2 1 
129 19 2.0 14 8 0 0 7 17 3 0.0711882071319 3 1 
129 20 0.0 6 2 0 0 9 7 2 2.63285760648e-73 1 1 
129 20 0.0 9 2 0 0 9 9 2 0.0801050026174 1 1 
129 20 0.0 1 1 0 0 1 6 1 0.607154931092 0 1 
129 20 0.0 11 2 0 0 9 9 2 0.0800711950781 1 1 
129 20 0.0 3 2 0 0 4 12 1 0.402768965369 0 2 
129 20 0.0 10 2 0 0 9 7 2 0.0793525574868 1 1 
129 20 0.0 8 4 1 0 15 21 2 9.50921675584e-34 1 3 
129 20 0.0 2 3 0 0 16 14 1 0.00992060555734 0 4 
129 20 0.0 13 6 1 0 13 22 2 4.2752408488e-17 4 1 
129 20 0.0 5 0 0 0 8 1 2 3.50355396437e-72 1 0 
129 20 0.0 12 5 0 0 17 15 2 0.234150935912 3 1 
129 20 0.0 4 6 0 0 16 8 1 0.2679010719 0 4 
129 20 0.0 15 9 1 0 10 14 3 1.17454413096e-45 4 0 
129 20 0.0 7 2 0 0 13 12 2 0.238068611555 2 1 
129 20 0.0 14 8 0 0 7 17 3 2.18543965471e-31 3 1 
129 20 2.0 6 2 0 0 9 7 2 7.75645555379e-77 1 1 
129 20 2.0 9 2 0 0 9 9 2 0.098675366416 1 1 
129 20 2.0 1 1 0 0 1 6 1 0.527224974738 0 1 
129 20 2.0 11 2 0 0 9 9 2 0.0986852929733 1 1 
129 20 2.0 3 2 0 0 4 12 1 0.33047213617 0 2 
129 20 2.0 10 2 0 0 9 7 2 1.72799571737e-08 1 1 
129 20 2.0 8 4 1 0 15 21 2 4.36348470379e-57 1 3 
129 20 2.0 2 3 0 0 16 14 1 2.79387073236e-16 0 4 
129 20 2.0 13 6 1 0 13 22 2 8.4632437241e-08 4 1 
129 20 2.0 5 0 0 0 8 1 2 1.45055822584e-65 1 0 
129 20 2.0 12 5 0 0 17 15 2 0.345608963863 3 1 
129 20 2.0 4 6 0 0 16 8 1 0.0471163190491 0 4 
129 20 2.0 15 9 1 0 10 14 3 0.0726370034126 4 0 
129 20 2.0 7 2 0 0 13 12 2 0.316693951954 2 1 
129 20 2.0 14 8 0 0 7 17 3 0.071188230448 3 1 
129 21 0.0 6 2 0 0 9 7 2 4.29729093742e-70 1 1 
129 21 0.0 9 2 0 0 9 9 2 0.0352452842569 1 1 
129 21 0.0 1 1 0 0 1 6 1 0.607102372037 0 1 
129 21 0.0 11 2 0 0 9 9 2 0.035172740296 1 1 
129 21 0.0 3 2 0 0 4 12 1 0.402709138195 0 2 
129 21 0.0 10 2 0 0 9 7 2 0.0347423407006 1 1 
129 21 0.0 8 4 1 0 15 21 2 2.56256781127e-35 1 3 
129 21 0.0 2 3 0 0 16 14 1 0.00998768325324 0 4 
129 21 0.0 13 6 1 0 13 22 2 7.49366442688e-18 4 1 
129 21 0.0 5 0 0 0 8 1 2 4.74112665401e-70 1 0 
129 21 0.0 12 5 0 0 17 15 2 0.234187513429 3 1 
129 21 0.0 4 6 0 0 16 8 1 0.345461836442 0 4 
129 21 0.0 15 9 1 0 10 14 3 3.95858445456e-45 4 0 
129 21 0.0 7 2 0 0 13 12 2 0.238095914531 2 1 
129 21 0.0 14 8 0 0 7 17 3 1.38427101629e-31 3 1 
129 21 2.0 6 2 0 0 9 7 2 1.1296180077e-76 1 1 
129 21 2.0 9 2 0 0 9 9 2 0.133373320085 1 1 
129 21 2.0 1 1 0 0 1 6 1 0.527224929524 0 1 
129 21 2.0 11 2 0 0 9 9 2 0.133400866391 1 1 
129 21 2.0 3 2 0 0 4 12 1 0.330472228927 0 2 
129 21 2.0 10 2 0 0 9 7 2 8.41469904446e-09 1 1 
129 21 2.0 8 4 1 0 15 21 2 3.9488601068e-58 1 3 
129 21 2.0 2 3 0 0 16 14 1 5.17963230878e-17 0 4 
129 21 2.0 13 6 1 0 13 22 2 1.78028299409e-07 4 1 
129 21 2.0 5 0 0 0 8 1 2 7.71597534605e-66 1 0 
129 21 2.0 12 5 0 0 17 15 2 0.345609000685 3 1 
129 21 2.0 4 6 0 0 16 8 1 0.200736666025 0 4 
129 21 2.0 15 9 1 0 10 14 3 0.0726370093366 4 0 
129 21 2.0 7 2 0 0 13 12 2 0.316693844895 2 1 
129 21 2.0 14 8 0 0 7 17 3 0.0711881847888 3 1 
129 22 0.0 6 2 0 0 9 7 2 6.27597866068e-72 1 1 
129 22 0.0 9 2 0 0 9 9 2 0.0423933351222 1 1 
129 22 0.0 1 1 0 0 1 6 1 0.607108539704 0 1 
129 22 0.0 11 2 0 0 9 9 2 0.042597163992 1 1 
129 22 0.0 3 2 0 0 4 12 1 0.402716157382 0 2 
129 22 0.0 10 2 0 0 9 7 2 0.0422705387955 1 1 
129 22 0.0 8 4 1 0 15 21 2 4.19474902361e-35 1 3 
129 22 0.0 2 3 0 0 16 14 1 0.00997981500762 0 4 
129 22 0.0 13 6 1 0 13 22 2 4.01430408704e-17 4 1 
129 22 0.0 5 0 0 0 8 1 2 2.106967735e-70 1 0 
129 22 0.0 12 5 0 0 17 15 2 0.234183222561 3 1 
129 22 0.0 4 6 0 0 16 8 1 0.0699274413797 0 4 
129 22 0.0 15 9 1 0 10 14 3 5.52774545359e-45 4 0 
129 22 0.0 7 2 0 0 13 12 2 0.238092712745 2 1 
129 22 0.0 14 8 0 0 7 17 3 9.30571347753e-32 3 1 
129 22 2.0 6 2 0 0 9 7 2 2.58150666836e-76 1 1 
129 22 2.0 9 2 0 0 9 9 2 0.0370857562423 1 1 
129 22 2.0 1 1 0 0 1 6 1 0.527224987497 0 1 
129 22 2.0 11 2 0 0 9 9 2 0.0370700857269 1 1 
129 22 2.0 3 2 0 0 4 12 1 0.330472150827 0 2 
129 22 2.0 10 2 0 0 9 7 2 7.09298767814e-09 1 1 
129 22 2.0 8 4 1 0 15 21 2 1.08167880732e-57 1 3 
129 22 2.0 2 3 0 0 16 14 1 1.96712774049e-17 0 4 
129 22 2.0 13 6 1 0 13 22 2 4.28006494379e-08 4 1 
129 22 2.0 5 0 0 0 8 1 2 3.00736712142e-65 1 0 
129 22 2.0 12 5 0 0 17 15 2 0.345608958415 3 1 
129 22 2.0 4 6 0 0 16 8 1 0.111636442222 0 4 
129 22 2.0 15 9 1 0 10 14 3 0.072637011618 4 0 
129 22 2.0 7 2 0 0 13 12 2 0.316693925971 2 1 
129 22 2.0 14 8 0 0 7 17 3 0.0711882306508 3 1 
129 23 0.0 6 2 0 0 9 7 2 1.73482926485e-69 1 1 
129 23 0.0 9 2 0 0 9 9 2 0.0198809820851 1 1 
129 23 0.0 1 1 0 0 1 6 1 0.607104643511 0 1 
129 23 0.0 11 2 0 0 9 9 2 0.0196689870052 1 1 
129 23 0.0 3 2 0 0 4 12 1 0.402711723231 0 2 
129 23 0.0 10 2 0 0 9 7 2 0.0198232870389 1 1 
129 23 0.0 8 4 1 0 15 21 2 2.94230690675e-35 1 3 
129 23 0.0 2 3 0 0 16 14 1 0.00998478557435 0 4 
129 23 0.0 13 6 1 0 13 22 2 5.85394008536e-19 4 1 
129 23 0.0 5 0 0 0 8 1 2 7.77425199979e-70 1 0 
129 23 0.0 12 5 0 0 17 15 2 0.2341859332 3 1 
129 23 0.0 4 6 0 0 16 8 1 0.142512863609 0 4 
129 23 0.0 15 9 1 0 10 14 3 8.1313308226e-45 4 0 
129 23 0.0 7 2 0 0 13 12 2 0.23809473542 2 1 
129 23 0.0 14 8 0 0 7 17 3 3.95159365691e-31 3 1 
129 23 2.0 6 2 0 0 9 7 2 2.03165551006e-75 1 1 
129 23 2.0 9 2 0 0 9 9 2 0.0409006320097 1 1 
129 23 2.0 1 1 0 0 1 6 1 0.527224938028 0 1 
129 23 2.0 11 2 0 0 9 9 2 0.0409088407155 1 1 
129 23 2.0 3 2 0 0 4 12 1 0.330472159574 0 2 
129 23 2.0 10 2 0 0 9 7 2 2.8904642083e-09 1 1 
129 23 2.0 8 4 1 0 15 21 2 1.0168990643e-58 1 3 
129 23 2.0 2 3 0 0 16 14 1 5.63559020012e-14 0 4 
129 23 2.0 13 6 1 0 13 22 2 1.76287702869e-07 4 1 
129 23 2.0 5 0 0 0 8 1 2 3.88608617433e-64 1 0 
129 23 2.0 12 5 0 0 17 15 2 0.345608996051 3 1 
129 23 2.0 4 6 0 0 16 8 1 0.159012690014 0 4 
129 23 2.0 15 9 1 0 10 14 3 0.0726370345171 4 0 
129 23 2.0 7 2 0 0 13 12 2 0.31669373917 2 1 
129 23 2.0 14 8 0 0 7 17 3 0.0711881830178 3 1 
129 24 0.0 6 2 0 0 9 7 2 7.92765499655e-69 1 1 
129 24 0.0 9 2 0 0 9 9 2 0.0795853052616 1 1 
129 24 0.0 1 1 0 0 1 6 1 0.607102685531 0 1 
129 24 0.0 11 2 0 0 9 9 2 0.0813454237236 1 1 
129 24 0.0 3 2 0 0 4 12 1 0.402709494962 0 2 
129 24 0.0 10 2 0 0 9 7 2 0.0814102798275 1 1 
129 24 0.0 8 4 1 0 15 21 2 1.35209477398e-34 1 3 
129 24 0.0 2 3 0 0 16 14 1 0.0099872833408 0 4 
129 24 0.0 13 6 1 0 13 22 2 7.18818744816e-19 4 1 
129 24 0.0 5 0 0 0 8 1 2 1.41458348252e-68 1 0 
129 24 0.0 12 5 0 0 17 15 2 0.234187295339 3 1 
129 24 0.0 4 6 0 0 16 8 1 0.258301932692 0 4 
129 24 0.0 15 9 1 0 10 14 3 1.4057199262e-44 4 0 
129 24 0.0 7 2 0 0 13 12 2 0.238095751802 2 1 
129 24 0.0 14 8 0 0 7 17 3 4.80058419703e-30 3 1 
129 24 2.0 6 2 0 0 9 7 2 3.27189857079e-76 1 1 
129 24 2.0 9 2 0 0 9 9 2 0.0821458018831 1 1 
129 24 2.0 1 1 0 0 1 6 1 0.527224984439 0 1 
129 24 2.0 11 2 0 0 9 9 2 0.0821418640226 1 1 
129 24 2.0 3 2 0 0 4 12 1 0.330472164522 0 2 
129 24 2.0 10 2 0 0 9 7 2 1.66830011126e-08 1 1 
129 24 2.0 8 4 1 0 15 21 2 1.14993771692e-57 1 3 
129 24 2.0 2 3 0 0 16 14 1 3.90935530005e-17 0 4 
129 24 2.0 13 6 1 0 13 22 2 3.25927615752e-08 4 1 
129 24 2.0 5 0 0 0 8 1 2 3.04848336907e-65 1 0 
129 24 2.0 12 5 0 0 17 15 2 0.345608962224 3 1 
129 24 2.0 4 6 0 0 16 8 1 0.246758731781 0 4 
129 24 2.0 15 9 1 0 10 14 3 0.072636988453 4 0 
129 24 2.0 7 2 0 0 13 12 2 0.316693944909 2 1 
129 24 2.0 14 8 0 0 7 17 3 0.0711882293388 3 1 
129 25 0.0 6 2 0 0 9 7 2 7.91877734463e-75 1 1 
129 25 0.0 9 2 0 0 9 9 2 0.0414282230639 1 1 
129 25 0.0 1 1 0 0 1 6 1 0.607323429614 0 1 
129 25 0.0 11 2 0 0 9 9 2 0.0414293301436 1 1 
129 25 0.0 3 2 0 0 4 12 1 0.402960943596 0 2 
129 25 0.0 10 2 0 0 9 7 2 0.0414256155689 1 1 
129 25 0.0 8 4 1 0 15 21 2 2.76725389134e-35 1 3 
129 25 0.0 2 3 0 0 16 14 1 0.00970515099007 0 4 
129 25 0.0 13 6 1 0 13 22 2 1.60927617452e-18 4 1 
129 25 0.0 5 0 0 0 8 1 2 1.26065311386e-73 1 0 
129 25 0.0 12 5 0 0 17 15 2 0.23403348923 3 1 
129 25 0.0 4 6 0 0 16 8 1 0.35835893251 0 4 
129 25 0.0 15 9 1 0 10 14 3 4.43410120568e-45 4 0 
129 25 0.0 7 2 0 0 13 12 2 0.237980801401 2 1 
129 25 0.0 14 8 0 0 7 17 3 1.69903549707e-31 3 1 
129 25 2.0 6 2 0 0 9 7 2 1.64504003329e-76 1 1 
129 25 2.0 9 2 0 0 9 9 2 0.130129148164 1 1 
129 25 2.0 1 1 0 0 1 6 1 0.527224965802 0 1 
129 25 2.0 11 2 0 0 9 9 2 0.130116224588 1 1 
129 25 2.0 3 2 0 0 4 12 1 0.33047216092 0 2 
129 25 2.0 10 2 0 0 9 7 2 2.73550510793e-08 1 1 
129 25 2.0 8 4 1 0 15 21 2 2.59297335262e-58 1 3 
129 25 2.0 2 3 0 0 16 14 1 1.28517131757e-16 0 4 
129 25 2.0 13 6 1 0 13 22 2 8.77181696367e-08 4 1 
129 25 2.0 5 0 0 0 8 1 2 1.38675893864e-65 1 0 
129 25 2.0 12 5 0 0 17 15 2 0.345608973355 3 1 
129 25 2.0 4 6 0 0 16 8 1 0.0614019725828 0 4 
129 25 2.0 15 9 1 0 10 14 3 0.0726370160008 4 0 
129 25 2.0 7 2 0 0 13 12 2 0.316693953018 2 1 
129 25 2.0 14 8 0 0 7 17 3 0.0711882223285 3 1 
129 26 0.0 6 2 0 0 9 7 2 1.06310593954e-75 1 1 
129 26 0.0 9 2 0 0 9 9 2 0.0415212557 1 1 
129 26 0.0 1 1 0 0 1 6 1 0.607837097396 0 1 
129 26 0.0 11 2 0 0 9 9 2 0.0415501256849 1 1 
129 26 0.0 3 2 0 0 4 12 1 0.403547877024 0 2 
129 26 0.0 10 2 0 0 9 7 2 0.0414812741905 1 1 
129 26 0.0 8 4 1 0 15 21 2 5.82980936028e-35 1 3 
129 26 0.0 2 3 0 0 16 14 1 0.0090444253572 0 4 
129 26 0.0 13 6 1 0 13 22 2 2.62134783772e-17 4 1 
129 26 0.0 5 0 0 0 8 1 2 4.6564883681e-75 1 0 
129 26 0.0 12 5 0 0 17 15 2 0.233673725654 3 1 
129 26 0.0 4 6 0 0 16 8 1 0.0689714555561 0 4 
129 26 0.0 15 9 1 0 10 14 3 3.84382030791e-45 4 0 
129 26 0.0 7 2 0 0 13 12 2 0.237710463058 2 1 
129 26 0.0 14 8 0 0 7 17 3 9.23691280471e-32 3 1 
129 26 2.0 6 2 0 0 9 7 2 1.62750757624e-76 1 1 
129 26 2.0 9 2 0 0 9 9 2 0.0963682069059 1 1 
129 26 2.0 1 1 0 0 1 6 1 0.527224944579 0 1 
129 26 2.0 11 2 0 0 9 9 2 0.0962923087858 1 1 
129 26 2.0 3 2 0 0 4 12 1 0.330472217463 0 2 
129 26 2.0 10 2 0 0 9 7 2 1.60984500763e-08 1 1 
129 26 2.0 8 4 1 0 15 21 2 3.47225576315e-58 1 3 
129 26 2.0 2 3 0 0 16 14 1 4.4738272358e-17 0 4 
129 26 2.0 13 6 1 0 13 22 2 1.28308549024e-07 4 1 
129 26 2.0 5 0 0 0 8 1 2 1.52645908049e-65 1 0 
129 26 2.0 12 5 0 0 17 15 2 0.345608993095 3 1 
129 26 2.0 4 6 0 0 16 8 1 0.238698079897 0 4 
129 26 2.0 15 9 1 0 10 14 3 0.0726370176592 4 0 
129 26 2.0 7 2 0 0 13 12 2 0.316693845283 2 1 
129 26 2.0 14 8 0 0 7 17 3 0.0711881931174 3 1 
129 27 0.0 6 2 0 0 9 7 2 1.07487901901e-72 1 1 
129 27 0.0 9 2 0 0 9 9 2 0.0776783936717 1 1 
129 27 0.0 1 1 0 0 1 6 1 0.607148836671 0 1 
129 27 0.0 11 2 0 0 9 9 2 0.0769581367975 1 1 
129 27 0.0 3 2 0 0 4 12 1 0.402762026822 0 2 
129 27 0.0 10 2 0 0 9 7 2 0.0776038522206 1 1 
129 27 0.0 8 4 1 0 15 21 2 2.7310823269e-34 1 3 
129 27 0.0 2 3 0 0 16 14 1 0.00992838658465 0 4 
129 27 0.0 13 6 1 0 13 22 2 2.840417214e-18 4 1 
129 27 0.0 5 0 0 0 8 1 2 4.70439498962e-72 1 0 
129 27 0.0 12 5 0 0 17 15 2 0.234155178606 3 1 
129 27 0.0 4 6 0 0 16 8 1 0.283355565388 0 4 
129 27 0.0 15 9 1 0 10 14 3 5.32586700066e-45 4 0 
129 27 0.0 7 2 0 0 13 12 2 0.238071779563 2 1 
129 27 0.0 14 8 0 0 7 17 3 3.72768292738e-31 3 1 
129 27 2.0 6 2 0 0 9 7 2 2.07379776276e-76 1 1 
129 27 2.0 9 2 0 0 9 9 2 0.0540669185906 1 1 
129 27 2.0 1 1 0 0 1 6 1 0.527224965172 0 1 
129 27 2.0 11 2 0 0 9 9 2 0.0540773527047 1 1 
129 27 2.0 3 2 0 0 4 12 1 0.330472116245 0 2 
129 27 2.0 10 2 0 0 9 7 2 6.56148557504e-09 1 1 
129 27 2.0 8 4 1 0 15 21 2 6.83098657731e-59 1 3 
129 27 2.0 2 3 0 0 16 14 1 1.02598158168e-14 0 4 
129 27 2.0 13 6 1 0 13 22 2 1.08636760143e-07 4 1 
129 27 2.0 5 0 0 0 8 1 2 6.95750888917e-66 1 0 
129 27 2.0 12 5 0 0 17 15 2 0.345608971328 3 1 
129 27 2.0 4 6 0 0 16 8 1 0.052668564907 0 4 
129 27 2.0 15 9 1 0 10 14 3 0.0726370238286 4 0 
129 27 2.0 7 2 0 0 13 12 2 0.316693903563 2 1 
129 27 2.0 14 8 0 0 7 17 3 0.0711882157227 3 1 
129 28 0.0 6 2 0 0 9 7 2 4.7354744324e-69 1 1 
129 28 0.0 9 2 0 0 9 9 2 0.0445420533455 1 1 
129 28 0.0 1 1 0 0 1 6 1 0.607104504815 0 1 
129 28 0.0 11 2 0 0 9 9 2 0.0449276399626 1 1 
129 28 0.0 3 2 0 0 4 12 1 0.402711565388 0 2 
129 28 0.0 10 2 0 0 9 7 2 0.0447057794697 1 1 
129 28 0.0 8 4 1 0 15 21 2 4.00433182258e-35 1 3 
129 28 0.0 2 3 0 0 16 14 1 0.00998496250934 0 4 
129 28 0.0 13 6 1 0 13 22 2 9.28528559817e-19 4 1 
129 28 0.0 5 0 0 0 8 1 2 3.04199793304e-68 1 0 
129 28 0.0 12 5 0 0 17 15 2 0.23418602969 3 1 
129 28 0.0 4 6 0 0 16 8 1 0.0689773286894 0 4 
129 28 0.0 15 9 1 0 10 14 3 4.70892609655e-45 4 0 
129 28 0.0 7 2 0 0 13 12 2 0.238094807418 2 1 
129 28 0.0 14 8 0 0 7 17 3 2.35250088868e-30 3 1 
129 28 2.0 6 2 0 0 9 7 2 2.73711680326e-76 1 1 
129 28 2.0 9 2 0 0 9 9 2 0.0380404103908 1 1 
129 28 2.0 1 1 0 0 1 6 1 0.527224950749 0 1 
129 28 2.0 11 2 0 0 9 9 2 0.0380360771852 1 1 
129 28 2.0 3 2 0 0 4 12 1 0.330472130709 0 2 
129 28 2.0 10 2 0 0 9 7 2 1.67039165123e-09 1 1 
129 28 2.0 8 4 1 0 15 21 2 1.55537813083e-58 1 3 
129 28 2.0 2 3 0 0 16 14 1 3.07169600996e-16 0 4 
129 28 2.0 13 6 1 0 13 22 2 1.42560699933e-07 4 1 
129 28 2.0 5 0 0 0 8 1 2 2.21544434006e-65 1 0 
129 28 2.0 12 5 0 0 17 15 2 0.345608983627 3 1 
129 28 2.0 4 6 0 0 16 8 1 0.130512408783 0 4 
129 28 2.0 15 9 1 0 10 14 3 0.0726370133026 4 0 
129 28 2.0 7 2 0 0 13 12 2 0.31669379609 2 1 
129 28 2.0 14 8 0 0 7 17 3 0.0711881978379 3 1 
129 29 0.0 6 2 0 0 9 7 2 5.54916283209e-78 1 1 
129 29 0.0 9 2 0 0 9 9 2 0.0510982977863 1 1 
129 29 0.0 1 1 0 0 1 6 1 0.610214832087 0 1 
129 29 0.0 11 2 0 0 9 9 2 0.0511757880349 1 1 
129 29 0.0 3 2 0 0 4 12 1 0.406298127906 0 2 
129 29 0.0 10 2 0 0 9 7 2 0.05077275517 1 1 
129 29 0.0 8 4 1 0 15 21 2 5.11527104286e-34 1 3 
129 29 0.0 2 3 0 0 16 14 1 0.0059053964953 0 4 
129 29 0.0 13 6 1 0 13 22 2 7.68457567317e-17 4 1 
129 29 0.0 5 0 0 0 8 1 2 1.02999237258e-76 1 0 
129 29 0.0 12 5 0 0 17 15 2 0.231974249042 3 1 
129 29 0.0 4 6 0 0 16 8 1 0.0703677256823 0 4 
129 29 0.0 15 9 1 0 10 14 3 1.18317696651e-45 4 0 
129 29 0.0 7 2 0 0 13 12 2 0.236405833923 2 1 
129 29 0.0 14 8 0 0 7 17 3 5.39061043087e-32 3 1 
129 29 2.0 6 2 0 0 9 7 2 4.1194172916e-76 1 1 
129 29 2.0 9 2 0 0 9 9 2 0.0851727732022 1 1 
129 29 2.0 1 1 0 0 1 6 1 0.527224955737 0 1 
129 29 2.0 11 2 0 0 9 9 2 0.0851557797994 1 1 
129 29 2.0 3 2 0 0 4 12 1 0.330472111616 0 2 
129 29 2.0 10 2 0 0 9 7 2 7.28209339819e-09 1 1 
129 29 2.0 8 4 1 0 15 21 2 9.56705498299e-59 1 3 
129 29 2.0 2 3 0 0 16 14 1 1.21726536201e-15 0 4 
129 29 2.0 13 6 1 0 13 22 2 1.4740350068e-07 4 1 
129 29 2.0 5 0 0 0 8 1 2 9.82359130213e-66 1 0 
129 29 2.0 12 5 0 0 17 15 2 0.345608975594 3 1 
129 29 2.0 4 6 0 0 16 8 1 0.0453907768829 0 4 
129 29 2.0 15 9 1 0 10 14 3 0.0726370113658 4 0 
129 29 2.0 7 2 0 0 13 12 2 0.3166939208 2 1 
129 29 2.0 14 8 0 0 7 17 3 0.0711882115658 3 1 
129 30 0.0 6 2 0 0 9 7 2 3.17547653921e-69 1 1 
129 30 0.0 9 2 0 0 9 9 2 0.0758533250114 1 1 
129 30 0.0 1 1 0 0 1 6 1 0.60710001775 0 1 
129 30 0.0 11 2 0 0 9 9 2 0.0746285207734 1 1 
129 30 0.0 3 2 0 0 4 12 1 0.402706458966 0 2 
129 30 0.0 10 2 0 0 9 7 2 0.0759504940519 1 1 
129 30 0.0 8 4 1 0 15 21 2 5.21854362292e-35 1 3 
129 30 0.0 2 3 0 0 16 14 1 0.00999068645541 0 4 
129 30 0.0 13 6 1 0 13 22 2 6.98757322671e-19 4 1 
129 30 0.0 5 0 0 0 8 1 2 1.89179415675e-69 1 0 
129 30 0.0 12 5 0 0 17 15 2 0.234189151217 3 1 
129 30 0.0 4 6 0 0 16 8 1 0.100210932587 0 4 
129 30 0.0 15 9 1 0 10 14 3 1.91148421866e-45 4 0 
129 30 0.0 7 2 0 0 13 12 2 0.238097136549 2 1 
129 30 0.0 14 8 0 0 7 17 3 1.58607865339e-29 3 1 
129 30 2.0 6 2 0 0 9 7 2 1.542498502e-77 1 1 
129 30 2.0 9 2 0 0 9 9 2 0.152708856993 1 1 
129 30 2.0 1 1 0 0 1 6 1 0.527224835958 0 1 
129 30 2.0 11 2 0 0 9 9 2 0.15258968984 1 1 
129 30 2.0 3 2 0 0 4 12 1 0.330472262226 0 2 
129 30 2.0 10 2 0 0 9 7 2 1.69116719459e-08 1 1 
129 30 2.0 8 4 1 0 15 21 2 2.75398588036e-55 1 3 
129 30 2.0 2 3 0 0 16 14 1 2.14240835443e-15 0 4 
129 30 2.0 13 6 1 0 13 22 2 5.01141930398e-07 4 1 
129 30 2.0 5 0 0 0 8 1 2 1.73508692868e-65 1 0 
129 30 2.0 12 5 0 0 17 15 2 0.345609059138 3 1 
129 30 2.0 4 6 0 0 16 8 1 0.103750332664 0 4 
129 30 2.0 15 9 1 0 10 14 3 0.0726370627072 4 0 
129 30 2.0 7 2 0 0 13 12 2 0.316693762154 2 1 
129 30 2.0 14 8 0 0 7 17 3 0.0711881127447 3 1 
129 31 0.0 6 2 0 0 9 7 2 6.06615049844e-69 1 1 
129 31 0.0 9 2 0 0 9 9 2 0.0861692241222 1 1 
129 31 0.0 1 1 0 0 1 6 1 0.607099107776 0 1 
129 31 0.0 11 2 0 0 9 9 2 0.0866833060305 1 1 
129 31 0.0 3 2 0 0 4 12 1 0.40270542341 0 2 
129 31 0.0 10 2 0 0 9 7 2 0.0868555566835 1 1 
129 31 0.0 8 4 1 0 15 21 2 2.72201202741e-33 1 3 
129 31 0.0 2 3 0 0 16 14 1 0.00999184721487 0 4 
129 31 0.0 13 6 1 0 13 22 2 1.1078688148e-18 4 1 
129 31 0.0 5 0 0 0 8 1 2 5.03910555797e-68 1 0 
129 31 0.0 12 5 0 0 17 15 2 0.234189784237 3 1 
129 31 0.0 4 6 0 0 16 8 1 0.215816399664 0 4 
129 31 0.0 15 9 1 0 10 14 3 6.65785550005e-45 4 0 
129 31 0.0 7 2 0 0 13 12 2 0.238097608859 2 1 
129 31 0.0 14 8 0 0 7 17 3 3.74438924535e-30 3 1 
129 31 2.0 6 2 0 0 9 7 2 1.56784210685e-76 1 1 
129 31 2.0 9 2 0 0 9 9 2 0.0649726529511 1 1 
129 31 2.0 1 1 0 0 1 6 1 0.527224973093 0 1 
129 31 2.0 11 2 0 0 9 9 2 0.0649574265211 1 1 
129 31 2.0 3 2 0 0 4 12 1 0.330472126615 0 2 
129 31 2.0 10 2 0 0 9 7 2 9.707761693e-09 1 1 
129 31 2.0 8 4 1 0 15 21 2 3.22499982003e-59 1 3 
129 31 2.0 2 3 0 0 16 14 1 1.64328381468e-17 0 4 
129 31 2.0 13 6 1 0 13 22 2 8.48493780623e-08 4 1 
129 31 2.0 5 0 0 0 8 1 2 2.24109827094e-65 1 0 
129 31 2.0 12 5 0 0 17 15 2 0.345608965287 3 1 
129 31 2.0 4 6 0 0 16 8 1 0.046968536689 0 4 
129 31 2.0 15 9 1 0 10 14 3 0.0726370145129 4 0 
129 31 2.0 7 2 0 0 13 12 2 0.316693932948 2 1 
129 31 2.0 14 8 0 0 7 17 3 0.0711882252882 3 1 
129 32 0.0 6 2 0 0 9 7 2 1.72032204332e-70 1 1 
129 32 0.0 9 2 0 0 9 9 2 0.0887069490151 1 1 
129 32 0.0 1 1 0 0 1 6 1 0.607106362221 0 1 
129 32 0.0 11 2 0 0 9 9 2 0.0883218588497 1 1 
129 32 0.0 3 2 0 0 4 12 1 0.40271367923 0 2 
129 32 0.0 10 2 0 0 9 7 2 0.0879921690321 1 1 
129 32 0.0 8 4 1 0 15 21 2 4.39954899864e-34 1 3 
129 32 0.0 2 3 0 0 16 14 1 0.00998259297222 0 4 
129 32 0.0 13 6 1 0 13 22 2 4.61092570141e-18 4 1 
129 32 0.0 5 0 0 0 8 1 2 4.13618951204e-70 1 0 
129 32 0.0 12 5 0 0 17 15 2 0.234184737486 3 1 
129 32 0.0 4 6 0 0 16 8 1 0.173555075922 0 4 
129 32 0.0 15 9 1 0 10 14 3 5.16140661592e-45 4 0 
129 32 0.0 7 2 0 0 13 12 2 0.238093843194 2 1 
129 32 0.0 14 8 0 0 7 17 3 1.43304242976e-31 3 1 
129 32 2.0 6 2 0 0 9 7 2 3.367718507e-76 1 1 
129 32 2.0 9 2 0 0 9 9 2 0.150007648593 1 1 
129 32 2.0 1 1 0 0 1 6 1 0.527224972375 0 1 
129 32 2.0 11 2 0 0 9 9 2 0.149975210791 1 1 
129 32 2.0 3 2 0 0 4 12 1 0.330472172492 0 2 
129 32 2.0 10 2 0 0 9 7 2 4.19115955431e-08 1 1 
129 32 2.0 8 4 1 0 15 21 2 3.84984904179e-57 1 3 
129 32 2.0 2 3 0 0 16 14 1 2.8368134994e-16 0 4 
129 32 2.0 13 6 1 0 13 22 2 7.23931460704e-08 4 1 
129 32 2.0 5 0 0 0 8 1 2 1.16961476293e-65 1 0 
129 32 2.0 12 5 0 0 17 15 2 0.345608970959 3 1 
129 32 2.0 4 6 0 0 16 8 1 0.0873527025226 0 4 
129 32 2.0 15 9 1 0 10 14 3 0.0726370126179 4 0 
129 32 2.0 7 2 0 0 13 12 2 0.31669395385 2 1 
129 32 2.0 14 8 0 0 7 17 3 0.0711882278602 3 1 
129 33 0.0 6 2 0 0 9 7 2 4.07380561588e-78 1 1 
129 33 0.0 9 2 0 0 9 9 2 0.0780216252842 1 1 
129 33 0.0 1 1 0 0 1 6 1 0.613904911363 0 1 
129 33 0.0 11 2 0 0 9 9 2 0.0778613407992 1 1 
129 33 0.0 3 2 0 0 4 12 1 0.410675271885 0 2 
129 33 0.0 10 2 0 0 9 7 2 0.0783355745117 1 1 
129 33 0.0 8 4 1 0 15 21 2 1.99290070055e-34 1 3 
129 33 0.0 2 3 0 0 16 14 1 0.000745200533131 0 4 
129 33 0.0 13 6 1 0 13 22 2 1.58559508501e-18 4 1 
129 33 0.0 5 0 0 0 8 1 2 7.08679514147e-78 1 0 
129 33 0.0 12 5 0 0 17 15 2 0.229224371418 3 1 
129 33 0.0 4 6 0 0 16 8 1 0.105743694352 0 4 
129 33 0.0 15 9 1 0 10 14 3 1.24013937764e-45 4 0 
129 33 0.0 7 2 0 0 13 12 2 0.234200076869 2 1 
129 33 0.0 14 8 0 0 7 17 3 2.74612586444e-31 3 1 
129 33 2.0 6 2 0 0 9 7 2 9.06015918531e-77 1 1 
129 33 2.0 9 2 0 0 9 9 2 0.150478355789 1 1 
129 33 2.0 1 1 0 0 1 6 1 0.527224978742 0 1 
129 33 2.0 11 2 0 0 9 9 2 0.150461691944 1 1 
129 33 2.0 3 2 0 0 4 12 1 0.330472167319 0 2 
129 33 2.0 10 2 0 0 9 7 2 8.27752184196e-09 1 1 
129 33 2.0 8 4 1 0 15 21 2 1.31193307586e-57 1 3 
129 33 2.0 2 3 0 0 16 14 1 1.50166694061e-17 0 4 
129 33 2.0 13 6 1 0 13 22 2 4.92044998572e-08 4 1 
129 33 2.0 5 0 0 0 8 1 2 1.70063795715e-65 1 0 
129 33 2.0 12 5 0 0 17 15 2 0.345608965912 3 1 
129 33 2.0 4 6 0 0 16 8 1 0.168076015753 0 4 
129 33 2.0 15 9 1 0 10 14 3 0.072636987671 4 0 
129 33 2.0 7 2 0 0 13 12 2 0.316693953234 2 1 
129 33 2.0 14 8 0 0 7 17 3 0.0711882278977 3 1 
129 34 0.0 6 2 0 0 9 7 2 4.43700067395e-74 1 1 
129 34 0.0 9 2 0 0 9 9 2 0.03883592757 1 1 
129 34 0.0 1 1 0 0 1 6 1 0.607328235332 0 1 
129 34 0.0 11 2 0 0 9 9 2 0.0389422120634 1 1 
129 34 0.0 3 2 0 0 4 12 1 0.40296642298 0 2 
129 34 0.0 10 2 0 0 9 7 2 0.0385503569253 1 1 
129 34 0.0 8 4 1 0 15 21 2 1.58963677036e-34 1 3 
129 34 0.0 2 3 0 0 16 14 1 0.00969899682438 0 4 
129 34 0.0 13 6 1 0 13 22 2 3.75818267604e-17 4 1 
129 34 0.0 5 0 0 0 8 1 2 6.75505830271e-74 1 0 
129 34 0.0 12 5 0 0 17 15 2 0.234030135453 3 1 
129 34 0.0 4 6 0 0 16 8 1 0.0700624473773 0 4 
129 34 0.0 15 9 1 0 10 14 3 4.54222748123e-45 4 0 
129 34 0.0 7 2 0 0 13 12 2 0.237978290713 2 1 
129 34 0.0 14 8 0 0 7 17 3 1.3272468431e-32 3 1 
129 34 2.0 6 2 0 0 9 7 2 1.95221108916e-77 1 1 
129 34 2.0 9 2 0 0 9 9 2 0.0457452085731 1 1 
129 34 2.0 1 1 0 0 1 6 1 0.527224923383 0 1 
129 34 2.0 11 2 0 0 9 9 2 0.0457414270836 1 1 
129 34 2.0 3 2 0 0 4 12 1 0.330472044312 0 2 
129 34 2.0 10 2 0 0 9 7 2 2.0701129474e-09 1 1 
129 34 2.0 8 4 1 0 15 21 2 3.86541368043e-58 1 3 
129 34 2.0 2 3 0 0 16 14 1 8.20649040962e-16 0 4 
129 34 2.0 13 6 1 0 13 22 2 2.85607504662e-07 4 1 
129 34 2.0 5 0 0 0 8 1 2 1.56198622359e-65 1 0 
129 34 2.0 12 5 0 0 17 15 2 0.345608999096 3 1 
129 34 2.0 4 6 0 0 16 8 1 0.0632777011467 0 4 
129 34 2.0 15 9 1 0 10 14 3 0.0726370598638 4 0 
129 34 2.0 7 2 0 0 13 12 2 0.316693730524 2 1 
129 34 2.0 14 8 0 0 7 17 3 0.0711881739419 3 1 
129 35 0.0 6 2 0 0 9 7 2 6.25392629826e-74 1 1 
129 35 0.0 9 2 0 0 9 9 2 0.0260852641234 1 1 
129 35 0.0 1 1 0 0 1 6 1 0.60720919064 0 1 
129 35 0.0 11 2 0 0 9 9 2 0.0258318125504 1 1 
129 35 0.0 3 2 0 0 4 12 1 0.402830756016 0 2 
129 35 0.0 10 2 0 0 9 7 2 0.0261191788421 1 1 
129 35 0.0 8 4 1 0 15 21 2 2.95055264631e-35 1 3 
129 35 0.0 2 3 0 0 16 14 1 0.00985129381807 0 4 
129 35 0.0 13 6 1 0 13 22 2 4.6743836397e-18 4 1 
129 35 0.0 5 0 0 0 8 1 2 1.29344430386e-72 1 0 
129 35 0.0 12 5 0 0 17 15 2 0.234113146471 3 1 
129 35 0.0 4 6 0 0 16 8 1 0.0891799155899 0 4 
129 35 0.0 15 9 1 0 10 14 3 4.53555539243e-45 4 0 
129 35 0.0 7 2 0 0 13 12 2 0.23804038172 2 1 
129 35 0.0 14 8 0 0 7 17 3 7.76577072585e-31 3 1 
129 35 2.0 6 2 0 0 9 7 2 3.27437283195e-76 1 1 
129 35 2.0 9 2 0 0 9 9 2 0.0837427491132 1 1 
129 35 2.0 1 1 0 0 1 6 1 0.527224976793 0 1 
129 35 2.0 11 2 0 0 9 9 2 0.083672082894 1 1 
129 35 2.0 3 2 0 0 4 12 1 0.330472154991 0 2 
129 35 2.0 10 2 0 0 9 7 2 2.61667223123e-08 1 1 
129 35 2.0 8 4 1 0 15 21 2 7.09302594875e-58 1 3 
129 35 2.0 2 3 0 0 16 14 1 1.48811328026e-17 0 4 
129 35 2.0 13 6 1 0 13 22 2 4.89300388864e-08 4 1 
129 35 2.0 5 0 0 0 8 1 2 1.90364610021e-65 1 0 
129 35 2.0 12 5 0 0 17 15 2 0.345608962581 3 1 
129 35 2.0 4 6 0 0 16 8 1 0.0451626610177 0 4 
129 35 2.0 15 9 1 0 10 14 3 0.0726370241631 4 0 
129 35 2.0 7 2 0 0 13 12 2 0.316693958686 2 1 
129 35 2.0 14 8 0 0 7 17 3 0.0711882338389 3 1 
129 36 0.0 6 2 0 0 9 7 2 2.88462869284e-74 1 1 
129 36 0.0 9 2 0 0 9 9 2 0.086532366591 1 1 
129 36 0.0 1 1 0 0 1 6 1 0.607364256057 0 1 
129 36 0.0 11 2 0 0 9 9 2 0.0865826937025 1 1 
129 36 0.0 3 2 0 0 4 12 1 0.40300750016 0 2 
129 36 0.0 10 2 0 0 9 7 2 0.0867298061468 1 1 
129 36 0.0 8 4 1 0 15 21 2 6.91802347843e-35 1 3 
129 36 0.0 2 3 0 0 16 14 1 0.00965285262556 0 4 
129 36 0.0 13 6 1 0 13 22 2 7.10485392452e-18 4 1 
129 36 0.0 5 0 0 0 8 1 2 3.44750274788e-74 1 0 
129 36 0.0 12 5 0 0 17 15 2 0.234004990353 3 1 
129 36 0.0 4 6 0 0 16 8 1 0.220944594046 0 4 
129 36 0.0 15 9 1 0 10 14 3 4.05355302547e-45 4 0 
129 36 0.0 7 2 0 0 13 12 2 0.237959461043 2 1 
129 36 0.0 14 8 0 0 7 17 3 2.76160398748e-31 3 1 
129 36 2.0 6 2 0 0 9 7 2 1.26913556956e-76 1 1 
129 36 2.0 9 2 0 0 9 9 2 0.0395779503411 1 1 
129 36 2.0 1 1 0 0 1 6 1 0.527224933847 0 1 
129 36 2.0 11 2 0 0 9 9 2 0.0395687743457 1 1 
129 36 2.0 3 2 0 0 4 12 1 0.330472148987 0 2 
129 36 2.0 10 2 0 0 9 7 2 3.11121431176e-09 1 1 
129 36 2.0 8 4 1 0 15 21 2 1.63108431224e-58 1 3 
129 36 2.0 2 3 0 0 16 14 1 2.66473887774e-16 0 4 
129 36 2.0 13 6 1 0 13 22 2 1.99337297377e-07 4 1 
129 36 2.0 5 0 0 0 8 1 2 1.34444995221e-65 1 0 
129 36 2.0 12 5 0 0 17 15 2 0.345608998087 3 1 
129 36 2.0 4 6 0 0 16 8 1 0.149020989567 0 4 
129 36 2.0 15 9 1 0 10 14 3 0.0726370376057 4 0 
129 36 2.0 7 2 0 0 13 12 2 0.316693710377 2 1 
129 36 2.0 14 8 0 0 7 17 3 0.0711881788947 3 1 
129 37 0.0 6 2 0 0 9 7 2 6.23340741262e-75 1 1 
129 37 0.0 9 2 0 0 9 9 2 0.0537242956877 1 1 
129 37 0.0 1 1 0 0 1 6 1 0.607373994078 0 1 
129 37 0.0 11 2 0 0 9 9 2 0.0538474634046 1 1 
129 37 0.0 3 2 0 0 4 12 1 0.403018607312 0 2 
129 37 0.0 10 2 0 0 9 7 2 0.0532147055872 1 1 
129 37 0.0 8 4 1 0 15 21 2 2.31942247293e-34 1 3 
129 37 0.0 2 3 0 0 16 14 1 0.00964037281999 0 4 
129 37 0.0 13 6 1 0 13 22 2 1.82920349483e-17 4 1 
129 37 0.0 5 0 0 0 8 1 2 5.83958909945e-74 1 0 
129 37 0.0 12 5 0 0 17 15 2 0.233998190307 3 1 
129 37 0.0 4 6 0 0 16 8 1 0.353969718749 0 4 
129 37 0.0 15 9 1 0 10 14 3 2.430517295e-45 4 0 
129 37 0.0 7 2 0 0 13 12 2 0.237954367175 2 1 
129 37 0.0 14 8 0 0 7 17 3 1.7250604038e-32 3 1 
129 37 2.0 6 2 0 0 9 7 2 2.80663233025e-76 1 1 
129 37 2.0 9 2 0 0 9 9 2 0.0852084939159 1 1 
129 37 2.0 1 1 0 0 1 6 1 0.527224984248 0 1 
129 37 2.0 11 2 0 0 9 9 2 0.0852500228419 1 1 
129 37 2.0 3 2 0 0 4 12 1 0.330472142021 0 2 
129 37 2.0 10 2 0 0 9 7 2 1.62695161302e-08 1 1 
129 37 2.0 8 4 1 0 15 21 2 9.54441807268e-58 1 3 
129 37 2.0 2 3 0 0 16 14 1 1.54708013423e-15 0 4 
129 37 2.0 13 6 1 0 13 22 2 4.68981191175e-08 4 1 
129 37 2.0 5 0 0 0 8 1 2 1.98884109585e-65 1 0 
129 37 2.0 12 5 0 0 17 15 2 0.345608957766 3 1 
129 37 2.0 4 6 0 0 16 8 1 0.0451472415943 0 4 
129 37 2.0 15 9 1 0 10 14 3 0.0726370012511 4 0 
129 37 2.0 7 2 0 0 13 12 2 0.316693962686 2 1 
129 37 2.0 14 8 0 0 7 17 3 0.0711882380281 3 1 
129 38 0.0 6 2 0 0 9 7 2 1.1865077415e-75 1 1 
129 38 0.0 9 2 0 0 9 9 2 0.085011699031 1 1 
129 38 0.0 1 1 0 0 1 6 1 0.607702969604 0 1 
129 38 0.0 11 2 0 0 9 9 2 0.0852747311639 1 1 
129 38 0.0 3 2 0 0 4 12 1 0.403394372604 0 2 
129 38 0.0 10 2 0 0 9 7 2 0.0848613201369 1 1 
129 38 0.0 8 4 1 0 15 21 2 2.44115072673e-34 1 3 
129 38 0.0 2 3 0 0 16 14 1 0.0092175260348 0 4 
129 38 0.0 13 6 1 0 13 22 2 1.82550125146e-17 4 1 
129 38 0.0 5 0 0 0 8 1 2 6.0221634294e-75 1 0 
129 38 0.0 12 5 0 0 17 15 2 0.233767917672 3 1 
129 38 0.0 4 6 0 0 16 8 1 0.133401231576 0 4 
129 38 0.0 15 9 1 0 10 14 3 2.90211062814e-45 4 0 
129 38 0.0 7 2 0 0 13 12 2 0.237781439841 2 1 
129 38 0.0 14 8 0 0 7 17 3 1.53903804532e-31 3 1 
129 38 2.0 6 2 0 0 9 7 2 1.01719888147e-76 1 1 
129 38 2.0 9 2 0 0 9 9 2 0.159148327869 1 1 
129 38 2.0 1 1 0 0 1 6 1 0.527224981726 0 1 
129 38 2.0 11 2 0 0 9 9 2 0.159144086797 1 1 
129 38 2.0 3 2 0 0 4 12 1 0.330472175654 0 2 
129 38 2.0 10 2 0 0 9 7 2 3.93907167158e-08 1 1 
129 38 2.0 8 4 1 0 15 21 2 1.524986379e-56 1 3 
129 38 2.0 2 3 0 0 16 14 1 3.14654030126e-16 0 4 
129 38 2.0 13 6 1 0 13 22 2 5.36189929058e-08 4 1 
129 38 2.0 5 0 0 0 8 1 2 3.63804070772e-65 1 0 
129 38 2.0 12 5 0 0 17 15 2 0.345608966777 3 1 
129 38 2.0 4 6 0 0 16 8 1 0.127589559466 0 4 
129 38 2.0 15 9 1 0 10 14 3 0.0726370062189 4 0 
129 38 2.0 7 2 0 0 13 12 2 0.316693955468 2 1 
129 38 2.0 14 8 0 0 7 17 3 0.0711882324181 3 1 
129 39 0.0 6 2 0 0 9 7 2 2.38766621888e-75 1 1 
129 39 0.0 9 2 0 0 9 9 2 0.0326340457364 1 1 
129 39 0.0 1 1 0 0 1 6 1 0.607709230887 0 1 
129 39 0.0 11 2 0 0 9 9 2 0.0331211370323 1 1 
129 39 0.0 3 2 0 0 4 12 1 0.403401534549 0 2 
129 39 0.0 10 2 0 0 9 7 2 0.0330236439517 1 1 
129 39 0.0 8 4 1 0 15 21 2 3.33961858955e-35 1 3 
129 39 0.0 2 3 0 0 16 14 1 0.00920945451398 0 4 
129 39 0.0 13 6 1 0 13 22 2 1.05735035777e-17 4 1 
129 39 0.0 5 0 0 0 8 1 2 5.11699445942e-75 1 0 
129 39 0.0 12 5 0 0 17 15 2 0.233763524606 3 1 
129 39 0.0 4 6 0 0 16 8 1 0.336225282729 0 4 
129 39 0.0 15 9 1 0 10 14 3 3.22578672334e-45 4 0 
129 39 0.0 7 2 0 0 13 12 2 0.237778132639 2 1 
129 39 0.0 14 8 0 0 7 17 3 4.22042267319e-31 3 1 
129 39 2.0 6 2 0 0 9 7 2 4.80493114506e-77 1 1 
129 39 2.0 9 2 0 0 9 9 2 0.0972933889858 1 1 
129 39 2.0 1 1 0 0 1 6 1 0.527224971747 0 1 
129 39 2.0 11 2 0 0 9 9 2 0.0972118897717 1 1 
129 39 2.0 3 2 0 0 4 12 1 0.330472140521 0 2 
129 39 2.0 10 2 0 0 9 7 2 1.05597190774e-08 1 1 
129 39 2.0 8 4 1 0 15 21 2 8.72060860361e-58 1 3 
129 39 2.0 2 3 0 0 16 14 1 7.01572346988e-16 0 4 
129 39 2.0 13 6 1 0 13 22 2 8.15521151876e-08 4 1 
129 39 2.0 5 0 0 0 8 1 2 2.03568081927e-65 1 0 
129 39 2.0 12 5 0 0 17 15 2 0.345608968218 3 1 
129 39 2.0 4 6 0 0 16 8 1 0.0478000033823 0 4 
129 39 2.0 15 9 1 0 10 14 3 0.072637008405 4 0 
129 39 2.0 7 2 0 0 13 12 2 0.316693951279 2 1 
129 39 2.0 14 8 0 0 7 17 3 0.0711882245398 3 1 
129 40 0.0 6 2 0 0 9 7 2 2.72720871448e-76 1 1 
129 40 0.0 9 2 0 0 9 9 2 0.0270682452404 1 1 
129 40 0.0 1 1 0 0 1 6 1 0.608509424355 0 1 
129 40 0.0 11 2 0 0 9 9 2 0.0276025747904 1 1 
129 40 0.0 3 2 0 0 4 12 1 0.404319956741 0 2 
129 40 0.0 10 2 0 0 9 7 2 0.0275899932232 1 1 
129 40 0.0 8 4 1 0 15 21 2 9.74552674401e-35 1 3 
129 40 0.0 2 3 0 0 16 14 1 0.00817051873589 0 4 
129 40 0.0 13 6 1 0 13 22 2 1.47365817209e-17 4 1 
129 40 0.0 5 0 0 0 8 1 2 6.11716389825e-76 1 0 
129 40 0.0 12 5 0 0 17 15 2 0.233198894433 3 1 
129 40 0.0 4 6 0 0 16 8 1 0.305825439217 0 4 
129 40 0.0 15 9 1 0 10 14 3 2.99299172271e-45 4 0 
129 40 0.0 7 2 0 0 13 12 2 0.237350527969 2 1 
129 40 0.0 14 8 0 0 7 17 3 7.66796172417e-31 3 1 
129 40 2.0 6 2 0 0 9 7 2 6.18431672072e-76 1 1 
129 40 2.0 9 2 0 0 9 9 2 0.157989939128 1 1 
129 40 2.0 1 1 0 0 1 6 1 0.527224978421 0 1 
129 40 2.0 11 2 0 0 9 9 2 0.157985510598 1 1 
129 40 2.0 3 2 0 0 4 12 1 0.330472169297 0 2 
129 40 2.0 10 2 0 0 9 7 2 3.37575661445e-08 1 1 
129 40 2.0 8 4 1 0 15 21 2 7.02003105042e-58 1 3 
129 40 2.0 2 3 0 0 16 14 1 3.10912151167e-16 0 4 
129 40 2.0 13 6 1 0 13 22 2 5.05707654793e-08 4 1 
129 40 2.0 5 0 0 0 8 1 2 1.98077922984e-65 1 0 
129 40 2.0 12 5 0 0 17 15 2 0.345608966657 3 1 
129 40 2.0 4 6 0 0 16 8 1 0.140407626388 0 4 
129 40 2.0 15 9 1 0 10 14 3 0.0726369941994 4 0 
129 40 2.0 7 2 0 0 13 12 2 0.316693956815 2 1 
129 40 2.0 14 8 0 0 7 17 3 0.0711882300865 3 1 
