21 1 0.0 708 717 116 0 12647 13829 12 0 0 0 0 1 0 0 108.0 32.7014029848 0.302790768377 0.45846243638 0.135144356682 
21 1 2.0 708 717 116 0 12647 13829 12 0 0 0 0 1 0 0 108.0 33.0034915114 0.305587884365 0.400885542422 0.202959637226 
21 2 0.0 708 717 116 0 12647 13829 12 0 0 0 0 1 0 0 108.0 32.7014390386 0.302791102209 0.458464001267 0.135143364762 
21 2 2.0 708 717 116 0 12647 13829 12 0 0 0 0 1 0 0 108.0 33.0034970839 0.305587935962 0.400885671267 0.202959605634 
21 3 0.0 708 717 116 0 12647 13829 12 0 0 0 0 1 0 0 108.0 32.7012552147 0.302789400136 0.458462972213 0.135140937899 
21 3 2.0 708 717 116 0 12647 13829 12 0 0 0 0 1 0 0 108.0 33.0034864832 0.305587837807 0.400885808217 0.202959254289 
21 4 0.0 708 717 116 0 12647 13829 12 0 0 0 0 1 0 0 108.0 32.7014550077 0.302791250071 0.458464608575 0.135143017837 
21 4 2.0 708 717 116 0 12647 13829 12 0 0 0 0 1 0 0 108.0 33.0035060649 0.30558801912 0.400885689865 0.202959758317 
21 5 0.0 708 717 116 0 12647 13829 12 0 0 0 0 1 0 0 108.0 32.7014452723 0.302791159929 0.458462425482 0.135145181641 
21 5 2.0 708 717 116 0 12647 13829 12 0 0 0 0 1 0 0 108.0 33.0035111552 0.305588066252 0.400885772545 0.202959767168 
21 6 0.0 708 717 116 0 12647 13829 12 0 0 0 0 1 0 0 108.0 32.7014212812 0.302790937788 0.458463350519 0.135143724078 
21 6 2.0 708 717 116 0 12647 13829 12 0 0 0 0 1 0 0 108.0 33.0034864354 0.305587837365 0.400885706677 0.202959362722 
21 7 0.0 708 717 116 0 12647 13829 12 0 0 0 0 1 0 0 108.0 32.7014408311 0.302791118806 0.458464539954 0.135142819109 
21 7 2.0 708 717 116 0 12647 13829 12 0 0 0 0 1 0 0 108.0 33.0035520175 0.305588444607 0.400885892337 0.202960423975 
21 8 0.0 708 717 116 0 12647 13829 12 0 0 0 0 1 0 0 108.0 32.701490128 0.302791575259 0.458462865218 0.135145570689 
21 8 2.0 708 717 116 0 12647 13829 12 0 0 0 0 1 0 0 108.0 33.0035036104 0.305587996392 0.400885819873 0.202959571105 
21 9 0.0 708 717 116 0 12647 13829 12 0 0 0 0 1 0 0 108.0 32.7014422818 0.302791132238 0.458463798845 0.135143645123 
21 9 2.0 708 717 116 0 12647 13829 12 0 0 0 0 1 0 0 108.0 33.003445043 0.305587454102 0.400885626617 0.202958652931 
21 10 0.0 708 717 116 0 12647 13829 12 0 0 0 0 1 0 0 108.0 32.7014336426 0.302791052246 0.458465497497 0.135141649668 
21 10 2.0 708 717 116 0 12647 13829 12 0 0 0 0 1 0 0 108.0 33.0035282658 0.305588224683 0.400885709425 0.202960164191 
21 1 0.0 708 717 116 0 12647 13829 12 0 0 0 0 1 0 0 108.0 32.700746915 0.302784693658 0.458459211141 0.135135213291 
21 1 2.0 708 717 116 0 12647 13829 12 0 0 0 0 1 0 0 108.0 33.0035287631 0.305588229288 0.400885780169 0.20296009757 
21 2 0.0 708 717 116 0 12647 13829 12 0 0 0 0 1 0 0 108.0 32.7014643285 0.302791336375 0.458462712544 0.135145238962 
21 2 2.0 708 717 116 0 12647 13829 12 0 0 0 0 1 0 0 108.0 33.003579057 0.305588694972 0.400886023597 0.202960802607 
21 3 0.0 708 717 116 0 12647 13829 12 0 0 0 0 1 0 0 108.0 32.7013551578 0.302790325535 0.458464177626 0.135141561746 
21 3 2.0 708 717 116 0 12647 13829 12 0 0 0 0 1 0 0 108.0 33.0035111521 0.305588066223 0.400885959055 0.202959566249 
21 4 0.0 708 717 116 0 12647 13829 12 0 0 0 0 1 0 0 108.0 32.7013616798 0.302790385924 0.458461704472 0.135144350565 
21 4 2.0 708 717 116 0 12647 13829 12 0 0 0 0 1 0 0 108.0 33.0035290143 0.305588231614 0.400885999361 0.202959866348 
21 5 0.0 708 717 116 0 12647 13829 12 0 0 0 0 1 0 0 108.0 32.7015933078 0.302792530628 0.458460549394 0.135150048879 
21 5 2.0 708 717 116 0 12647 13829 12 0 0 0 0 1 0 0 108.0 33.0035007371 0.305587969788 0.400885818352 0.202959517488 
21 6 0.0 708 717 116 0 12647 13829 12 0 0 0 0 1 0 0 108.0 32.7015060035 0.302791722255 0.458461803175 0.135147019725 
21 6 2.0 708 717 116 0 12647 13829 12 0 0 0 0 1 0 0 108.0 33.0035263351 0.305588206807 0.400885789317 0.202960041026 
21 7 0.0 708 717 116 0 12647 13829 12 0 0 0 0 1 0 0 108.0 32.7014108385 0.302790841097 0.45846252803 0.135144409016 
21 7 2.0 708 717 116 0 12647 13829 12 0 0 0 0 1 0 0 108.0 33.0035091992 0.305588048141 0.400885936322 0.202959553177 
21 8 0.0 708 717 116 0 12647 13829 12 0 0 0 0 1 0 0 108.0 32.701403172 0.302790770111 0.458461084917 0.135145815705 
21 8 2.0 708 717 116 0 12647 13829 12 0 0 0 0 1 0 0 108.0 33.0034938737 0.305587906238 0.400885692197 0.202959521358 
21 9 0.0 708 717 116 0 12647 13829 12 0 0 0 0 1 0 0 108.0 32.7014449543 0.302791156985 0.458462670665 0.135144911483 
21 9 2.0 708 717 116 0 12647 13829 12 0 0 0 0 1 0 0 108.0 33.0035294326 0.305588235487 0.400885645907 0.202960255035 
21 10 0.0 708 717 116 0 12647 13829 12 0 0 0 0 1 0 0 108.0 32.7014359785 0.302791073875 0.45846287553 0.135144518247 
21 10 2.0 708 717 116 0 12647 13829 12 0 0 0 0 1 0 0 108.0 33.0034837137 0.305587812164 0.40088576651 0.202959245945 
21 11 0.0 708 717 116 0 12647 13829 12 0 0 0 0 1 0 0 108.0 32.7015557017 0.302792182423 0.458460953022 0.135148891009 
21 11 2.0 708 717 116 0 12647 13829 12 0 0 0 0 1 0 0 108.0 33.0035226686 0.305588172857 0.400886065838 0.202959672724 
21 12 0.0 708 717 116 0 12647 13829 12 0 0 0 0 1 0 0 108.0 32.7013786109 0.302790542694 0.458462525235 0.135143792265 
21 12 2.0 708 717 116 0 12647 13829 12 0 0 0 0 1 0 0 108.0 33.0034856849 0.305587830416 0.400885807945 0.202959239231 
21 13 0.0 708 717 116 0 12647 13829 12 0 0 0 0 1 0 0 108.0 32.7014308556 0.30279102644 0.458463370658 0.135143886514 
21 13 2.0 708 717 116 0 12647 13829 12 0 0 0 0 1 0 0 108.0 33.003544958 0.305588379241 0.4008859658 0.202960209101 
21 14 0.0 708 717 116 0 12647 13829 12 0 0 0 0 1 0 0 108.0 32.7015329124 0.302791971411 0.458462084607 0.135147234123 
21 14 2.0 708 717 116 0 12647 13829 12 0 0 0 0 1 0 0 108.0 33.0036686602 0.305589524631 0.400886196963 0.202962339043 
21 15 0.0 708 717 116 0 12647 13829 12 0 0 0 0 1 0 0 108.0 32.7012826093 0.30278965379 0.458461235137 0.135143335416 
21 15 2.0 708 717 116 0 12647 13829 12 0 0 0 0 1 0 0 108.0 33.0035082986 0.305588039801 0.400885684528 0.202959807019 
21 16 0.0 708 717 116 0 12647 13829 12 0 0 0 0 1 0 0 108.0 32.7013019629 0.30278983299 0.458465071086 0.135139576579 
21 16 2.0 708 717 116 0 12647 13829 12 0 0 0 0 1 0 0 108.0 33.0034864503 0.305587837503 0.400885741306 0.202959325715 
21 17 0.0 708 717 116 0 12647 13829 12 0 0 0 0 1 0 0 108.0 32.7013767634 0.302790525587 0.458464620549 0.135141500243 
21 17 2.0 708 717 116 0 12647 13829 12 0 0 0 0 1 0 0 108.0 33.0034977855 0.305587942458 0.400885594626 0.202959701662 
21 18 0.0 708 717 116 0 12647 13829 12 0 0 0 0 1 0 0 108.0 32.7013793171 0.302790549233 0.458465056287 0.135141080098 
21 18 2.0 708 717 116 0 12647 13829 12 0 0 0 0 1 0 0 108.0 33.0034992609 0.305587956119 0.400885688778 0.202959628641 
21 19 0.0 708 717 116 0 12647 13829 12 0 0 0 0 1 0 0 108.0 32.7013553376 0.3027903272 0.45846105139 0.135144931919 
21 19 2.0 708 717 116 0 12647 13829 12 0 0 0 0 1 0 0 108.0 33.0035378347 0.305588313285 0.400885752825 0.202960301472 
21 20 0.0 708 717 116 0 12647 13829 12 0 0 0 0 1 0 0 108.0 32.7012732086 0.302789566746 0.458463693998 0.13514050663 
21 20 2.0 708 717 116 0 12647 13829 12 0 0 0 0 1 0 0 108.0 33.0034901741 0.305587871983 0.400885632849 0.202959514127 
21 21 0.0 708 717 116 0 12647 13829 12 0 0 0 0 1 0 0 108.0 32.7014949191 0.302791619621 0.45846253345 0.135146020112 
21 21 2.0 708 717 116 0 12647 13829 12 0 0 0 0 1 0 0 108.0 33.0034861226 0.305587834468 0.400885649953 0.202959417793 
21 22 0.0 708 717 116 0 12647 13829 12 0 0 0 0 1 0 0 108.0 32.7015120629 0.30279177836 0.458462196924 0.135146712214 
21 22 2.0 708 717 116 0 12647 13829 12 0 0 0 0 1 0 0 108.0 33.0035115674 0.305588070068 0.400886033469 0.202959494099 
21 23 0.0 708 717 116 0 12647 13829 12 0 0 0 0 1 0 0 108.0 32.7013486974 0.302790265716 0.45846268866 0.135143041008 
21 23 2.0 708 717 116 0 12647 13829 12 0 0 0 0 1 0 0 108.0 33.0034937491 0.305587905084 0.40088561065 0.202959606782 
21 24 0.0 708 717 116 0 12647 13829 12 0 0 0 0 1 0 0 108.0 32.7009704113 0.302786763068 0.458460939045 0.135137650477 
21 24 2.0 708 717 116 0 12647 13829 12 0 0 0 0 1 0 0 108.0 33.0035219669 0.30558816636 0.400885659432 0.202960096899 
21 25 0.0 708 717 116 0 12647 13829 12 0 0 0 0 1 0 0 108.0 32.7014269061 0.302790989871 0.458462275896 0.135144989536 
21 25 2.0 708 717 116 0 12647 13829 12 0 0 0 0 1 0 0 108.0 33.0035000049 0.305587963008 0.400885765609 0.202959560207 
21 26 0.0 708 717 116 0 12647 13829 12 0 0 0 0 1 0 0 108.0 32.7012698182 0.302789535354 0.458468221668 0.135135565477 
21 26 2.0 708 717 116 0 12647 13829 12 0 0 0 0 1 0 0 108.0 33.0034809837 0.305587786886 0.400885753013 0.202959207981 
21 27 0.0 708 717 116 0 12647 13829 12 0 0 0 0 1 0 0 108.0 32.7013802973 0.302790558308 0.458465903745 0.1351401863 
21 27 2.0 708 717 116 0 12647 13829 12 0 0 0 0 1 0 0 108.0 33.0035009223 0.305587971503 0.400885748783 0.202959595971 
21 28 0.0 708 717 116 0 12647 13829 12 0 0 0 0 1 0 0 108.0 32.7015398327 0.302792035488 0.458460604312 0.13514896137 
21 28 2.0 708 717 116 0 12647 13829 12 0 0 0 0 1 0 0 108.0 33.0034975189 0.30558793999 0.400885884726 0.202959384119 
21 29 0.0 708 717 116 0 12647 13829 12 0 0 0 0 1 0 0 108.0 32.7013899424 0.302790647615 0.458463734052 0.135142708375 
21 29 2.0 708 717 116 0 12647 13829 12 0 0 0 0 1 0 0 108.0 33.0035602087 0.305588520451 0.400886053843 0.202960407567 
21 30 0.0 708 717 116 0 12647 13829 12 0 0 0 0 1 0 0 108.0 32.7014976275 0.302791644699 0.458461636327 0.13514703833 
21 30 2.0 708 717 116 0 12647 13829 12 0 0 0 0 1 0 0 108.0 33.0035072203 0.305588029818 0.400885700533 0.202959769048 
21 31 0.0 708 717 116 0 12647 13829 12 0 0 0 0 1 0 0 108.0 32.701560853 0.302792230121 0.458462740069 0.135147065562 
21 31 2.0 708 717 116 0 12647 13829 12 0 0 0 0 1 0 0 108.0 33.0035115044 0.305588069485 0.400885679844 0.202959873714 
21 32 0.0 708 717 116 0 12647 13829 12 0 0 0 0 1 0 0 108.0 32.7012362245 0.302789224301 0.458461051552 0.135142641106 
21 32 2.0 708 717 116 0 12647 13829 12 0 0 0 0 1 0 0 108.0 33.0035067521 0.305588025482 0.400885856067 0.202959592545 
21 33 0.0 708 717 116 0 12647 13829 12 0 0 0 0 1 0 0 108.0 32.7014426013 0.302791135197 0.458461173112 0.135146478982 
21 33 2.0 708 717 116 0 12647 13829 12 0 0 0 0 1 0 0 108.0 33.0034865222 0.305587838169 0.400885652211 0.202959423046 
21 34 0.0 708 717 116 0 12647 13829 12 0 0 0 0 1 0 0 108.0 32.7015190478 0.302791843035 0.458460256273 0.135148936471 
21 34 2.0 708 717 116 0 12647 13829 12 0 0 0 0 1 0 0 108.0 33.0034788174 0.305587766828 0.400885676145 0.202959249102 
21 35 0.0 708 717 116 0 12647 13829 12 0 0 0 0 1 0 0 108.0 32.7014380349 0.302791092916 0.458464221923 0.135143107831 
21 35 2.0 708 717 116 0 12647 13829 12 0 0 0 0 1 0 0 108.0 33.0035270331 0.305588213269 0.40088578325 0.202960060982 
21 36 0.0 708 717 116 0 12647 13829 12 0 0 0 0 1 0 0 108.0 32.7015452799 0.302792085925 0.458459204456 0.135150573661 
21 36 2.0 708 717 116 0 12647 13829 12 0 0 0 0 1 0 0 108.0 33.003481153 0.305587788454 0.400885522387 0.202959459603 
21 37 0.0 708 717 116 0 12647 13829 12 0 0 0 0 1 0 0 108.0 32.7013419779 0.302790203499 0.458465766479 0.135139597212 
21 37 2.0 708 717 116 0 12647 13829 12 0 0 0 0 1 0 0 108.0 33.0035106777 0.30558806183 0.400885736392 0.202959796919 
21 38 0.0 708 717 116 0 12647 13829 12 0 0 0 0 1 0 0 108.0 32.7013544529 0.302790319008 0.458466447527 0.13513910368 
21 38 2.0 708 717 116 0 12647 13829 12 0 0 0 0 1 0 0 108.0 33.0034931366 0.305587899413 0.400885622045 0.202959582733 
21 39 0.0 708 717 116 0 12647 13829 12 0 0 0 0 1 0 0 108.0 32.7014881639 0.302791557073 0.458462681758 0.135145730489 
21 39 2.0 708 717 116 0 12647 13829 12 0 0 0 0 1 0 0 108.0 33.0034899534 0.305587869939 0.400885778707 0.202959352804 
21 40 0.0 708 717 116 0 12647 13829 12 0 0 0 0 1 0 0 108.0 32.7015026223 0.302791690947 0.45846179027 0.1351469686 
21 40 2.0 708 717 116 0 12647 13829 12 0 0 0 0 1 0 0 108.0 33.003483429 0.305587809528 0.400885505769 0.202959521267 
