24 1 0.0 4 6 2 0 17 32 2 0.0939526447355 2 3 
24 1 0.0 7 6 2 0 17 32 2 0.0939542809328 2 3 
24 1 0.0 13 8 2 0 26 45 3 1.24889146315e-54 7 0 
24 1 0.0 12 9 2 0 26 45 3 2.97774686984e-48 7 0 
24 1 0.0 6 2 0 0 12 29 2 0.0110055985808 1 2 
24 1 0.0 1 7 0 0 9 12 1 0.178395964357 0 3 
24 1 0.0 9 2 0 0 12 29 2 0.0109188304428 1 2 
24 1 0.0 3 7 0 0 16 8 1 0.165921487781 0 4 
24 1 0.0 2 7 0 0 9 12 1 0.178395964357 0 3 
24 1 0.0 11 4 4 0 8 24 3 1.5650859736e-33 2 2 
24 1 0.0 8 2 0 0 13 18 2 0.0939570190112 2 1 
24 1 0.0 5 2 0 0 12 29 2 0.0101116923841 1 2 
24 1 0.0 10 1 0 0 9 15 2 0.0111488624759 1 1 
24 1 2.0 4 6 2 0 17 32 2 0.0925697804155 2 3 
24 1 2.0 7 6 2 0 17 32 2 0.0925663550135 2 3 
24 1 2.0 13 8 2 0 26 45 3 1.98715127396e-22 7 0 
24 1 2.0 12 9 2 0 26 45 3 5.38608191526e-14 7 0 
24 1 2.0 6 2 0 0 12 29 2 0.0521350581885 1 2 
24 1 2.0 1 7 0 0 9 12 1 0.115903208673 0 3 
24 1 2.0 9 2 0 0 12 29 2 0.0493496695967 1 2 
24 1 2.0 3 7 0 0 16 8 1 0.0103161318172 0 4 
24 1 2.0 2 7 0 0 9 12 1 0.115903208676 0 3 
24 1 2.0 11 4 4 0 8 24 3 0.0163933892007 2 2 
24 1 2.0 8 2 0 0 13 18 2 0.176504715996 2 1 
24 1 2.0 5 2 0 0 12 29 2 0.0532286962464 1 2 
24 1 2.0 10 1 0 0 9 15 2 0.0547544745253 1 1 
24 2 0.0 4 6 2 0 17 32 2 0.0959974662241 2 3 
24 2 0.0 7 6 2 0 17 32 2 0.0959989041067 2 3 
24 2 0.0 13 8 2 0 26 45 3 3.99688956638e-53 7 0 
24 2 0.0 12 9 2 0 26 45 3 1.67668624272e-48 7 0 
24 2 0.0 6 2 0 0 12 29 2 0.0167086856964 1 2 
24 2 0.0 1 7 0 0 9 12 1 0.172555572189 0 3 
24 2 0.0 9 2 0 0 12 29 2 0.0172576287036 1 2 
24 2 0.0 3 7 0 0 16 8 1 0.0660955149073 0 4 
24 2 0.0 2 7 0 0 9 12 1 0.172555572189 0 3 
24 2 0.0 11 4 4 0 8 24 3 7.38911019826e-32 2 2 
24 2 0.0 8 2 0 0 13 18 2 0.096000412078 2 1 
24 2 0.0 5 2 0 0 12 29 2 0.0176851199587 1 2 
24 2 0.0 10 1 0 0 9 15 2 0.0178471983713 1 1 
24 2 2.0 4 6 2 0 17 32 2 0.0859292565312 2 3 
24 2 2.0 7 6 2 0 17 32 2 0.0859307871199 2 3 
24 2 2.0 13 8 2 0 26 45 3 3.35479189902e-22 7 0 
24 2 2.0 12 9 2 0 26 45 3 7.16847424182e-14 7 0 
24 2 2.0 6 2 0 0 12 29 2 0.0483704580739 1 2 
24 2 2.0 1 7 0 0 9 12 1 0.13651828837 0 3 
24 2 2.0 9 2 0 0 12 29 2 0.0460501420545 1 2 
24 2 2.0 3 7 0 0 16 8 1 0.00991799562835 0 4 
24 2 2.0 2 7 0 0 9 12 1 0.136518288371 0 3 
24 2 2.0 11 4 4 0 8 24 3 0.0142232609171 2 2 
24 2 2.0 8 2 0 0 13 18 2 0.164318614478 2 1 
24 2 2.0 5 2 0 0 12 29 2 0.0482063237737 1 2 
24 2 2.0 10 1 0 0 9 15 2 0.0505057884167 1 1 
24 3 0.0 4 6 2 0 17 32 2 0.0943235699353 2 3 
24 3 0.0 7 6 2 0 17 32 2 0.0943228344455 2 3 
24 3 0.0 13 8 2 0 26 45 3 7.94407113863e-53 7 0 
24 3 0.0 12 9 2 0 26 45 3 4.69009868718e-47 7 0 
24 3 0.0 6 2 0 0 12 29 2 0.0371364583922 1 2 
24 3 0.0 1 7 0 0 9 12 1 0.173031164897 0 3 
24 3 0.0 9 2 0 0 12 29 2 0.0365945606018 1 2 
24 3 0.0 3 7 0 0 16 8 1 0.0505160938421 0 4 
24 3 0.0 2 7 0 0 9 12 1 0.173031164897 0 3 
24 3 0.0 11 4 4 0 8 24 3 1.7546969024e-32 2 2 
24 3 0.0 8 2 0 0 13 18 2 0.0943254364878 2 1 
24 3 0.0 5 2 0 0 12 29 2 0.0369466082064 1 2 
24 3 0.0 10 1 0 0 9 15 2 0.0366970774897 1 1 
24 3 2.0 4 6 2 0 17 32 2 0.0992071687528 2 3 
24 3 2.0 7 6 2 0 17 32 2 0.0992035085113 2 3 
24 3 2.0 13 8 2 0 26 45 3 7.32836161769e-23 7 0 
24 3 2.0 12 9 2 0 26 45 3 1.95355109826e-13 7 0 
24 3 2.0 6 2 0 0 12 29 2 0.0773314821635 1 2 
24 3 2.0 1 7 0 0 9 12 1 0.117798106668 0 3 
24 3 2.0 9 2 0 0 12 29 2 0.0860782681743 1 2 
24 3 2.0 3 7 0 0 16 8 1 0.0178705982388 0 4 
24 3 2.0 2 7 0 0 9 12 1 0.117798106668 0 3 
24 3 2.0 11 4 4 0 8 24 3 0.0156823111048 2 2 
24 3 2.0 8 2 0 0 13 18 2 0.185394556486 2 1 
24 3 2.0 5 2 0 0 12 29 2 0.0859853906099 1 2 
24 3 2.0 10 1 0 0 9 15 2 0.0880367489654 1 1 
24 4 0.0 4 6 2 0 17 32 2 0.0923475719544 2 3 
24 4 0.0 7 6 2 0 17 32 2 0.0923474399742 2 3 
24 4 0.0 13 8 2 0 26 45 3 9.07603873806e-53 7 0 
24 4 0.0 12 9 2 0 26 45 3 2.75720868674e-47 7 0 
24 4 0.0 6 2 0 0 12 29 2 0.0587345980603 1 2 
24 4 0.0 1 7 0 0 9 12 1 0.174723643761 0 3 
24 4 0.0 9 2 0 0 12 29 2 0.0549541568745 1 2 
24 4 0.0 3 7 0 0 16 8 1 0.0706494961535 0 4 
24 4 0.0 2 7 0 0 9 12 1 0.174723643761 0 3 
24 4 0.0 11 4 4 0 8 24 3 1.54374851815e-31 2 2 
24 4 0.0 8 2 0 0 13 18 2 0.0923493317932 2 1 
24 4 0.0 5 2 0 0 12 29 2 0.057879501386 1 2 
24 4 0.0 10 1 0 0 9 15 2 0.0580110823555 1 1 
24 4 2.0 4 6 2 0 17 32 2 0.0817826713498 2 3 
24 4 2.0 7 6 2 0 17 32 2 0.0817835971321 2 3 
24 4 2.0 13 8 2 0 26 45 3 6.58262616592e-23 7 0 
24 4 2.0 12 9 2 0 26 45 3 4.07324825538e-14 7 0 
24 4 2.0 6 2 0 0 12 29 2 0.00634223489787 1 2 
24 4 2.0 1 7 0 0 9 12 1 0.123843182566 0 3 
24 4 2.0 9 2 0 0 12 29 2 0.00612718143245 1 2 
24 4 2.0 3 7 0 0 16 8 1 0.214585055533 0 4 
24 4 2.0 2 7 0 0 9 12 1 0.123843182567 0 3 
24 4 2.0 11 4 4 0 8 24 3 0.0150015142863 2 2 
24 4 2.0 8 2 0 0 13 18 2 0.156687730405 2 1 
24 4 2.0 5 2 0 0 12 29 2 0.00637467890243 1 2 
24 4 2.0 10 1 0 0 9 15 2 0.00670056233134 1 1 
24 5 0.0 4 6 2 0 17 32 2 0.0932635801158 2 3 
24 5 0.0 7 6 2 0 17 32 2 0.0932635858128 2 3 
24 5 0.0 13 8 2 0 26 45 3 1.07883002329e-53 7 0 
24 5 0.0 12 9 2 0 26 45 3 2.94456001895e-48 7 0 
24 5 0.0 6 2 0 0 12 29 2 0.0360431883983 1 2 
24 5 0.0 1 7 0 0 9 12 1 0.175433162729 0 3 
24 5 0.0 9 2 0 0 12 29 2 0.0359984756154 1 2 
24 5 0.0 3 7 0 0 16 8 1 0.419833915184 0 4 
24 5 0.0 2 7 0 0 9 12 1 0.175433162729 0 3 
24 5 0.0 11 4 4 0 8 24 3 2.31842083321e-33 2 2 
24 5 0.0 8 2 0 0 13 18 2 0.0932664142761 2 1 
24 5 0.0 5 2 0 0 12 29 2 0.0356892093838 1 2 
24 5 0.0 10 1 0 0 9 15 2 0.0372697839847 1 1 
24 5 2.0 4 6 2 0 17 32 2 0.0967706611705 2 3 
24 5 2.0 7 6 2 0 17 32 2 0.0967683355117 2 3 
24 5 2.0 13 8 2 0 26 45 3 1.3670902661e-23 7 0 
24 5 2.0 12 9 2 0 26 45 3 2.50382576563e-13 7 0 
24 5 2.0 6 2 0 0 12 29 2 0.00514268468081 1 2 
24 5 2.0 1 7 0 0 9 12 1 0.12060029178 0 3 
24 5 2.0 9 2 0 0 12 29 2 0.00560820600475 1 2 
24 5 2.0 3 7 0 0 16 8 1 0.0657868573925 0 4 
24 5 2.0 2 7 0 0 9 12 1 0.12060029178 0 3 
24 5 2.0 11 4 4 0 8 24 3 0.0156334151704 2 2 
24 5 2.0 8 2 0 0 13 18 2 0.183906786191 2 1 
24 5 2.0 5 2 0 0 12 29 2 0.00557461486837 1 2 
24 5 2.0 10 1 0 0 9 15 2 0.00570827699591 1 1 
24 6 0.0 4 6 2 0 17 32 2 0.0931673834375 2 3 
24 6 0.0 7 6 2 0 17 32 2 0.0931627910914 2 3 
24 6 0.0 13 8 2 0 26 45 3 4.41535233182e-53 7 0 
24 6 0.0 12 9 2 0 26 45 3 9.93223249555e-48 7 0 
24 6 0.0 6 2 0 0 12 29 2 0.0750612376487 1 2 
24 6 0.0 1 7 0 0 9 12 1 0.183222769736 0 3 
24 6 0.0 9 2 0 0 12 29 2 0.0699206621585 1 2 
24 6 0.0 3 7 0 0 16 8 1 0.135021282989 0 4 
24 6 0.0 2 7 0 0 9 12 1 0.183222769736 0 3 
24 6 0.0 11 4 4 0 8 24 3 2.4728893924e-33 2 2 
24 6 0.0 8 2 0 0 13 18 2 0.0931685730411 2 1 
24 6 0.0 5 2 0 0 12 29 2 0.0744644101814 1 2 
24 6 0.0 10 1 0 0 9 15 2 0.0761478117121 1 1 
24 6 2.0 4 6 2 0 17 32 2 0.0818727155061 2 3 
24 6 2.0 7 6 2 0 17 32 2 0.0818734615697 2 3 
24 6 2.0 13 8 2 0 26 45 3 7.48148150761e-23 7 0 
24 6 2.0 12 9 2 0 26 45 3 8.70032926432e-14 7 0 
24 6 2.0 6 2 0 0 12 29 2 0.00730008165726 1 2 
24 6 2.0 1 7 0 0 9 12 1 0.118925133424 0 3 
24 6 2.0 9 2 0 0 12 29 2 0.00726842066824 1 2 
24 6 2.0 3 7 0 0 16 8 1 0.253572383254 0 4 
24 6 2.0 2 7 0 0 9 12 1 0.118925133423 0 3 
24 6 2.0 11 4 4 0 8 24 3 0.0154185071675 2 2 
24 6 2.0 8 2 0 0 13 18 2 0.156565099699 2 1 
24 6 2.0 5 2 0 0 12 29 2 0.00725696937784 1 2 
24 6 2.0 10 1 0 0 9 15 2 0.00768912743318 1 1 
24 7 0.0 4 6 2 0 17 32 2 0.0953574431617 2 3 
24 7 0.0 7 6 2 0 17 32 2 0.095352592144 2 3 
24 7 0.0 13 8 2 0 26 45 3 7.40282527209e-54 7 0 
24 7 0.0 12 9 2 0 26 45 3 1.67918803093e-47 7 0 
24 7 0.0 6 2 0 0 12 29 2 0.0122140197946 1 2 
24 7 0.0 1 7 0 0 9 12 1 0.174398121842 0 3 
24 7 0.0 9 2 0 0 12 29 2 0.0112621745171 1 2 
24 7 0.0 3 7 0 0 16 8 1 0.108917531234 0 4 
24 7 0.0 2 7 0 0 9 12 1 0.174398121842 0 3 
24 7 0.0 11 4 4 0 8 24 3 2.32074676154e-33 2 2 
24 7 0.0 8 2 0 0 13 18 2 0.0953591013456 2 1 
24 7 0.0 5 2 0 0 12 29 2 0.0124807253127 1 2 
24 7 0.0 10 1 0 0 9 15 2 0.0124599536539 1 1 
24 7 2.0 4 6 2 0 17 32 2 0.0854291161346 2 3 
24 7 2.0 7 6 2 0 17 32 2 0.08543530083 2 3 
24 7 2.0 13 8 2 0 26 45 3 5.48421612867e-23 7 0 
24 7 2.0 12 9 2 0 26 45 3 2.22642375223e-13 7 0 
24 7 2.0 6 2 0 0 12 29 2 0.00657739591504 1 2 
24 7 2.0 1 7 0 0 9 12 1 0.122703587761 0 3 
24 7 2.0 9 2 0 0 12 29 2 0.0066501153691 1 2 
24 7 2.0 3 7 0 0 16 8 1 0.22968294143 0 4 
24 7 2.0 2 7 0 0 9 12 1 0.122703587761 0 3 
24 7 2.0 11 4 4 0 8 24 3 0.0154964283883 2 2 
24 7 2.0 8 2 0 0 13 18 2 0.164726054057 2 1 
24 7 2.0 5 2 0 0 12 29 2 0.00654957690907 1 2 
24 7 2.0 10 1 0 0 9 15 2 0.00689737233848 1 1 
24 8 0.0 4 6 2 0 17 32 2 0.0943868558402 2 3 
24 8 0.0 7 6 2 0 17 32 2 0.0943864833957 2 3 
24 8 0.0 13 8 2 0 26 45 3 1.0408647858e-53 7 0 
24 8 0.0 12 9 2 0 26 45 3 5.99334557888e-48 7 0 
24 8 0.0 6 2 0 0 12 29 2 0.0108915264251 1 2 
24 8 0.0 1 7 0 0 9 12 1 0.178302500989 0 3 
24 8 0.0 9 2 0 0 12 29 2 0.0104516615299 1 2 
24 8 0.0 3 7 0 0 16 8 1 0.150165998492 0 4 
24 8 0.0 2 7 0 0 9 12 1 0.178302500989 0 3 
24 8 0.0 11 4 4 0 8 24 3 1.14026353661e-34 2 2 
24 8 0.0 8 2 0 0 13 18 2 0.0943903507453 2 1 
24 8 0.0 5 2 0 0 12 29 2 0.0109781728352 1 2 
24 8 0.0 10 1 0 0 9 15 2 0.0111935100755 1 1 
24 8 2.0 4 6 2 0 17 32 2 0.0856497052852 2 3 
24 8 2.0 7 6 2 0 17 32 2 0.0856550230026 2 3 
24 8 2.0 13 8 2 0 26 45 3 5.01775534729e-23 7 0 
24 8 2.0 12 9 2 0 26 45 3 7.93835191537e-14 7 0 
24 8 2.0 6 2 0 0 12 29 2 0.00495004074429 1 2 
24 8 2.0 1 7 0 0 9 12 1 0.116551205915 0 3 
24 8 2.0 9 2 0 0 12 29 2 0.00490634622185 1 2 
24 8 2.0 3 7 0 0 16 8 1 0.101122878856 0 4 
24 8 2.0 2 7 0 0 9 12 1 0.116551205916 0 3 
24 8 2.0 11 4 4 0 8 24 3 0.016559139835 2 2 
24 8 2.0 8 2 0 0 13 18 2 0.164031487507 2 1 
24 8 2.0 5 2 0 0 12 29 2 0.00509651267162 1 2 
24 8 2.0 10 1 0 0 9 15 2 0.00526615603303 1 1 
24 9 0.0 4 6 2 0 17 32 2 0.0936298210025 2 3 
24 9 0.0 7 6 2 0 17 32 2 0.0936306340631 2 3 
24 9 0.0 13 8 2 0 26 45 3 2.65773430092e-53 7 0 
24 9 0.0 12 9 2 0 26 45 3 5.87132017162e-48 7 0 
24 9 0.0 6 2 0 0 12 29 2 0.0325712028513 1 2 
24 9 0.0 1 7 0 0 9 12 1 0.18453725164 0 3 
24 9 0.0 9 2 0 0 12 29 2 0.0334468694867 1 2 
24 9 0.0 3 7 0 0 16 8 1 0.0498237614128 0 4 
24 9 0.0 2 7 0 0 9 12 1 0.18453725164 0 3 
24 9 0.0 11 4 4 0 8 24 3 5.8425316819e-33 2 2 
24 9 0.0 8 2 0 0 13 18 2 0.0936330629565 2 1 
24 9 0.0 5 2 0 0 12 29 2 0.0332810356411 1 2 
24 9 0.0 10 1 0 0 9 15 2 0.033971722376 1 1 
24 9 2.0 4 6 2 0 17 32 2 0.0871894577722 2 3 
24 9 2.0 7 6 2 0 17 32 2 0.0871936855603 2 3 
24 9 2.0 13 8 2 0 26 45 3 2.17468886381e-23 7 0 
24 9 2.0 12 9 2 0 26 45 3 1.50298867455e-13 7 0 
24 9 2.0 6 2 0 0 12 29 2 0.00493305191988 1 2 
24 9 2.0 1 7 0 0 9 12 1 0.120211526682 0 3 
24 9 2.0 9 2 0 0 12 29 2 0.00589738882806 1 2 
24 9 2.0 3 7 0 0 16 8 1 0.0633019021972 0 4 
24 9 2.0 2 7 0 0 9 12 1 0.120211526681 0 3 
24 9 2.0 11 4 4 0 8 24 3 0.015667887235 2 2 
24 9 2.0 8 2 0 0 13 18 2 0.167512391506 2 1 
24 9 2.0 5 2 0 0 12 29 2 0.00598942703912 1 2 
24 9 2.0 10 1 0 0 9 15 2 0.00606649206221 1 1 
24 10 0.0 4 6 2 0 17 32 2 0.0949266355227 2 3 
24 10 0.0 7 6 2 0 17 32 2 0.0949279006532 2 3 
24 10 0.0 13 8 2 0 26 45 3 2.24902451389e-53 7 0 
24 10 0.0 12 9 2 0 26 45 3 6.09443641682e-48 7 0 
24 10 0.0 6 2 0 0 12 29 2 0.0337103862436 1 2 
24 10 0.0 1 7 0 0 9 12 1 0.185379916701 0 3 
24 10 0.0 9 2 0 0 12 29 2 0.0334687462246 1 2 
24 10 0.0 3 7 0 0 16 8 1 0.0499757894178 0 4 
24 10 0.0 2 7 0 0 9 12 1 0.185379916701 0 3 
24 10 0.0 11 4 4 0 8 24 3 4.38057936547e-33 2 2 
24 10 0.0 8 2 0 0 13 18 2 0.0949296942812 2 1 
24 10 0.0 5 2 0 0 12 29 2 0.0331067912074 1 2 
24 10 0.0 10 1 0 0 9 15 2 0.0346575588993 1 1 
24 10 2.0 4 6 2 0 17 32 2 0.088355390266 2 3 
24 10 2.0 7 6 2 0 17 32 2 0.088356747234 2 3 
24 10 2.0 13 8 2 0 26 45 3 1.06772914439e-22 7 0 
24 10 2.0 12 9 2 0 26 45 3 7.15395762337e-14 7 0 
24 10 2.0 6 2 0 0 12 29 2 0.0262128835526 1 2 
24 10 2.0 1 7 0 0 9 12 1 0.11166313409 0 3 
24 10 2.0 9 2 0 0 12 29 2 0.0266316675293 1 2 
24 10 2.0 3 7 0 0 16 8 1 0.443489859853 0 4 
24 10 2.0 2 7 0 0 9 12 1 0.111663134089 0 3 
24 10 2.0 11 4 4 0 8 24 3 0.0161242218753 2 2 
24 10 2.0 8 2 0 0 13 18 2 0.167499833036 2 1 
24 10 2.0 5 2 0 0 12 29 2 0.0254364796837 1 2 
24 10 2.0 10 1 0 0 9 15 2 0.0275783952129 1 1 
24 11 0.0 4 6 2 0 17 32 2 0.0913954152629 2 3 
24 11 0.0 7 6 2 0 17 32 2 0.0913946773993 2 3 
24 11 0.0 13 8 2 0 26 45 3 9.47830563188e-53 7 0 
24 11 0.0 12 9 2 0 26 45 3 2.69147802276e-48 7 0 
24 11 0.0 6 2 0 0 12 29 2 0.0543027362061 1 2 
24 11 0.0 1 7 0 0 9 12 1 0.17926749836 0 3 
24 11 0.0 9 2 0 0 12 29 2 0.0521885906052 1 2 
24 11 0.0 3 7 0 0 16 8 1 0.36707039419 0 4 
24 11 0.0 2 7 0 0 9 12 1 0.17926749836 0 3 
24 11 0.0 11 4 4 0 8 24 3 1.52378888875e-31 2 2 
24 11 0.0 8 2 0 0 13 18 2 0.0913967062742 2 1 
24 11 0.0 5 2 0 0 12 29 2 0.0543419489163 1 2 
24 11 0.0 10 1 0 0 9 15 2 0.056275044649 1 1 
24 11 2.0 4 6 2 0 17 32 2 0.0829443840346 2 3 
24 11 2.0 7 6 2 0 17 32 2 0.0829435821077 2 3 
24 11 2.0 13 8 2 0 26 45 3 5.14043329985e-23 7 0 
24 11 2.0 12 9 2 0 26 45 3 6.90235995618e-13 7 0 
24 11 2.0 6 2 0 0 12 29 2 0.0213907084777 1 2 
24 11 2.0 1 7 0 0 9 12 1 0.121747132463 0 3 
24 11 2.0 9 2 0 0 12 29 2 0.0211737359031 1 2 
24 11 2.0 3 7 0 0 16 8 1 0.011158172898 0 4 
24 11 2.0 2 7 0 0 9 12 1 0.121747132462 0 3 
24 11 2.0 11 4 4 0 8 24 3 0.0153141602358 2 2 
24 11 2.0 8 2 0 0 13 18 2 0.159633059814 2 1 
24 11 2.0 5 2 0 0 12 29 2 0.0206477021046 1 2 
24 11 2.0 10 1 0 0 9 15 2 0.0216004553388 1 1 
24 12 0.0 4 6 2 0 17 32 2 0.0991313988199 2 3 
24 12 0.0 7 6 2 0 17 32 2 0.0991362041405 2 3 
24 12 0.0 13 8 2 0 26 45 3 1.61672174976e-53 7 0 
24 12 0.0 12 9 2 0 26 45 3 3.17127022685e-48 7 0 
24 12 0.0 6 2 0 0 12 29 2 0.0699260721567 1 2 
24 12 0.0 1 7 0 0 9 12 1 0.175365344846 0 3 
24 12 0.0 9 2 0 0 12 29 2 0.0728191749771 1 2 
24 12 0.0 3 7 0 0 16 8 1 0.246780644307 0 4 
24 12 0.0 2 7 0 0 9 12 1 0.175365344846 0 3 
24 12 0.0 11 4 4 0 8 24 3 2.84189754869e-33 2 2 
24 12 0.0 8 2 0 0 13 18 2 0.099137703857 2 1 
24 12 0.0 5 2 0 0 12 29 2 0.072895420812 1 2 
24 12 0.0 10 1 0 0 9 15 2 0.0745474916167 1 1 
24 12 2.0 4 6 2 0 17 32 2 0.086419442617 2 3 
24 12 2.0 7 6 2 0 17 32 2 0.0864222174673 2 3 
24 12 2.0 13 8 2 0 26 45 3 1.0498780673e-22 7 0 
24 12 2.0 12 9 2 0 26 45 3 1.69786107748e-13 7 0 
24 12 2.0 6 2 0 0 12 29 2 0.0153451126988 1 2 
24 12 2.0 1 7 0 0 9 12 1 0.115431182525 0 3 
24 12 2.0 9 2 0 0 12 29 2 0.0155573509687 1 2 
24 12 2.0 3 7 0 0 16 8 1 0.0142773854626 0 4 
24 12 2.0 2 7 0 0 9 12 1 0.115431182525 0 3 
24 12 2.0 11 4 4 0 8 24 3 0.0158042368038 2 2 
24 12 2.0 8 2 0 0 13 18 2 0.164677188327 2 1 
24 12 2.0 5 2 0 0 12 29 2 0.0154862054059 1 2 
24 12 2.0 10 1 0 0 9 15 2 0.0162201069572 1 1 
24 13 0.0 4 6 2 0 17 32 2 0.0946512236674 2 3 
24 13 0.0 7 6 2 0 17 32 2 0.0946489058077 2 3 
24 13 0.0 13 8 2 0 26 45 3 5.8482419116e-53 7 0 
24 13 0.0 12 9 2 0 26 45 3 3.36386607225e-48 7 0 
24 13 0.0 6 2 0 0 12 29 2 0.0729698666239 1 2 
24 13 0.0 1 7 0 0 9 12 1 0.173215636185 0 3 
24 13 0.0 9 2 0 0 12 29 2 0.0742827031349 1 2 
24 13 0.0 3 7 0 0 16 8 1 0.236469321537 0 4 
24 13 0.0 2 7 0 0 9 12 1 0.173215636185 0 3 
24 13 0.0 11 4 4 0 8 24 3 3.28185566116e-33 2 2 
24 13 0.0 8 2 0 0 13 18 2 0.0946527560739 2 1 
24 13 0.0 5 2 0 0 12 29 2 0.0700969168263 1 2 
24 13 0.0 10 1 0 0 9 15 2 0.0756970073252 1 1 
24 13 2.0 4 6 2 0 17 32 2 0.0895130880644 2 3 
24 13 2.0 7 6 2 0 17 32 2 0.0895128426697 2 3 
24 13 2.0 13 8 2 0 26 45 3 2.40362997547e-22 7 0 
24 13 2.0 12 9 2 0 26 45 3 3.52653027163e-14 7 0 
24 13 2.0 6 2 0 0 12 29 2 0.0301814724014 1 2 
24 13 2.0 1 7 0 0 9 12 1 0.109987103386 0 3 
24 13 2.0 9 2 0 0 12 29 2 0.0300437088571 1 2 
24 13 2.0 3 7 0 0 16 8 1 0.44867248094 0 4 
24 13 2.0 2 7 0 0 9 12 1 0.109987103386 0 3 
24 13 2.0 11 4 4 0 8 24 3 0.0164760857091 2 2 
24 13 2.0 8 2 0 0 13 18 2 0.16856948205 2 1 
24 13 2.0 5 2 0 0 12 29 2 0.0298550638311 1 2 
24 13 2.0 10 1 0 0 9 15 2 0.0318684030755 1 1 
24 14 0.0 4 6 2 0 17 32 2 0.0932680064629 2 3 
24 14 0.0 7 6 2 0 17 32 2 0.0932652202877 2 3 
24 14 0.0 13 8 2 0 26 45 3 3.16659763957e-53 7 0 
24 14 0.0 12 9 2 0 26 45 3 7.36675507018e-48 7 0 
24 14 0.0 6 2 0 0 12 29 2 0.0107249111764 1 2 
24 14 0.0 1 7 0 0 9 12 1 0.185232865492 0 3 
24 14 0.0 9 2 0 0 12 29 2 0.0106439931185 1 2 
24 14 0.0 3 7 0 0 16 8 1 0.173404455669 0 4 
24 14 0.0 2 7 0 0 9 12 1 0.185232865492 0 3 
24 14 0.0 11 4 4 0 8 24 3 5.89634441945e-33 2 2 
24 14 0.0 8 2 0 0 13 18 2 0.0932694605105 2 1 
24 14 0.0 5 2 0 0 12 29 2 0.0106501785435 1 2 
24 14 0.0 10 1 0 0 9 15 2 0.0110839586689 1 1 
24 14 2.0 4 6 2 0 17 32 2 0.0866449502102 2 3 
24 14 2.0 7 6 2 0 17 32 2 0.0866521000446 2 3 
24 14 2.0 13 8 2 0 26 45 3 1.34804055042e-22 7 0 
24 14 2.0 12 9 2 0 26 45 3 3.8782597551e-14 7 0 
24 14 2.0 6 2 0 0 12 29 2 0.0129868928336 1 2 
24 14 2.0 1 7 0 0 9 12 1 0.130242688547 0 3 
24 14 2.0 9 2 0 0 12 29 2 0.0139943435199 1 2 
24 14 2.0 3 7 0 0 16 8 1 0.0163786219836 0 4 
24 14 2.0 2 7 0 0 9 12 1 0.130242688547 0 3 
24 14 2.0 11 4 4 0 8 24 3 0.01456471298 2 2 
24 14 2.0 8 2 0 0 13 18 2 0.16521987389 2 1 
24 14 2.0 5 2 0 0 12 29 2 0.0146077065058 1 2 
24 14 2.0 10 1 0 0 9 15 2 0.0150187720171 1 1 
24 15 0.0 4 6 2 0 17 32 2 0.100036978296 2 3 
24 15 0.0 7 6 2 0 17 32 2 0.10003776731 2 3 
24 15 0.0 13 8 2 0 26 45 3 4.14965793741e-54 7 0 
24 15 0.0 12 9 2 0 26 45 3 2.99394092318e-48 7 0 
24 15 0.0 6 2 0 0 12 29 2 0.0518584517853 1 2 
24 15 0.0 1 7 0 0 9 12 1 0.175410317791 0 3 
24 15 0.0 9 2 0 0 12 29 2 0.0520424141308 1 2 
24 15 0.0 3 7 0 0 16 8 1 0.377892691169 0 4 
24 15 0.0 2 7 0 0 9 12 1 0.175410317791 0 3 
24 15 0.0 11 4 4 0 8 24 3 1.86467405602e-32 2 2 
24 15 0.0 8 2 0 0 13 18 2 0.100040369341 2 1 
24 15 0.0 5 2 0 0 12 29 2 0.0529461886514 1 2 
24 15 0.0 10 1 0 0 9 15 2 0.0530142785354 1 1 
24 15 2.0 4 6 2 0 17 32 2 0.0954540529044 2 3 
24 15 2.0 7 6 2 0 17 32 2 0.0954537060721 2 3 
24 15 2.0 13 8 2 0 26 45 3 5.87276032364e-23 7 0 
24 15 2.0 12 9 2 0 26 45 3 1.0381295905e-13 7 0 
24 15 2.0 6 2 0 0 12 29 2 0.021817969731 1 2 
24 15 2.0 1 7 0 0 9 12 1 0.116509804582 0 3 
24 15 2.0 9 2 0 0 12 29 2 0.021717310841 1 2 
24 15 2.0 3 7 0 0 16 8 1 0.0109899767907 0 4 
24 15 2.0 2 7 0 0 9 12 1 0.116509804582 0 3 
24 15 2.0 11 4 4 0 8 24 3 0.0165069504592 2 2 
24 15 2.0 8 2 0 0 13 18 2 0.180930017634 2 1 
24 15 2.0 5 2 0 0 12 29 2 0.0216317135166 1 2 
24 15 2.0 10 1 0 0 9 15 2 0.0228553025328 1 1 
24 16 0.0 4 6 2 0 17 32 2 0.10149074754 2 3 
24 16 0.0 7 6 2 0 17 32 2 0.101491558189 2 3 
24 16 0.0 13 8 2 0 26 45 3 8.61208243745e-54 7 0 
24 16 0.0 12 9 2 0 26 45 3 5.86417726774e-48 7 0 
24 16 0.0 6 2 0 0 12 29 2 0.0154340922745 1 2 
24 16 0.0 1 7 0 0 9 12 1 0.178685595847 0 3 
24 16 0.0 9 2 0 0 12 29 2 0.0164208684845 1 2 
24 16 0.0 3 7 0 0 16 8 1 0.340535806738 0 4 
24 16 0.0 2 7 0 0 9 12 1 0.178685595847 0 3 
24 16 0.0 11 4 4 0 8 24 3 5.38676012106e-33 2 2 
24 16 0.0 8 2 0 0 13 18 2 0.101494187109 2 1 
24 16 0.0 5 2 0 0 12 29 2 0.0161094836791 1 2 
24 16 0.0 10 1 0 0 9 15 2 0.0165223989319 1 1 
24 16 2.0 4 6 2 0 17 32 2 0.0843470263035 2 3 
24 16 2.0 7 6 2 0 17 32 2 0.084348652111 2 3 
24 16 2.0 13 8 2 0 26 45 3 1.70360021184e-23 7 0 
24 16 2.0 12 9 2 0 26 45 3 1.59630594258e-13 7 0 
24 16 2.0 6 2 0 0 12 29 2 0.120711197141 1 2 
24 16 2.0 1 7 0 0 9 12 1 0.116563552893 0 3 
24 16 2.0 9 2 0 0 12 29 2 0.116406819173 1 2 
24 16 2.0 3 7 0 0 16 8 1 0.2390255586 0 4 
24 16 2.0 2 7 0 0 9 12 1 0.116563552892 0 3 
24 16 2.0 11 4 4 0 8 24 3 0.015705969982 2 2 
24 16 2.0 8 2 0 0 13 18 2 0.16132114077 2 1 
24 16 2.0 5 2 0 0 12 29 2 0.119614488155 1 2 
24 16 2.0 10 1 0 0 9 15 2 0.123451422448 1 1 
24 17 0.0 4 6 2 0 17 32 2 0.0913533419334 2 3 
24 17 0.0 7 6 2 0 17 32 2 0.0913530525926 2 3 
24 17 0.0 13 8 2 0 26 45 3 4.27467271504e-53 7 0 
24 17 0.0 12 9 2 0 26 45 3 3.94501932048e-48 7 0 
24 17 0.0 6 2 0 0 12 29 2 0.0657314470844 1 2 
24 17 0.0 1 7 0 0 9 12 1 0.180816940964 0 3 
24 17 0.0 9 2 0 0 12 29 2 0.066604354756 1 2 
24 17 0.0 3 7 0 0 16 8 1 0.0939124617965 0 4 
24 17 0.0 2 7 0 0 9 12 1 0.180816940964 0 3 
24 17 0.0 11 4 4 0 8 24 3 1.31759422248e-31 2 2 
24 17 0.0 8 2 0 0 13 18 2 0.0913547482987 2 1 
24 17 0.0 5 2 0 0 12 29 2 0.0666852533742 1 2 
24 17 0.0 10 1 0 0 9 15 2 0.0687716109525 1 1 
24 17 2.0 4 6 2 0 17 32 2 0.0836452974292 2 3 
24 17 2.0 7 6 2 0 17 32 2 0.0836458134639 2 3 
24 17 2.0 13 8 2 0 26 45 3 1.24886723671e-22 7 0 
24 17 2.0 12 9 2 0 26 45 3 7.81430817316e-14 7 0 
24 17 2.0 6 2 0 0 12 29 2 0.0101487153959 1 2 
24 17 2.0 1 7 0 0 9 12 1 0.11939150957 0 3 
24 17 2.0 9 2 0 0 12 29 2 0.00990123853865 1 2 
24 17 2.0 3 7 0 0 16 8 1 0.0224482051497 0 4 
24 17 2.0 2 7 0 0 9 12 1 0.11939150957 0 3 
24 17 2.0 11 4 4 0 8 24 3 0.0154917337463 2 2 
24 17 2.0 8 2 0 0 13 18 2 0.160542494453 2 1 
24 17 2.0 5 2 0 0 12 29 2 0.010616096468 1 2 
24 17 2.0 10 1 0 0 9 15 2 0.0109059036577 1 1 
24 18 0.0 4 6 2 0 17 32 2 0.0952806359863 2 3 
24 18 0.0 7 6 2 0 17 32 2 0.0952833993158 2 3 
24 18 0.0 13 8 2 0 26 45 3 1.65821395573e-53 7 0 
24 18 0.0 12 9 2 0 26 45 3 4.1465254025e-48 7 0 
24 18 0.0 6 2 0 0 12 29 2 0.0137585035838 1 2 
24 18 0.0 1 7 0 0 9 12 1 0.173506081954 0 3 
24 18 0.0 9 2 0 0 12 29 2 0.0138330951168 1 2 
24 18 0.0 3 7 0 0 16 8 1 0.304294196478 0 4 
24 18 0.0 2 7 0 0 9 12 1 0.173506081954 0 3 
24 18 0.0 11 4 4 0 8 24 3 9.80312591149e-32 2 2 
24 18 0.0 8 2 0 0 13 18 2 0.095284144721 2 1 
24 18 0.0 5 2 0 0 12 29 2 0.0139369069432 1 2 
24 18 0.0 10 1 0 0 9 15 2 0.0137674529651 1 1 
24 18 2.0 4 6 2 0 17 32 2 0.0859778536247 2 3 
24 18 2.0 7 6 2 0 17 32 2 0.0859768778288 2 3 
24 18 2.0 13 8 2 0 26 45 3 6.90832465477e-24 7 0 
24 18 2.0 12 9 2 0 26 45 3 4.33178664195e-13 7 0 
24 18 2.0 6 2 0 0 12 29 2 0.0759352229825 1 2 
24 18 2.0 1 7 0 0 9 12 1 0.12933371006 0 3 
24 18 2.0 9 2 0 0 12 29 2 0.0747377859746 1 2 
24 18 2.0 3 7 0 0 16 8 1 0.39863419751 0 4 
24 18 2.0 2 7 0 0 9 12 1 0.12933371006 0 3 
24 18 2.0 11 4 4 0 8 24 3 0.0147762180303 2 2 
24 18 2.0 8 2 0 0 13 18 2 0.163892759191 2 1 
24 18 2.0 5 2 0 0 12 29 2 0.0758749414095 1 2 
24 18 2.0 10 1 0 0 9 15 2 0.0780932460796 1 1 
24 19 0.0 4 6 2 0 17 32 2 0.0954970726775 2 3 
24 19 0.0 7 6 2 0 17 32 2 0.095496998419 2 3 
24 19 0.0 13 8 2 0 26 45 3 1.13711983217e-53 7 0 
24 19 0.0 12 9 2 0 26 45 3 3.40852354696e-48 7 0 
24 19 0.0 6 2 0 0 12 29 2 0.0104481799393 1 2 
24 19 0.0 1 7 0 0 9 12 1 0.17413258432 0 3 
24 19 0.0 9 2 0 0 12 29 2 0.0107373465128 1 2 
24 19 0.0 3 7 0 0 16 8 1 0.177092391683 0 4 
24 19 0.0 2 7 0 0 9 12 1 0.17413258432 0 3 
24 19 0.0 11 4 4 0 8 24 3 2.34160121546e-34 2 2 
24 19 0.0 8 2 0 0 13 18 2 0.0955007590748 2 1 
24 19 0.0 5 2 0 0 12 29 2 0.0109300700423 1 2 
24 19 0.0 10 1 0 0 9 15 2 0.0111921041374 1 1 
24 19 2.0 4 6 2 0 17 32 2 0.0880154472361 2 3 
24 19 2.0 7 6 2 0 17 32 2 0.088015096691 2 3 
24 19 2.0 13 8 2 0 26 45 3 2.8861739192e-22 7 0 
24 19 2.0 12 9 2 0 26 45 3 8.84757351924e-14 7 0 
24 19 2.0 6 2 0 0 12 29 2 0.00484464748824 1 2 
24 19 2.0 1 7 0 0 9 12 1 0.112133612943 0 3 
24 19 2.0 9 2 0 0 12 29 2 0.00592392113897 1 2 
24 19 2.0 3 7 0 0 16 8 1 0.0676650659106 0 4 
24 19 2.0 2 7 0 0 9 12 1 0.112133612942 0 3 
24 19 2.0 11 4 4 0 8 24 3 0.0164115765248 2 2 
24 19 2.0 8 2 0 0 13 18 2 0.16824832009 2 1 
24 19 2.0 5 2 0 0 12 29 2 0.0058686914038 1 2 
24 19 2.0 10 1 0 0 9 15 2 0.00605685056061 1 1 
24 20 0.0 4 6 2 0 17 32 2 0.0945619840976 2 3 
24 20 0.0 7 6 2 0 17 32 2 0.0945664621228 2 3 
24 20 0.0 13 8 2 0 26 45 3 6.17697795924e-54 7 0 
24 20 0.0 12 9 2 0 26 45 3 5.17850771376e-48 7 0 
24 20 0.0 6 2 0 0 12 29 2 0.0698681445034 1 2 
24 20 0.0 1 7 0 0 9 12 1 0.178121944174 0 3 
24 20 0.0 9 2 0 0 12 29 2 0.0717887177887 1 2 
24 20 0.0 3 7 0 0 16 8 1 0.116782035433 0 4 
24 20 0.0 2 7 0 0 9 12 1 0.178121944174 0 3 
24 20 0.0 11 4 4 0 8 24 3 1.64873183467e-34 2 2 
24 20 0.0 8 2 0 0 13 18 2 0.0945687668211 2 1 
24 20 0.0 5 2 0 0 12 29 2 0.0723934149841 1 2 
24 20 0.0 10 1 0 0 9 15 2 0.0736271505593 1 1 
24 20 2.0 4 6 2 0 17 32 2 0.0837344874703 2 3 
24 20 2.0 7 6 2 0 17 32 2 0.0837315137297 2 3 
24 20 2.0 13 8 2 0 26 45 3 1.51052445266e-23 7 0 
24 20 2.0 12 9 2 0 26 45 3 3.14671478265e-14 7 0 
24 20 2.0 6 2 0 0 12 29 2 0.0495017366006 1 2 
24 20 2.0 1 7 0 0 9 12 1 0.118021999194 0 3 
24 20 2.0 9 2 0 0 12 29 2 0.0447428571822 1 2 
24 20 2.0 3 7 0 0 16 8 1 0.0100659415027 0 4 
24 20 2.0 2 7 0 0 9 12 1 0.118021999193 0 3 
24 20 2.0 11 4 4 0 8 24 3 0.015599221325 2 2 
24 20 2.0 8 2 0 0 13 18 2 0.160521918667 2 1 
24 20 2.0 5 2 0 0 12 29 2 0.0495665079869 1 2 
24 20 2.0 10 1 0 0 9 15 2 0.0517863640418 1 1 
24 21 0.0 4 6 2 0 17 32 2 0.0933517233197 2 3 
24 21 0.0 7 6 2 0 17 32 2 0.0933533491864 2 3 
24 21 0.0 13 8 2 0 26 45 3 3.28700841469e-53 7 0 
24 21 0.0 12 9 2 0 26 45 3 7.98685778615e-48 7 0 
24 21 0.0 6 2 0 0 12 29 2 0.0199559613632 1 2 
24 21 0.0 1 7 0 0 9 12 1 0.17589051298 0 3 
24 21 0.0 9 2 0 0 12 29 2 0.0199763461491 1 2 
24 21 0.0 3 7 0 0 16 8 1 0.0584577412436 0 4 
24 21 0.0 2 7 0 0 9 12 1 0.17589051298 0 3 
24 21 0.0 11 4 4 0 8 24 3 3.99483058684e-33 2 2 
24 21 0.0 8 2 0 0 13 18 2 0.0933552583016 2 1 
24 21 0.0 5 2 0 0 12 29 2 0.0202300420006 1 2 
24 21 0.0 10 1 0 0 9 15 2 0.0205592496264 1 1 
24 21 2.0 4 6 2 0 17 32 2 0.0886608283589 2 3 
24 21 2.0 7 6 2 0 17 32 2 0.0886605260434 2 3 
24 21 2.0 13 8 2 0 26 45 3 7.0725234334e-23 7 0 
24 21 2.0 12 9 2 0 26 45 3 7.28600285764e-13 7 0 
24 21 2.0 6 2 0 0 12 29 2 0.00612396994988 1 2 
24 21 2.0 1 7 0 0 9 12 1 0.133691785773 0 3 
24 21 2.0 9 2 0 0 12 29 2 0.0056271131306 1 2 
24 21 2.0 3 7 0 0 16 8 1 0.0522680038778 0 4 
24 21 2.0 2 7 0 0 9 12 1 0.133691785773 0 3 
24 21 2.0 11 4 4 0 8 24 3 0.0144570752034 2 2 
24 21 2.0 8 2 0 0 13 18 2 0.168843279253 2 1 
24 21 2.0 5 2 0 0 12 29 2 0.00610508519697 1 2 
24 21 2.0 10 1 0 0 9 15 2 0.00615876224358 1 1 
24 22 0.0 4 6 2 0 17 32 2 0.0941705279187 2 3 
24 22 0.0 7 6 2 0 17 32 2 0.0941711650476 2 3 
24 22 0.0 13 8 2 0 26 45 3 1.35978208651e-53 7 0 
24 22 0.0 12 9 2 0 26 45 3 3.26876485344e-48 7 0 
24 22 0.0 6 2 0 0 12 29 2 0.052261197509 1 2 
24 22 0.0 1 7 0 0 9 12 1 0.175873618073 0 3 
24 22 0.0 9 2 0 0 12 29 2 0.0492613179993 1 2 
24 22 0.0 3 7 0 0 16 8 1 0.0620666945113 0 4 
24 22 0.0 2 7 0 0 9 12 1 0.175873618073 0 3 
24 22 0.0 11 4 4 0 8 24 3 1.0081745381e-33 2 2 
24 22 0.0 8 2 0 0 13 18 2 0.0941742404314 2 1 
24 22 0.0 5 2 0 0 12 29 2 0.0521844241181 1 2 
24 22 0.0 10 1 0 0 9 15 2 0.0531316294764 1 1 
24 22 2.0 4 6 2 0 17 32 2 0.0821509674487 2 3 
24 22 2.0 7 6 2 0 17 32 2 0.0821519364274 2 3 
24 22 2.0 13 8 2 0 26 45 3 1.37408473657e-22 7 0 
24 22 2.0 12 9 2 0 26 45 3 2.27593173786e-14 7 0 
24 22 2.0 6 2 0 0 12 29 2 0.0712344445225 1 2 
24 22 2.0 1 7 0 0 9 12 1 0.122927860955 0 3 
24 22 2.0 9 2 0 0 12 29 2 0.0768210000499 1 2 
24 22 2.0 3 7 0 0 16 8 1 0.01555947963 0 4 
24 22 2.0 2 7 0 0 9 12 1 0.122927860954 0 3 
24 22 2.0 11 4 4 0 8 24 3 0.0152394478117 2 2 
24 22 2.0 8 2 0 0 13 18 2 0.158461251876 2 1 
24 22 2.0 5 2 0 0 12 29 2 0.0775525610421 1 2 
24 22 2.0 10 1 0 0 9 15 2 0.0810784129731 1 1 
24 23 0.0 4 6 2 0 17 32 2 0.0937746859188 2 3 
24 23 0.0 7 6 2 0 17 32 2 0.0937804964131 2 3 
24 23 0.0 13 8 2 0 26 45 3 1.55768404802e-53 7 0 
24 23 0.0 12 9 2 0 26 45 3 1.82312292484e-48 7 0 
24 23 0.0 6 2 0 0 12 29 2 0.0377101486471 1 2 
24 23 0.0 1 7 0 0 9 12 1 0.17661018022 0 3 
24 23 0.0 9 2 0 0 12 29 2 0.0345412530271 1 2 
24 23 0.0 3 7 0 0 16 8 1 0.415085075349 0 4 
24 23 0.0 2 7 0 0 9 12 1 0.17661018022 0 3 
24 23 0.0 11 4 4 0 8 24 3 4.99038137595e-33 2 2 
24 23 0.0 8 2 0 0 13 18 2 0.0937816480286 2 1 
24 23 0.0 5 2 0 0 12 29 2 0.0357046407442 1 2 
24 23 0.0 10 1 0 0 9 15 2 0.0382392495451 1 1 
24 23 2.0 4 6 2 0 17 32 2 0.0845147863684 2 3 
24 23 2.0 7 6 2 0 17 32 2 0.0845081416507 2 3 
24 23 2.0 13 8 2 0 26 45 3 6.4302276657e-23 7 0 
24 23 2.0 12 9 2 0 26 45 3 7.25480213627e-14 7 0 
24 23 2.0 6 2 0 0 12 29 2 0.022624254902 1 2 
24 23 2.0 1 7 0 0 9 12 1 0.120868025134 0 3 
24 23 2.0 9 2 0 0 12 29 2 0.0214233597466 1 2 
24 23 2.0 3 7 0 0 16 8 1 0.429811217424 0 4 
24 23 2.0 2 7 0 0 9 12 1 0.120868025134 0 3 
24 23 2.0 11 4 4 0 8 24 3 0.0158804734735 2 2 
24 23 2.0 8 2 0 0 13 18 2 0.163085307923 2 1 
24 23 2.0 5 2 0 0 12 29 2 0.022101394229 1 2 
24 23 2.0 10 1 0 0 9 15 2 0.023433747814 1 1 
24 24 0.0 4 6 2 0 17 32 2 0.0940417187752 2 3 
24 24 0.0 7 6 2 0 17 32 2 0.0940389327675 2 3 
24 24 0.0 13 8 2 0 26 45 3 2.09114944531e-53 7 0 
24 24 0.0 12 9 2 0 26 45 3 1.03849107016e-47 7 0 
24 24 0.0 6 2 0 0 12 29 2 0.0157767307257 1 2 
24 24 0.0 1 7 0 0 9 12 1 0.185013226627 0 3 
24 24 0.0 9 2 0 0 12 29 2 0.0160079181932 1 2 
24 24 0.0 3 7 0 0 16 8 1 0.340659100195 0 4 
24 24 0.0 2 7 0 0 9 12 1 0.185013226627 0 3 
24 24 0.0 11 4 4 0 8 24 3 1.37986356112e-33 2 2 
24 24 0.0 8 2 0 0 13 18 2 0.0940435557046 2 1 
24 24 0.0 5 2 0 0 12 29 2 0.0160151444382 1 2 
24 24 0.0 10 1 0 0 9 15 2 0.016396886308 1 1 
24 24 2.0 4 6 2 0 17 32 2 0.0963521065337 2 3 
24 24 2.0 7 6 2 0 17 32 2 0.0963533500134 2 3 
24 24 2.0 13 8 2 0 26 45 3 7.25729482737e-23 7 0 
24 24 2.0 12 9 2 0 26 45 3 4.6028625965e-14 7 0 
24 24 2.0 6 2 0 0 12 29 2 0.0940721003434 1 2 
24 24 2.0 1 7 0 0 9 12 1 0.11887917377 0 3 
24 24 2.0 9 2 0 0 12 29 2 0.0932645787081 1 2 
24 24 2.0 3 7 0 0 16 8 1 0.341308488707 0 4 
24 24 2.0 2 7 0 0 9 12 1 0.11887917377 0 3 
24 24 2.0 11 4 4 0 8 24 3 0.0159917517239 2 2 
24 24 2.0 8 2 0 0 13 18 2 0.183224490294 2 1 
24 24 2.0 5 2 0 0 12 29 2 0.0925272056954 1 2 
24 24 2.0 10 1 0 0 9 15 2 0.0983917971113 1 1 
24 25 0.0 4 6 2 0 17 32 2 0.0938778187038 2 3 
24 25 0.0 7 6 2 0 17 32 2 0.0938790286834 2 3 
24 25 0.0 13 8 2 0 26 45 3 3.20015159963e-53 7 0 
24 25 0.0 12 9 2 0 26 45 3 1.69602954637e-47 7 0 
24 25 0.0 6 2 0 0 12 29 2 0.0469681158834 1 2 
24 25 0.0 1 7 0 0 9 12 1 0.175842288025 0 3 
24 25 0.0 9 2 0 0 12 29 2 0.0465435439909 1 2 
24 25 0.0 3 7 0 0 16 8 1 0.0564292381025 0 4 
24 25 0.0 2 7 0 0 9 12 1 0.175842288025 0 3 
24 25 0.0 11 4 4 0 8 24 3 8.74180101154e-34 2 2 
24 25 0.0 8 2 0 0 13 18 2 0.0938816576333 2 1 
24 25 0.0 5 2 0 0 12 29 2 0.0432974090443 1 2 
24 25 0.0 10 1 0 0 9 15 2 0.0472445818482 1 1 
24 25 2.0 4 6 2 0 17 32 2 0.0866117812042 2 3 
24 25 2.0 7 6 2 0 17 32 2 0.0866139527745 2 3 
24 25 2.0 13 8 2 0 26 45 3 5.54529572172e-23 7 0 
24 25 2.0 12 9 2 0 26 45 3 7.19927440821e-14 7 0 
24 25 2.0 6 2 0 0 12 29 2 0.00503036795847 1 2 
24 25 2.0 1 7 0 0 9 12 1 0.117583268035 0 3 
24 25 2.0 9 2 0 0 12 29 2 0.00506918049345 1 2 
24 25 2.0 3 7 0 0 16 8 1 0.139298389082 0 4 
24 25 2.0 2 7 0 0 9 12 1 0.117583268032 0 3 
24 25 2.0 11 4 4 0 8 24 3 0.0165475810291 2 2 
24 25 2.0 8 2 0 0 13 18 2 0.165272283606 2 1 
24 25 2.0 5 2 0 0 12 29 2 0.00522667523195 1 2 
24 25 2.0 10 1 0 0 9 15 2 0.00540633842445 1 1 
24 26 0.0 4 6 2 0 17 32 2 0.0949234175411 2 3 
24 26 0.0 7 6 2 0 17 32 2 0.0949177843325 2 3 
24 26 0.0 13 8 2 0 26 45 3 7.26651053593e-54 7 0 
24 26 0.0 12 9 2 0 26 45 3 1.23427982457e-47 7 0 
24 26 0.0 6 2 0 0 12 29 2 0.0468298951811 1 2 
24 26 0.0 1 7 0 0 9 12 1 0.177957920784 0 3 
24 26 0.0 9 2 0 0 12 29 2 0.0473304395051 1 2 
24 26 0.0 3 7 0 0 16 8 1 0.0567422903443 0 4 
24 26 0.0 2 7 0 0 9 12 1 0.177957920784 0 3 
24 26 0.0 11 4 4 0 8 24 3 5.75766202255e-35 2 2 
24 26 0.0 8 2 0 0 13 18 2 0.0949258209501 2 1 
24 26 0.0 5 2 0 0 12 29 2 0.0470017692587 1 2 
24 26 0.0 10 1 0 0 9 15 2 0.0475583325723 1 1 
24 26 2.0 4 6 2 0 17 32 2 0.0850161122072 2 3 
24 26 2.0 7 6 2 0 17 32 2 0.0850142459411 2 3 
24 26 2.0 13 8 2 0 26 45 3 5.59996896499e-23 7 0 
24 26 2.0 12 9 2 0 26 45 3 3.44084939202e-14 7 0 
24 26 2.0 6 2 0 0 12 29 2 0.00571687727239 1 2 
24 26 2.0 1 7 0 0 9 12 1 0.120931217224 0 3 
24 26 2.0 9 2 0 0 12 29 2 0.00565802989477 1 2 
24 26 2.0 3 7 0 0 16 8 1 0.0590578272434 0 4 
24 26 2.0 2 7 0 0 9 12 1 0.120931217224 0 3 
24 26 2.0 11 4 4 0 8 24 3 0.0156281454515 2 2 
24 26 2.0 8 2 0 0 13 18 2 0.163844849764 2 1 
24 26 2.0 5 2 0 0 12 29 2 0.00563086631011 1 2 
24 26 2.0 10 1 0 0 9 15 2 0.00605248006403 1 1 
24 27 0.0 4 6 2 0 17 32 2 0.0919249880698 2 3 
24 27 0.0 7 6 2 0 17 32 2 0.0919238101164 2 3 
24 27 0.0 13 8 2 0 26 45 3 6.33633863895e-53 7 0 
24 27 0.0 12 9 2 0 26 45 3 4.44520382052e-48 7 0 
24 27 0.0 6 2 0 0 12 29 2 0.0321630106462 1 2 
24 27 0.0 1 7 0 0 9 12 1 0.183840176309 0 3 
24 27 0.0 9 2 0 0 12 29 2 0.0309724393495 1 2 
24 27 0.0 3 7 0 0 16 8 1 0.0504422976468 0 4 
24 27 0.0 2 7 0 0 9 12 1 0.183840176309 0 3 
24 27 0.0 11 4 4 0 8 24 3 2.56107180915e-32 2 2 
24 27 0.0 8 2 0 0 13 18 2 0.0919267886082 2 1 
24 27 0.0 5 2 0 0 12 29 2 0.0327696486903 1 2 
24 27 0.0 10 1 0 0 9 15 2 0.033463382848 1 1 
24 27 2.0 4 6 2 0 17 32 2 0.0831510759579 2 3 
24 27 2.0 7 6 2 0 17 32 2 0.0831556431781 2 3 
24 27 2.0 13 8 2 0 26 45 3 7.48754510996e-23 7 0 
24 27 2.0 12 9 2 0 26 45 3 5.74238864394e-14 7 0 
24 27 2.0 6 2 0 0 12 29 2 0.00753598842214 1 2 
24 27 2.0 1 7 0 0 9 12 1 0.123240562686 0 3 
24 27 2.0 9 2 0 0 12 29 2 0.00747824456033 1 2 
24 27 2.0 3 7 0 0 16 8 1 0.0338143351023 0 4 
24 27 2.0 2 7 0 0 9 12 1 0.123240562686 0 3 
24 27 2.0 11 4 4 0 8 24 3 0.0153627262199 2 2 
24 27 2.0 8 2 0 0 13 18 2 0.160635330334 2 1 
24 27 2.0 5 2 0 0 12 29 2 0.0075258496046 1 2 
24 27 2.0 10 1 0 0 9 15 2 0.00797400710916 1 1 
24 28 0.0 4 6 2 0 17 32 2 0.0979760350962 2 3 
24 28 0.0 7 6 2 0 17 32 2 0.0979792360936 2 3 
24 28 0.0 13 8 2 0 26 45 3 2.61524503625e-53 7 0 
24 28 0.0 12 9 2 0 26 45 3 6.31046471778e-47 7 0 
24 28 0.0 6 2 0 0 12 29 2 0.0121627620936 1 2 
24 28 0.0 1 7 0 0 9 12 1 0.173183796249 0 3 
24 28 0.0 9 2 0 0 12 29 2 0.0122207522597 1 2 
24 28 0.0 3 7 0 0 16 8 1 0.255258068752 0 4 
24 28 0.0 2 7 0 0 9 12 1 0.173183796249 0 3 
24 28 0.0 11 4 4 0 8 24 3 1.40404588009e-33 2 2 
24 28 0.0 8 2 0 0 13 18 2 0.0979808698753 2 1 
24 28 0.0 5 2 0 0 12 29 2 0.0122137541267 1 2 
24 28 0.0 10 1 0 0 9 15 2 0.0116286840097 1 1 
24 28 2.0 4 6 2 0 17 32 2 0.0853380510679 2 3 
24 28 2.0 7 6 2 0 17 32 2 0.0853329364994 2 3 
24 28 2.0 13 8 2 0 26 45 3 3.50123420513e-23 7 0 
24 28 2.0 12 9 2 0 26 45 3 3.75613105866e-13 7 0 
24 28 2.0 6 2 0 0 12 29 2 0.0227213541465 1 2 
24 28 2.0 1 7 0 0 9 12 1 0.121610478824 0 3 
24 28 2.0 9 2 0 0 12 29 2 0.0233256493078 1 2 
24 28 2.0 3 7 0 0 16 8 1 0.435922624712 0 4 
24 28 2.0 2 7 0 0 9 12 1 0.121610478823 0 3 
24 28 2.0 11 4 4 0 8 24 3 0.0154411046472 2 2 
24 28 2.0 8 2 0 0 13 18 2 0.164145142682 2 1 
24 28 2.0 5 2 0 0 12 29 2 0.0241246133499 1 2 
24 28 2.0 10 1 0 0 9 15 2 0.0241836496403 1 1 
24 29 0.0 4 6 2 0 17 32 2 0.0932145250523 2 3 
24 29 0.0 7 6 2 0 17 32 2 0.0932144912499 2 3 
24 29 0.0 13 8 2 0 26 45 3 4.54168733825e-53 7 0 
24 29 0.0 12 9 2 0 26 45 3 4.64905518894e-47 7 0 
24 29 0.0 6 2 0 0 12 29 2 0.0304186788059 1 2 
24 29 0.0 1 7 0 0 9 12 1 0.174079421194 0 3 
24 29 0.0 9 2 0 0 12 29 2 0.0307202309602 1 2 
24 29 0.0 3 7 0 0 16 8 1 0.420381240103 0 4 
24 29 0.0 2 7 0 0 9 12 1 0.174079421194 0 3 
24 29 0.0 11 4 4 0 8 24 3 2.46103116516e-32 2 2 
24 29 0.0 8 2 0 0 13 18 2 0.0932166807655 2 1 
24 29 0.0 5 2 0 0 12 29 2 0.0304201558005 1 2 
24 29 0.0 10 1 0 0 9 15 2 0.0298496578235 1 1 
24 29 2.0 4 6 2 0 17 32 2 0.0842191745612 2 3 
24 29 2.0 7 6 2 0 17 32 2 0.0842222791594 2 3 
24 29 2.0 13 8 2 0 26 45 3 6.86695712137e-23 7 0 
24 29 2.0 12 9 2 0 26 45 3 5.2742175221e-14 7 0 
24 29 2.0 6 2 0 0 12 29 2 0.00507668511106 1 2 
24 29 2.0 1 7 0 0 9 12 1 0.121653113327 0 3 
24 29 2.0 9 2 0 0 12 29 2 0.00527523676979 1 2 
24 29 2.0 3 7 0 0 16 8 1 0.149829134262 0 4 
24 29 2.0 2 7 0 0 9 12 1 0.121653113327 0 3 
24 29 2.0 11 4 4 0 8 24 3 0.0152799141715 2 2 
24 29 2.0 8 2 0 0 13 18 2 0.160350917653 2 1 
24 29 2.0 5 2 0 0 12 29 2 0.00531170828947 1 2 
24 29 2.0 10 1 0 0 9 15 2 0.0055633590252 1 1 
24 30 0.0 4 6 2 0 17 32 2 0.100741220534 2 3 
24 30 0.0 7 6 2 0 17 32 2 0.10073847412 2 3 
24 30 0.0 13 8 2 0 26 45 3 3.59876588165e-53 7 0 
24 30 0.0 12 9 2 0 26 45 3 2.05172137491e-48 7 0 
24 30 0.0 6 2 0 0 12 29 2 0.0661232978914 1 2 
24 30 0.0 1 7 0 0 9 12 1 0.176361697405 0 3 
24 30 0.0 9 2 0 0 12 29 2 0.0665873130945 1 2 
24 30 0.0 3 7 0 0 16 8 1 0.312050570327 0 4 
24 30 0.0 2 7 0 0 9 12 1 0.176361697405 0 3 
24 30 0.0 11 4 4 0 8 24 3 5.0245844115e-33 2 2 
24 30 0.0 8 2 0 0 13 18 2 0.100742789741 2 1 
24 30 0.0 5 2 0 0 12 29 2 0.0545513059223 1 2 
24 30 0.0 10 1 0 0 9 15 2 0.0671684757156 1 1 
24 30 2.0 4 6 2 0 17 32 2 0.0871140003655 2 3 
24 30 2.0 7 6 2 0 17 32 2 0.0871152882596 2 3 
24 30 2.0 13 8 2 0 26 45 3 1.44723145955e-22 7 0 
24 30 2.0 12 9 2 0 26 45 3 3.30990184011e-14 7 0 
24 30 2.0 6 2 0 0 12 29 2 0.0052841407592 1 2 
24 30 2.0 1 7 0 0 9 12 1 0.115884205744 0 3 
24 30 2.0 9 2 0 0 12 29 2 0.00602891040979 1 2 
24 30 2.0 3 7 0 0 16 8 1 0.0589287207963 0 4 
24 30 2.0 2 7 0 0 9 12 1 0.115884205744 0 3 
24 30 2.0 11 4 4 0 8 24 3 0.0163021564922 2 2 
24 30 2.0 8 2 0 0 13 18 2 0.167224071982 2 1 
24 30 2.0 5 2 0 0 12 29 2 0.00613724770474 1 2 
24 30 2.0 10 1 0 0 9 15 2 0.00632417757828 1 1 
24 31 0.0 4 6 2 0 17 32 2 0.0948892498022 2 3 
24 31 0.0 7 6 2 0 17 32 2 0.0948858708345 2 3 
24 31 0.0 13 8 2 0 26 45 3 1.47070586178e-53 7 0 
24 31 0.0 12 9 2 0 26 45 3 6.64203706698e-48 7 0 
24 31 0.0 6 2 0 0 12 29 2 0.0174139003123 1 2 
24 31 0.0 1 7 0 0 9 12 1 0.181534671975 0 3 
24 31 0.0 9 2 0 0 12 29 2 0.0171762727794 1 2 
24 31 0.0 3 7 0 0 16 8 1 0.0654702859663 0 4 
24 31 0.0 2 7 0 0 9 12 1 0.181534671975 0 3 
24 31 0.0 11 4 4 0 8 24 3 8.763637958e-34 2 2 
24 31 0.0 8 2 0 0 13 18 2 0.0948914518657 2 1 
24 31 0.0 5 2 0 0 12 29 2 0.01743498813 1 2 
24 31 0.0 10 1 0 0 9 15 2 0.01758671893 1 1 
24 31 2.0 4 6 2 0 17 32 2 0.0825281575597 2 3 
24 31 2.0 7 6 2 0 17 32 2 0.082530100387 2 3 
24 31 2.0 13 8 2 0 26 45 3 2.10805052428e-22 7 0 
24 31 2.0 12 9 2 0 26 45 3 4.36027682383e-13 7 0 
24 31 2.0 6 2 0 0 12 29 2 0.0686665699503 1 2 
24 31 2.0 1 7 0 0 9 12 1 0.119885218099 0 3 
24 31 2.0 9 2 0 0 12 29 2 0.0670987913076 1 2 
24 31 2.0 3 7 0 0 16 8 1 0.012832361331 0 4 
24 31 2.0 2 7 0 0 9 12 1 0.119885218099 0 3 
24 31 2.0 11 4 4 0 8 24 3 0.0153487244133 2 2 
24 31 2.0 8 2 0 0 13 18 2 0.157670349341 2 1 
24 31 2.0 5 2 0 0 12 29 2 0.0683098474944 1 2 
24 31 2.0 10 1 0 0 9 15 2 0.0705840670095 1 1 
24 32 0.0 4 6 2 0 17 32 2 0.09318235966 2 3 
24 32 0.0 7 6 2 0 17 32 2 0.0931861796831 2 3 
24 32 0.0 13 8 2 0 26 45 3 2.78199478617e-53 7 0 
24 32 0.0 12 9 2 0 26 45 3 5.61548594799e-48 7 0 
24 32 0.0 6 2 0 0 12 29 2 0.0227998880842 1 2 
24 32 0.0 1 7 0 0 9 12 1 0.181781749909 0 3 
24 32 0.0 9 2 0 0 12 29 2 0.0225842380906 1 2 
24 32 0.0 3 7 0 0 16 8 1 0.0546901749179 0 4 
24 32 0.0 2 7 0 0 9 12 1 0.181781749909 0 3 
24 32 0.0 11 4 4 0 8 24 3 3.81041017566e-33 2 2 
24 32 0.0 8 2 0 0 13 18 2 0.0931877046315 2 1 
24 32 0.0 5 2 0 0 12 29 2 0.0229027171246 1 2 
24 32 0.0 10 1 0 0 9 15 2 0.0236465107023 1 1 
24 32 2.0 4 6 2 0 17 32 2 0.0871617891444 2 3 
24 32 2.0 7 6 2 0 17 32 2 0.0871612305263 2 3 
24 32 2.0 13 8 2 0 26 45 3 4.19116846178e-23 7 0 
24 32 2.0 12 9 2 0 26 45 3 1.23567916468e-13 7 0 
24 32 2.0 6 2 0 0 12 29 2 0.128333233067 1 2 
24 32 2.0 1 7 0 0 9 12 1 0.114192305064 0 3 
24 32 2.0 9 2 0 0 12 29 2 0.129047310376 1 2 
24 32 2.0 3 7 0 0 16 8 1 0.0642507002001 0 4 
24 32 2.0 2 7 0 0 9 12 1 0.114192305064 0 3 
24 32 2.0 11 4 4 0 8 24 3 0.0158959800591 2 2 
24 32 2.0 8 2 0 0 13 18 2 0.165086900968 2 1 
24 32 2.0 5 2 0 0 12 29 2 0.114698137419 1 2 
24 32 2.0 10 1 0 0 9 15 2 0.132306498217 1 1 
24 33 0.0 4 6 2 0 17 32 2 0.0940109565521 2 3 
24 33 0.0 7 6 2 0 17 32 2 0.0940108886731 2 3 
24 33 0.0 13 8 2 0 26 45 3 2.66797541178e-53 7 0 
24 33 0.0 12 9 2 0 26 45 3 5.52860988785e-48 7 0 
24 33 0.0 6 2 0 0 12 29 2 0.0306755337439 1 2 
24 33 0.0 1 7 0 0 9 12 1 0.185011790859 0 3 
24 33 0.0 9 2 0 0 12 29 2 0.0303421325911 1 2 
24 33 0.0 3 7 0 0 16 8 1 0.0497961678955 0 4 
24 33 0.0 2 7 0 0 9 12 1 0.185011790859 0 3 
24 33 0.0 11 4 4 0 8 24 3 5.6645598452e-33 2 2 
24 33 0.0 8 2 0 0 13 18 2 0.0940136975002 2 1 
24 33 0.0 5 2 0 0 12 29 2 0.0303556971201 1 2 
24 33 0.0 10 1 0 0 9 15 2 0.0309208937306 1 1 
24 33 2.0 4 6 2 0 17 32 2 0.0865733732267 2 3 
24 33 2.0 7 6 2 0 17 32 2 0.086580171185 2 3 
24 33 2.0 13 8 2 0 26 45 3 4.48305641176e-23 7 0 
24 33 2.0 12 9 2 0 26 45 3 2.88266524604e-14 7 0 
24 33 2.0 6 2 0 0 12 29 2 0.0190692232476 1 2 
24 33 2.0 1 7 0 0 9 12 1 0.114240637416 0 3 
24 33 2.0 9 2 0 0 12 29 2 0.0192601039541 1 2 
24 33 2.0 3 7 0 0 16 8 1 0.0122250682838 0 4 
24 33 2.0 2 7 0 0 9 12 1 0.114240637417 0 3 
24 33 2.0 11 4 4 0 8 24 3 0.0163681029873 2 2 
24 33 2.0 8 2 0 0 13 18 2 0.166107413517 2 1 
24 33 2.0 5 2 0 0 12 29 2 0.0183565213783 1 2 
24 33 2.0 10 1 0 0 9 15 2 0.0202377435482 1 1 
24 34 0.0 4 6 2 0 17 32 2 0.0932577397124 2 3 
24 34 0.0 7 6 2 0 17 32 2 0.09325708437 2 3 
24 34 0.0 13 8 2 0 26 45 3 4.53656798198e-53 7 0 
24 34 0.0 12 9 2 0 26 45 3 1.81939744974e-48 7 0 
24 34 0.0 6 2 0 0 12 29 2 0.0163279292809 1 2 
24 34 0.0 1 7 0 0 9 12 1 0.174622725792 0 3 
24 34 0.0 9 2 0 0 12 29 2 0.0181938174849 1 2 
24 34 0.0 3 7 0 0 16 8 1 0.357957246787 0 4 
24 34 0.0 2 7 0 0 9 12 1 0.174622725792 0 3 
24 34 0.0 11 4 4 0 8 24 3 4.06330678154e-32 2 2 
24 34 0.0 8 2 0 0 13 18 2 0.0932595944779 2 1 
24 34 0.0 5 2 0 0 12 29 2 0.0182372205881 1 2 
24 34 0.0 10 1 0 0 9 15 2 0.0186398287681 1 1 
24 34 2.0 4 6 2 0 17 32 2 0.0845181722256 2 3 
24 34 2.0 7 6 2 0 17 32 2 0.0845148302969 2 3 
24 34 2.0 13 8 2 0 26 45 3 1.97853876516e-22 7 0 
24 34 2.0 12 9 2 0 26 45 3 5.58164496375e-14 7 0 
24 34 2.0 6 2 0 0 12 29 2 0.055442061722 1 2 
24 34 2.0 1 7 0 0 9 12 1 0.125790320382 0 3 
24 34 2.0 9 2 0 0 12 29 2 0.0583335561855 1 2 
24 34 2.0 3 7 0 0 16 8 1 0.0110133368739 0 4 
24 34 2.0 2 7 0 0 9 12 1 0.125790320383 0 3 
24 34 2.0 11 4 4 0 8 24 3 0.0150774807526 2 2 
24 34 2.0 8 2 0 0 13 18 2 0.162996785124 2 1 
24 34 2.0 5 2 0 0 12 29 2 0.0557718006709 1 2 
24 34 2.0 10 1 0 0 9 15 2 0.0601973853371 1 1 
24 35 0.0 4 6 2 0 17 32 2 0.0993338012138 2 3 
24 35 0.0 7 6 2 0 17 32 2 0.0993349669544 2 3 
24 35 0.0 13 8 2 0 26 45 3 1.35829507832e-53 7 0 
24 35 0.0 12 9 2 0 26 45 3 5.12994996868e-48 7 0 
24 35 0.0 6 2 0 0 12 29 2 0.0728075559895 1 2 
24 35 0.0 1 7 0 0 9 12 1 0.176195977225 0 3 
24 35 0.0 9 2 0 0 12 29 2 0.0706329126339 1 2 
24 35 0.0 3 7 0 0 16 8 1 0.23550540973 0 4 
24 35 0.0 2 7 0 0 9 12 1 0.176195977225 0 3 
24 35 0.0 11 4 4 0 8 24 3 1.12941423912e-33 2 2 
24 35 0.0 8 2 0 0 13 18 2 0.0993380965931 2 1 
24 35 0.0 5 2 0 0 12 29 2 0.0751622327836 1 2 
24 35 0.0 10 1 0 0 9 15 2 0.0751786940911 1 1 
24 35 2.0 4 6 2 0 17 32 2 0.0842679077984 2 3 
24 35 2.0 7 6 2 0 17 32 2 0.0842722042952 2 3 
24 35 2.0 13 8 2 0 26 45 3 1.39280114393e-22 7 0 
24 35 2.0 12 9 2 0 26 45 3 5.32370391249e-14 7 0 
24 35 2.0 6 2 0 0 12 29 2 0.0106951470424 1 2 
24 35 2.0 1 7 0 0 9 12 1 0.12174865587 0 3 
24 35 2.0 9 2 0 0 12 29 2 0.0119157126422 1 2 
24 35 2.0 3 7 0 0 16 8 1 0.0197200278877 0 4 
24 35 2.0 2 7 0 0 9 12 1 0.12174865587 0 3 
24 35 2.0 11 4 4 0 8 24 3 0.0157291044908 2 2 
24 35 2.0 8 2 0 0 13 18 2 0.16274679635 2 1 
24 35 2.0 5 2 0 0 12 29 2 0.0119591937151 1 2 
24 35 2.0 10 1 0 0 9 15 2 0.0124151412168 1 1 
24 36 0.0 4 6 2 0 17 32 2 0.0931898037367 2 3 
24 36 0.0 7 6 2 0 17 32 2 0.0931926960195 2 3 
24 36 0.0 13 8 2 0 26 45 3 3.41454244919e-53 7 0 
24 36 0.0 12 9 2 0 26 45 3 1.62959161438e-48 7 0 
24 36 0.0 6 2 0 0 12 29 2 0.0675876610132 1 2 
24 36 0.0 1 7 0 0 9 12 1 0.176797835021 0 3 
24 36 0.0 9 2 0 0 12 29 2 0.0643801739097 1 2 
24 36 0.0 3 7 0 0 16 8 1 0.294396846583 0 4 
24 36 0.0 2 7 0 0 9 12 1 0.176797835021 0 3 
24 36 0.0 11 4 4 0 8 24 3 1.2340744875e-31 2 2 
24 36 0.0 8 2 0 0 13 18 2 0.0931933980232 2 1 
24 36 0.0 5 2 0 0 12 29 2 0.0664161210222 1 2 
24 36 0.0 10 1 0 0 9 15 2 0.0694769064346 1 1 
24 36 2.0 4 6 2 0 17 32 2 0.0819482003437 2 3 
24 36 2.0 7 6 2 0 17 32 2 0.0819465439295 2 3 
24 36 2.0 13 8 2 0 26 45 3 1.04480750809e-22 7 0 
24 36 2.0 12 9 2 0 26 45 3 3.47881653254e-14 7 0 
24 36 2.0 6 2 0 0 12 29 2 0.00542591083044 1 2 
24 36 2.0 1 7 0 0 9 12 1 0.122588540871 0 3 
24 36 2.0 9 2 0 0 12 29 2 0.00535522195628 1 2 
24 36 2.0 3 7 0 0 16 8 1 0.0693928107172 0 4 
24 36 2.0 2 7 0 0 9 12 1 0.122588540871 0 3 
24 36 2.0 11 4 4 0 8 24 3 0.0151118962965 2 2 
24 36 2.0 8 2 0 0 13 18 2 0.157045890593 2 1 
24 36 2.0 5 2 0 0 12 29 2 0.00530036469342 1 2 
24 36 2.0 10 1 0 0 9 15 2 0.00571673170923 1 1 
24 37 0.0 4 6 2 0 17 32 2 0.0989299503551 2 3 
24 37 0.0 7 6 2 0 17 32 2 0.0989292138857 2 3 
24 37 0.0 13 8 2 0 26 45 3 6.53027141342e-53 7 0 
24 37 0.0 12 9 2 0 26 45 3 4.79819679718e-47 7 0 
24 37 0.0 6 2 0 0 12 29 2 0.0188744269336 1 2 
24 37 0.0 1 7 0 0 9 12 1 0.173258017516 0 3 
24 37 0.0 9 2 0 0 12 29 2 0.0190482278157 1 2 
24 37 0.0 3 7 0 0 16 8 1 0.0612620047871 0 4 
24 37 0.0 2 7 0 0 9 12 1 0.173258017516 0 3 
24 37 0.0 11 4 4 0 8 24 3 9.08997990929e-33 2 2 
24 37 0.0 8 2 0 0 13 18 2 0.098932045296 2 1 
24 37 0.0 5 2 0 0 12 29 2 0.019131643318 1 2 
24 37 0.0 10 1 0 0 9 15 2 0.0187128159134 1 1 
24 37 2.0 4 6 2 0 17 32 2 0.0877654579759 2 3 
24 37 2.0 7 6 2 0 17 32 2 0.0877669898809 2 3 
24 37 2.0 13 8 2 0 26 45 3 1.22856118246e-22 7 0 
24 37 2.0 12 9 2 0 26 45 3 2.93311445138e-14 7 0 
24 37 2.0 6 2 0 0 12 29 2 0.023681206674 1 2 
24 37 2.0 1 7 0 0 9 12 1 0.115889949401 0 3 
24 37 2.0 9 2 0 0 12 29 2 0.0237038778617 1 2 
24 37 2.0 3 7 0 0 16 8 1 0.0115176767188 0 4 
24 37 2.0 2 7 0 0 9 12 1 0.1158899494 0 3 
24 37 2.0 11 4 4 0 8 24 3 0.0166363100862 2 2 
24 37 2.0 8 2 0 0 13 18 2 0.167628223558 2 1 
24 37 2.0 5 2 0 0 12 29 2 0.0192491535959 1 2 
24 37 2.0 10 1 0 0 9 15 2 0.0244898328567 1 1 
24 38 0.0 4 6 2 0 17 32 2 0.0934700391524 2 3 
24 38 0.0 7 6 2 0 17 32 2 0.0934690105317 2 3 
24 38 0.0 13 8 2 0 26 45 3 3.19927352262e-54 7 0 
24 38 0.0 12 9 2 0 26 45 3 5.14605355588e-48 7 0 
24 38 0.0 6 2 0 0 12 29 2 0.045362551777 1 2 
24 38 0.0 1 7 0 0 9 12 1 0.176411102744 0 3 
24 38 0.0 9 2 0 0 12 29 2 0.0453805754813 1 2 
24 38 0.0 3 7 0 0 16 8 1 0.400734686293 0 4 
24 38 0.0 2 7 0 0 9 12 1 0.176411102744 0 3 
24 38 0.0 11 4 4 0 8 24 3 8.10985710045e-33 2 2 
24 38 0.0 8 2 0 0 13 18 2 0.093472234217 2 1 
24 38 0.0 5 2 0 0 12 29 2 0.0459959909987 1 2 
24 38 0.0 10 1 0 0 9 15 2 0.046898364878 1 1 
24 38 2.0 4 6 2 0 17 32 2 0.0897621588577 2 3 
24 38 2.0 7 6 2 0 17 32 2 0.0897670918837 2 3 
24 38 2.0 13 8 2 0 26 45 3 8.34657674609e-24 7 0 
24 38 2.0 12 9 2 0 26 45 3 1.87707607265e-14 7 0 
24 38 2.0 6 2 0 0 12 29 2 0.00486989208288 1 2 
24 38 2.0 1 7 0 0 9 12 1 0.114521953887 0 3 
24 38 2.0 9 2 0 0 12 29 2 0.00533888229084 1 2 
24 38 2.0 3 7 0 0 16 8 1 0.0883994492977 0 4 
24 38 2.0 2 7 0 0 9 12 1 0.114521953884 0 3 
24 38 2.0 11 4 4 0 8 24 3 0.0158830474978 2 2 
24 38 2.0 8 2 0 0 13 18 2 0.170161594056 2 1 
24 38 2.0 5 2 0 0 12 29 2 0.00516787738093 1 2 
24 38 2.0 10 1 0 0 9 15 2 0.00554127886721 1 1 
24 39 0.0 4 6 2 0 17 32 2 0.093257022206 2 3 
24 39 0.0 7 6 2 0 17 32 2 0.0932477561909 2 3 
24 39 0.0 13 8 2 0 26 45 3 2.64355291138e-53 7 0 
24 39 0.0 12 9 2 0 26 45 3 1.91493404977e-47 7 0 
24 39 0.0 6 2 0 0 12 29 2 0.0735439302699 1 2 
24 39 0.0 1 7 0 0 9 12 1 0.178366032395 0 3 
24 39 0.0 9 2 0 0 12 29 2 0.0750450638231 1 2 
24 39 0.0 3 7 0 0 16 8 1 0.136405715936 0 4 
24 39 0.0 2 7 0 0 9 12 1 0.178366032395 0 3 
24 39 0.0 11 4 4 0 8 24 3 7.93340055034e-34 2 2 
24 39 0.0 8 2 0 0 13 18 2 0.0932580257279 2 1 
24 39 0.0 5 2 0 0 12 29 2 0.0739622064343 1 2 
24 39 0.0 10 1 0 0 9 15 2 0.0748931508144 1 1 
24 39 2.0 4 6 2 0 17 32 2 0.0832896286029 2 3 
24 39 2.0 7 6 2 0 17 32 2 0.0832872461088 2 3 
24 39 2.0 13 8 2 0 26 45 3 3.57176839544e-23 7 0 
24 39 2.0 12 9 2 0 26 45 3 4.8220018867e-13 7 0 
24 39 2.0 6 2 0 0 12 29 2 0.00612349248288 1 2 
24 39 2.0 1 7 0 0 9 12 1 0.11788216088 0 3 
24 39 2.0 9 2 0 0 12 29 2 0.00607442266128 1 2 
24 39 2.0 3 7 0 0 16 8 1 0.0509636131893 0 4 
24 39 2.0 2 7 0 0 9 12 1 0.117882160881 0 3 
24 39 2.0 11 4 4 0 8 24 3 0.0155561680493 2 2 
24 39 2.0 8 2 0 0 13 18 2 0.159385785524 2 1 
24 39 2.0 5 2 0 0 12 29 2 0.00579210574722 1 2 
24 39 2.0 10 1 0 0 9 15 2 0.00621341512311 1 1 
24 40 0.0 4 6 2 0 17 32 2 0.0965897571251 2 3 
24 40 0.0 7 6 2 0 17 32 2 0.0965898025754 2 3 
24 40 0.0 13 8 2 0 26 45 3 1.82517082422e-52 7 0 
24 40 0.0 12 9 2 0 26 45 3 3.38912508304e-48 7 0 
24 40 0.0 6 2 0 0 12 29 2 0.0603129550081 1 2 
24 40 0.0 1 7 0 0 9 12 1 0.187493775354 0 3 
24 40 0.0 9 2 0 0 12 29 2 0.0647198365642 1 2 
24 40 0.0 3 7 0 0 16 8 1 0.086172137552 0 4 
24 40 0.0 2 7 0 0 9 12 1 0.187493775354 0 3 
24 40 0.0 11 4 4 0 8 24 3 1.46630400066e-31 2 2 
24 40 0.0 8 2 0 0 13 18 2 0.0965913746025 2 1 
24 40 0.0 5 2 0 0 12 29 2 0.0637660668861 1 2 
24 40 0.0 10 1 0 0 9 15 2 0.0664158173323 1 1 
24 40 2.0 4 6 2 0 17 32 2 0.0885233850232 2 3 
24 40 2.0 7 6 2 0 17 32 2 0.0885239390979 2 3 
24 40 2.0 13 8 2 0 26 45 3 1.73230543167e-23 7 0 
24 40 2.0 12 9 2 0 26 45 3 1.65465104453e-13 7 0 
24 40 2.0 6 2 0 0 12 29 2 0.106592082197 1 2 
24 40 2.0 1 7 0 0 9 12 1 0.11761660946 0 3 
24 40 2.0 9 2 0 0 12 29 2 0.111969755879 1 2 
24 40 2.0 3 7 0 0 16 8 1 0.0352954222577 0 4 
24 40 2.0 2 7 0 0 9 12 1 0.117616609459 0 3 
24 40 2.0 11 4 4 0 8 24 3 0.0165926191394 2 2 
24 40 2.0 8 2 0 0 13 18 2 0.167689860244 2 1 
24 40 2.0 5 2 0 0 12 29 2 0.111222600973 1 2 
24 40 2.0 10 1 0 0 9 15 2 0.114688024503 1 1 
