44 1 0.0 118 208 54 0 347 1187 32 8 0 0 0 9 0 0 35.0 12.0919450628 0.345484144653 0.464109705997 0.219880609111 
44 1 2.0 118 208 54 0 347 1187 32 8 0 0 0 9 0 0 35.0 13.6220131696 0.389200376275 0.409922217588 0.36725960312 
44 2 0.0 118 208 54 0 347 1187 32 8 0 0 0 9 0 0 35.0 12.0925128171 0.345500366203 0.464111009714 0.219912626014 
44 2 2.0 118 208 54 0 347 1187 32 8 0 0 0 9 0 0 35.0 13.6220904491 0.389202584259 0.409923927874 0.367262338078 
44 3 0.0 118 208 54 0 347 1187 32 8 0 0 0 9 0 0 35.0 12.0926591331 0.34550454666 0.464116921674 0.219914973115 
44 3 2.0 118 208 54 0 347 1187 32 8 0 0 0 9 0 0 35.0 13.6220584423 0.389201669781 0.40992393085 0.367260452179 
44 4 0.0 118 208 54 0 347 1187 32 8 0 0 0 9 0 0 35.0 12.092775348 0.345507867086 0.464118947815 0.219919663961 
44 4 2.0 118 208 54 0 347 1187 32 8 0 0 0 9 0 0 35.0 13.6221292973 0.389203694207 0.409921782907 0.367266894407 
44 5 0.0 118 208 54 0 347 1187 32 8 0 0 0 9 0 0 35.0 12.0923738589 0.345496395969 0.464125519875 0.219889088303 
44 5 2.0 118 208 54 0 347 1187 32 8 0 0 0 9 0 0 35.0 13.6220393105 0.389201123158 0.409923521559 0.367259760146 
44 6 0.0 118 208 54 0 347 1187 32 8 0 0 0 9 0 0 35.0 12.0923030267 0.345494372192 0.464132679333 0.219877341102 
44 6 2.0 118 208 54 0 347 1187 32 8 0 0 0 9 0 0 35.0 13.6220113998 0.389200325707 0.409919462107 0.367262416578 
44 7 0.0 118 208 54 0 347 1187 32 8 0 0 0 9 0 0 35.0 12.0934780284 0.34552794367 0.464150717225 0.219927359906 
44 7 2.0 118 208 54 0 347 1187 32 8 0 0 0 9 0 0 35.0 13.6221071755 0.389203062157 0.409922617539 0.3672647094 
44 8 0.0 118 208 54 0 347 1187 32 8 0 0 0 9 0 0 35.0 12.0933315089 0.345523757397 0.464145813579 0.219923933205 
44 8 2.0 118 208 54 0 347 1187 32 8 0 0 0 9 0 0 35.0 13.6221482451 0.389204235574 0.409923333007 0.367266367703 
44 9 0.0 118 208 54 0 347 1187 32 8 0 0 0 9 0 0 35.0 12.0920978553 0.345488510152 0.464103717317 0.219895937861 
44 9 2.0 118 208 54 0 347 1187 32 8 0 0 0 9 0 0 35.0 13.6220006234 0.389200017812 0.409919985015 0.36726122901 
44 10 0.0 118 208 54 0 347 1187 32 8 0 0 0 9 0 0 35.0 12.0930580945 0.345515945558 0.464153673208 0.219899528047 
44 10 2.0 118 208 54 0 347 1187 32 8 0 0 0 9 0 0 35.0 13.6221096412 0.389203132604 0.409922067815 0.367265436499 
44 1 0.0 118 208 54 0 347 1187 32 8 0 0 0 9 0 0 35.0 12.0927047231 0.345505849232 0.464117392249 0.219917156625 
44 1 2.0 118 208 54 0 347 1187 32 8 0 0 0 9 0 0 35.0 13.6220280075 0.389200800215 0.40992298642 0.367259661879 
44 2 0.0 118 208 54 0 347 1187 32 8 0 0 0 9 0 0 35.0 12.0923362385 0.3454953211 0.464105833414 0.219907719826 
44 2 2.0 118 208 54 0 347 1187 32 8 0 0 0 9 0 0 35.0 13.6220538833 0.389201539524 0.409919354569 0.367265029476 
44 3 0.0 118 208 54 0 347 1187 32 8 0 0 0 9 0 0 35.0 12.0921110021 0.345488885774 0.464102500315 0.219897999789 
44 3 2.0 118 208 54 0 347 1187 32 8 0 0 0 9 0 0 35.0 13.6220828998 0.389202368566 0.409925189156 0.367260558529 
44 4 0.0 118 208 54 0 347 1187 32 8 0 0 0 9 0 0 35.0 12.0929944057 0.345514125877 0.464158028391 0.219891170273 
44 4 2.0 118 208 54 0 347 1187 32 8 0 0 0 9 0 0 35.0 13.6221080769 0.389203087911 0.409923744261 0.367263569422 
44 5 0.0 118 208 54 0 347 1187 32 8 0 0 0 9 0 0 35.0 12.0929442545 0.345512692985 0.464153989221 0.219892496969 
44 5 2.0 118 208 54 0 347 1187 32 8 0 0 0 9 0 0 35.0 13.6220223144 0.389200637555 0.409922869768 0.367259450506 
44 6 0.0 118 208 54 0 347 1187 32 8 0 0 0 9 0 0 35.0 12.0921281008 0.34548937431 0.464102261601 0.219899258355 
44 6 2.0 118 208 54 0 347 1187 32 8 0 0 0 9 0 0 35.0 13.6220352902 0.38920100829 0.409923350696 0.367259704567 
44 7 0.0 118 208 54 0 347 1187 32 8 0 0 0 9 0 0 35.0 12.092603094 0.345502945543 0.464123621033 0.219904583259 
44 7 2.0 118 208 54 0 347 1187 32 8 0 0 0 9 0 0 35.0 13.622011253 0.389200321515 0.40991942566 0.367262446538 
44 8 0.0 118 208 54 0 347 1187 32 8 0 0 0 9 0 0 35.0 12.0934655436 0.34552758696 0.464146285326 0.219931318102 
44 8 2.0 118 208 54 0 347 1187 32 8 0 0 0 9 0 0 35.0 13.622143312 0.389204094628 0.40992319204 0.36726622678 
44 9 0.0 118 208 54 0 347 1187 32 8 0 0 0 9 0 0 35.0 12.0923152697 0.345494721991 0.464105431194 0.219906912246 
44 9 2.0 118 208 54 0 347 1187 32 8 0 0 0 9 0 0 35.0 13.6221067899 0.389203051141 0.409922012852 0.367265326977 
44 10 0.0 118 208 54 0 347 1187 32 8 0 0 0 9 0 0 35.0 12.0920759062 0.345487883034 0.464110899197 0.219887042391 
44 10 2.0 118 208 54 0 347 1187 32 8 0 0 0 9 0 0 35.0 13.6221359245 0.389203883556 0.409924939871 0.367263941576 
44 11 0.0 118 208 54 0 347 1187 32 8 0 0 0 9 0 0 35.0 12.0933118199 0.345523194855 0.464147532816 0.219920954662 
44 11 2.0 118 208 54 0 347 1187 32 8 0 0 0 9 0 0 35.0 13.6221412194 0.389204034841 0.409924226089 0.367265008813 
44 12 0.0 118 208 54 0 347 1187 32 8 0 0 0 9 0 0 35.0 12.0924219695 0.345497770558 0.464110494297 0.219907827775 
44 12 2.0 118 208 54 0 347 1187 32 8 0 0 0 9 0 0 35.0 13.6221191851 0.389203405289 0.409923812822 0.367264150254 
44 13 0.0 118 208 54 0 347 1187 32 8 0 0 0 9 0 0 35.0 12.0932349811 0.34552099946 0.464160220994 0.219903000187 
44 13 2.0 118 208 54 0 347 1187 32 8 0 0 0 9 0 0 35.0 13.6220771837 0.389202205249 0.409920960065 0.36726470015 
44 14 0.0 118 208 54 0 347 1187 32 8 0 0 0 9 0 0 35.0 12.0925466993 0.345501334265 0.464112686635 0.21991284352 
44 14 2.0 118 208 54 0 347 1187 32 8 0 0 0 9 0 0 35.0 13.6220166924 0.389200476925 0.409919423854 0.367262768412 
44 15 0.0 118 208 54 0 347 1187 32 8 0 0 0 9 0 0 35.0 12.0925469387 0.345501341106 0.464112427787 0.21991313168 
44 15 2.0 118 208 54 0 347 1187 32 8 0 0 0 9 0 0 35.0 13.6221447789 0.389204136541 0.409924464564 0.367264965694 
44 16 0.0 118 208 54 0 347 1187 32 8 0 0 0 9 0 0 35.0 12.0921097542 0.345488850121 0.464120773431 0.219878578382 
44 16 2.0 118 208 54 0 347 1187 32 8 0 0 0 9 0 0 35.0 13.6220063775 0.389200182215 0.409921973332 0.367259462209 
44 17 0.0 118 208 54 0 347 1187 32 8 0 0 0 9 0 0 35.0 12.0919920419 0.345485486911 0.464111583869 0.219881384249 
44 17 2.0 118 208 54 0 347 1187 32 8 0 0 0 9 0 0 35.0 13.6220020904 0.389200059726 0.409920007142 0.367261291875 
44 18 0.0 118 208 54 0 347 1187 32 8 0 0 0 9 0 0 35.0 12.0920698185 0.345487709101 0.464104537856 0.219893419832 
44 18 2.0 118 208 54 0 347 1187 32 8 0 0 0 9 0 0 35.0 13.6220063278 0.389200180794 0.409921765409 0.367259679437 
44 19 0.0 118 208 54 0 347 1187 32 8 0 0 0 9 0 0 35.0 12.0933263463 0.345523609894 0.464141841049 0.219927835729 
44 19 2.0 118 208 54 0 347 1187 32 8 0 0 0 9 0 0 35.0 13.6220623399 0.389201781141 0.409924956187 0.367259595799 
44 20 0.0 118 208 54 0 347 1187 32 8 0 0 0 9 0 0 35.0 12.0933207815 0.3455234509 0.464154946465 0.219913632067 
44 20 2.0 118 208 54 0 347 1187 32 8 0 0 0 9 0 0 35.0 13.6219995354 0.389199986725 0.409920725071 0.367260381417 
44 21 0.0 118 208 54 0 347 1187 32 8 0 0 0 9 0 0 35.0 12.0926790225 0.345505114928 0.464150000222 0.219881118735 
44 21 2.0 118 208 54 0 347 1187 32 8 0 0 0 9 0 0 35.0 13.6220134775 0.38920038507 0.409919389895 0.367262615255 
44 22 0.0 118 208 54 0 347 1187 32 8 0 0 0 9 0 0 35.0 12.093114689 0.345517562544 0.464153791897 0.219902731464 
44 22 2.0 118 208 54 0 347 1187 32 8 0 0 0 9 0 0 35.0 13.6221133369 0.389203238196 0.409923547708 0.367264086947 
44 23 0.0 118 208 54 0 347 1187 32 8 0 0 0 9 0 0 35.0 12.0931948282 0.345519852234 0.464129646886 0.219933010838 
44 23 2.0 118 208 54 0 347 1187 32 8 0 0 0 9 0 0 35.0 13.6219979361 0.389199941032 0.409921008159 0.367259987604 
44 24 0.0 118 208 54 0 347 1187 32 8 0 0 0 9 0 0 35.0 12.0922152849 0.345491865282 0.464105275457 0.219901195684 
44 24 2.0 118 208 54 0 347 1187 32 8 0 0 0 9 0 0 35.0 13.6220354283 0.389201012238 0.409923401925 0.367259658451 
44 25 0.0 118 208 54 0 347 1187 32 8 0 0 0 9 0 0 35.0 12.0921292261 0.345489406461 0.464129266493 0.219870731134 
44 25 2.0 118 208 54 0 347 1187 32 8 0 0 0 9 0 0 35.0 13.6220088387 0.389200252536 0.409919538721 0.36726218481 
44 26 0.0 118 208 54 0 347 1187 32 8 0 0 0 9 0 0 35.0 12.0932826407 0.345522361164 0.46416241718 0.219903478323 
44 26 2.0 118 208 54 0 347 1187 32 8 0 0 0 9 0 0 35.0 13.6221451107 0.38920414602 0.409923764544 0.367265726406 
44 27 0.0 118 208 54 0 347 1187 32 8 0 0 0 9 0 0 35.0 12.0923023573 0.345494353066 0.464109542135 0.219901799935 
44 27 2.0 118 208 54 0 347 1187 32 8 0 0 0 9 0 0 35.0 13.6221461788 0.389204176538 0.409923416133 0.367266158144 
44 28 0.0 118 208 54 0 347 1187 32 8 0 0 0 9 0 0 35.0 12.0925099829 0.345500285225 0.464139051661 0.219882767821 
44 28 2.0 118 208 54 0 347 1187 32 8 0 0 0 9 0 0 35.0 13.6220606107 0.389201731734 0.409921200117 0.367263471093 
44 29 0.0 118 208 54 0 347 1187 32 8 0 0 0 9 0 0 35.0 12.092935248 0.345512435657 0.46412352187 0.219924226726 
44 29 2.0 118 208 54 0 347 1187 32 8 0 0 0 9 0 0 35.0 13.6220746087 0.389202131678 0.40992406083 0.367261265516 
44 30 0.0 118 208 54 0 347 1187 32 8 0 0 0 9 0 0 35.0 12.0929009714 0.345511456327 0.464149912932 0.219894266981 
44 30 2.0 118 208 54 0 347 1187 32 8 0 0 0 9 0 0 35.0 13.6220906903 0.389202591152 0.409925325627 0.367260872296 
44 31 0.0 118 208 54 0 347 1187 32 8 0 0 0 9 0 0 35.0 12.0920647635 0.345487564671 0.464119924876 0.219876830336 
44 31 2.0 118 208 54 0 347 1187 32 8 0 0 0 9 0 0 35.0 13.6219989873 0.389199971065 0.409920289327 0.367260810553 
44 32 0.0 118 208 54 0 347 1187 32 8 0 0 0 9 0 0 35.0 12.0919782372 0.34548509249 0.464096878746 0.219896142337 
44 32 2.0 118 208 54 0 347 1187 32 8 0 0 0 9 0 0 35.0 13.6220204341 0.389200583832 0.409922794363 0.367259419739 
44 33 0.0 118 208 54 0 347 1187 32 8 0 0 0 9 0 0 35.0 12.0924852655 0.345499579014 0.464116492014 0.219905200544 
44 33 2.0 118 208 54 0 347 1187 32 8 0 0 0 9 0 0 35.0 13.6220898685 0.389202567671 0.409924161688 0.367262056358 
44 34 0.0 118 208 54 0 347 1187 32 8 0 0 0 9 0 0 35.0 12.0925438403 0.34550125258 0.464111751148 0.219913665861 
44 34 2.0 118 208 54 0 347 1187 32 8 0 0 0 9 0 0 35.0 13.6221107062 0.389203163034 0.409923939794 0.367263517053 
44 35 0.0 118 208 54 0 347 1187 32 8 0 0 0 9 0 0 35.0 12.0923513761 0.345495753603 0.464107445714 0.219906903132 
44 35 2.0 118 208 54 0 347 1187 32 8 0 0 0 9 0 0 35.0 13.6221056048 0.389203017281 0.409920459539 0.36726690195 
44 36 0.0 118 208 54 0 347 1187 32 8 0 0 0 9 0 0 35.0 12.0932334906 0.345520956875 0.464142309481 0.219921877644 
44 36 2.0 118 208 54 0 347 1187 32 8 0 0 0 9 0 0 35.0 13.6220099529 0.389200284368 0.409919474064 0.367262318807 
44 37 0.0 118 208 54 0 347 1187 32 8 0 0 0 9 0 0 35.0 12.0926815528 0.345505187223 0.464145084111 0.219886472871 
44 37 2.0 118 208 54 0 347 1187 32 8 0 0 0 9 0 0 35.0 13.622003531 0.389200100887 0.409921153452 0.367260162877 
44 38 0.0 118 208 54 0 347 1187 32 8 0 0 0 9 0 0 35.0 12.0932649704 0.345521856298 0.464151408586 0.219914095051 
44 38 2.0 118 208 54 0 347 1187 32 8 0 0 0 9 0 0 35.0 13.6220562687 0.389201607677 0.409923821821 0.36726043976 
44 39 0.0 118 208 54 0 347 1187 32 8 0 0 0 9 0 0 35.0 12.0920289217 0.345486540619 0.464104318028 0.219891246891 
44 39 2.0 118 208 54 0 347 1187 32 8 0 0 0 9 0 0 35.0 13.6220016911 0.389200048318 0.409919916143 0.36726136474 
44 40 0.0 118 208 54 0 347 1187 32 8 0 0 0 9 0 0 35.0 12.0937209521 0.345534884347 0.464154124311 0.219938042031 
44 40 2.0 118 208 54 0 347 1187 32 8 0 0 0 9 0 0 35.0 13.6220418877 0.389201196791 0.409920686656 0.367262913404 
