42 1 0.0 19 10 0 0 49 111 0 0 0 0 0 0 0 0 15.0 6.10047260198 0.406698173465 0.544605906557 0.249089335646 
42 1 2.0 19 10 0 0 49 111 0 0 0 0 0 0 0 0 15.0 6.89050118832 0.459366745888 0.492204614732 0.421837752924 
42 2 0.0 19 10 0 0 49 111 0 0 0 0 0 0 0 0 15.0 6.10047817236 0.406698544824 0.544606205314 0.249089789979 
42 2 2.0 19 10 0 0 49 111 0 0 0 0 0 0 0 0 15.0 6.8904530551 0.459363537007 0.492202631536 0.421833143259 
42 3 0.0 19 10 0 0 49 111 0 0 0 0 0 0 0 0 15.0 6.1005852149 0.406705680993 0.544612738601 0.249097615156 
42 3 2.0 19 10 0 0 49 111 0 0 0 0 0 0 0 0 15.0 6.89062482261 0.459374988174 0.492209349251 0.421850004086 
42 4 0.0 19 10 0 0 49 111 0 0 0 0 0 0 0 0 15.0 6.10044000033 0.406696000022 0.544603972847 0.249086888221 
42 4 2.0 19 10 0 0 49 111 0 0 0 0 0 0 0 0 15.0 6.890499045 0.459366603 0.492204565392 0.421837503124 
42 5 0.0 19 10 0 0 49 111 0 0 0 0 0 0 0 0 15.0 6.10050735168 0.406700490112 0.544607911299 0.249092008756 
42 5 2.0 19 10 0 0 49 111 0 0 0 0 0 0 0 0 15.0 6.89052993085 0.459368662057 0.49220580495 0.42184049875 
42 6 0.0 19 10 0 0 49 111 0 0 0 0 0 0 0 0 15.0 6.10059567265 0.406706378177 0.544613321955 0.24909844243 
42 6 2.0 19 10 0 0 49 111 0 0 0 0 0 0 0 0 15.0 6.89053543249 0.459369028833 0.492206137751 0.421840904355 
42 7 0.0 19 10 0 0 49 111 0 0 0 0 0 0 0 0 15.0 6.10055388796 0.406703592531 0.544610818866 0.249095333861 
42 7 2.0 19 10 0 0 49 111 0 0 0 0 0 0 0 0 15.0 6.89078667704 0.459385778469 0.49221979181 0.421861191794 
42 8 0.0 19 10 0 0 49 111 0 0 0 0 0 0 0 0 15.0 6.10048568072 0.406699045381 0.544606650007 0.24909035438 
42 8 2.0 19 10 0 0 49 111 0 0 0 0 0 0 0 0 15.0 6.89051622297 0.459367748198 0.492205235015 0.421839191835 
42 9 0.0 19 10 0 0 49 111 0 0 0 0 0 0 0 0 15.0 6.10074384169 0.406716256113 0.544622259626 0.249109394955 
42 9 2.0 19 10 0 0 49 111 0 0 0 0 0 0 0 0 15.0 6.89044845879 0.459363230586 0.492201918755 0.42183330125 
42 10 0.0 19 10 0 0 49 111 0 0 0 0 0 0 0 0 15.0 6.10064102148 0.406709401432 0.544615887813 0.249101988425 
42 10 2.0 19 10 0 0 49 111 0 0 0 0 0 0 0 0 15.0 6.89044571545 0.459363047697 0.492207926592 0.421826043244 
42 1 0.0 19 10 0 0 49 111 0 0 0 0 0 0 0 0 15.0 6.10064250479 0.406709500319 0.544616152565 0.249101897753 
42 1 2.0 19 10 0 0 49 111 0 0 0 0 0 0 0 0 15.0 6.89048651283 0.459365767522 0.492203926886 0.421836442534 
42 2 0.0 19 10 0 0 49 111 0 0 0 0 0 0 0 0 15.0 6.10045242294 0.406696828196 0.544604661896 0.249087875395 
42 2 2.0 19 10 0 0 49 111 0 0 0 0 0 0 0 0 15.0 6.89052514761 0.459368343174 0.492205521842 0.421840138983 
42 3 0.0 19 10 0 0 49 111 0 0 0 0 0 0 0 0 15.0 6.10057990871 0.406705327247 0.544612433841 0.249097205425 
42 1 0.0 19 10 0 0 49 111 0 0 0 0 0 0 0 0 15.0 6.10088091476 0.406725394318 0.544630037767 0.249120087518 
42 1 2.0 19 10 0 0 49 111 0 0 0 0 0 0 0 0 15.0 6.89046275553 0.459364183702 0.492203247673 0.421833824877 
42 2 0.0 19 10 0 0 49 111 0 0 0 0 0 0 0 0 15.0 6.10041493583 0.406694329055 0.544602467708 0.249085027737 
42 2 2.0 19 10 0 0 49 111 0 0 0 0 0 0 0 0 15.0 6.89050048963 0.459366699309 0.492204588226 0.421837683404 
42 3 0.0 19 10 0 0 49 111 0 0 0 0 0 0 0 0 15.0 6.10047585783 0.406698390522 0.544606365402 0.249089276373 
42 3 2.0 19 10 0 0 49 111 0 0 0 0 0 0 0 0 15.0 6.89043284215 0.459362189477 0.492201993628 0.421830984732 
42 4 0.0 19 10 0 0 49 111 0 0 0 0 0 0 0 0 15.0 6.10057240224 0.406704826816 0.544611782349 0.249096877636 
42 4 2.0 19 10 0 0 49 111 0 0 0 0 0 0 0 0 15.0 6.89052618465 0.45936841231 0.492205648294 0.421840142614 
42 5 0.0 19 10 0 0 49 111 0 0 0 0 0 0 0 0 15.0 6.10065045686 0.406710030457 0.544616560777 0.249102567234 
42 5 2.0 19 10 0 0 49 111 0 0 0 0 0 0 0 0 15.0 6.89055054066 0.459370036044 0.492206745457 0.421842368143 
42 6 0.0 19 10 0 0 49 111 0 0 0 0 0 0 0 0 15.0 6.10007842205 0.406671894803 0.544582848616 0.249059376161 
42 6 2.0 19 10 0 0 49 111 0 0 0 0 0 0 0 0 15.0 6.89044693453 0.459363128968 0.492202237051 0.421832719731 
42 7 0.0 19 10 0 0 49 111 0 0 0 0 0 0 0 0 15.0 6.10053949846 0.40670263323 0.544610004759 0.249094208626 
42 7 2.0 19 10 0 0 49 111 0 0 0 0 0 0 0 0 15.0 6.89057971052 0.459371980701 0.492208035005 0.421845061497 
42 8 0.0 19 10 0 0 49 111 0 0 0 0 0 0 0 0 15.0 6.10034562909 0.406689708606 0.544598426283 0.249079745546 
42 8 2.0 19 10 0 0 49 111 0 0 0 0 0 0 0 0 15.0 6.89063475419 0.459375650279 0.492210568021 0.421850030003 
42 9 0.0 19 10 0 0 49 111 0 0 0 0 0 0 0 0 15.0 6.10061636452 0.406707757635 0.544614599315 0.249099938572 
42 9 2.0 19 10 0 0 49 111 0 0 0 0 0 0 0 0 15.0 6.89058755178 0.459372503452 0.492208596 0.42184554054 
42 10 0.0 19 10 0 0 49 111 0 0 0 0 0 0 0 0 15.0 6.10078052144 0.406718701429 0.544624200252 0.249112417061 
42 10 2.0 19 10 0 0 49 111 0 0 0 0 0 0 0 0 15.0 6.89051931076 0.459367954051 0.492205396024 0.421839448938 
42 11 0.0 19 10 0 0 49 111 0 0 0 0 0 0 0 0 15.0 6.10049253136 0.40669950209 0.544607095561 0.249090823838 
42 11 2.0 19 10 0 0 49 111 0 0 0 0 0 0 0 0 15.0 6.89049449968 0.459366299978 0.492205117111 0.421836223256 
42 12 0.0 19 10 0 0 49 111 0 0 0 0 0 0 0 0 15.0 6.10069907956 0.406713271971 0.544619170593 0.249106530688 
42 12 2.0 19 10 0 0 49 111 0 0 0 0 0 0 0 0 15.0 6.8904654075 0.4593643605 0.492203211684 0.421834244861 
42 13 0.0 19 10 0 0 49 111 0 0 0 0 0 0 0 0 15.0 6.10042353179 0.406694902119 0.544602986497 0.249085662831 
42 13 2.0 19 10 0 0 49 111 0 0 0 0 0 0 0 0 15.0 6.89054246062 0.459369497375 0.49220642574 0.421841579243 
42 14 0.0 19 10 0 0 49 111 0 0 0 0 0 0 0 0 15.0 6.10073966994 0.406715977996 0.544621766649 0.249109362392 
42 14 2.0 19 10 0 0 49 111 0 0 0 0 0 0 0 0 15.0 6.89069596629 0.459379731086 0.492213107313 0.421855872541 
42 15 0.0 19 10 0 0 49 111 0 0 0 0 0 0 0 0 15.0 6.10048453018 0.406698968678 0.54460653703 0.249090319134 
42 15 2.0 19 10 0 0 49 111 0 0 0 0 0 0 0 0 15.0 6.89043096717 0.459362064478 0.492203648004 0.421828826163 
42 16 0.0 19 10 0 0 49 111 0 0 0 0 0 0 0 0 15.0 6.1006043154 0.40670695436 0.544613908268 0.249099007037 
42 16 2.0 19 10 0 0 49 111 0 0 0 0 0 0 0 0 15.0 6.89047051109 0.459364700739 0.492203593824 0.421834537214 
42 17 0.0 19 10 0 0 49 111 0 0 0 0 0 0 0 0 15.0 6.1004631289 0.406697541927 0.54460536856 0.249088597203 
42 17 2.0 19 10 0 0 49 111 0 0 0 0 0 0 0 0 15.0 6.89056846705 0.459371231136 0.492207334918 0.421844255386 
42 18 0.0 19 10 0 0 49 111 0 0 0 0 0 0 0 0 15.0 6.10057208571 0.406704805714 0.544611762657 0.249096854922 
42 18 2.0 19 10 0 0 49 111 0 0 0 0 0 0 0 0 15.0 6.89056436525 0.459370957683 0.492206879805 0.421844189545 
42 19 0.0 19 10 0 0 49 111 0 0 0 0 0 0 0 0 15.0 6.10046931768 0.406697954512 0.544605708954 0.249089092294 
42 19 2.0 19 10 0 0 49 111 0 0 0 0 0 0 0 0 15.0 6.89063088609 0.459375392406 0.492210249617 0.421849841309 
42 20 0.0 19 10 0 0 49 111 0 0 0 0 0 0 0 0 15.0 6.10049007003 0.406699338002 0.544606898199 0.249090697776 
42 20 2.0 19 10 0 0 49 111 0 0 0 0 0 0 0 0 15.0 6.89059633352 0.459373088902 0.492211265201 0.421843744559 
42 21 0.0 19 10 0 0 49 111 0 0 0 0 0 0 0 0 15.0 6.100435628 0.406695708534 0.544603656996 0.249086624576 
42 21 2.0 19 10 0 0 49 111 0 0 0 0 0 0 0 0 15.0 6.89049334475 0.459366222984 0.492204279799 0.421837015195 
42 22 0.0 19 10 0 0 49 111 0 0 0 0 0 0 0 0 15.0 6.10065266244 0.406710177496 0.544615863865 0.24910367879 
42 22 2.0 19 10 0 0 49 111 0 0 0 0 0 0 0 0 15.0 6.89056180638 0.459370787092 0.492207148554 0.42184351685 
42 23 0.0 19 10 0 0 49 111 0 0 0 0 0 0 0 0 15.0 6.10062136937 0.406708091291 0.544614813497 0.249100408771 
42 23 2.0 19 10 0 0 49 111 0 0 0 0 0 0 0 0 15.0 6.89043062684 0.45936204179 0.492201664031 0.421831044942 
42 24 0.0 19 10 0 0 49 111 0 0 0 0 0 0 0 0 15.0 6.10044513123 0.406696342082 0.544604296229 0.249087251629 
42 24 2.0 19 10 0 0 49 111 0 0 0 0 0 0 0 0 15.0 6.89050207207 0.459366804805 0.492204651606 0.421837837032 
42 25 0.0 19 10 0 0 49 111 0 0 0 0 0 0 0 0 15.0 6.10038506377 0.406692337585 0.544600211426 0.249083338909 
42 25 2.0 19 10 0 0 49 111 0 0 0 0 0 0 0 0 15.0 6.89050180972 0.459366787315 0.492204475102 0.421838001273 
42 26 0.0 19 10 0 0 49 111 0 0 0 0 0 0 0 0 15.0 6.1004826388 0.406698842587 0.544606530116 0.24909005684 
42 26 2.0 19 10 0 0 49 111 0 0 0 0 0 0 0 0 15.0 6.89047575614 0.459365050409 0.492203611996 0.421835265738 
42 27 0.0 19 10 0 0 49 111 0 0 0 0 0 0 0 0 15.0 6.10048657299 0.406699104866 0.544606696215 0.249090429038 
42 27 2.0 19 10 0 0 49 111 0 0 0 0 0 0 0 0 15.0 6.89064266292 0.459376177528 0.492210379055 0.421851375783 
42 28 0.0 19 10 0 0 49 111 0 0 0 0 0 0 0 0 15.0 6.1004310036 0.40669540024 0.54460347341 0.24908617376 
42 28 2.0 19 10 0 0 49 111 0 0 0 0 0 0 0 0 15.0 6.89052100639 0.459368067093 0.492205447912 0.42183963187 
42 29 0.0 19 10 0 0 49 111 0 0 0 0 0 0 0 0 15.0 6.10043476231 0.406695650821 0.54460366918 0.249086486982 
42 29 2.0 19 10 0 0 49 111 0 0 0 0 0 0 0 0 15.0 6.89089443742 0.459392962494 0.492221533908 0.421874595164 
42 30 0.0 19 10 0 0 49 111 0 0 0 0 0 0 0 0 15.0 6.10043562096 0.406695708064 0.54460370932 0.249086563771 
42 30 2.0 19 10 0 0 49 111 0 0 0 0 0 0 0 0 15.0 6.89058258007 0.459372172004 0.492208122879 0.421845371005 
42 31 0.0 19 10 0 0 49 111 0 0 0 0 0 0 0 0 15.0 6.10051875337 0.406701250225 0.544573504058 0.249132960129 
42 31 2.0 19 10 0 0 49 111 0 0 0 0 0 0 0 0 15.0 6.89044537138 0.459363024759 0.492202144724 0.421832601942 
42 32 0.0 19 10 0 0 49 111 0 0 0 0 0 0 0 0 15.0 6.10058487896 0.406705658597 0.544612717889 0.249097590836 
42 32 2.0 19 10 0 0 49 111 0 0 0 0 0 0 0 0 15.0 6.89060919497 0.459373946331 0.492210020882 0.421847003988 
42 33 0.0 19 10 0 0 49 111 0 0 0 0 0 0 0 0 15.0 6.10053780944 0.406702520629 0.544609719124 0.249094293778 
42 33 2.0 19 10 0 0 49 111 0 0 0 0 0 0 0 0 15.0 6.89046847011 0.459364564674 0.492203313243 0.421834566309 
42 34 0.0 19 10 0 0 49 111 0 0 0 0 0 0 0 0 15.0 6.10041225018 0.406694150012 0.544602306013 0.249084828869 
42 34 2.0 19 10 0 0 49 111 0 0 0 0 0 0 0 0 15.0 6.89057683464 0.459371788976 0.492207846928 0.421844865602 
42 35 0.0 19 10 0 0 49 111 0 0 0 0 0 0 0 0 15.0 6.10057247213 0.406704831475 0.54461180183 0.249096865355 
42 35 2.0 19 10 0 0 49 111 0 0 0 0 0 0 0 0 15.0 6.89045348819 0.459363565879 0.492201367881 0.421834649306 
42 36 0.0 19 10 0 0 49 111 0 0 0 0 0 0 0 0 15.0 6.10055827263 0.406703884842 0.544610962485 0.249095796108 
42 36 2.0 19 10 0 0 49 111 0 0 0 0 0 0 0 0 15.0 6.89046065105 0.459364043403 0.492202888275 0.421833934979 
42 37 0.0 19 10 0 0 49 111 0 0 0 0 0 0 0 0 15.0 6.10060795166 0.406707196777 0.544613828266 0.249099617933 
42 37 2.0 19 10 0 0 49 111 0 0 0 0 0 0 0 0 15.0 6.89051473135 0.459367648757 0.492205455469 0.4218387268 
42 38 0.0 19 10 0 0 49 111 0 0 0 0 0 0 0 0 15.0 6.10042364613 0.406694909742 0.544602981174 0.249085685248 
42 38 2.0 19 10 0 0 49 111 0 0 0 0 0 0 0 0 15.0 6.89058129404 0.459372086269 0.492208126376 0.421845183289 
42 39 0.0 19 10 0 0 49 111 0 0 0 0 0 0 0 0 15.0 6.10064006274 0.406709337516 0.544615926914 0.249101806777 
42 39 2.0 19 10 0 0 49 111 0 0 0 0 0 0 0 0 15.0 6.89047464199 0.459364976132 0.492203728832 0.421834973047 
42 40 0.0 19 10 0 0 49 111 0 0 0 0 0 0 0 0 15.0 6.10044935358 0.406696623572 0.544604439982 0.249087690533 
42 40 2.0 19 10 0 0 49 111 0 0 0 0 0 0 0 0 15.0 6.89044481461 0.45936298764 0.492202313081 0.421832329994 
