55 1 0.0 98 151 57 0 197 1131 32 10 0 0 0 9 0 0 40.0 21.1986989984 0.529967474959 0.69788741259 0.250100912242 
55 1 2.0 98 151 57 0 197 1131 32 10 0 0 0 9 0 0 40.0 23.0912940033 0.577282350082 0.684407073185 0.39874114491 
55 2 0.0 98 151 57 0 197 1131 32 10 0 0 0 9 0 0 40.0 21.1987361589 0.529968403972 0.697887071212 0.250103958574 
55 2 2.0 98 151 57 0 197 1131 32 10 0 0 0 9 0 0 40.0 23.0912344057 0.577280860143 0.684406321659 0.398738424282 
55 3 0.0 98 151 57 0 197 1131 32 10 0 0 0 9 0 0 40.0 21.1986891964 0.529967229911 0.697887333429 0.250100390714 
55 3 2.0 98 151 57 0 197 1131 32 10 0 0 0 9 0 0 40.0 23.0912712832 0.577281782079 0.684406680799 0.398740284213 
55 4 0.0 98 151 57 0 197 1131 32 10 0 0 0 9 0 0 40.0 21.1987031223 0.529967578058 0.69788710644 0.250101697421 
55 4 2.0 98 151 57 0 197 1131 32 10 0 0 0 9 0 0 40.0 23.0912908456 0.577282271141 0.684407242405 0.398740652368 
55 5 0.0 98 151 57 0 197 1131 32 10 0 0 0 9 0 0 40.0 21.1986940809 0.529967352022 0.697887372127 0.250100651847 
55 5 2.0 98 151 57 0 197 1131 32 10 0 0 0 9 0 0 40.0 23.0912532502 0.577281331254 0.684406882055 0.398738746587 
55 6 0.0 98 151 57 0 197 1131 32 10 0 0 0 9 0 0 40.0 21.1987602641 0.529969006603 0.697887018999 0.25010565261 
55 6 2.0 98 151 57 0 197 1131 32 10 0 0 0 9 0 0 40.0 23.0912272633 0.577280681582 0.684406395929 0.398737824336 
55 7 0.0 98 151 57 0 197 1131 32 10 0 0 0 9 0 0 40.0 21.1987006971 0.529967517428 0.697887522738 0.250100841912 
55 7 2.0 98 151 57 0 197 1131 32 10 0 0 0 9 0 0 40.0 23.0912435926 0.577281089816 0.684406563069 0.398738634394 
55 8 0.0 98 151 57 0 197 1131 32 10 0 0 0 9 0 0 40.0 21.1986914509 0.529967286272 0.697887372583 0.250100475754 
55 8 2.0 98 151 57 0 197 1131 32 10 0 0 0 9 0 0 40.0 23.0913182038 0.577282955094 0.684407507291 0.398742034766 
55 9 0.0 98 151 57 0 197 1131 32 10 0 0 0 9 0 0 40.0 21.1986889384 0.529967223461 0.697887381887 0.25010029275 
55 9 2.0 98 151 57 0 197 1131 32 10 0 0 0 9 0 0 40.0 23.0912307738 0.577280769346 0.684406484961 0.398737909988 
55 10 0.0 98 151 57 0 197 1131 32 10 0 0 0 9 0 0 40.0 21.198698542 0.529967463551 0.697887280987 0.250101101158 
55 10 2.0 98 151 57 0 197 1131 32 10 0 0 0 9 0 0 40.0 23.0912358192 0.577280895481 0.684406529489 0.398738172133 
55 1 0.0 98 151 57 0 197 1131 32 10 0 0 0 9 0 0 40.0 21.1986914471 0.529967286178 0.697887333664 0.250100540368 
55 1 2.0 98 151 57 0 197 1131 32 10 0 0 0 9 0 0 40.0 23.0912941291 0.577282353228 0.684407295008 0.398740783595 
55 2 0.0 98 151 57 0 197 1131 32 10 0 0 0 9 0 0 40.0 21.1986920977 0.529967302443 0.697887378953 0.250100508259 
55 2 2.0 98 151 57 0 197 1131 32 10 0 0 0 9 0 0 40.0 23.0912306272 0.57728076568 0.684406430701 0.398737990645 
55 3 0.0 98 151 57 0 197 1131 32 10 0 0 0 9 0 0 40.0 21.1986977363 0.529967443406 0.697887442591 0.250100778099 
55 3 2.0 98 151 57 0 197 1131 32 10 0 0 0 9 0 0 40.0 23.0912444089 0.577281110222 0.684406420295 0.398738926767 
55 4 0.0 98 151 57 0 197 1131 32 10 0 0 0 9 0 0 40.0 21.1986933808 0.529967334519 0.697887308892 0.250100710565 
55 4 2.0 98 151 57 0 197 1131 32 10 0 0 0 9 0 0 40.0 23.0912321583 0.577280803957 0.684406571631 0.398737857833 
55 5 0.0 98 151 57 0 197 1131 32 10 0 0 0 9 0 0 40.0 21.1986990365 0.529967475912 0.69788725138 0.250101183466 
55 5 2.0 98 151 57 0 197 1131 32 10 0 0 0 9 0 0 40.0 23.0912948653 0.577282371632 0.684407522147 0.398740454106 
55 6 0.0 98 151 57 0 197 1131 32 10 0 0 0 9 0 0 40.0 21.1986965241 0.529967413102 0.697887291011 0.250100949921 
55 6 2.0 98 151 57 0 197 1131 32 10 0 0 0 9 0 0 40.0 23.0912123731 0.577280309328 0.684406157717 0.398737228681 
55 7 0.0 98 151 57 0 197 1131 32 10 0 0 0 9 0 0 40.0 21.1986939063 0.529967347657 0.697887318491 0.2501007296 
55 7 2.0 98 151 57 0 197 1131 32 10 0 0 0 9 0 0 40.0 23.0912350264 0.57728087566 0.684406882331 0.398737531207 
55 8 0.0 98 151 57 0 197 1131 32 10 0 0 0 9 0 0 40.0 21.1987050192 0.529967625481 0.697887189055 0.25010168619 
55 8 2.0 98 151 57 0 197 1131 32 10 0 0 0 9 0 0 40.0 23.0912416348 0.577281040869 0.6844067481 0.398738195484 
55 9 0.0 98 151 57 0 197 1131 32 10 0 0 0 9 0 0 40.0 21.1989759734 0.529974399334 0.697887943083 0.250118493086 
55 9 2.0 98 151 57 0 197 1131 32 10 0 0 0 9 0 0 40.0 23.0914473523 0.577286183807 0.684408663372 0.398748717865 
55 10 0.0 98 151 57 0 197 1131 32 10 0 0 0 9 0 0 40.0 21.1986923158 0.529967307895 0.697887317263 0.250100625614 
55 10 2.0 98 151 57 0 197 1131 32 10 0 0 0 9 0 0 40.0 23.0912287099 0.577280717747 0.684406570108 0.39873763048 
55 11 0.0 98 151 57 0 197 1131 32 10 0 0 0 9 0 0 40.0 21.198691536 0.529967288401 0.697887320761 0.250100567801 
55 11 2.0 98 151 57 0 197 1131 32 10 0 0 0 9 0 0 40.0 23.091257176 0.577281429399 0.684406735626 0.398739252353 
55 12 0.0 98 151 57 0 197 1131 32 10 0 0 0 9 0 0 40.0 21.1986927082 0.529967317705 0.697887285137 0.250100705317 
55 12 2.0 98 151 57 0 197 1131 32 10 0 0 0 9 0 0 40.0 23.0912395987 0.577280989969 0.684406667626 0.398738193874 
55 13 0.0 98 151 57 0 197 1131 32 10 0 0 0 9 0 0 40.0 21.1986927626 0.529967319065 0.697887374637 0.250100559779 
55 13 2.0 98 151 57 0 197 1131 32 10 0 0 0 9 0 0 40.0 23.0912045088 0.577280112721 0.684406424096 0.398736260429 
55 14 0.0 98 151 57 0 197 1131 32 10 0 0 0 9 0 0 40.0 21.1987029912 0.52996757478 0.697887257564 0.250101436806 
55 14 2.0 98 151 57 0 197 1131 32 10 0 0 0 9 0 0 40.0 23.0912425838 0.577281064595 0.684406376265 0.39873887848 
55 15 0.0 98 151 57 0 197 1131 32 10 0 0 0 9 0 0 40.0 21.198698768 0.5299674692 0.697887248031 0.250101171148 
55 15 2.0 98 151 57 0 197 1131 32 10 0 0 0 9 0 0 40.0 23.091276452 0.5772819113 0.684406972575 0.398740142509 
55 16 0.0 98 151 57 0 197 1131 32 10 0 0 0 9 0 0 40.0 21.1986887548 0.529967218869 0.697887334934 0.250100358761 
55 16 2.0 98 151 57 0 197 1131 32 10 0 0 0 9 0 0 40.0 23.0912674546 0.577281686366 0.68440693656 0.398739602709 
55 17 0.0 98 151 57 0 197 1131 32 10 0 0 0 9 0 0 40.0 21.1987001159 0.529967502898 0.697887442719 0.250100936528 
55 17 2.0 98 151 57 0 197 1131 32 10 0 0 0 9 0 0 40.0 23.0912350735 0.577280876836 0.684406568784 0.398738056924 
55 18 0.0 98 151 57 0 197 1131 32 10 0 0 0 9 0 0 40.0 21.1986932038 0.529967330095 0.697887246244 0.250100803181 
55 18 2.0 98 151 57 0 197 1131 32 10 0 0 0 9 0 0 40.0 23.0912581872 0.577281454679 0.684406942078 0.398738975681 
55 19 0.0 98 151 57 0 197 1131 32 10 0 0 0 9 0 0 40.0 21.1987048835 0.529967622088 0.697887647638 0.250100912837 
55 19 2.0 98 151 57 0 197 1131 32 10 0 0 0 9 0 0 40.0 23.0912357266 0.577280893166 0.684406704617 0.39873787408 
55 20 0.0 98 151 57 0 197 1131 32 10 0 0 0 9 0 0 40.0 21.198695676 0.529967391901 0.697887259561 0.2501009458 
55 20 2.0 98 151 57 0 197 1131 32 10 0 0 0 9 0 0 40.0 23.091561477 0.577289036925 0.684410003058 0.398754093369 
55 21 0.0 98 151 57 0 197 1131 32 10 0 0 0 9 0 0 40.0 21.1987054517 0.529967636293 0.697887248782 0.250101615478 
55 21 2.0 98 151 57 0 197 1131 32 10 0 0 0 9 0 0 40.0 23.0912246449 0.577280616121 0.684406753262 0.398737054221 
55 22 0.0 98 151 57 0 197 1131 32 10 0 0 0 9 0 0 40.0 21.1986890089 0.529967225223 0.697887406946 0.250100255684 
55 22 2.0 98 151 57 0 197 1131 32 10 0 0 0 9 0 0 40.0 23.0912375354 0.577280938384 0.684406473702 0.398738379521 
55 23 0.0 98 151 57 0 197 1131 32 10 0 0 0 9 0 0 40.0 21.1986931358 0.529967328396 0.697887286442 0.250100731653 
55 23 2.0 98 151 57 0 197 1131 32 10 0 0 0 9 0 0 40.0 23.0912164044 0.577280410109 0.684406319076 0.398737228496 
55 24 0.0 98 151 57 0 197 1131 32 10 0 0 0 9 0 0 40.0 21.1986965385 0.529967413461 0.69788729944 0.25010093683 
55 24 2.0 98 151 57 0 197 1131 32 10 0 0 0 9 0 0 40.0 23.0912268484 0.577280671209 0.68440635157 0.398737870608 
55 25 0.0 98 151 57 0 197 1131 32 10 0 0 0 9 0 0 40.0 21.1986946399 0.529967365998 0.697887353305 0.250100720486 
55 25 2.0 98 151 57 0 197 1131 32 10 0 0 0 9 0 0 40.0 23.0912262535 0.577280656338 0.68440670737 0.398737237951 
55 26 0.0 98 151 57 0 197 1131 32 10 0 0 0 9 0 0 40.0 21.1986917246 0.529967293116 0.697887359396 0.250100515983 
55 26 2.0 98 151 57 0 197 1131 32 10 0 0 0 9 0 0 40.0 23.091258864 0.577281471599 0.68440690408 0.398739084132 
55 27 0.0 98 151 57 0 197 1131 32 10 0 0 0 9 0 0 40.0 21.1986975119 0.529967437796 0.697887297368 0.250101005178 
55 27 2.0 98 151 57 0 197 1131 32 10 0 0 0 9 0 0 40.0 23.0915585102 0.577288962755 0.684410354961 0.39875330908 
55 28 0.0 98 151 57 0 197 1131 32 10 0 0 0 9 0 0 40.0 21.1986948547 0.529967371368 0.697887316384 0.250100796342 
55 28 2.0 98 151 57 0 197 1131 32 10 0 0 0 9 0 0 40.0 23.0912853044 0.577282132609 0.684407192556 0.398740366031 
55 29 0.0 98 151 57 0 197 1131 32 10 0 0 0 9 0 0 40.0 21.1986877239 0.529967193097 0.697887334011 0.250100291574 
55 29 2.0 98 151 57 0 197 1131 32 10 0 0 0 9 0 0 40.0 23.091304229 0.577282605725 0.684407312081 0.398741428465 
55 30 0.0 98 151 57 0 197 1131 32 10 0 0 0 9 0 0 40.0 21.1987059138 0.529967647845 0.697887156713 0.250101799732 
55 30 2.0 98 151 57 0 197 1131 32 10 0 0 0 9 0 0 40.0 23.0912160225 0.577280400562 0.684406463447 0.39873696242 
55 31 0.0 98 151 57 0 197 1131 32 10 0 0 0 9 0 0 40.0 21.1986970809 0.529967427023 0.697887424386 0.250100764752 
55 31 2.0 98 151 57 0 197 1131 32 10 0 0 0 9 0 0 40.0 23.0912396888 0.57728099222 0.684406491435 0.39873849353 
55 32 0.0 98 151 57 0 197 1131 32 10 0 0 0 9 0 0 40.0 21.1987169604 0.529967924011 0.6978870006 0.250102796363 
55 32 2.0 98 151 57 0 197 1131 32 10 0 0 0 9 0 0 40.0 23.0913291808 0.577283229519 0.684407431777 0.398742892424 
55 33 0.0 98 151 57 0 197 1131 32 10 0 0 0 9 0 0 40.0 21.1987018248 0.52996754562 0.697887131959 0.250101568387 
55 33 2.0 98 151 57 0 197 1131 32 10 0 0 0 9 0 0 40.0 23.0912611084 0.577281527709 0.684406925737 0.398739197661 
55 34 0.0 98 151 57 0 197 1131 32 10 0 0 0 9 0 0 40.0 21.1987071508 0.529967678771 0.69788737494 0.25010151849 
55 34 2.0 98 151 57 0 197 1131 32 10 0 0 0 9 0 0 40.0 23.0912439373 0.577281098433 0.684406647808 0.398738516141 
55 35 0.0 98 151 57 0 197 1131 32 10 0 0 0 9 0 0 40.0 21.1987004881 0.529967512202 0.697887157496 0.250101436712 
55 35 2.0 98 151 57 0 197 1131 32 10 0 0 0 9 0 0 40.0 23.091275119 0.577281877975 0.684406757452 0.398740412181 
55 36 0.0 98 151 57 0 197 1131 32 10 0 0 0 9 0 0 40.0 21.1986953776 0.52996738444 0.697887272773 0.250100903886 
55 36 2.0 98 151 57 0 197 1131 32 10 0 0 0 9 0 0 40.0 23.0912391549 0.577280978873 0.684406631502 0.398738224491 
55 37 0.0 98 151 57 0 197 1131 32 10 0 0 0 9 0 0 40.0 21.1987391915 0.529968479788 0.697887119685 0.250104079958 
55 37 2.0 98 151 57 0 197 1131 32 10 0 0 0 9 0 0 40.0 23.0913139845 0.577282849613 0.684407328748 0.398742051056 
55 38 0.0 98 151 57 0 197 1131 32 10 0 0 0 9 0 0 40.0 21.1986952566 0.529967381415 0.697887280096 0.250100883613 
55 38 2.0 98 151 57 0 197 1131 32 10 0 0 0 9 0 0 40.0 23.0912279968 0.577280699921 0.684406619173 0.398737501167 
55 39 0.0 98 151 57 0 197 1131 32 10 0 0 0 9 0 0 40.0 21.1987005423 0.529967513557 0.697887264572 0.250101261865 
55 39 2.0 98 151 57 0 197 1131 32 10 0 0 0 9 0 0 40.0 23.0912154913 0.577280387284 0.684406257898 0.398737269593 
55 40 0.0 98 151 57 0 197 1131 32 10 0 0 0 9 0 0 40.0 21.1987025913 0.529967564782 0.697887349325 0.250101257212 
55 40 2.0 98 151 57 0 197 1131 32 10 0 0 0 9 0 0 40.0 23.0912868056 0.577282170139 0.684407177976 0.398740490411 
