5 1 0.0 9 11 10 0 10 5 3 3.85764842902e-45 5 0 
5 1 0.0 8 8 13 0 11 9 2 0.0645767687759 5 1 
5 1 0.0 3 9 9 0 6 15 2 0.0962654186275 1 4 
5 1 0.0 2 4 6 0 4 26 1 0.649273745697 0 4 
5 1 0.0 5 6 19 0 12 18 2 0.0842812635599 4 4 
5 1 0.0 4 5 16 0 9 20 2 4.7286349664e-27 2 5 
5 1 0.0 7 7 16 0 12 13 2 0.0270226977988 5 2 
5 1 0.0 6 6 19 0 13 17 2 0.126575561714 5 3 
5 1 0.0 1 10 6 0 4 12 1 0.267818428049 0 4 
5 1 2.0 9 11 10 0 10 5 3 0.037011263644 5 0 
5 1 2.0 8 8 13 0 11 9 2 0.259279642734 5 1 
5 1 2.0 3 9 9 0 6 15 2 0.133059884774 1 4 
5 1 2.0 2 4 6 0 4 26 1 0.568069068351 0 4 
5 1 2.0 5 6 19 0 12 18 2 0.0995753365989 4 4 
5 1 2.0 4 5 16 0 9 20 2 3.39773652782e-35 2 5 
5 1 2.0 7 7 16 0 12 13 2 0.000511171181145 5 2 
5 1 2.0 6 6 19 0 13 17 2 0.0932840940253 5 3 
5 1 2.0 1 10 6 0 4 12 1 0.172943580269 0 4 
5 2 0.0 9 11 10 0 10 5 3 2.87560358998e-45 5 0 
5 2 0.0 8 8 13 0 11 9 2 0.0645958562995 5 1 
5 2 0.0 3 9 9 0 6 15 2 0.0962617721197 1 4 
5 2 0.0 2 4 6 0 4 26 1 0.649309341737 0 4 
5 2 0.0 5 6 19 0 12 18 2 0.0842324813276 4 4 
5 2 0.0 4 5 16 0 9 20 2 2.70057666203e-27 2 5 
5 2 0.0 7 7 16 0 12 13 2 0.0269553401837 5 2 
5 2 0.0 6 6 19 0 13 17 2 0.126660310764 5 3 
5 2 0.0 1 10 6 0 4 12 1 0.267798902349 0 4 
5 2 2.0 9 11 10 0 10 5 3 0.0370028651403 5 0 
5 2 2.0 8 8 13 0 11 9 2 0.259308441099 5 1 
5 2 2.0 3 9 9 0 6 15 2 0.133046487853 1 4 
5 2 2.0 2 4 6 0 4 26 1 0.568092812489 0 4 
5 2 2.0 5 6 19 0 12 18 2 0.0995208370246 4 4 
5 2 2.0 4 5 16 0 9 20 2 1.97402469749e-34 2 5 
5 2 2.0 7 7 16 0 12 13 2 0.000417924524042 5 2 
5 2 2.0 6 6 19 0 13 17 2 0.0934050216108 5 3 
5 2 2.0 1 10 6 0 4 12 1 0.172930306583 0 4 
5 3 0.0 9 11 10 0 10 5 3 6.05337238628e-45 5 0 
5 3 0.0 8 8 13 0 11 9 2 0.0645711242006 5 1 
5 3 0.0 3 9 9 0 6 15 2 0.0962665771455 1 4 
5 3 0.0 2 4 6 0 4 26 1 0.649263418245 0 4 
5 3 0.0 5 6 19 0 12 18 2 0.0842955369939 4 4 
5 3 0.0 4 5 16 0 9 20 2 2.54542454541e-27 2 5 
5 3 0.0 7 7 16 0 12 13 2 0.0270428134001 5 2 
5 3 0.0 6 6 19 0 13 17 2 0.126550289988 5 3 
5 3 0.0 1 10 6 0 4 12 1 0.267824148471 0 4 
5 3 2.0 9 11 10 0 10 5 3 0.0370169559829 5 0 
5 3 2.0 8 8 13 0 11 9 2 0.259259020163 5 1 
5 3 2.0 3 9 9 0 6 15 2 0.133068077672 1 4 
5 3 2.0 2 4 6 0 4 26 1 0.568052051898 0 4 
5 3 2.0 5 6 19 0 12 18 2 0.0996142338873 4 4 
5 3 2.0 4 5 16 0 9 20 2 3.521671234e-35 2 5 
5 3 2.0 7 7 16 0 12 13 2 0.000577239223778 5 2 
5 3 2.0 6 6 19 0 13 17 2 0.0931975956006 5 3 
5 3 2.0 1 10 6 0 4 12 1 0.172954517795 0 4 
5 4 0.0 9 11 10 0 10 5 3 8.67723673408e-45 5 0 
5 4 0.0 8 8 13 0 11 9 2 0.0645434777746 5 1 
5 4 0.0 3 9 9 0 6 15 2 0.0962719663525 1 4 
5 4 0.0 2 4 6 0 4 26 1 0.649212259019 0 4 
5 4 0.0 5 6 19 0 12 18 2 0.0843659775421 4 4 
5 4 0.0 4 5 16 0 9 20 2 6.55192247755e-27 2 5 
5 4 0.0 7 7 16 0 12 13 2 0.027140517707 5 2 
5 4 0.0 6 6 19 0 13 17 2 0.126427352598 5 3 
5 4 0.0 1 10 6 0 4 12 1 0.267852319056 0 4 
5 4 2.0 9 11 10 0 10 5 3 0.0370069000685 5 0 
5 4 2.0 8 8 13 0 11 9 2 0.259293781363 5 1 
5 4 2.0 3 9 9 0 6 15 2 0.133053412269 1 4 
5 4 2.0 2 4 6 0 4 26 1 0.568080149244 0 4 
5 4 2.0 5 6 19 0 12 18 2 0.0995493494551 4 4 
5 4 2.0 4 5 16 0 9 20 2 9.72213373301e-36 2 5 
5 4 2.0 7 7 16 0 12 13 2 0.000466508245881 5 2 
5 4 2.0 6 6 19 0 13 17 2 0.093341802609 5 3 
5 4 2.0 1 10 6 0 4 12 1 0.172937110108 0 4 
5 5 0.0 9 11 10 0 10 5 3 2.80261633851e-45 5 0 
5 5 0.0 8 8 13 0 11 9 2 0.0645739888818 5 1 
5 5 0.0 3 9 9 0 6 15 2 0.0962660390132 1 4 
5 5 0.0 2 4 6 0 4 26 1 0.649268812852 0 4 
5 5 0.0 5 6 19 0 12 18 2 0.0842881034267 4 4 
5 5 0.0 4 5 16 0 9 20 2 3.76467240606e-27 2 5 
5 5 0.0 7 7 16 0 12 13 2 0.0270326613331 5 2 
5 5 0.0 6 6 19 0 13 17 2 0.126563148176 5 3 
5 5 0.0 1 10 6 0 4 12 1 0.267821208902 0 4 
5 5 2.0 9 11 10 0 10 5 3 0.0369967645881 5 0 
5 5 2.0 8 8 13 0 11 9 2 0.259329722929 5 1 
5 5 2.0 3 9 9 0 6 15 2 0.133038285251 1 4 
5 5 2.0 2 4 6 0 4 26 1 0.568110187861 0 4 
5 5 2.0 5 6 19 0 12 18 2 0.0994814772764 4 4 
5 5 2.0 4 5 16 0 9 20 2 4.78479533518e-34 2 5 
5 5 2.0 7 7 16 0 12 13 2 0.000348820335479 5 2 
5 5 2.0 6 6 19 0 13 17 2 0.0934948989142 5 3 
5 5 2.0 1 10 6 0 4 12 1 0.172920313216 0 4 
5 6 0.0 9 11 10 0 10 5 3 1.69621228943e-45 5 0 
5 6 0.0 8 8 13 0 11 9 2 0.0645364184055 5 1 
5 6 0.0 3 9 9 0 6 15 2 0.0962734860649 1 4 
5 6 0.0 2 4 6 0 4 26 1 0.649199542171 0 4 
5 6 0.0 5 6 19 0 12 18 2 0.0843836829359 4 4 
5 6 0.0 4 5 16 0 9 20 2 2.27657353072e-27 2 5 
5 6 0.0 7 7 16 0 12 13 2 0.0271657887693 5 2 
5 6 0.0 6 6 19 0 13 17 2 0.12639564172 5 3 
5 6 0.0 1 10 6 0 4 12 1 0.267859402892 0 4 
5 6 2.0 9 11 10 0 10 5 3 0.0370065142347 5 0 
5 6 2.0 8 8 13 0 11 9 2 0.259291728353 5 1 
5 6 2.0 3 9 9 0 6 15 2 0.133054851088 1 4 
5 6 2.0 2 4 6 0 4 26 1 0.568075432334 0 4 
5 6 2.0 5 6 19 0 12 18 2 0.0995571110824 4 4 
5 6 2.0 4 5 16 0 9 20 2 1.34029099861e-34 2 5 
5 6 2.0 7 7 16 0 12 13 2 0.000477935214643 5 2 
5 6 2.0 6 6 19 0 13 17 2 0.093326027319 5 3 
5 6 2.0 1 10 6 0 4 12 1 0.172937464691 0 4 
5 7 0.0 9 11 10 0 10 5 3 6.75828441842e-45 5 0 
5 7 0.0 8 8 13 0 11 9 2 0.0645565571842 5 1 
5 7 0.0 3 9 9 0 6 15 2 0.0962693458459 1 4 
5 7 0.0 2 4 6 0 4 26 1 0.649236314762 0 4 
5 7 0.0 5 6 19 0 12 18 2 0.0843327131998 4 4 
5 7 0.0 4 5 16 0 9 20 2 2.43679250882e-27 2 5 
5 7 0.0 7 7 16 0 12 13 2 0.027094087315 5 2 
5 7 0.0 6 6 19 0 13 17 2 0.126485797054 5 3 
5 7 0.0 1 10 6 0 4 12 1 0.267839030257 0 4 
5 7 2.0 9 11 10 0 10 5 3 0.0370024140573 5 0 
5 7 2.0 8 8 13 0 11 9 2 0.259311594435 5 1 
5 7 2.0 3 9 9 0 6 15 2 0.133045257995 1 4 
5 7 2.0 2 4 6 0 4 26 1 0.568094676584 0 4 
5 7 2.0 5 6 19 0 12 18 2 0.09951517461 4 4 
5 7 2.0 4 5 16 0 9 20 2 6.34302192023e-35 2 5 
5 7 2.0 7 7 16 0 12 13 2 0.000407909024958 5 2 
5 7 2.0 6 6 19 0 13 17 2 0.093418666149 5 3 
5 7 2.0 1 10 6 0 4 12 1 0.172925893347 0 4 
5 8 0.0 9 11 10 0 10 5 3 9.54978773031e-45 5 0 
5 8 0.0 8 8 13 0 11 9 2 0.0645708232923 5 1 
5 8 0.0 3 9 9 0 6 15 2 0.0962666281293 1 4 
5 8 0.0 2 4 6 0 4 26 1 0.649263077605 0 4 
5 8 0.0 5 6 19 0 12 18 2 0.0842958220904 4 4 
5 8 0.0 4 5 16 0 9 20 2 3.38282075601e-27 2 5 
5 8 0.0 7 7 16 0 12 13 2 0.0270435984802 5 2 
5 8 0.0 6 6 19 0 13 17 2 0.126549652714 5 3 
5 8 0.0 1 10 6 0 4 12 1 0.267824398093 0 4 
5 8 2.0 9 11 10 0 10 5 3 0.0370131583077 5 0 
5 8 2.0 8 8 13 0 11 9 2 0.259272506431 5 1 
5 8 2.0 3 9 9 0 6 15 2 0.133062073157 1 4 
5 8 2.0 2 4 6 0 4 26 1 0.568063193546 0 4 
5 8 2.0 5 6 19 0 12 18 2 0.0995885761976 4 4 
5 8 2.0 4 5 16 0 9 20 2 1.28408012979e-35 2 5 
5 8 2.0 7 7 16 0 12 13 2 0.000534010558631 5 2 
5 8 2.0 6 6 19 0 13 17 2 0.093253995619 5 3 
5 8 2.0 1 10 6 0 4 12 1 0.172947586281 0 4 
5 9 0.0 9 11 10 0 10 5 3 1.97825550621e-44 5 0 
5 9 0.0 8 8 13 0 11 9 2 0.0645477612948 5 1 
5 9 0.0 3 9 9 0 6 15 2 0.0962710989118 1 4 
5 9 0.0 2 4 6 0 4 26 1 0.649220371677 0 4 
5 9 0.0 5 6 19 0 12 18 2 0.0843545501725 4 4 
5 9 0.0 4 5 16 0 9 20 2 1.56120150891e-27 2 5 
5 9 0.0 7 7 16 0 12 13 2 0.0271250006218 5 2 
5 9 0.0 6 6 19 0 13 17 2 0.126447276094 5 3 
5 9 0.0 1 10 6 0 4 12 1 0.267847905968 0 4 
5 9 2.0 9 11 10 0 10 5 3 0.0370165370444 5 0 
5 9 2.0 8 8 13 0 11 9 2 0.259263570762 5 1 
5 9 2.0 3 9 9 0 6 15 2 0.133067260097 1 4 
5 9 2.0 2 4 6 0 4 26 1 0.568057315569 0 4 
5 9 2.0 5 6 19 0 12 18 2 0.0996038919086 4 4 
5 9 2.0 4 5 16 0 9 20 2 4.97714492632e-35 2 5 
5 9 2.0 7 7 16 0 12 13 2 0.00056031519583 5 2 
5 9 2.0 6 6 19 0 13 17 2 0.0932208620107 5 3 
5 9 2.0 1 10 6 0 4 12 1 0.172951090556 0 4 
5 10 0.0 9 11 10 0 10 5 3 1.11637277112e-44 5 0 
5 10 0.0 8 8 13 0 11 9 2 0.0645584013334 5 1 
5 10 0.0 3 9 9 0 6 15 2 0.0962690370426 1 4 
5 10 0.0 2 4 6 0 4 26 1 0.649239766632 0 4 
5 10 0.0 5 6 19 0 12 18 2 0.0843280946981 4 4 
5 10 0.0 4 5 16 0 9 20 2 6.44340384167e-27 2 5 
5 10 0.0 7 7 16 0 12 13 2 0.0270878036136 5 2 
5 10 0.0 6 6 19 0 13 17 2 0.126493600385 5 3 
5 10 0.0 1 10 6 0 4 12 1 0.26783714375 0 4 
5 10 2.0 9 11 10 0 10 5 3 0.0369949428285 5 0 
5 10 2.0 8 8 13 0 11 9 2 0.259335962152 5 1 
5 10 2.0 3 9 9 0 6 15 2 0.133034539316 1 4 
5 10 2.0 2 4 6 0 4 26 1 0.568113177802 0 4 
5 10 2.0 5 6 19 0 12 18 2 0.0994713036657 4 4 
5 10 2.0 4 5 16 0 9 20 2 1.19885768857e-34 2 5 
5 10 2.0 7 7 16 0 12 13 2 0.000330539657482 5 2 
5 10 2.0 6 6 19 0 13 17 2 0.0935185089918 5 3 
5 10 2.0 1 10 6 0 4 12 1 0.172914161615 0 4 
5 11 0.0 9 11 10 0 10 5 3 2.67802031125e-45 5 0 
5 11 0.0 8 8 13 0 11 9 2 0.0645782505353 5 1 
5 11 0.0 3 9 9 0 6 15 2 0.0962652257809 1 4 
5 11 0.0 2 4 6 0 4 26 1 0.649276745608 0 4 
5 11 0.0 5 6 19 0 12 18 2 0.0842772309769 4 4 
5 11 0.0 4 5 16 0 9 20 2 3.9606276397e-27 2 5 
5 11 0.0 7 7 16 0 12 13 2 0.0270176478382 5 2 
5 11 0.0 6 6 19 0 13 17 2 0.126582026328 5 3 
5 11 0.0 1 10 6 0 4 12 1 0.267816850001 0 4 
5 11 2.0 9 11 10 0 10 5 3 0.03701190075 5 0 
5 11 2.0 8 8 13 0 11 9 2 0.259277448818 5 1 
5 11 2.0 3 9 9 0 6 15 2 0.133059991777 1 4 
5 11 2.0 2 4 6 0 4 26 1 0.568067360201 0 4 
5 11 2.0 5 6 19 0 12 18 2 0.0995790401881 4 4 
5 11 2.0 4 5 16 0 9 20 2 2.41128940299e-35 2 5 
5 11 2.0 7 7 16 0 12 13 2 0.00051786242 5 2 
5 11 2.0 6 6 19 0 13 17 2 0.0932752173653 5 3 
5 11 2.0 1 10 6 0 4 12 1 0.172944684391 0 4 
5 12 0.0 9 11 10 0 10 5 3 5.02138329346e-45 5 0 
5 12 0.0 8 8 13 0 11 9 2 0.0645772081886 5 1 
5 12 0.0 3 9 9 0 6 15 2 0.0962654718256 1 4 
5 12 0.0 2 4 6 0 4 26 1 0.649274853687 0 4 
5 12 0.0 5 6 19 0 12 18 2 0.0842799296126 4 4 
5 12 0.0 4 5 16 0 9 20 2 3.08436078349e-27 2 5 
5 12 0.0 7 7 16 0 12 13 2 0.0270215097505 5 2 
5 12 0.0 6 6 19 0 13 17 2 0.126577104088 5 3 
5 12 0.0 1 10 6 0 4 12 1 0.267817902972 0 4 
5 12 2.0 9 11 10 0 10 5 3 0.0370056878 5 0 
5 12 2.0 8 8 13 0 11 9 2 0.259296452681 5 1 
5 12 2.0 3 9 9 0 6 15 2 0.133052001479 1 4 
5 12 2.0 2 4 6 0 4 26 1 0.568080937541 0 4 
5 12 2.0 5 6 19 0 12 18 2 0.0995459124406 4 4 
5 12 2.0 4 5 16 0 9 20 2 2.01931021299e-35 2 5 
5 12 2.0 7 7 16 0 12 13 2 0.000459965614775 5 2 
5 12 2.0 6 6 19 0 13 17 2 0.0933498062416 5 3 
5 12 2.0 1 10 6 0 4 12 1 0.172935439629 0 4 
5 13 0.0 9 11 10 0 10 5 3 3.6065779419e-45 5 0 
5 13 0.0 8 8 13 0 11 9 2 0.0645584907655 5 1 
5 13 0.0 3 9 9 0 6 15 2 0.096269008572 1 4 
5 13 0.0 2 4 6 0 4 26 1 0.649239992653 0 4 
5 13 0.0 5 6 19 0 12 18 2 0.0843276890855 4 4 
5 13 0.0 4 5 16 0 9 20 2 5.54220429082e-27 2 5 
5 13 0.0 7 7 16 0 12 13 2 0.027087334221 5 2 
5 13 0.0 6 6 19 0 13 17 2 0.126494335569 5 3 
5 13 0.0 1 10 6 0 4 12 1 0.267837035795 0 4 
5 13 2.0 9 11 10 0 10 5 3 0.0370080706202 5 0 
5 13 2.0 8 8 13 0 11 9 2 0.259289017385 5 1 
5 13 2.0 3 9 9 0 6 15 2 0.133056783796 1 4 
5 13 2.0 2 4 6 0 4 26 1 0.568075527141 0 4 
5 13 2.0 5 6 19 0 12 18 2 0.0995596868454 4 4 
5 13 2.0 4 5 16 0 9 20 2 4.68578609014e-35 2 5 
5 13 2.0 7 7 16 0 12 13 2 0.000483290463533 5 2 
5 13 2.0 6 6 19 0 13 17 2 0.0933200141746 5 3 
5 13 2.0 1 10 6 0 4 12 1 0.172939265987 0 4 
5 14 0.0 9 11 10 0 10 5 3 9.61729892523e-45 5 0 
5 14 0.0 8 8 13 0 11 9 2 0.064550696348 5 1 
5 14 0.0 3 9 9 0 6 15 2 0.0962704545329 1 4 
5 14 0.0 2 4 6 0 4 26 1 0.649225362883 0 4 
5 14 0.0 5 6 19 0 12 18 2 0.0843477901967 4 4 
5 14 0.0 4 5 16 0 9 20 2 6.55669545529e-27 2 5 
5 14 0.0 7 7 16 0 12 13 2 0.0271147729406 5 2 
5 14 0.0 6 6 19 0 13 17 2 0.126459683748 5 3 
5 14 0.0 1 10 6 0 4 12 1 0.267845024735 0 4 
5 14 2.0 9 11 10 0 10 5 3 0.0370102990651 5 0 
5 14 2.0 8 8 13 0 11 9 2 0.259281596598 5 1 
5 14 2.0 3 9 9 0 6 15 2 0.133057355709 1 4 
5 14 2.0 2 4 6 0 4 26 1 0.568068595648 0 4 
5 14 2.0 5 6 19 0 12 18 2 0.0995732079052 4 4 
5 14 2.0 4 5 16 0 9 20 2 3.13620589121e-35 2 5 
5 14 2.0 7 7 16 0 12 13 2 0.000507249788029 5 2 
5 14 2.0 6 6 19 0 13 17 2 0.0932885257511 5 3 
5 14 2.0 1 10 6 0 4 12 1 0.172940896865 0 4 
5 15 0.0 9 11 10 0 10 5 3 1.23704924423e-44 5 0 
5 15 0.0 8 8 13 0 11 9 2 0.064562152566 5 1 
5 15 0.0 3 9 9 0 6 15 2 0.096268259787 1 4 
5 15 0.0 2 4 6 0 4 26 1 0.649246776051 0 4 
5 15 0.0 5 6 19 0 12 18 2 0.0843182747364 4 4 
5 15 0.0 4 5 16 0 9 20 2 4.8614649243e-27 2 5 
5 15 0.0 7 7 16 0 12 13 2 0.0270742589348 5 2 
5 15 0.0 6 6 19 0 13 17 2 0.126510858926 5 3 
5 15 0.0 1 10 6 0 4 12 1 0.267833310546 0 4 
5 15 2.0 9 11 10 0 10 5 3 0.0370138080625 5 0 
5 15 2.0 8 8 13 0 11 9 2 0.259271355175 5 1 
5 15 2.0 3 9 9 0 6 15 2 0.13306228996 1 4 
5 15 2.0 2 4 6 0 4 26 1 0.568063112428 0 4 
5 15 2.0 5 6 19 0 12 18 2 0.099589534787 4 4 
5 15 2.0 4 5 16 0 9 20 2 6.69551619399e-35 2 5 
5 15 2.0 7 7 16 0 12 13 2 0.000536270211078 5 2 
5 15 2.0 6 6 19 0 13 17 2 0.093251347332 5 3 
5 15 2.0 1 10 6 0 4 12 1 0.172948137652 0 4 
5 16 0.0 9 11 10 0 10 5 3 2.41827159839e-45 5 0 
5 16 0.0 8 8 13 0 11 9 2 0.0645806499501 5 1 
5 16 0.0 3 9 9 0 6 15 2 0.0962648050827 1 4 
5 16 0.0 2 4 6 0 4 26 1 0.64928124217 0 4 
5 16 0.0 5 6 19 0 12 18 2 0.0842711688814 4 4 
5 16 0.0 4 5 16 0 9 20 2 2.9826407808e-27 2 5 
5 16 0.0 7 7 16 0 12 13 2 0.0270093633981 5 2 
5 16 0.0 6 6 19 0 13 17 2 0.126592366514 5 3 
5 16 0.0 1 10 6 0 4 12 1 0.267814393854 0 4 
5 16 2.0 9 11 10 0 10 5 3 0.037005469583 5 0 
5 16 2.0 8 8 13 0 11 9 2 0.259299853672 5 1 
5 16 2.0 3 9 9 0 6 15 2 0.133049751231 1 4 
5 16 2.0 2 4 6 0 4 26 1 0.568086059349 0 4 
5 16 2.0 5 6 19 0 12 18 2 0.0995363593445 4 4 
5 16 2.0 4 5 16 0 9 20 2 1.02179364581e-34 2 5 
5 16 2.0 7 7 16 0 12 13 2 0.000445181533572 5 2 
5 16 2.0 6 6 19 0 13 17 2 0.0933696850208 5 3 
5 16 2.0 1 10 6 0 4 12 1 0.172934208282 0 4 
5 17 0.0 9 11 10 0 10 5 3 3.29879326176e-45 5 0 
5 17 0.0 8 8 13 0 11 9 2 0.064643767569 5 1 
5 17 0.0 3 9 9 0 6 15 2 0.096252449429 1 4 
5 17 0.0 2 4 6 0 4 26 1 0.649398782627 0 4 
5 17 0.0 5 6 19 0 12 18 2 0.0841100092643 4 4 
5 17 0.0 4 5 16 0 9 20 2 6.28156981488e-27 2 5 
5 17 0.0 7 7 16 0 12 13 2 0.0267855088361 5 2 
5 17 0.0 6 6 19 0 13 17 2 0.126873954113 5 3 
5 17 0.0 1 10 6 0 4 12 1 0.2677498335 0 4 
5 17 2.0 9 11 10 0 10 5 3 0.0370073833419 5 0 
5 17 2.0 8 8 13 0 11 9 2 0.259292898434 5 1 
5 17 2.0 3 9 9 0 6 15 2 0.133053338334 1 4 
5 17 2.0 2 4 6 0 4 26 1 0.568079722456 0 4 
5 17 2.0 5 6 19 0 12 18 2 0.0995503318247 4 4 
5 17 2.0 4 5 16 0 9 20 2 1.47481184478e-35 2 5 
5 17 2.0 7 7 16 0 12 13 2 0.00046859402531 5 2 
5 17 2.0 6 6 19 0 13 17 2 0.0933392660104 5 3 
5 17 2.0 1 10 6 0 4 12 1 0.172937018988 0 4 
5 18 0.0 9 11 10 0 10 5 3 2.98045581019e-45 5 0 
5 18 0.0 8 8 13 0 11 9 2 0.0646081324619 5 1 
5 18 0.0 3 9 9 0 6 15 2 0.0962593414856 1 4 
5 18 0.0 2 4 6 0 4 26 1 0.649332393216 0 4 
5 18 0.0 5 6 19 0 12 18 2 0.0842006248955 4 4 
5 18 0.0 4 5 16 0 9 20 2 1.24676430694e-27 2 5 
5 18 0.0 7 7 16 0 12 13 2 0.0269114646799 5 2 
5 18 0.0 6 6 19 0 13 17 2 0.126715893229 5 3 
5 18 0.0 1 10 6 0 4 12 1 0.267786314759 0 4 
5 18 2.0 9 11 10 0 10 5 3 0.0370028836417 5 0 
5 18 2.0 8 8 13 0 11 9 2 0.2593076486 5 1 
5 18 2.0 3 9 9 0 6 15 2 0.133047560591 1 4 
5 18 2.0 2 4 6 0 4 26 1 0.568091527931 0 4 
5 18 2.0 5 6 19 0 12 18 2 0.0995234015758 4 4 
5 18 2.0 4 5 16 0 9 20 2 5.80770148505e-35 2 5 
5 18 2.0 7 7 16 0 12 13 2 0.000421690044198 5 2 
5 18 2.0 6 6 19 0 13 17 2 0.0934000439245 5 3 
5 18 2.0 1 10 6 0 4 12 1 0.172930635955 0 4 
5 19 0.0 9 11 10 0 10 5 3 1.73087696063e-45 5 0 
5 19 0.0 8 8 13 0 11 9 2 0.0645748722747 5 1 
5 19 0.0 3 9 9 0 6 15 2 0.0962657330926 1 4 
5 19 0.0 2 4 6 0 4 26 1 0.649269983294 0 4 
5 19 0.0 5 6 19 0 12 18 2 0.0842864584835 4 4 
5 19 0.0 4 5 16 0 9 20 2 4.13461427455e-27 2 5 
5 19 0.0 7 7 16 0 12 13 2 0.0270294100183 5 2 
5 19 0.0 6 6 19 0 13 17 2 0.126566900086 5 3 
5 19 0.0 1 10 6 0 4 12 1 0.267820426024 0 4 
5 19 2.0 9 11 10 0 10 5 3 0.0370054766483 5 0 
5 19 2.0 8 8 13 0 11 9 2 0.259294912802 5 1 
5 19 2.0 3 9 9 0 6 15 2 0.133054343427 1 4 
5 19 2.0 2 4 6 0 4 26 1 0.56807886644 0 4 
5 19 2.0 5 6 19 0 12 18 2 0.0995508791445 4 4 
5 19 2.0 4 5 16 0 9 20 2 1.46231829581e-35 2 5 
5 19 2.0 7 7 16 0 12 13 2 0.000467135782553 5 2 
5 19 2.0 6 6 19 0 13 17 2 0.0933400223251 5 3 
5 19 2.0 1 10 6 0 4 12 1 0.172937786984 0 4 
5 20 0.0 9 11 10 0 10 5 3 5.25520098515e-45 5 0 
5 20 0.0 8 8 13 0 11 9 2 0.0645620805662 5 1 
5 20 0.0 3 9 9 0 6 15 2 0.0962684621832 1 4 
5 20 0.0 2 4 6 0 4 26 1 0.649246793258 0 4 
5 20 0.0 5 6 19 0 12 18 2 0.0843186537135 4 4 
5 20 0.0 4 5 16 0 9 20 2 3.21667393143e-27 2 5 
5 20 0.0 7 7 16 0 12 13 2 0.0270752110351 5 2 
5 20 0.0 6 6 19 0 13 17 2 0.126509399543 5 3 
5 20 0.0 1 10 6 0 4 12 1 0.267833348291 0 4 
5 20 2.0 9 11 10 0 10 5 3 0.0370076630765 5 0 
5 20 2.0 8 8 13 0 11 9 2 0.259289860375 5 1 
5 20 2.0 3 9 9 0 6 15 2 0.133054897265 1 4 
5 20 2.0 2 4 6 0 4 26 1 0.568074056915 0 4 
5 20 2.0 5 6 19 0 12 18 2 0.0995595564952 4 4 
5 20 2.0 4 5 16 0 9 20 2 2.02393497885e-35 2 5 
5 20 2.0 7 7 16 0 12 13 2 0.000482787988101 5 2 
5 20 2.0 6 6 19 0 13 17 2 0.0933203298193 5 3 
5 20 2.0 1 10 6 0 4 12 1 0.172936039441 0 4 
5 21 0.0 9 11 10 0 10 5 3 1.19370825555e-45 5 0 
5 21 0.0 8 8 13 0 11 9 2 0.0645691266574 5 1 
5 21 0.0 3 9 9 0 6 15 2 0.0962670109559 1 4 
5 21 0.0 2 4 6 0 4 26 1 0.649259902943 0 4 
5 21 0.0 5 6 19 0 12 18 2 0.084300356498 4 4 
5 21 0.0 4 5 16 0 9 20 2 1.89190788116e-27 2 5 
5 21 0.0 7 7 16 0 12 13 2 0.0270498793754 5 2 
5 21 0.0 6 6 19 0 13 17 2 0.126541564777 5 3 
5 21 0.0 1 10 6 0 4 12 1 0.267826135913 0 4 
5 21 2.0 9 11 10 0 10 5 3 0.0370130006376 5 0 
5 21 2.0 8 8 13 0 11 9 2 0.259270674511 5 1 
5 21 2.0 3 9 9 0 6 15 2 0.133063339244 1 4 
5 21 2.0 2 4 6 0 4 26 1 0.568060280344 0 4 
5 21 2.0 5 6 19 0 12 18 2 0.0995941665324 4 4 
5 21 2.0 4 5 16 0 9 20 2 1.43796045601e-34 2 5 
5 21 2.0 7 7 16 0 12 13 2 0.00054239902416 5 2 
5 21 2.0 6 6 19 0 13 17 2 0.0932423944911 5 3 
5 21 2.0 1 10 6 0 4 12 1 0.172949176925 0 4 
5 22 0.0 9 11 10 0 10 5 3 4.04058500205e-45 5 0 
5 22 0.0 8 8 13 0 11 9 2 0.0646278764604 5 1 
5 22 0.0 3 9 9 0 6 15 2 0.0962554769157 1 4 
5 22 0.0 2 4 6 0 4 26 1 0.649368987345 0 4 
5 22 0.0 5 6 19 0 12 18 2 0.0841506196937 4 4 
5 22 0.0 4 5 16 0 9 20 2 3.10278458589e-27 2 5 
5 22 0.0 7 7 16 0 12 13 2 0.0268416548076 5 2 
5 22 0.0 6 6 19 0 13 17 2 0.126803403479 5 3 
5 22 0.0 1 10 6 0 4 12 1 0.267766137789 0 4 
5 22 2.0 9 11 10 0 10 5 3 0.0370074579537 5 0 
5 22 2.0 8 8 13 0 11 9 2 0.259288510665 5 1 
5 22 2.0 3 9 9 0 6 15 2 0.133057130665 1 4 
5 22 2.0 2 4 6 0 4 26 1 0.568073409917 0 4 
5 22 2.0 5 6 19 0 12 18 2 0.0995629617745 4 4 
5 22 2.0 4 5 16 0 9 20 2 4.97015579615e-34 2 5 
5 22 2.0 7 7 16 0 12 13 2 0.000487831110658 5 2 
5 22 2.0 6 6 19 0 13 17 2 0.0933133000644 5 3 
5 22 2.0 1 10 6 0 4 12 1 0.172939990042 0 4 
5 23 0.0 9 11 10 0 10 5 3 7.63239392605e-45 5 0 
5 23 0.0 8 8 13 0 11 9 2 0.0645974374947 5 1 
5 23 0.0 3 9 9 0 6 15 2 0.0962616330421 1 4 
5 23 0.0 2 4 6 0 4 26 1 0.649312685782 0 4 
5 23 0.0 5 6 19 0 12 18 2 0.0842280876966 4 4 
5 23 0.0 4 5 16 0 9 20 2 9.0143392164e-28 2 5 
5 23 0.0 7 7 16 0 12 13 2 0.0269501251045 5 2 
5 23 0.0 6 6 19 0 13 17 2 0.126667001065 5 3 
5 23 0.0 1 10 6 0 4 12 1 0.267797193913 0 4 
5 23 2.0 9 11 10 0 10 5 3 0.0370000763437 5 0 
5 23 2.0 8 8 13 0 11 9 2 0.25931792092 5 1 
5 23 2.0 3 9 9 0 6 15 2 0.133042158582 1 4 
5 23 2.0 2 4 6 0 4 26 1 0.56809948227 0 4 
5 23 2.0 5 6 19 0 12 18 2 0.0995040279207 4 4 
5 23 2.0 4 5 16 0 9 20 2 7.48474379319e-35 2 5 
5 23 2.0 7 7 16 0 12 13 2 0.000388341864806 5 2 
5 23 2.0 6 6 19 0 13 17 2 0.093443380154 5 3 
5 23 2.0 1 10 6 0 4 12 1 0.172924385154 0 4 
5 24 0.0 9 11 10 0 10 5 3 1.23095124464e-44 5 0 
5 24 0.0 8 8 13 0 11 9 2 0.0645629285362 5 1 
5 24 0.0 3 9 9 0 6 15 2 0.0962681375947 1 4 
5 24 0.0 2 4 6 0 4 26 1 0.649248306601 0 4 
5 24 0.0 5 6 19 0 12 18 2 0.0843161782848 4 4 
5 24 0.0 4 5 16 0 9 20 2 1.30958692003e-27 2 5 
5 24 0.0 7 7 16 0 12 13 2 0.0270715491185 5 2 
5 24 0.0 6 6 19 0 13 17 2 0.126514334085 5 3 
5 24 0.0 1 10 6 0 4 12 1 0.267832491292 0 4 
5 24 2.0 9 11 10 0 10 5 3 0.0370087894833 5 0 
5 24 2.0 8 8 13 0 11 9 2 0.259284136326 5 1 
5 24 2.0 3 9 9 0 6 15 2 0.13305692811 1 4 
5 24 2.0 2 4 6 0 4 26 1 0.568069824344 0 4 
5 24 2.0 5 6 19 0 12 18 2 0.0995702420604 4 4 
5 24 2.0 4 5 16 0 9 20 2 7.03650039134e-36 2 5 
5 24 2.0 7 7 16 0 12 13 2 0.000501212104146 5 2 
5 24 2.0 6 6 19 0 13 17 2 0.0932955940755 5 3 
5 24 2.0 1 10 6 0 4 12 1 0.172941589287 0 4 
5 25 0.0 9 11 10 0 10 5 3 4.83246119334e-45 5 0 
5 25 0.0 8 8 13 0 11 9 2 0.0645797083029 5 1 
5 25 0.0 3 9 9 0 6 15 2 0.0962649206333 1 4 
5 25 0.0 2 4 6 0 4 26 1 0.649279488671 0 4 
5 25 0.0 5 6 19 0 12 18 2 0.0842733946922 4 4 
5 25 0.0 4 5 16 0 9 20 2 1.5487256886e-27 2 5 
5 25 0.0 7 7 16 0 12 13 2 0.0270123826457 5 2 
5 25 0.0 6 6 19 0 13 17 2 0.12658873941 5 3 
5 25 0.0 1 10 6 0 4 12 1 0.267815356483 0 4 
5 25 2.0 9 11 10 0 10 5 3 0.0370084197376 5 0 
5 25 2.0 8 8 13 0 11 9 2 0.259286974083 5 1 
5 25 2.0 3 9 9 0 6 15 2 0.133057278707 1 4 
5 25 2.0 2 4 6 0 4 26 1 0.568073858685 0 4 
5 25 2.0 5 6 19 0 12 18 2 0.0995636037346 4 4 
5 25 2.0 4 5 16 0 9 20 2 6.47364710457e-35 2 5 
5 25 2.0 7 7 16 0 12 13 2 0.000490041575133 5 2 
5 25 2.0 6 6 19 0 13 17 2 0.093310853901 5 3 
5 25 2.0 1 10 6 0 4 12 1 0.172941201798 0 4 
5 26 0.0 9 11 10 0 10 5 3 1.91268820314e-44 5 0 
5 26 0.0 8 8 13 0 11 9 2 0.0646728760103 5 1 
5 26 0.0 3 9 9 0 6 15 2 0.0962464637774 1 4 
5 26 0.0 2 4 6 0 4 26 1 0.64945332695 0 4 
5 26 0.0 5 6 19 0 12 18 2 0.0840347204065 4 4 
5 26 0.0 4 5 16 0 9 20 2 3.40273517159e-28 2 5 
5 26 0.0 7 7 16 0 12 13 2 0.0266806787825 5 2 
5 26 0.0 6 6 19 0 13 17 2 0.127006558425 5 3 
5 26 0.0 1 10 6 0 4 12 1 0.26771991264 0 4 
5 26 2.0 9 11 10 0 10 5 3 0.0370005126995 5 0 
5 26 2.0 8 8 13 0 11 9 2 0.259315421956 5 1 
5 26 2.0 3 9 9 0 6 15 2 0.133043525601 1 4 
5 26 2.0 2 4 6 0 4 26 1 0.568096726466 0 4 
5 26 2.0 5 6 19 0 12 18 2 0.0995097359097 4 4 
5 26 2.0 4 5 16 0 9 20 2 3.05351152942e-35 2 5 
5 26 2.0 7 7 16 0 12 13 2 0.000397723670866 5 2 
5 26 2.0 6 6 19 0 13 17 2 0.0934309485279 5 3 
5 26 2.0 1 10 6 0 4 12 1 0.172925645809 0 4 
5 27 0.0 9 11 10 0 10 5 3 1.46335152863e-45 5 0 
5 27 0.0 8 8 13 0 11 9 2 0.0646152415324 5 1 
5 27 0.0 3 9 9 0 6 15 2 0.0962579547776 1 4 
5 27 0.0 2 4 6 0 4 26 1 0.649345519585 0 4 
5 27 0.0 5 6 19 0 12 18 2 0.0841827119445 4 4 
5 27 0.0 4 5 16 0 9 20 2 3.35062449741e-27 2 5 
5 27 0.0 7 7 16 0 12 13 2 0.0268863996429 5 2 
5 27 0.0 6 6 19 0 13 17 2 0.126747251286 5 3 
5 27 0.0 1 10 6 0 4 12 1 0.267779049074 0 4 
5 27 2.0 9 11 10 0 10 5 3 0.0370136296378 5 0 
5 27 2.0 8 8 13 0 11 9 2 0.259269932835 5 1 
5 27 2.0 3 9 9 0 6 15 2 0.133063813478 1 4 
5 27 2.0 2 4 6 0 4 26 1 0.568060618883 0 4 
5 27 2.0 5 6 19 0 12 18 2 0.0995943756045 4 4 
5 27 2.0 4 5 16 0 9 20 2 5.96819338807e-35 2 5 
5 27 2.0 7 7 16 0 12 13 2 0.000543248543527 5 2 
5 27 2.0 6 6 19 0 13 17 2 0.0932417657223 5 3 
5 27 2.0 1 10 6 0 4 12 1 0.172949320203 0 4 
5 28 0.0 9 11 10 0 10 5 3 6.27148869324e-45 5 0 
5 28 0.0 8 8 13 0 11 9 2 0.0645773886849 5 1 
5 28 0.0 3 9 9 0 6 15 2 0.0962654539803 1 4 
5 28 0.0 2 4 6 0 4 26 1 0.649275079417 0 4 
5 28 0.0 5 6 19 0 12 18 2 0.0842797422837 4 4 
5 28 0.0 4 5 16 0 9 20 2 1.80181159672e-27 2 5 
5 28 0.0 7 7 16 0 12 13 2 0.0270210602707 5 2 
5 28 0.0 6 6 19 0 13 17 2 0.126577466352 5 3 
5 28 0.0 1 10 6 0 4 12 1 0.267817750323 0 4 
5 28 2.0 9 11 10 0 10 5 3 0.0370087580128 5 0 
5 28 2.0 8 8 13 0 11 9 2 0.259287200533 5 1 
5 28 2.0 3 9 9 0 6 15 2 0.133057031207 1 4 
5 28 2.0 2 4 6 0 4 26 1 0.568074079009 0 4 
5 28 2.0 5 6 19 0 12 18 2 0.0995626679451 4 4 
5 28 2.0 4 5 16 0 9 20 2 4.64075718399e-35 2 5 
5 28 2.0 7 7 16 0 12 13 2 0.000488757617302 5 2 
5 28 2.0 6 6 19 0 13 17 2 0.0933130170385 5 3 
5 28 2.0 1 10 6 0 4 12 1 0.172939463294 0 4 
5 29 0.0 9 11 10 0 10 5 3 8.68271862186e-45 5 0 
5 29 0.0 8 8 13 0 11 9 2 0.0645572498711 5 1 
5 29 0.0 3 9 9 0 6 15 2 0.0962693197122 1 4 
5 29 0.0 2 4 6 0 4 26 1 0.649237705749 0 4 
5 29 0.0 5 6 19 0 12 18 2 0.0843310474423 4 4 
5 29 0.0 4 5 16 0 9 20 2 1.38953214575e-26 2 5 
5 29 0.0 7 7 16 0 12 13 2 0.0270920757021 5 2 
5 29 0.0 6 6 19 0 13 17 2 0.126488169904 5 3 
5 29 0.0 1 10 6 0 4 12 1 0.267838302186 0 4 
5 29 2.0 9 11 10 0 10 5 3 0.0370149453004 5 0 
5 29 2.0 8 8 13 0 11 9 2 0.259265009842 5 1 
5 29 2.0 3 9 9 0 6 15 2 0.133064824209 1 4 
5 29 2.0 2 4 6 0 4 26 1 0.568056138355 0 4 
5 29 2.0 5 6 19 0 12 18 2 0.0996036743492 4 4 
5 29 2.0 4 5 16 0 9 20 2 3.14275446313e-35 2 5 
5 29 2.0 7 7 16 0 12 13 2 0.000559262692222 5 2 
5 29 2.0 6 6 19 0 13 17 2 0.0932206098838 5 3 
5 29 2.0 1 10 6 0 4 12 1 0.172951358351 0 4 
5 30 0.0 9 11 10 0 10 5 3 4.2555901941e-45 5 0 
5 30 0.0 8 8 13 0 11 9 2 0.0645818903996 5 1 
5 30 0.0 3 9 9 0 6 15 2 0.0962645766079 1 4 
5 30 0.0 2 4 6 0 4 26 1 0.649283641645 0 4 
5 30 0.0 5 6 19 0 12 18 2 0.0842678241231 4 4 
5 30 0.0 4 5 16 0 9 20 2 2.66193500478e-27 2 5 
5 30 0.0 7 7 16 0 12 13 2 0.0270049037644 5 2 
5 30 0.0 6 6 19 0 13 17 2 0.126598104671 5 3 
5 30 0.0 1 10 6 0 4 12 1 0.267813103594 0 4 
5 30 2.0 9 11 10 0 10 5 3 0.0370076289756 5 0 
5 30 2.0 8 8 13 0 11 9 2 0.259289540498 5 1 
5 30 2.0 3 9 9 0 6 15 2 0.133055308116 1 4 
5 30 2.0 2 4 6 0 4 26 1 0.568075842315 0 4 
5 30 2.0 5 6 19 0 12 18 2 0.0995585729504 4 4 
5 30 2.0 4 5 16 0 9 20 2 3.60694132501e-35 2 5 
5 30 2.0 7 7 16 0 12 13 2 0.000481754209706 5 2 
5 30 2.0 6 6 19 0 13 17 2 0.0933214269003 5 3 
5 30 2.0 1 10 6 0 4 12 1 0.172939881516 0 4 
5 31 0.0 9 11 10 0 10 5 3 1.07489917462e-44 5 0 
5 31 0.0 8 8 13 0 11 9 2 0.0645555932355 5 1 
5 31 0.0 3 9 9 0 6 15 2 0.0962696201229 1 4 
5 31 0.0 2 4 6 0 4 26 1 0.649234949674 0 4 
5 31 0.0 5 6 19 0 12 18 2 0.0843345391999 4 4 
5 31 0.0 4 5 16 0 9 20 2 2.55211572558e-27 2 5 
5 31 0.0 7 7 16 0 12 13 2 0.0270974675046 5 2 
5 31 0.0 6 6 19 0 13 17 2 0.126481927077 5 3 
5 31 0.0 1 10 6 0 4 12 1 0.267839900205 0 4 
5 31 2.0 9 11 10 0 10 5 3 0.0370036722669 5 0 
5 31 2.0 8 8 13 0 11 9 2 0.25930433245 5 1 
5 31 2.0 3 9 9 0 6 15 2 0.133049458424 1 4 
5 31 2.0 2 4 6 0 4 26 1 0.568088562425 0 4 
5 31 2.0 5 6 19 0 12 18 2 0.099530198413 4 4 
5 31 2.0 4 5 16 0 9 20 2 3.02768697693e-35 2 5 
5 31 2.0 7 7 16 0 12 13 2 0.00043306804172 5 2 
5 31 2.0 6 6 19 0 13 17 2 0.0933851570893 5 3 
5 31 2.0 1 10 6 0 4 12 1 0.172932550497 0 4 
5 32 0.0 9 11 10 0 10 5 3 2.59948036136e-45 5 0 
5 32 0.0 8 8 13 0 11 9 2 0.0645929449978 5 1 
5 32 0.0 3 9 9 0 6 15 2 0.0962623496845 1 4 
5 32 0.0 2 4 6 0 4 26 1 0.649304128344 0 4 
5 32 0.0 5 6 19 0 12 18 2 0.0842395211011 4 4 
5 32 0.0 4 5 16 0 9 20 2 2.71817916151e-27 2 5 
5 32 0.0 7 7 16 0 12 13 2 0.0269654833858 5 2 
5 32 0.0 6 6 19 0 13 17 2 0.126647820015 5 3 
5 32 0.0 1 10 6 0 4 12 1 0.267801823675 0 4 
5 32 2.0 9 11 10 0 10 5 3 0.03700320505 5 0 
5 32 2.0 8 8 13 0 11 9 2 0.2593034733 5 1 
5 32 2.0 3 9 9 0 6 15 2 0.133049296927 1 4 
5 32 2.0 2 4 6 0 4 26 1 0.568085524645 0 4 
5 32 2.0 5 6 19 0 12 18 2 0.0995343766964 4 4 
5 32 2.0 4 5 16 0 9 20 2 2.15891733174e-35 2 5 
5 32 2.0 7 7 16 0 12 13 2 0.000439258898449 5 2 
5 32 2.0 6 6 19 0 13 17 2 0.0933762777832 5 3 
5 32 2.0 1 10 6 0 4 12 1 0.17293220758 0 4 
5 33 0.0 9 11 10 0 10 5 3 1.56877484988e-44 5 0 
5 33 0.0 8 8 13 0 11 9 2 0.0645597709984 5 1 
5 33 0.0 3 9 9 0 6 15 2 0.0962687738508 1 4 
5 33 0.0 2 4 6 0 4 26 1 0.649242390193 0 4 
5 33 0.0 5 6 19 0 12 18 2 0.0843244122803 4 4 
5 33 0.0 4 5 16 0 9 20 2 2.84083809663e-27 2 5 
5 33 0.0 7 7 16 0 12 13 2 0.0270828533717 5 2 
5 33 0.0 6 6 19 0 13 17 2 0.126499972416 5 3 
5 33 0.0 1 10 6 0 4 12 1 0.267835724676 0 4 
5 33 2.0 9 11 10 0 10 5 3 0.0370055150892 5 0 
5 33 2.0 8 8 13 0 11 9 2 0.259297802408 5 1 
5 33 2.0 3 9 9 0 6 15 2 0.133051879708 1 4 
5 33 2.0 2 4 6 0 4 26 1 0.568082907724 0 4 
5 33 2.0 5 6 19 0 12 18 2 0.0995425882679 4 4 
5 33 2.0 4 5 16 0 9 20 2 7.14704783921e-35 2 5 
5 33 2.0 7 7 16 0 12 13 2 0.000454479186608 5 2 
5 33 2.0 6 6 19 0 13 17 2 0.0933572332189 5 3 
5 33 2.0 1 10 6 0 4 12 1 0.17293530021 0 4 
5 34 0.0 9 11 10 0 10 5 3 4.82311019715e-45 5 0 
5 34 0.0 8 8 13 0 11 9 2 0.0645486988135 5 1 
5 34 0.0 3 9 9 0 6 15 2 0.0962707926184 1 4 
5 34 0.0 2 4 6 0 4 26 1 0.649221722183 0 4 
5 34 0.0 5 6 19 0 12 18 2 0.0843526195404 4 4 
5 34 0.0 4 5 16 0 9 20 2 2.47351822858e-27 2 5 
5 34 0.0 7 7 16 0 12 13 2 0.0271215236081 5 2 
5 34 0.0 6 6 19 0 13 17 2 0.126451411236 5 3 
5 34 0.0 1 10 6 0 4 12 1 0.267847042313 0 4 
5 34 2.0 9 11 10 0 10 5 3 0.0370044757518 5 0 
5 34 2.0 8 8 13 0 11 9 2 0.259300706503 5 1 
5 34 2.0 3 9 9 0 6 15 2 0.13304954617 1 4 
5 34 2.0 2 4 6 0 4 26 1 0.568084155702 0 4 
5 34 2.0 5 6 19 0 12 18 2 0.0995378987824 4 4 
5 34 2.0 4 5 16 0 9 20 2 8.12754111515e-35 2 5 
5 34 2.0 7 7 16 0 12 13 2 0.000446324974357 5 2 
5 34 2.0 6 6 19 0 13 17 2 0.0933674561447 5 3 
5 34 2.0 1 10 6 0 4 12 1 0.172932877499 0 4 
5 35 0.0 9 11 10 0 10 5 3 1.86373417234e-45 5 0 
5 35 0.0 8 8 13 0 11 9 2 0.0645480872051 5 1 
5 35 0.0 3 9 9 0 6 15 2 0.0962713121952 1 4 
5 35 0.0 2 4 6 0 4 26 1 0.649221238727 0 4 
5 35 0.0 5 6 19 0 12 18 2 0.0843539441226 4 4 
5 35 0.0 4 5 16 0 9 20 2 7.02500248801e-27 2 5 
5 35 0.0 7 7 16 0 12 13 2 0.0271248937042 5 2 
5 35 0.0 6 6 19 0 13 17 2 0.126447053978 5 3 
5 35 0.0 1 10 6 0 4 12 1 0.26784749153 0 4 
5 35 2.0 9 11 10 0 10 5 3 0.037004699738 5 0 
5 35 2.0 8 8 13 0 11 9 2 0.259303723815 5 1 
5 35 2.0 3 9 9 0 6 15 2 0.13304848727 1 4 
5 35 2.0 2 4 6 0 4 26 1 0.56808949046 0 4 
5 35 2.0 5 6 19 0 12 18 2 0.0995287070517 4 4 
5 35 2.0 4 5 16 0 9 20 2 4.19582873382e-35 2 5 
5 35 2.0 7 7 16 0 12 13 2 0.000431976859697 5 2 
5 35 2.0 6 6 19 0 13 17 2 0.0933873182915 5 3 
5 35 2.0 1 10 6 0 4 12 1 0.172931444799 0 4 
5 36 0.0 9 11 10 0 10 5 3 4.3433662589e-45 5 0 
5 36 0.0 8 8 13 0 11 9 2 0.0645753939395 5 1 
5 36 0.0 3 9 9 0 6 15 2 0.09626567187 1 4 
5 36 0.0 2 4 6 0 4 26 1 0.649271223069 0 4 
5 36 0.0 5 6 19 0 12 18 2 0.0842846895238 4 4 
5 36 0.0 4 5 16 0 9 20 2 6.50811963527e-27 2 5 
5 36 0.0 7 7 16 0 12 13 2 0.0270274988839 5 2 
5 36 0.0 6 6 19 0 13 17 2 0.126569577651 5 3 
5 36 0.0 1 10 6 0 4 12 1 0.267819822458 0 4 
5 36 2.0 9 11 10 0 10 5 3 0.0370065246893 5 0 
5 36 2.0 8 8 13 0 11 9 2 0.259293429129 5 1 
5 36 2.0 3 9 9 0 6 15 2 0.133054361332 1 4 
5 36 2.0 2 4 6 0 4 26 1 0.568079034089 0 4 
5 36 2.0 5 6 19 0 12 18 2 0.0995515554078 4 4 
5 36 2.0 4 5 16 0 9 20 2 3.31114423689e-36 2 5 
5 36 2.0 7 7 16 0 12 13 2 0.000469397715525 5 2 
5 36 2.0 6 6 19 0 13 17 2 0.0933376493175 5 3 
5 36 2.0 1 10 6 0 4 12 1 0.172938037391 0 4 
5 37 0.0 9 11 10 0 10 5 3 1.0277623676e-45 5 0 
5 37 0.0 8 8 13 0 11 9 2 0.0645748951159 5 1 
5 37 0.0 3 9 9 0 6 15 2 0.0962657138567 1 4 
5 37 0.0 2 4 6 0 4 26 1 0.64927009611 0 4 
5 37 0.0 5 6 19 0 12 18 2 0.0842862393519 4 4 
5 37 0.0 4 5 16 0 9 20 2 1.19736571561e-26 2 5 
5 37 0.0 7 7 16 0 12 13 2 0.0270292270668 5 2 
5 37 0.0 6 6 19 0 13 17 2 0.126567241135 5 3 
5 37 0.0 1 10 6 0 4 12 1 0.267820394378 0 4 
5 37 2.0 9 11 10 0 10 5 3 0.037004946815 5 0 
5 37 2.0 8 8 13 0 11 9 2 0.259297452273 5 1 
5 37 2.0 3 9 9 0 6 15 2 0.133051545335 1 4 
5 37 2.0 2 4 6 0 4 26 1 0.568080293303 0 4 
5 37 2.0 5 6 19 0 12 18 2 0.0995457805305 4 4 
5 37 2.0 4 5 16 0 9 20 2 9.17148319511e-35 2 5 
5 37 2.0 7 7 16 0 12 13 2 0.000458964282054 5 2 
5 37 2.0 6 6 19 0 13 17 2 0.0933506355954 5 3 
5 37 2.0 1 10 6 0 4 12 1 0.172934545659 0 4 
5 38 0.0 9 11 10 0 10 5 3 7.02083495028e-46 5 0 
5 38 0.0 8 8 13 0 11 9 2 0.0645581712988 5 1 
5 38 0.0 3 9 9 0 6 15 2 0.0962688713368 1 4 
5 38 0.0 2 4 6 0 4 26 1 0.649239146158 0 4 
5 38 0.0 5 6 19 0 12 18 2 0.0843284883981 4 4 
5 38 0.0 4 5 16 0 9 20 2 1.11944551517e-26 2 5 
5 38 0.0 7 7 16 0 12 13 2 0.0270878143302 5 2 
5 38 0.0 6 6 19 0 13 17 2 0.126493875872 5 3 
5 38 0.0 1 10 6 0 4 12 1 0.267837421042 0 4 
5 38 2.0 9 11 10 0 10 5 3 0.0370002667089 5 0 
5 38 2.0 8 8 13 0 11 9 2 0.259314369091 5 1 
5 38 2.0 3 9 9 0 6 15 2 0.133046216756 1 4 
5 38 2.0 2 4 6 0 4 26 1 0.568095506867 0 4 
5 38 2.0 5 6 19 0 12 18 2 0.0995135049247 4 4 
5 38 2.0 4 5 16 0 9 20 2 1.67120388542e-34 2 5 
5 38 2.0 7 7 16 0 12 13 2 0.000402956147904 5 2 
5 38 2.0 6 6 19 0 13 17 2 0.0934239042078 5 3 
5 38 2.0 1 10 6 0 4 12 1 0.172928038786 0 4 
5 39 0.0 9 11 10 0 10 5 3 1.41288007279e-44 5 0 
5 39 0.0 8 8 13 0 11 9 2 0.0646532945045 5 1 
5 39 0.0 3 9 9 0 6 15 2 0.0962504605231 1 4 
5 39 0.0 2 4 6 0 4 26 1 0.649416644061 0 4 
5 39 0.0 5 6 19 0 12 18 2 0.0840852220294 4 4 
5 39 0.0 4 5 16 0 9 20 2 1.01736894428e-27 2 5 
5 39 0.0 7 7 16 0 12 13 2 0.0267510355384 5 2 
5 39 0.0 6 6 19 0 13 17 2 0.12691769611 5 3 
5 39 0.0 1 10 6 0 4 12 1 0.267740031897 0 4 
5 39 2.0 9 11 10 0 10 5 3 0.0370068692493 5 0 
5 39 2.0 8 8 13 0 11 9 2 0.259292824626 5 1 
5 39 2.0 3 9 9 0 6 15 2 0.133052490065 1 4 
5 39 2.0 2 4 6 0 4 26 1 0.568078409359 0 4 
5 39 2.0 5 6 19 0 12 18 2 0.0995517383307 4 4 
5 39 2.0 4 5 16 0 9 20 2 6.5938126616e-34 2 5 
5 39 2.0 7 7 16 0 12 13 2 0.000470709694515 5 2 
5 39 2.0 6 6 19 0 13 17 2 0.0933357841881 5 3 
5 39 2.0 1 10 6 0 4 12 1 0.172937181281 0 4 
5 40 0.0 9 11 10 0 10 5 3 6.97489015322e-45 5 0 
5 40 0.0 8 8 13 0 11 9 2 0.0645660107233 5 1 
5 40 0.0 3 9 9 0 6 15 2 0.0962674754539 1 4 
5 40 0.0 2 4 6 0 4 26 1 0.649253794338 0 4 
5 40 0.0 5 6 19 0 12 18 2 0.0843086155382 4 4 
5 40 0.0 4 5 16 0 9 20 2 6.77280707432e-27 2 5 
5 40 0.0 7 7 16 0 12 13 2 0.0270606014145 5 2 
5 40 0.0 6 6 19 0 13 17 2 0.126527943033 5 3 
5 40 0.0 1 10 6 0 4 12 1 0.267829405762 0 4 
5 40 2.0 9 11 10 0 10 5 3 0.0370048049231 5 0 
5 40 2.0 8 8 13 0 11 9 2 0.259297679252 5 1 
5 40 2.0 3 9 9 0 6 15 2 0.133051957803 1 4 
5 40 2.0 2 4 6 0 4 26 1 0.568081594785 0 4 
5 40 2.0 5 6 19 0 12 18 2 0.0995446505718 4 4 
5 40 2.0 4 5 16 0 9 20 2 9.40299705993e-35 2 5 
5 40 2.0 7 7 16 0 12 13 2 0.00045721140888 5 2 
5 40 2.0 6 6 19 0 13 17 2 0.093352836103 5 3 
5 40 2.0 1 10 6 0 4 12 1 0.172936520499 0 4 
