59 1 0.0 2 2 0 0 2 1 3 4.72514427841e-70 2 1 
59 1 0.0 8 6 0 0 25 32 1 0.250717043663 0 5 
59 1 0.0 5 2 0 0 20 16 2 0.0343066933118 2 1 
59 1 0.0 12 1 0 0 1 16 1 0.622055107441 0 1 
59 1 0.0 4 8 0 0 32 76 2 1.18350687199 8 1 
59 1 0.0 15 1 0 0 1 16 1 0.622055107441 0 1 
59 1 0.0 6 2 0 0 20 16 2 0.0346872669289 2 1 
59 1 0.0 7 2 0 0 20 16 2 0.0345722986494 2 1 
59 1 0.0 14 1 0 0 1 16 1 0.622055107441 0 1 
59 1 0.0 16 1 0 0 1 16 1 0.622055107441 0 1 
59 1 0.0 11 1 0 0 1 16 1 0.622055107441 0 1 
59 1 0.0 9 6 0 0 25 32 1 0.250717043663 0 5 
59 1 0.0 1 16 0 0 2 36 2 0.510196178394 7 1 
59 1 0.0 10 0 0 0 0 12 1 0.73077955055 0 1 
59 1 0.0 3 4 0 0 22 18 2 0.0341543700342 2 2 
59 1 0.0 13 1 0 0 1 16 1 0.622055107441 0 1 
59 1 2.0 2 2 0 0 2 1 3 2.66503195006e-43 2 1 
59 1 2.0 8 6 0 0 25 32 1 0.202521770083 0 5 
59 1 2.0 5 2 0 0 20 16 2 0.0426294670403 2 1 
59 1 2.0 12 1 0 0 1 16 1 0.612001271701 0 1 
59 1 2.0 4 8 0 0 32 76 2 1.62351805397 8 1 
59 1 2.0 15 1 0 0 1 16 1 0.612001271701 0 1 
59 1 2.0 6 2 0 0 20 16 2 0.0426136825183 2 1 
59 1 2.0 7 2 0 0 20 16 2 0.0424918871665 2 1 
59 1 2.0 14 1 0 0 1 16 1 0.612001271701 0 1 
59 1 2.0 16 1 0 0 1 16 1 0.612001271701 0 1 
59 1 2.0 11 1 0 0 1 16 1 0.612001271701 0 1 
59 1 2.0 9 6 0 0 25 32 1 0.202521770083 0 5 
59 1 2.0 1 16 0 0 2 36 2 1.16244326538 7 1 
59 1 2.0 10 0 0 0 0 12 1 0.637345676949 0 1 
59 1 2.0 3 4 0 0 22 18 2 0.04248657358 2 2 
59 1 2.0 13 1 0 0 1 16 1 0.612001271701 0 1 
59 2 0.0 2 2 0 0 2 1 3 8.18585820629e-73 2 1 
59 2 0.0 8 6 0 0 25 32 1 0.25072765083 0 5 
59 2 0.0 5 2 0 0 20 16 2 0.0351608862519 2 1 
59 2 0.0 12 1 0 0 1 16 1 0.622054438426 0 1 
59 2 0.0 4 8 0 0 32 76 2 1.18351238616 8 1 
59 2 0.0 15 1 0 0 1 16 1 0.622054438426 0 1 
59 2 0.0 6 2 0 0 20 16 2 0.035128184023 2 1 
59 2 0.0 7 2 0 0 20 16 2 0.0351492470198 2 1 
59 2 0.0 14 1 0 0 1 16 1 0.622054438426 0 1 
59 2 0.0 16 1 0 0 1 16 1 0.622054438426 0 1 
59 2 0.0 11 1 0 0 1 16 1 0.622054438426 0 1 
59 2 0.0 9 6 0 0 25 32 1 0.25072765083 0 5 
59 2 0.0 1 16 0 0 2 36 2 0.510200561472 7 1 
59 2 0.0 10 0 0 0 0 12 1 0.730778030511 0 1 
59 2 0.0 3 4 0 0 22 18 2 0.0322846774158 2 2 
59 2 0.0 13 1 0 0 1 16 1 0.622054438426 0 1 
59 2 2.0 2 2 0 0 2 1 3 1.67830936734e-45 2 1 
59 2 2.0 8 6 0 0 25 32 1 0.202521774968 0 5 
59 2 2.0 5 2 0 0 20 16 2 0.0426943526842 2 1 
59 2 2.0 12 1 0 0 1 16 1 0.612001284163 0 1 
59 2 2.0 4 8 0 0 32 76 2 1.62351783101 8 1 
59 2 2.0 15 1 0 0 1 16 1 0.612001284163 0 1 
59 2 2.0 6 2 0 0 20 16 2 0.0426353735135 2 1 
59 2 2.0 7 2 0 0 20 16 2 0.0426918043409 2 1 
59 2 2.0 14 1 0 0 1 16 1 0.612001284163 0 1 
59 2 2.0 16 1 0 0 1 16 1 0.612001284163 0 1 
59 2 2.0 11 1 0 0 1 16 1 0.612001284163 0 1 
59 2 2.0 9 6 0 0 25 32 1 0.202521774968 0 5 
59 2 2.0 1 16 0 0 2 36 2 1.16244331405 7 1 
59 2 2.0 10 0 0 0 0 12 1 0.637345631114 0 1 
59 2 2.0 3 4 0 0 22 18 2 0.0421999120797 2 2 
59 2 2.0 13 1 0 0 1 16 1 0.612001284163 0 1 
59 3 0.0 2 2 0 0 2 1 3 2.30186506506e-70 2 1 
59 3 0.0 8 6 0 0 25 32 1 0.250718240723 0 5 
59 3 0.0 5 2 0 0 20 16 2 0.0337349639985 2 1 
59 3 0.0 12 1 0 0 1 16 1 0.622055032405 0 1 
59 3 0.0 4 8 0 0 32 76 2 1.18350749169 8 1 
59 3 0.0 15 1 0 0 1 16 1 0.622055032405 0 1 
59 3 0.0 6 2 0 0 20 16 2 0.0348524166471 2 1 
59 3 0.0 7 2 0 0 20 16 2 0.0348431118733 2 1 
59 3 0.0 14 1 0 0 1 16 1 0.622055032405 0 1 
59 3 0.0 16 1 0 0 1 16 1 0.622055032405 0 1 
59 3 0.0 11 1 0 0 1 16 1 0.622055032405 0 1 
59 3 0.0 9 6 0 0 25 32 1 0.250718240723 0 5 
59 3 0.0 1 16 0 0 2 36 2 0.510196676057 7 1 
59 3 0.0 10 0 0 0 0 12 1 0.730779376924 0 1 
59 3 0.0 3 4 0 0 22 18 2 0.0342904054561 2 2 
59 3 0.0 13 1 0 0 1 16 1 0.622055032405 0 1 
59 3 2.0 2 2 0 0 2 1 3 1.5125451773e-45 2 1 
59 3 2.0 8 6 0 0 25 32 1 0.202521625328 0 5 
59 3 2.0 5 2 0 0 20 16 2 0.0426783246975 2 1 
59 3 2.0 12 1 0 0 1 16 1 0.612001258773 0 1 
59 3 2.0 4 8 0 0 32 76 2 1.62351784574 8 1 
59 3 2.0 15 1 0 0 1 16 1 0.612001258773 0 1 
59 3 2.0 6 2 0 0 20 16 2 0.0426290420015 2 1 
59 3 2.0 7 2 0 0 20 16 2 0.0426717959844 2 1 
59 3 2.0 14 1 0 0 1 16 1 0.612001258773 0 1 
59 3 2.0 16 1 0 0 1 16 1 0.612001258773 0 1 
59 3 2.0 11 1 0 0 1 16 1 0.612001258773 0 1 
59 3 2.0 9 6 0 0 25 32 1 0.202521625328 0 5 
59 3 2.0 1 16 0 0 2 36 2 1.16244352591 7 1 
59 3 2.0 10 0 0 0 0 12 1 0.637345631603 0 1 
59 3 2.0 3 4 0 0 22 18 2 0.0422425535921 2 2 
59 3 2.0 13 1 0 0 1 16 1 0.612001258773 0 1 
59 4 0.0 2 2 0 0 2 1 3 1.94017445465e-70 2 1 
59 4 0.0 8 6 0 0 25 32 1 0.250717447105 0 5 
59 4 0.0 5 2 0 0 20 16 2 0.0345732195696 2 1 
59 4 0.0 12 1 0 0 1 16 1 0.622055082279 0 1 
59 4 0.0 4 8 0 0 32 76 2 1.18350708168 8 1 
59 4 0.0 15 1 0 0 1 16 1 0.622055082279 0 1 
59 4 0.0 6 2 0 0 20 16 2 0.0344676698619 2 1 
59 4 0.0 7 2 0 0 20 16 2 0.0347674559974 2 1 
59 4 0.0 14 1 0 0 1 16 1 0.622055082279 0 1 
59 4 0.0 16 1 0 0 1 16 1 0.622055082279 0 1 
59 4 0.0 11 1 0 0 1 16 1 0.622055082279 0 1 
59 4 0.0 9 6 0 0 25 32 1 0.250717447105 0 5 
59 4 0.0 1 16 0 0 2 36 2 0.510196344759 7 1 
59 4 0.0 10 0 0 0 0 12 1 0.73077949264 0 1 
59 4 0.0 3 4 0 0 22 18 2 0.0339123735519 2 2 
59 4 0.0 13 1 0 0 1 16 1 0.622055082279 0 1 
59 4 2.0 2 2 0 0 2 1 3 8.4413483984e-44 2 1 
59 4 2.0 8 6 0 0 25 32 1 0.202521516799 0 5 
59 4 2.0 5 2 0 0 20 16 2 0.0425993037627 2 1 
59 4 2.0 12 1 0 0 1 16 1 0.612001295222 0 1 
59 4 2.0 4 8 0 0 32 76 2 1.62351758663 8 1 
59 4 2.0 15 1 0 0 1 16 1 0.612001295222 0 1 
59 4 2.0 6 2 0 0 20 16 2 0.0425687350943 2 1 
59 4 2.0 7 2 0 0 20 16 2 0.0426274565803 2 1 
59 4 2.0 14 1 0 0 1 16 1 0.612001295222 0 1 
59 4 2.0 16 1 0 0 1 16 1 0.612001295222 0 1 
59 4 2.0 11 1 0 0 1 16 1 0.612001295222 0 1 
59 4 2.0 9 6 0 0 25 32 1 0.202521516799 0 5 
59 4 2.0 1 16 0 0 2 36 2 1.1624431825 7 1 
59 4 2.0 10 0 0 0 0 12 1 0.637345642124 0 1 
59 4 2.0 3 4 0 0 22 18 2 0.0424258295495 2 2 
59 4 2.0 13 1 0 0 1 16 1 0.612001295222 0 1 
59 5 0.0 2 2 0 0 2 1 3 8.02332592992e-74 2 1 
59 5 0.0 8 6 0 0 25 32 1 0.25074175836 0 5 
59 5 0.0 5 2 0 0 20 16 2 0.035531124124 2 1 
59 5 0.0 12 1 0 0 1 16 1 0.622053545899 0 1 
59 5 0.0 4 8 0 0 32 76 2 1.18351973439 8 1 
59 5 0.0 15 1 0 0 1 16 1 0.622053545899 0 1 
59 5 0.0 6 2 0 0 20 16 2 0.0355292998856 2 1 
59 5 0.0 7 2 0 0 20 16 2 0.0354819520658 2 1 
59 5 0.0 14 1 0 0 1 16 1 0.622053545899 0 1 
59 5 0.0 16 1 0 0 1 16 1 0.622053545899 0 1 
59 5 0.0 11 1 0 0 1 16 1 0.622053545899 0 1 
59 5 0.0 9 6 0 0 25 32 1 0.25074175836 0 5 
59 5 0.0 1 16 0 0 2 36 2 0.5102063483 7 1 
59 5 0.0 10 0 0 0 0 12 1 0.73077603255 0 1 
59 5 0.0 3 4 0 0 22 18 2 0.0311837209383 2 2 
59 5 0.0 13 1 0 0 1 16 1 0.622053545899 0 1 
59 5 2.0 2 2 0 0 2 1 3 3.23737128057e-44 2 1 
59 5 2.0 8 6 0 0 25 32 1 0.202521492527 0 5 
59 5 2.0 5 2 0 0 20 16 2 0.0426265497198 2 1 
59 5 2.0 12 1 0 0 1 16 1 0.612001264599 0 1 
59 5 2.0 4 8 0 0 32 76 2 1.62351774445 8 1 
59 5 2.0 15 1 0 0 1 16 1 0.612001264599 0 1 
59 5 2.0 6 2 0 0 20 16 2 0.042550987604 2 1 
59 5 2.0 7 2 0 0 20 16 2 0.042630324081 2 1 
59 5 2.0 14 1 0 0 1 16 1 0.612001264599 0 1 
59 5 2.0 16 1 0 0 1 16 1 0.612001264599 0 1 
59 5 2.0 11 1 0 0 1 16 1 0.612001264599 0 1 
59 5 2.0 9 6 0 0 25 32 1 0.202521492527 0 5 
59 5 2.0 1 16 0 0 2 36 2 1.16244343257 7 1 
59 5 2.0 10 0 0 0 0 12 1 0.637345644574 0 1 
59 5 2.0 3 4 0 0 22 18 2 0.0424137980029 2 2 
59 5 2.0 13 1 0 0 1 16 1 0.612001264599 0 1 
59 6 0.0 2 2 0 0 2 1 3 1.60501153285e-72 2 1 
59 6 0.0 8 6 0 0 25 32 1 0.250721913753 0 5 
59 6 0.0 5 2 0 0 20 16 2 0.034787748061 2 1 
59 6 0.0 12 1 0 0 1 16 1 0.622054800476 0 1 
59 6 0.0 4 8 0 0 32 76 2 1.1835094015 8 1 
59 6 0.0 15 1 0 0 1 16 1 0.622054800476 0 1 
59 6 0.0 6 2 0 0 20 16 2 0.035000701747 2 1 
59 6 0.0 7 2 0 0 20 16 2 0.0349751869096 2 1 
59 6 0.0 14 1 0 0 1 16 1 0.622054800476 0 1 
59 6 0.0 16 1 0 0 1 16 1 0.622054800476 0 1 
59 6 0.0 11 1 0 0 1 16 1 0.622054800476 0 1 
59 6 0.0 9 6 0 0 25 32 1 0.250721913753 0 5 
59 6 0.0 1 16 0 0 2 36 2 0.510198196987 7 1 
59 6 0.0 10 0 0 0 0 12 1 0.730778849375 0 1 
59 6 0.0 3 4 0 0 22 18 2 0.0329580842674 2 2 
59 6 0.0 13 1 0 0 1 16 1 0.622054800476 0 1 
59 6 2.0 2 2 0 0 2 1 3 6.75997822629e-47 2 1 
59 6 2.0 8 6 0 0 25 32 1 0.202522135779 0 5 
59 6 2.0 5 2 0 0 20 16 2 0.0427968702069 2 1 
59 6 2.0 12 1 0 0 1 16 1 0.612001235231 0 1 
59 6 2.0 4 8 0 0 32 76 2 1.62351816456 8 1 
59 6 2.0 15 1 0 0 1 16 1 0.612001235231 0 1 
59 6 2.0 6 2 0 0 20 16 2 0.0427424055364 2 1 
59 6 2.0 7 2 0 0 20 16 2 0.0427970523294 2 1 
59 6 2.0 14 1 0 0 1 16 1 0.612001235231 0 1 
59 6 2.0 16 1 0 0 1 16 1 0.612001235231 0 1 
59 6 2.0 11 1 0 0 1 16 1 0.612001235231 0 1 
59 6 2.0 9 6 0 0 25 32 1 0.202522135779 0 5 
59 6 2.0 1 16 0 0 2 36 2 1.16244396865 7 1 
59 6 2.0 10 0 0 0 0 12 1 0.637345559573 0 1 
59 6 2.0 3 4 0 0 22 18 2 0.0418856029542 2 2 
59 6 2.0 13 1 0 0 1 16 1 0.612001235231 0 1 
59 7 0.0 2 2 0 0 2 1 3 5.97051278488e-72 2 1 
59 7 0.0 8 6 0 0 25 32 1 0.250720472876 0 5 
59 7 0.0 5 2 0 0 20 16 2 0.0347683042594 2 1 
59 7 0.0 12 1 0 0 1 16 1 0.622054891392 0 1 
59 7 0.0 4 8 0 0 32 76 2 1.18350865235 8 1 
59 7 0.0 15 1 0 0 1 16 1 0.622054891392 0 1 
59 7 0.0 6 2 0 0 20 16 2 0.034894056475 2 1 
59 7 0.0 7 2 0 0 20 16 2 0.0348829470209 2 1 
59 7 0.0 14 1 0 0 1 16 1 0.622054891392 0 1 
59 7 0.0 16 1 0 0 1 16 1 0.622054891392 0 1 
59 7 0.0 11 1 0 0 1 16 1 0.622054891392 0 1 
59 7 0.0 9 6 0 0 25 32 1 0.250720472876 0 5 
59 7 0.0 1 16 0 0 2 36 2 0.510197600846 7 1 
59 7 0.0 10 0 0 0 0 12 1 0.730779056157 0 1 
59 7 0.0 3 4 0 0 22 18 2 0.0331760909055 2 2 
59 7 0.0 13 1 0 0 1 16 1 0.622054891392 0 1 
59 7 2.0 2 2 0 0 2 1 3 6.77159718873e-45 2 1 
59 7 2.0 8 6 0 0 25 32 1 0.202521711117 0 5 
59 7 2.0 5 2 0 0 20 16 2 0.0426177256823 2 1 
59 7 2.0 12 1 0 0 1 16 1 0.61200125929 0 1 
59 7 2.0 4 8 0 0 32 76 2 1.62351800652 8 1 
59 7 2.0 15 1 0 0 1 16 1 0.61200125929 0 1 
59 7 2.0 6 2 0 0 20 16 2 0.0426417917913 2 1 
59 7 2.0 7 2 0 0 20 16 2 0.0426391280357 2 1 
59 7 2.0 14 1 0 0 1 16 1 0.61200125929 0 1 
59 7 2.0 16 1 0 0 1 16 1 0.61200125929 0 1 
59 7 2.0 11 1 0 0 1 16 1 0.61200125929 0 1 
59 7 2.0 9 6 0 0 25 32 1 0.202521711117 0 5 
59 7 2.0 1 16 0 0 2 36 2 1.16244343408 7 1 
59 7 2.0 10 0 0 0 0 12 1 0.637345657799 0 1 
59 7 2.0 3 4 0 0 22 18 2 0.0423230852302 2 2 
59 7 2.0 13 1 0 0 1 16 1 0.61200125929 0 1 
59 8 0.0 2 2 0 0 2 1 3 1.53781021193e-70 2 1 
59 8 0.0 8 6 0 0 25 32 1 0.250717384204 0 5 
59 8 0.0 5 2 0 0 20 16 2 0.0342649866003 2 1 
59 8 0.0 12 1 0 0 1 16 1 0.622055086396 0 1 
59 8 0.0 4 8 0 0 32 76 2 1.18350704847 8 1 
59 8 0.0 15 1 0 0 1 16 1 0.622055086396 0 1 
59 8 0.0 6 2 0 0 20 16 2 0.0347253652061 2 1 
59 8 0.0 7 2 0 0 20 16 2 0.0347155133597 2 1 
59 8 0.0 14 1 0 0 1 16 1 0.622055086396 0 1 
59 8 0.0 16 1 0 0 1 16 1 0.622055086396 0 1 
59 8 0.0 11 1 0 0 1 16 1 0.622055086396 0 1 
59 8 0.0 9 6 0 0 25 32 1 0.250717384204 0 5 
59 8 0.0 1 16 0 0 2 36 2 0.510196318421 7 1 
59 8 0.0 10 0 0 0 0 12 1 0.730779501628 0 1 
59 8 0.0 3 4 0 0 22 18 2 0.0340148391426 2 2 
59 8 0.0 13 1 0 0 1 16 1 0.622055086396 0 1 
59 8 2.0 2 2 0 0 2 1 3 6.97879140703e-45 2 1 
59 8 2.0 8 6 0 0 25 32 1 0.202521630085 0 5 
59 8 2.0 5 2 0 0 20 16 2 0.0426087985354 2 1 
59 8 2.0 12 1 0 0 1 16 1 0.612001289121 0 1 
59 8 2.0 4 8 0 0 32 76 2 1.6235176965 8 1 
59 8 2.0 15 1 0 0 1 16 1 0.612001289121 0 1 
59 8 2.0 6 2 0 0 20 16 2 0.0426758474955 2 1 
59 8 2.0 7 2 0 0 20 16 2 0.0426434428658 2 1 
59 8 2.0 14 1 0 0 1 16 1 0.612001289121 0 1 
59 8 2.0 16 1 0 0 1 16 1 0.612001289121 0 1 
59 8 2.0 11 1 0 0 1 16 1 0.612001289121 0 1 
59 8 2.0 9 6 0 0 25 32 1 0.202521630085 0 5 
59 8 2.0 1 16 0 0 2 36 2 1.16244325496 7 1 
59 8 2.0 10 0 0 0 0 12 1 0.637345636039 0 1 
59 8 2.0 3 4 0 0 22 18 2 0.0422933004308 2 2 
59 8 2.0 13 1 0 0 1 16 1 0.612001289121 0 1 
59 9 0.0 2 2 0 0 2 1 3 4.26234963001e-71 2 1 
59 9 0.0 8 6 0 0 25 32 1 0.250717423437 0 5 
59 9 0.0 5 2 0 0 20 16 2 0.0347448841413 2 1 
59 9 0.0 12 1 0 0 1 16 1 0.622055083863 0 1 
59 9 0.0 4 8 0 0 32 76 2 1.18350706897 8 1 
59 9 0.0 15 1 0 0 1 16 1 0.622055083863 0 1 
59 9 0.0 6 2 0 0 20 16 2 0.034553347668 2 1 
59 9 0.0 7 2 0 0 20 16 2 0.0345115651773 2 1 
59 9 0.0 14 1 0 0 1 16 1 0.622055083863 0 1 
59 9 0.0 16 1 0 0 1 16 1 0.622055083863 0 1 
59 9 0.0 11 1 0 0 1 16 1 0.622055083863 0 1 
59 9 0.0 9 6 0 0 25 32 1 0.250717423437 0 5 
59 9 0.0 1 16 0 0 2 36 2 0.510196334655 7 1 
59 9 0.0 10 0 0 0 0 12 1 0.730779496059 0 1 
59 9 0.0 3 4 0 0 22 18 2 0.0339109160996 2 2 
59 9 0.0 13 1 0 0 1 16 1 0.622055083863 0 1 
59 9 2.0 2 2 0 0 2 1 3 4.70755854947e-46 2 1 
59 9 2.0 8 6 0 0 25 32 1 0.20252180528 0 5 
59 9 2.0 5 2 0 0 20 16 2 0.0427303368101 2 1 
59 9 2.0 12 1 0 0 1 16 1 0.612001251568 0 1 
59 9 2.0 4 8 0 0 32 76 2 1.62351797633 8 1 
59 9 2.0 15 1 0 0 1 16 1 0.612001251568 0 1 
59 9 2.0 6 2 0 0 20 16 2 0.0426531450782 2 1 
59 9 2.0 7 2 0 0 20 16 2 0.0427307187192 2 1 
59 9 2.0 14 1 0 0 1 16 1 0.612001251568 0 1 
59 9 2.0 16 1 0 0 1 16 1 0.612001251568 0 1 
59 9 2.0 11 1 0 0 1 16 1 0.612001251568 0 1 
59 9 2.0 9 6 0 0 25 32 1 0.20252180528 0 5 
59 9 2.0 1 16 0 0 2 36 2 1.16244364926 7 1 
59 9 2.0 10 0 0 0 0 12 1 0.637345613223 0 1 
59 9 2.0 3 4 0 0 22 18 2 0.0421075845647 2 2 
59 9 2.0 13 1 0 0 1 16 1 0.612001251568 0 1 
59 10 0.0 2 2 0 0 2 1 3 5.82396691328e-73 2 1 
59 10 0.0 8 6 0 0 25 32 1 0.250728793309 0 5 
59 10 0.0 5 2 0 0 20 16 2 0.035220058458 2 1 
59 10 0.0 12 1 0 0 1 16 1 0.622054365708 0 1 
59 10 0.0 4 8 0 0 32 76 2 1.1835129787 8 1 
59 10 0.0 15 1 0 0 1 16 1 0.622054365708 0 1 
59 10 0.0 6 2 0 0 20 16 2 0.0351198638113 2 1 
59 10 0.0 7 2 0 0 20 16 2 0.0352076099026 2 1 
59 10 0.0 14 1 0 0 1 16 1 0.622054365708 0 1 
59 10 0.0 16 1 0 0 1 16 1 0.622054365708 0 1 
59 10 0.0 11 1 0 0 1 16 1 0.622054365708 0 1 
59 10 0.0 9 6 0 0 25 32 1 0.250728793309 0 5 
59 10 0.0 1 16 0 0 2 36 2 0.510201035839 7 1 
59 10 0.0 10 0 0 0 0 12 1 0.730777866176 0 1 
59 10 0.0 3 4 0 0 22 18 2 0.0321757175251 2 2 
59 10 0.0 13 1 0 0 1 16 1 0.622054365708 0 1 
59 10 2.0 2 2 0 0 2 1 3 2.26374746779e-46 2 1 
59 10 2.0 8 6 0 0 25 32 1 0.20252181466 0 5 
59 10 2.0 5 2 0 0 20 16 2 0.0427466736351 2 1 
59 10 2.0 12 1 0 0 1 16 1 0.612001262076 0 1 
59 10 2.0 4 8 0 0 32 76 2 1.62351785913 8 1 
59 10 2.0 15 1 0 0 1 16 1 0.612001262076 0 1 
59 10 2.0 6 2 0 0 20 16 2 0.042715485709 2 1 
59 10 2.0 7 2 0 0 20 16 2 0.0427044637752 2 1 
59 10 2.0 14 1 0 0 1 16 1 0.612001262076 0 1 
59 10 2.0 16 1 0 0 1 16 1 0.612001262076 0 1 
59 10 2.0 11 1 0 0 1 16 1 0.612001262076 0 1 
59 10 2.0 9 6 0 0 25 32 1 0.20252181466 0 5 
59 10 2.0 1 16 0 0 2 36 2 1.16244362565 7 1 
59 10 2.0 10 0 0 0 0 12 1 0.637345593841 0 1 
59 10 2.0 3 4 0 0 22 18 2 0.0420550341892 2 2 
59 10 2.0 13 1 0 0 1 16 1 0.612001262076 0 1 
59 11 0.0 2 2 0 0 2 1 3 2.61779494366e-71 2 1 
59 11 0.0 8 6 0 0 25 32 1 0.250718748413 0 5 
59 11 0.0 5 2 0 0 20 16 2 0.0346714760537 2 1 
59 11 0.0 12 1 0 0 1 16 1 0.622055000564 0 1 
59 11 0.0 4 8 0 0 32 76 2 1.18350775673 8 1 
59 11 0.0 15 1 0 0 1 16 1 0.622055000564 0 1 
59 11 0.0 6 2 0 0 20 16 2 0.0347580112309 2 1 
59 11 0.0 7 2 0 0 20 16 2 0.0347814395919 2 1 
59 11 0.0 14 1 0 0 1 16 1 0.622055000564 0 1 
59 11 0.0 16 1 0 0 1 16 1 0.622055000564 0 1 
59 11 0.0 11 1 0 0 1 16 1 0.622055000564 0 1 
59 11 0.0 9 6 0 0 25 32 1 0.250718748413 0 5 
59 11 0.0 1 16 0 0 2 36 2 0.510196883852 7 1 
59 11 0.0 10 0 0 0 0 12 1 0.730779305053 0 1 
59 11 0.0 3 4 0 0 22 18 2 0.0335100833243 2 2 
59 11 0.0 13 1 0 0 1 16 1 0.622055000564 0 1 
59 11 2.0 2 2 0 0 2 1 3 7.24933435455e-45 2 1 
59 11 2.0 8 6 0 0 25 32 1 0.202521566413 0 5 
59 11 2.0 5 2 0 0 20 16 2 0.0426019408978 2 1 
59 11 2.0 12 1 0 0 1 16 1 0.612001262728 0 1 
59 11 2.0 4 8 0 0 32 76 2 1.62351778437 8 1 
59 11 2.0 15 1 0 0 1 16 1 0.612001262728 0 1 
59 11 2.0 6 2 0 0 20 16 2 0.0426707275344 2 1 
59 11 2.0 7 2 0 0 20 16 2 0.0426567130496 2 1 
59 11 2.0 14 1 0 0 1 16 1 0.612001262728 0 1 
59 11 2.0 16 1 0 0 1 16 1 0.612001262728 0 1 
59 11 2.0 11 1 0 0 1 16 1 0.612001262728 0 1 
59 11 2.0 9 6 0 0 25 32 1 0.202521566413 0 5 
59 11 2.0 1 16 0 0 2 36 2 1.16244348154 7 1 
59 11 2.0 10 0 0 0 0 12 1 0.637345634795 0 1 
59 11 2.0 3 4 0 0 22 18 2 0.0422922928691 2 2 
59 11 2.0 13 1 0 0 1 16 1 0.612001262728 0 1 
59 12 0.0 2 2 0 0 2 1 3 5.27561943807e-72 2 1 
59 12 0.0 8 6 0 0 25 32 1 0.250720740529 0 5 
59 12 0.0 5 2 0 0 20 16 2 0.0349412195033 2 1 
59 12 0.0 12 1 0 0 1 16 1 0.622054874854 0 1 
59 12 0.0 4 8 0 0 32 76 2 1.18350879043 8 1 
59 12 0.0 15 1 0 0 1 16 1 0.622054874854 0 1 
59 12 0.0 6 2 0 0 20 16 2 0.0348635786455 2 1 
59 12 0.0 7 2 0 0 20 16 2 0.0347839449713 2 1 
59 12 0.0 14 1 0 0 1 16 1 0.622054874854 0 1 
59 12 0.0 16 1 0 0 1 16 1 0.622054874854 0 1 
59 12 0.0 11 1 0 0 1 16 1 0.622054874854 0 1 
59 12 0.0 9 6 0 0 25 32 1 0.250720740529 0 5 
59 12 0.0 1 16 0 0 2 36 2 0.510197710575 7 1 
59 12 0.0 10 0 0 0 0 12 1 0.73077901779 0 1 
59 12 0.0 3 4 0 0 22 18 2 0.0331327137827 2 2 
59 12 0.0 13 1 0 0 1 16 1 0.622054874854 0 1 
59 12 2.0 2 2 0 0 2 1 3 5.85766516748e-46 2 1 
59 12 2.0 8 6 0 0 25 32 1 0.202521737474 0 5 
59 12 2.0 5 2 0 0 20 16 2 0.0426751817624 2 1 
59 12 2.0 12 1 0 0 1 16 1 0.612001253423 0 1 
59 12 2.0 4 8 0 0 32 76 2 1.62351791353 8 1 
59 12 2.0 15 1 0 0 1 16 1 0.612001253423 0 1 
59 12 2.0 6 2 0 0 20 16 2 0.0427097478837 2 1 
59 12 2.0 7 2 0 0 20 16 2 0.0427035627624 2 1 
59 12 2.0 14 1 0 0 1 16 1 0.612001253423 0 1 
59 12 2.0 16 1 0 0 1 16 1 0.612001253423 0 1 
59 12 2.0 11 1 0 0 1 16 1 0.612001253423 0 1 
59 12 2.0 9 6 0 0 25 32 1 0.202521737474 0 5 
59 12 2.0 1 16 0 0 2 36 2 1.16244362791 7 1 
59 12 2.0 10 0 0 0 0 12 1 0.63734561482 0 1 
59 12 2.0 3 4 0 0 22 18 2 0.0421332723959 2 2 
59 12 2.0 13 1 0 0 1 16 1 0.612001253423 0 1 
59 13 0.0 2 2 0 0 2 1 3 6.65042866153e-69 2 1 
59 13 0.0 8 6 0 0 25 32 1 0.250716930005 0 5 
59 13 0.0 5 2 0 0 20 16 2 0.0346863383159 2 1 
59 13 0.0 12 1 0 0 1 16 1 0.622055115197 0 1 
59 13 0.0 4 8 0 0 32 76 2 1.18350681364 8 1 
59 13 0.0 15 1 0 0 1 16 1 0.622055115197 0 1 
59 13 0.0 6 2 0 0 20 16 2 0.0343498228285 2 1 
59 13 0.0 7 2 0 0 20 16 2 0.0342331141294 2 1 
59 13 0.0 14 1 0 0 1 16 1 0.622055115197 0 1 
59 13 0.0 16 1 0 0 1 16 1 0.622055115197 0 1 
59 13 0.0 11 1 0 0 1 16 1 0.622055115197 0 1 
59 13 0.0 9 6 0 0 25 32 1 0.250716930005 0 5 
59 13 0.0 1 16 0 0 2 36 2 0.510196127502 7 1 
59 13 0.0 10 0 0 0 0 12 1 0.730779568216 0 1 
59 13 0.0 3 4 0 0 22 18 2 0.0344513253052 2 2 
59 13 0.0 13 1 0 0 1 16 1 0.622055115197 0 1 
59 13 2.0 2 2 0 0 2 1 3 2.14208307887e-43 2 1 
59 13 2.0 8 6 0 0 25 32 1 0.202521648527 0 5 
59 13 2.0 5 2 0 0 20 16 2 0.0425857757249 2 1 
59 13 2.0 12 1 0 0 1 16 1 0.61200128113 0 1 
59 13 2.0 4 8 0 0 32 76 2 1.62351784392 8 1 
59 13 2.0 15 1 0 0 1 16 1 0.61200128113 0 1 
59 13 2.0 6 2 0 0 20 16 2 0.042578389763 2 1 
59 13 2.0 7 2 0 0 20 16 2 0.0426163300871 2 1 
59 13 2.0 14 1 0 0 1 16 1 0.61200128113 0 1 
59 13 2.0 16 1 0 0 1 16 1 0.61200128113 0 1 
59 13 2.0 11 1 0 0 1 16 1 0.61200128113 0 1 
59 13 2.0 9 6 0 0 25 32 1 0.202521648527 0 5 
59 13 2.0 1 16 0 0 2 36 2 1.16244323749 7 1 
59 13 2.0 10 0 0 0 0 12 1 0.637345661369 0 1 
59 13 2.0 3 4 0 0 22 18 2 0.0424409988203 2 2 
59 13 2.0 13 1 0 0 1 16 1 0.61200128113 0 1 
59 14 0.0 2 2 0 0 2 1 3 2.79514251348e-70 2 1 
59 14 0.0 8 6 0 0 25 32 1 0.250717159442 0 5 
59 14 0.0 5 2 0 0 20 16 2 0.0347154971406 2 1 
59 14 0.0 12 1 0 0 1 16 1 0.622055100423 0 1 
59 14 0.0 4 8 0 0 32 76 2 1.18350693296 8 1 
59 14 0.0 15 1 0 0 1 16 1 0.622055100423 0 1 
59 14 0.0 6 2 0 0 20 16 2 0.034627599764 2 1 
59 14 0.0 7 2 0 0 20 16 2 0.0342354918156 2 1 
59 14 0.0 14 1 0 0 1 16 1 0.622055100423 0 1 
59 14 0.0 16 1 0 0 1 16 1 0.622055100423 0 1 
59 14 0.0 11 1 0 0 1 16 1 0.622055100423 0 1 
59 14 0.0 9 6 0 0 25 32 1 0.250717159442 0 5 
59 14 0.0 1 16 0 0 2 36 2 0.510196224664 7 1 
59 14 0.0 10 0 0 0 0 12 1 0.730779534518 0 1 
59 14 0.0 3 4 0 0 22 18 2 0.0341420654017 2 2 
59 14 0.0 13 1 0 0 1 16 1 0.622055100423 0 1 
59 14 2.0 2 2 0 0 2 1 3 1.11668679177e-44 2 1 
59 14 2.0 8 6 0 0 25 32 1 0.202521737742 0 5 
59 14 2.0 5 2 0 0 20 16 2 0.0426515836289 2 1 
59 14 2.0 12 1 0 0 1 16 1 0.612001260355 0 1 
59 14 2.0 4 8 0 0 32 76 2 1.62351802889 8 1 
59 14 2.0 15 1 0 0 1 16 1 0.612001260355 0 1 
59 14 2.0 6 2 0 0 20 16 2 0.042631288984 2 1 
59 14 2.0 7 2 0 0 20 16 2 0.0426215089822 2 1 
59 14 2.0 14 1 0 0 1 16 1 0.612001260355 0 1 
59 14 2.0 16 1 0 0 1 16 1 0.612001260355 0 1 
59 14 2.0 11 1 0 0 1 16 1 0.612001260355 0 1 
59 14 2.0 9 6 0 0 25 32 1 0.202521737742 0 5 
59 14 2.0 1 16 0 0 2 36 2 1.16244341985 7 1 
59 14 2.0 10 0 0 0 0 12 1 0.6373456594 0 1 
59 14 2.0 3 4 0 0 22 18 2 0.0423173392051 2 2 
59 14 2.0 13 1 0 0 1 16 1 0.612001260355 0 1 
59 15 0.0 2 2 0 0 2 1 3 4.77373528175e-72 2 1 
59 15 0.0 8 6 0 0 25 32 1 0.250720016695 0 5 
59 15 0.0 5 2 0 0 20 16 2 0.0348297952407 2 1 
59 15 0.0 12 1 0 0 1 16 1 0.622054919042 0 1 
59 15 0.0 4 8 0 0 32 76 2 1.18350841485 8 1 
59 15 0.0 15 1 0 0 1 16 1 0.622054919042 0 1 
59 15 0.0 6 2 0 0 20 16 2 0.0348462304033 2 1 
59 15 0.0 7 2 0 0 20 16 2 0.0347937859473 2 1 
59 15 0.0 14 1 0 0 1 16 1 0.622054919042 0 1 
59 15 0.0 16 1 0 0 1 16 1 0.622054919042 0 1 
59 15 0.0 11 1 0 0 1 16 1 0.622054919042 0 1 
59 15 0.0 9 6 0 0 25 32 1 0.250720016695 0 5 
59 15 0.0 1 16 0 0 2 36 2 0.510197417974 7 1 
59 15 0.0 10 0 0 0 0 12 1 0.730779119877 0 1 
59 15 0.0 3 4 0 0 22 18 2 0.0332514897859 2 2 
59 15 0.0 13 1 0 0 1 16 1 0.622054919042 0 1 
59 15 2.0 2 2 0 0 2 1 3 6.80605413412e-44 2 1 
59 15 2.0 8 6 0 0 25 32 1 0.202521444983 0 5 
59 15 2.0 5 2 0 0 20 16 2 0.0426166724592 2 1 
59 15 2.0 12 1 0 0 1 16 1 0.612001268092 0 1 
59 15 2.0 4 8 0 0 32 76 2 1.62351766277 8 1 
59 15 2.0 15 1 0 0 1 16 1 0.612001268092 0 1 
59 15 2.0 6 2 0 0 20 16 2 0.0426131676021 2 1 
59 15 2.0 7 2 0 0 20 16 2 0.0425896065378 2 1 
59 15 2.0 14 1 0 0 1 16 1 0.612001268092 0 1 
59 15 2.0 16 1 0 0 1 16 1 0.612001268092 0 1 
59 15 2.0 11 1 0 0 1 16 1 0.612001268092 0 1 
59 15 2.0 9 6 0 0 25 32 1 0.202521444983 0 5 
59 15 2.0 1 16 0 0 2 36 2 1.16244342387 7 1 
59 15 2.0 10 0 0 0 0 12 1 0.637345638308 0 1 
59 15 2.0 3 4 0 0 22 18 2 0.0424021694629 2 2 
59 15 2.0 13 1 0 0 1 16 1 0.612001268092 0 1 
59 16 0.0 2 2 0 0 2 1 3 5.77339590058e-72 2 1 
59 16 0.0 8 6 0 0 25 32 1 0.250720406284 0 5 
59 16 0.0 5 2 0 0 20 16 2 0.034732030505 2 1 
59 16 0.0 12 1 0 0 1 16 1 0.622054895877 0 1 
59 16 0.0 4 8 0 0 32 76 2 1.18350861783 8 1 
59 16 0.0 15 1 0 0 1 16 1 0.622054895877 0 1 
59 16 0.0 6 2 0 0 20 16 2 0.0349440927015 2 1 
59 16 0.0 7 2 0 0 20 16 2 0.0348537399727 2 1 
59 16 0.0 14 1 0 0 1 16 1 0.622054895877 0 1 
59 16 0.0 16 1 0 0 1 16 1 0.622054895877 0 1 
59 16 0.0 11 1 0 0 1 16 1 0.622054895877 0 1 
59 16 0.0 9 6 0 0 25 32 1 0.250720406284 0 5 
59 16 0.0 1 16 0 0 2 36 2 0.510197571897 7 1 
59 16 0.0 10 0 0 0 0 12 1 0.730779066121 0 1 
59 16 0.0 3 4 0 0 22 18 2 0.0331915194987 2 2 
59 16 0.0 13 1 0 0 1 16 1 0.622054895877 0 1 
59 16 2.0 2 2 0 0 2 1 3 8.52996324858e-44 2 1 
59 16 2.0 8 6 0 0 25 32 1 0.202521418819 0 5 
59 16 2.0 5 2 0 0 20 16 2 0.0426206106436 2 1 
59 16 2.0 12 1 0 0 1 16 1 0.612001280057 0 1 
59 16 2.0 4 8 0 0 32 76 2 1.6235175607 8 1 
59 16 2.0 15 1 0 0 1 16 1 0.612001280057 0 1 
59 16 2.0 6 2 0 0 20 16 2 0.0426100227615 2 1 
59 16 2.0 7 2 0 0 20 16 2 0.0425701372807 2 1 
59 16 2.0 14 1 0 0 1 16 1 0.612001280057 0 1 
59 16 2.0 16 1 0 0 1 16 1 0.612001280057 0 1 
59 16 2.0 11 1 0 0 1 16 1 0.612001280057 0 1 
59 16 2.0 9 6 0 0 25 32 1 0.202521418819 0 5 
59 16 2.0 1 16 0 0 2 36 2 1.16244333566 7 1 
59 16 2.0 10 0 0 0 0 12 1 0.637345634471 0 1 
59 16 2.0 3 4 0 0 22 18 2 0.0424207119988 2 2 
59 16 2.0 13 1 0 0 1 16 1 0.612001280057 0 1 
59 17 0.0 2 2 0 0 2 1 3 1.09439331157e-71 2 1 
59 17 0.0 8 6 0 0 25 32 1 0.250719456669 0 5 
59 17 0.0 5 2 0 0 20 16 2 0.0347610994288 2 1 
59 17 0.0 12 1 0 0 1 16 1 0.622054955665 0 1 
59 17 0.0 4 8 0 0 32 76 2 1.18350812321 8 1 
59 17 0.0 15 1 0 0 1 16 1 0.622054955665 0 1 
59 17 0.0 6 2 0 0 20 16 2 0.0347667231962 2 1 
59 17 0.0 7 2 0 0 20 16 2 0.0348351651428 2 1 
59 17 0.0 14 1 0 0 1 16 1 0.622054955665 0 1 
59 17 0.0 16 1 0 0 1 16 1 0.622054955665 0 1 
59 17 0.0 11 1 0 0 1 16 1 0.622054955665 0 1 
59 17 0.0 9 6 0 0 25 32 1 0.250719456669 0 5 
59 17 0.0 1 16 0 0 2 36 2 0.510197179722 7 1 
59 17 0.0 10 0 0 0 0 12 1 0.730779202095 0 1 
59 17 0.0 3 4 0 0 22 18 2 0.0333581822439 2 2 
59 17 0.0 13 1 0 0 1 16 1 0.622054955665 0 1 
59 17 2.0 2 2 0 0 2 1 3 5.09528819562e-45 2 1 
59 17 2.0 8 6 0 0 25 32 1 0.202521717926 0 5 
59 17 2.0 5 2 0 0 20 16 2 0.042674592692 2 1 
59 17 2.0 12 1 0 0 1 16 1 0.612001258729 0 1 
59 17 2.0 4 8 0 0 32 76 2 1.62351797651 8 1 
59 17 2.0 15 1 0 0 1 16 1 0.612001258729 0 1 
59 17 2.0 6 2 0 0 20 16 2 0.0426844680652 2 1 
59 17 2.0 7 2 0 0 20 16 2 0.0425948696759 2 1 
59 17 2.0 14 1 0 0 1 16 1 0.612001258729 0 1 
59 17 2.0 16 1 0 0 1 16 1 0.612001258729 0 1 
59 17 2.0 11 1 0 0 1 16 1 0.612001258729 0 1 
59 17 2.0 9 6 0 0 25 32 1 0.202521717926 0 5 
59 17 2.0 1 16 0 0 2 36 2 1.16244347678 7 1 
59 17 2.0 10 0 0 0 0 12 1 0.637345646493 0 1 
59 17 2.0 3 4 0 0 22 18 2 0.0422677986046 2 2 
59 17 2.0 13 1 0 0 1 16 1 0.612001258729 0 1 
59 18 0.0 2 2 0 0 2 1 3 3.39529419143e-71 2 1 
59 18 0.0 8 6 0 0 25 32 1 0.250717249849 0 5 
59 18 0.0 5 2 0 0 20 16 2 0.0346038843936 2 1 
59 18 0.0 12 1 0 0 1 16 1 0.622055094281 0 1 
59 18 0.0 4 8 0 0 32 76 2 1.18350698152 8 1 
59 18 0.0 15 1 0 0 1 16 1 0.622055094281 0 1 
59 18 0.0 6 2 0 0 20 16 2 0.0346372698895 2 1 
59 18 0.0 7 2 0 0 20 16 2 0.034510515611 2 1 
59 18 0.0 14 1 0 0 1 16 1 0.622055094281 0 1 
59 18 0.0 16 1 0 0 1 16 1 0.622055094281 0 1 
59 18 0.0 11 1 0 0 1 16 1 0.622055094281 0 1 
59 18 0.0 9 6 0 0 25 32 1 0.250717249849 0 5 
59 18 0.0 1 16 0 0 2 36 2 0.510196263187 7 1 
59 18 0.0 10 0 0 0 0 12 1 0.730779521575 0 1 
59 18 0.0 3 4 0 0 22 18 2 0.0339690065231 2 2 
59 18 0.0 13 1 0 0 1 16 1 0.622055094281 0 1 
59 18 2.0 2 2 0 0 2 1 3 3.36620127946e-46 2 1 
59 18 2.0 8 6 0 0 25 32 1 0.202522177027 0 5 
59 18 2.0 5 2 0 0 20 16 2 0.042719183176 2 1 
59 18 2.0 12 1 0 0 1 16 1 0.612001263652 0 1 
59 18 2.0 4 8 0 0 32 76 2 1.62351826735 8 1 
59 18 2.0 15 1 0 0 1 16 1 0.612001263652 0 1 
59 18 2.0 6 2 0 0 20 16 2 0.0427367874575 2 1 
59 18 2.0 7 2 0 0 20 16 2 0.0427321692105 2 1 
59 18 2.0 14 1 0 0 1 16 1 0.612001263652 0 1 
59 18 2.0 16 1 0 0 1 16 1 0.612001263652 0 1 
59 18 2.0 11 1 0 0 1 16 1 0.612001263652 0 1 
59 18 2.0 9 6 0 0 25 32 1 0.202522177027 0 5 
59 18 2.0 1 16 0 0 2 36 2 1.16244350992 7 1 
59 18 2.0 10 0 0 0 0 12 1 0.6373456249 0 1 
59 18 2.0 3 4 0 0 22 18 2 0.0420335291705 2 2 
59 18 2.0 13 1 0 0 1 16 1 0.612001263652 0 1 
59 19 0.0 2 2 0 0 2 1 3 2.26714544349e-73 2 1 
59 19 0.0 8 6 0 0 25 32 1 0.250729631556 0 5 
59 19 0.0 5 2 0 0 20 16 2 0.0351135797062 2 1 
59 19 0.0 12 1 0 0 1 16 1 0.622054312861 0 1 
59 19 0.0 4 8 0 0 32 76 2 1.18351341555 8 1 
59 19 0.0 15 1 0 0 1 16 1 0.622054312861 0 1 
59 19 0.0 6 2 0 0 20 16 2 0.0352425310722 2 1 
59 19 0.0 7 2 0 0 20 16 2 0.0352672137008 2 1 
59 19 0.0 14 1 0 0 1 16 1 0.622054312861 0 1 
59 19 0.0 16 1 0 0 1 16 1 0.622054312861 0 1 
59 19 0.0 11 1 0 0 1 16 1 0.622054312861 0 1 
59 19 0.0 9 6 0 0 25 32 1 0.250729631556 0 5 
59 19 0.0 1 16 0 0 2 36 2 0.510201379711 7 1 
59 19 0.0 10 0 0 0 0 12 1 0.730777747307 0 1 
59 19 0.0 3 4 0 0 22 18 2 0.0321001101793 2 2 
59 19 0.0 13 1 0 0 1 16 1 0.622054312861 0 1 
59 19 2.0 2 2 0 0 2 1 3 1.89742967522e-43 2 1 
59 19 2.0 8 6 0 0 25 32 1 0.20252161002 0 5 
59 19 2.0 5 2 0 0 20 16 2 0.0425927868073 2 1 
59 19 2.0 12 1 0 0 1 16 1 0.612001322658 0 1 
59 19 2.0 4 8 0 0 32 76 2 1.62351754216 8 1 
59 19 2.0 15 1 0 0 1 16 1 0.612001322658 0 1 
59 19 2.0 6 2 0 0 20 16 2 0.0425885189408 2 1 
59 19 2.0 7 2 0 0 20 16 2 0.0425645599108 2 1 
59 19 2.0 14 1 0 0 1 16 1 0.612001322658 0 1 
59 19 2.0 16 1 0 0 1 16 1 0.612001322658 0 1 
59 19 2.0 11 1 0 0 1 16 1 0.612001322658 0 1 
59 19 2.0 9 6 0 0 25 32 1 0.20252161002 0 5 
59 19 2.0 1 16 0 0 2 36 2 1.16244292396 7 1 
59 19 2.0 10 0 0 0 0 12 1 0.637345650314 0 1 
59 19 2.0 3 4 0 0 22 18 2 0.0424751683996 2 2 
59 19 2.0 13 1 0 0 1 16 1 0.612001322658 0 1 
59 20 0.0 2 2 0 0 2 1 3 3.93081470057e-70 2 1 
59 20 0.0 8 6 0 0 25 32 1 0.250717083442 0 5 
59 20 0.0 5 2 0 0 20 16 2 0.0346378811667 2 1 
59 20 0.0 12 1 0 0 1 16 1 0.622055105514 0 1 
59 20 0.0 4 8 0 0 32 76 2 1.18350689136 8 1 
59 20 0.0 15 1 0 0 1 16 1 0.622055105514 0 1 
59 20 0.0 6 2 0 0 20 16 2 0.0343635142991 2 1 
59 20 0.0 7 2 0 0 20 16 2 0.0346258480963 2 1 
59 20 0.0 14 1 0 0 1 16 1 0.622055105514 0 1 
59 20 0.0 16 1 0 0 1 16 1 0.622055105514 0 1 
59 20 0.0 11 1 0 0 1 16 1 0.622055105514 0 1 
59 20 0.0 9 6 0 0 25 32 1 0.250717083442 0 5 
59 20 0.0 1 16 0 0 2 36 2 0.5101961928 7 1 
59 20 0.0 10 0 0 0 0 12 1 0.730779545139 0 1 
59 20 0.0 3 4 0 0 22 18 2 0.0340933915497 2 2 
59 20 0.0 13 1 0 0 1 16 1 0.622055105514 0 1 
59 20 2.0 2 2 0 0 2 1 3 1.47816841261e-45 2 1 
59 20 2.0 8 6 0 0 25 32 1 0.202521844595 0 5 
59 20 2.0 5 2 0 0 20 16 2 0.0426952325769 2 1 
59 20 2.0 12 1 0 0 1 16 1 0.612001259252 0 1 
59 20 2.0 4 8 0 0 32 76 2 1.62351808018 8 1 
59 20 2.0 15 1 0 0 1 16 1 0.612001259252 0 1 
59 20 2.0 6 2 0 0 20 16 2 0.0427031016508 2 1 
59 20 2.0 7 2 0 0 20 16 2 0.0426147377049 2 1 
59 20 2.0 14 1 0 0 1 16 1 0.612001259252 0 1 
59 20 2.0 16 1 0 0 1 16 1 0.612001259252 0 1 
59 20 2.0 11 1 0 0 1 16 1 0.612001259252 0 1 
59 20 2.0 9 6 0 0 25 32 1 0.202521844595 0 5 
59 20 2.0 1 16 0 0 2 36 2 1.16244347473 7 1 
59 20 2.0 10 0 0 0 0 12 1 0.637345645976 0 1 
59 20 2.0 3 4 0 0 22 18 2 0.0422086535154 2 2 
59 20 2.0 13 1 0 0 1 16 1 0.612001259252 0 1 
59 21 0.0 2 2 0 0 2 1 3 9.0054743003e-70 2 1 
59 21 0.0 8 6 0 0 25 32 1 0.25071687645 0 5 
59 21 0.0 5 2 0 0 20 16 2 0.0344073863356 2 1 
59 21 0.0 12 1 0 0 1 16 1 0.622055118195 0 1 
59 21 0.0 4 8 0 0 32 76 2 1.18350678624 8 1 
59 21 0.0 15 1 0 0 1 16 1 0.622055118195 0 1 
59 21 0.0 6 2 0 0 20 16 2 0.0345767064288 2 1 
59 21 0.0 7 2 0 0 20 16 2 0.0345300118424 2 1 
59 21 0.0 14 1 0 0 1 16 1 0.622055118195 0 1 
59 21 0.0 16 1 0 0 1 16 1 0.622055118195 0 1 
59 21 0.0 11 1 0 0 1 16 1 0.622055118195 0 1 
59 21 0.0 9 6 0 0 25 32 1 0.25071687645 0 5 
59 21 0.0 1 16 0 0 2 36 2 0.510196106764 7 1 
59 21 0.0 10 0 0 0 0 12 1 0.730779575629 0 1 
59 21 0.0 3 4 0 0 22 18 2 0.0342064854528 2 2 
59 21 0.0 13 1 0 0 1 16 1 0.622055118195 0 1 
59 21 2.0 2 2 0 0 2 1 3 8.83806167871e-45 2 1 
59 21 2.0 8 6 0 0 25 32 1 0.202521656376 0 5 
59 21 2.0 5 2 0 0 20 16 2 0.0426490682853 2 1 
59 21 2.0 12 1 0 0 1 16 1 0.612001260134 0 1 
59 21 2.0 4 8 0 0 32 76 2 1.62351794208 8 1 
59 21 2.0 15 1 0 0 1 16 1 0.612001260134 0 1 
59 21 2.0 6 2 0 0 20 16 2 0.0425761008094 2 1 
59 21 2.0 7 2 0 0 20 16 2 0.0426533757722 2 1 
59 21 2.0 14 1 0 0 1 16 1 0.612001260134 0 1 
59 21 2.0 16 1 0 0 1 16 1 0.612001260134 0 1 
59 21 2.0 11 1 0 0 1 16 1 0.612001260134 0 1 
59 21 2.0 9 6 0 0 25 32 1 0.202521656376 0 5 
59 21 2.0 1 16 0 0 2 36 2 1.16244343927 7 1 
59 21 2.0 10 0 0 0 0 12 1 0.637345654049 0 1 
59 21 2.0 3 4 0 0 22 18 2 0.0423431729902 2 2 
59 21 2.0 13 1 0 0 1 16 1 0.612001260134 0 1 
59 22 0.0 2 2 0 0 2 1 3 5.11116219094e-70 2 1 
59 22 0.0 8 6 0 0 25 32 1 0.250717092711 0 5 
59 22 0.0 5 2 0 0 20 16 2 0.0346372353637 2 1 
59 22 0.0 12 1 0 0 1 16 1 0.62205510423 0 1 
59 22 0.0 4 8 0 0 32 76 2 1.18350690001 8 1 
59 22 0.0 15 1 0 0 1 16 1 0.62205510423 0 1 
59 22 0.0 6 2 0 0 20 16 2 0.0346729662531 2 1 
59 22 0.0 7 2 0 0 20 16 2 0.0341888545794 2 1 
59 22 0.0 14 1 0 0 1 16 1 0.62205510423 0 1 
59 22 0.0 16 1 0 0 1 16 1 0.62205510423 0 1 
59 22 0.0 11 1 0 0 1 16 1 0.62205510423 0 1 
59 22 0.0 9 6 0 0 25 32 1 0.250717092711 0 5 
59 22 0.0 1 16 0 0 2 36 2 0.510196197709 7 1 
59 22 0.0 10 0 0 0 0 12 1 0.730779544332 0 1 
59 22 0.0 3 4 0 0 22 18 2 0.0342215847536 2 2 
59 22 0.0 13 1 0 0 1 16 1 0.62205510423 0 1 
59 22 2.0 2 2 0 0 2 1 3 4.67349226945e-47 2 1 
59 22 2.0 8 6 0 0 25 32 1 0.202522474806 0 5 
59 22 2.0 5 2 0 0 20 16 2 0.0428191602868 2 1 
59 22 2.0 12 1 0 0 1 16 1 0.612001223693 0 1 
59 22 2.0 4 8 0 0 32 76 2 1.62351851992 8 1 
59 22 2.0 15 1 0 0 1 16 1 0.612001223693 0 1 
59 22 2.0 6 2 0 0 20 16 2 0.0427743663436 2 1 
59 22 2.0 7 2 0 0 20 16 2 0.0428165006055 2 1 
59 22 2.0 14 1 0 0 1 16 1 0.612001223693 0 1 
59 22 2.0 16 1 0 0 1 16 1 0.612001223693 0 1 
59 22 2.0 11 1 0 0 1 16 1 0.612001223693 0 1 
59 22 2.0 9 6 0 0 25 32 1 0.202522474806 0 5 
59 22 2.0 1 16 0 0 2 36 2 1.16244406615 7 1 
59 22 2.0 10 0 0 0 0 12 1 0.637345560008 0 1 
59 22 2.0 3 4 0 0 22 18 2 0.0418120358557 2 2 
59 22 2.0 13 1 0 0 1 16 1 0.612001223693 0 1 
59 23 0.0 2 2 0 0 2 1 3 3.34193310104e-71 2 1 
59 23 0.0 8 6 0 0 25 32 1 0.250717417715 0 5 
59 23 0.0 5 2 0 0 20 16 2 0.0346570041742 2 1 
59 23 0.0 12 1 0 0 1 16 1 0.622055084161 0 1 
59 23 0.0 4 8 0 0 32 76 2 1.18350706713 8 1 
59 23 0.0 15 1 0 0 1 16 1 0.622055084161 0 1 
59 23 0.0 6 2 0 0 20 16 2 0.0346676773575 2 1 
59 23 0.0 7 2 0 0 20 16 2 0.0344903169547 2 1 
59 23 0.0 14 1 0 0 1 16 1 0.622055084161 0 1 
59 23 0.0 16 1 0 0 1 16 1 0.622055084161 0 1 
59 23 0.0 11 1 0 0 1 16 1 0.622055084161 0 1 
59 23 0.0 9 6 0 0 25 32 1 0.250717417715 0 5 
59 23 0.0 1 16 0 0 2 36 2 0.51019633175 7 1 
59 23 0.0 10 0 0 0 0 12 1 0.730779497305 0 1 
59 23 0.0 3 4 0 0 22 18 2 0.0339057136535 2 2 
59 23 0.0 13 1 0 0 1 16 1 0.622055084161 0 1 
59 23 2.0 2 2 0 0 2 1 3 7.66373633167e-46 2 1 
59 23 2.0 8 6 0 0 25 32 1 0.2025217089 0 5 
59 23 2.0 5 2 0 0 20 16 2 0.0427103872192 2 1 
59 23 2.0 12 1 0 0 1 16 1 0.612001264648 0 1 
59 23 2.0 4 8 0 0 32 76 2 1.62351779642 8 1 
59 23 2.0 15 1 0 0 1 16 1 0.612001264648 0 1 
59 23 2.0 6 2 0 0 20 16 2 0.0427234842284 2 1 
59 23 2.0 7 2 0 0 20 16 2 0.0426629684865 2 1 
59 23 2.0 14 1 0 0 1 16 1 0.612001264648 0 1 
59 23 2.0 16 1 0 0 1 16 1 0.612001264648 0 1 
59 23 2.0 11 1 0 0 1 16 1 0.612001264648 0 1 
59 23 2.0 9 6 0 0 25 32 1 0.2025217089 0 5 
59 23 2.0 1 16 0 0 2 36 2 1.16244356255 7 1 
59 23 2.0 10 0 0 0 0 12 1 0.637345606026 0 1 
59 23 2.0 3 4 0 0 22 18 2 0.0421247960001 2 2 
59 23 2.0 13 1 0 0 1 16 1 0.612001264648 0 1 
59 24 0.0 2 2 0 0 2 1 3 3.10254142106e-72 2 1 
59 24 0.0 8 6 0 0 25 32 1 0.25072248319 0 5 
59 24 0.0 5 2 0 0 20 16 2 0.0349684587074 2 1 
59 24 0.0 12 1 0 0 1 16 1 0.62205476475 0 1 
59 24 0.0 4 8 0 0 32 76 2 1.1835096971 8 1 
59 24 0.0 15 1 0 0 1 16 1 0.62205476475 0 1 
59 24 0.0 6 2 0 0 20 16 2 0.0348895771746 2 1 
59 24 0.0 7 2 0 0 20 16 2 0.0349902061484 2 1 
59 24 0.0 14 1 0 0 1 16 1 0.62205476475 0 1 
59 24 0.0 16 1 0 0 1 16 1 0.62205476475 0 1 
59 24 0.0 11 1 0 0 1 16 1 0.62205476475 0 1 
59 24 0.0 9 6 0 0 25 32 1 0.25072248319 0 5 
59 24 0.0 1 16 0 0 2 36 2 0.510198431271 7 1 
59 24 0.0 10 0 0 0 0 12 1 0.730778768032 0 1 
59 24 0.0 3 4 0 0 22 18 2 0.032873604653 2 2 
59 24 0.0 13 1 0 0 1 16 1 0.62205476475 0 1 
59 24 2.0 2 2 0 0 2 1 3 4.96945225415e-47 2 1 
59 24 2.0 8 6 0 0 25 32 1 0.202522252201 0 5 
59 24 2.0 5 2 0 0 20 16 2 0.0427887079061 2 1 
59 24 2.0 12 1 0 0 1 16 1 0.612001237987 0 1 
59 24 2.0 4 8 0 0 32 76 2 1.62351816627 8 1 
59 24 2.0 15 1 0 0 1 16 1 0.612001237987 0 1 
59 24 2.0 6 2 0 0 20 16 2 0.0428079676709 2 1 
59 24 2.0 7 2 0 0 20 16 2 0.0428080025447 2 1 
59 24 2.0 14 1 0 0 1 16 1 0.612001237987 0 1 
59 24 2.0 16 1 0 0 1 16 1 0.612001237987 0 1 
59 24 2.0 11 1 0 0 1 16 1 0.612001237987 0 1 
59 24 2.0 9 6 0 0 25 32 1 0.202522252201 0 5 
59 24 2.0 1 16 0 0 2 36 2 1.16244402606 7 1 
59 24 2.0 10 0 0 0 0 12 1 0.63734553568 0 1 
59 24 2.0 3 4 0 0 22 18 2 0.0418172080362 2 2 
59 24 2.0 13 1 0 0 1 16 1 0.612001237987 0 1 
59 25 0.0 2 2 0 0 2 1 3 3.64040223888e-71 2 1 
59 25 0.0 8 6 0 0 25 32 1 0.250717809133 0 5 
59 25 0.0 5 2 0 0 20 16 2 0.0346392915219 2 1 
59 25 0.0 12 1 0 0 1 16 1 0.622055059492 0 1 
59 25 0.0 4 8 0 0 32 76 2 1.18350726805 8 1 
59 25 0.0 15 1 0 0 1 16 1 0.622055059492 0 1 
59 25 0.0 6 2 0 0 20 16 2 0.0346885782922 2 1 
59 25 0.0 7 2 0 0 20 16 2 0.0346374265524 2 1 
59 25 0.0 14 1 0 0 1 16 1 0.622055059492 0 1 
59 25 0.0 16 1 0 0 1 16 1 0.622055059492 0 1 
59 25 0.0 11 1 0 0 1 16 1 0.622055059492 0 1 
59 25 0.0 9 6 0 0 25 32 1 0.250717809133 0 5 
59 25 0.0 1 16 0 0 2 36 2 0.510196495957 7 1 
59 25 0.0 10 0 0 0 0 12 1 0.730779439784 0 1 
59 25 0.0 3 4 0 0 22 18 2 0.0337555036372 2 2 
59 25 0.0 13 1 0 0 1 16 1 0.622055059492 0 1 
59 25 2.0 2 2 0 0 2 1 3 6.11449634984e-45 2 1 
59 25 2.0 8 6 0 0 25 32 1 0.202521539595 0 5 
59 25 2.0 5 2 0 0 20 16 2 0.0426285588311 2 1 
59 25 2.0 12 1 0 0 1 16 1 0.612001285068 0 1 
59 25 2.0 4 8 0 0 32 76 2 1.62351761355 8 1 
59 25 2.0 15 1 0 0 1 16 1 0.612001285068 0 1 
59 25 2.0 6 2 0 0 20 16 2 0.0426417315547 2 1 
59 25 2.0 7 2 0 0 20 16 2 0.0426564545693 2 1 
59 25 2.0 14 1 0 0 1 16 1 0.612001285068 0 1 
59 25 2.0 16 1 0 0 1 16 1 0.612001285068 0 1 
59 25 2.0 11 1 0 0 1 16 1 0.612001285068 0 1 
59 25 2.0 9 6 0 0 25 32 1 0.202521539595 0 5 
59 25 2.0 1 16 0 0 2 36 2 1.16244331604 7 1 
59 25 2.0 10 0 0 0 0 12 1 0.637345627897 0 1 
59 25 2.0 3 4 0 0 22 18 2 0.0422946809765 2 2 
59 25 2.0 13 1 0 0 1 16 1 0.612001285068 0 1 
59 26 0.0 2 2 0 0 2 1 3 5.24168881321e-72 2 1 
59 26 0.0 8 6 0 0 25 32 1 0.250720057032 0 5 
59 26 0.0 5 2 0 0 20 16 2 0.034828676374 2 1 
59 26 0.0 12 1 0 0 1 16 1 0.622054917781 0 1 
59 26 0.0 4 8 0 0 32 76 2 1.18350843609 8 1 
59 26 0.0 15 1 0 0 1 16 1 0.622054917781 0 1 
59 26 0.0 6 2 0 0 20 16 2 0.0347828267031 2 1 
59 26 0.0 7 2 0 0 20 16 2 0.0348636555252 2 1 
59 26 0.0 14 1 0 0 1 16 1 0.622054917781 0 1 
59 26 0.0 16 1 0 0 1 16 1 0.622054917781 0 1 
59 26 0.0 11 1 0 0 1 16 1 0.622054917781 0 1 
59 26 0.0 9 6 0 0 25 32 1 0.250720057032 0 5 
59 26 0.0 1 16 0 0 2 36 2 0.510197427889 7 1 
59 26 0.0 10 0 0 0 0 12 1 0.730779116118 0 1 
59 26 0.0 3 4 0 0 22 18 2 0.0332461461555 2 2 
59 26 0.0 13 1 0 0 1 16 1 0.622054917781 0 1 
59 26 2.0 2 2 0 0 2 1 3 8.23577408954e-46 2 1 
59 26 2.0 8 6 0 0 25 32 1 0.20252170598 0 5 
59 26 2.0 5 2 0 0 20 16 2 0.042704692299 2 1 
59 26 2.0 12 1 0 0 1 16 1 0.612001274956 0 1 
59 26 2.0 4 8 0 0 32 76 2 1.62351775545 8 1 
59 26 2.0 15 1 0 0 1 16 1 0.612001274956 0 1 
59 26 2.0 6 2 0 0 20 16 2 0.0426477956706 2 1 
59 26 2.0 7 2 0 0 20 16 2 0.0427179262821 2 1 
59 26 2.0 14 1 0 0 1 16 1 0.612001274956 0 1 
59 26 2.0 16 1 0 0 1 16 1 0.612001274956 0 1 
59 26 2.0 11 1 0 0 1 16 1 0.612001274956 0 1 
59 26 2.0 9 6 0 0 25 32 1 0.20252170598 0 5 
59 26 2.0 1 16 0 0 2 36 2 1.16244345728 7 1 
59 26 2.0 10 0 0 0 0 12 1 0.637345611476 0 1 
59 26 2.0 3 4 0 0 22 18 2 0.0421511133426 2 2 
59 26 2.0 13 1 0 0 1 16 1 0.612001274956 0 1 
59 27 0.0 2 2 0 0 2 1 3 1.84245392925e-70 2 1 
59 27 0.0 8 6 0 0 25 32 1 0.250717485023 0 5 
59 27 0.0 5 2 0 0 20 16 2 0.034629503844 2 1 
59 27 0.0 12 1 0 0 1 16 1 0.62205507985 0 1 
59 27 0.0 4 8 0 0 32 76 2 1.18350710151 8 1 
59 27 0.0 15 1 0 0 1 16 1 0.62205507985 0 1 
59 27 0.0 6 2 0 0 20 16 2 0.0345594229727 2 1 
59 27 0.0 7 2 0 0 20 16 2 0.0346625452345 2 1 
59 27 0.0 14 1 0 0 1 16 1 0.62205507985 0 1 
59 27 0.0 16 1 0 0 1 16 1 0.62205507985 0 1 
59 27 0.0 11 1 0 0 1 16 1 0.62205507985 0 1 
59 27 0.0 9 6 0 0 25 32 1 0.250717485023 0 5 
59 27 0.0 1 16 0 0 2 36 2 0.510196360425 7 1 
59 27 0.0 10 0 0 0 0 12 1 0.730779487253 0 1 
59 27 0.0 3 4 0 0 22 18 2 0.0338692554368 2 2 
59 27 0.0 13 1 0 0 1 16 1 0.62205507985 0 1 
59 27 2.0 2 2 0 0 2 1 3 2.59735379892e-46 2 1 
59 27 2.0 8 6 0 0 25 32 1 0.202521959522 0 5 
59 27 2.0 5 2 0 0 20 16 2 0.0426735961983 2 1 
59 27 2.0 12 1 0 0 1 16 1 0.612001245974 0 1 
59 27 2.0 4 8 0 0 32 76 2 1.62351813011 8 1 
59 27 2.0 15 1 0 0 1 16 1 0.612001245974 0 1 
59 27 2.0 6 2 0 0 20 16 2 0.0427456332383 2 1 
59 27 2.0 7 2 0 0 20 16 2 0.0427526345462 2 1 
59 27 2.0 14 1 0 0 1 16 1 0.612001245974 0 1 
59 27 2.0 16 1 0 0 1 16 1 0.612001245974 0 1 
59 27 2.0 11 1 0 0 1 16 1 0.612001245974 0 1 
59 27 2.0 9 6 0 0 25 32 1 0.202521959522 0 5 
59 27 2.0 1 16 0 0 2 36 2 1.16244370615 7 1 
59 27 2.0 10 0 0 0 0 12 1 0.637345610557 0 1 
59 27 2.0 3 4 0 0 22 18 2 0.0420499830847 2 2 
59 27 2.0 13 1 0 0 1 16 1 0.612001245974 0 1 
59 28 0.0 2 2 0 0 2 1 3 1.07458231719e-72 2 1 
59 28 0.0 8 6 0 0 25 32 1 0.250722276527 0 5 
59 28 0.0 5 2 0 0 20 16 2 0.0349616385482 2 1 
59 28 0.0 12 1 0 0 1 16 1 0.622054777573 0 1 
59 28 0.0 4 8 0 0 32 76 2 1.18350958933 8 1 
59 28 0.0 15 1 0 0 1 16 1 0.622054777573 0 1 
59 28 0.0 6 2 0 0 20 16 2 0.0350083078577 2 1 
59 28 0.0 7 2 0 0 20 16 2 0.0348482916898 2 1 
59 28 0.0 14 1 0 0 1 16 1 0.622054777573 0 1 
59 28 0.0 16 1 0 0 1 16 1 0.622054777573 0 1 
59 28 0.0 11 1 0 0 1 16 1 0.622054777573 0 1 
59 28 0.0 9 6 0 0 25 32 1 0.250722276527 0 5 
59 28 0.0 1 16 0 0 2 36 2 0.510198347338 7 1 
59 28 0.0 10 0 0 0 0 12 1 0.730778797121 0 1 
59 28 0.0 3 4 0 0 22 18 2 0.0329035635642 2 2 
59 28 0.0 13 1 0 0 1 16 1 0.622054777573 0 1 
59 28 2.0 2 2 0 0 2 1 3 9.85746049849e-44 2 1 
59 28 2.0 8 6 0 0 25 32 1 0.202521848675 0 5 
59 28 2.0 5 2 0 0 20 16 2 0.042572568058 2 1 
59 28 2.0 12 1 0 0 1 16 1 0.612001284272 0 1 
59 28 2.0 4 8 0 0 32 76 2 1.62351807061 8 1 
59 28 2.0 15 1 0 0 1 16 1 0.612001284272 0 1 
59 28 2.0 6 2 0 0 20 16 2 0.0426027716557 2 1 
59 28 2.0 7 2 0 0 20 16 2 0.0426050040172 2 1 
59 28 2.0 14 1 0 0 1 16 1 0.612001284272 0 1 
59 28 2.0 16 1 0 0 1 16 1 0.612001284272 0 1 
59 28 2.0 11 1 0 0 1 16 1 0.612001284272 0 1 
59 28 2.0 9 6 0 0 25 32 1 0.202521848675 0 5 
59 28 2.0 1 16 0 0 2 36 2 1.16244314094 7 1 
59 28 2.0 10 0 0 0 0 12 1 0.637345682537 0 1 
59 28 2.0 3 4 0 0 22 18 2 0.0424411352651 2 2 
59 28 2.0 13 1 0 0 1 16 1 0.612001284272 0 1 
59 29 0.0 2 2 0 0 2 1 3 2.71829899507e-71 2 1 
59 29 0.0 8 6 0 0 25 32 1 0.250718572636 0 5 
59 29 0.0 5 2 0 0 20 16 2 0.0347593346658 2 1 
59 29 0.0 12 1 0 0 1 16 1 0.622055011461 0 1 
59 29 0.0 4 8 0 0 32 76 2 1.18350766614 8 1 
59 29 0.0 15 1 0 0 1 16 1 0.622055011461 0 1 
59 29 0.0 6 2 0 0 20 16 2 0.0348308379546 2 1 
59 29 0.0 7 2 0 0 20 16 2 0.0345662853284 2 1 
59 29 0.0 14 1 0 0 1 16 1 0.622055011461 0 1 
59 29 0.0 16 1 0 0 1 16 1 0.622055011461 0 1 
59 29 0.0 11 1 0 0 1 16 1 0.622055011461 0 1 
59 29 0.0 9 6 0 0 25 32 1 0.250718572636 0 5 
59 29 0.0 1 16 0 0 2 36 2 0.510196811619 7 1 
59 29 0.0 10 0 0 0 0 12 1 0.730779330306 0 1 
59 29 0.0 3 4 0 0 22 18 2 0.0335645139488 2 2 
59 29 0.0 13 1 0 0 1 16 1 0.622055011461 0 1 
59 29 2.0 2 2 0 0 2 1 3 1.8561150667e-44 2 1 
59 29 2.0 8 6 0 0 25 32 1 0.202521447578 0 5 
59 29 2.0 5 2 0 0 20 16 2 0.0426243601848 2 1 
59 29 2.0 12 1 0 0 1 16 1 0.612001275359 0 1 
59 29 2.0 4 8 0 0 32 76 2 1.6235176012 8 1 
59 29 2.0 15 1 0 0 1 16 1 0.612001275359 0 1 
59 29 2.0 6 2 0 0 20 16 2 0.0426192435033 2 1 
59 29 2.0 7 2 0 0 20 16 2 0.0426177166985 2 1 
59 29 2.0 14 1 0 0 1 16 1 0.612001275359 0 1 
59 29 2.0 16 1 0 0 1 16 1 0.612001275359 0 1 
59 29 2.0 11 1 0 0 1 16 1 0.612001275359 0 1 
59 29 2.0 9 6 0 0 25 32 1 0.202521447578 0 5 
59 29 2.0 1 16 0 0 2 36 2 1.1624433854 7 1 
59 29 2.0 10 0 0 0 0 12 1 0.637345631506 0 1 
59 29 2.0 3 4 0 0 22 18 2 0.0423602119018 2 2 
59 29 2.0 13 1 0 0 1 16 1 0.612001275359 0 1 
59 30 0.0 2 2 0 0 2 1 3 2.43130666386e-70 2 1 
59 30 0.0 8 6 0 0 25 32 1 0.250717375146 0 5 
59 30 0.0 5 2 0 0 20 16 2 0.0345673458135 2 1 
59 30 0.0 12 1 0 0 1 16 1 0.6220550869 0 1 
59 30 0.0 4 8 0 0 32 76 2 1.18350704394 8 1 
59 30 0.0 15 1 0 0 1 16 1 0.6220550869 0 1 
59 30 0.0 6 2 0 0 20 16 2 0.0345317839799 2 1 
59 30 0.0 7 2 0 0 20 16 2 0.0347016968259 2 1 
59 30 0.0 14 1 0 0 1 16 1 0.6220550869 0 1 
59 30 0.0 16 1 0 0 1 16 1 0.6220550869 0 1 
59 30 0.0 11 1 0 0 1 16 1 0.6220550869 0 1 
59 30 0.0 9 6 0 0 25 32 1 0.250717375146 0 5 
59 30 0.0 1 16 0 0 2 36 2 0.510196314506 7 1 
59 30 0.0 10 0 0 0 0 12 1 0.730779503085 0 1 
59 30 0.0 3 4 0 0 22 18 2 0.0339198755072 2 2 
59 30 0.0 13 1 0 0 1 16 1 0.6220550869 0 1 
59 30 2.0 2 2 0 0 2 1 3 1.35344481987e-46 2 1 
59 30 2.0 8 6 0 0 25 32 1 0.202522252903 0 5 
59 30 2.0 5 2 0 0 20 16 2 0.0427747987881 2 1 
59 30 2.0 12 1 0 0 1 16 1 0.612001236941 0 1 
59 30 2.0 4 8 0 0 32 76 2 1.62351836971 8 1 
59 30 2.0 15 1 0 0 1 16 1 0.612001236941 0 1 
59 30 2.0 6 2 0 0 20 16 2 0.0427745803484 2 1 
59 30 2.0 7 2 0 0 20 16 2 0.0427454544657 2 1 
59 30 2.0 14 1 0 0 1 16 1 0.612001236941 0 1 
59 30 2.0 16 1 0 0 1 16 1 0.612001236941 0 1 
59 30 2.0 11 1 0 0 1 16 1 0.612001236941 0 1 
59 30 2.0 9 6 0 0 25 32 1 0.202522252903 0 5 
59 30 2.0 1 16 0 0 2 36 2 1.16244384346 7 1 
59 30 2.0 10 0 0 0 0 12 1 0.637345592763 0 1 
59 30 2.0 3 4 0 0 22 18 2 0.0419271045886 2 2 
59 30 2.0 13 1 0 0 1 16 1 0.612001236941 0 1 
59 31 0.0 2 2 0 0 2 1 3 8.75615243402e-72 2 1 
59 31 0.0 8 6 0 0 25 32 1 0.250719939599 0 5 
59 31 0.0 5 2 0 0 20 16 2 0.0348709366946 2 1 
59 31 0.0 12 1 0 0 1 16 1 0.622054925177 0 1 
59 31 0.0 4 8 0 0 32 76 2 1.18350837399 8 1 
59 31 0.0 15 1 0 0 1 16 1 0.622054925177 0 1 
59 31 0.0 6 2 0 0 20 16 2 0.0346368404686 2 1 
59 31 0.0 7 2 0 0 20 16 2 0.0349318821413 2 1 
59 31 0.0 14 1 0 0 1 16 1 0.622054925177 0 1 
59 31 0.0 16 1 0 0 1 16 1 0.622054925177 0 1 
59 31 0.0 11 1 0 0 1 16 1 0.622054925177 0 1 
59 31 0.0 9 6 0 0 25 32 1 0.250719939599 0 5 
59 31 0.0 1 16 0 0 2 36 2 0.5101973805 7 1 
59 31 0.0 10 0 0 0 0 12 1 0.730779132318 0 1 
59 31 0.0 3 4 0 0 22 18 2 0.0332816195988 2 2 
59 31 0.0 13 1 0 0 1 16 1 0.622054925177 0 1 
59 31 2.0 2 2 0 0 2 1 3 3.94569063404e-46 2 1 
59 31 2.0 8 6 0 0 25 32 1 0.202522122821 0 5 
59 31 2.0 5 2 0 0 20 16 2 0.0427046043744 2 1 
59 31 2.0 12 1 0 0 1 16 1 0.612001261034 0 1 
59 31 2.0 4 8 0 0 32 76 2 1.62351825106 8 1 
59 31 2.0 15 1 0 0 1 16 1 0.612001261034 0 1 
59 31 2.0 6 2 0 0 20 16 2 0.0427190890113 2 1 
59 31 2.0 7 2 0 0 20 16 2 0.04273871656 2 1 
59 31 2.0 14 1 0 0 1 16 1 0.612001261034 0 1 
59 31 2.0 16 1 0 0 1 16 1 0.612001261034 0 1 
59 31 2.0 11 1 0 0 1 16 1 0.612001261034 0 1 
59 31 2.0 9 6 0 0 25 32 1 0.202522122821 0 5 
59 31 2.0 1 16 0 0 2 36 2 1.16244351666 7 1 
59 31 2.0 10 0 0 0 0 12 1 0.637345629399 0 1 
59 31 2.0 3 4 0 0 22 18 2 0.0420592897148 2 2 
59 31 2.0 13 1 0 0 1 16 1 0.612001261034 0 1 
59 32 0.0 2 2 0 0 2 1 3 1.4609387118e-72 2 1 
59 32 0.0 8 6 0 0 25 32 1 0.25072441363 0 5 
59 32 0.0 5 2 0 0 20 16 2 0.0349983312229 2 1 
59 32 0.0 12 1 0 0 1 16 1 0.622054642729 0 1 
59 32 0.0 4 8 0 0 32 76 2 1.18351070112 8 1 
59 32 0.0 15 1 0 0 1 16 1 0.622054642729 0 1 
59 32 0.0 6 2 0 0 20 16 2 0.0350449512193 2 1 
59 32 0.0 7 2 0 0 20 16 2 0.0350487268181 2 1 
59 32 0.0 14 1 0 0 1 16 1 0.622054642729 0 1 
59 32 0.0 16 1 0 0 1 16 1 0.622054642729 0 1 
59 32 0.0 11 1 0 0 1 16 1 0.622054642729 0 1 
59 32 0.0 9 6 0 0 25 32 1 0.25072441363 0 5 
59 32 0.0 1 16 0 0 2 36 2 0.510199228913 7 1 
59 32 0.0 10 0 0 0 0 12 1 0.730778491702 0 1 
59 32 0.0 3 4 0 0 22 18 2 0.0326302678719 2 2 
59 32 0.0 13 1 0 0 1 16 1 0.622054642729 0 1 
59 32 2.0 2 2 0 0 2 1 3 1.83676315754e-45 2 1 
59 32 2.0 8 6 0 0 25 32 1 0.202521895065 0 5 
59 32 2.0 5 2 0 0 20 16 2 0.0426786080853 2 1 
59 32 2.0 12 1 0 0 1 16 1 0.612001263884 0 1 
59 32 2.0 4 8 0 0 32 76 2 1.62351813107 8 1 
59 32 2.0 15 1 0 0 1 16 1 0.612001263884 0 1 
59 32 2.0 6 2 0 0 20 16 2 0.0426643908368 2 1 
59 32 2.0 7 2 0 0 20 16 2 0.0426545511436 2 1 
59 32 2.0 14 1 0 0 1 16 1 0.612001263884 0 1 
59 32 2.0 16 1 0 0 1 16 1 0.612001263884 0 1 
59 32 2.0 11 1 0 0 1 16 1 0.612001263884 0 1 
59 32 2.0 9 6 0 0 25 32 1 0.202521895065 0 5 
59 32 2.0 1 16 0 0 2 36 2 1.16244340332 7 1 
59 32 2.0 10 0 0 0 0 12 1 0.637345655684 0 1 
59 32 2.0 3 4 0 0 22 18 2 0.0422241327899 2 2 
59 32 2.0 13 1 0 0 1 16 1 0.612001263884 0 1 
59 33 0.0 2 2 0 0 2 1 3 1.17221539577e-69 2 1 
59 33 0.0 8 6 0 0 25 32 1 0.250717247027 0 5 
59 33 0.0 5 2 0 0 20 16 2 0.0347249936983 2 1 
59 33 0.0 12 1 0 0 1 16 1 0.622055094882 0 1 
59 33 0.0 4 8 0 0 32 76 2 1.18350697798 8 1 
59 33 0.0 15 1 0 0 1 16 1 0.622055094882 0 1 
59 33 0.0 6 2 0 0 20 16 2 0.0346643443475 2 1 
59 33 0.0 7 2 0 0 20 16 2 0.0340973351064 2 1 
59 33 0.0 14 1 0 0 1 16 1 0.622055094882 0 1 
59 33 0.0 16 1 0 0 1 16 1 0.622055094882 0 1 
59 33 0.0 11 1 0 0 1 16 1 0.622055094882 0 1 
59 33 0.0 9 6 0 0 25 32 1 0.250717247027 0 5 
59 33 0.0 1 16 0 0 2 36 2 0.510196261603 7 1 
59 33 0.0 10 0 0 0 0 12 1 0.730779521582 0 1 
59 33 0.0 3 4 0 0 22 18 2 0.0342340008913 2 2 
59 33 0.0 13 1 0 0 1 16 1 0.622055094882 0 1 
59 33 2.0 2 2 0 0 2 1 3 2.13921318183e-43 2 1 
59 33 2.0 8 6 0 0 25 32 1 0.202521413465 0 5 
59 33 2.0 5 2 0 0 20 16 2 0.0426207610402 2 1 
59 33 2.0 12 1 0 0 1 16 1 0.612001272969 0 1 
59 33 2.0 4 8 0 0 32 76 2 1.62351760991 8 1 
59 33 2.0 15 1 0 0 1 16 1 0.612001272969 0 1 
59 33 2.0 6 2 0 0 20 16 2 0.0425514829418 2 1 
59 33 2.0 7 2 0 0 20 16 2 0.0425892236207 2 1 
59 33 2.0 14 1 0 0 1 16 1 0.612001272969 0 1 
59 33 2.0 16 1 0 0 1 16 1 0.612001272969 0 1 
59 33 2.0 11 1 0 0 1 16 1 0.612001272969 0 1 
59 33 2.0 9 6 0 0 25 32 1 0.202521413465 0 5 
59 33 2.0 1 16 0 0 2 36 2 1.16244338139 7 1 
59 33 2.0 10 0 0 0 0 12 1 0.637345638658 0 1 
59 33 2.0 3 4 0 0 22 18 2 0.0424600950179 2 2 
59 33 2.0 13 1 0 0 1 16 1 0.612001272969 0 1 
59 34 0.0 2 2 0 0 2 1 3 4.65845868734e-71 2 1 
59 34 0.0 8 6 0 0 25 32 1 0.250717937503 0 5 
59 34 0.0 5 2 0 0 20 16 2 0.0347592168881 2 1 
59 34 0.0 12 1 0 0 1 16 1 0.62205505151 0 1 
59 34 0.0 4 8 0 0 32 76 2 1.18350733555 8 1 
59 34 0.0 15 1 0 0 1 16 1 0.62205505151 0 1 
59 34 0.0 6 2 0 0 20 16 2 0.0344737227366 2 1 
59 34 0.0 7 2 0 0 20 16 2 0.0347441437897 2 1 
59 34 0.0 14 1 0 0 1 16 1 0.62205505151 0 1 
59 34 0.0 16 1 0 0 1 16 1 0.62205505151 0 1 
59 34 0.0 11 1 0 0 1 16 1 0.62205505151 0 1 
59 34 0.0 9 6 0 0 25 32 1 0.250717937503 0 5 
59 34 0.0 1 16 0 0 2 36 2 0.510196548425 7 1 
59 34 0.0 10 0 0 0 0 12 1 0.730779421635 0 1 
59 34 0.0 3 4 0 0 22 18 2 0.0337437454797 2 2 
59 34 0.0 13 1 0 0 1 16 1 0.62205505151 0 1 
59 34 2.0 2 2 0 0 2 1 3 2.87273688506e-46 2 1 
59 34 2.0 8 6 0 0 25 32 1 0.20252186841 0 5 
59 34 2.0 5 2 0 0 20 16 2 0.0427334437008 2 1 
59 34 2.0 12 1 0 0 1 16 1 0.612001291957 0 1 
59 34 2.0 4 8 0 0 32 76 2 1.62351773568 8 1 
59 34 2.0 15 1 0 0 1 16 1 0.612001291957 0 1 
59 34 2.0 6 2 0 0 20 16 2 0.0427185779161 2 1 
59 34 2.0 7 2 0 0 20 16 2 0.0427150153948 2 1 
59 34 2.0 14 1 0 0 1 16 1 0.612001291957 0 1 
59 34 2.0 16 1 0 0 1 16 1 0.612001291957 0 1 
59 34 2.0 11 1 0 0 1 16 1 0.612001291957 0 1 
59 34 2.0 9 6 0 0 25 32 1 0.20252186841 0 5 
59 34 2.0 1 16 0 0 2 36 2 1.1624433771 7 1 
59 34 2.0 10 0 0 0 0 12 1 0.637345592849 0 1 
59 34 2.0 3 4 0 0 22 18 2 0.0420542955586 2 2 
59 34 2.0 13 1 0 0 1 16 1 0.612001291957 0 1 
59 35 0.0 2 2 0 0 2 1 3 1.7292815015e-71 2 1 
59 35 0.0 8 6 0 0 25 32 1 0.250719207183 0 5 
59 35 0.0 5 2 0 0 20 16 2 0.03448569165 2 1 
59 35 0.0 12 1 0 0 1 16 1 0.622054971541 0 1 
59 35 0.0 4 8 0 0 32 76 2 1.18350799347 8 1 
59 35 0.0 15 1 0 0 1 16 1 0.622054971541 0 1 
59 35 0.0 6 2 0 0 20 16 2 0.0348890986401 2 1 
59 35 0.0 7 2 0 0 20 16 2 0.034897581557 2 1 
59 35 0.0 14 1 0 0 1 16 1 0.622054971541 0 1 
59 35 0.0 16 1 0 0 1 16 1 0.622054971541 0 1 
59 35 0.0 11 1 0 0 1 16 1 0.622054971541 0 1 
59 35 0.0 9 6 0 0 25 32 1 0.250719207183 0 5 
59 35 0.0 1 16 0 0 2 36 2 0.510197076525 7 1 
59 35 0.0 10 0 0 0 0 12 1 0.730779237765 0 1 
59 35 0.0 3 4 0 0 22 18 2 0.0334487426121 2 2 
59 35 0.0 13 1 0 0 1 16 1 0.622054971541 0 1 
59 35 2.0 2 2 0 0 2 1 3 2.54804918466e-45 2 1 
59 35 2.0 8 6 0 0 25 32 1 0.202521926706 0 5 
59 35 2.0 5 2 0 0 20 16 2 0.0426095624062 2 1 
59 35 2.0 12 1 0 0 1 16 1 0.612001286297 0 1 
59 35 2.0 4 8 0 0 32 76 2 1.62351804073 8 1 
59 35 2.0 15 1 0 0 1 16 1 0.612001286297 0 1 
59 35 2.0 6 2 0 0 20 16 2 0.0426808957694 2 1 
59 35 2.0 7 2 0 0 20 16 2 0.0426875920275 2 1 
59 35 2.0 14 1 0 0 1 16 1 0.612001286297 0 1 
59 35 2.0 16 1 0 0 1 16 1 0.612001286297 0 1 
59 35 2.0 11 1 0 0 1 16 1 0.612001286297 0 1 
59 35 2.0 9 6 0 0 25 32 1 0.202521926706 0 5 
59 35 2.0 1 16 0 0 2 36 2 1.16244320743 7 1 
59 35 2.0 10 0 0 0 0 12 1 0.637345657745 0 1 
59 35 2.0 3 4 0 0 22 18 2 0.0422433908903 2 2 
59 35 2.0 13 1 0 0 1 16 1 0.612001286297 0 1 
59 36 0.0 2 2 0 0 2 1 3 2.10594419152e-73 2 1 
59 36 0.0 8 6 0 0 25 32 1 0.25073215491 0 5 
59 36 0.0 5 2 0 0 20 16 2 0.0352759209483 2 1 
59 36 0.0 12 1 0 0 1 16 1 0.622054153525 0 1 
59 36 0.0 4 8 0 0 32 76 2 1.18351472985 8 1 
59 36 0.0 15 1 0 0 1 16 1 0.622054153525 0 1 
59 36 0.0 6 2 0 0 20 16 2 0.0353391116329 2 1 
59 36 0.0 7 2 0 0 20 16 2 0.0352275543071 2 1 
59 36 0.0 14 1 0 0 1 16 1 0.622054153525 0 1 
59 36 0.0 16 1 0 0 1 16 1 0.622054153525 0 1 
59 36 0.0 11 1 0 0 1 16 1 0.622054153525 0 1 
59 36 0.0 9 6 0 0 25 32 1 0.25073215491 0 5 
59 36 0.0 1 16 0 0 2 36 2 0.510202415066 7 1 
59 36 0.0 10 0 0 0 0 12 1 0.730777389532 0 1 
59 36 0.0 3 4 0 0 22 18 2 0.0318814035937 2 2 
59 36 0.0 13 1 0 0 1 16 1 0.622054153525 0 1 
59 36 2.0 2 2 0 0 2 1 3 2.54328105515e-44 2 1 
59 36 2.0 8 6 0 0 25 32 1 0.202521520285 0 5 
59 36 2.0 5 2 0 0 20 16 2 0.0426002500988 2 1 
59 36 2.0 12 1 0 0 1 16 1 0.61200126154 0 1 
59 36 2.0 4 8 0 0 32 76 2 1.62351779268 8 1 
59 36 2.0 15 1 0 0 1 16 1 0.61200126154 0 1 
59 36 2.0 6 2 0 0 20 16 2 0.0426312670427 2 1 
59 36 2.0 7 2 0 0 20 16 2 0.0425979410818 2 1 
59 36 2.0 14 1 0 0 1 16 1 0.61200126154 0 1 
59 36 2.0 16 1 0 0 1 16 1 0.61200126154 0 1 
59 36 2.0 11 1 0 0 1 16 1 0.61200126154 0 1 
59 36 2.0 9 6 0 0 25 32 1 0.202521520285 0 5 
59 36 2.0 1 16 0 0 2 36 2 1.16244345122 7 1 
59 36 2.0 10 0 0 0 0 12 1 0.637345646749 0 1 
59 36 2.0 3 4 0 0 22 18 2 0.0423922365319 2 2 
59 36 2.0 13 1 0 0 1 16 1 0.61200126154 0 1 
59 37 0.0 2 2 0 0 2 1 3 2.07748409269e-70 2 1 
59 37 0.0 8 6 0 0 25 32 1 0.250717488735 0 5 
59 37 0.0 5 2 0 0 20 16 2 0.0345934840563 2 1 
59 37 0.0 12 1 0 0 1 16 1 0.622055079763 0 1 
59 37 0.0 4 8 0 0 32 76 2 1.1835071028 8 1 
59 37 0.0 15 1 0 0 1 16 1 0.622055079763 0 1 
59 37 0.0 6 2 0 0 20 16 2 0.0346728879081 2 1 
59 37 0.0 7 2 0 0 20 16 2 0.0345871943262 2 1 
59 37 0.0 14 1 0 0 1 16 1 0.622055079763 0 1 
59 37 0.0 16 1 0 0 1 16 1 0.622055079763 0 1 
59 37 0.0 11 1 0 0 1 16 1 0.622055079763 0 1 
59 37 0.0 9 6 0 0 25 32 1 0.250717488735 0 5 
59 37 0.0 1 16 0 0 2 36 2 0.510196361648 7 1 
59 37 0.0 10 0 0 0 0 12 1 0.730779486668 0 1 
59 37 0.0 3 4 0 0 22 18 2 0.0338671612945 2 2 
59 37 0.0 13 1 0 0 1 16 1 0.622055079763 0 1 
59 37 2.0 2 2 0 0 2 1 3 2.8280631846e-47 2 1 
59 37 2.0 8 6 0 0 25 32 1 0.202522318865 0 5 
59 37 2.0 5 2 0 0 20 16 2 0.0428256829584 2 1 
59 37 2.0 12 1 0 0 1 16 1 0.612001225786 0 1 
59 37 2.0 4 8 0 0 32 76 2 1.62351836424 8 1 
59 37 2.0 15 1 0 0 1 16 1 0.612001225786 0 1 
59 37 2.0 6 2 0 0 20 16 2 0.0428187552763 2 1 
59 37 2.0 7 2 0 0 20 16 2 0.0427377527352 2 1 
59 37 2.0 14 1 0 0 1 16 1 0.612001225786 0 1 
59 37 2.0 16 1 0 0 1 16 1 0.612001225786 0 1 
59 37 2.0 11 1 0 0 1 16 1 0.612001225786 0 1 
59 37 2.0 9 6 0 0 25 32 1 0.202522318865 0 5 
59 37 2.0 1 16 0 0 2 36 2 1.16244405824 7 1 
59 37 2.0 10 0 0 0 0 12 1 0.637345556883 0 1 
59 37 2.0 3 4 0 0 22 18 2 0.0418398442875 2 2 
59 37 2.0 13 1 0 0 1 16 1 0.612001225786 0 1 
59 38 0.0 2 2 0 0 2 1 3 5.1043281315e-71 2 1 
59 38 0.0 8 6 0 0 25 32 1 0.250717512225 0 5 
59 38 0.0 5 2 0 0 20 16 2 0.0346640417016 2 1 
59 38 0.0 12 1 0 0 1 16 1 0.622055077722 0 1 
59 38 0.0 4 8 0 0 32 76 2 1.18350711645 8 1 
59 38 0.0 15 1 0 0 1 16 1 0.622055077722 0 1 
59 38 0.0 6 2 0 0 20 16 2 0.0346019302788 2 1 
59 38 0.0 7 2 0 0 20 16 2 0.0345978605458 2 1 
59 38 0.0 14 1 0 0 1 16 1 0.622055077722 0 1 
59 38 0.0 16 1 0 0 1 16 1 0.622055077722 0 1 
59 38 0.0 11 1 0 0 1 16 1 0.622055077722 0 1 
59 38 0.0 9 6 0 0 25 32 1 0.250717512225 0 5 
59 38 0.0 1 16 0 0 2 36 2 0.510196373293 7 1 
59 38 0.0 10 0 0 0 0 12 1 0.730779483049 0 1 
59 38 0.0 3 4 0 0 22 18 2 0.0338569030333 2 2 
59 38 0.0 13 1 0 0 1 16 1 0.622055077722 0 1 
59 38 2.0 2 2 0 0 2 1 3 6.19889796355e-45 2 1 
59 38 2.0 8 6 0 0 25 32 1 0.202521586197 0 5 
59 38 2.0 5 2 0 0 20 16 2 0.0426770734562 2 1 
59 38 2.0 12 1 0 0 1 16 1 0.61200128473 0 1 
59 38 2.0 4 8 0 0 32 76 2 1.62351765274 8 1 
59 38 2.0 15 1 0 0 1 16 1 0.61200128473 0 1 
59 38 2.0 6 2 0 0 20 16 2 0.0426302358075 2 1 
59 38 2.0 7 2 0 0 20 16 2 0.0426467921209 2 1 
59 38 2.0 14 1 0 0 1 16 1 0.61200128473 0 1 
59 38 2.0 16 1 0 0 1 16 1 0.61200128473 0 1 
59 38 2.0 11 1 0 0 1 16 1 0.61200128473 0 1 
59 38 2.0 9 6 0 0 25 32 1 0.202521586197 0 5 
59 38 2.0 1 16 0 0 2 36 2 1.16244332161 7 1 
59 38 2.0 10 0 0 0 0 12 1 0.637345627155 0 1 
59 38 2.0 3 4 0 0 22 18 2 0.0422673286058 2 2 
59 38 2.0 13 1 0 0 1 16 1 0.61200128473 0 1 
59 39 0.0 2 2 0 0 2 1 3 4.068453714e-71 2 1 
59 39 0.0 8 6 0 0 25 32 1 0.25071838482 0 5 
59 39 0.0 5 2 0 0 20 16 2 0.0347989608487 2 1 
59 39 0.0 12 1 0 0 1 16 1 0.622055023467 0 1 
59 39 0.0 4 8 0 0 32 76 2 1.1835075682 8 1 
59 39 0.0 15 1 0 0 1 16 1 0.622055023467 0 1 
59 39 0.0 6 2 0 0 20 16 2 0.0346681202311 2 1 
59 39 0.0 7 2 0 0 20 16 2 0.0346533997908 2 1 
59 39 0.0 14 1 0 0 1 16 1 0.622055023467 0 1 
59 39 0.0 16 1 0 0 1 16 1 0.622055023467 0 1 
59 39 0.0 11 1 0 0 1 16 1 0.622055023467 0 1 
59 39 0.0 9 6 0 0 25 32 1 0.25071838482 0 5 
59 39 0.0 1 16 0 0 2 36 2 0.51019673292 7 1 
59 39 0.0 10 0 0 0 0 12 1 0.730779357553 0 1 
59 39 0.0 3 4 0 0 22 18 2 0.0336004477964 2 2 
59 39 0.0 13 1 0 0 1 16 1 0.622055023467 0 1 
59 39 2.0 2 2 0 0 2 1 3 6.21944069671e-47 2 1 
59 39 2.0 8 6 0 0 25 32 1 0.202522077224 0 5 
59 39 2.0 5 2 0 0 20 16 2 0.0427373168401 2 1 
59 39 2.0 12 1 0 0 1 16 1 0.612001248471 0 1 
59 39 2.0 4 8 0 0 32 76 2 1.62351824867 8 1 
59 39 2.0 15 1 0 0 1 16 1 0.612001248471 0 1 
59 39 2.0 6 2 0 0 20 16 2 0.0427036377367 2 1 
59 39 2.0 7 2 0 0 20 16 2 0.0427409705008 2 1 
59 39 2.0 14 1 0 0 1 16 1 0.612001248471 0 1 
59 39 2.0 16 1 0 0 1 16 1 0.612001248471 0 1 
59 39 2.0 11 1 0 0 1 16 1 0.612001248471 0 1 
59 39 2.0 9 6 0 0 25 32 1 0.202522077224 0 5 
59 39 2.0 1 16 0 0 2 36 2 1.16244365472 7 1 
59 39 2.0 10 0 0 0 0 12 1 0.637345619777 0 1 
59 39 2.0 3 4 0 0 22 18 2 0.0420399035654 2 2 
59 39 2.0 13 1 0 0 1 16 1 0.612001248471 0 1 
59 40 0.0 2 2 0 0 2 1 3 7.47373876845e-72 2 1 
59 40 0.0 8 6 0 0 25 32 1 0.250720057083 0 5 
59 40 0.0 5 2 0 0 20 16 2 0.0348720739591 2 1 
59 40 0.0 12 1 0 0 1 16 1 0.622054917894 0 1 
59 40 0.0 4 8 0 0 32 76 2 1.18350843662 8 1 
59 40 0.0 15 1 0 0 1 16 1 0.622054917894 0 1 
59 40 0.0 6 2 0 0 20 16 2 0.0347184371034 2 1 
59 40 0.0 7 2 0 0 20 16 2 0.0348801990817 2 1 
59 40 0.0 14 1 0 0 1 16 1 0.622054917894 0 1 
59 40 0.0 16 1 0 0 1 16 1 0.622054917894 0 1 
59 40 0.0 11 1 0 0 1 16 1 0.622054917894 0 1 
59 40 0.0 9 6 0 0 25 32 1 0.250720057083 0 5 
59 40 0.0 1 16 0 0 2 36 2 0.5101974271 7 1 
59 40 0.0 10 0 0 0 0 12 1 0.730779116436 0 1 
59 40 0.0 3 4 0 0 22 18 2 0.0332505943399 2 2 
59 40 0.0 13 1 0 0 1 16 1 0.622054917894 0 1 
59 40 2.0 2 2 0 0 2 1 3 5.87743652998e-44 2 1 
59 40 2.0 8 6 0 0 25 32 1 0.202521623821 0 5 
59 40 2.0 5 2 0 0 20 16 2 0.0426017965629 2 1 
59 40 2.0 12 1 0 0 1 16 1 0.61200129263 0 1 
59 40 2.0 4 8 0 0 32 76 2 1.6235177183 8 1 
59 40 2.0 15 1 0 0 1 16 1 0.61200129263 0 1 
59 40 2.0 6 2 0 0 20 16 2 0.0426522738641 2 1 
59 40 2.0 7 2 0 0 20 16 2 0.0425814505872 2 1 
59 40 2.0 14 1 0 0 1 16 1 0.61200129263 0 1 
59 40 2.0 16 1 0 0 1 16 1 0.61200129263 0 1 
59 40 2.0 11 1 0 0 1 16 1 0.61200129263 0 1 
59 40 2.0 9 6 0 0 25 32 1 0.202521623821 0 5 
59 40 2.0 1 16 0 0 2 36 2 1.16244317987 7 1 
59 40 2.0 10 0 0 0 0 12 1 0.637345649585 0 1 
59 40 2.0 3 4 0 0 22 18 2 0.0423858395176 2 2 
59 40 2.0 13 1 0 0 1 16 1 0.61200129263 0 1 
