66 1 0.0 118 190 81 0 394 1379 71 8 0 0 0 9 0 0 35.0 12.8326301896 0.366646576847 0.621405790928 0.15211250183 
66 1 2.0 118 190 81 0 394 1379 71 8 0 0 0 9 0 0 35.0 14.6078800735 0.4173680021 0.596540166406 0.266486179526 
66 2 0.0 118 190 81 0 394 1379 71 8 0 0 0 9 0 0 35.0 12.8327783199 0.366650809139 0.621418919168 0.1521092428 
66 2 2.0 118 190 81 0 394 1379 71 8 0 0 0 9 0 0 35.0 14.6077953386 0.417365581102 0.596537680376 0.266483813293 
66 3 0.0 118 190 81 0 394 1379 71 8 0 0 0 9 0 0 35.0 12.8326183194 0.366646237696 0.621407387383 0.152110532696 
66 3 2.0 118 190 81 0 394 1379 71 8 0 0 0 9 0 0 35.0 14.6080224803 0.417372070865 0.596544091554 0.266490369232 
66 4 0.0 118 190 81 0 394 1379 71 8 0 0 0 9 0 0 35.0 12.832921942 0.366654912629 0.621413896809 0.152121031214 
66 4 2.0 118 190 81 0 394 1379 71 8 0 0 0 9 0 0 35.0 14.608111773 0.417374622086 0.596546649747 0.266492914581 
66 5 0.0 118 190 81 0 394 1379 71 8 0 0 0 9 0 0 35.0 12.832662841 0.366647509743 0.621414876762 0.152106569095 
66 5 2.0 118 190 81 0 394 1379 71 8 0 0 0 9 0 0 35.0 14.6081995391 0.417377129688 0.596549165112 0.266495415646 
66 6 0.0 118 190 81 0 394 1379 71 8 0 0 0 9 0 0 35.0 12.8329372043 0.366655348696 0.621420396667 0.15211636093 
66 6 2.0 118 190 81 0 394 1379 71 8 0 0 0 9 0 0 35.0 14.6077514478 0.417364327079 0.596536323446 0.266482645928 
66 7 0.0 118 190 81 0 394 1379 71 8 0 0 0 9 0 0 35.0 12.8327844087 0.366650983107 0.621411014287 0.152116220007 
66 7 2.0 118 190 81 0 394 1379 71 8 0 0 0 9 0 0 35.0 14.6078075648 0.417365930424 0.596537998135 0.266484189193 
66 8 0.0 118 190 81 0 394 1379 71 8 0 0 0 9 0 0 35.0 12.8328859543 0.366653884408 0.62141362276 0.1521193679 
66 8 2.0 118 190 81 0 394 1379 71 8 0 0 0 9 0 0 35.0 14.6076653552 0.417361867292 0.59653440428 0.266479730881 
66 9 0.0 118 190 81 0 394 1379 71 8 0 0 0 9 0 0 35.0 12.8329096525 0.3666545615 0.621415836621 0.152118750873 
66 9 2.0 118 190 81 0 394 1379 71 8 0 0 0 9 0 0 35.0 14.6077543384 0.417364409669 0.596536493473 0.266482654886 
66 10 0.0 118 190 81 0 394 1379 71 8 0 0 0 9 0 0 35.0 12.8327547658 0.366650136167 0.621407778686 0.152117384572 
66 10 2.0 118 190 81 0 394 1379 71 8 0 0 0 9 0 0 35.0 14.6078278677 0.417366510506 0.596538567416 0.266484778372 
66 1 0.0 118 190 81 0 394 1379 71 8 0 0 0 9 0 0 35.0 12.8327951896 0.36665129113 0.621406090975 0.152120933366 
66 1 2.0 118 190 81 0 394 1379 71 8 0 0 0 9 0 0 35.0 14.6076902526 0.417362578646 0.596534658383 0.266480827288 
66 2 0.0 118 190 81 0 394 1379 71 8 0 0 0 9 0 0 35.0 12.832608883 0.366645968084 0.621403001693 0.152113729256 
66 2 2.0 118 190 81 0 394 1379 71 8 0 0 0 9 0 0 35.0 14.6076555544 0.417361587269 0.596533741142 0.266479773481 
66 3 0.0 118 190 81 0 394 1379 71 8 0 0 0 9 0 0 35.0 12.8329140266 0.366654686474 0.621415498967 0.152119265428 
66 3 2.0 118 190 81 0 394 1379 71 8 0 0 0 9 0 0 35.0 14.6078174121 0.417366211773 0.596538230838 0.266484511509 
66 4 0.0 118 190 81 0 394 1379 71 8 0 0 0 9 0 0 35.0 12.8334488703 0.366669967724 0.621454633274 0.152114459893 
66 4 2.0 118 190 81 0 394 1379 71 8 0 0 0 9 0 0 35.0 14.6079097775 0.417368850786 0.596540857824 0.266487160649 
66 5 0.0 118 190 81 0 394 1379 71 8 0 0 0 9 0 0 35.0 12.8330890473 0.366659687067 0.621424493423 0.152120902768 
66 5 2.0 118 190 81 0 394 1379 71 8 0 0 0 9 0 0 35.0 14.6078538379 0.417367252511 0.596539364792 0.266485473748 
66 6 0.0 118 190 81 0 394 1379 71 8 0 0 0 9 0 0 35.0 12.8327724343 0.366650640981 0.621408348164 0.152117834932 
66 6 2.0 118 190 81 0 394 1379 71 8 0 0 0 9 0 0 35.0 14.6077511184 0.417364317669 0.596536474914 0.266482501042 
66 7 0.0 118 190 81 0 394 1379 71 8 0 0 0 9 0 0 35.0 12.8327480971 0.366649945632 0.621411439687 0.152113950639 
66 7 2.0 118 190 81 0 394 1379 71 8 0 0 0 9 0 0 35.0 14.6077752861 0.417365008175 0.59653727966 0.266483095346 
66 8 0.0 118 190 81 0 394 1379 71 8 0 0 0 9 0 0 35.0 12.8326896705 0.366648276301 0.621410294449 0.152111839965 
66 8 2.0 118 190 81 0 394 1379 71 8 0 0 0 9 0 0 35.0 14.6078333585 0.417366667387 0.596538659157 0.266484990108 
66 9 0.0 118 190 81 0 394 1379 71 8 0 0 0 9 0 0 35.0 12.8327263542 0.366649324405 0.62141725803 0.152107906615 
66 9 2.0 118 190 81 0 394 1379 71 8 0 0 0 9 0 0 35.0 14.6078093582 0.417365981663 0.596538958936 0.266483474486 
66 10 0.0 118 190 81 0 394 1379 71 8 0 0 0 9 0 0 35.0 12.832769777 0.366650565057 0.621415946461 0.152111296506 
66 10 2.0 118 190 81 0 394 1379 71 8 0 0 0 9 0 0 35.0 14.6076872056 0.417362491588 0.596534614884 0.26648070355 
66 11 0.0 118 190 81 0 394 1379 71 8 0 0 0 9 0 0 35.0 12.8331149262 0.366660426463 0.621430692621 0.152117044436 
66 11 2.0 118 190 81 0 394 1379 71 8 0 0 0 9 0 0 35.0 14.6078887451 0.417368249859 0.596540256985 0.266486559647 
66 12 0.0 118 190 81 0 394 1379 71 8 0 0 0 9 0 0 35.0 12.8328475637 0.366652787534 0.621417454581 0.152114120548 
66 12 2.0 118 190 81 0 394 1379 71 8 0 0 0 9 0 0 35.0 14.6080000702 0.417371430577 0.596543410088 0.26648976362 
66 13 0.0 118 190 81 0 394 1379 71 8 0 0 0 9 0 0 35.0 12.8327789614 0.366650827469 0.621416379237 0.152111415454 
66 13 2.0 118 190 81 0 394 1379 71 8 0 0 0 9 0 0 35.0 14.6081960423 0.417377029781 0.596549024411 0.266495350092 
66 14 0.0 118 190 81 0 394 1379 71 8 0 0 0 9 0 0 35.0 12.8327883188 0.366651094822 0.621408981576 0.152118137556 
66 14 2.0 118 190 81 0 394 1379 71 8 0 0 0 9 0 0 35.0 14.6078642897 0.417367551135 0.59653956652 0.266485853969 
66 15 0.0 118 190 81 0 394 1379 71 8 0 0 0 9 0 0 35.0 12.8328837636 0.366653821818 0.62141134869 0.15212116761 
66 15 2.0 118 190 81 0 394 1379 71 8 0 0 0 9 0 0 35.0 14.607636709 0.417361048827 0.596533174477 0.266479258806 
66 16 0.0 118 190 81 0 394 1379 71 8 0 0 0 9 0 0 35.0 12.8332208818 0.366663453766 0.621429311744 0.15212378389 
66 16 2.0 118 190 81 0 394 1379 71 8 0 0 0 9 0 0 35.0 14.607895724 0.417368449256 0.59654063536 0.266486608327 
66 17 0.0 118 190 81 0 394 1379 71 8 0 0 0 9 0 0 35.0 12.8328591859 0.366653119597 0.621412760376 0.152118685258 
66 17 2.0 118 190 81 0 394 1379 71 8 0 0 0 9 0 0 35.0 14.6080695709 0.417373416312 0.59654550316 0.266491658966 
66 18 0.0 118 190 81 0 394 1379 71 8 0 0 0 9 0 0 35.0 12.8327438611 0.366649824603 0.621414994308 0.152110734326 
66 18 2.0 118 190 81 0 394 1379 71 8 0 0 0 9 0 0 35.0 14.6077763811 0.417365039459 0.596537115976 0.266483290812 
66 19 0.0 118 190 81 0 394 1379 71 8 0 0 0 9 0 0 35.0 12.8329777614 0.366656507468 0.621425740067 0.152113995806 
66 19 2.0 118 190 81 0 394 1379 71 8 0 0 0 9 0 0 35.0 14.6080683482 0.417373381378 0.596545449177 0.266491640074 
66 20 0.0 118 190 81 0 394 1379 71 8 0 0 0 9 0 0 35.0 12.8330598508 0.366658852879 0.621417919684 0.152124901886 
66 20 2.0 118 190 81 0 394 1379 71 8 0 0 0 9 0 0 35.0 14.6079698136 0.417370566102 0.596542674544 0.266488790573 
66 21 0.0 118 190 81 0 394 1379 71 8 0 0 0 9 0 0 35.0 12.83277661 0.366650760286 0.621420525042 0.152107800492 
66 21 2.0 118 190 81 0 394 1379 71 8 0 0 0 9 0 0 35.0 14.6076690688 0.417361973393 0.596534101515 0.26648018129 
66 22 0.0 118 190 81 0 394 1379 71 8 0 0 0 9 0 0 35.0 12.8327480335 0.366649943816 0.621410790655 0.152114493846 
66 22 2.0 118 190 81 0 394 1379 71 8 0 0 0 9 0 0 35.0 14.6077385691 0.417363959116 0.596536084119 0.26648216964 
66 23 0.0 118 190 81 0 394 1379 71 8 0 0 0 9 0 0 35.0 12.8328958916 0.366654168331 0.621431975623 0.152104435874 
66 23 2.0 118 190 81 0 394 1379 71 8 0 0 0 9 0 0 35.0 14.607752195 0.417364348429 0.596536588501 0.266482462052 
66 24 0.0 118 190 81 0 394 1379 71 8 0 0 0 9 0 0 35.0 12.8327578577 0.366650224505 0.621408220989 0.152117174834 
66 24 2.0 118 190 81 0 394 1379 71 8 0 0 0 9 0 0 35.0 14.6077489734 0.417364256382 0.596536408195 0.266482444328 
66 25 0.0 118 190 81 0 394 1379 71 8 0 0 0 9 0 0 35.0 12.8326360369 0.366646743913 0.621399406505 0.15211818594 
66 25 2.0 118 190 81 0 394 1379 71 8 0 0 0 9 0 0 35.0 14.608231147 0.417378032771 0.596550949041 0.266495576965 
66 26 0.0 118 190 81 0 394 1379 71 8 0 0 0 9 0 0 35.0 12.8330830958 0.366659517024 0.621432621661 0.152113744698 
66 26 2.0 118 190 81 0 394 1379 71 8 0 0 0 9 0 0 35.0 14.6075560439 0.417358744112 0.596530904744 0.266476924633 
66 27 0.0 118 190 81 0 394 1379 71 8 0 0 0 9 0 0 35.0 12.8328134447 0.366651812707 0.621412275989 0.152116685733 
66 27 2.0 118 190 81 0 394 1379 71 8 0 0 0 9 0 0 35.0 14.6079674774 0.417370499355 0.596542499085 0.266488815371 
66 28 0.0 118 190 81 0 394 1379 71 8 0 0 0 9 0 0 35.0 12.8328604334 0.36665315524 0.62141625179 0.152115810777 
66 28 2.0 118 190 81 0 394 1379 71 8 0 0 0 9 0 0 35.0 14.6082921842 0.417379776692 0.596551764294 0.266498102922 
66 29 0.0 118 190 81 0 394 1379 71 8 0 0 0 9 0 0 35.0 12.8327734589 0.366650670253 0.621405977066 0.152119885568 
66 29 2.0 118 190 81 0 394 1379 71 8 0 0 0 9 0 0 35.0 14.6079104637 0.417368870391 0.596540881139 0.26648717713 
66 30 0.0 118 190 81 0 394 1379 71 8 0 0 0 9 0 0 35.0 12.8329664237 0.366656183535 0.621424793503 0.152114196195 
66 30 2.0 118 190 81 0 394 1379 71 8 0 0 0 9 0 0 35.0 14.6078263474 0.417366467068 0.596538495725 0.266484758726 
66 31 0.0 118 190 81 0 394 1379 71 8 0 0 0 9 0 0 35.0 12.8331447556 0.366661278733 0.621425644967 0.152122865062 
66 31 2.0 118 190 81 0 394 1379 71 8 0 0 0 9 0 0 35.0 14.6077824504 0.417365212868 0.596537266422 0.266483483559 
66 32 0.0 118 190 81 0 394 1379 71 8 0 0 0 9 0 0 35.0 12.8326877264 0.366648220753 0.621412065017 0.152110246637 
66 32 2.0 118 190 81 0 394 1379 71 8 0 0 0 9 0 0 35.0 14.6080985636 0.417374244675 0.596546293768 0.266492519123 
66 33 0.0 118 190 81 0 394 1379 71 8 0 0 0 9 0 0 35.0 12.8325879385 0.366645369673 0.621407795701 0.152108589859 
66 33 2.0 118 190 81 0 394 1379 71 8 0 0 0 9 0 0 35.0 14.6077438082 0.417364108804 0.596536207034 0.266482341874 
66 34 0.0 118 190 81 0 394 1379 71 8 0 0 0 9 0 0 35.0 12.8332360539 0.366663887255 0.621429597218 0.152124342022 
66 34 2.0 118 190 81 0 394 1379 71 8 0 0 0 9 0 0 35.0 14.6078168737 0.417366196391 0.5965383057 0.266484420131 
66 35 0.0 118 190 81 0 394 1379 71 8 0 0 0 9 0 0 35.0 12.8326359006 0.366646740016 0.621405197756 0.15211330192 
66 35 2.0 118 190 81 0 394 1379 71 8 0 0 0 9 0 0 35.0 14.608142611 0.41737550317 0.596547439298 0.266493872747 
66 36 0.0 118 190 81 0 394 1379 71 8 0 0 0 9 0 0 35.0 12.8329536285 0.366655817956 0.621416129048 0.152120819142 
66 36 2.0 118 190 81 0 394 1379 71 8 0 0 0 9 0 0 35.0 14.607683155 0.417362375858 0.596534464099 0.266480617339 
66 37 0.0 118 190 81 0 394 1379 71 8 0 0 0 9 0 0 35.0 12.8329415769 0.366655473626 0.621417675705 0.152118882401 
66 37 2.0 118 190 81 0 394 1379 71 8 0 0 0 9 0 0 35.0 14.6075951212 0.417359860604 0.596532405777 0.266477717301 
66 38 0.0 118 190 81 0 394 1379 71 8 0 0 0 9 0 0 35.0 12.8327977042 0.366651362976 0.6214088321 0.152118757397 
66 38 2.0 118 190 81 0 394 1379 71 8 0 0 0 9 0 0 35.0 14.6077397225 0.417363992072 0.596536013237 0.266482290038 
66 39 0.0 118 190 81 0 394 1379 71 8 0 0 0 9 0 0 35.0 12.8327593753 0.366650267867 0.621421758733 0.152105854506 
66 39 2.0 118 190 81 0 394 1379 71 8 0 0 0 9 0 0 35.0 14.6078449808 0.41736699945 0.596539115208 0.266485217759 
66 40 0.0 118 190 81 0 394 1379 71 8 0 0 0 9 0 0 35.0 12.8328676235 0.366653360672 0.621419611796 0.152113359726 
66 40 2.0 118 190 81 0 394 1379 71 8 0 0 0 9 0 0 35.0 14.6077819558 0.417365198737 0.596537323063 0.266483409831 
