68 1 0.0 10 2 0 0 9 7 3 1.80859949668e-67 1 1 
68 1 0.0 5 6 0 0 22 13 2 0.0231068126146 1 4 
68 1 0.0 13 1 0 0 8 1 3 1.63352232987e-65 1 0 
68 1 0.0 4 0 0 0 1 6 1 0.610602144888 0 1 
68 1 0.0 12 4 0 0 10 9 2 0.231618590086 3 0 
68 1 0.0 7 4 0 0 15 15 2 0.00520388755532 1 3 
68 1 0.0 14 6 0 0 6 9 3 0.00575275699518 3 0 
68 1 0.0 6 3 0 0 17 15 2 9.39342591207e-09 3 1 
68 1 0.0 1 2 0 0 4 12 1 0.310824034227 0 2 
68 1 0.0 9 2 0 0 14 4 3 5.51720791291e-70 2 0 
68 1 0.0 3 5 0 0 9 14 1 0.283379552851 0 3 
68 1 0.0 8 3 0 0 17 15 2 0.502301461682 3 1 
68 1 0.0 2 6 0 0 9 14 1 0.170503755397 0 3 
68 1 0.0 11 4 0 0 15 10 3 1.96723269761e-72 2 1 
68 1 2.0 10 2 0 0 9 7 3 1.85328362609e-69 1 1 
68 1 2.0 5 6 0 0 22 13 2 0.066952719193 1 4 
68 1 2.0 13 1 0 0 8 1 3 2.31241004981e-15 1 0 
68 1 2.0 4 0 0 0 1 6 1 0.383936853937 0 1 
68 1 2.0 12 4 0 0 10 9 2 0.481529383988 3 0 
68 1 2.0 7 4 0 0 15 15 2 0.0441745330228 1 3 
68 1 2.0 14 6 0 0 6 9 3 0.354403821659 3 0 
68 1 2.0 6 3 0 0 17 15 2 0.0714429367645 3 1 
68 1 2.0 1 2 0 0 4 12 1 0.474336410279 0 2 
68 1 2.0 9 2 0 0 14 4 3 2.43106593848e-21 2 0 
68 1 2.0 3 5 0 0 9 14 1 0.283346998321 0 3 
68 1 2.0 8 3 0 0 17 15 2 0.354731503694 3 1 
68 1 2.0 2 6 0 0 9 14 1 0.114558498146 0 3 
68 1 2.0 11 4 0 0 15 10 3 2.03075675079e-76 2 1 
68 2 0.0 10 2 0 0 9 7 3 3.27850440245e-68 1 1 
68 2 0.0 5 6 0 0 22 13 2 0.0231514934558 1 4 
68 2 0.0 13 1 0 0 8 1 3 2.50091221763e-65 1 0 
68 2 0.0 4 0 0 0 1 6 1 0.610559163628 0 1 
68 2 0.0 12 4 0 0 10 9 2 0.231648943742 3 0 
68 2 0.0 7 4 0 0 15 15 2 0.00525994738825 1 3 
68 2 0.0 14 6 0 0 6 9 3 0.00589848872253 3 0 
68 2 0.0 6 3 0 0 17 15 2 1.66722805652e-08 3 1 
68 2 0.0 1 2 0 0 4 12 1 0.311105315859 0 2 
68 2 0.0 9 2 0 0 14 4 3 3.06979908898e-70 2 0 
68 2 0.0 3 5 0 0 9 14 1 0.283347533225 0 3 
68 2 0.0 8 3 0 0 17 15 2 0.502097838954 3 1 
68 2 0.0 2 6 0 0 9 14 1 0.170503092888 0 3 
68 2 0.0 11 4 0 0 15 10 3 4.94579705238e-73 2 1 
68 2 2.0 10 2 0 0 9 7 3 4.86493132716e-69 1 1 
68 2 2.0 5 6 0 0 22 13 2 0.0669531710921 1 4 
68 2 2.0 13 1 0 0 8 1 3 1.61821017572e-14 1 0 
68 2 2.0 4 0 0 0 1 6 1 0.383937185853 0 1 
68 2 2.0 12 4 0 0 10 9 2 0.481529326962 3 0 
68 2 2.0 7 4 0 0 15 15 2 0.0441745372534 1 3 
68 2 2.0 14 6 0 0 6 9 3 0.354403439046 3 0 
68 2 2.0 6 3 0 0 17 15 2 0.0714430206095 3 1 
68 2 2.0 1 2 0 0 4 12 1 0.47433686615 0 2 
68 2 2.0 9 2 0 0 14 4 3 5.61121036157e-21 2 0 
68 2 2.0 3 5 0 0 9 14 1 0.283348127112 0 3 
68 2 2.0 8 3 0 0 17 15 2 0.354730512705 3 1 
68 2 2.0 2 6 0 0 9 14 1 0.114556447097 0 3 
68 2 2.0 11 4 0 0 15 10 3 1.29797584879e-75 2 1 
68 3 0.0 10 2 0 0 9 7 3 3.87282690645e-67 1 1 
68 3 0.0 5 6 0 0 22 13 2 0.0226853365528 1 4 
68 3 0.0 13 1 0 0 8 1 3 3.81987200809e-65 1 0 
68 3 0.0 4 0 0 0 1 6 1 0.610978975274 0 1 
68 3 0.0 12 4 0 0 10 9 2 0.231348533993 3 0 
68 3 0.0 7 4 0 0 15 15 2 0.00470328724452 1 3 
68 3 0.0 14 6 0 0 6 9 3 0.00429128750193 3 0 
68 3 0.0 6 3 0 0 17 15 2 2.18674564151e-09 3 1 
68 3 0.0 1 2 0 0 4 12 1 0.308204238202 0 2 
68 3 0.0 9 2 0 0 14 4 3 5.23911080509e-70 2 0 
68 3 0.0 3 5 0 0 9 14 1 0.28348298644 0 3 
68 3 0.0 8 3 0 0 17 15 2 0.504196845818 3 1 
68 3 0.0 2 6 0 0 9 14 1 0.170484170763 0 3 
68 3 0.0 11 4 0 0 15 10 3 3.24662313393e-72 2 1 
68 3 2.0 10 2 0 0 9 7 3 2.06294747866e-69 1 1 
68 3 2.0 5 6 0 0 22 13 2 0.0669532980173 1 4 
68 3 2.0 13 1 0 0 8 1 3 9.37743282643e-15 1 0 
68 3 2.0 4 0 0 0 1 6 1 0.383937051444 0 1 
68 3 2.0 12 4 0 0 10 9 2 0.481529233638 3 0 
68 3 2.0 7 4 0 0 15 15 2 0.0441744516039 1 3 
68 3 2.0 14 6 0 0 6 9 3 0.35440385674 3 0 
68 3 2.0 6 3 0 0 17 15 2 0.0714429920838 3 1 
68 3 2.0 1 2 0 0 4 12 1 0.474336564594 0 2 
68 3 2.0 9 2 0 0 14 4 3 5.15164101418e-21 2 0 
68 3 2.0 3 5 0 0 9 14 1 0.283347570811 0 3 
68 3 2.0 8 3 0 0 17 15 2 0.354730947815 3 1 
68 3 2.0 2 6 0 0 9 14 1 0.114557518256 0 3 
68 3 2.0 11 4 0 0 15 10 3 3.9634539198e-75 2 1 
68 4 0.0 10 2 0 0 9 7 3 1.28435387826e-68 1 1 
68 4 0.0 5 6 0 0 22 13 2 0.0231851392819 1 4 
68 4 0.0 13 1 0 0 8 1 3 1.63539392192e-65 1 0 
68 4 0.0 4 0 0 0 1 6 1 0.610527101176 0 1 
68 4 0.0 12 4 0 0 10 9 2 0.231671617189 3 0 
68 4 0.0 7 4 0 0 15 15 2 0.00530182558904 1 3 
68 4 0.0 14 6 0 0 6 9 3 0.00600916275557 3 0 
68 4 0.0 6 3 0 0 17 15 2 2.47056971128e-08 3 1 
68 4 0.0 1 2 0 0 4 12 1 0.311316984097 0 2 
68 4 0.0 9 2 0 0 14 4 3 1.56821890343e-70 2 0 
68 4 0.0 3 5 0 0 9 14 1 0.283325905935 0 3 
68 4 0.0 8 3 0 0 17 15 2 0.501945073425 3 1 
68 4 0.0 2 6 0 0 9 14 1 0.17050263042 0 3 
68 4 0.0 11 4 0 0 15 10 3 1.27873571897e-73 2 1 
68 4 2.0 10 2 0 0 9 7 3 2.17891074e-69 1 1 
68 4 2.0 5 6 0 0 22 13 2 0.0669535558259 1 4 
68 4 2.0 13 1 0 0 8 1 3 1.05135884695e-14 1 0 
68 4 2.0 4 0 0 0 1 6 1 0.383937197627 0 1 
68 4 2.0 12 4 0 0 10 9 2 0.481529186489 3 0 
68 4 2.0 7 4 0 0 15 15 2 0.0441744375362 1 3 
68 4 2.0 14 6 0 0 6 9 3 0.354403738122 3 0 
68 4 2.0 6 3 0 0 17 15 2 0.0714430300256 3 1 
68 4 2.0 1 2 0 0 4 12 1 0.474336743136 0 2 
68 4 2.0 9 2 0 0 14 4 3 3.2558837769e-21 2 0 
68 4 2.0 3 5 0 0 9 14 1 0.283348049102 0 3 
68 4 2.0 8 3 0 0 17 15 2 0.354730517573 3 1 
68 4 2.0 2 6 0 0 9 14 1 0.114556660404 0 3 
68 4 2.0 11 4 0 0 15 10 3 4.15663592105e-76 2 1 
68 5 0.0 10 2 0 0 9 7 3 2.29167948086e-68 1 1 
68 5 0.0 5 6 0 0 22 13 2 0.0232877486702 1 4 
68 5 0.0 13 1 0 0 8 1 3 2.69513503825e-66 1 0 
68 5 0.0 4 0 0 0 1 6 1 0.610431216091 0 1 
68 5 0.0 12 4 0 0 10 9 2 0.231739645842 3 0 
68 5 0.0 7 4 0 0 15 15 2 0.00542754152696 1 3 
68 5 0.0 14 6 0 0 6 9 3 0.00635241302883 3 0 
68 5 0.0 6 3 0 0 17 15 2 2.48956109026e-08 3 1 
68 5 0.0 1 2 0 0 4 12 1 0.311961302463 0 2 
68 5 0.0 9 2 0 0 14 4 3 4.13292512289e-71 2 0 
68 5 0.0 3 5 0 0 9 14 1 0.283275107996 0 3 
68 5 0.0 8 3 0 0 17 15 2 0.501482578449 3 1 
68 5 0.0 2 6 0 0 9 14 1 0.170501611839 0 3 
68 5 0.0 11 4 0 0 15 10 3 3.13470564508e-73 2 1 
68 5 2.0 10 2 0 0 9 7 3 5.66078744682e-70 1 1 
68 5 2.0 5 6 0 0 22 13 2 0.0669531586608 1 4 
68 5 2.0 13 1 0 0 8 1 3 7.62035049676e-15 1 0 
68 5 2.0 4 0 0 0 1 6 1 0.383936949015 0 1 
68 5 2.0 12 4 0 0 10 9 2 0.481529251206 3 0 
68 5 2.0 7 4 0 0 15 15 2 0.0441744502671 1 3 
68 5 2.0 14 6 0 0 6 9 3 0.354403974903 3 0 
68 5 2.0 6 3 0 0 17 15 2 0.0714429662065 3 1 
68 5 2.0 1 2 0 0 4 12 1 0.474336423873 0 2 
68 5 2.0 9 2 0 0 14 4 3 1.32968612904e-21 2 0 
68 5 2.0 3 5 0 0 9 14 1 0.283347222437 0 3 
68 5 2.0 8 3 0 0 17 15 2 0.354731253588 3 1 
68 5 2.0 2 6 0 0 9 14 1 0.114558151248 0 3 
68 5 2.0 11 4 0 0 15 10 3 3.43826464289e-76 2 1 
68 6 0.0 10 2 0 0 9 7 3 2.1481038332e-67 1 1 
68 6 0.0 5 6 0 0 22 13 2 0.0230313427149 1 4 
68 6 0.0 13 1 0 0 8 1 3 2.43605019192e-64 1 0 
68 6 0.0 4 0 0 0 1 6 1 0.610671762103 0 1 
68 6 0.0 12 4 0 0 10 9 2 0.231569014638 3 0 
68 6 0.0 7 4 0 0 15 15 2 0.00511215988013 1 3 
68 6 0.0 14 6 0 0 6 9 3 0.00549760206083 3 0 
68 6 0.0 6 3 0 0 17 15 2 7.12778312037e-09 3 1 
68 6 0.0 1 2 0 0 4 12 1 0.310352143067 0 2 
68 6 0.0 9 2 0 0 14 4 3 3.78986438393e-70 2 0 
68 6 0.0 3 5 0 0 9 14 1 0.283412088714 0 3 
68 6 0.0 8 3 0 0 17 15 2 0.502642017975 3 1 
68 6 0.0 2 6 0 0 9 14 1 0.170502723746 0 3 
68 6 0.0 11 4 0 0 15 10 3 7.03911229742e-72 2 1 
68 6 2.0 10 2 0 0 9 7 3 1.18571327556e-70 1 1 
68 6 2.0 5 6 0 0 22 13 2 0.0669532560531 1 4 
68 6 2.0 13 1 0 0 8 1 3 1.58922506109e-15 1 0 
68 6 2.0 4 0 0 0 1 6 1 0.38393697328 0 1 
68 6 2.0 12 4 0 0 10 9 2 0.481529222865 3 0 
68 6 2.0 7 4 0 0 15 15 2 0.0441744331428 1 3 
68 6 2.0 14 6 0 0 6 9 3 0.354404001484 3 0 
68 6 2.0 6 3 0 0 17 15 2 0.0714429734579 3 1 
68 6 2.0 1 2 0 0 4 12 1 0.474336432926 0 2 
68 6 2.0 9 2 0 0 14 4 3 1.61767125251e-22 2 0 
68 6 2.0 3 5 0 0 9 14 1 0.283347284374 0 3 
68 6 2.0 8 3 0 0 17 15 2 0.354731188107 3 1 
68 6 2.0 2 6 0 0 9 14 1 0.114558051225 0 3 
68 6 2.0 11 4 0 0 15 10 3 7.45870022664e-78 2 1 
68 7 0.0 10 2 0 0 9 7 3 5.70802277338e-68 1 1 
68 7 0.0 5 6 0 0 22 13 2 0.0230924121181 1 4 
68 7 0.0 13 1 0 0 8 1 3 2.12562521929e-65 1 0 
68 7 0.0 4 0 0 0 1 6 1 0.610616757797 0 1 
68 7 0.0 12 4 0 0 10 9 2 0.231608365227 3 0 
68 7 0.0 7 4 0 0 15 15 2 0.0051850325528 1 3 
68 7 0.0 14 6 0 0 6 9 3 0.00570809975841 3 0 
68 7 0.0 6 3 0 0 17 15 2 8.66083770786e-09 3 1 
68 7 0.0 1 2 0 0 4 12 1 0.310732723365 0 2 
68 7 0.0 9 2 0 0 14 4 3 1.39236428328e-70 2 0 
68 7 0.0 3 5 0 0 9 14 1 0.283395628202 0 3 
68 7 0.0 8 3 0 0 17 15 2 0.502368148842 3 1 
68 7 0.0 2 6 0 0 9 14 1 0.170504352131 0 3 
68 7 0.0 11 4 0 0 15 10 3 5.03413491449e-73 2 1 
68 7 2.0 10 2 0 0 9 7 3 5.58812774182e-70 1 1 
68 7 2.0 5 6 0 0 22 13 2 0.066953524909 1 4 
68 7 2.0 13 1 0 0 8 1 3 7.52150764392e-15 1 0 
68 7 2.0 4 0 0 0 1 6 1 0.383937147258 0 1 
68 7 2.0 12 4 0 0 10 9 2 0.481529180974 3 0 
68 7 2.0 7 4 0 0 15 15 2 0.0441744266988 1 3 
68 7 2.0 14 6 0 0 6 9 3 0.354403828082 3 0 
68 7 2.0 6 3 0 0 17 15 2 0.0714430179676 3 1 
68 7 2.0 1 2 0 0 4 12 1 0.474336659774 0 2 
68 7 2.0 9 2 0 0 14 4 3 2.17557038055e-21 2 0 
68 7 2.0 3 5 0 0 9 14 1 0.283347865775 0 3 
68 7 2.0 8 3 0 0 17 15 2 0.35473067215 3 1 
68 7 2.0 2 6 0 0 9 14 1 0.114557000958 0 3 
68 7 2.0 11 4 0 0 15 10 3 8.70230215125e-77 2 1 
68 8 0.0 10 2 0 0 9 7 3 2.21969385355e-68 1 1 
68 8 0.0 5 6 0 0 22 13 2 0.0231197982403 1 4 
68 8 0.0 13 1 0 0 8 1 3 1.05531049362e-64 1 0 
68 8 0.0 4 0 0 0 1 6 1 0.610589037991 0 1 
68 8 0.0 12 4 0 0 10 9 2 0.231627767464 3 0 
68 8 0.0 7 4 0 0 15 15 2 0.00522081020198 1 3 
68 8 0.0 14 6 0 0 6 9 3 0.00579324780712 3 0 
68 8 0.0 6 3 0 0 17 15 2 1.26815082951e-08 3 1 
68 8 0.0 1 2 0 0 4 12 1 0.310906337997 0 2 
68 8 0.0 9 2 0 0 14 4 3 1.67811758179e-69 2 0 
68 8 0.0 3 5 0 0 9 14 1 0.283365622198 0 3 
68 8 0.0 8 3 0 0 17 15 2 0.50224144118 3 1 
68 8 0.0 2 6 0 0 9 14 1 0.170503235777 0 3 
68 8 0.0 11 4 0 0 15 10 3 1.33703396518e-72 2 1 
68 8 2.0 10 2 0 0 9 7 3 1.33857724519e-70 1 1 
68 8 2.0 5 6 0 0 22 13 2 0.0669515075117 1 4 
68 8 2.0 13 1 0 0 8 1 3 5.34719642238e-16 1 0 
68 8 2.0 4 0 0 0 1 6 1 0.383936820061 0 1 
68 8 2.0 12 4 0 0 10 9 2 0.481529827573 3 0 
68 8 2.0 7 4 0 0 15 15 2 0.044174848319 1 3 
68 8 2.0 14 6 0 0 6 9 3 0.35440287253 3 0 
68 8 2.0 6 3 0 0 17 15 2 0.0714429078644 3 1 
68 8 2.0 1 2 0 0 4 12 1 0.474336803545 0 2 
68 8 2.0 9 2 0 0 14 4 3 2.01810373361e-22 2 0 
68 8 2.0 3 5 0 0 9 14 1 0.283347256107 0 3 
68 8 2.0 8 3 0 0 17 15 2 0.354731478403 3 1 
68 8 2.0 2 6 0 0 9 14 1 0.114557803138 0 3 
68 8 2.0 11 4 0 0 15 10 3 8.14283849603e-77 2 1 
68 9 0.0 10 2 0 0 9 7 3 9.84877303159e-68 1 1 
68 9 0.0 5 6 0 0 22 13 2 0.0235016015632 1 4 
68 9 0.0 13 1 0 0 8 1 3 9.09608785795e-66 1 0 
68 9 0.0 4 0 0 0 1 6 1 0.610228776619 0 1 
68 9 0.0 12 4 0 0 10 9 2 0.23188274787 3 0 
68 9 0.0 7 4 0 0 15 15 2 0.00569164278204 1 3 
68 9 0.0 14 6 0 0 6 9 3 0.00706033083615 3 0 
68 9 0.0 6 3 0 0 17 15 2 4.79990267997e-08 3 1 
68 9 0.0 1 2 0 0 4 12 1 0.313309629304 0 2 
68 9 0.0 9 2 0 0 14 4 3 9.2823460576e-71 2 0 
68 9 0.0 3 5 0 0 9 14 1 0.283155521588 0 3 
68 9 0.0 8 3 0 0 17 15 2 0.500519394194 3 1 
68 9 0.0 2 6 0 0 9 14 1 0.170494747521 0 3 
68 9 0.0 11 4 0 0 15 10 3 2.58035797221e-73 2 1 
68 9 2.0 10 2 0 0 9 7 3 2.247607667e-68 1 1 
68 9 2.0 5 6 0 0 22 13 2 0.0669526363823 1 4 
68 9 2.0 13 1 0 0 8 1 3 8.73646461214e-14 1 0 
68 9 2.0 4 0 0 0 1 6 1 0.383937064921 0 1 
68 9 2.0 12 4 0 0 10 9 2 0.481529486684 3 0 
68 9 2.0 7 4 0 0 15 15 2 0.0441746359367 1 3 
68 9 2.0 14 6 0 0 6 9 3 0.354403264577 3 0 
68 9 2.0 6 3 0 0 17 15 2 0.0714429835803 3 1 
68 9 2.0 1 2 0 0 4 12 1 0.474336839834 0 2 
68 9 2.0 9 2 0 0 14 4 3 4.2973752071e-21 2 0 
68 9 2.0 3 5 0 0 9 14 1 0.283347834409 0 3 
68 9 2.0 8 3 0 0 17 15 2 0.354730833475 3 1 
68 9 2.0 2 6 0 0 9 14 1 0.114556907192 0 3 
68 9 2.0 11 4 0 0 15 10 3 2.30613184064e-75 2 1 
68 10 0.0 10 2 0 0 9 7 3 1.08902757053e-68 1 1 
68 10 0.0 5 6 0 0 22 13 2 0.0231587273807 1 4 
68 10 0.0 13 1 0 0 8 1 3 2.26685727567e-65 1 0 
68 10 0.0 4 0 0 0 1 6 1 0.610552187141 0 1 
68 10 0.0 12 4 0 0 10 9 2 0.231653866863 3 0 
68 10 0.0 7 4 0 0 15 15 2 0.00526903401259 1 3 
68 10 0.0 14 6 0 0 6 9 3 0.00592204079236 3 0 
68 10 0.0 6 3 0 0 17 15 2 2.18222675455e-08 3 1 
68 10 0.0 1 2 0 0 4 12 1 0.311150891242 0 2 
68 10 0.0 9 2 0 0 14 4 3 3.87468163223e-70 2 0 
68 10 0.0 3 5 0 0 9 14 1 0.283342269419 0 3 
68 10 0.0 8 3 0 0 17 15 2 0.502064870406 3 1 
68 10 0.0 2 6 0 0 9 14 1 0.170502957036 0 3 
68 10 0.0 11 4 0 0 15 10 3 2.52790697259e-73 2 1 
68 10 2.0 10 2 0 0 9 7 3 6.92759532638e-70 1 1 
68 10 2.0 5 6 0 0 22 13 2 0.0669532974636 1 4 
68 10 2.0 13 1 0 0 8 1 3 9.17518445723e-15 1 0 
68 10 2.0 4 0 0 0 1 6 1 0.383937009121 0 1 
68 10 2.0 12 4 0 0 10 9 2 0.481529219485 3 0 
68 10 2.0 7 4 0 0 15 15 2 0.0441744355988 1 3 
68 10 2.0 14 6 0 0 6 9 3 0.35440395391 3 0 
68 10 2.0 6 3 0 0 17 15 2 0.0714429823796 3 1 
68 10 2.0 1 2 0 0 4 12 1 0.474336484938 0 2 
68 10 2.0 9 2 0 0 14 4 3 1.55097710976e-21 2 0 
68 10 2.0 3 5 0 0 9 14 1 0.283347408624 0 3 
68 10 2.0 8 3 0 0 17 15 2 0.354731080271 3 1 
68 10 2.0 2 6 0 0 9 14 1 0.114557824 0 3 
68 10 2.0 11 4 0 0 15 10 3 1.79500276219e-76 2 1 
68 11 0.0 10 2 0 0 9 7 3 1.07084941509e-68 1 1 
68 11 0.0 5 6 0 0 22 13 2 0.0231720156922 1 4 
68 11 0.0 13 1 0 0 8 1 3 3.05513201645e-65 1 0 
68 11 0.0 4 0 0 0 1 6 1 0.610539613928 0 1 
68 11 0.0 12 4 0 0 10 9 2 0.231662770322 3 0 
68 11 0.0 7 4 0 0 15 15 2 0.00528548938175 1 3 
68 11 0.0 14 6 0 0 6 9 3 0.00596600508806 3 0 
68 11 0.0 6 3 0 0 17 15 2 1.85491377561e-08 3 1 
68 11 0.0 1 2 0 0 4 12 1 0.311234404712 0 2 
68 11 0.0 9 2 0 0 14 4 3 5.97972863057e-70 2 0 
68 11 0.0 3 5 0 0 9 14 1 0.28333435201 0 3 
68 11 0.0 8 3 0 0 17 15 2 0.502004653212 3 1 
68 11 0.0 2 6 0 0 9 14 1 0.170502826481 0 3 
68 11 0.0 11 4 0 0 15 10 3 4.98688501353e-73 2 1 
68 11 2.0 10 2 0 0 9 7 3 5.58215124506e-69 1 1 
68 11 2.0 5 6 0 0 22 13 2 0.0669527982747 1 4 
68 11 2.0 13 1 0 0 8 1 3 1.78525397193e-14 1 0 
68 11 2.0 4 0 0 0 1 6 1 0.383937145241 0 1 
68 11 2.0 12 4 0 0 10 9 2 0.481529453164 3 0 
68 11 2.0 7 4 0 0 15 15 2 0.0441746227277 1 3 
68 11 2.0 14 6 0 0 6 9 3 0.354403216553 3 0 
68 11 2.0 6 3 0 0 17 15 2 0.0714430047864 3 1 
68 11 2.0 1 2 0 0 4 12 1 0.474336930303 0 2 
68 11 2.0 9 2 0 0 14 4 3 1.32535065917e-20 2 0 
68 11 2.0 3 5 0 0 9 14 1 0.283348090735 0 3 
68 11 2.0 8 3 0 0 17 15 2 0.354730599337 3 1 
68 11 2.0 2 6 0 0 9 14 1 0.114556451599 0 3 
68 11 2.0 11 4 0 0 15 10 3 1.31092267914e-75 2 1 
68 12 0.0 10 2 0 0 9 7 3 7.93061247346e-69 1 1 
68 12 0.0 5 6 0 0 22 13 2 0.0232562126091 1 4 
68 12 0.0 13 1 0 0 8 1 3 1.37423074709e-65 1 0 
68 12 0.0 4 0 0 0 1 6 1 0.610459258316 0 1 
68 12 0.0 12 4 0 0 10 9 2 0.231719553608 3 0 
68 12 0.0 7 4 0 0 15 15 2 0.00539034378247 1 3 
68 12 0.0 14 6 0 0 6 9 3 0.00624261670393 3 0 
68 12 0.0 6 3 0 0 17 15 2 3.49997074563e-08 3 1 
68 12 0.0 1 2 0 0 4 12 1 0.311764632618 0 2 
68 12 0.0 9 2 0 0 14 4 3 1.01593379534e-70 2 0 
68 12 0.0 3 5 0 0 9 14 1 0.283279900942 0 3 
68 12 0.0 8 3 0 0 17 15 2 0.501622689234 3 1 
68 12 0.0 2 6 0 0 9 14 1 0.170501200031 0 3 
68 12 0.0 11 4 0 0 15 10 3 2.0345021995e-73 2 1 
68 12 2.0 10 2 0 0 9 7 3 8.0376811637e-70 1 1 
68 12 2.0 5 6 0 0 22 13 2 0.0669520920319 1 4 
68 12 2.0 13 1 0 0 8 1 3 3.88556859858e-14 1 0 
68 12 2.0 4 0 0 0 1 6 1 0.383936875587 0 1 
68 12 2.0 12 4 0 0 10 9 2 0.481529626874 3 0 
68 12 2.0 7 4 0 0 15 15 2 0.0441747111677 1 3 
68 12 2.0 14 6 0 0 6 9 3 0.354403239964 3 0 
68 12 2.0 6 3 0 0 17 15 2 0.07144293077 3 1 
68 12 2.0 1 2 0 0 4 12 1 0.474336687816 0 2 
68 12 2.0 9 2 0 0 14 4 3 2.84364773488e-21 2 0 
68 12 2.0 3 5 0 0 9 14 1 0.283347282113 0 3 
68 12 2.0 8 3 0 0 17 15 2 0.354731367829 3 1 
68 12 2.0 2 6 0 0 9 14 1 0.114557854897 0 3 
68 12 2.0 11 4 0 0 15 10 3 6.40059141943e-77 2 1 
68 13 0.0 10 2 0 0 9 7 3 4.5996948874e-69 1 1 
68 13 0.0 5 6 0 0 22 13 2 0.023176557643 1 4 
68 13 0.0 13 1 0 0 8 1 3 1.56873432877e-65 1 0 
68 13 0.0 4 0 0 0 1 6 1 0.610535152567 0 1 
68 13 0.0 12 4 0 0 10 9 2 0.231665907385 3 0 
68 13 0.0 7 4 0 0 15 15 2 0.00529126714932 1 3 
68 13 0.0 14 6 0 0 6 9 3 0.00598057185158 3 0 
68 13 0.0 6 3 0 0 17 15 2 3.01859977098e-08 3 1 
68 13 0.0 1 2 0 0 4 12 1 0.311263101062 0 2 
68 13 0.0 9 2 0 0 14 4 3 6.06273471372e-70 2 0 
68 13 0.0 3 5 0 0 9 14 1 0.283330508586 0 3 
68 13 0.0 8 3 0 0 17 15 2 0.501983852626 3 1 
68 13 0.0 2 6 0 0 9 14 1 0.170502690115 0 3 
68 13 0.0 11 4 0 0 15 10 3 2.27125471634e-73 2 1 
68 13 2.0 10 2 0 0 9 7 3 1.64764044955e-70 1 1 
68 13 2.0 5 6 0 0 22 13 2 0.0669513922888 1 4 
68 13 2.0 13 1 0 0 8 1 3 6.7682803299e-16 1 0 
68 13 2.0 4 0 0 0 1 6 1 0.383936864807 0 1 
68 13 2.0 12 4 0 0 10 9 2 0.481529886019 3 0 
68 13 2.0 7 4 0 0 15 15 2 0.044174896599 1 3 
68 13 2.0 14 6 0 0 6 9 3 0.354402671557 3 0 
68 13 2.0 6 3 0 0 17 15 2 0.0714429160903 3 1 
68 13 2.0 1 2 0 0 4 12 1 0.474336931522 0 2 
68 13 2.0 9 2 0 0 14 4 3 1.13974084667e-22 2 0 
68 13 2.0 3 5 0 0 9 14 1 0.283347464708 0 3 
68 13 2.0 8 3 0 0 17 15 2 0.354731325684 3 1 
68 13 2.0 2 6 0 0 9 14 1 0.114557389969 0 3 
68 13 2.0 11 4 0 0 15 10 3 2.24774602513e-77 2 1 
68 14 0.0 10 2 0 0 9 7 3 1.23164497703e-67 1 1 
68 14 0.0 5 6 0 0 22 13 2 0.0231456569851 1 4 
68 14 0.0 13 1 0 0 8 1 3 2.58368961047e-65 1 0 
68 14 0.0 4 0 0 0 1 6 1 0.610564577515 0 1 
68 14 0.0 12 4 0 0 10 9 2 0.231645094858 3 0 
68 14 0.0 7 4 0 0 15 15 2 0.0052528285979 1 3 
68 14 0.0 14 6 0 0 6 9 3 0.00587885058712 3 0 
68 14 0.0 6 3 0 0 17 15 2 1.79378583166e-08 3 1 
68 14 0.0 1 2 0 0 4 12 1 0.311068750134 0 2 
68 14 0.0 9 2 0 0 14 4 3 9.68426659653e-70 2 0 
68 14 0.0 3 5 0 0 9 14 1 0.283350213071 0 3 
68 14 0.0 8 3 0 0 17 15 2 0.502124156115 3 1 
68 14 0.0 2 6 0 0 9 14 1 0.170503078235 0 3 
68 14 0.0 11 4 0 0 15 10 3 1.73614742731e-73 2 1 
68 14 2.0 10 2 0 0 9 7 3 2.39426713948e-70 1 1 
68 14 2.0 5 6 0 0 22 13 2 0.0669535179107 1 4 
68 14 2.0 13 1 0 0 8 1 3 5.26729790793e-15 1 0 
68 14 2.0 4 0 0 0 1 6 1 0.383937111227 0 1 
68 14 2.0 12 4 0 0 10 9 2 0.481529171374 3 0 
68 14 2.0 7 4 0 0 15 15 2 0.0441744148516 1 3 
68 14 2.0 14 6 0 0 6 9 3 0.354403905296 3 0 
68 14 2.0 6 3 0 0 17 15 2 0.0714430096046 3 1 
68 14 2.0 1 2 0 0 4 12 1 0.474336594392 0 2 
68 14 2.0 9 2 0 0 14 4 3 2.25285614742e-21 2 0 
68 14 2.0 3 5 0 0 9 14 1 0.283347729753 0 3 
68 14 2.0 8 3 0 0 17 15 2 0.354730784332 3 1 
68 14 2.0 2 6 0 0 9 14 1 0.114557256265 0 3 
68 14 2.0 11 4 0 0 15 10 3 2.08046629147e-77 2 1 
68 15 0.0 10 2 0 0 9 7 3 6.70807631716e-67 1 1 
68 15 0.0 5 6 0 0 22 13 2 0.023501429818 1 4 
68 15 0.0 13 1 0 0 8 1 3 3.55697316132e-65 1 0 
68 15 0.0 4 0 0 0 1 6 1 0.610245268277 0 1 
68 15 0.0 12 4 0 0 10 9 2 0.23187355712 3 0 
68 15 0.0 7 4 0 0 15 15 2 0.00567543211627 1 3 
68 15 0.0 14 6 0 0 6 9 3 0.00710903036253 3 0 
68 15 0.0 6 3 0 0 17 15 2 2.34332111226e-08 3 1 
68 15 0.0 1 2 0 0 4 12 1 0.313289937191 0 2 
68 15 0.0 9 2 0 0 14 4 3 8.09777622496e-71 2 0 
68 15 0.0 3 5 0 0 9 14 1 0.283278356312 0 3 
68 15 0.0 8 3 0 0 17 15 2 0.50054174247 3 1 
68 15 0.0 2 6 0 0 9 14 1 0.170504789911 0 3 
68 15 0.0 11 4 0 0 15 10 3 2.59788657524e-73 2 1 
68 15 2.0 10 2 0 0 9 7 3 1.32116341458e-70 1 1 
68 15 2.0 5 6 0 0 22 13 2 0.0669533471599 1 4 
68 15 2.0 13 1 0 0 8 1 3 1.07175699863e-14 1 0 
68 15 2.0 4 0 0 0 1 6 1 0.383937125889 0 1 
68 15 2.0 12 4 0 0 10 9 2 0.481529240463 3 0 
68 15 2.0 7 4 0 0 15 15 2 0.0441744666907 1 3 
68 15 2.0 14 6 0 0 6 9 3 0.354403726651 3 0 
68 15 2.0 6 3 0 0 17 15 2 0.0714430099711 3 1 
68 15 2.0 1 2 0 0 4 12 1 0.474336686552 0 2 
68 15 2.0 9 2 0 0 14 4 3 4.66075664588e-21 2 0 
68 15 2.0 3 5 0 0 9 14 1 0.283347840709 0 3 
68 15 2.0 8 3 0 0 17 15 2 0.354730719811 3 1 
68 15 2.0 2 6 0 0 9 14 1 0.114557017669 0 3 
68 15 2.0 11 4 0 0 15 10 3 8.30653500496e-77 2 1 
68 16 0.0 10 2 0 0 9 7 3 9.827193236e-68 1 1 
68 16 0.0 5 6 0 0 22 13 2 0.0231456345933 1 4 
68 16 0.0 13 1 0 0 8 1 3 1.73221581342e-65 1 0 
68 16 0.0 4 0 0 0 1 6 1 0.610564797669 0 1 
68 16 0.0 12 4 0 0 10 9 2 0.231644965558 3 0 
68 16 0.0 7 4 0 0 15 15 2 0.00525260089589 1 3 
68 16 0.0 14 6 0 0 6 9 3 0.00587937241506 3 0 
68 16 0.0 6 3 0 0 17 15 2 1.55491619247e-08 3 1 
68 16 0.0 1 2 0 0 4 12 1 0.311068420586 0 2 
68 16 0.0 9 2 0 0 14 4 3 7.23105935256e-70 2 0 
68 16 0.0 3 5 0 0 9 14 1 0.283351699344 0 3 
68 16 0.0 8 3 0 0 17 15 2 0.502124522496 3 1 
68 16 0.0 2 6 0 0 9 14 1 0.170503190972 0 3 
68 16 0.0 11 4 0 0 15 10 3 6.13506657318e-73 2 1 
68 16 2.0 10 2 0 0 9 7 3 1.64919983094e-69 1 1 
68 16 2.0 5 6 0 0 22 13 2 0.0669531093089 1 4 
68 16 2.0 13 1 0 0 8 1 3 2.52730653443e-14 1 0 
68 16 2.0 4 0 0 0 1 6 1 0.383937212896 0 1 
68 16 2.0 12 4 0 0 10 9 2 0.481529359343 3 0 
68 16 2.0 7 4 0 0 15 15 2 0.0441745642971 1 3 
68 16 2.0 14 6 0 0 6 9 3 0.354403324244 3 0 
68 16 2.0 6 3 0 0 17 15 2 0.0714430257092 3 1 
68 16 2.0 1 2 0 0 4 12 1 0.474336940536 0 2 
68 16 2.0 9 2 0 0 14 4 3 9.56975317734e-21 2 0 
68 16 2.0 3 5 0 0 9 14 1 0.283348250678 0 3 
68 16 2.0 8 3 0 0 17 15 2 0.354730421165 3 1 
68 16 2.0 2 6 0 0 9 14 1 0.114556203426 0 3 
68 16 2.0 11 4 0 0 15 10 3 2.06510884603e-75 2 1 
68 17 0.0 10 2 0 0 9 7 3 1.1263099875e-68 1 1 
68 17 0.0 5 6 0 0 22 13 2 0.0231808831026 1 4 
68 17 0.0 13 1 0 0 8 1 3 2.99149213088e-65 1 0 
68 17 0.0 4 0 0 0 1 6 1 0.610531272474 0 1 
68 17 0.0 12 4 0 0 10 9 2 0.231668683367 3 0 
68 17 0.0 7 4 0 0 15 15 2 0.00529641375195 1 3 
68 17 0.0 14 6 0 0 6 9 3 0.00599550825348 3 0 
68 17 0.0 6 3 0 0 17 15 2 2.21857378695e-08 3 1 
68 17 0.0 1 2 0 0 4 12 1 0.311290091023 0 2 
68 17 0.0 9 2 0 0 14 4 3 2.63690324181e-70 2 0 
68 17 0.0 3 5 0 0 9 14 1 0.283329487805 0 3 
68 17 0.0 8 3 0 0 17 15 2 0.50196454343 3 1 
68 17 0.0 2 6 0 0 9 14 1 0.170502760552 0 3 
68 17 0.0 11 4 0 0 15 10 3 2.7726314408e-73 2 1 
68 17 2.0 10 2 0 0 9 7 3 6.73768387434e-70 1 1 
68 17 2.0 5 6 0 0 22 13 2 0.0669531378377 1 4 
68 17 2.0 13 1 0 0 8 1 3 4.60887232148e-15 1 0 
68 17 2.0 4 0 0 0 1 6 1 0.383937064519 0 1 
68 17 2.0 12 4 0 0 10 9 2 0.481529298238 3 0 
68 17 2.0 7 4 0 0 15 15 2 0.044174499976 1 3 
68 17 2.0 14 6 0 0 6 9 3 0.354403690762 3 0 
68 17 2.0 6 3 0 0 17 15 2 0.0714429922721 3 1 
68 17 2.0 1 2 0 0 4 12 1 0.474336649727 0 2 
68 17 2.0 9 2 0 0 14 4 3 4.54719334891e-22 2 0 
68 17 2.0 3 5 0 0 9 14 1 0.283347672251 0 3 
68 17 2.0 8 3 0 0 17 15 2 0.354730889404 3 1 
68 17 2.0 2 6 0 0 9 14 1 0.11455729933 0 3 
68 17 2.0 11 4 0 0 15 10 3 6.22910885567e-77 2 1 
68 18 0.0 10 2 0 0 9 7 3 3.88229283969e-68 1 1 
68 18 0.0 5 6 0 0 22 13 2 0.0229764993715 1 4 
68 18 0.0 13 1 0 0 8 1 3 1.0531018441e-65 1 0 
68 18 0.0 4 0 0 0 1 6 1 0.610731144926 0 1 
68 18 0.0 12 4 0 0 10 9 2 0.231527845803 3 0 
68 18 0.0 7 4 0 0 15 15 2 0.0050363635271 1 3 
68 18 0.0 14 6 0 0 6 9 3 0.00533888607573 3 0 
68 18 0.0 6 3 0 0 17 15 2 6.58506210915e-09 3 1 
68 18 0.0 1 2 0 0 4 12 1 0.310001933779 0 2 
68 18 0.0 9 2 0 0 14 4 3 1.61636448543e-70 2 0 
68 18 0.0 3 5 0 0 9 14 1 0.283501885676 0 3 
68 18 0.0 8 3 0 0 17 15 2 0.502901610036 3 1 
68 18 0.0 2 6 0 0 9 14 1 0.170506440722 0 3 
68 18 0.0 11 4 0 0 15 10 3 1.38645705901e-72 2 1 
68 18 2.0 10 2 0 0 9 7 3 2.84986398126e-69 1 1 
68 18 2.0 5 6 0 0 22 13 2 0.0669536702843 1 4 
68 18 2.0 13 1 0 0 8 1 3 1.16932543595e-15 1 0 
68 18 2.0 4 0 0 0 1 6 1 0.383937126577 0 1 
68 18 2.0 12 4 0 0 10 9 2 0.481529119359 3 0 
68 18 2.0 7 4 0 0 15 15 2 0.0441743794309 1 3 
68 18 2.0 14 6 0 0 6 9 3 0.354403999058 3 0 
68 18 2.0 6 3 0 0 17 15 2 0.0714430157744 3 1 
68 18 2.0 1 2 0 0 4 12 1 0.474336565874 0 2 
68 18 2.0 9 2 0 0 14 4 3 1.88383868653e-21 2 0 
68 18 2.0 3 5 0 0 9 14 1 0.283347739895 0 3 
68 18 2.0 8 3 0 0 17 15 2 0.354730752728 3 1 
68 18 2.0 2 6 0 0 9 14 1 0.114557263393 0 3 
68 18 2.0 11 4 0 0 15 10 3 6.42018521677e-76 2 1 
68 19 0.0 10 2 0 0 9 7 3 2.51463763991e-69 1 1 
68 19 0.0 5 6 0 0 22 13 2 0.0235714225532 1 4 
68 19 0.0 13 1 0 0 8 1 3 4.96997918607e-66 1 0 
68 19 0.0 4 0 0 0 1 6 1 0.610155077972 0 1 
68 19 0.0 12 4 0 0 10 9 2 0.23193361907 3 0 
68 19 0.0 7 4 0 0 15 15 2 0.00578502783686 1 3 
68 19 0.0 14 6 0 0 6 9 3 0.00726897724154 3 0 
68 19 0.0 6 3 0 0 17 15 2 1.57876481385e-07 3 1 
68 19 0.0 1 2 0 0 4 12 1 0.313759708585 0 2 
68 19 0.0 9 2 0 0 14 4 3 3.94383869938e-71 2 0 
68 19 0.0 3 5 0 0 9 14 1 0.283061527938 0 3 
68 19 0.0 8 3 0 0 17 15 2 0.500196027098 3 1 
68 19 0.0 2 6 0 0 9 14 1 0.170486874854 0 3 
68 19 0.0 11 4 0 0 15 10 3 1.86095646976e-74 2 1 
68 19 2.0 10 2 0 0 9 7 3 3.08543165041e-70 1 1 
68 19 2.0 5 6 0 0 22 13 2 0.0669524446593 1 4 
68 19 2.0 13 1 0 0 8 1 3 2.56159019626e-15 1 0 
68 19 2.0 4 0 0 0 1 6 1 0.383936799839 0 1 
68 19 2.0 12 4 0 0 10 9 2 0.481529468739 3 0 
68 19 2.0 7 4 0 0 15 15 2 0.0441745867448 1 3 
68 19 2.0 14 6 0 0 6 9 3 0.354403713728 3 0 
68 19 2.0 6 3 0 0 17 15 2 0.0714429195897 3 1 
68 19 2.0 1 2 0 0 4 12 1 0.47433641176 0 2 
68 19 2.0 9 2 0 0 14 4 3 1.54690220659e-21 2 0 
68 19 2.0 3 5 0 0 9 14 1 0.283346878614 0 3 
68 19 2.0 8 3 0 0 17 15 2 0.354731643382 3 1 
68 19 2.0 2 6 0 0 9 14 1 0.114558676553 0 3 
68 19 2.0 11 4 0 0 15 10 3 8.99862348754e-76 2 1 
68 20 0.0 10 2 0 0 9 7 3 4.11170976749e-68 1 1 
68 20 0.0 5 6 0 0 22 13 2 0.0231843317848 1 4 
68 20 0.0 13 1 0 0 8 1 3 2.11791971499e-65 1 0 
68 20 0.0 4 0 0 0 1 6 1 0.61052781709 0 1 
68 20 0.0 12 4 0 0 10 9 2 0.231671103889 3 0 
68 20 0.0 7 4 0 0 15 15 2 0.00530087205355 1 3 
68 20 0.0 14 6 0 0 6 9 3 0.00600635440079 3 0 
68 20 0.0 6 3 0 0 17 15 2 2.77493173176e-08 3 1 
68 20 0.0 1 2 0 0 4 12 1 0.311311953727 0 2 
68 20 0.0 9 2 0 0 14 4 3 3.22238503862e-70 2 0 
68 20 0.0 3 5 0 0 9 14 1 0.283326044702 0 3 
68 20 0.0 8 3 0 0 17 15 2 0.501948664793 3 1 
68 20 0.0 2 6 0 0 9 14 1 0.170502612739 0 3 
68 20 0.0 11 4 0 0 15 10 3 4.89010060411e-73 2 1 
68 20 2.0 10 2 0 0 9 7 3 1.615015303e-70 1 1 
68 20 2.0 5 6 0 0 22 13 2 0.0669521053636 1 4 
68 20 2.0 13 1 0 0 8 1 3 1.75748312876e-15 1 0 
68 20 2.0 4 0 0 0 1 6 1 0.383936825392 0 1 
68 20 2.0 12 4 0 0 10 9 2 0.48152960483 3 0 
68 20 2.0 7 4 0 0 15 15 2 0.0441746883955 1 3 
68 20 2.0 14 6 0 0 6 9 3 0.354403367056 3 0 
68 20 2.0 6 3 0 0 17 15 2 0.0714429195049 3 1 
68 20 2.0 1 2 0 0 4 12 1 0.474336588075 0 2 
68 20 2.0 9 2 0 0 14 4 3 2.47771369867e-22 2 0 
68 20 2.0 3 5 0 0 9 14 1 0.283347085294 0 3 
68 20 2.0 8 3 0 0 17 15 2 0.354731526438 3 1 
68 20 2.0 2 6 0 0 9 14 1 0.114558228363 0 3 
68 20 2.0 11 4 0 0 15 10 3 2.15443718819e-77 2 1 
68 21 0.0 10 2 0 0 9 7 3 6.56660560627e-70 1 1 
68 21 0.0 5 6 0 0 22 13 2 0.0235246203345 1 4 
68 21 0.0 13 1 0 0 8 1 3 1.5191364194e-66 1 0 
68 21 0.0 4 0 0 0 1 6 1 0.610198604404 0 1 
68 21 0.0 12 4 0 0 10 9 2 0.231902782348 3 0 
68 21 0.0 7 4 0 0 15 15 2 0.00572808628843 1 3 
68 21 0.0 14 6 0 0 6 9 3 0.00711172608213 3 0 
68 21 0.0 6 3 0 0 17 15 2 1.96979353314e-07 3 1 
68 21 0.0 1 2 0 0 4 12 1 0.313464780719 0 2 
68 21 0.0 9 2 0 0 14 4 3 3.97470401676e-71 2 0 
68 21 0.0 3 5 0 0 9 14 1 0.283080925483 0 3 
68 21 0.0 8 3 0 0 17 15 2 0.500404889738 3 1 
68 21 0.0 2 6 0 0 9 14 1 0.170488610129 0 3 
68 21 0.0 11 4 0 0 15 10 3 1.43824115235e-74 2 1 
68 21 2.0 10 2 0 0 9 7 3 5.25814029942e-71 1 1 
68 21 2.0 5 6 0 0 22 13 2 0.0669521213967 1 4 
68 21 2.0 13 1 0 0 8 1 3 1.75705259412e-15 1 0 
68 21 2.0 4 0 0 0 1 6 1 0.383936769159 0 1 
68 21 2.0 12 4 0 0 10 9 2 0.481529579738 3 0 
68 21 2.0 7 4 0 0 15 15 2 0.0441746626015 1 3 
68 21 2.0 14 6 0 0 6 9 3 0.35440351044 3 0 
68 21 2.0 6 3 0 0 17 15 2 0.0714429069227 3 1 
68 21 2.0 1 2 0 0 4 12 1 0.474336475838 0 2 
68 21 2.0 9 2 0 0 14 4 3 2.86020763356e-22 2 0 
68 21 2.0 3 5 0 0 9 14 1 0.283346864361 0 3 
68 21 2.0 8 3 0 0 17 15 2 0.354731704406 3 1 
68 21 2.0 2 6 0 0 9 14 1 0.114558647703 0 3 
68 21 2.0 11 4 0 0 15 10 3 9.46525654329e-77 2 1 
68 22 0.0 10 2 0 0 9 7 3 3.38631203011e-67 1 1 
68 22 0.0 5 6 0 0 22 13 2 0.0230358484813 1 4 
68 22 0.0 13 1 0 0 8 1 3 5.08322911495e-65 1 0 
68 22 0.0 4 0 0 0 1 6 1 0.610667888995 0 1 
68 22 0.0 12 4 0 0 10 9 2 0.231571810829 3 0 
68 22 0.0 7 4 0 0 15 15 2 0.0051173483413 1 3 
68 22 0.0 14 6 0 0 6 9 3 0.00551369262931 3 0 
68 22 0.0 6 3 0 0 17 15 2 6.27866221606e-09 3 1 
68 22 0.0 1 2 0 0 4 12 1 0.310380049535 0 2 
68 22 0.0 9 2 0 0 14 4 3 4.69572349829e-70 2 0 
68 22 0.0 3 5 0 0 9 14 1 0.283412231987 0 3 
68 22 0.0 8 3 0 0 17 15 2 0.502622041136 3 1 
68 22 0.0 2 6 0 0 9 14 1 0.170502958862 0 3 
68 22 0.0 11 4 0 0 15 10 3 1.4992927798e-72 2 1 
68 22 2.0 10 2 0 0 9 7 3 5.23201223388e-70 1 1 
68 22 2.0 5 6 0 0 22 13 2 0.0669533676188 1 4 
68 22 2.0 13 1 0 0 8 1 3 1.68773402837e-14 1 0 
68 22 2.0 4 0 0 0 1 6 1 0.383937223943 0 1 
68 22 2.0 12 4 0 0 10 9 2 0.4815292661 3 0 
68 22 2.0 7 4 0 0 15 15 2 0.0441744985494 1 3 
68 22 2.0 14 6 0 0 6 9 3 0.35440351781 3 0 
68 22 2.0 6 3 0 0 17 15 2 0.0714430327539 3 1 
68 22 2.0 1 2 0 0 4 12 1 0.474336863857 0 2 
68 22 2.0 9 2 0 0 14 4 3 7.45202750757e-21 2 0 
68 22 2.0 3 5 0 0 9 14 1 0.283348210339 0 3 
68 22 2.0 8 3 0 0 17 15 2 0.354730414622 3 1 
68 22 2.0 2 6 0 0 9 14 1 0.114556323922 0 3 
68 22 2.0 11 4 0 0 15 10 3 5.87561877592e-77 2 1 
68 23 0.0 10 2 0 0 9 7 3 1.56369025404e-68 1 1 
68 23 0.0 5 6 0 0 22 13 2 0.0231785499683 1 4 
68 23 0.0 13 1 0 0 8 1 3 1.17889566766e-65 1 0 
68 23 0.0 4 0 0 0 1 6 1 0.610533274972 0 1 
68 23 0.0 12 4 0 0 10 9 2 0.231667237675 3 0 
68 23 0.0 7 4 0 0 15 15 2 0.00529373140642 1 3 
68 23 0.0 14 6 0 0 6 9 3 0.00598717038058 3 0 
68 23 0.0 6 3 0 0 17 15 2 2.41779020239e-08 3 1 
68 23 0.0 1 2 0 0 4 12 1 0.311275622485 0 2 
68 23 0.0 9 2 0 0 14 4 3 7.18237350385e-70 2 0 
68 23 0.0 3 5 0 0 9 14 1 0.283329344864 0 3 
68 23 0.0 8 3 0 0 17 15 2 0.50197484026 3 1 
68 23 0.0 2 6 0 0 9 14 1 0.170502669559 0 3 
68 23 0.0 11 4 0 0 15 10 3 1.31119804141e-73 2 1 
68 23 2.0 10 2 0 0 9 7 3 7.4482380839e-71 1 1 
68 23 2.0 5 6 0 0 22 13 2 0.0669519131288 1 4 
68 23 2.0 13 1 0 0 8 1 3 2.19037206417e-15 1 0 
68 23 2.0 4 0 0 0 1 6 1 0.383936744722 0 1 
68 23 2.0 12 4 0 0 10 9 2 0.481529649661 3 0 
68 23 2.0 7 4 0 0 15 15 2 0.0441747096956 1 3 
68 23 2.0 14 6 0 0 6 9 3 0.354403390247 3 0 
68 23 2.0 6 3 0 0 17 15 2 0.0714428976992 3 1 
68 23 2.0 1 2 0 0 4 12 1 0.474336508299 0 2 
68 23 2.0 9 2 0 0 14 4 3 1.66286623874e-21 2 0 
68 23 2.0 3 5 0 0 9 14 1 0.283346837251 0 3 
68 23 2.0 8 3 0 0 17 15 2 0.354731758415 3 1 
68 23 2.0 2 6 0 0 9 14 1 0.11455866295 0 3 
68 23 2.0 11 4 0 0 15 10 3 3.68098276683e-77 2 1 
68 24 0.0 10 2 0 0 9 7 3 9.70794262608e-70 1 1 
68 24 0.0 5 6 0 0 22 13 2 0.0232804256313 1 4 
68 24 0.0 13 1 0 0 8 1 3 4.72202133658e-66 1 0 
68 24 0.0 4 0 0 0 1 6 1 0.610435260327 0 1 
68 24 0.0 12 4 0 0 10 9 2 0.231736380657 3 0 
68 24 0.0 7 4 0 0 15 15 2 0.00542132678414 1 3 
68 24 0.0 14 6 0 0 6 9 3 0.00631961706408 3 0 
68 24 0.0 6 3 0 0 17 15 2 8.23836912491e-08 3 1 
68 24 0.0 1 2 0 0 4 12 1 0.311918142921 0 2 
68 24 0.0 9 2 0 0 14 4 3 1.32524115007e-70 2 0 
68 24 0.0 3 5 0 0 9 14 1 0.283258068951 0 3 
68 24 0.0 8 3 0 0 17 15 2 0.501511805891 3 1 
68 24 0.0 2 6 0 0 9 14 1 0.170500098177 0 3 
68 24 0.0 11 4 0 0 15 10 3 1.98379644541e-74 2 1 
68 24 2.0 10 2 0 0 9 7 3 3.89064375122e-71 1 1 
68 24 2.0 5 6 0 0 22 13 2 0.06695211955 1 4 
68 24 2.0 13 1 0 0 8 1 3 2.33406929802e-15 1 0 
68 24 2.0 4 0 0 0 1 6 1 0.383936771194 0 1 
68 24 2.0 12 4 0 0 10 9 2 0.481529581108 3 0 
68 24 2.0 7 4 0 0 15 15 2 0.0441746638771 1 3 
68 24 2.0 14 6 0 0 6 9 3 0.354403504152 3 0 
68 24 2.0 6 3 0 0 17 15 2 0.0714429073561 3 1 
68 24 2.0 1 2 0 0 4 12 1 0.474336480403 0 2 
68 24 2.0 9 2 0 0 14 4 3 4.38400056985e-22 2 0 
68 24 2.0 3 5 0 0 9 14 1 0.283346872787 0 3 
68 24 2.0 8 3 0 0 17 15 2 0.354731697841 3 1 
68 24 2.0 2 6 0 0 9 14 1 0.114558631561 0 3 
68 24 2.0 11 4 0 0 15 10 3 1.92309463752e-77 2 1 
68 25 0.0 10 2 0 0 9 7 3 7.83030162983e-69 1 1 
68 25 0.0 5 6 0 0 22 13 2 0.0233176219309 1 4 
68 25 0.0 13 1 0 0 8 1 3 7.0945017213e-66 1 0 
68 25 0.0 4 0 0 0 1 6 1 0.610402375844 0 1 
68 25 0.0 12 4 0 0 10 9 2 0.231759965874 3 0 
68 25 0.0 7 4 0 0 15 15 2 0.00546503539656 1 3 
68 25 0.0 14 6 0 0 6 9 3 0.00644957332059 3 0 
68 25 0.0 6 3 0 0 17 15 2 2.84368078189e-08 3 1 
68 25 0.0 1 2 0 0 4 12 1 0.312150014751 0 2 
68 25 0.0 9 2 0 0 14 4 3 6.3199402069e-71 2 0 
68 25 0.0 3 5 0 0 9 14 1 0.283253725631 0 3 
68 25 0.0 8 3 0 0 17 15 2 0.501346950571 3 1 
68 25 0.0 2 6 0 0 9 14 1 0.1705005792 0 3 
68 25 0.0 11 4 0 0 15 10 3 3.55226598259e-73 2 1 
68 25 2.0 10 2 0 0 9 7 3 4.51097411368e-68 1 1 
68 25 2.0 5 6 0 0 22 13 2 0.0669523158154 1 4 
68 25 2.0 13 1 0 0 8 1 3 1.1185274811e-13 1 0 
68 25 2.0 4 0 0 0 1 6 1 0.383936946171 0 1 
68 25 2.0 12 4 0 0 10 9 2 0.481529566774 3 0 
68 25 2.0 7 4 0 0 15 15 2 0.0441746774769 1 3 
68 25 2.0 14 6 0 0 6 9 3 0.354403266811 3 0 
68 25 2.0 6 3 0 0 17 15 2 0.0714429508252 3 1 
68 25 2.0 1 2 0 0 4 12 1 0.474336736625 0 2 
68 25 2.0 9 2 0 0 14 4 3 1.99053455164e-20 2 0 
68 25 2.0 3 5 0 0 9 14 1 0.283347481338 0 3 
68 25 2.0 8 3 0 0 17 15 2 0.354731170927 3 1 
68 25 2.0 2 6 0 0 9 14 1 0.1145575178 0 3 
68 25 2.0 11 4 0 0 15 10 3 6.4878851915e-75 2 1 
68 26 0.0 10 2 0 0 9 7 3 5.75744501942e-68 1 1 
68 26 0.0 5 6 0 0 22 13 2 0.0231036542244 1 4 
68 26 0.0 13 1 0 0 8 1 3 1.54335448062e-65 1 0 
68 26 0.0 4 0 0 0 1 6 1 0.610605399759 0 1 
68 26 0.0 12 4 0 0 10 9 2 0.231616319014 3 0 
68 26 0.0 7 4 0 0 15 15 2 0.00519970104736 1 3 
68 26 0.0 14 6 0 0 6 9 3 0.00574311549131 3 0 
68 26 0.0 6 3 0 0 17 15 2 1.00405307478e-08 3 1 
68 26 0.0 1 2 0 0 4 12 1 0.310803956516 0 2 
68 26 0.0 9 2 0 0 14 4 3 2.76538017645e-70 2 0 
68 26 0.0 3 5 0 0 9 14 1 0.283383454254 0 3 
68 26 0.0 8 3 0 0 17 15 2 0.502316151292 3 1 
68 26 0.0 2 6 0 0 9 14 1 0.17050391679 0 3 
68 26 0.0 11 4 0 0 15 10 3 6.3454743955e-73 2 1 
68 26 2.0 10 2 0 0 9 7 3 4.87793658273e-69 1 1 
68 26 2.0 5 6 0 0 22 13 2 0.0669530796397 1 4 
68 26 2.0 13 1 0 0 8 1 3 5.9416675352e-14 1 0 
68 26 2.0 4 0 0 0 1 6 1 0.383937220487 0 1 
68 26 2.0 12 4 0 0 10 9 2 0.481529373059 3 0 
68 26 2.0 7 4 0 0 15 15 2 0.044174575225 1 3 
68 26 2.0 14 6 0 0 6 9 3 0.354403281556 3 0 
68 26 2.0 6 3 0 0 17 15 2 0.071443026923 3 1 
68 26 2.0 1 2 0 0 4 12 1 0.474336966081 0 2 
68 26 2.0 9 2 0 0 14 4 3 7.42832226148e-21 2 0 
68 26 2.0 3 5 0 0 9 14 1 0.283348289323 0 3 
68 26 2.0 8 3 0 0 17 15 2 0.354730394108 3 1 
68 26 2.0 2 6 0 0 9 14 1 0.114556125447 0 3 
68 26 2.0 11 4 0 0 15 10 3 1.34209209104e-74 2 1 
68 27 0.0 10 2 0 0 9 7 3 1.42140472845e-66 1 1 
68 27 0.0 5 6 0 0 22 13 2 0.0226340072475 1 4 
68 27 0.0 13 1 0 0 8 1 3 2.15250801907e-65 1 0 
68 27 0.0 4 0 0 0 1 6 1 0.611022389128 0 1 
68 27 0.0 12 4 0 0 10 9 2 0.231317098692 3 0 
68 27 0.0 7 4 0 0 15 15 2 0.00464484304758 1 3 
68 27 0.0 14 6 0 0 6 9 3 0.00410568639217 3 0 
68 27 0.0 6 3 0 0 17 15 2 2.92727728666e-09 3 1 
68 27 0.0 1 2 0 0 4 12 1 0.307887911872 0 2 
68 27 0.0 9 2 0 0 14 4 3 8.03369682896e-70 2 0 
68 27 0.0 3 5 0 0 9 14 1 0.283478911186 0 3 
68 27 0.0 8 3 0 0 17 15 2 0.504425956914 3 1 
68 27 0.0 2 6 0 0 9 14 1 0.170479259504 0 3 
68 27 0.0 11 4 0 0 15 10 3 5.34120224207e-72 2 1 
68 27 2.0 10 2 0 0 9 7 3 2.65563460447e-70 1 1 
68 27 2.0 5 6 0 0 22 13 2 0.0669531205844 1 4 
68 27 2.0 13 1 0 0 8 1 3 3.2928487965e-14 1 0 
68 27 2.0 4 0 0 0 1 6 1 0.383937188968 0 1 
68 27 2.0 12 4 0 0 10 9 2 0.481529346985 3 0 
68 27 2.0 7 4 0 0 15 15 2 0.0441745521205 1 3 
68 27 2.0 14 6 0 0 6 9 3 0.354403389023 3 0 
68 27 2.0 6 3 0 0 17 15 2 0.0714430204377 3 1 
68 27 2.0 1 2 0 0 4 12 1 0.474336891104 0 2 
68 27 2.0 9 2 0 0 14 4 3 1.29470266739e-20 2 0 
68 27 2.0 3 5 0 0 9 14 1 0.283348155245 0 3 
68 27 2.0 8 3 0 0 17 15 2 0.354730497437 3 1 
68 27 2.0 2 6 0 0 9 14 1 0.114556385354 0 3 
68 27 2.0 11 4 0 0 15 10 3 1.17879351323e-76 2 1 
68 28 0.0 10 2 0 0 9 7 3 3.98599384294e-69 1 1 
68 28 0.0 5 6 0 0 22 13 2 0.0233043158153 1 4 
68 28 0.0 13 1 0 0 8 1 3 2.44084366825e-66 1 0 
68 28 0.0 4 0 0 0 1 6 1 0.610412684756 0 1 
68 28 0.0 12 4 0 0 10 9 2 0.231752351217 3 0 
68 28 0.0 7 4 0 0 15 15 2 0.00545085471862 1 3 
68 28 0.0 14 6 0 0 6 9 3 0.0063986829084 3 0 
68 28 0.0 6 3 0 0 17 15 2 4.76854128492e-08 3 1 
68 28 0.0 1 2 0 0 4 12 1 0.312068596189 0 2 
68 28 0.0 9 2 0 0 14 4 3 3.07514514719e-71 2 0 
68 28 0.0 3 5 0 0 9 14 1 0.283244333762 0 3 
68 28 0.0 8 3 0 0 17 15 2 0.501403978481 3 1 
68 28 0.0 2 6 0 0 9 14 1 0.170499553362 0 3 
68 28 0.0 11 4 0 0 15 10 3 8.1533196527e-73 2 1 
68 28 2.0 10 2 0 0 9 7 3 7.91116972801e-70 1 1 
68 28 2.0 5 6 0 0 22 13 2 0.0669522973101 1 4 
68 28 2.0 13 1 0 0 8 1 3 3.12121196178e-15 1 0 
68 28 2.0 4 0 0 0 1 6 1 0.383936794787 0 1 
68 28 2.0 12 4 0 0 10 9 2 0.481529522368 3 0 
68 28 2.0 7 4 0 0 15 15 2 0.0441746247293 1 3 
68 28 2.0 14 6 0 0 6 9 3 0.354403600456 3 0 
68 28 2.0 6 3 0 0 17 15 2 0.0714429158586 3 1 
68 28 2.0 1 2 0 0 4 12 1 0.474336457828 0 2 
68 28 2.0 9 2 0 0 14 4 3 1.11884286342e-21 2 0 
68 28 2.0 3 5 0 0 9 14 1 0.283346906389 0 3 
68 28 2.0 8 3 0 0 17 15 2 0.354731643199 3 1 
68 28 2.0 2 6 0 0 9 14 1 0.114558598761 0 3 
68 28 2.0 11 4 0 0 15 10 3 2.03620281051e-76 2 1 
68 29 0.0 10 2 0 0 9 7 3 3.05858237858e-69 1 1 
68 29 0.0 5 6 0 0 22 13 2 0.0232378464997 1 4 
68 29 0.0 13 1 0 0 8 1 3 1.03922132443e-65 1 0 
68 29 0.0 4 0 0 0 1 6 1 0.610476599554 0 1 
68 29 0.0 12 4 0 0 10 9 2 0.231707277872 3 0 
68 29 0.0 7 4 0 0 15 15 2 0.00536766194795 1 3 
68 29 0.0 14 6 0 0 6 9 3 0.00618173580714 3 0 
68 29 0.0 6 3 0 0 17 15 2 4.08043292525e-08 3 1 
68 29 0.0 1 2 0 0 4 12 1 0.311649089432 0 2 
68 29 0.0 9 2 0 0 14 4 3 2.15848365236e-70 2 0 
68 29 0.0 3 5 0 0 9 14 1 0.283290345576 0 3 
68 29 0.0 8 3 0 0 17 15 2 0.501705680059 3 1 
68 29 0.0 2 6 0 0 9 14 1 0.170501513394 0 3 
68 29 0.0 11 4 0 0 15 10 3 1.03591994897e-73 2 1 
68 29 2.0 10 2 0 0 9 7 3 8.0679066265e-70 1 1 
68 29 2.0 5 6 0 0 22 13 2 0.0669532273126 1 4 
68 29 2.0 13 1 0 0 8 1 3 1.58758544052e-14 1 0 
68 29 2.0 4 0 0 0 1 6 1 0.383937210467 0 1 
68 29 2.0 12 4 0 0 10 9 2 0.481529314209 3 0 
68 29 2.0 7 4 0 0 15 15 2 0.0441745314109 1 3 
68 29 2.0 14 6 0 0 6 9 3 0.354403429925 3 0 
68 29 2.0 6 3 0 0 17 15 2 0.0714430272181 3 1 
68 29 2.0 1 2 0 0 4 12 1 0.474336891391 0 2 
68 29 2.0 9 2 0 0 14 4 3 9.7470166907e-21 2 0 
68 29 2.0 3 5 0 0 9 14 1 0.28334820356 0 3 
68 29 2.0 8 3 0 0 17 15 2 0.354730441617 3 1 
68 29 2.0 2 6 0 0 9 14 1 0.114556312576 0 3 
68 29 2.0 11 4 0 0 15 10 3 3.01234615885e-76 2 1 
68 30 0.0 10 2 0 0 9 7 3 2.76518397186e-68 1 1 
68 30 0.0 5 6 0 0 22 13 2 0.0233479384796 1 4 
68 30 0.0 13 1 0 0 8 1 3 2.40585506899e-65 1 0 
68 30 0.0 4 0 0 0 1 6 1 0.610371623588 0 1 
68 30 0.0 12 4 0 0 10 9 2 0.231781416786 3 0 
68 30 0.0 7 4 0 0 15 15 2 0.00550453720099 1 3 
68 30 0.0 14 6 0 0 6 9 3 0.00654371994997 3 0 
68 30 0.0 6 3 0 0 17 15 2 4.03066446709e-08 3 1 
68 30 0.0 1 2 0 0 4 12 1 0.312343216024 0 2 
68 30 0.0 9 2 0 0 14 4 3 1.24693555904e-70 2 0 
68 30 0.0 3 5 0 0 9 14 1 0.283221075924 0 3 
68 30 0.0 8 3 0 0 17 15 2 0.501207456367 3 1 
68 30 0.0 2 6 0 0 9 14 1 0.170498552156 0 3 
68 30 0.0 11 4 0 0 15 10 3 3.14288621747e-73 2 1 
68 30 2.0 10 2 0 0 9 7 3 3.80660890659e-69 1 1 
68 30 2.0 5 6 0 0 22 13 2 0.0669524219948 1 4 
68 30 2.0 13 1 0 0 8 1 3 9.75684736817e-14 1 0 
68 30 2.0 4 0 0 0 1 6 1 0.383936940267 0 1 
68 30 2.0 12 4 0 0 10 9 2 0.481529524896 3 0 
68 30 2.0 7 4 0 0 15 15 2 0.044174646465 1 3 
68 30 2.0 14 6 0 0 6 9 3 0.354403370469 3 0 
68 30 2.0 6 3 0 0 17 15 2 0.0714429513301 3 1 
68 30 2.0 1 2 0 0 4 12 1 0.4743366854 0 2 
68 30 2.0 9 2 0 0 14 4 3 6.93366551851e-21 2 0 
68 30 2.0 3 5 0 0 9 14 1 0.283347424689 0 3 
68 30 2.0 8 3 0 0 17 15 2 0.354731200967 3 1 
68 30 2.0 2 6 0 0 9 14 1 0.114557642915 0 3 
68 30 2.0 11 4 0 0 15 10 3 2.31683951478e-76 2 1 
68 31 0.0 10 2 0 0 9 7 3 4.88628563518e-68 1 1 
68 31 0.0 5 6 0 0 22 13 2 0.0235728016196 1 4 
68 31 0.0 13 1 0 0 8 1 3 1.93553725131e-65 1 0 
68 31 0.0 4 0 0 0 1 6 1 0.610159534024 0 1 
68 31 0.0 12 4 0 0 10 9 2 0.23193136505 3 0 
68 31 0.0 7 4 0 0 15 15 2 0.00578121237255 1 3 
68 31 0.0 14 6 0 0 6 9 3 0.00729063371866 3 0 
68 31 0.0 6 3 0 0 17 15 2 6.44809402943e-08 3 1 
68 31 0.0 1 2 0 0 4 12 1 0.313761504466 0 2 
68 31 0.0 9 2 0 0 14 4 3 1.6942500424e-70 2 0 
68 31 0.0 3 5 0 0 9 14 1 0.283103650435 0 3 
68 31 0.0 8 3 0 0 17 15 2 0.500197510659 3 1 
68 31 0.0 2 6 0 0 9 14 1 0.170490389276 0 3 
68 31 0.0 11 4 0 0 15 10 3 1.26267510611e-73 2 1 
68 31 2.0 10 2 0 0 9 7 3 5.51832590371e-70 1 1 
68 31 2.0 5 6 0 0 22 13 2 0.0669534740242 1 4 
68 31 2.0 13 1 0 0 8 1 3 1.82680923006e-14 1 0 
68 31 2.0 4 0 0 0 1 6 1 0.383937116494 0 1 
68 31 2.0 12 4 0 0 10 9 2 0.481529189641 3 0 
68 31 2.0 7 4 0 0 15 15 2 0.044174428746 1 3 
68 31 2.0 14 6 0 0 6 9 3 0.354403855922 3 0 
68 31 2.0 6 3 0 0 17 15 2 0.0714430100403 3 1 
68 31 2.0 1 2 0 0 4 12 1 0.474336620909 0 2 
68 31 2.0 9 2 0 0 14 4 3 5.6791379795e-21 2 0 
68 31 2.0 3 5 0 0 9 14 1 0.283347764023 0 3 
68 31 2.0 8 3 0 0 17 15 2 0.354730763039 3 1 
68 31 2.0 2 6 0 0 9 14 1 0.114557184088 0 3 
68 31 2.0 11 4 0 0 15 10 3 7.94015800412e-76 2 1 
68 32 0.0 10 2 0 0 9 7 3 2.22166708368e-69 1 1 
68 32 0.0 5 6 0 0 22 13 2 0.023807803386 1 4 
68 32 0.0 13 1 0 0 8 1 3 6.69744156352e-66 1 0 
68 32 0.0 4 0 0 0 1 6 1 0.609935363895 0 1 
68 32 0.0 12 4 0 0 10 9 2 0.232089287596 3 0 
68 32 0.0 7 4 0 0 15 15 2 0.00607185932019 1 3 
68 32 0.0 14 6 0 0 6 9 3 0.00806540124539 3 0 
68 32 0.0 6 3 0 0 17 15 2 3.64435831914e-07 3 1 
68 32 0.0 1 2 0 0 4 12 1 0.315249918161 0 2 
68 32 0.0 9 2 0 0 14 4 3 7.16949830911e-71 2 0 
68 32 0.0 3 5 0 0 9 14 1 0.282973920268 0 3 
68 32 0.0 8 3 0 0 17 15 2 0.499145018999 3 1 
68 32 0.0 2 6 0 0 9 14 1 0.170475734275 0 3 
68 32 0.0 11 4 0 0 15 10 3 1.44792443056e-74 2 1 
68 32 2.0 10 2 0 0 9 7 3 8.12041775515e-69 1 1 
68 32 2.0 5 6 0 0 22 13 2 0.0669530504118 1 4 
68 32 2.0 13 1 0 0 8 1 3 4.33637927852e-14 1 0 
68 32 2.0 4 0 0 0 1 6 1 0.383937229024 0 1 
68 32 2.0 12 4 0 0 10 9 2 0.48152938693 3 0 
68 32 2.0 7 4 0 0 15 15 2 0.0441745863937 1 3 
68 32 2.0 14 6 0 0 6 9 3 0.354403237057 3 0 
68 32 2.0 6 3 0 0 17 15 2 0.0714430283603 3 1 
68 32 2.0 1 2 0 0 4 12 1 0.474336993247 0 2 
68 32 2.0 9 2 0 0 14 4 3 5.92296906265e-21 2 0 
68 32 2.0 3 5 0 0 9 14 1 0.283348331459 0 3 
68 32 2.0 8 3 0 0 17 15 2 0.35473036413 3 1 
68 32 2.0 2 6 0 0 9 14 1 0.114556040963 0 3 
68 32 2.0 11 4 0 0 15 10 3 3.03221172552e-75 2 1 
68 33 0.0 10 2 0 0 9 7 3 5.14394348743e-68 1 1 
68 33 0.0 5 6 0 0 22 13 2 0.0231742678015 1 4 
68 33 0.0 13 1 0 0 8 1 3 6.54246134286e-65 1 0 
68 33 0.0 4 0 0 0 1 6 1 0.610537406315 0 1 
68 33 0.0 12 4 0 0 10 9 2 0.23166432323 3 0 
68 33 0.0 7 4 0 0 15 15 2 0.00528835236381 1 3 
68 33 0.0 14 6 0 0 6 9 3 0.00597323594676 3 0 
68 33 0.0 6 3 0 0 17 15 2 2.16086544561e-08 3 1 
68 33 0.0 1 2 0 0 4 12 1 0.31124863301 0 2 
68 33 0.0 9 2 0 0 14 4 3 1.37820168559e-69 2 0 
68 33 0.0 3 5 0 0 9 14 1 0.283332464105 0 3 
68 33 0.0 8 3 0 0 17 15 2 0.50199434594 3 1 
68 33 0.0 2 6 0 0 9 14 1 0.170502760982 0 3 
68 33 0.0 11 4 0 0 15 10 3 1.35532603043e-72 2 1 
68 33 2.0 10 2 0 0 9 7 3 7.17299070884e-70 1 1 
68 33 2.0 5 6 0 0 22 13 2 0.0669530575717 1 4 
68 33 2.0 13 1 0 0 8 1 3 4.5939424045e-14 1 0 
68 33 2.0 4 0 0 0 1 6 1 0.383937157009 0 1 
68 33 2.0 12 4 0 0 10 9 2 0.481529359814 3 0 
68 33 2.0 7 4 0 0 15 15 2 0.0441745569999 1 3 
68 33 2.0 14 6 0 0 6 9 3 0.354403409368 3 0 
68 33 2.0 6 3 0 0 17 15 2 0.0714430120271 3 1 
68 33 2.0 1 2 0 0 4 12 1 0.47433685453 0 2 
68 33 2.0 9 2 0 0 14 4 3 8.47974975966e-21 2 0 
68 33 2.0 3 5 0 0 9 14 1 0.283348052756 0 3 
68 33 2.0 8 3 0 0 17 15 2 0.354730590769 3 1 
68 33 2.0 2 6 0 0 9 14 1 0.114556567726 0 3 
68 33 2.0 11 4 0 0 15 10 3 6.70071577879e-76 2 1 
68 34 0.0 10 2 0 0 9 7 3 7.12661636219e-68 1 1 
68 34 0.0 5 6 0 0 22 13 2 0.0231747327147 1 4 
68 34 0.0 13 1 0 0 8 1 3 1.13882572332e-65 1 0 
68 34 0.0 4 0 0 0 1 6 1 0.610537869737 0 1 
68 34 0.0 12 4 0 0 10 9 2 0.231664117267 3 0 
68 34 0.0 7 4 0 0 15 15 2 0.00528801942105 1 3 
68 34 0.0 14 6 0 0 6 9 3 0.00597748887724 3 0 
68 34 0.0 6 3 0 0 17 15 2 1.42150707599e-08 3 1 
68 34 0.0 1 2 0 0 4 12 1 0.311250680239 0 2 
68 34 0.0 9 2 0 0 14 4 3 2.99394316789e-71 2 0 
68 34 0.0 3 5 0 0 9 14 1 0.283338901339 0 3 
68 34 0.0 8 3 0 0 17 15 2 0.50199344002 3 1 
68 34 0.0 2 6 0 0 9 14 1 0.170503272235 0 3 
68 34 0.0 11 4 0 0 15 10 3 2.37308168739e-73 2 1 
68 34 2.0 10 2 0 0 9 7 3 1.52601617704e-69 1 1 
68 34 2.0 5 6 0 0 22 13 2 0.0669535685866 1 4 
68 34 2.0 13 1 0 0 8 1 3 9.29728374906e-15 1 0 
68 34 2.0 4 0 0 0 1 6 1 0.383937071743 0 1 
68 34 2.0 12 4 0 0 10 9 2 0.48152913894 3 0 
68 34 2.0 7 4 0 0 15 15 2 0.0441743860631 1 3 
68 34 2.0 14 6 0 0 6 9 3 0.354404039365 3 0 
68 34 2.0 6 3 0 0 17 15 2 0.0714430014576 3 1 
68 34 2.0 1 2 0 0 4 12 1 0.47433650074 0 2 
68 34 2.0 9 2 0 0 14 4 3 8.94391430903e-22 2 0 
68 34 2.0 3 5 0 0 9 14 1 0.283347562038 0 3 
68 34 2.0 8 3 0 0 17 15 2 0.354730913575 3 1 
68 34 2.0 2 6 0 0 9 14 1 0.114557581294 0 3 
68 34 2.0 11 4 0 0 15 10 3 6.65052083779e-76 2 1 
68 35 0.0 10 2 0 0 9 7 3 1.51618113964e-68 1 1 
68 35 0.0 5 6 0 0 22 13 2 0.0239056015666 1 4 
68 35 0.0 13 1 0 0 8 1 3 8.95008275693e-66 1 0 
68 35 0.0 4 0 0 0 1 6 1 0.609892154289 0 1 
68 35 0.0 12 4 0 0 10 9 2 0.232128133515 3 0 
68 35 0.0 7 4 0 0 15 15 2 0.00614574096301 1 3 
68 35 0.0 14 6 0 0 6 9 3 0.00853728833971 3 0 
68 35 0.0 6 3 0 0 17 15 2 1.016304674e-07 3 1 
68 35 0.0 1 2 0 0 4 12 1 0.315803004922 0 2 
68 35 0.0 9 2 0 0 14 4 3 1.88840483034e-71 2 0 
68 35 0.0 3 5 0 0 9 14 1 0.283298900014 0 3 
68 35 0.0 8 3 0 0 17 15 2 0.498775271696 3 1 
68 35 0.0 2 6 0 0 9 14 1 0.170501330647 0 3 
68 35 0.0 11 4 0 0 15 10 3 1.1642749614e-73 2 1 
68 35 2.0 10 2 0 0 9 7 3 8.21973851454e-70 1 1 
68 35 2.0 5 6 0 0 22 13 2 0.0669532081854 1 4 
68 35 2.0 13 1 0 0 8 1 3 3.01797243234e-14 1 0 
68 35 2.0 4 0 0 0 1 6 1 0.383937163288 0 1 
68 35 2.0 12 4 0 0 10 9 2 0.48152930536 3 0 
68 35 2.0 7 4 0 0 15 15 2 0.0441745186001 1 3 
68 35 2.0 14 6 0 0 6 9 3 0.354403522544 3 0 
68 35 2.0 6 3 0 0 17 15 2 0.071443016098 3 1 
68 35 2.0 1 2 0 0 4 12 1 0.474336809576 0 2 
68 35 2.0 9 2 0 0 14 4 3 7.13771850808e-21 2 0 
68 35 2.0 3 5 0 0 9 14 1 0.283348028673 0 3 
68 35 2.0 8 3 0 0 17 15 2 0.35473058749 3 1 
68 35 2.0 2 6 0 0 9 14 1 0.114556639192 0 3 
68 35 2.0 11 4 0 0 15 10 3 5.75148545069e-76 2 1 
68 36 0.0 10 2 0 0 9 7 3 9.35350676325e-69 1 1 
68 36 0.0 5 6 0 0 22 13 2 0.0233481408585 1 4 
68 36 0.0 13 1 0 0 8 1 3 7.85453763304e-66 1 0 
68 36 0.0 4 0 0 0 1 6 1 0.610370207584 0 1 
68 36 0.0 12 4 0 0 10 9 2 0.231782242766 3 0 
68 36 0.0 7 4 0 0 15 15 2 0.00550597313582 1 3 
68 36 0.0 14 6 0 0 6 9 3 0.00654079180894 3 0 
68 36 0.0 6 3 0 0 17 15 2 7.57151258072e-08 3 1 
68 36 0.0 1 2 0 0 4 12 1 0.312345779298 0 2 
68 36 0.0 9 2 0 0 14 4 3 1.23264303629e-70 2 0 
68 36 0.0 3 5 0 0 9 14 1 0.283211998228 0 3 
68 36 0.0 8 3 0 0 17 15 2 0.501204905052 3 1 
68 36 0.0 2 6 0 0 9 14 1 0.170497832414 0 3 
68 36 0.0 11 4 0 0 15 10 3 1.5522468707e-73 2 1 
68 36 2.0 10 2 0 0 9 7 3 2.65489800663e-68 1 1 
68 36 2.0 5 6 0 0 22 13 2 0.0669529523947 1 4 
68 36 2.0 13 1 0 0 8 1 3 2.20712532659e-14 1 0 
68 36 2.0 4 0 0 0 1 6 1 0.383937069833 0 1 
68 36 2.0 12 4 0 0 10 9 2 0.481529369714 3 0 
68 36 2.0 7 4 0 0 15 15 2 0.044174552225 1 3 
68 36 2.0 14 6 0 0 6 9 3 0.354403521296 3 0 
68 36 2.0 6 3 0 0 17 15 2 0.0714429902345 3 1 
68 36 2.0 1 2 0 0 4 12 1 0.474336729723 0 2 
68 36 2.0 9 2 0 0 14 4 3 8.99963245863e-22 2 0 
68 36 2.0 3 5 0 0 9 14 1 0.283347751982 0 3 
68 36 2.0 8 3 0 0 17 15 2 0.354730852463 3 1 
68 36 2.0 2 6 0 0 9 14 1 0.114557116874 0 3 
68 36 2.0 11 4 0 0 15 10 3 9.70152872264e-76 2 1 
68 37 0.0 10 2 0 0 9 7 3 9.62376170392e-68 1 1 
68 37 0.0 5 6 0 0 22 13 2 0.023205293665 1 4 
68 37 0.0 13 1 0 0 8 1 3 5.33474208174e-65 1 0 
68 37 0.0 4 0 0 0 1 6 1 0.610507955336 0 1 
68 37 0.0 12 4 0 0 10 9 2 0.231685161196 3 0 
68 37 0.0 7 4 0 0 15 15 2 0.00532684283768 1 3 
68 37 0.0 14 6 0 0 6 9 3 0.0060756418214 3 0 
68 37 0.0 6 3 0 0 17 15 2 2.76250330923e-08 3 1 
68 37 0.0 1 2 0 0 4 12 1 0.31144378057 0 2 
68 37 0.0 9 2 0 0 14 4 3 1.06854348693e-70 2 0 
68 37 0.0 3 5 0 0 9 14 1 0.283313476083 0 3 
68 37 0.0 8 3 0 0 17 15 2 0.501853711675 3 1 
68 37 0.0 2 6 0 0 9 14 1 0.170502330569 0 3 
68 37 0.0 11 4 0 0 15 10 3 3.2185292594e-73 2 1 
68 37 2.0 10 2 0 0 9 7 3 5.00493719966e-71 1 1 
68 37 2.0 5 6 0 0 22 13 2 0.0669516343317 1 4 
68 37 2.0 13 1 0 0 8 1 3 4.80974283259e-16 1 0 
68 37 2.0 4 0 0 0 1 6 1 0.383936831844 0 1 
68 37 2.0 12 4 0 0 10 9 2 0.481529783947 3 0 
68 37 2.0 7 4 0 0 15 15 2 0.0441748184612 1 3 
68 37 2.0 14 6 0 0 6 9 3 0.354402952875 3 0 
68 37 2.0 6 3 0 0 17 15 2 0.0714429127725 3 1 
68 37 2.0 1 2 0 0 4 12 1 0.474336777924 0 2 
68 37 2.0 9 2 0 0 14 4 3 4.82128545188e-23 2 0 
68 37 2.0 3 5 0 0 9 14 1 0.283347260723 0 3 
68 37 2.0 8 3 0 0 17 15 2 0.354731455224 3 1 
68 37 2.0 2 6 0 0 9 14 1 0.114557816263 0 3 
68 37 2.0 11 4 0 0 15 10 3 7.23168417704e-79 2 1 
68 38 0.0 10 2 0 0 9 7 3 1.13138945772e-66 1 1 
68 38 0.0 5 6 0 0 22 13 2 0.0232783962222 1 4 
68 38 0.0 13 1 0 0 8 1 3 2.67512114347e-65 1 0 
68 38 0.0 4 0 0 0 1 6 1 0.610443763068 0 1 
68 38 0.0 12 4 0 0 10 9 2 0.231731287151 3 0 
68 38 0.0 7 4 0 0 15 15 2 0.00541228033673 1 3 
68 38 0.0 14 6 0 0 6 9 3 0.00633262308611 3 0 
68 38 0.0 6 3 0 0 17 15 2 1.39554548181e-08 3 1 
68 38 0.0 1 2 0 0 4 12 1 0.311898641986 0 2 
68 38 0.0 9 2 0 0 14 4 3 7.31337224404e-71 2 0 
68 38 0.0 3 5 0 0 9 14 1 0.283308155314 0 3 
68 38 0.0 8 3 0 0 17 15 2 0.501529719897 3 1 
68 38 0.0 2 6 0 0 9 14 1 0.170503980912 0 3 
68 38 0.0 11 4 0 0 15 10 3 4.39310499045e-72 2 1 
68 38 2.0 10 2 0 0 9 7 3 4.92454675594e-71 1 1 
68 38 2.0 5 6 0 0 22 13 2 0.0669520154264 1 4 
68 38 2.0 13 1 0 0 8 1 3 1.07760106442e-15 1 0 
68 38 2.0 4 0 0 0 1 6 1 0.383936770966 0 1 
68 38 2.0 12 4 0 0 10 9 2 0.481529620158 3 0 
68 38 2.0 7 4 0 0 15 15 2 0.0441746920048 1 3 
68 38 2.0 14 6 0 0 6 9 3 0.354403416462 3 0 
68 38 2.0 6 3 0 0 17 15 2 0.0714429054964 3 1 
68 38 2.0 1 2 0 0 4 12 1 0.474336519194 0 2 
68 38 2.0 9 2 0 0 14 4 3 1.143239607e-21 2 0 
68 38 2.0 3 5 0 0 9 14 1 0.283346905163 0 3 
68 38 2.0 8 3 0 0 17 15 2 0.354731687339 3 1 
68 38 2.0 2 6 0 0 9 14 1 0.114558552461 0 3 
68 38 2.0 11 4 0 0 15 10 3 4.19037726329e-77 2 1 
68 39 0.0 10 2 0 0 9 7 3 1.25899679502e-66 1 1 
68 39 0.0 5 6 0 0 22 13 2 0.0230345077083 1 4 
68 39 0.0 13 1 0 0 8 1 3 3.82176177335e-64 1 0 
68 39 0.0 4 0 0 0 1 6 1 0.610668755926 0 1 
68 39 0.0 12 4 0 0 10 9 2 0.231571144329 3 0 
68 39 0.0 7 4 0 0 15 15 2 0.00511609893427 1 3 
68 39 0.0 14 6 0 0 6 9 3 0.0055080335639 3 0 
68 39 0.0 6 3 0 0 17 15 2 5.33225165234e-09 3 1 
68 39 0.0 1 2 0 0 4 12 1 0.310372002464 0 2 
68 39 0.0 9 2 0 0 14 4 3 2.56547582891e-69 2 0 
68 39 0.0 3 5 0 0 9 14 1 0.283410046652 0 3 
68 39 0.0 8 3 0 0 17 15 2 0.50262760781 3 1 
68 39 0.0 2 6 0 0 9 14 1 0.170502729 0 3 
68 39 0.0 11 4 0 0 15 10 3 1.18020341665e-71 2 1 
68 39 2.0 10 2 0 0 9 7 3 1.25592831697e-68 1 1 
68 39 2.0 5 6 0 0 22 13 2 0.066952864021 1 4 
68 39 2.0 13 1 0 0 8 1 3 4.38563353973e-14 1 0 
68 39 2.0 4 0 0 0 1 6 1 0.383937168625 0 1 
68 39 2.0 12 4 0 0 10 9 2 0.481529436407 3 0 
68 39 2.0 7 4 0 0 15 15 2 0.0441746138374 1 3 
68 39 2.0 14 6 0 0 6 9 3 0.354403218335 3 0 
68 39 2.0 6 3 0 0 17 15 2 0.071443011283 3 1 
68 39 2.0 1 2 0 0 4 12 1 0.474336949637 0 2 
68 39 2.0 9 2 0 0 14 4 3 7.05449760307e-21 2 0 
68 39 2.0 3 5 0 0 9 14 1 0.283348159421 0 3 
68 39 2.0 8 3 0 0 17 15 2 0.354730533178 3 1 
68 39 2.0 2 6 0 0 9 14 1 0.114556333402 0 3 
68 39 2.0 11 4 0 0 15 10 3 2.58045211354e-75 2 1 
68 40 0.0 10 2 0 0 9 7 3 9.84650299096e-67 1 1 
68 40 0.0 5 6 0 0 22 13 2 0.0230078149425 1 4 
68 40 0.0 13 1 0 0 8 1 3 5.77348781823e-65 1 0 
68 40 0.0 4 0 0 0 1 6 1 0.610693654584 0 1 
68 40 0.0 12 4 0 0 10 9 2 0.231553444824 3 0 
68 40 0.0 7 4 0 0 15 15 2 0.00508335407487 1 3 
68 40 0.0 14 6 0 0 6 9 3 0.00541863248448 3 0 
68 40 0.0 6 3 0 0 17 15 2 5.9753886795e-09 3 1 
68 40 0.0 1 2 0 0 4 12 1 0.310204962307 0 2 
68 40 0.0 9 2 0 0 14 4 3 4.04751144015e-70 2 0 
68 40 0.0 3 5 0 0 9 14 1 0.283423820316 0 3 
68 40 0.0 8 3 0 0 17 15 2 0.502748585436 3 1 
68 40 0.0 2 6 0 0 9 14 1 0.170502389796 0 3 
68 40 0.0 11 4 0 0 15 10 3 6.48629249966e-72 2 1 
68 40 2.0 10 2 0 0 9 7 3 6.61552807399e-69 1 1 
68 40 2.0 5 6 0 0 22 13 2 0.0669524359357 1 4 
68 40 2.0 13 1 0 0 8 1 3 5.38748957187e-14 1 0 
68 40 2.0 4 0 0 0 1 6 1 0.383937065691 0 1 
68 40 2.0 12 4 0 0 10 9 2 0.48152956223 3 0 
68 40 2.0 7 4 0 0 15 15 2 0.044174690529 1 3 
68 40 2.0 14 6 0 0 6 9 3 0.35440309287 3 0 
68 40 2.0 6 3 0 0 17 15 2 0.0714429802607 3 1 
68 40 2.0 1 2 0 0 4 12 1 0.474336916909 0 2 
68 40 2.0 9 2 0 0 14 4 3 2.01932817617e-20 2 0 
68 40 2.0 3 5 0 0 9 14 1 0.283347901497 0 3 
68 40 2.0 8 3 0 0 17 15 2 0.354730809343 3 1 
68 40 2.0 2 6 0 0 9 14 1 0.114556746117 0 3 
68 40 2.0 11 4 0 0 15 10 3 2.75455115772e-76 2 1 
