6 1 0.0 5 25 57 0 116 79 2 1.32445729283e-58 1 14 
6 1 0.0 4 19 12 0 40 102 1 0.410829817936 0 8 
6 1 0.0 7 35 47 0 104 80 2 0.0322759308232 4 10 
6 1 0.0 6 16 16 0 98 65 2 0.286154749964 5 4 
6 1 0.0 9 18 19 0 70 60 2 1.45896647445e-20 4 4 
6 1 0.0 8 18 27 0 73 52 2 3.22699545572e-17 4 5 
6 1 0.0 11 28 50 0 114 107 2 0.286153589023 5 10 
6 1 0.0 10 23 18 0 87 74 2 0.105436505936 4 5 
6 1 0.0 13 44 67 0 94 89 2 9.47341205129e-19 11 6 
6 1 0.0 12 25 51 0 97 91 2 1.58623727922e-07 5 9 
6 1 0.0 15 38 27 0 50 64 3 2.55622866425e-42 6 4 
6 1 0.0 14 34 41 0 84 56 2 3.65141441171e-19 8 4 
6 1 0.0 17 40 63 0 82 92 2 2.22712236475e-27 10 6 
6 1 0.0 16 17 20 0 99 25 2 0.0546473674982 7 1 
6 1 0.0 19 28 37 0 98 68 2 8.89773376415e-38 10 2 
6 1 0.0 18 20 26 0 108 54 2 1.72840372045e-07 8 2 
6 1 0.0 20 24 30 0 106 82 2 6.4342642496e-07 10 2 
6 1 0.0 21 29 34 0 96 74 2 7.7314050433e-14 10 2 
6 1 0.0 22 57 26 0 42 48 3 2.66735050411e-61 10 0 
6 1 0.0 23 38 35 0 74 51 2 1.32597022467e-52 11 0 
6 1 0.0 1 15 71 0 147 92 1 0.214998849816 0 17 
6 1 0.0 3 35 13 0 38 82 1 0.260981243691 0 8 
6 1 0.0 2 37 20 0 60 84 1 0.260981243691 0 10 
6 1 2.0 5 25 57 0 116 79 2 2.70159709977e-95 1 14 
6 1 2.0 4 19 12 0 40 102 1 0.349456729859 0 8 
6 1 2.0 7 35 47 0 104 80 2 0.0321988954027 4 10 
6 1 2.0 6 16 16 0 98 65 2 0.327619858436 5 4 
6 1 2.0 9 18 19 0 70 60 2 1.04156797962e-21 4 4 
6 1 2.0 8 18 27 0 73 52 2 2.02335173896e-12 4 5 
6 1 2.0 11 28 50 0 114 107 2 0.188795781581 5 10 
6 1 2.0 10 23 18 0 87 74 2 0.178191625448 4 5 
6 1 2.0 13 44 67 0 94 89 2 2.39783626729e-16 11 6 
6 1 2.0 12 25 51 0 97 91 2 1.11484002671e-05 5 9 
6 1 2.0 15 38 27 0 50 64 3 4.35461475431e-22 6 4 
6 1 2.0 14 34 41 0 84 56 2 6.40940527103e-09 8 4 
6 1 2.0 17 40 63 0 82 92 2 1.00318602022e-26 10 6 
6 1 2.0 16 17 20 0 99 25 2 0.180777363728 7 1 
6 1 2.0 19 28 37 0 98 68 2 7.68816292054e-26 10 2 
6 1 2.0 18 20 26 0 108 54 2 0.0321330800263 8 2 
6 1 2.0 20 24 30 0 106 82 2 0.136861141415 10 2 
6 1 2.0 21 29 34 0 96 74 2 4.59299378737e-05 10 2 
6 1 2.0 22 57 26 0 42 48 3 1.17879168572e-31 10 0 
6 1 2.0 23 38 35 0 74 51 2 1.01204820633e-41 11 0 
6 1 2.0 1 15 71 0 147 92 1 0.0953024341849 0 17 
6 1 2.0 3 35 13 0 38 82 1 0.239915078201 0 8 
6 1 2.0 2 37 20 0 60 84 1 0.239915078196 0 10 
6 2 0.0 5 25 57 0 116 79 2 4.84477971135e-57 1 14 
6 2 0.0 4 19 12 0 40 102 1 0.410846095657 0 8 
6 2 0.0 7 35 47 0 104 80 2 0.0323036747455 4 10 
6 2 0.0 6 16 16 0 98 65 2 0.286137204651 5 4 
6 2 0.0 9 18 19 0 70 60 2 1.66506592783e-20 4 4 
6 2 0.0 8 18 27 0 73 52 2 2.00135198219e-17 4 5 
6 2 0.0 11 28 50 0 114 107 2 0.286135813479 5 10 
6 2 0.0 10 23 18 0 87 74 2 0.105424991883 4 5 
6 2 0.0 13 44 67 0 94 89 2 1.22440794959e-18 11 6 
6 2 0.0 12 25 51 0 97 91 2 1.52731999012e-07 5 9 
6 2 0.0 15 38 27 0 50 64 3 1.51325942939e-42 6 4 
6 2 0.0 14 34 41 0 84 56 2 3.94529151067e-19 8 4 
6 2 0.0 17 40 63 0 82 92 2 9.86130262374e-28 10 6 
6 2 0.0 16 17 20 0 99 25 2 0.0546658837091 7 1 
6 2 0.0 19 28 37 0 98 68 2 1.86217969367e-37 10 2 
6 2 0.0 18 20 26 0 108 54 2 1.74803215657e-07 8 2 
6 2 0.0 20 24 30 0 106 82 2 7.70915618106e-07 10 2 
6 2 0.0 21 29 34 0 96 74 2 2.0159388801e-13 10 2 
6 2 0.0 22 57 26 0 42 48 3 4.06592189512e-62 10 0 
6 2 0.0 23 38 35 0 74 51 2 4.14342006715e-53 11 0 
6 2 0.0 1 15 71 0 147 92 1 0.214985812874 0 17 
6 2 0.0 3 35 13 0 38 82 1 0.260986539483 0 8 
6 2 0.0 2 37 20 0 60 84 1 0.260986539483 0 10 
6 2 2.0 5 25 57 0 116 79 2 2.4839980347e-96 1 14 
6 2 2.0 4 19 12 0 40 102 1 0.349460380371 0 8 
6 2 2.0 7 35 47 0 104 80 2 0.0321628445323 4 10 
6 2 2.0 6 16 16 0 98 65 2 0.327609029465 5 4 
6 2 2.0 9 18 19 0 70 60 2 1.14439582851e-21 4 4 
6 2 2.0 8 18 27 0 73 52 2 1.09658234344e-13 4 5 
6 2 2.0 11 28 50 0 114 107 2 0.188695133224 5 10 
6 2 2.0 10 23 18 0 87 74 2 0.178272688683 4 5 
6 2 2.0 13 44 67 0 94 89 2 9.16718885166e-17 11 6 
6 2 2.0 12 25 51 0 97 91 2 2.20397364762e-06 5 9 
6 2 2.0 15 38 27 0 50 64 3 2.17093544847e-23 6 4 
6 2 2.0 14 34 41 0 84 56 2 3.40641805726e-09 8 4 
6 2 2.0 17 40 63 0 82 92 2 4.95840200231e-28 10 6 
6 2 2.0 16 17 20 0 99 25 2 0.180519372373 7 1 
6 2 2.0 19 28 37 0 98 68 2 1.04557693783e-25 10 2 
6 2 2.0 18 20 26 0 108 54 2 0.032435992817 8 2 
6 2 2.0 20 24 30 0 106 82 2 0.136944536022 10 2 
6 2 2.0 21 29 34 0 96 74 2 4.33794003537e-05 10 2 
6 2 2.0 22 57 26 0 42 48 3 3.30368594527e-31 10 0 
6 2 2.0 23 38 35 0 74 51 2 3.59103928452e-41 11 0 
6 2 2.0 1 15 71 0 147 92 1 0.09528730339 0 17 
6 2 2.0 3 35 13 0 38 82 1 0.239954802442 0 8 
6 2 2.0 2 37 20 0 60 84 1 0.239954802441 0 10 
6 3 0.0 5 25 57 0 116 79 2 3.1153084869e-58 1 14 
6 3 0.0 4 19 12 0 40 102 1 0.410820178078 0 8 
6 3 0.0 7 35 47 0 104 80 2 0.0322617277662 4 10 
6 3 0.0 6 16 16 0 98 65 2 0.286165594809 5 4 
6 3 0.0 9 18 19 0 70 60 2 2.8065729838e-20 4 4 
6 3 0.0 8 18 27 0 73 52 2 8.04616530685e-18 4 5 
6 3 0.0 11 28 50 0 114 107 2 0.28616271216 5 10 
6 3 0.0 10 23 18 0 87 74 2 0.105441013489 4 5 
6 3 0.0 13 44 67 0 94 89 2 1.40230015368e-18 11 6 
6 3 0.0 12 25 51 0 97 91 2 8.77390603781e-08 5 9 
6 3 0.0 15 38 27 0 50 64 3 2.89612573051e-43 6 4 
6 3 0.0 14 34 41 0 84 56 2 4.82665925591e-19 8 4 
6 3 0.0 17 40 63 0 82 92 2 2.07244790329e-27 10 6 
6 3 0.0 16 17 20 0 99 25 2 0.0546363769279 7 1 
6 3 0.0 19 28 37 0 98 68 2 1.55062273271e-38 10 2 
6 3 0.0 18 20 26 0 108 54 2 2.44116479024e-07 8 2 
6 3 0.0 20 24 30 0 106 82 2 1.59772617359e-06 10 2 
6 3 0.0 21 29 34 0 96 74 2 6.05676098284e-14 10 2 
6 3 0.0 22 57 26 0 42 48 3 2.72101094863e-61 10 0 
6 3 0.0 23 38 35 0 74 51 2 5.87458486428e-53 11 0 
6 3 0.0 1 15 71 0 147 92 1 0.215006725279 0 17 
6 3 0.0 3 35 13 0 38 82 1 0.26097806794 0 8 
6 3 0.0 2 37 20 0 60 84 1 0.26097806794 0 10 
6 3 2.0 5 25 57 0 116 79 2 1.64808725946e-98 1 14 
6 3 2.0 4 19 12 0 40 102 1 0.349470931843 0 8 
6 3 2.0 7 35 47 0 104 80 2 0.0322120824907 4 10 
6 3 2.0 6 16 16 0 98 65 2 0.327589258831 5 4 
6 3 2.0 9 18 19 0 70 60 2 3.70742761548e-21 4 4 
6 3 2.0 8 18 27 0 73 52 2 2.0576558473e-12 4 5 
6 3 2.0 11 28 50 0 114 107 2 0.188749409322 5 10 
6 3 2.0 10 23 18 0 87 74 2 0.1782215701 4 5 
6 3 2.0 13 44 67 0 94 89 2 8.68106032507e-16 11 6 
6 3 2.0 12 25 51 0 97 91 2 2.21536405972e-06 5 9 
6 3 2.0 15 38 27 0 50 64 3 9.13126157081e-24 6 4 
6 3 2.0 14 34 41 0 84 56 2 2.56680546538e-09 8 4 
6 3 2.0 17 40 63 0 82 92 2 1.31576826838e-27 10 6 
6 3 2.0 16 17 20 0 99 25 2 0.180657977858 7 1 
6 3 2.0 19 28 37 0 98 68 2 6.22334752034e-26 10 2 
6 3 2.0 18 20 26 0 108 54 2 0.0322950374749 8 2 
6 3 2.0 20 24 30 0 106 82 2 0.13688076144 10 2 
6 3 2.0 21 29 34 0 96 74 2 3.7189205311e-05 10 2 
6 3 2.0 22 57 26 0 42 48 3 1.09023982498e-31 10 0 
6 3 2.0 23 38 35 0 74 51 2 4.29840564339e-42 11 0 
6 3 2.0 1 15 71 0 147 92 1 0.0952766402873 0 17 
6 3 2.0 3 35 13 0 38 82 1 0.239937664648 0 8 
6 3 2.0 2 37 20 0 60 84 1 0.239937664643 0 10 
6 4 0.0 5 25 57 0 116 79 2 1.91998004587e-54 1 14 
6 4 0.0 4 19 12 0 40 102 1 0.410836199427 0 8 
6 4 0.0 7 35 47 0 104 80 2 0.0322881154745 4 10 
6 4 0.0 6 16 16 0 98 65 2 0.286148278923 5 4 
6 4 0.0 9 18 19 0 70 60 2 4.76250852968e-20 4 4 
6 4 0.0 8 18 27 0 73 52 2 5.26176045256e-17 4 5 
6 4 0.0 11 28 50 0 114 107 2 0.286145547993 5 10 
6 4 0.0 10 23 18 0 87 74 2 0.10543059948 4 5 
6 4 0.0 13 44 67 0 94 89 2 2.33606225803e-19 11 6 
6 4 0.0 12 25 51 0 97 91 2 1.12740989697e-07 5 9 
6 4 0.0 15 38 27 0 50 64 3 9.7229541112e-43 6 4 
6 4 0.0 14 34 41 0 84 56 2 8.07858705e-18 8 4 
6 4 0.0 17 40 63 0 82 92 2 5.75914540237e-27 10 6 
6 4 0.0 16 17 20 0 99 25 2 0.0546544628318 7 1 
6 4 0.0 19 28 37 0 98 68 2 3.01837333289e-37 10 2 
6 4 0.0 18 20 26 0 108 54 2 3.26685776093e-07 8 2 
6 4 0.0 20 24 30 0 106 82 2 1.51343615798e-06 10 2 
6 4 0.0 21 29 34 0 96 74 2 8.50527629346e-14 10 2 
6 4 0.0 22 57 26 0 42 48 3 2.36968131575e-61 10 0 
6 4 0.0 23 38 35 0 74 51 2 3.64135853555e-52 11 0 
6 4 0.0 1 15 71 0 147 92 1 0.21499385048 0 17 
6 4 0.0 3 35 13 0 38 82 1 0.260983313927 0 8 
6 4 0.0 2 37 20 0 60 84 1 0.260983313927 0 10 
6 4 2.0 5 25 57 0 116 79 2 2.00315403734e-99 1 14 
6 4 2.0 4 19 12 0 40 102 1 0.349482317013 0 8 
6 4 2.0 7 35 47 0 104 80 2 0.0322100918163 4 10 
6 4 2.0 6 16 16 0 98 65 2 0.327564498233 5 4 
6 4 2.0 9 18 19 0 70 60 2 2.40843496181e-21 4 4 
6 4 2.0 8 18 27 0 73 52 2 9.62029722272e-13 4 5 
6 4 2.0 11 28 50 0 114 107 2 0.188700055884 5 10 
6 4 2.0 10 23 18 0 87 74 2 0.178253556081 4 5 
6 4 2.0 13 44 67 0 94 89 2 7.7092836152e-16 11 6 
6 4 2.0 12 25 51 0 97 91 2 1.47977391833e-06 5 9 
6 4 2.0 15 38 27 0 50 64 3 9.46268281617e-23 6 4 
6 4 2.0 14 34 41 0 84 56 2 5.24431673343e-09 8 4 
6 4 2.0 17 40 63 0 82 92 2 6.93963956508e-28 10 6 
6 4 2.0 16 17 20 0 99 25 2 0.18052168819 7 1 
6 4 2.0 19 28 37 0 98 68 2 3.4263959121e-26 10 2 
6 4 2.0 18 20 26 0 108 54 2 0.0324678200218 8 2 
6 4 2.0 20 24 30 0 106 82 2 0.136910376354 10 2 
6 4 2.0 21 29 34 0 96 74 2 3.19609597964e-05 10 2 
6 4 2.0 22 57 26 0 42 48 3 1.48753913985e-31 10 0 
6 4 2.0 23 38 35 0 74 51 2 5.94381048988e-42 11 0 
6 4 2.0 1 15 71 0 147 92 1 0.0952540486252 0 17 
6 4 2.0 3 35 13 0 38 82 1 0.239961680608 0 8 
6 4 2.0 2 37 20 0 60 84 1 0.239961680606 0 10 
6 5 0.0 5 25 57 0 116 79 2 3.46507281529e-57 1 14 
6 5 0.0 4 19 12 0 40 102 1 0.41083471548 0 8 
6 5 0.0 7 35 47 0 104 80 2 0.0322851212505 4 10 
6 5 0.0 6 16 16 0 98 65 2 0.286149661824 5 4 
6 5 0.0 9 18 19 0 70 60 2 5.81486150805e-20 4 4 
6 5 0.0 8 18 27 0 73 52 2 8.90270895203e-17 4 5 
6 5 0.0 11 28 50 0 114 107 2 0.286147765913 5 10 
6 5 0.0 10 23 18 0 87 74 2 0.105432218174 4 5 
6 5 0.0 13 44 67 0 94 89 2 9.72743037716e-20 11 6 
6 5 0.0 12 25 51 0 97 91 2 5.56330632741e-08 5 9 
6 5 0.0 15 38 27 0 50 64 3 5.95428549572e-43 6 4 
6 5 0.0 14 34 41 0 84 56 2 7.16968115577e-19 8 4 
6 5 0.0 17 40 63 0 82 92 2 8.4127949634e-28 10 6 
6 5 0.0 16 17 20 0 99 25 2 0.0546526820664 7 1 
6 5 0.0 19 28 37 0 98 68 2 6.7550208472e-38 10 2 
6 5 0.0 18 20 26 0 108 54 2 3.90762831096e-07 8 2 
6 5 0.0 20 24 30 0 106 82 2 1.05070846857e-06 10 2 
6 5 0.0 21 29 34 0 96 74 2 1.20510825687e-13 10 2 
6 5 0.0 22 57 26 0 42 48 3 2.2725488493e-61 10 0 
6 5 0.0 23 38 35 0 74 51 2 1.30943515616e-52 11 0 
6 5 0.0 1 15 71 0 147 92 1 0.2149949966 0 17 
6 5 0.0 3 35 13 0 38 82 1 0.260982784651 0 8 
6 5 0.0 2 37 20 0 60 84 1 0.260982784651 0 10 
6 5 2.0 5 25 57 0 116 79 2 2.49305358953e-100 1 14 
6 5 2.0 4 19 12 0 40 102 1 0.349459308924 0 8 
6 5 2.0 7 35 47 0 104 80 2 0.0322091332042 4 10 
6 5 2.0 6 16 16 0 98 65 2 0.327601912112 5 4 
6 5 2.0 9 18 19 0 70 60 2 4.72640472669e-21 4 4 
6 5 2.0 8 18 27 0 73 52 2 5.81902766452e-13 4 5 
6 5 2.0 11 28 50 0 114 107 2 0.188767812614 5 10 
6 5 2.0 10 23 18 0 87 74 2 0.17821395668 4 5 
6 5 2.0 13 44 67 0 94 89 2 5.88034787663e-16 11 6 
6 5 2.0 12 25 51 0 97 91 2 4.85496983209e-06 5 9 
6 5 2.0 15 38 27 0 50 64 3 5.24435633062e-24 6 4 
6 5 2.0 14 34 41 0 84 56 2 1.18464557941e-09 8 4 
6 5 2.0 17 40 63 0 82 92 2 1.20432268774e-27 10 6 
6 5 2.0 16 17 20 0 99 25 2 0.180691719272 7 1 
6 5 2.0 19 28 37 0 98 68 2 4.3796756407e-26 10 2 
6 5 2.0 18 20 26 0 108 54 2 0.0322499514076 8 2 
6 5 2.0 20 24 30 0 106 82 2 0.136871558851 10 2 
6 5 2.0 21 29 34 0 96 74 2 2.63743759628e-05 10 2 
6 5 2.0 22 57 26 0 42 48 3 2.5793594148e-32 10 0 
6 5 2.0 23 38 35 0 74 51 2 1.15024067531e-42 11 0 
6 5 2.0 1 15 71 0 147 92 1 0.0952841498443 0 17 
6 5 2.0 3 35 13 0 38 82 1 0.239930218508 0 8 
6 5 2.0 2 37 20 0 60 84 1 0.239930218507 0 10 
6 6 0.0 5 25 57 0 116 79 2 6.8726035961e-56 1 14 
6 6 0.0 4 19 12 0 40 102 1 0.41083898375 0 8 
6 6 0.0 7 35 47 0 104 80 2 0.032291994887 4 10 
6 6 0.0 6 16 16 0 98 65 2 0.286145082649 5 4 
6 6 0.0 9 18 19 0 70 60 2 1.26573587224e-19 4 4 
6 6 0.0 8 18 27 0 73 52 2 6.66125840797e-17 4 5 
6 6 0.0 11 28 50 0 114 107 2 0.286143145084 5 10 
6 6 0.0 10 23 18 0 87 74 2 0.105429486367 4 5 
6 6 0.0 13 44 67 0 94 89 2 5.45802180812e-19 11 6 
6 6 0.0 12 25 51 0 97 91 2 1.7688124957e-07 5 9 
6 6 0.0 15 38 27 0 50 64 3 4.63154048194e-43 6 4 
6 6 0.0 14 34 41 0 84 56 2 1.03579813334e-18 8 4 
6 6 0.0 17 40 63 0 82 92 2 4.34342371686e-27 10 6 
6 6 0.0 16 17 20 0 99 25 2 0.0546574409577 7 1 
6 6 0.0 19 28 37 0 98 68 2 1.51547418111e-37 10 2 
6 6 0.0 18 20 26 0 108 54 2 4.76597206204e-07 8 2 
6 6 0.0 20 24 30 0 106 82 2 1.07375524898e-06 10 2 
6 6 0.0 21 29 34 0 96 74 2 4.30681844805e-14 10 2 
6 6 0.0 22 57 26 0 42 48 3 1.67879582119e-61 10 0 
6 6 0.0 23 38 35 0 74 51 2 1.05208259542e-52 11 0 
6 6 0.0 1 15 71 0 147 92 1 0.214991559564 0 17 
6 6 0.0 3 35 13 0 38 82 1 0.260984216795 0 8 
6 6 0.0 2 37 20 0 60 84 1 0.260984216795 0 10 
6 6 2.0 5 25 57 0 116 79 2 1.1126455786e-100 1 14 
6 6 2.0 4 19 12 0 40 102 1 0.349482104088 0 8 
6 6 2.0 7 35 47 0 104 80 2 0.0321827635209 4 10 
6 6 2.0 6 16 16 0 98 65 2 0.327579379984 5 4 
6 6 2.0 9 18 19 0 70 60 2 1.06087092988e-21 4 4 
6 6 2.0 8 18 27 0 73 52 2 2.28230230532e-12 4 5 
6 6 2.0 11 28 50 0 114 107 2 0.188689544451 5 10 
6 6 2.0 10 23 18 0 87 74 2 0.178261017047 4 5 
6 6 2.0 13 44 67 0 94 89 2 2.22514697295e-16 11 6 
6 6 2.0 12 25 51 0 97 91 2 6.24104364368e-06 5 9 
6 6 2.0 15 38 27 0 50 64 3 1.73463546513e-23 6 4 
6 6 2.0 14 34 41 0 84 56 2 1.71093656691e-09 8 4 
6 6 2.0 17 40 63 0 82 92 2 3.1269591664e-28 10 6 
6 6 2.0 16 17 20 0 99 25 2 0.180511040247 7 1 
6 6 2.0 19 28 37 0 98 68 2 8.05815293599e-27 10 2 
6 6 2.0 18 20 26 0 108 54 2 0.0324615788319 8 2 
6 6 2.0 20 24 30 0 106 82 2 0.136933662245 10 2 
6 6 2.0 21 29 34 0 96 74 2 5.49200167755e-05 10 2 
6 6 2.0 22 57 26 0 42 48 3 3.11123168806e-31 10 0 
6 6 2.0 23 38 35 0 74 51 2 6.39106912064e-42 11 0 
6 6 2.0 1 15 71 0 147 92 1 0.0952680200407 0 17 
6 6 2.0 3 35 13 0 38 82 1 0.23996135525 0 8 
6 6 2.0 2 37 20 0 60 84 1 0.239961355244 0 10 
6 7 0.0 5 25 57 0 116 79 2 2.61607406522e-57 1 14 
6 7 0.0 4 19 12 0 40 102 1 0.410827782676 0 8 
6 7 0.0 7 35 47 0 104 80 2 0.0322724745143 4 10 
6 7 0.0 6 16 16 0 98 65 2 0.286157176329 5 4 
6 7 0.0 9 18 19 0 70 60 2 1.64323687599e-19 4 4 
6 7 0.0 8 18 27 0 73 52 2 3.27835111642e-17 4 5 
6 7 0.0 11 28 50 0 114 107 2 0.286155317989 5 10 
6 7 0.0 10 23 18 0 87 74 2 0.105437726696 4 5 
6 7 0.0 13 44 67 0 94 89 2 3.16004287387e-20 11 6 
6 7 0.0 12 25 51 0 97 91 2 3.22629139569e-07 5 9 
6 7 0.0 15 38 27 0 50 64 3 8.73715835605e-44 6 4 
6 7 0.0 14 34 41 0 84 56 2 6.76169552393e-19 8 4 
6 7 0.0 17 40 63 0 82 92 2 1.74213855569e-27 10 6 
6 7 0.0 16 17 20 0 99 25 2 0.054644924672 7 1 
6 7 0.0 19 28 37 0 98 68 2 9.27164449373e-38 10 2 
6 7 0.0 18 20 26 0 108 54 2 2.93948155219e-07 8 2 
6 7 0.0 20 24 30 0 106 82 2 1.02995516099e-06 10 2 
6 7 0.0 21 29 34 0 96 74 2 8.95001631447e-14 10 2 
6 7 0.0 22 57 26 0 42 48 3 1.47342301888e-61 10 0 
6 7 0.0 23 38 35 0 74 51 2 8.60799759117e-53 11 0 
6 7 0.0 1 15 71 0 147 92 1 0.215000503483 0 17 
6 7 0.0 3 35 13 0 38 82 1 0.260980658153 0 8 
6 7 0.0 2 37 20 0 60 84 1 0.260980658153 0 10 
6 7 2.0 5 25 57 0 116 79 2 9.08428538914e-101 1 14 
6 7 2.0 4 19 12 0 40 102 1 0.349485023535 0 8 
6 7 2.0 7 35 47 0 104 80 2 0.0322120998186 4 10 
6 7 2.0 6 16 16 0 98 65 2 0.327563719972 5 4 
6 7 2.0 9 18 19 0 70 60 2 6.90583886914e-22 4 4 
6 7 2.0 8 18 27 0 73 52 2 3.11016564563e-13 4 5 
6 7 2.0 11 28 50 0 114 107 2 0.188702145003 5 10 
6 7 2.0 10 23 18 0 87 74 2 0.178250317062 4 5 
6 7 2.0 13 44 67 0 94 89 2 1.39915340029e-16 11 6 
6 7 2.0 12 25 51 0 97 91 2 5.5401020942e-07 5 9 
6 7 2.0 15 38 27 0 50 64 3 5.46961807289e-23 6 4 
6 7 2.0 14 34 41 0 84 56 2 4.70585239153e-09 8 4 
6 7 2.0 17 40 63 0 82 92 2 2.06456357704e-27 10 6 
6 7 2.0 16 17 20 0 99 25 2 0.18053418065 7 1 
6 7 2.0 19 28 37 0 98 68 2 1.82252479919e-26 10 2 
6 7 2.0 18 20 26 0 108 54 2 0.0324532272246 8 2 
6 7 2.0 20 24 30 0 106 82 2 0.136908094362 10 2 
6 7 2.0 21 29 34 0 96 74 2 3.72113472952e-05 10 2 
6 7 2.0 22 57 26 0 42 48 3 2.0338774568e-31 10 0 
6 7 2.0 23 38 35 0 74 51 2 2.72981645642e-42 11 0 
6 7 2.0 1 15 71 0 147 92 1 0.0952550334784 0 17 
6 7 2.0 3 35 13 0 38 82 1 0.23996014851 0 8 
6 7 2.0 2 37 20 0 60 84 1 0.239960148509 0 10 
6 8 0.0 5 25 57 0 116 79 2 1.57183475702e-58 1 14 
6 8 0.0 4 19 12 0 40 102 1 0.41084125229 0 8 
6 8 0.0 7 35 47 0 104 80 2 0.0322951529931 4 10 
6 8 0.0 6 16 16 0 98 65 2 0.286142570592 5 4 
6 8 0.0 9 18 19 0 70 60 2 4.44856620106e-20 4 4 
6 8 0.0 8 18 27 0 73 52 2 2.76154185002e-17 4 5 
6 8 0.0 11 28 50 0 114 107 2 0.286140873437 5 10 
6 8 0.0 10 23 18 0 87 74 2 0.105428539707 4 5 
6 8 0.0 13 44 67 0 94 89 2 6.98072908541e-19 11 6 
6 8 0.0 12 25 51 0 97 91 2 2.76922683468e-07 5 9 
6 8 0.0 15 38 27 0 50 64 3 5.77287203024e-44 6 4 
6 8 0.0 14 34 41 0 84 56 2 1.09892968964e-18 8 4 
6 8 0.0 17 40 63 0 82 92 2 3.16684691591e-28 10 6 
6 8 0.0 16 17 20 0 99 25 2 0.0546602137764 7 1 
6 8 0.0 19 28 37 0 98 68 2 4.47026365082e-38 10 2 
6 8 0.0 18 20 26 0 108 54 2 3.08117937119e-07 8 2 
6 8 0.0 20 24 30 0 106 82 2 9.40513919388e-07 10 2 
6 8 0.0 21 29 34 0 96 74 2 2.9328167146e-13 10 2 
6 8 0.0 22 57 26 0 42 48 3 7.79777856918e-62 10 0 
6 8 0.0 23 38 35 0 74 51 2 4.57663134438e-53 11 0 
6 8 0.0 1 15 71 0 147 92 1 0.214989695851 0 17 
6 8 0.0 3 35 13 0 38 82 1 0.260985023146 0 8 
6 8 0.0 2 37 20 0 60 84 1 0.260985023146 0 10 
6 8 2.0 5 25 57 0 116 79 2 5.24589404573e-99 1 14 
6 8 2.0 4 19 12 0 40 102 1 0.349479386818 0 8 
6 8 2.0 7 35 47 0 104 80 2 0.0321804061196 4 10 
6 8 2.0 6 16 16 0 98 65 2 0.327574598348 5 4 
6 8 2.0 9 18 19 0 70 60 2 3.93731714387e-21 4 4 
6 8 2.0 8 18 27 0 73 52 2 1.58978494129e-12 4 5 
6 8 2.0 11 28 50 0 114 107 2 0.188674328983 5 10 
6 8 2.0 10 23 18 0 87 74 2 0.178274925517 4 5 
6 8 2.0 13 44 67 0 94 89 2 4.05084842499e-16 11 6 
6 8 2.0 12 25 51 0 97 91 2 6.62151999812e-06 5 9 
6 8 2.0 15 38 27 0 50 64 3 1.59721239938e-22 6 4 
6 8 2.0 14 34 41 0 84 56 2 2.28115254002e-08 8 4 
6 8 2.0 17 40 63 0 82 92 2 1.89927148848e-27 10 6 
6 8 2.0 16 17 20 0 99 25 2 0.180456055371 7 1 
6 8 2.0 19 28 37 0 98 68 2 4.53997692226e-26 10 2 
6 8 2.0 18 20 26 0 108 54 2 0.0325301594241 8 2 
6 8 2.0 20 24 30 0 106 82 2 0.136943702047 10 2 
6 8 2.0 21 29 34 0 96 74 2 4.2146365603e-05 10 2 
6 8 2.0 22 57 26 0 42 48 3 4.06861162654e-31 10 0 
6 8 2.0 23 38 35 0 74 51 2 1.15857071272e-41 11 0 
6 8 2.0 1 15 71 0 147 92 1 0.0952603718487 0 17 
6 8 2.0 3 35 13 0 38 82 1 0.239969811087 0 8 
6 8 2.0 2 37 20 0 60 84 1 0.239969811083 0 10 
6 9 0.0 5 25 57 0 116 79 2 1.74254223754e-60 1 14 
6 9 0.0 4 19 12 0 40 102 1 0.410849881405 0 8 
6 9 0.0 7 35 47 0 104 80 2 0.0323101430763 4 10 
6 9 0.0 6 16 16 0 98 65 2 0.28613318625 5 4 
6 9 0.0 9 18 19 0 70 60 2 2.61926184021e-20 4 4 
6 9 0.0 8 18 27 0 73 52 2 2.59288927511e-17 4 5 
6 9 0.0 11 28 50 0 114 107 2 0.28613163706 5 10 
6 9 0.0 10 23 18 0 87 74 2 0.105422361745 4 5 
6 9 0.0 13 44 67 0 94 89 2 1.68589707105e-18 11 6 
6 9 0.0 12 25 51 0 97 91 2 5.841335205e-08 5 9 
6 9 0.0 15 38 27 0 50 64 3 8.89556200963e-43 6 4 
6 9 0.0 14 34 41 0 84 56 2 6.51238302589e-19 8 4 
6 9 0.0 17 40 63 0 82 92 2 2.2550870092e-27 10 6 
6 9 0.0 16 17 20 0 99 25 2 0.0546699574892 7 1 
6 9 0.0 19 28 37 0 98 68 2 5.87841207636e-38 10 2 
6 9 0.0 18 20 26 0 108 54 2 3.5046798295e-07 8 2 
6 9 0.0 20 24 30 0 106 82 2 8.58451367717e-07 10 2 
6 9 0.0 21 29 34 0 96 74 2 8.10439624833e-14 10 2 
6 9 0.0 22 57 26 0 42 48 3 2.60638765364e-62 10 0 
6 9 0.0 23 38 35 0 74 51 2 5.0914254757e-53 11 0 
6 9 0.0 1 15 71 0 147 92 1 0.21498279619 0 17 
6 9 0.0 3 35 13 0 38 82 1 0.260987746631 0 8 
6 9 0.0 2 37 20 0 60 84 1 0.260987746631 0 10 
6 9 2.0 5 25 57 0 116 79 2 2.60409117849e-97 1 14 
6 9 2.0 4 19 12 0 40 102 1 0.349471915225 0 8 
6 9 2.0 7 35 47 0 104 80 2 0.0321935829002 4 10 
6 9 2.0 6 16 16 0 98 65 2 0.327582204902 5 4 
6 9 2.0 9 18 19 0 70 60 2 2.36915936046e-21 4 4 
6 9 2.0 8 18 27 0 73 52 2 4.70895986356e-12 4 5 
6 9 2.0 11 28 50 0 114 107 2 0.188711340952 5 10 
6 9 2.0 10 23 18 0 87 74 2 0.178249959786 4 5 
6 9 2.0 13 44 67 0 94 89 2 8.37431860675e-16 11 6 
6 9 2.0 12 25 51 0 97 91 2 7.64266137443e-06 5 9 
6 9 2.0 15 38 27 0 50 64 3 3.69081992673e-22 6 4 
6 9 2.0 14 34 41 0 84 56 2 3.69474646684e-09 8 4 
6 9 2.0 17 40 63 0 82 92 2 3.06949565676e-27 10 6 
6 9 2.0 16 17 20 0 99 25 2 0.180543763717 7 1 
6 9 2.0 19 28 37 0 98 68 2 4.87058698021e-26 10 2 
6 9 2.0 18 20 26 0 108 54 2 0.0324279460787 8 2 
6 9 2.0 20 24 30 0 106 82 2 0.136913551188 10 2 
6 9 2.0 21 29 34 0 96 74 2 3.28594092919e-05 10 2 
6 9 2.0 22 57 26 0 42 48 3 2.07671962856e-31 10 0 
6 9 2.0 23 38 35 0 74 51 2 9.14974620894e-42 11 0 
6 9 2.0 1 15 71 0 147 92 1 0.0952665990463 0 17 
6 9 2.0 3 35 13 0 38 82 1 0.239955417488 0 8 
6 9 2.0 2 37 20 0 60 84 1 0.239955417477 0 10 
6 10 0.0 5 25 57 0 116 79 2 1.52704721961e-57 1 14 
6 10 0.0 4 19 12 0 40 102 1 0.410836553086 0 8 
6 10 0.0 7 35 47 0 104 80 2 0.0322874110312 4 10 
6 10 0.0 6 16 16 0 98 65 2 0.286147597643 5 4 
6 10 0.0 9 18 19 0 70 60 2 6.16096049663e-20 4 4 
6 10 0.0 8 18 27 0 73 52 2 5.2150290148e-17 4 5 
6 10 0.0 11 28 50 0 114 107 2 0.286146101018 5 10 
6 10 0.0 10 23 18 0 87 74 2 0.105431601643 4 5 
6 10 0.0 13 44 67 0 94 89 2 7.21325356334e-19 11 6 
6 10 0.0 12 25 51 0 97 91 2 2.58300740867e-07 5 9 
6 10 0.0 15 38 27 0 50 64 3 7.04674642784e-43 6 4 
6 10 0.0 14 34 41 0 84 56 2 1.60727861141e-18 8 4 
6 10 0.0 17 40 63 0 82 92 2 7.38332561892e-27 10 6 
6 10 0.0 16 17 20 0 99 25 2 0.0546546540686 7 1 
6 10 0.0 19 28 37 0 98 68 2 1.97277889272e-37 10 2 
6 10 0.0 18 20 26 0 108 54 2 4.99377501368e-07 8 2 
6 10 0.0 20 24 30 0 106 82 2 8.29419914757e-07 10 2 
6 10 0.0 21 29 34 0 96 74 2 4.34422040552e-14 10 2 
6 10 0.0 22 57 26 0 42 48 3 2.35394826455e-61 10 0 
6 10 0.0 23 38 35 0 74 51 2 5.51302079064e-53 11 0 
6 10 0.0 1 15 71 0 147 92 1 0.214993471365 0 17 
6 10 0.0 3 35 13 0 38 82 1 0.260983439387 0 8 
6 10 0.0 2 37 20 0 60 84 1 0.260983439387 0 10 
6 10 2.0 5 25 57 0 116 79 2 2.1400808795e-97 1 14 
6 10 2.0 4 19 12 0 40 102 1 0.349487261806 0 8 
6 10 2.0 7 35 47 0 104 80 2 0.0321835646644 4 10 
6 10 2.0 6 16 16 0 98 65 2 0.32756623445 5 4 
6 10 2.0 9 18 19 0 70 60 2 7.71101782693e-22 4 4 
6 10 2.0 8 18 27 0 73 52 2 2.491614089e-12 4 5 
6 10 2.0 11 28 50 0 114 107 2 0.188658544236 5 10 
6 10 2.0 10 23 18 0 87 74 2 0.178283578077 4 5 
6 10 2.0 13 44 67 0 94 89 2 3.2868050136e-16 11 6 
6 10 2.0 12 25 51 0 97 91 2 1.62627520118e-06 5 9 
6 10 2.0 15 38 27 0 50 64 3 2.72729805735e-23 6 4 
6 10 2.0 14 34 41 0 84 56 2 6.06439645477e-09 8 4 
6 10 2.0 17 40 63 0 82 92 2 2.43433454013e-28 10 6 
6 10 2.0 16 17 20 0 99 25 2 0.18042879845 7 1 
6 10 2.0 19 28 37 0 98 68 2 1.05412747399e-25 10 2 
6 10 2.0 18 20 26 0 108 54 2 0.0325668947984 8 2 
6 10 2.0 20 24 30 0 106 82 2 0.136951797853 10 2 
6 10 2.0 21 29 34 0 96 74 2 4.90991817931e-05 10 2 
6 10 2.0 22 57 26 0 42 48 3 4.85046633564e-31 10 0 
6 10 2.0 23 38 35 0 74 51 2 1.42347729993e-41 11 0 
6 10 2.0 1 15 71 0 147 92 1 0.0952555776899 0 17 
6 10 2.0 3 35 13 0 38 82 1 0.239975474847 0 8 
6 10 2.0 2 37 20 0 60 84 1 0.239975474841 0 10 
6 11 0.0 5 25 57 0 116 79 2 4.06342544655e-59 1 14 
6 11 0.0 4 19 12 0 40 102 1 0.410831110614 0 8 
6 11 0.0 7 35 47 0 104 80 2 0.0322788076685 4 10 
6 11 0.0 6 16 16 0 98 65 2 0.286153565775 5 4 
6 11 0.0 9 18 19 0 70 60 2 4.43673038191e-20 4 4 
6 11 0.0 8 18 27 0 73 52 2 6.7999408115e-18 4 5 
6 11 0.0 11 28 50 0 114 107 2 0.286151580933 5 10 
6 11 0.0 10 23 18 0 87 74 2 0.105434967453 4 5 
6 11 0.0 13 44 67 0 94 89 2 9.26217144765e-19 11 6 
6 11 0.0 12 25 51 0 97 91 2 5.11923896237e-08 5 9 
6 11 0.0 15 38 27 0 50 64 3 3.84263951148e-43 6 4 
6 11 0.0 14 34 41 0 84 56 2 2.46424658284e-19 8 4 
6 11 0.0 17 40 63 0 82 92 2 3.20106297331e-27 10 6 
6 11 0.0 16 17 20 0 99 25 2 0.0546489631069 7 1 
6 11 0.0 19 28 37 0 98 68 2 7.98575067757e-38 10 2 
6 11 0.0 18 20 26 0 108 54 2 5.89203398337e-08 8 2 
6 11 0.0 20 24 30 0 106 82 2 1.10002941175e-06 10 2 
6 11 0.0 21 29 34 0 96 74 2 5.17916806151e-14 10 2 
6 11 0.0 22 57 26 0 42 48 3 1.9511208306e-61 10 0 
6 11 0.0 23 38 35 0 74 51 2 6.26730048972e-53 11 0 
6 11 0.0 1 15 71 0 147 92 1 0.214997871695 0 17 
6 11 0.0 3 35 13 0 38 82 1 0.260981669094 0 8 
6 11 0.0 2 37 20 0 60 84 1 0.260981669094 0 10 
6 11 2.0 5 25 57 0 116 79 2 3.84927605546e-99 1 14 
6 11 2.0 4 19 12 0 40 102 1 0.349478161594 0 8 
6 11 2.0 7 35 47 0 104 80 2 0.0322023657477 4 10 
6 11 2.0 6 16 16 0 98 65 2 0.327576049571 5 4 
6 11 2.0 9 18 19 0 70 60 2 1.90383389502e-21 4 4 
6 11 2.0 8 18 27 0 73 52 2 4.58126419178e-13 4 5 
6 11 2.0 11 28 50 0 114 107 2 0.18871347499 5 10 
6 11 2.0 10 23 18 0 87 74 2 0.178244763598 4 5 
6 11 2.0 13 44 67 0 94 89 2 6.95474298848e-17 11 6 
6 11 2.0 12 25 51 0 97 91 2 4.86137666416e-06 5 9 
6 11 2.0 15 38 27 0 50 64 3 3.8860562583e-23 6 4 
6 11 2.0 14 34 41 0 84 56 2 5.60915694804e-09 8 4 
6 11 2.0 17 40 63 0 82 92 2 1.23703734876e-27 10 6 
6 11 2.0 16 17 20 0 99 25 2 0.180559566953 7 1 
6 11 2.0 19 28 37 0 98 68 2 4.14216340201e-26 10 2 
6 11 2.0 18 20 26 0 108 54 2 0.0324139458174 8 2 
6 11 2.0 20 24 30 0 106 82 2 0.136907151793 10 2 
6 11 2.0 21 29 34 0 96 74 2 3.85886046005e-05 10 2 
6 11 2.0 22 57 26 0 42 48 3 1.23169821116e-31 10 0 
6 11 2.0 23 38 35 0 74 51 2 3.11508758464e-42 11 0 
6 11 2.0 1 15 71 0 147 92 1 0.0952642367475 0 17 
6 11 2.0 3 35 13 0 38 82 1 0.239954340094 0 8 
6 11 2.0 2 37 20 0 60 84 1 0.239954340092 0 10 
6 12 0.0 5 25 57 0 116 79 2 3.04210310873e-59 1 14 
6 12 0.0 4 19 12 0 40 102 1 0.410825094501 0 8 
6 12 0.0 7 35 47 0 104 80 2 0.0322683485207 4 10 
6 12 0.0 6 16 16 0 98 65 2 0.286160009293 5 4 
6 12 0.0 9 18 19 0 70 60 2 4.69660079784e-20 4 4 
6 12 0.0 8 18 27 0 73 52 2 5.51663120622e-18 4 5 
6 12 0.0 11 28 50 0 114 107 2 0.286158266834 5 10 
6 12 0.0 10 23 18 0 87 74 2 0.105439356761 4 5 
6 12 0.0 13 44 67 0 94 89 2 1.98408502703e-19 11 6 
6 12 0.0 12 25 51 0 97 91 2 1.41639384097e-07 5 9 
6 12 0.0 15 38 27 0 50 64 3 9.23633559128e-43 6 4 
6 12 0.0 14 34 41 0 84 56 2 2.91984966606e-19 8 4 
6 12 0.0 17 40 63 0 82 92 2 8.32753297085e-27 10 6 
6 12 0.0 16 17 20 0 99 25 2 0.0546420902237 7 1 
6 12 0.0 19 28 37 0 98 68 2 1.08911538643e-37 10 2 
6 12 0.0 18 20 26 0 108 54 2 9.67291817471e-08 8 2 
6 12 0.0 20 24 30 0 106 82 2 9.65750642683e-07 10 2 
6 12 0.0 21 29 34 0 96 74 2 3.83806686206e-14 10 2 
6 12 0.0 22 57 26 0 42 48 3 9.54739869368e-62 10 0 
6 12 0.0 23 38 35 0 74 51 2 3.41683706653e-53 11 0 
6 12 0.0 1 15 71 0 147 92 1 0.215002672062 0 17 
6 12 0.0 3 35 13 0 38 82 1 0.260979729392 0 8 
6 12 0.0 2 37 20 0 60 84 1 0.260979729392 0 10 
6 12 2.0 5 25 57 0 116 79 2 2.16255969352e-98 1 14 
6 12 2.0 4 19 12 0 40 102 1 0.349483763866 0 8 
6 12 2.0 7 35 47 0 104 80 2 0.0321854058184 4 10 
6 12 2.0 6 16 16 0 98 65 2 0.327558491912 5 4 
6 12 2.0 9 18 19 0 70 60 2 2.49955735113e-21 4 4 
6 12 2.0 8 18 27 0 73 52 2 5.63727837886e-13 4 5 
6 12 2.0 11 28 50 0 114 107 2 0.188647996888 5 10 
6 12 2.0 10 23 18 0 87 74 2 0.1782935846 4 5 
6 12 2.0 13 44 67 0 94 89 2 2.14313879834e-16 11 6 
6 12 2.0 12 25 51 0 97 91 2 4.14509232087e-06 5 9 
6 12 2.0 15 38 27 0 50 64 3 9.82521058597e-23 6 4 
6 12 2.0 14 34 41 0 84 56 2 5.41380904933e-09 8 4 
6 12 2.0 17 40 63 0 82 92 2 5.55781802257e-28 10 6 
6 12 2.0 16 17 20 0 99 25 2 0.180376624573 7 1 
6 12 2.0 19 28 37 0 98 68 2 3.85007634342e-26 10 2 
6 12 2.0 18 20 26 0 108 54 2 0.0326351510241 8 2 
6 12 2.0 20 24 30 0 106 82 2 0.136955902808 10 2 
6 12 2.0 21 29 34 0 96 74 2 3.02578191563e-05 10 2 
6 12 2.0 22 57 26 0 42 48 3 4.42092878597e-31 10 0 
6 12 2.0 23 38 35 0 74 51 2 1.67046672528e-41 11 0 
6 12 2.0 1 15 71 0 147 92 1 0.0952445176818 0 17 
6 12 2.0 3 35 13 0 38 82 1 0.239983808948 0 8 
6 12 2.0 2 37 20 0 60 84 1 0.239983808947 0 10 
6 13 0.0 5 25 57 0 116 79 2 1.88861439934e-58 1 14 
6 13 0.0 4 19 12 0 40 102 1 0.410832849588 0 8 
6 13 0.0 7 35 47 0 104 80 2 0.0322811974514 4 10 
6 13 0.0 6 16 16 0 98 65 2 0.286151605821 5 4 
6 13 0.0 9 18 19 0 70 60 2 4.56453913455e-20 4 4 
6 13 0.0 8 18 27 0 73 52 2 3.95082934506e-18 4 5 
6 13 0.0 11 28 50 0 114 107 2 0.286150127923 5 10 
6 13 0.0 10 23 18 0 87 74 2 0.105434262414 4 5 
6 13 0.0 13 44 67 0 94 89 2 5.39762132774e-19 11 6 
6 13 0.0 12 25 51 0 97 91 2 1.06578488364e-07 5 9 
6 13 0.0 15 38 27 0 50 64 3 1.42965436973e-42 6 4 
6 13 0.0 14 34 41 0 84 56 2 7.99634300831e-19 8 4 
6 13 0.0 17 40 63 0 82 92 2 5.04893344345e-27 10 6 
6 13 0.0 16 17 20 0 99 25 2 0.0546504349928 7 1 
6 13 0.0 19 28 37 0 98 68 2 7.01868690421e-38 10 2 
6 13 0.0 18 20 26 0 108 54 2 4.78031400719e-07 8 2 
6 13 0.0 20 24 30 0 106 82 2 8.19068340371e-07 10 2 
6 13 0.0 21 29 34 0 96 74 2 4.3904283441e-14 10 2 
6 13 0.0 22 57 26 0 42 48 3 1.67600853281e-61 10 0 
6 13 0.0 23 38 35 0 74 51 2 7.21038724338e-53 11 0 
6 13 0.0 1 15 71 0 147 92 1 0.214996450046 0 17 
6 13 0.0 3 35 13 0 38 82 1 0.260982205109 0 8 
6 13 0.0 2 37 20 0 60 84 1 0.260982205109 0 10 
6 13 2.0 5 25 57 0 116 79 2 1.26268752116e-100 1 14 
6 13 2.0 4 19 12 0 40 102 1 0.349478898641 0 8 
6 13 2.0 7 35 47 0 104 80 2 0.0321906741945 4 10 
6 13 2.0 6 16 16 0 98 65 2 0.327573672367 5 4 
6 13 2.0 9 18 19 0 70 60 2 7.58894717955e-22 4 4 
6 13 2.0 8 18 27 0 73 52 2 3.01053658958e-13 4 5 
6 13 2.0 11 28 50 0 114 107 2 0.188691786842 5 10 
6 13 2.0 10 23 18 0 87 74 2 0.178261033205 4 5 
6 13 2.0 13 44 67 0 94 89 2 4.42877328741e-16 11 6 
6 13 2.0 12 25 51 0 97 91 2 7.18468135954e-06 5 9 
6 13 2.0 15 38 27 0 50 64 3 1.14047794443e-22 6 4 
6 13 2.0 14 34 41 0 84 56 2 4.34882120401e-09 8 4 
6 13 2.0 17 40 63 0 82 92 2 1.73773547127e-27 10 6 
6 13 2.0 16 17 20 0 99 25 2 0.180498339121 7 1 
6 13 2.0 19 28 37 0 98 68 2 2.50470220614e-26 10 2 
6 13 2.0 18 20 26 0 108 54 2 0.0324837845087 8 2 
6 13 2.0 20 24 30 0 106 82 2 0.136926793181 10 2 
6 13 2.0 21 29 34 0 96 74 2 3.87342461982e-05 10 2 
6 13 2.0 22 57 26 0 42 48 3 1.84029201647e-31 10 0 
6 13 2.0 23 38 35 0 74 51 2 4.66586356956e-42 11 0 
6 13 2.0 1 15 71 0 147 92 1 0.0952603695267 0 17 
6 13 2.0 3 35 13 0 38 82 1 0.23996368498 0 8 
6 13 2.0 2 37 20 0 60 84 1 0.239963684979 0 10 
6 14 0.0 5 25 57 0 116 79 2 1.9535636497e-61 1 14 
6 14 0.0 4 19 12 0 40 102 1 0.41083484045 0 8 
6 14 0.0 7 35 47 0 104 80 2 0.0322854527148 4 10 
6 14 0.0 6 16 16 0 98 65 2 0.286149355367 5 4 
6 14 0.0 9 18 19 0 70 60 2 2.24946677586e-20 4 4 
6 14 0.0 8 18 27 0 73 52 2 2.69722324568e-19 4 5 
6 14 0.0 11 28 50 0 114 107 2 0.286147861086 5 10 
6 14 0.0 10 23 18 0 87 74 2 0.105432040677 4 5 
6 14 0.0 13 44 67 0 94 89 2 4.08349765727e-19 11 6 
6 14 0.0 12 25 51 0 97 91 2 7.39819215886e-08 5 9 
6 14 0.0 15 38 27 0 50 64 3 1.64995429949e-42 6 4 
6 14 0.0 14 34 41 0 84 56 2 1.86076581855e-19 8 4 
6 14 0.0 17 40 63 0 82 92 2 7.86972627882e-28 10 6 
6 14 0.0 16 17 20 0 99 25 2 0.0546531527931 7 1 
6 14 0.0 19 28 37 0 98 68 2 4.15420863165e-38 10 2 
6 14 0.0 18 20 26 0 108 54 2 1.36814911161e-07 8 2 
6 14 0.0 20 24 30 0 106 82 2 8.2812860262e-07 10 2 
6 14 0.0 21 29 34 0 96 74 2 7.41960210917e-14 10 2 
6 14 0.0 22 57 26 0 42 48 3 3.81916598976e-61 10 0 
6 14 0.0 23 38 35 0 74 51 2 3.00997172993e-53 11 0 
6 14 0.0 1 15 71 0 147 92 1 0.214994874728 0 17 
6 14 0.0 3 35 13 0 38 82 1 0.26098281059 0 8 
6 14 0.0 2 37 20 0 60 84 1 0.26098281059 0 10 
6 14 2.0 5 25 57 0 116 79 2 2.5022557786e-95 1 14 
6 14 2.0 4 19 12 0 40 102 1 0.349497385771 0 8 
6 14 2.0 7 35 47 0 104 80 2 0.0321835564552 4 10 
6 14 2.0 6 16 16 0 98 65 2 0.327541774332 5 4 
6 14 2.0 9 18 19 0 70 60 2 4.22450764908e-22 4 4 
6 14 2.0 8 18 27 0 73 52 2 1.6696160342e-12 4 5 
6 14 2.0 11 28 50 0 114 107 2 0.188614299508 5 10 
6 14 2.0 10 23 18 0 87 74 2 0.178311878326 4 5 
6 14 2.0 13 44 67 0 94 89 2 2.15959287897e-16 11 6 
6 14 2.0 12 25 51 0 97 91 2 2.05853203867e-06 5 9 
6 14 2.0 15 38 27 0 50 64 3 9.51888107813e-24 6 4 
6 14 2.0 14 34 41 0 84 56 2 4.09957591052e-09 8 4 
6 14 2.0 17 40 63 0 82 92 2 2.73727890645e-28 10 6 
6 14 2.0 16 17 20 0 99 25 2 0.180300517541 7 1 
6 14 2.0 19 28 37 0 98 68 2 4.21606012336e-26 10 2 
6 14 2.0 18 20 26 0 108 54 2 0.0327306491331 8 2 
6 14 2.0 20 24 30 0 106 82 2 0.136976919301 10 2 
6 14 2.0 21 29 34 0 96 74 2 4.09131312973e-05 10 2 
6 14 2.0 22 57 26 0 42 48 3 7.58989853483e-31 10 0 
6 14 2.0 23 38 35 0 74 51 2 2.59850555794e-41 11 0 
6 14 2.0 1 15 71 0 147 92 1 0.095232646714 0 17 
6 14 2.0 3 35 13 0 38 82 1 0.239998054108 0 8 
6 14 2.0 2 37 20 0 60 84 1 0.239998054104 0 10 
6 15 0.0 5 25 57 0 116 79 2 1.00078921439e-56 1 14 
6 15 0.0 4 19 12 0 40 102 1 0.410836053347 0 8 
6 15 0.0 7 35 47 0 104 80 2 0.0322874173034 4 10 
6 15 0.0 6 16 16 0 98 65 2 0.286148355198 5 4 
6 15 0.0 9 18 19 0 70 60 2 3.97188662915e-20 4 4 
6 15 0.0 8 18 27 0 73 52 2 3.10788619107e-17 4 5 
6 15 0.0 11 28 50 0 114 107 2 0.286145982352 5 10 
6 15 0.0 10 23 18 0 87 74 2 0.105431167772 4 5 
6 15 0.0 13 44 67 0 94 89 2 2.91475431182e-19 11 6 
6 15 0.0 12 25 51 0 97 91 2 1.24562577213e-07 5 9 
6 15 0.0 15 38 27 0 50 64 3 4.04791122526e-43 6 4 
6 15 0.0 14 34 41 0 84 56 2 7.91544327728e-19 8 4 
6 15 0.0 17 40 63 0 82 92 2 4.0211614771e-27 10 6 
6 15 0.0 16 17 20 0 99 25 2 0.0546542593572 7 1 
6 15 0.0 19 28 37 0 98 68 2 1.85188763407e-37 10 2 
6 15 0.0 18 20 26 0 108 54 2 3.47018178498e-07 8 2 
6 15 0.0 20 24 30 0 106 82 2 1.31500275257e-06 10 2 
6 15 0.0 21 29 34 0 96 74 2 9.91199868698e-14 10 2 
6 15 0.0 22 57 26 0 42 48 3 5.86225677845e-62 10 0 
6 15 0.0 23 38 35 0 74 51 2 1.0087765294e-52 11 0 
6 15 0.0 1 15 71 0 147 92 1 0.214993938174 0 17 
6 15 0.0 3 35 13 0 38 82 1 0.260983272903 0 8 
6 15 0.0 2 37 20 0 60 84 1 0.260983272903 0 10 
6 15 2.0 5 25 57 0 116 79 2 1.13947634205e-101 1 14 
6 15 2.0 4 19 12 0 40 102 1 0.349442686338 0 8 
6 15 2.0 7 35 47 0 104 80 2 0.0321983778372 4 10 
6 15 2.0 6 16 16 0 98 65 2 0.32764676177 5 4 
6 15 2.0 9 18 19 0 70 60 2 1.53498107268e-21 4 4 
6 15 2.0 8 18 27 0 73 52 2 3.8432727091e-13 4 5 
6 15 2.0 11 28 50 0 114 107 2 0.188825870441 5 10 
6 15 2.0 10 23 18 0 87 74 2 0.178179692745 4 5 
6 15 2.0 13 44 67 0 94 89 2 5.01944957525e-16 11 6 
6 15 2.0 12 25 51 0 97 91 2 1.89580190549e-06 5 9 
6 15 2.0 15 38 27 0 50 64 3 1.5819732189e-22 6 4 
6 15 2.0 14 34 41 0 84 56 2 2.33723385424e-09 8 4 
6 15 2.0 17 40 63 0 82 92 2 6.37836465825e-28 10 6 
6 15 2.0 16 17 20 0 99 25 2 0.180871098899 7 1 
6 15 2.0 19 28 37 0 98 68 2 1.60667756735e-26 10 2 
6 15 2.0 18 20 26 0 108 54 2 0.0320117705832 8 2 
6 15 2.0 20 24 30 0 106 82 2 0.136846408291 10 2 
6 15 2.0 21 29 34 0 96 74 2 4.64433161788e-05 10 2 
6 15 2.0 22 57 26 0 42 48 3 1.59910610924e-31 10 0 
6 15 2.0 23 38 35 0 74 51 2 4.41381116703e-42 11 0 
6 15 2.0 1 15 71 0 147 92 1 0.0953253575845 0 17 
6 15 2.0 3 35 13 0 38 82 1 0.239896800755 0 8 
6 15 2.0 2 37 20 0 60 84 1 0.239896800754 0 10 
6 16 0.0 5 25 57 0 116 79 2 1.08369537917e-59 1 14 
6 16 0.0 4 19 12 0 40 102 1 0.410838606768 0 8 
6 16 0.0 7 35 47 0 104 80 2 0.0322911557934 4 10 
6 16 0.0 6 16 16 0 98 65 2 0.286145382919 5 4 
6 16 0.0 9 18 19 0 70 60 2 2.66571005123e-20 4 4 
6 16 0.0 8 18 27 0 73 52 2 9.35762062104e-18 4 5 
6 16 0.0 11 28 50 0 114 107 2 0.286143798949 5 10 
6 16 0.0 10 23 18 0 87 74 2 0.105429920622 4 5 
6 16 0.0 13 44 67 0 94 89 2 8.16959617286e-19 11 6 
6 16 0.0 12 25 51 0 97 91 2 2.35855172274e-07 5 9 
6 16 0.0 15 38 27 0 50 64 3 2.07701383834e-43 6 4 
6 16 0.0 14 34 41 0 84 56 2 3.0780223406e-19 8 4 
6 16 0.0 17 40 63 0 82 92 2 2.28207667711e-27 10 6 
6 16 0.0 16 17 20 0 99 25 2 0.0546570410647 7 1 
6 16 0.0 19 28 37 0 98 68 2 1.05694289629e-37 10 2 
6 16 0.0 18 20 26 0 108 54 2 4.63489930274e-07 8 2 
6 16 0.0 20 24 30 0 106 82 2 8.77807825188e-07 10 2 
6 16 0.0 21 29 34 0 96 74 2 1.48128287975e-13 10 2 
6 16 0.0 22 57 26 0 42 48 3 2.21221966334e-61 10 0 
6 16 0.0 23 38 35 0 74 51 2 2.29973135005e-53 11 0 
6 16 0.0 1 15 71 0 147 92 1 0.214991837308 0 17 
6 16 0.0 3 35 13 0 38 82 1 0.260984092606 0 8 
6 16 0.0 2 37 20 0 60 84 1 0.260984092606 0 10 
6 16 2.0 5 25 57 0 116 79 2 1.05779994151e-98 1 14 
6 16 2.0 4 19 12 0 40 102 1 0.349478157054 0 8 
6 16 2.0 7 35 47 0 104 80 2 0.0322072854466 4 10 
6 16 2.0 6 16 16 0 98 65 2 0.327565871225 5 4 
6 16 2.0 9 18 19 0 70 60 2 1.58146281439e-21 4 4 
6 16 2.0 8 18 27 0 73 52 2 3.75035456794e-13 4 5 
6 16 2.0 11 28 50 0 114 107 2 0.188697804204 5 10 
6 16 2.0 10 23 18 0 87 74 2 0.178257749997 4 5 
6 16 2.0 13 44 67 0 94 89 2 6.26275059706e-17 11 6 
6 16 2.0 12 25 51 0 97 91 2 2.94922152836e-06 5 9 
6 16 2.0 15 38 27 0 50 64 3 7.53895031652e-23 6 4 
6 16 2.0 14 34 41 0 84 56 2 2.69823441937e-09 8 4 
6 16 2.0 17 40 63 0 82 92 2 7.51354295267e-27 10 6 
6 16 2.0 16 17 20 0 99 25 2 0.180505213909 7 1 
6 16 2.0 19 28 37 0 98 68 2 6.13713051172e-26 10 2 
6 16 2.0 18 20 26 0 108 54 2 0.0324869755875 8 2 
6 16 2.0 20 24 30 0 106 82 2 0.136913147814 10 2 
6 16 2.0 21 29 34 0 96 74 2 2.41074079235e-05 10 2 
6 16 2.0 22 57 26 0 42 48 3 1.5660326352e-31 10 0 
6 16 2.0 23 38 35 0 74 51 2 4.78938230679e-42 11 0 
6 16 2.0 1 15 71 0 147 92 1 0.0952527842257 0 17 
6 16 2.0 3 35 13 0 38 82 1 0.23996361304 0 8 
6 16 2.0 2 37 20 0 60 84 1 0.239963613039 0 10 
6 17 0.0 5 25 57 0 116 79 2 9.65334261297e-58 1 14 
6 17 0.0 4 19 12 0 40 102 1 0.410805869013 0 8 
6 17 0.0 7 35 47 0 104 80 2 0.03223698079 4 10 
6 17 0.0 6 16 16 0 98 65 2 0.28618110013 5 4 
6 17 0.0 9 18 19 0 70 60 2 1.6775977802e-19 4 4 
6 17 0.0 8 18 27 0 73 52 2 5.10429481708e-17 4 5 
6 17 0.0 11 28 50 0 114 107 2 0.286178213594 5 10 
6 17 0.0 10 23 18 0 87 74 2 0.105451478515 4 5 
6 17 0.0 13 44 67 0 94 89 2 4.08344107825e-19 11 6 
6 17 0.0 12 25 51 0 97 91 2 1.09547904792e-07 5 9 
6 17 0.0 15 38 27 0 50 64 3 1.06166596151e-42 6 4 
6 17 0.0 14 34 41 0 84 56 2 5.22964317562e-19 8 4 
6 17 0.0 17 40 63 0 82 92 2 3.69887749523e-27 10 6 
6 17 0.0 16 17 20 0 99 25 2 0.0546201273079 7 1 
6 17 0.0 19 28 37 0 98 68 2 8.80104238566e-38 10 2 
6 17 0.0 18 20 26 0 108 54 2 2.13666099203e-07 8 2 
6 17 0.0 20 24 30 0 106 82 2 1.60008332163e-06 10 2 
6 17 0.0 21 29 34 0 96 74 2 5.29294245455e-14 10 2 
6 17 0.0 22 57 26 0 42 48 3 2.2883671957e-61 10 0 
6 17 0.0 23 38 35 0 74 51 2 8.59941102272e-53 11 0 
6 17 0.0 1 15 71 0 147 92 1 0.215018172653 0 17 
6 17 0.0 3 35 13 0 38 82 1 0.260973478701 0 8 
6 17 0.0 2 37 20 0 60 84 1 0.260973478701 0 10 
6 17 2.0 5 25 57 0 116 79 2 5.31952142558e-96 1 14 
6 17 2.0 4 19 12 0 40 102 1 0.349469496746 0 8 
6 17 2.0 7 35 47 0 104 80 2 0.032199744853 4 10 
6 17 2.0 6 16 16 0 98 65 2 0.327591900221 5 4 
6 17 2.0 9 18 19 0 70 60 2 1.10364634734e-21 4 4 
6 17 2.0 8 18 27 0 73 52 2 4.72082065921e-13 4 5 
6 17 2.0 11 28 50 0 114 107 2 0.188740687286 5 10 
6 17 2.0 10 23 18 0 87 74 2 0.178228181924 4 5 
6 17 2.0 13 44 67 0 94 89 2 3.63017840124e-16 11 6 
6 17 2.0 12 25 51 0 97 91 2 7.3441757715e-06 5 9 
6 17 2.0 15 38 27 0 50 64 3 2.94032554222e-24 6 4 
6 17 2.0 14 34 41 0 84 56 2 9.27734058715e-09 8 4 
6 17 2.0 17 40 63 0 82 92 2 1.45675434577e-27 10 6 
6 17 2.0 16 17 20 0 99 25 2 0.18062924082 7 1 
6 17 2.0 19 28 37 0 98 68 2 8.99418285687e-26 10 2 
6 17 2.0 18 20 26 0 108 54 2 0.0323230962309 8 2 
6 17 2.0 20 24 30 0 106 82 2 0.136892808929 10 2 
6 17 2.0 21 29 34 0 96 74 2 3.92487808406e-05 10 2 
6 17 2.0 22 57 26 0 42 48 3 5.74245126422e-32 10 0 
6 17 2.0 23 38 35 0 74 51 2 7.30647749201e-42 11 0 
6 17 2.0 1 15 71 0 147 92 1 0.0952773761291 0 17 
6 17 2.0 3 35 13 0 38 82 1 0.239941434886 0 8 
6 17 2.0 2 37 20 0 60 84 1 0.239941434885 0 10 
6 18 0.0 5 25 57 0 116 79 2 3.64310856442e-55 1 14 
6 18 0.0 4 19 12 0 40 102 1 0.410838082886 0 8 
6 18 0.0 7 35 47 0 104 80 2 0.0322898246693 4 10 
6 18 0.0 6 16 16 0 98 65 2 0.286145915544 5 4 
6 18 0.0 9 18 19 0 70 60 2 3.94036058187e-19 4 4 
6 18 0.0 8 18 27 0 73 52 2 1.05794891019e-17 4 5 
6 18 0.0 11 28 50 0 114 107 2 0.286144450431 5 10 
6 18 0.0 10 23 18 0 87 74 2 0.105430939059 4 5 
6 18 0.0 13 44 67 0 94 89 2 3.61706699423e-19 11 6 
6 18 0.0 12 25 51 0 97 91 2 6.12741841971e-08 5 9 
6 18 0.0 15 38 27 0 50 64 3 6.21500668913e-43 6 4 
6 18 0.0 14 34 41 0 84 56 2 1.08392514699e-18 8 4 
6 18 0.0 17 40 63 0 82 92 2 5.37791096756e-27 10 6 
6 18 0.0 16 17 20 0 99 25 2 0.0546568347526 7 1 
6 18 0.0 19 28 37 0 98 68 2 1.87959241332e-37 10 2 
6 18 0.0 18 20 26 0 108 54 2 8.39833363976e-08 8 2 
6 18 0.0 20 24 30 0 106 82 2 8.11947710048e-07 10 2 
6 18 0.0 21 29 34 0 96 74 2 8.21038800503e-14 10 2 
6 18 0.0 22 57 26 0 42 48 3 9.75194539534e-62 10 0 
6 18 0.0 23 38 35 0 74 51 2 8.50680624223e-53 11 0 
6 18 0.0 1 15 71 0 147 92 1 0.214992233829 0 17 
6 18 0.0 3 35 13 0 38 82 1 0.260983954289 0 8 
6 18 0.0 2 37 20 0 60 84 1 0.260983954289 0 10 
6 18 2.0 5 25 57 0 116 79 2 2.1815335e-102 1 14 
6 18 2.0 4 19 12 0 40 102 1 0.349482156979 0 8 
6 18 2.0 7 35 47 0 104 80 2 0.0321765950274 4 10 
6 18 2.0 6 16 16 0 98 65 2 0.327574267507 5 4 
6 18 2.0 9 18 19 0 70 60 2 9.02104188812e-22 4 4 
6 18 2.0 8 18 27 0 73 52 2 5.37741376627e-13 4 5 
6 18 2.0 11 28 50 0 114 107 2 0.188669305152 5 10 
6 18 2.0 10 23 18 0 87 74 2 0.178276935528 4 5 
6 18 2.0 13 44 67 0 94 89 2 6.68642688377e-17 11 6 
6 18 2.0 12 25 51 0 97 91 2 7.15994979609e-06 5 9 
6 18 2.0 15 38 27 0 50 64 3 2.0755390804e-23 6 4 
6 18 2.0 14 34 41 0 84 56 2 6.43149644845e-09 8 4 
6 18 2.0 17 40 63 0 82 92 2 5.22306939084e-28 10 6 
6 18 2.0 16 17 20 0 99 25 2 0.18044913573 7 1 
6 18 2.0 19 28 37 0 98 68 2 1.91048009802e-26 10 2 
6 18 2.0 18 20 26 0 108 54 2 0.0325362289486 8 2 
6 18 2.0 20 24 30 0 106 82 2 0.136949061217 10 2 
6 18 2.0 21 29 34 0 96 74 2 4.89351024569e-05 10 2 
6 18 2.0 22 57 26 0 42 48 3 1.50802724419e-31 10 0 
6 18 2.0 23 38 35 0 74 51 2 4.78406380373e-42 11 0 
6 18 2.0 1 15 71 0 147 92 1 0.095261179767 0 17 
6 18 2.0 3 35 13 0 38 82 1 0.239971082643 0 8 
6 18 2.0 2 37 20 0 60 84 1 0.239971082642 0 10 
6 19 0.0 5 25 57 0 116 79 2 1.94233871256e-59 1 14 
6 19 0.0 4 19 12 0 40 102 1 0.410825291156 0 8 
6 19 0.0 7 35 47 0 104 80 2 0.0322689374966 4 10 
6 19 0.0 6 16 16 0 98 65 2 0.28615985415 5 4 
6 19 0.0 9 18 19 0 70 60 2 5.59864332499e-20 4 4 
6 19 0.0 8 18 27 0 73 52 2 3.02707045689e-17 4 5 
6 19 0.0 11 28 50 0 114 107 2 0.286157927489 5 10 
6 19 0.0 10 23 18 0 87 74 2 0.105438953099 4 5 
6 19 0.0 13 44 67 0 94 89 2 9.06826055224e-20 11 6 
6 19 0.0 12 25 51 0 97 91 2 1.24676269874e-07 5 9 
6 19 0.0 15 38 27 0 50 64 3 2.78200022417e-43 6 4 
6 19 0.0 14 34 41 0 84 56 2 3.31934186194e-19 8 4 
6 19 0.0 17 40 63 0 82 92 2 2.72835128624e-27 10 6 
6 19 0.0 16 17 20 0 99 25 2 0.0546421715572 7 1 
6 19 0.0 19 28 37 0 98 68 2 5.401299982e-38 10 2 
6 19 0.0 18 20 26 0 108 54 2 2.19955448368e-07 8 2 
6 19 0.0 20 24 30 0 106 82 2 1.06783846463e-06 10 2 
6 19 0.0 21 29 34 0 96 74 2 3.99175722467e-14 10 2 
6 19 0.0 22 57 26 0 42 48 3 9.00943262495e-62 10 0 
6 19 0.0 23 38 35 0 74 51 2 5.19388498853e-53 11 0 
6 19 0.0 1 15 71 0 147 92 1 0.215002535871 0 17 
6 19 0.0 3 35 13 0 38 82 1 0.26097977294 0 8 
6 19 0.0 2 37 20 0 60 84 1 0.26097977294 0 10 
6 19 2.0 5 25 57 0 116 79 2 5.70119347107e-97 1 14 
6 19 2.0 4 19 12 0 40 102 1 0.349480520557 0 8 
6 19 2.0 7 35 47 0 104 80 2 0.0322122790836 4 10 
6 19 2.0 6 16 16 0 98 65 2 0.327566074352 5 4 
6 19 2.0 9 18 19 0 70 60 2 3.27586164325e-21 4 4 
6 19 2.0 8 18 27 0 73 52 2 3.69196508065e-12 4 5 
6 19 2.0 11 28 50 0 114 107 2 0.188707134063 5 10 
6 19 2.0 10 23 18 0 87 74 2 0.178248961861 4 5 
6 19 2.0 13 44 67 0 94 89 2 1.95559649498e-16 11 6 
6 19 2.0 12 25 51 0 97 91 2 1.97949661449e-06 5 9 
6 19 2.0 15 38 27 0 50 64 3 1.85814504394e-22 6 4 
6 19 2.0 14 34 41 0 84 56 2 1.12524121506e-08 8 4 
6 19 2.0 17 40 63 0 82 92 2 8.51991449865e-28 10 6 
6 19 2.0 16 17 20 0 99 25 2 0.180537221713 7 1 
6 19 2.0 19 28 37 0 98 68 2 9.87083305192e-26 10 2 
6 19 2.0 18 20 26 0 108 54 2 0.0324496173877 8 2 
6 19 2.0 20 24 30 0 106 82 2 0.136904744023 10 2 
6 19 2.0 21 29 34 0 96 74 2 2.95376816208e-05 10 2 
6 19 2.0 22 57 26 0 42 48 3 2.73906206068e-31 10 0 
6 19 2.0 23 38 35 0 74 51 2 6.10426336448e-42 11 0 
6 19 2.0 1 15 71 0 147 92 1 0.0952551184648 0 17 
6 19 2.0 3 35 13 0 38 82 1 0.239959059913 0 8 
6 19 2.0 2 37 20 0 60 84 1 0.239959059903 0 10 
6 20 0.0 5 25 57 0 116 79 2 1.97777870156e-54 1 14 
6 20 0.0 4 19 12 0 40 102 1 0.410825837562 0 8 
6 20 0.0 7 35 47 0 104 80 2 0.0322720261169 4 10 
6 20 0.0 6 16 16 0 98 65 2 0.286159483254 5 4 
6 20 0.0 9 18 19 0 70 60 2 7.65858826569e-20 4 4 
6 20 0.0 8 18 27 0 73 52 2 1.24137120617e-16 4 5 
6 20 0.0 11 28 50 0 114 107 2 0.286156615786 5 10 
6 20 0.0 10 23 18 0 87 74 2 0.105436201836 4 5 
6 20 0.0 13 44 67 0 94 89 2 1.6897850742e-18 11 6 
6 20 0.0 12 25 51 0 97 91 2 1.86310043761e-07 5 9 
6 20 0.0 15 38 27 0 50 64 3 2.92603888677e-43 6 4 
6 20 0.0 14 34 41 0 84 56 2 1.08574038982e-18 8 4 
6 20 0.0 17 40 63 0 82 92 2 3.33692086992e-27 10 6 
6 20 0.0 16 17 20 0 99 25 2 0.0546421199393 7 1 
6 20 0.0 19 28 37 0 98 68 2 8.69531254544e-38 10 2 
6 20 0.0 18 20 26 0 108 54 2 8.77010223009e-07 8 2 
6 20 0.0 20 24 30 0 106 82 2 1.58922506443e-06 10 2 
6 20 0.0 21 29 34 0 96 74 2 2.91699110834e-13 10 2 
6 20 0.0 22 57 26 0 42 48 3 6.78413914917e-61 10 0 
6 20 0.0 23 38 35 0 74 51 2 2.50351026446e-52 11 0 
6 20 0.0 1 15 71 0 147 92 1 0.215002229579 0 17 
6 20 0.0 3 35 13 0 38 82 1 0.26097980155 0 8 
6 20 0.0 2 37 20 0 60 84 1 0.26097980155 0 10 
6 20 2.0 5 25 57 0 116 79 2 2.14710291414e-97 1 14 
6 20 2.0 4 19 12 0 40 102 1 0.349487362519 0 8 
6 20 2.0 7 35 47 0 104 80 2 0.0321494679105 4 10 
6 20 2.0 6 16 16 0 98 65 2 0.327579778081 5 4 
6 20 2.0 9 18 19 0 70 60 2 1.55266506894e-21 4 4 
6 20 2.0 8 18 27 0 73 52 2 1.72261176344e-12 4 5 
6 20 2.0 11 28 50 0 114 107 2 0.188627674425 5 10 
6 20 2.0 10 23 18 0 87 74 2 0.17830807947 4 5 
6 20 2.0 13 44 67 0 94 89 2 4.96117630448e-16 11 6 
6 20 2.0 12 25 51 0 97 91 2 3.25144600002e-06 5 9 
6 20 2.0 15 38 27 0 50 64 3 3.45269302444e-23 6 4 
6 20 2.0 14 34 41 0 84 56 2 1.73995723483e-09 8 4 
6 20 2.0 17 40 63 0 82 92 2 7.38733563918e-29 10 6 
6 20 2.0 16 17 20 0 99 25 2 0.180367341928 7 1 
6 20 2.0 19 28 37 0 98 68 2 5.33837756783e-26 10 2 
6 20 2.0 18 20 26 0 108 54 2 0.0326203042089 8 2 
6 20 2.0 20 24 30 0 106 82 2 0.136991893766 10 2 
6 20 2.0 21 29 34 0 96 74 2 7.13127918779e-05 10 2 
6 20 2.0 22 57 26 0 42 48 3 8.77393902737e-31 10 0 
6 20 2.0 23 38 35 0 74 51 2 1.57583168706e-41 11 0 
6 20 2.0 1 15 71 0 147 92 1 0.0952671884216 0 17 
6 20 2.0 3 35 13 0 38 82 1 0.239982804578 0 8 
6 20 2.0 2 37 20 0 60 84 1 0.239982804574 0 10 
6 21 0.0 5 25 57 0 116 79 2 3.8796829356e-55 1 14 
6 21 0.0 4 19 12 0 40 102 1 0.410843808664 0 8 
6 21 0.0 7 35 47 0 104 80 2 0.0323008733313 4 10 
6 21 0.0 6 16 16 0 98 65 2 0.286140056475 5 4 
6 21 0.0 9 18 19 0 70 60 2 3.85453900167e-20 4 4 
6 21 0.0 8 18 27 0 73 52 2 5.1388733581e-17 4 5 
6 21 0.0 11 28 50 0 114 107 2 0.286137368743 5 10 
6 21 0.0 10 23 18 0 87 74 2 0.105425444975 4 5 
6 21 0.0 13 44 67 0 94 89 2 2.58658211751e-19 11 6 
6 21 0.0 12 25 51 0 97 91 2 9.59915232948e-08 5 9 
6 21 0.0 15 38 27 0 50 64 3 5.08517154522e-43 6 4 
6 21 0.0 14 34 41 0 84 56 2 8.56593851553e-18 8 4 
6 21 0.0 17 40 63 0 82 92 2 7.43299653474e-27 10 6 
6 21 0.0 16 17 20 0 99 25 2 0.054662988692 7 1 
6 21 0.0 19 28 37 0 98 68 2 5.24413154159e-37 10 2 
6 21 0.0 18 20 26 0 108 54 2 4.27511270557e-07 8 2 
6 21 0.0 20 24 30 0 106 82 2 1.4894007694e-06 10 2 
6 21 0.0 21 29 34 0 96 74 2 1.08427019702e-13 10 2 
6 21 0.0 22 57 26 0 42 48 3 4.83912490928e-61 10 0 
6 21 0.0 23 38 35 0 74 51 2 8.76609996789e-53 11 0 
6 21 0.0 1 15 71 0 147 92 1 0.214987746808 0 17 
6 21 0.0 3 35 13 0 38 82 1 0.260985782464 0 8 
6 21 0.0 2 37 20 0 60 84 1 0.260985782464 0 10 
6 21 2.0 5 25 57 0 116 79 2 1.42895115289e-96 1 14 
6 21 2.0 4 19 12 0 40 102 1 0.349498244283 0 8 
6 21 2.0 7 35 47 0 104 80 2 0.032173378244 4 10 
6 21 2.0 6 16 16 0 98 65 2 0.327549990469 5 4 
6 21 2.0 9 18 19 0 70 60 2 4.39594372914e-21 4 4 
6 21 2.0 8 18 27 0 73 52 2 2.51616094997e-12 4 5 
6 21 2.0 11 28 50 0 114 107 2 0.188614957871 5 10 
6 21 2.0 10 23 18 0 87 74 2 0.178310692677 4 5 
6 21 2.0 13 44 67 0 94 89 2 9.48602892908e-17 11 6 
6 21 2.0 12 25 51 0 97 91 2 2.87417375852e-06 5 9 
6 21 2.0 15 38 27 0 50 64 3 2.39575214174e-23 6 4 
6 21 2.0 14 34 41 0 84 56 2 1.92239033502e-08 8 4 
6 21 2.0 17 40 63 0 82 92 2 5.20627624185e-28 10 6 
6 21 2.0 16 17 20 0 99 25 2 0.18031636478 7 1 
6 21 2.0 19 28 37 0 98 68 2 5.32872099914e-26 10 2 
6 21 2.0 18 20 26 0 108 54 2 0.0327029235892 8 2 
6 21 2.0 20 24 30 0 106 82 2 0.136983207633 10 2 
6 21 2.0 21 29 34 0 96 74 2 5.52668613494e-05 10 2 
6 21 2.0 22 57 26 0 42 48 3 1.6059379643e-30 10 0 
6 21 2.0 23 38 35 0 74 51 2 9.67144960638e-42 11 0 
6 21 2.0 1 15 71 0 147 92 1 0.0952416011883 0 17 
6 21 2.0 3 35 13 0 38 82 1 0.23999477375 0 8 
6 21 2.0 2 37 20 0 60 84 1 0.239994773743 0 10 
6 22 0.0 5 25 57 0 116 79 2 1.68012105306e-57 1 14 
6 22 0.0 4 19 12 0 40 102 1 0.410829990763 0 8 
6 22 0.0 7 35 47 0 104 80 2 0.0322753025079 4 10 
6 22 0.0 6 16 16 0 98 65 2 0.28615470227 5 4 
6 22 0.0 9 18 19 0 70 60 2 3.64844264866e-20 4 4 
6 22 0.0 8 18 27 0 73 52 2 1.0979846271e-16 4 5 
6 22 0.0 11 28 50 0 114 107 2 0.286153220673 5 10 
6 22 0.0 10 23 18 0 87 74 2 0.105437116533 4 5 
6 22 0.0 13 44 67 0 94 89 2 2.61568854968e-19 11 6 
6 22 0.0 12 25 51 0 97 91 2 3.67724172275e-07 5 9 
6 22 0.0 15 38 27 0 50 64 3 3.90576955537e-43 6 4 
6 22 0.0 14 34 41 0 84 56 2 1.60929348547e-18 8 4 
6 22 0.0 17 40 63 0 82 92 2 7.83631341115e-28 10 6 
6 22 0.0 16 17 20 0 99 25 2 0.0546476613219 7 1 
6 22 0.0 19 28 37 0 98 68 2 1.41340098414e-37 10 2 
6 22 0.0 18 20 26 0 108 54 2 7.88007322908e-08 8 2 
6 22 0.0 20 24 30 0 106 82 2 8.21144032319e-07 10 2 
6 22 0.0 21 29 34 0 96 74 2 1.31215139892e-13 10 2 
6 22 0.0 22 57 26 0 42 48 3 1.04842086605e-61 10 0 
6 22 0.0 23 38 35 0 74 51 2 3.77504686776e-53 11 0 
6 22 0.0 1 15 71 0 147 92 1 0.214998676754 0 17 
6 22 0.0 3 35 13 0 38 82 1 0.260981445815 0 8 
6 22 0.0 2 37 20 0 60 84 1 0.260981445815 0 10 
6 22 2.0 5 25 57 0 116 79 2 2.24931249966e-99 1 14 
6 22 2.0 4 19 12 0 40 102 1 0.349494544173 0 8 
6 22 2.0 7 35 47 0 104 80 2 0.0321805837861 4 10 
6 22 2.0 6 16 16 0 98 65 2 0.327552888742 5 4 
6 22 2.0 9 18 19 0 70 60 2 1.30140760456e-21 4 4 
6 22 2.0 8 18 27 0 73 52 2 5.84650341886e-13 4 5 
6 22 2.0 11 28 50 0 114 107 2 0.188628152351 5 10 
6 22 2.0 10 23 18 0 87 74 2 0.1783031502 4 5 
6 22 2.0 13 44 67 0 94 89 2 2.8907637704e-16 11 6 
6 22 2.0 12 25 51 0 97 91 2 8.03695728404e-07 5 9 
6 22 2.0 15 38 27 0 50 64 3 1.04407496003e-23 6 4 
6 22 2.0 14 34 41 0 84 56 2 1.08352776518e-09 8 4 
6 22 2.0 17 40 63 0 82 92 2 1.58563874363e-28 10 6 
6 22 2.0 16 17 20 0 99 25 2 0.180348509207 7 1 
6 22 2.0 19 28 37 0 98 68 2 1.71302578008e-26 10 2 
6 22 2.0 18 20 26 0 108 54 2 0.0326671253006 8 2 
6 22 2.0 20 24 30 0 106 82 2 0.136971322556 10 2 
6 22 2.0 21 29 34 0 96 74 2 4.9078050782e-05 10 2 
6 22 2.0 22 57 26 0 42 48 3 2.45969393597e-31 10 0 
6 22 2.0 23 38 35 0 74 51 2 9.07384836346e-42 11 0 
6 22 2.0 1 15 71 0 147 92 1 0.0952437239556 0 17 
6 22 2.0 3 35 13 0 38 82 1 0.239989451025 0 8 
6 22 2.0 2 37 20 0 60 84 1 0.239989451024 0 10 
6 23 0.0 5 25 57 0 116 79 2 2.0104746791e-57 1 14 
6 23 0.0 4 19 12 0 40 102 1 0.410845289863 0 8 
6 23 0.0 7 35 47 0 104 80 2 0.0323026661119 4 10 
6 23 0.0 6 16 16 0 98 65 2 0.286138283335 5 4 
6 23 0.0 9 18 19 0 70 60 2 6.16932676245e-21 4 4 
6 23 0.0 8 18 27 0 73 52 2 9.72882805499e-17 4 5 
6 23 0.0 11 28 50 0 114 107 2 0.286136269202 5 10 
6 23 0.0 10 23 18 0 87 74 2 0.10542512375 4 5 
6 23 0.0 13 44 67 0 94 89 2 7.11642919125e-19 11 6 
6 23 0.0 12 25 51 0 97 91 2 1.58031713272e-07 5 9 
6 23 0.0 15 38 27 0 50 64 3 4.34616250389e-43 6 4 
6 23 0.0 14 34 41 0 84 56 2 5.74289533319e-18 8 4 
6 23 0.0 17 40 63 0 82 92 2 6.45344017992e-27 10 6 
6 23 0.0 16 17 20 0 99 25 2 0.054664652643 7 1 
6 23 0.0 19 28 37 0 98 68 2 1.56473218807e-37 10 2 
6 23 0.0 18 20 26 0 108 54 2 4.39658011792e-07 8 2 
6 23 0.0 20 24 30 0 106 82 2 1.1161264102e-06 10 2 
6 23 0.0 21 29 34 0 96 74 2 5.51646571904e-14 10 2 
6 23 0.0 22 57 26 0 42 48 3 6.07124466378e-61 10 0 
6 23 0.0 23 38 35 0 74 51 2 2.6692140748e-52 11 0 
6 23 0.0 1 15 71 0 147 92 1 0.214986504744 0 17 
6 23 0.0 3 35 13 0 38 82 1 0.260986275393 0 8 
6 23 0.0 2 37 20 0 60 84 1 0.260986275393 0 10 
6 23 2.0 5 25 57 0 116 79 2 4.73048849544e-98 1 14 
6 23 2.0 4 19 12 0 40 102 1 0.349476399805 0 8 
6 23 2.0 7 35 47 0 104 80 2 0.032198579236 4 10 
6 23 2.0 6 16 16 0 98 65 2 0.327580933518 5 4 
6 23 2.0 9 18 19 0 70 60 2 1.26462750373e-21 4 4 
6 23 2.0 8 18 27 0 73 52 2 3.56479031291e-12 4 5 
6 23 2.0 11 28 50 0 114 107 2 0.188716021345 5 10 
6 23 2.0 10 23 18 0 87 74 2 0.178243888746 4 5 
6 23 2.0 13 44 67 0 94 89 2 1.14237662323e-16 11 6 
6 23 2.0 12 25 51 0 97 91 2 5.08019814122e-06 5 9 
6 23 2.0 15 38 27 0 50 64 3 1.03896496127e-23 6 4 
6 23 2.0 14 34 41 0 84 56 2 5.06305473527e-09 8 4 
6 23 2.0 17 40 63 0 82 92 2 1.15123981882e-28 10 6 
6 23 2.0 16 17 20 0 99 25 2 0.180568932048 7 1 
6 23 2.0 19 28 37 0 98 68 2 4.20053679028e-26 10 2 
6 23 2.0 18 20 26 0 108 54 2 0.0323991929474 8 2 
6 23 2.0 20 24 30 0 106 82 2 0.136908186005 10 2 
6 23 2.0 21 29 34 0 96 74 2 4.12464202284e-05 10 2 
6 23 2.0 22 57 26 0 42 48 3 1.62266376996e-31 10 0 
6 23 2.0 23 38 35 0 74 51 2 6.17453411931e-42 11 0 
6 23 2.0 1 15 71 0 147 92 1 0.0952684406001 0 17 
6 23 2.0 3 35 13 0 38 82 1 0.239952220173 0 8 
6 23 2.0 2 37 20 0 60 84 1 0.239952220164 0 10 
6 24 0.0 5 25 57 0 116 79 2 2.07695076032e-57 1 14 
6 24 0.0 4 19 12 0 40 102 1 0.410839922782 0 8 
6 24 0.0 7 35 47 0 104 80 2 0.0322928637451 4 10 
6 24 0.0 6 16 16 0 98 65 2 0.286143949638 5 4 
6 24 0.0 9 18 19 0 70 60 2 7.61199405743e-20 4 4 
6 24 0.0 8 18 27 0 73 52 2 7.23179376603e-17 4 5 
6 24 0.0 11 28 50 0 114 107 2 0.286142610606 5 10 
6 24 0.0 10 23 18 0 87 74 2 0.10542954351 4 5 
6 24 0.0 13 44 67 0 94 89 2 1.24773009501e-18 11 6 
6 24 0.0 12 25 51 0 97 91 2 2.16627206139e-07 5 9 
6 24 0.0 15 38 27 0 50 64 3 3.99414237613e-43 6 4 
6 24 0.0 14 34 41 0 84 56 2 1.34886804364e-18 8 4 
6 24 0.0 17 40 63 0 82 92 2 2.49775811739e-27 10 6 
6 24 0.0 16 17 20 0 99 25 2 0.054658213072 7 1 
6 24 0.0 19 28 37 0 98 68 2 1.41098151726e-37 10 2 
6 24 0.0 18 20 26 0 108 54 2 7.11418506085e-07 8 2 
6 24 0.0 20 24 30 0 106 82 2 7.42064372636e-07 10 2 
6 24 0.0 21 29 34 0 96 74 2 1.15717803845e-13 10 2 
6 24 0.0 22 57 26 0 42 48 3 1.51870163643e-61 10 0 
6 24 0.0 23 38 35 0 74 51 2 8.92162295588e-53 11 0 
6 24 0.0 1 15 71 0 147 92 1 0.214990764285 0 17 
6 24 0.0 3 35 13 0 38 82 1 0.260984514111 0 8 
6 24 0.0 2 37 20 0 60 84 1 0.260984514111 0 10 
6 24 2.0 5 25 57 0 116 79 2 3.38235218962e-102 1 14 
6 24 2.0 4 19 12 0 40 102 1 0.34948160769 0 8 
6 24 2.0 7 35 47 0 104 80 2 0.0321889761665 4 10 
6 24 2.0 6 16 16 0 98 65 2 0.32757142999 5 4 
6 24 2.0 9 18 19 0 70 60 2 2.41116789455e-21 4 4 
6 24 2.0 8 18 27 0 73 52 2 8.7113396677e-14 4 5 
6 24 2.0 11 28 50 0 114 107 2 0.18867411788 5 10 
6 24 2.0 10 23 18 0 87 74 2 0.178275170116 4 5 
6 24 2.0 13 44 67 0 94 89 2 5.98605069812e-16 11 6 
6 24 2.0 12 25 51 0 97 91 2 6.86606805681e-07 5 9 
6 24 2.0 15 38 27 0 50 64 3 3.42562218128e-22 6 4 
6 24 2.0 14 34 41 0 84 56 2 3.4057740941e-09 8 4 
6 24 2.0 17 40 63 0 82 92 2 1.85621570354e-27 10 6 
6 24 2.0 16 17 20 0 99 25 2 0.180463948069 7 1 
6 24 2.0 19 28 37 0 98 68 2 2.33643502696e-26 10 2 
6 24 2.0 18 20 26 0 108 54 2 0.0325259607252 8 2 
6 24 2.0 20 24 30 0 106 82 2 0.136939467485 10 2 
6 24 2.0 21 29 34 0 96 74 2 4.15783710642e-05 10 2 
6 24 2.0 22 57 26 0 42 48 3 2.54412682892e-31 10 0 
6 24 2.0 23 38 35 0 74 51 2 4.79229962431e-42 11 0 
6 24 2.0 1 15 71 0 147 92 1 0.0952590020287 0 17 
6 24 2.0 3 35 13 0 38 82 1 0.23996925003 0 8 
6 24 2.0 2 37 20 0 60 84 1 0.23996925003 0 10 
6 25 0.0 5 25 57 0 116 79 2 1.25701758191e-56 1 14 
6 25 0.0 4 19 12 0 40 102 1 0.410838551382 0 8 
6 25 0.0 7 35 47 0 104 80 2 0.0322918346736 4 10 
6 25 0.0 6 16 16 0 98 65 2 0.286145442047 5 4 
6 25 0.0 9 18 19 0 70 60 2 8.93586000705e-20 4 4 
6 25 0.0 8 18 27 0 73 52 2 7.6810452402e-17 4 5 
6 25 0.0 11 28 50 0 114 107 2 0.286143895686 5 10 
6 25 0.0 10 23 18 0 87 74 2 0.105429323035 4 5 
6 25 0.0 13 44 67 0 94 89 2 1.69231877927e-19 11 6 
6 25 0.0 12 25 51 0 97 91 2 3.78626749537e-08 5 9 
6 25 0.0 15 38 27 0 50 64 3 1.23553262253e-42 6 4 
6 25 0.0 14 34 41 0 84 56 2 5.7847121246e-19 8 4 
6 25 0.0 17 40 63 0 82 92 2 3.47050206543e-27 10 6 
6 25 0.0 16 17 20 0 99 25 2 0.054656496028 7 1 
6 25 0.0 19 28 37 0 98 68 2 7.1962574752e-38 10 2 
6 25 0.0 18 20 26 0 108 54 2 8.66345436144e-07 8 2 
6 25 0.0 20 24 30 0 106 82 2 8.5696209103e-07 10 2 
6 25 0.0 21 29 34 0 96 74 2 1.24264759786e-13 10 2 
6 25 0.0 22 57 26 0 42 48 3 2.55905002119e-61 10 0 
6 25 0.0 23 38 35 0 74 51 2 7.26770130378e-53 11 0 
6 25 0.0 1 15 71 0 147 92 1 0.214991932418 0 17 
6 25 0.0 3 35 13 0 38 82 1 0.260983935793 0 8 
6 25 0.0 2 37 20 0 60 84 1 0.260983935793 0 10 
6 25 2.0 5 25 57 0 116 79 2 4.74403651408e-100 1 14 
6 25 2.0 4 19 12 0 40 102 1 0.349453795269 0 8 
6 25 2.0 7 35 47 0 104 80 2 0.0322136583527 4 10 
6 25 2.0 6 16 16 0 98 65 2 0.327623343862 5 4 
6 25 2.0 9 18 19 0 70 60 2 2.15546129386e-21 4 4 
6 25 2.0 8 18 27 0 73 52 2 1.11197696755e-12 4 5 
6 25 2.0 11 28 50 0 114 107 2 0.18882924096 5 10 
6 25 2.0 10 23 18 0 87 74 2 0.178166471994 4 5 
6 25 2.0 13 44 67 0 94 89 2 2.46307278661e-16 11 6 
6 25 2.0 12 25 51 0 97 91 2 1.19256008238e-05 5 9 
6 25 2.0 15 38 27 0 50 64 3 2.71692224181e-23 6 4 
6 25 2.0 14 34 41 0 84 56 2 1.95538193133e-08 8 4 
6 25 2.0 17 40 63 0 82 92 2 2.04668257873e-27 10 6 
6 25 2.0 16 17 20 0 99 25 2 0.180860471564 7 1 
6 25 2.0 19 28 37 0 98 68 2 4.08021582474e-26 10 2 
6 25 2.0 18 20 26 0 108 54 2 0.0320374859866 8 2 
6 25 2.0 20 24 30 0 106 82 2 0.136832015234 10 2 
6 25 2.0 21 29 34 0 96 74 2 4.18434201377e-05 10 2 
6 25 2.0 22 57 26 0 42 48 3 4.75320592592e-32 10 0 
6 25 2.0 23 38 35 0 74 51 2 2.09518316277e-42 11 0 
6 25 2.0 1 15 71 0 147 92 1 0.0953065718601 0 17 
6 25 2.0 3 35 13 0 38 82 1 0.239902092535 0 8 
6 25 2.0 2 37 20 0 60 84 1 0.239902092533 0 10 
6 26 0.0 5 25 57 0 116 79 2 1.08160057047e-59 1 14 
6 26 0.0 4 19 12 0 40 102 1 0.410837639977 0 8 
6 26 0.0 7 35 47 0 104 80 2 0.0322890046279 4 10 
6 26 0.0 6 16 16 0 98 65 2 0.286146532215 5 4 
6 26 0.0 9 18 19 0 70 60 2 6.85105217733e-20 4 4 
6 26 0.0 8 18 27 0 73 52 2 2.52961769187e-17 4 5 
6 26 0.0 11 28 50 0 114 107 2 0.286144625083 5 10 
6 26 0.0 10 23 18 0 87 74 2 0.105430984329 4 5 
6 26 0.0 13 44 67 0 94 89 2 2.77540658894e-19 11 6 
6 26 0.0 12 25 51 0 97 91 2 3.76569711771e-07 5 9 
6 26 0.0 15 38 27 0 50 64 3 8.37282984269e-43 6 4 
6 26 0.0 14 34 41 0 84 56 2 5.39743611536e-19 8 4 
6 26 0.0 17 40 63 0 82 92 2 8.97663790735e-28 10 6 
6 26 0.0 16 17 20 0 99 25 2 0.0546561830869 7 1 
6 26 0.0 19 28 37 0 98 68 2 5.47494781065e-38 10 2 
6 26 0.0 18 20 26 0 108 54 2 2.5526872424e-07 8 2 
6 26 0.0 20 24 30 0 106 82 2 1.05690766537e-06 10 2 
6 26 0.0 21 29 34 0 96 74 2 6.49514308525e-14 10 2 
6 26 0.0 22 57 26 0 42 48 3 1.93685529765e-61 10 0 
6 26 0.0 23 38 35 0 74 51 2 5.8115951966e-53 11 0 
6 26 0.0 1 15 71 0 147 92 1 0.214992592038 0 17 
6 26 0.0 3 35 13 0 38 82 1 0.260983890971 0 8 
6 26 0.0 2 37 20 0 60 84 1 0.260983890971 0 10 
6 26 2.0 5 25 57 0 116 79 2 1.42148464413e-97 1 14 
6 26 2.0 4 19 12 0 40 102 1 0.349469584613 0 8 
6 26 2.0 7 35 47 0 104 80 2 0.0322056614845 4 10 
6 26 2.0 6 16 16 0 98 65 2 0.327593779477 5 4 
6 26 2.0 9 18 19 0 70 60 2 6.09418410016e-21 4 4 
6 26 2.0 8 18 27 0 73 52 2 3.62275133941e-12 4 5 
6 26 2.0 11 28 50 0 114 107 2 0.188749435616 5 10 
6 26 2.0 10 23 18 0 87 74 2 0.178222016224 4 5 
6 26 2.0 13 44 67 0 94 89 2 7.07013508415e-16 11 6 
6 26 2.0 12 25 51 0 97 91 2 3.99376321057e-06 5 9 
6 26 2.0 15 38 27 0 50 64 3 1.47445057778e-23 6 4 
6 26 2.0 14 34 41 0 84 56 2 4.85080266631e-09 8 4 
6 26 2.0 17 40 63 0 82 92 2 1.91174533355e-27 10 6 
6 26 2.0 16 17 20 0 99 25 2 0.180659315874 7 1 
6 26 2.0 19 28 37 0 98 68 2 2.44508608596e-26 10 2 
6 26 2.0 18 20 26 0 108 54 2 0.0322887100904 8 2 
6 26 2.0 20 24 30 0 106 82 2 0.136884643733 10 2 
6 26 2.0 21 29 34 0 96 74 2 4.08725005376e-05 10 2 
6 26 2.0 22 57 26 0 42 48 3 2.98566105397e-31 10 0 
6 26 2.0 23 38 35 0 74 51 2 8.86903189568e-42 11 0 
6 26 2.0 1 15 71 0 147 92 1 0.0952803493947 0 17 
6 26 2.0 3 35 13 0 38 82 1 0.239936790554 0 8 
6 26 2.0 2 37 20 0 60 84 1 0.239936790545 0 10 
6 27 0.0 5 25 57 0 116 79 2 7.74285700506e-57 1 14 
6 27 0.0 4 19 12 0 40 102 1 0.410811538168 0 8 
6 27 0.0 7 35 47 0 104 80 2 0.0322470988533 4 10 
6 27 0.0 6 16 16 0 98 65 2 0.28617499046 5 4 
6 27 0.0 9 18 19 0 70 60 2 1.65042421864e-19 4 4 
6 27 0.0 8 18 27 0 73 52 2 6.8512155434e-17 4 5 
6 27 0.0 11 28 50 0 114 107 2 0.286172010607 5 10 
6 27 0.0 10 23 18 0 87 74 2 0.105446985178 4 5 
6 27 0.0 13 44 67 0 94 89 2 1.79361727919e-19 11 6 
6 27 0.0 12 25 51 0 97 91 2 1.0449503727e-07 5 9 
6 27 0.0 15 38 27 0 50 64 3 6.14113076027e-43 6 4 
6 27 0.0 14 34 41 0 84 56 2 5.49486202896e-19 8 4 
6 27 0.0 17 40 63 0 82 92 2 4.03552579558e-27 10 6 
6 27 0.0 16 17 20 0 99 25 2 0.054626328982 7 1 
6 27 0.0 19 28 37 0 98 68 2 9.0227408642e-38 10 2 
6 27 0.0 18 20 26 0 108 54 2 4.35549286005e-07 8 2 
6 27 0.0 20 24 30 0 106 82 2 1.65172299721e-06 10 2 
6 27 0.0 21 29 34 0 96 74 2 7.98343064369e-14 10 2 
6 27 0.0 22 57 26 0 42 48 3 1.96098865238e-61 10 0 
6 27 0.0 23 38 35 0 74 51 2 3.30153334743e-53 11 0 
6 27 0.0 1 15 71 0 147 92 1 0.215013659737 0 17 
6 27 0.0 3 35 13 0 38 82 1 0.260975258569 0 8 
6 27 0.0 2 37 20 0 60 84 1 0.260975258569 0 10 
6 27 2.0 5 25 57 0 116 79 2 1.25397669785e-99 1 14 
6 27 2.0 4 19 12 0 40 102 1 0.349495155957 0 8 
6 27 2.0 7 35 47 0 104 80 2 0.0321936972637 4 10 
6 27 2.0 6 16 16 0 98 65 2 0.327538654049 5 4 
6 27 2.0 9 18 19 0 70 60 2 1.17632667486e-21 4 4 
6 27 2.0 8 18 27 0 73 52 2 1.33943887789e-12 4 5 
6 27 2.0 11 28 50 0 114 107 2 0.188623000842 5 10 
6 27 2.0 10 23 18 0 87 74 2 0.178306629942 4 5 
6 27 2.0 13 44 67 0 94 89 2 3.83202711023e-16 11 6 
6 27 2.0 12 25 51 0 97 91 2 9.83249562964e-07 5 9 
6 27 2.0 15 38 27 0 50 64 3 1.14896604165e-23 6 4 
6 27 2.0 14 34 41 0 84 56 2 1.60274860506e-09 8 4 
6 27 2.0 17 40 63 0 82 92 2 3.81972696831e-28 10 6 
6 27 2.0 16 17 20 0 99 25 2 0.180313917717 7 1 
6 27 2.0 19 28 37 0 98 68 2 1.91143642975e-26 10 2 
6 27 2.0 18 20 26 0 108 54 2 0.032720987103 8 2 
6 27 2.0 20 24 30 0 106 82 2 0.136965372413 10 2 
6 27 2.0 21 29 34 0 96 74 2 3.00720468215e-05 10 2 
6 27 2.0 22 57 26 0 42 48 3 1.36302104675e-31 10 0 
6 27 2.0 23 38 35 0 74 51 2 4.7398631912e-42 11 0 
6 27 2.0 1 15 71 0 147 92 1 0.0952289203846 0 17 
6 27 2.0 3 35 13 0 38 82 1 0.239996319912 0 8 
6 27 2.0 2 37 20 0 60 84 1 0.239996319908 0 10 
6 28 0.0 5 25 57 0 116 79 2 1.64561597643e-57 1 14 
6 28 0.0 4 19 12 0 40 102 1 0.410841258551 0 8 
6 28 0.0 7 35 47 0 104 80 2 0.0322945325081 4 10 
6 28 0.0 6 16 16 0 98 65 2 0.286142504067 5 4 
6 28 0.0 9 18 19 0 70 60 2 4.95622738988e-20 4 4 
6 28 0.0 8 18 27 0 73 52 2 3.27623089861e-17 4 5 
6 28 0.0 11 28 50 0 114 107 2 0.286141067729 5 10 
6 28 0.0 10 23 18 0 87 74 2 0.1054291052 4 5 
6 28 0.0 13 44 67 0 94 89 2 3.3186513079e-19 11 6 
6 28 0.0 12 25 51 0 97 91 2 3.8016289329e-07 5 9 
6 28 0.0 15 38 27 0 50 64 3 6.94073937422e-43 6 4 
6 28 0.0 14 34 41 0 84 56 2 2.03116662041e-19 8 4 
6 28 0.0 17 40 63 0 82 92 2 4.21256212214e-27 10 6 
6 28 0.0 16 17 20 0 99 25 2 0.0546603265188 7 1 
6 28 0.0 19 28 37 0 98 68 2 1.11202033918e-37 10 2 
6 28 0.0 18 20 26 0 108 54 2 2.15831219629e-07 8 2 
6 28 0.0 20 24 30 0 106 82 2 7.95982072579e-07 10 2 
6 28 0.0 21 29 34 0 96 74 2 1.18279612554e-13 10 2 
6 28 0.0 22 57 26 0 42 48 3 1.47486508366e-61 10 0 
6 28 0.0 23 38 35 0 74 51 2 6.44918988468e-53 11 0 
6 28 0.0 1 15 71 0 147 92 1 0.214989649459 0 17 
6 28 0.0 3 35 13 0 38 82 1 0.260985080927 0 8 
6 28 0.0 2 37 20 0 60 84 1 0.260985080927 0 10 
6 28 2.0 5 25 57 0 116 79 2 3.42762767822e-98 1 14 
6 28 2.0 4 19 12 0 40 102 1 0.349498624781 0 8 
6 28 2.0 7 35 47 0 104 80 2 0.0321739028233 4 10 
6 28 2.0 6 16 16 0 98 65 2 0.327545761087 5 4 
6 28 2.0 9 18 19 0 70 60 2 3.77023990283e-21 4 4 
6 28 2.0 8 18 27 0 73 52 2 3.61884949658e-12 4 5 
6 28 2.0 11 28 50 0 114 107 2 0.188604720561 5 10 
6 28 2.0 10 23 18 0 87 74 2 0.178318938897 4 5 
6 28 2.0 13 44 67 0 94 89 2 6.76847594626e-16 11 6 
6 28 2.0 12 25 51 0 97 91 2 1.50103630486e-06 5 9 
6 28 2.0 15 38 27 0 50 64 3 7.38448561311e-24 6 4 
6 28 2.0 14 34 41 0 84 56 2 2.18592399832e-09 8 4 
6 28 2.0 17 40 63 0 82 92 2 1.65308179084e-28 10 6 
6 28 2.0 16 17 20 0 99 25 2 0.180285650872 7 1 
6 28 2.0 19 28 37 0 98 68 2 3.60259232817e-26 10 2 
6 28 2.0 18 20 26 0 108 54 2 0.0327424358478 8 2 
6 28 2.0 20 24 30 0 106 82 2 0.13698899636 10 2 
6 28 2.0 21 29 34 0 96 74 2 5.01798232398e-05 10 2 
6 28 2.0 22 57 26 0 42 48 3 6.49164476412e-31 10 0 
6 28 2.0 23 38 35 0 74 51 2 1.61573547437e-41 11 0 
6 28 2.0 1 15 71 0 147 92 1 0.0952368130085 0 17 
6 28 2.0 3 35 13 0 38 82 1 0.239999831196 0 8 
6 28 2.0 2 37 20 0 60 84 1 0.239999831187 0 10 
6 29 0.0 5 25 57 0 116 79 2 2.48184423872e-57 1 14 
6 29 0.0 4 19 12 0 40 102 1 0.410829276149 0 8 
6 29 0.0 7 35 47 0 104 80 2 0.0322770851316 4 10 
6 29 0.0 6 16 16 0 98 65 2 0.286155834568 5 4 
6 29 0.0 9 18 19 0 70 60 2 7.56665989721e-20 4 4 
6 29 0.0 8 18 27 0 73 52 2 2.12635135374e-17 4 5 
6 29 0.0 11 28 50 0 114 107 2 0.286152733308 5 10 
6 29 0.0 10 23 18 0 87 74 2 0.10543472042 4 5 
6 29 0.0 13 44 67 0 94 89 2 1.92688091726e-19 11 6 
6 29 0.0 12 25 51 0 97 91 2 8.33713279864e-08 5 9 
6 29 0.0 15 38 27 0 50 64 3 3.29698211779e-43 6 4 
6 29 0.0 14 34 41 0 84 56 2 3.66671422692e-18 8 4 
6 29 0.0 17 40 63 0 82 92 2 2.08532012923e-26 10 6 
6 29 0.0 16 17 20 0 99 25 2 0.0546466647674 7 1 
6 29 0.0 19 28 37 0 98 68 2 5.59754392529e-37 10 2 
6 29 0.0 18 20 26 0 108 54 2 2.82146947435e-07 8 2 
6 29 0.0 20 24 30 0 106 82 2 1.71875461602e-06 10 2 
6 29 0.0 21 29 34 0 96 74 2 6.88512118824e-14 10 2 
6 29 0.0 22 57 26 0 42 48 3 1.82717157264e-61 10 0 
6 29 0.0 23 38 35 0 74 51 2 9.21109018822e-53 11 0 
6 29 0.0 1 15 71 0 147 92 1 0.214999440213 0 17 
6 29 0.0 3 35 13 0 38 82 1 0.260981038812 0 8 
6 29 0.0 2 37 20 0 60 84 1 0.260981038812 0 10 
6 29 2.0 5 25 57 0 116 79 2 5.16576313776e-97 1 14 
6 29 2.0 4 19 12 0 40 102 1 0.349460839618 0 8 
6 29 2.0 7 35 47 0 104 80 2 0.0321613781301 4 10 
6 29 2.0 6 16 16 0 98 65 2 0.327626602377 5 4 
6 29 2.0 9 18 19 0 70 60 2 8.53933822657e-21 4 4 
6 29 2.0 8 18 27 0 73 52 2 1.17450387899e-12 4 5 
6 29 2.0 11 28 50 0 114 107 2 0.188729268244 5 10 
6 29 2.0 10 23 18 0 87 74 2 0.178245096585 4 5 
6 29 2.0 13 44 67 0 94 89 2 4.13054393913e-16 11 6 
6 29 2.0 12 25 51 0 97 91 2 2.26814145881e-06 5 9 
6 29 2.0 15 38 27 0 50 64 3 2.01893354228e-22 6 4 
6 29 2.0 14 34 41 0 84 56 2 3.94725267288e-09 8 4 
6 29 2.0 17 40 63 0 82 92 2 2.39086977246e-27 10 6 
6 29 2.0 16 17 20 0 99 25 2 0.180636692715 7 1 
6 29 2.0 19 28 37 0 98 68 2 4.25967137627e-26 10 2 
6 29 2.0 18 20 26 0 108 54 2 0.0322847222985 8 2 
6 29 2.0 20 24 30 0 106 82 2 0.13692619055 10 2 
6 29 2.0 21 29 34 0 96 74 2 6.81628694256e-05 10 2 
6 29 2.0 22 57 26 0 42 48 3 4.13678875788e-31 10 0 
6 29 2.0 23 38 35 0 74 51 2 8.72122607274e-42 11 0 
6 29 2.0 1 15 71 0 147 92 1 0.0953081062387 0 17 
6 29 2.0 3 35 13 0 38 82 1 0.239935367136 0 8 
6 29 2.0 2 37 20 0 60 84 1 0.239935367133 0 10 
6 30 0.0 5 25 57 0 116 79 2 2.05003545402e-55 1 14 
6 30 0.0 4 19 12 0 40 102 1 0.410797518323 0 8 
6 30 0.0 7 35 47 0 104 80 2 0.0322248303307 4 10 
6 30 0.0 6 16 16 0 98 65 2 0.286190381468 5 4 
6 30 0.0 9 18 19 0 70 60 2 2.88318344737e-19 4 4 
6 30 0.0 8 18 27 0 73 52 2 2.83699193787e-17 4 5 
6 30 0.0 11 28 50 0 114 107 2 0.286186442843 5 10 
6 30 0.0 10 23 18 0 87 74 2 0.105455222385 4 5 
6 30 0.0 13 44 67 0 94 89 2 1.97405282026e-19 11 6 
6 30 0.0 12 25 51 0 97 91 2 4.95830352353e-08 5 9 
6 30 0.0 15 38 27 0 50 64 3 1.33623322255e-43 6 4 
6 30 0.0 14 34 41 0 84 56 2 2.42090031821e-19 8 4 
6 30 0.0 17 40 63 0 82 92 2 1.04756882128e-27 10 6 
6 30 0.0 16 17 20 0 99 25 2 0.0546102113581 7 1 
6 30 0.0 19 28 37 0 98 68 2 1.3714294906e-37 10 2 
6 30 0.0 18 20 26 0 108 54 2 6.30638831555e-07 8 2 
6 30 0.0 20 24 30 0 106 82 2 2.18338498422e-06 10 2 
6 30 0.0 21 29 34 0 96 74 2 9.47874661284e-14 10 2 
6 30 0.0 22 57 26 0 42 48 3 1.72663138433e-61 10 0 
6 30 0.0 23 38 35 0 74 51 2 2.64219369725e-52 11 0 
6 30 0.0 1 15 71 0 147 92 1 0.215024992611 0 17 
6 30 0.0 3 35 13 0 38 82 1 0.260970651085 0 8 
6 30 0.0 2 37 20 0 60 84 1 0.260970651085 0 10 
6 30 2.0 5 25 57 0 116 79 2 2.03858862139e-96 1 14 
6 30 2.0 4 19 12 0 40 102 1 0.349483594055 0 8 
6 30 2.0 7 35 47 0 104 80 2 0.032179554694 4 10 
6 30 2.0 6 16 16 0 98 65 2 0.327581267305 5 4 
6 30 2.0 9 18 19 0 70 60 2 6.78245438963e-21 4 4 
6 30 2.0 8 18 27 0 73 52 2 5.02088638081e-12 4 5 
6 30 2.0 11 28 50 0 114 107 2 0.188683730334 5 10 
6 30 2.0 10 23 18 0 87 74 2 0.178265473144 4 5 
6 30 2.0 13 44 67 0 94 89 2 1.53805212758e-16 11 6 
6 30 2.0 12 25 51 0 97 91 2 3.51991541579e-06 5 9 
6 30 2.0 15 38 27 0 50 64 3 2.08697013655e-23 6 4 
6 30 2.0 14 34 41 0 84 56 2 8.34274303382e-09 8 4 
6 30 2.0 17 40 63 0 82 92 2 3.75481117405e-28 10 6 
6 30 2.0 16 17 20 0 99 25 2 0.180506091128 7 1 
6 30 2.0 19 28 37 0 98 68 2 1.97646142031e-26 10 2 
6 30 2.0 18 20 26 0 108 54 2 0.0324652886322 8 2 
6 30 2.0 20 24 30 0 106 82 2 0.136939749039 10 2 
6 30 2.0 21 29 34 0 96 74 2 6.1044484051e-05 10 2 
6 30 2.0 22 57 26 0 42 48 3 2.55420382258e-31 10 0 
6 30 2.0 23 38 35 0 74 51 2 9.0832548308e-42 11 0 
6 30 2.0 1 15 71 0 147 92 1 0.0952706806035 0 17 
6 30 2.0 3 35 13 0 38 82 1 0.23996197025 0 8 
6 30 2.0 2 37 20 0 60 84 1 0.239961970237 0 10 
6 31 0.0 5 25 57 0 116 79 2 7.24564638685e-58 1 14 
6 31 0.0 4 19 12 0 40 102 1 0.410833813031 0 8 
6 31 0.0 7 35 47 0 104 80 2 0.0322829904658 4 10 
6 31 0.0 6 16 16 0 98 65 2 0.286150606087 5 4 
6 31 0.0 9 18 19 0 70 60 2 5.03614922372e-20 4 4 
6 31 0.0 8 18 27 0 73 52 2 4.50872408986e-17 4 5 
6 31 0.0 11 28 50 0 114 107 2 0.286148946414 5 10 
6 31 0.0 10 23 18 0 87 74 2 0.105433365209 4 5 
6 31 0.0 13 44 67 0 94 89 2 5.09611475299e-19 11 6 
6 31 0.0 12 25 51 0 97 91 2 1.62207585325e-07 5 9 
6 31 0.0 15 38 27 0 50 64 3 1.06867669127e-43 6 4 
6 31 0.0 14 34 41 0 84 56 2 9.87274022189e-19 8 4 
6 31 0.0 17 40 63 0 82 92 2 7.2466323718e-28 10 6 
6 31 0.0 16 17 20 0 99 25 2 0.0546515414946 7 1 
6 31 0.0 19 28 37 0 98 68 2 1.11552387239e-37 10 2 
6 31 0.0 18 20 26 0 108 54 2 4.83413714602e-07 8 2 
6 31 0.0 20 24 30 0 106 82 2 9.19799491903e-07 10 2 
6 31 0.0 21 29 34 0 96 74 2 9.06710689858e-14 10 2 
6 31 0.0 22 57 26 0 42 48 3 8.01784285608e-62 10 0 
6 31 0.0 23 38 35 0 74 51 2 2.97309925179e-53 11 0 
6 31 0.0 1 15 71 0 147 92 1 0.214995687404 0 17 
6 31 0.0 3 35 13 0 38 82 1 0.260982529573 0 8 
6 31 0.0 2 37 20 0 60 84 1 0.260982529573 0 10 
6 31 2.0 5 25 57 0 116 79 2 1.3986815871e-98 1 14 
6 31 2.0 4 19 12 0 40 102 1 0.349457287233 0 8 
6 31 2.0 7 35 47 0 104 80 2 0.0321773951144 4 10 
6 31 2.0 6 16 16 0 98 65 2 0.327627253166 5 4 
6 31 2.0 9 18 19 0 70 60 2 1.79541610872e-21 4 4 
6 31 2.0 8 18 27 0 73 52 2 2.61028623514e-12 4 5 
6 31 2.0 11 28 50 0 114 107 2 0.188760070847 5 10 
6 31 2.0 10 23 18 0 87 74 2 0.178222163828 4 5 
6 31 2.0 13 44 67 0 94 89 2 3.34190257874e-16 11 6 
6 31 2.0 12 25 51 0 97 91 2 3.89949065397e-06 5 9 
6 31 2.0 15 38 27 0 50 64 3 1.45276640639e-23 6 4 
6 31 2.0 14 34 41 0 84 56 2 2.84306120973e-09 8 4 
6 31 2.0 17 40 63 0 82 92 2 2.65747758302e-28 10 6 
6 31 2.0 16 17 20 0 99 25 2 0.180706523641 7 1 
6 31 2.0 19 28 37 0 98 68 2 1.95067500757e-26 10 2 
6 31 2.0 18 20 26 0 108 54 2 0.0322073254411 8 2 
6 31 2.0 20 24 30 0 106 82 2 0.13689753065 10 2 
6 31 2.0 21 29 34 0 96 74 2 5.87116741089e-05 10 2 
6 31 2.0 22 57 26 0 42 48 3 2.77501984067e-31 10 0 
6 31 2.0 23 38 35 0 74 51 2 7.31932530456e-42 11 0 
6 31 2.0 1 15 71 0 147 92 1 0.0953087268499 0 17 
6 31 2.0 3 35 13 0 38 82 1 0.239924705393 0 8 
6 31 2.0 2 37 20 0 60 84 1 0.239924705387 0 10 
6 32 0.0 5 25 57 0 116 79 2 2.7754935247e-55 1 14 
6 32 0.0 4 19 12 0 40 102 1 0.410833361544 0 8 
6 32 0.0 7 35 47 0 104 80 2 0.0322849253151 4 10 
6 32 0.0 6 16 16 0 98 65 2 0.286151542142 5 4 
6 32 0.0 9 18 19 0 70 60 2 2.39514472442e-19 4 4 
6 32 0.0 8 18 27 0 73 52 2 2.90459360027e-16 4 5 
6 32 0.0 11 28 50 0 114 107 2 0.286147958693 5 10 
6 32 0.0 10 23 18 0 87 74 2 0.105430919959 4 5 
6 32 0.0 13 44 67 0 94 89 2 1.6364993154e-19 11 6 
6 32 0.0 12 25 51 0 97 91 2 4.74644673293e-08 5 9 
6 32 0.0 15 38 27 0 50 64 3 3.27218820684e-44 6 4 
6 32 0.0 14 34 41 0 84 56 2 9.47222929798e-19 8 4 
6 32 0.0 17 40 63 0 82 92 2 1.46281145242e-27 10 6 
6 32 0.0 16 17 20 0 99 25 2 0.0546510056209 7 1 
6 32 0.0 19 28 37 0 98 68 2 7.47959782829e-37 10 2 
6 32 0.0 18 20 26 0 108 54 2 5.63269160358e-07 8 2 
6 32 0.0 20 24 30 0 106 82 2 1.98589567418e-06 10 2 
6 32 0.0 21 29 34 0 96 74 2 2.25111630959e-13 10 2 
6 32 0.0 22 57 26 0 42 48 3 2.59107399999e-62 10 0 
6 32 0.0 23 38 35 0 74 51 2 8.23493386522e-53 11 0 
6 32 0.0 1 15 71 0 147 92 1 0.214996227783 0 17 
6 32 0.0 3 35 13 0 38 82 1 0.260982298712 0 8 
6 32 0.0 2 37 20 0 60 84 1 0.260982298712 0 10 
6 32 2.0 5 25 57 0 116 79 2 7.55773721628e-102 1 14 
6 32 2.0 4 19 12 0 40 102 1 0.349467823877 0 8 
6 32 2.0 7 35 47 0 104 80 2 0.0322116164706 4 10 
6 32 2.0 6 16 16 0 98 65 2 0.327584777797 5 4 
6 32 2.0 9 18 19 0 70 60 2 3.00148442063e-21 4 4 
6 32 2.0 8 18 27 0 73 52 2 2.29109676604e-13 4 5 
6 32 2.0 11 28 50 0 114 107 2 0.188740117292 5 10 
6 32 2.0 10 23 18 0 87 74 2 0.178230655989 4 5 
6 32 2.0 13 44 67 0 94 89 2 4.57511315447e-16 11 6 
6 32 2.0 12 25 51 0 97 91 2 3.7638058133e-06 5 9 
6 32 2.0 15 38 27 0 50 64 3 7.46840334504e-22 6 4 
6 32 2.0 14 34 41 0 84 56 2 9.97062683074e-09 8 4 
6 32 2.0 17 40 63 0 82 92 2 3.47202261819e-27 10 6 
6 32 2.0 16 17 20 0 99 25 2 0.18061677058 7 1 
6 32 2.0 19 28 37 0 98 68 2 2.47389965986e-26 10 2 
6 32 2.0 18 20 26 0 108 54 2 0.0323476010784 8 2 
6 32 2.0 20 24 30 0 106 82 2 0.136885921525 10 2 
6 32 2.0 21 29 34 0 96 74 2 2.3862804682e-05 10 2 
6 32 2.0 22 57 26 0 42 48 3 1.13385965812e-31 10 0 
6 32 2.0 23 38 35 0 74 51 2 2.38372726329e-42 11 0 
6 32 2.0 1 15 71 0 147 92 1 0.095269429214 0 17 
6 32 2.0 3 35 13 0 38 82 1 0.239944056701 0 8 
6 32 2.0 2 37 20 0 60 84 1 0.2399440567 0 10 
6 33 0.0 5 25 57 0 116 79 2 1.49266435789e-54 1 14 
6 33 0.0 4 19 12 0 40 102 1 0.410831177612 0 8 
6 33 0.0 7 35 47 0 104 80 2 0.0322799904618 4 10 
6 33 0.0 6 16 16 0 98 65 2 0.286153800093 5 4 
6 33 0.0 9 18 19 0 70 60 2 4.36650393011e-20 4 4 
6 33 0.0 8 18 27 0 73 52 2 2.11461627357e-17 4 5 
6 33 0.0 11 28 50 0 114 107 2 0.28615068486 5 10 
6 33 0.0 10 23 18 0 87 74 2 0.105433468583 4 5 
6 33 0.0 13 44 67 0 94 89 2 3.51982915046e-19 11 6 
6 33 0.0 12 25 51 0 97 91 2 3.35124658542e-07 5 9 
6 33 0.0 15 38 27 0 50 64 3 2.69301018208e-43 6 4 
6 33 0.0 14 34 41 0 84 56 2 1.59047849281e-18 8 4 
6 33 0.0 17 40 63 0 82 92 2 6.20806897767e-28 10 6 
6 33 0.0 16 17 20 0 99 25 2 0.0546486717869 7 1 
6 33 0.0 19 28 37 0 98 68 2 1.54211861316e-37 10 2 
6 33 0.0 18 20 26 0 108 54 2 4.46169271141e-07 8 2 
6 33 0.0 20 24 30 0 106 82 2 1.72647281875e-06 10 2 
6 33 0.0 21 29 34 0 96 74 2 1.41263519401e-13 10 2 
6 33 0.0 22 57 26 0 42 48 3 2.0018454629e-61 10 0 
6 33 0.0 23 38 35 0 74 51 2 6.53394627385e-53 11 0 
6 33 0.0 1 15 71 0 147 92 1 0.214997896887 0 17 
6 33 0.0 3 35 13 0 38 82 1 0.260981710871 0 8 
6 33 0.0 2 37 20 0 60 84 1 0.260981710871 0 10 
6 33 2.0 5 25 57 0 116 79 2 4.67062409004e-97 1 14 
6 33 2.0 4 19 12 0 40 102 1 0.349440832348 0 8 
6 33 2.0 7 35 47 0 104 80 2 0.0321984400378 4 10 
6 33 2.0 6 16 16 0 98 65 2 0.327665798814 5 4 
6 33 2.0 9 18 19 0 70 60 2 5.71222719352e-21 4 4 
6 33 2.0 8 18 27 0 73 52 2 1.02926483078e-12 4 5 
6 33 2.0 11 28 50 0 114 107 2 0.188875136284 5 10 
6 33 2.0 10 23 18 0 87 74 2 0.17813945407 4 5 
6 33 2.0 13 44 67 0 94 89 2 8.68309390177e-17 11 6 
6 33 2.0 12 25 51 0 97 91 2 8.61398460175e-06 5 9 
6 33 2.0 15 38 27 0 50 64 3 1.2869451142e-22 6 4 
6 33 2.0 14 34 41 0 84 56 2 3.21051411052e-08 8 4 
6 33 2.0 17 40 63 0 82 92 2 6.81743870474e-27 10 6 
6 33 2.0 16 17 20 0 99 25 2 0.181013906607 7 1 
6 33 2.0 19 28 37 0 98 68 2 4.16759083154e-26 10 2 
6 33 2.0 18 20 26 0 108 54 2 0.031828870189 8 2 
6 33 2.0 20 24 30 0 106 82 2 0.136816867611 10 2 
6 33 2.0 21 29 34 0 96 74 2 6.77061959525e-05 10 2 
6 33 2.0 22 57 26 0 42 48 3 1.43386559956e-31 10 0 
6 33 2.0 23 38 35 0 74 51 2 1.11646134872e-41 11 0 
6 33 2.0 1 15 71 0 147 92 1 0.0953463121942 0 17 
6 33 2.0 3 35 13 0 38 82 1 0.239872991326 0 8 
6 33 2.0 2 37 20 0 60 84 1 0.239872991324 0 10 
6 34 0.0 5 25 57 0 116 79 2 1.14874502961e-54 1 14 
6 34 0.0 4 19 12 0 40 102 1 0.410830316528 0 8 
6 34 0.0 7 35 47 0 104 80 2 0.0322766401791 4 10 
6 34 0.0 6 16 16 0 98 65 2 0.286154408635 5 4 
6 34 0.0 9 18 19 0 70 60 2 1.83978874085e-19 4 4 
6 34 0.0 8 18 27 0 73 52 2 8.83954162663e-17 4 5 
6 34 0.0 11 28 50 0 114 107 2 0.286152628667 5 10 
6 34 0.0 10 23 18 0 87 74 2 0.105436041653 4 5 
6 34 0.0 13 44 67 0 94 89 2 1.11812664145e-18 11 6 
6 34 0.0 12 25 51 0 97 91 2 3.85228590448e-07 5 9 
6 34 0.0 15 38 27 0 50 64 3 5.33409663154e-43 6 4 
6 34 0.0 14 34 41 0 84 56 2 8.51379238969e-19 8 4 
6 34 0.0 17 40 63 0 82 92 2 1.05997605953e-26 10 6 
6 34 0.0 16 17 20 0 99 25 2 0.0546478643183 7 1 
6 34 0.0 19 28 37 0 98 68 2 1.46808047729e-37 10 2 
6 34 0.0 18 20 26 0 108 54 2 2.53581649234e-07 8 2 
6 34 0.0 20 24 30 0 106 82 2 9.86498495003e-07 10 2 
6 34 0.0 21 29 34 0 96 74 2 3.36760641674e-14 10 2 
6 34 0.0 22 57 26 0 42 48 3 1.2147854483e-61 10 0 
6 34 0.0 23 38 35 0 74 51 2 7.6794704031e-53 11 0 
6 34 0.0 1 15 71 0 147 92 1 0.214998459666 0 17 
6 34 0.0 3 35 13 0 38 82 1 0.260981499473 0 8 
6 34 0.0 2 37 20 0 60 84 1 0.260981499473 0 10 
6 34 2.0 5 25 57 0 116 79 2 4.30057501436e-98 1 14 
6 34 2.0 4 19 12 0 40 102 1 0.349486342551 0 8 
6 34 2.0 7 35 47 0 104 80 2 0.0321883852781 4 10 
6 34 2.0 6 16 16 0 98 65 2 0.327558763774 5 4 
6 34 2.0 9 18 19 0 70 60 2 2.585692045e-21 4 4 
6 34 2.0 8 18 27 0 73 52 2 1.9424964911e-11 4 5 
6 34 2.0 11 28 50 0 114 107 2 0.188655630116 5 10 
6 34 2.0 10 23 18 0 87 74 2 0.178285747085 4 5 
6 34 2.0 13 44 67 0 94 89 2 6.36293636495e-16 11 6 
6 34 2.0 12 25 51 0 97 91 2 4.13452622303e-06 5 9 
6 34 2.0 15 38 27 0 50 64 3 1.37255170881e-23 6 4 
6 34 2.0 14 34 41 0 84 56 2 7.18357929324e-09 8 4 
6 34 2.0 17 40 63 0 82 92 2 8.53711241469e-28 10 6 
6 34 2.0 16 17 20 0 99 25 2 0.180403859835 7 1 
6 34 2.0 19 28 37 0 98 68 2 1.59903866292e-26 10 2 
6 34 2.0 18 20 26 0 108 54 2 0.032602532831 8 2 
6 34 2.0 20 24 30 0 106 82 2 0.13694961186 10 2 
6 34 2.0 21 29 34 0 96 74 2 3.66604335036e-05 10 2 
6 34 2.0 22 57 26 0 42 48 3 3.44800860793e-31 10 0 
6 34 2.0 23 38 35 0 74 51 2 6.56624758622e-42 11 0 
6 34 2.0 1 15 71 0 147 92 1 0.095246836746 0 17 
6 34 2.0 3 35 13 0 38 82 1 0.239979977922 0 8 
6 34 2.0 2 37 20 0 60 84 1 0.239979977873 0 10 
6 35 0.0 5 25 57 0 116 79 2 1.86854838259e-56 1 14 
6 35 0.0 4 19 12 0 40 102 1 0.410848011935 0 8 
6 35 0.0 7 35 47 0 104 80 2 0.0323064054324 4 10 
6 35 0.0 6 16 16 0 98 65 2 0.286135212592 5 4 
6 35 0.0 9 18 19 0 70 60 2 2.11424818433e-20 4 4 
6 35 0.0 8 18 27 0 73 52 2 6.20884040759e-17 4 5 
6 35 0.0 11 28 50 0 114 107 2 0.286133899415 5 10 
6 35 0.0 10 23 18 0 87 74 2 0.105424197601 4 5 
6 35 0.0 13 44 67 0 94 89 2 1.82038938372e-18 11 6 
6 35 0.0 12 25 51 0 97 91 2 8.79403490235e-08 5 9 
6 35 0.0 15 38 27 0 50 64 3 1.22223266361e-42 6 4 
6 35 0.0 14 34 41 0 84 56 2 2.01787423503e-18 8 4 
6 35 0.0 17 40 63 0 82 92 2 1.17075719398e-26 10 6 
6 35 0.0 16 17 20 0 99 25 2 0.0546673953863 7 1 
6 35 0.0 19 28 37 0 98 68 2 4.09556768476e-37 10 2 
6 35 0.0 18 20 26 0 108 54 2 6.96577119106e-07 8 2 
6 35 0.0 20 24 30 0 106 82 2 7.27685853341e-07 10 2 
6 35 0.0 21 29 34 0 96 74 2 5.46277666946e-14 10 2 
6 35 0.0 22 57 26 0 42 48 3 1.08008309867e-61 10 0 
6 35 0.0 23 38 35 0 74 51 2 1.87787513463e-52 11 0 
6 35 0.0 1 15 71 0 147 92 1 0.214984277206 0 17 
6 35 0.0 3 35 13 0 38 82 1 0.260987135163 0 8 
6 35 0.0 2 37 20 0 60 84 1 0.260987135163 0 10 
6 35 2.0 5 25 57 0 116 79 2 1.3755392471e-100 1 14 
6 35 2.0 4 19 12 0 40 102 1 0.349405555518 0 8 
6 35 2.0 7 35 47 0 104 80 2 0.0322748649948 4 10 
6 35 2.0 6 16 16 0 98 65 2 0.327719841529 5 4 
6 35 2.0 9 18 19 0 70 60 2 1.17907034547e-21 4 4 
6 35 2.0 8 18 27 0 73 52 2 3.97302507398e-12 4 5 
6 35 2.0 11 28 50 0 114 107 2 0.189116979706 5 10 
6 35 2.0 10 23 18 0 87 74 2 0.177964706379 4 5 
6 35 2.0 13 44 67 0 94 89 2 9.61982446658e-17 11 6 
6 35 2.0 12 25 51 0 97 91 2 1.93529333644e-05 5 9 
6 35 2.0 15 38 27 0 50 64 3 6.62509704567e-23 6 4 
6 35 2.0 14 34 41 0 84 56 2 3.76279241121e-08 8 4 
6 35 2.0 17 40 63 0 82 92 2 4.61323070232e-27 10 6 
6 35 2.0 16 17 20 0 99 25 2 0.18160702576 7 1 
6 35 2.0 19 28 37 0 98 68 2 1.58093958421e-26 10 2 
6 35 2.0 18 20 26 0 108 54 2 0.0311222938464 8 2 
6 35 2.0 20 24 30 0 106 82 2 0.136625628731 10 2 
6 35 2.0 21 29 34 0 96 74 2 4.34111218422e-05 10 2 
6 35 2.0 22 57 26 0 42 48 3 2.71709470202e-32 10 0 
6 35 2.0 23 38 35 0 74 51 2 1.00754894257e-42 11 0 
6 35 2.0 1 15 71 0 147 92 1 0.0953954523864 0 17 
6 35 2.0 3 35 13 0 38 82 1 0.239774457543 0 8 
6 35 2.0 2 37 20 0 60 84 1 0.239774457533 0 10 
6 36 0.0 5 25 57 0 116 79 2 8.59103942969e-56 1 14 
6 36 0.0 4 19 12 0 40 102 1 0.410841455544 0 8 
6 36 0.0 7 35 47 0 104 80 2 0.0322964407781 4 10 
6 36 0.0 6 16 16 0 98 65 2 0.286142446183 5 4 
6 36 0.0 9 18 19 0 70 60 2 3.3938062497e-20 4 4 
6 36 0.0 8 18 27 0 73 52 2 3.86908829505e-18 4 5 
6 36 0.0 11 28 50 0 114 107 2 0.286140439967 5 10 
6 36 0.0 10 23 18 0 87 74 2 0.105427530889 4 5 
6 36 0.0 13 44 67 0 94 89 2 5.22790944883e-19 11 6 
6 36 0.0 12 25 51 0 97 91 2 1.18144709704e-07 5 9 
6 36 0.0 15 38 27 0 50 64 3 1.47145046325e-42 6 4 
6 36 0.0 14 34 41 0 84 56 2 2.48474401508e-18 8 4 
6 36 0.0 17 40 63 0 82 92 2 9.41035872912e-27 10 6 
6 36 0.0 16 17 20 0 99 25 2 0.0546599664935 7 1 
6 36 0.0 19 28 37 0 98 68 2 3.17977107698e-37 10 2 
6 36 0.0 18 20 26 0 108 54 2 7.15405411794e-07 8 2 
6 36 0.0 20 24 30 0 106 82 2 1.11177362397e-06 10 2 
6 36 0.0 21 29 34 0 96 74 2 4.29974040916e-14 10 2 
6 36 0.0 22 57 26 0 42 48 3 4.21355879682e-61 10 0 
6 36 0.0 23 38 35 0 74 51 2 3.37534294474e-52 11 0 
6 36 0.0 1 15 71 0 147 92 1 0.214989600834 0 17 
6 36 0.0 3 35 13 0 38 82 1 0.260984971964 0 8 
6 36 0.0 2 37 20 0 60 84 1 0.260984971964 0 10 
6 36 2.0 5 25 57 0 116 79 2 3.33834719155e-99 1 14 
6 36 2.0 4 19 12 0 40 102 1 0.349467030688 0 8 
6 36 2.0 7 35 47 0 104 80 2 0.0321937680946 4 10 
6 36 2.0 6 16 16 0 98 65 2 0.327620303188 5 4 
6 36 2.0 9 18 19 0 70 60 2 2.06266770405e-21 4 4 
6 36 2.0 8 18 27 0 73 52 2 1.08366309062e-13 4 5 
6 36 2.0 11 28 50 0 114 107 2 0.188778891206 5 10 
6 36 2.0 10 23 18 0 87 74 2 0.17820065748 4 5 
6 36 2.0 13 44 67 0 94 89 2 1.38696136498e-16 11 6 
6 36 2.0 12 25 51 0 97 91 2 2.71821033509e-06 5 9 
6 36 2.0 15 38 27 0 50 64 3 5.62215643019e-22 6 4 
6 36 2.0 14 34 41 0 84 56 2 8.82937959821e-09 8 4 
6 36 2.0 17 40 63 0 82 92 2 2.80159397552e-27 10 6 
6 36 2.0 16 17 20 0 99 25 2 0.180771539762 7 1 
6 36 2.0 19 28 37 0 98 68 2 9.72931630903e-27 10 2 
6 36 2.0 18 20 26 0 108 54 2 0.03213595285 8 2 
6 36 2.0 20 24 30 0 106 82 2 0.136876243737 10 2 
6 36 2.0 21 29 34 0 96 74 2 7.1131687326e-05 10 2 
6 36 2.0 22 57 26 0 42 48 3 3.60987050784e-31 10 0 
6 36 2.0 23 38 35 0 74 51 2 9.71007823018e-42 11 0 
6 36 2.0 1 15 71 0 147 92 1 0.0953084306155 0 17 
6 36 2.0 3 35 13 0 38 82 1 0.239916699361 0 8 
6 36 2.0 2 37 20 0 60 84 1 0.239916699361 0 10 
6 37 0.0 5 25 57 0 116 79 2 1.2471939611e-58 1 14 
6 37 0.0 4 19 12 0 40 102 1 0.410821980147 0 8 
6 37 0.0 7 35 47 0 104 80 2 0.0322626255231 4 10 
6 37 0.0 6 16 16 0 98 65 2 0.286163349056 5 4 
6 37 0.0 9 18 19 0 70 60 2 2.11550060313e-20 4 4 
6 37 0.0 8 18 27 0 73 52 2 1.58579192496e-18 4 5 
6 37 0.0 11 28 50 0 114 107 2 0.286161818603 5 10 
6 37 0.0 10 23 18 0 87 74 2 0.10544192968 4 5 
6 37 0.0 13 44 67 0 94 89 2 2.81110247023e-19 11 6 
6 37 0.0 12 25 51 0 97 91 2 1.98974808496e-07 5 9 
6 37 0.0 15 38 27 0 50 64 3 9.89000537802e-43 6 4 
6 37 0.0 14 34 41 0 84 56 2 6.12299174082e-19 8 4 
6 37 0.0 17 40 63 0 82 92 2 8.99125774089e-27 10 6 
6 37 0.0 16 17 20 0 99 25 2 0.0546384104209 7 1 
6 37 0.0 19 28 37 0 98 68 2 6.88666913204e-38 10 2 
6 37 0.0 18 20 26 0 108 54 2 2.07732683914e-07 8 2 
6 37 0.0 20 24 30 0 106 82 2 8.48274989219e-07 10 2 
6 37 0.0 21 29 34 0 96 74 2 4.28615274262e-14 10 2 
6 37 0.0 22 57 26 0 42 48 3 8.99746466201e-62 10 0 
6 37 0.0 23 38 35 0 74 51 2 5.4924492644e-53 11 0 
6 37 0.0 1 15 71 0 147 92 1 0.215005145359 0 17 
6 37 0.0 3 35 13 0 38 82 1 0.260978736349 0 8 
6 37 0.0 2 37 20 0 60 84 1 0.260978736349 0 10 
6 37 2.0 5 25 57 0 116 79 2 1.91357717103e-98 1 14 
6 37 2.0 4 19 12 0 40 102 1 0.349480990912 0 8 
6 37 2.0 7 35 47 0 104 80 2 0.0321958505365 4 10 
6 37 2.0 6 16 16 0 98 65 2 0.327589384625 5 4 
6 37 2.0 9 18 19 0 70 60 2 7.30524950529e-22 4 4 
6 37 2.0 8 18 27 0 73 52 2 4.21907095997e-12 4 5 
6 37 2.0 11 28 50 0 114 107 2 0.188729822426 5 10 
6 37 2.0 10 23 18 0 87 74 2 0.178230061349 4 5 
6 37 2.0 13 44 67 0 94 89 2 1.18300878418e-16 11 6 
6 37 2.0 12 25 51 0 97 91 2 4.17690683585e-06 5 9 
6 37 2.0 15 38 27 0 50 64 3 1.25440487525e-23 6 4 
6 37 2.0 14 34 41 0 84 56 2 2.18537033762e-09 8 4 
6 37 2.0 17 40 63 0 82 92 2 1.95218786627e-28 10 6 
6 37 2.0 16 17 20 0 99 25 2 0.180631152991 7 1 
6 37 2.0 19 28 37 0 98 68 2 5.70508493549e-26 10 2 
6 37 2.0 18 20 26 0 108 54 2 0.0323174030968 8 2 
6 37 2.0 20 24 30 0 106 82 2 0.136902497076 10 2 
6 37 2.0 21 29 34 0 96 74 2 6.39562352789e-05 10 2 
6 37 2.0 22 57 26 0 42 48 3 2.41001618699e-31 10 0 
6 37 2.0 23 38 35 0 74 51 2 3.03803310751e-42 11 0 
6 37 2.0 1 15 71 0 147 92 1 0.095280844909 0 17 
6 37 2.0 3 35 13 0 38 82 1 0.239942347712 0 8 
6 37 2.0 2 37 20 0 60 84 1 0.239942347701 0 10 
6 38 0.0 5 25 57 0 116 79 2 8.71917468821e-59 1 14 
6 38 0.0 4 19 12 0 40 102 1 0.410823009356 0 8 
6 38 0.0 7 35 47 0 104 80 2 0.0322650821131 4 10 
6 38 0.0 6 16 16 0 98 65 2 0.286162380678 5 4 
6 38 0.0 9 18 19 0 70 60 2 2.50456963049e-20 4 4 
6 38 0.0 8 18 27 0 73 52 2 5.7356687252e-18 4 5 
6 38 0.0 11 28 50 0 114 107 2 0.286160288919 5 10 
6 38 0.0 10 23 18 0 87 74 2 0.105440469268 4 5 
6 38 0.0 13 44 67 0 94 89 2 3.1478220682e-19 11 6 
6 38 0.0 12 25 51 0 97 91 2 1.72943039402e-07 5 9 
6 38 0.0 15 38 27 0 50 64 3 2.14453608456e-43 6 4 
6 38 0.0 14 34 41 0 84 56 2 5.12658646472e-19 8 4 
6 38 0.0 17 40 63 0 82 92 2 1.85662921006e-27 10 6 
6 38 0.0 16 17 20 0 99 25 2 0.0546394787995 7 1 
6 38 0.0 19 28 37 0 98 68 2 1.66441906054e-37 10 2 
6 38 0.0 18 20 26 0 108 54 2 3.07910882222e-07 8 2 
6 38 0.0 20 24 30 0 106 82 2 1.15936344945e-06 10 2 
6 38 0.0 21 29 34 0 96 74 2 8.06934448088e-14 10 2 
6 38 0.0 22 57 26 0 42 48 3 2.94970097796e-62 10 0 
6 38 0.0 23 38 35 0 74 51 2 2.61463163806e-53 11 0 
6 38 0.0 1 15 71 0 147 92 1 0.215004372293 0 17 
6 38 0.0 3 35 13 0 38 82 1 0.260979045235 0 8 
6 38 0.0 2 37 20 0 60 84 1 0.260979045235 0 10 
6 38 2.0 5 25 57 0 116 79 2 4.08523517551e-101 1 14 
6 38 2.0 4 19 12 0 40 102 1 0.349477412044 0 8 
6 38 2.0 7 35 47 0 104 80 2 0.0322086610929 4 10 
6 38 2.0 6 16 16 0 98 65 2 0.327575889491 5 4 
6 38 2.0 9 18 19 0 70 60 2 2.80515227641e-21 4 4 
6 38 2.0 8 18 27 0 73 52 2 1.31835203532e-12 4 5 
6 38 2.0 11 28 50 0 114 107 2 0.188722406169 5 10 
6 38 2.0 10 23 18 0 87 74 2 0.178238343956 4 5 
6 38 2.0 13 44 67 0 94 89 2 4.5033944261e-16 11 6 
6 38 2.0 12 25 51 0 97 91 2 3.88822710192e-06 5 9 
6 38 2.0 15 38 27 0 50 64 3 2.42745886919e-23 6 4 
6 38 2.0 14 34 41 0 84 56 2 1.0144109472e-09 8 4 
6 38 2.0 17 40 63 0 82 92 2 7.42000864143e-28 10 6 
6 38 2.0 16 17 20 0 99 25 2 0.180581852568 7 1 
6 38 2.0 19 28 37 0 98 68 2 1.75682444504e-26 10 2 
6 38 2.0 18 20 26 0 108 54 2 0.032390032895 8 2 
6 38 2.0 20 24 30 0 106 82 2 0.136898071003 10 2 
6 38 2.0 21 29 34 0 96 74 2 3.57430973387e-05 10 2 
6 38 2.0 22 57 26 0 42 48 3 6.98394626538e-32 10 0 
6 38 2.0 23 38 35 0 74 51 2 1.25090563609e-42 11 0 
6 38 2.0 1 15 71 0 147 92 1 0.0952643995628 0 17 
6 38 2.0 3 35 13 0 38 82 1 0.23995103081 0 8 
6 38 2.0 2 37 20 0 60 84 1 0.239951030807 0 10 
6 39 0.0 5 25 57 0 116 79 2 2.24345514039e-57 1 14 
6 39 0.0 4 19 12 0 40 102 1 0.410822523933 0 8 
6 39 0.0 7 35 47 0 104 80 2 0.0322621955583 4 10 
6 39 0.0 6 16 16 0 98 65 2 0.286162753142 5 4 
6 39 0.0 9 18 19 0 70 60 2 8.20458431612e-20 4 4 
6 39 0.0 8 18 27 0 73 52 2 1.7414108586e-16 4 5 
6 39 0.0 11 28 50 0 114 107 2 0.286161418023 5 10 
6 39 0.0 10 23 18 0 87 74 2 0.105442524133 4 5 
6 39 0.0 13 44 67 0 94 89 2 8.63092749391e-20 11 6 
6 39 0.0 12 25 51 0 97 91 2 6.42731954285e-07 5 9 
6 39 0.0 15 38 27 0 50 64 3 1.94254050067e-43 6 4 
6 39 0.0 14 34 41 0 84 56 2 6.33644168349e-19 8 4 
6 39 0.0 17 40 63 0 82 92 2 2.03040899311e-27 10 6 
6 39 0.0 16 17 20 0 99 25 2 0.0546390494504 7 1 
6 39 0.0 19 28 37 0 98 68 2 7.97572481542e-38 10 2 
6 39 0.0 18 20 26 0 108 54 2 2.17059024546e-07 8 2 
6 39 0.0 20 24 30 0 106 82 2 7.40012257144e-07 10 2 
6 39 0.0 21 29 34 0 96 74 2 2.52877140452e-13 10 2 
6 39 0.0 22 57 26 0 42 48 3 2.03452510573e-61 10 0 
6 39 0.0 23 38 35 0 74 51 2 1.14856745011e-52 11 0 
6 39 0.0 1 15 71 0 147 92 1 0.215004630042 0 17 
6 39 0.0 3 35 13 0 38 82 1 0.260979081712 0 8 
6 39 0.0 2 37 20 0 60 84 1 0.260979081712 0 10 
6 39 2.0 5 25 57 0 116 79 2 1.85620390772e-98 1 14 
6 39 2.0 4 19 12 0 40 102 1 0.349492323828 0 8 
6 39 2.0 7 35 47 0 104 80 2 0.032202476744 4 10 
6 39 2.0 6 16 16 0 98 65 2 0.327533139751 5 4 
6 39 2.0 9 18 19 0 70 60 2 4.37548675904e-21 4 4 
6 39 2.0 8 18 27 0 73 52 2 7.18200464725e-13 4 5 
6 39 2.0 11 28 50 0 114 107 2 0.188626907533 5 10 
6 39 2.0 10 23 18 0 87 74 2 0.178305135209 4 5 
6 39 2.0 13 44 67 0 94 89 2 1.79165777815e-15 11 6 
6 39 2.0 12 25 51 0 97 91 2 1.62866035118e-06 5 9 
6 39 2.0 15 38 27 0 50 64 3 9.38303849357e-23 6 4 
6 39 2.0 14 34 41 0 84 56 2 3.14663716166e-09 8 4 
6 39 2.0 17 40 63 0 82 92 2 5.2913541771e-28 10 6 
6 39 2.0 16 17 20 0 99 25 2 0.180307127885 7 1 
6 39 2.0 19 28 37 0 98 68 2 1.79641700671e-26 10 2 
6 39 2.0 18 20 26 0 108 54 2 0.032736217942 8 2 
6 39 2.0 20 24 30 0 106 82 2 0.136957052116 10 2 
6 39 2.0 21 29 34 0 96 74 2 1.49130223572e-05 10 2 
6 39 2.0 22 57 26 0 42 48 3 2.03466379299e-31 10 0 
6 39 2.0 23 38 35 0 74 51 2 8.10216183803e-42 11 0 
6 39 2.0 1 15 71 0 147 92 1 0.0952218170263 0 17 
6 39 2.0 3 35 13 0 38 82 1 0.239997778643 0 8 
6 39 2.0 2 37 20 0 60 84 1 0.239997778642 0 10 
6 40 0.0 5 25 57 0 116 79 2 4.26943361452e-59 1 14 
6 40 0.0 4 19 12 0 40 102 1 0.41084630429 0 8 
6 40 0.0 7 35 47 0 104 80 2 0.0323030773662 4 10 
6 40 0.0 6 16 16 0 98 65 2 0.286137003772 5 4 
6 40 0.0 9 18 19 0 70 60 2 1.93008613775e-20 4 4 
6 40 0.0 8 18 27 0 73 52 2 3.35293130644e-17 4 5 
6 40 0.0 11 28 50 0 114 107 2 0.286135716236 5 10 
6 40 0.0 10 23 18 0 87 74 2 0.105425880862 4 5 
6 40 0.0 13 44 67 0 94 89 2 9.51971748143e-19 11 6 
6 40 0.0 12 25 51 0 97 91 2 9.82209688874e-08 5 9 
6 40 0.0 15 38 27 0 50 64 3 8.64124659604e-43 6 4 
6 40 0.0 14 34 41 0 84 56 2 5.54621797974e-19 8 4 
6 40 0.0 17 40 63 0 82 92 2 1.05787160301e-26 10 6 
6 40 0.0 16 17 20 0 99 25 2 0.0546662194338 7 1 
6 40 0.0 19 28 37 0 98 68 2 1.45583548201e-38 10 2 
6 40 0.0 18 20 26 0 108 54 2 3.63736755968e-08 8 2 
6 40 0.0 20 24 30 0 106 82 2 7.13490742681e-07 10 2 
6 40 0.0 21 29 34 0 96 74 2 1.2443573038e-14 10 2 
6 40 0.0 22 57 26 0 42 48 3 1.08478120586e-61 10 0 
6 40 0.0 23 38 35 0 74 51 2 3.10892293651e-53 11 0 
6 40 0.0 1 15 71 0 147 92 1 0.214985606786 0 17 
6 40 0.0 3 35 13 0 38 82 1 0.260986678202 0 8 
6 40 0.0 2 37 20 0 60 84 1 0.260986678202 0 10 
6 40 2.0 5 25 57 0 116 79 2 2.86468443946e-98 1 14 
6 40 2.0 4 19 12 0 40 102 1 0.349474572776 0 8 
6 40 2.0 7 35 47 0 104 80 2 0.0321589869825 4 10 
6 40 2.0 6 16 16 0 98 65 2 0.327589384379 5 4 
6 40 2.0 9 18 19 0 70 60 2 3.1579908867e-22 4 4 
6 40 2.0 8 18 27 0 73 52 2 1.02318377039e-12 4 5 
6 40 2.0 11 28 50 0 114 107 2 0.188669531014 5 10 
6 40 2.0 10 23 18 0 87 74 2 0.178281202059 4 5 
6 40 2.0 13 44 67 0 94 89 2 8.92980744652e-16 11 6 
6 40 2.0 12 25 51 0 97 91 2 1.02095961612e-05 5 9 
6 40 2.0 15 38 27 0 50 64 3 1.90490807176e-24 6 4 
6 40 2.0 14 34 41 0 84 56 2 6.26586665593e-09 8 4 
6 40 2.0 17 40 63 0 82 92 2 3.91270707718e-28 10 6 
6 40 2.0 16 17 20 0 99 25 2 0.180449541128 7 1 
6 40 2.0 19 28 37 0 98 68 2 7.66471876204e-27 10 2 
6 40 2.0 18 20 26 0 108 54 2 0.0325229856535 8 2 
6 40 2.0 20 24 30 0 106 82 2 0.136959986908 10 2 
6 40 2.0 21 29 34 0 96 74 2 5.29665765293e-05 10 2 
6 40 2.0 22 57 26 0 42 48 3 1.63022931121e-31 10 0 
6 40 2.0 23 38 35 0 74 51 2 6.67429071271e-42 11 0 
6 40 2.0 1 15 71 0 147 92 1 0.0952721932571 0 17 
6 40 2.0 3 35 13 0 38 82 1 0.239968559908 0 8 
6 40 2.0 2 37 20 0 60 84 1 0.239968559905 0 10 
