8 1 0.0 7 8 7 0 16 20 3 2.03626296398e-41 4 2 
8 1 0.0 10 7 5 0 16 15 3 2.40904155502e-54 5 0 
8 1 0.0 6 4 0 0 8 19 2 0.0757826624619 1 2 
8 1 0.0 1 7 0 0 4 4 1 0.146448558507 0 2 
8 1 0.0 9 6 10 0 11 15 3 5.81840317006e-55 5 1 
8 1 0.0 3 4 5 0 10 27 2 0.0876735015892 1 4 
8 1 0.0 8 6 10 0 10 16 3 2.98332238618e-50 4 2 
8 1 0.0 2 6 0 0 4 4 1 0.131640115194 0 2 
8 1 0.0 5 4 5 0 10 27 2 0.0757527937618 1 4 
8 1 0.0 4 5 3 0 7 21 2 0.0876977428603 1 3 
8 1 2.0 7 8 7 0 16 20 3 1.58229555339e-05 4 2 
8 1 2.0 10 7 5 0 16 15 3 8.45306009033e-24 5 0 
8 1 2.0 6 4 0 0 8 19 2 0.0437891357036 1 2 
8 1 2.0 1 7 0 0 4 4 1 0.164843476339 0 2 
8 1 2.0 9 6 10 0 11 15 3 6.70645054621e-24 5 1 
8 1 2.0 3 4 5 0 10 27 2 0.0498608518269 1 4 
8 1 2.0 8 6 10 0 10 16 3 1.53355283136e-17 4 2 
8 1 2.0 2 6 0 0 4 4 1 0.0833120171629 0 2 
8 1 2.0 5 4 5 0 10 27 2 0.0437769995016 1 4 
8 1 2.0 4 5 3 0 7 21 2 0.0498989800352 1 3 
8 2 0.0 7 8 7 0 16 20 3 7.14527030536e-41 4 2 
8 2 0.0 10 7 5 0 16 15 3 1.63437939313e-54 5 0 
8 2 0.0 6 4 0 0 8 19 2 0.0613512794429 1 2 
8 2 0.0 1 7 0 0 4 4 1 0.132578750474 0 2 
8 2 0.0 9 6 10 0 11 15 3 5.03378733696e-56 5 1 
8 2 0.0 3 4 5 0 10 27 2 0.0651581424511 1 4 
8 2 0.0 8 6 10 0 10 16 3 3.35474644343e-50 4 2 
8 2 0.0 2 6 0 0 4 4 1 0.232039347729 0 2 
8 2 0.0 5 4 5 0 10 27 2 0.0613067953944 1 4 
8 2 0.0 4 5 3 0 7 21 2 0.0651876217899 1 3 
8 2 2.0 7 8 7 0 16 20 3 9.4629906512e-05 4 2 
8 2 2.0 10 7 5 0 16 15 3 6.14461895742e-24 5 0 
8 2 2.0 6 4 0 0 8 19 2 0.130658881041 1 2 
8 2 2.0 1 7 0 0 4 4 1 0.0948714649371 0 2 
8 2 2.0 9 6 10 0 11 15 3 8.24042290286e-24 5 1 
8 2 2.0 3 4 5 0 10 27 2 0.044773820112 1 4 
8 2 2.0 8 6 10 0 10 16 3 7.13381336983e-18 4 2 
8 2 2.0 2 6 0 0 4 4 1 0.0696081181051 0 2 
8 2 2.0 5 4 5 0 10 27 2 0.13060921758 1 4 
8 2 2.0 4 5 3 0 7 21 2 0.0448147233728 1 3 
8 3 0.0 7 8 7 0 16 20 3 1.59918637906e-41 4 2 
8 3 0.0 10 7 5 0 16 15 3 3.4926970566e-54 5 0 
8 3 0.0 6 4 0 0 8 19 2 0.052312851271 1 2 
8 3 0.0 1 7 0 0 4 4 1 0.144094342743 0 2 
8 3 0.0 9 6 10 0 11 15 3 9.91417125491e-55 5 1 
8 3 0.0 3 4 5 0 10 27 2 0.0862226978993 1 4 
8 3 0.0 8 6 10 0 10 16 3 2.22529072123e-50 4 2 
8 3 0.0 2 6 0 0 4 4 1 0.157396170793 0 2 
8 3 0.0 5 4 5 0 10 27 2 0.0522854714366 1 4 
8 3 0.0 4 5 3 0 7 21 2 0.0862132713125 1 3 
8 3 2.0 7 8 7 0 16 20 3 0.000537510318994 4 2 
8 3 2.0 10 7 5 0 16 15 3 4.25214786346e-23 5 0 
8 3 2.0 6 4 0 0 8 19 2 0.084814170605 1 2 
8 3 2.0 1 7 0 0 4 4 1 0.0958910833797 0 2 
8 3 2.0 9 6 10 0 11 15 3 1.61973032032e-23 5 1 
8 3 2.0 3 4 5 0 10 27 2 0.049599615353 1 4 
8 3 2.0 8 6 10 0 10 16 3 3.83408722601e-17 4 2 
8 3 2.0 2 6 0 0 4 4 1 0.0756503574271 0 2 
8 3 2.0 5 4 5 0 10 27 2 0.0847488808767 1 4 
8 3 2.0 4 5 3 0 7 21 2 0.0496283345377 1 3 
8 4 0.0 7 8 7 0 16 20 3 2.33547993499e-41 4 2 
8 4 0.0 10 7 5 0 16 15 3 5.57173750268e-54 5 0 
8 4 0.0 6 4 0 0 8 19 2 0.0693476534401 1 2 
8 4 0.0 1 7 0 0 4 4 1 0.174802051484 0 2 
8 4 0.0 9 6 10 0 11 15 3 1.53098990908e-55 5 1 
8 4 0.0 3 4 5 0 10 27 2 0.0936162276123 1 4 
8 4 0.0 8 6 10 0 10 16 3 1.37826592799e-51 4 2 
8 4 0.0 2 6 0 0 4 4 1 0.231313231309 0 2 
8 4 0.0 5 4 5 0 10 27 2 0.0692429223148 1 4 
8 4 0.0 4 5 3 0 7 21 2 0.0936195404847 1 3 
8 4 2.0 7 8 7 0 16 20 3 0.000158544600521 4 2 
8 4 2.0 10 7 5 0 16 15 3 4.73626890534e-24 5 0 
8 4 2.0 6 4 0 0 8 19 2 0.0645914828593 1 2 
8 4 2.0 1 7 0 0 4 4 1 0.0701654797138 0 2 
8 4 2.0 9 6 10 0 11 15 3 4.12597180363e-23 5 1 
8 4 2.0 3 4 5 0 10 27 2 0.0964089710993 1 4 
8 4 2.0 8 6 10 0 10 16 3 7.12981924759e-16 4 2 
8 4 2.0 2 6 0 0 4 4 1 0.213255884154 0 2 
8 4 2.0 5 4 5 0 10 27 2 0.0645816341748 1 4 
8 4 2.0 4 5 3 0 7 21 2 0.0964895073803 1 3 
8 5 0.0 7 8 7 0 16 20 3 1.19193991088e-41 4 2 
8 5 0.0 10 7 5 0 16 15 3 5.63333658686e-54 5 0 
8 5 0.0 6 4 0 0 8 19 2 0.0922534338907 1 2 
8 5 0.0 1 7 0 0 4 4 1 0.148894172293 0 2 
8 5 0.0 9 6 10 0 11 15 3 4.98231132425e-55 5 1 
8 5 0.0 3 4 5 0 10 27 2 0.0888599532619 1 4 
8 5 0.0 8 6 10 0 10 16 3 1.09313238742e-50 4 2 
8 5 0.0 2 6 0 0 4 4 1 0.195212851102 0 2 
8 5 0.0 5 4 5 0 10 27 2 0.0922012991002 1 4 
8 5 0.0 4 5 3 0 7 21 2 0.0888654864913 1 3 
8 5 2.0 7 8 7 0 16 20 3 9.30806565889e-05 4 2 
8 5 2.0 10 7 5 0 16 15 3 4.75766546731e-24 5 0 
8 5 2.0 6 4 0 0 8 19 2 0.0447082964306 1 2 
8 5 2.0 1 7 0 0 4 4 1 0.185976389806 0 2 
8 5 2.0 9 6 10 0 11 15 3 1.38945760038e-22 5 1 
8 5 2.0 3 4 5 0 10 27 2 0.1007475472 1 4 
8 5 2.0 8 6 10 0 10 16 3 7.33181579876e-16 4 2 
8 5 2.0 2 6 0 0 4 4 1 0.16092207996 0 2 
8 5 2.0 5 4 5 0 10 27 2 0.0447065358699 1 4 
8 5 2.0 4 5 3 0 7 21 2 0.100829140543 1 3 
8 6 0.0 7 8 7 0 16 20 3 2.35081873565e-41 4 2 
8 6 0.0 10 7 5 0 16 15 3 6.97905631178e-54 5 0 
8 6 0.0 6 4 0 0 8 19 2 0.0888685339472 1 2 
8 6 0.0 1 7 0 0 4 4 1 0.186500950974 0 2 
8 6 0.0 9 6 10 0 11 15 3 5.22575463242e-55 5 1 
8 6 0.0 3 4 5 0 10 27 2 0.0937139538407 1 4 
8 6 0.0 8 6 10 0 10 16 3 3.19182064018e-51 4 2 
8 6 0.0 2 6 0 0 4 4 1 0.157376019605 0 2 
8 6 0.0 5 4 5 0 10 27 2 0.0888042336744 1 4 
8 6 0.0 4 5 3 0 7 21 2 0.0936934521602 1 3 
8 6 2.0 7 8 7 0 16 20 3 4.02963996047e-05 4 2 
8 6 2.0 10 7 5 0 16 15 3 2.49985469392e-22 5 0 
8 6 2.0 6 4 0 0 8 19 2 0.0596372924056 1 2 
8 6 2.0 1 7 0 0 4 4 1 0.0866392398592 0 2 
8 6 2.0 9 6 10 0 11 15 3 2.10576789503e-23 5 1 
8 6 2.0 3 4 5 0 10 27 2 0.0436031693176 1 4 
8 6 2.0 8 6 10 0 10 16 3 8.52883420121e-17 4 2 
8 6 2.0 2 6 0 0 4 4 1 0.205509119414 0 2 
8 6 2.0 5 4 5 0 10 27 2 0.0596288331843 1 4 
8 6 2.0 4 5 3 0 7 21 2 0.043608578393 1 3 
8 7 0.0 7 8 7 0 16 20 3 1.56562166922e-40 4 2 
8 7 0.0 10 7 5 0 16 15 3 1.05897300703e-53 5 0 
8 7 0.0 6 4 0 0 8 19 2 0.075553593599 1 2 
8 7 0.0 1 7 0 0 4 4 1 0.204400565153 0 2 
8 7 0.0 9 6 10 0 11 15 3 9.17342168348e-56 5 1 
8 7 0.0 3 4 5 0 10 27 2 0.0562089457806 1 4 
8 7 0.0 8 6 10 0 10 16 3 4.66340943314e-51 4 2 
8 7 0.0 2 6 0 0 4 4 1 0.215133151011 0 2 
8 7 0.0 5 4 5 0 10 27 2 0.0754930674112 1 4 
8 7 0.0 4 5 3 0 7 21 2 0.0562242574266 1 3 
8 7 2.0 7 8 7 0 16 20 3 6.42076376514e-05 4 2 
8 7 2.0 10 7 5 0 16 15 3 9.36751962629e-24 5 0 
8 7 2.0 6 4 0 0 8 19 2 0.0842831677548 1 2 
8 7 2.0 1 7 0 0 4 4 1 0.100581361518 0 2 
8 7 2.0 9 6 10 0 11 15 3 8.31435184328e-24 5 1 
8 7 2.0 3 4 5 0 10 27 2 0.132776251571 1 4 
8 7 2.0 8 6 10 0 10 16 3 4.08547323385e-17 4 2 
8 7 2.0 2 6 0 0 4 4 1 0.222328280298 0 2 
8 7 2.0 5 4 5 0 10 27 2 0.0842551898223 1 4 
8 7 2.0 4 5 3 0 7 21 2 0.132871689284 1 3 
8 8 0.0 7 8 7 0 16 20 3 1.57242942785e-41 4 2 
8 8 0.0 10 7 5 0 16 15 3 9.81376425649e-55 5 0 
8 8 0.0 6 4 0 0 8 19 2 0.0824588692556 1 2 
8 8 0.0 1 7 0 0 4 4 1 0.175580779284 0 2 
8 8 0.0 9 6 10 0 11 15 3 1.81724465768e-55 5 1 
8 8 0.0 3 4 5 0 10 27 2 0.0928814803714 1 4 
8 8 0.0 8 6 10 0 10 16 3 5.70497457174e-51 4 2 
8 8 0.0 2 6 0 0 4 4 1 0.228599395689 0 2 
8 8 0.0 5 4 5 0 10 27 2 0.0823884785787 1 4 
8 8 0.0 4 5 3 0 7 21 2 0.0929152056492 1 3 
8 8 2.0 7 8 7 0 16 20 3 0.00021850004787 4 2 
8 8 2.0 10 7 5 0 16 15 3 4.15474254039e-24 5 0 
8 8 2.0 6 4 0 0 8 19 2 0.078679190278 1 2 
8 8 2.0 1 7 0 0 4 4 1 0.0722029536999 0 2 
8 8 2.0 9 6 10 0 11 15 3 6.13112245672e-23 5 1 
8 8 2.0 3 4 5 0 10 27 2 0.0681509621172 1 4 
8 8 2.0 8 6 10 0 10 16 3 4.55853749781e-16 4 2 
8 8 2.0 2 6 0 0 4 4 1 0.0494420067911 0 2 
8 8 2.0 5 4 5 0 10 27 2 0.0786597912151 1 4 
8 8 2.0 4 5 3 0 7 21 2 0.0682129263655 1 3 
8 9 0.0 7 8 7 0 16 20 3 5.19364778932e-41 4 2 
8 9 0.0 10 7 5 0 16 15 3 8.08810698316e-55 5 0 
8 9 0.0 6 4 0 0 8 19 2 0.0935657597981 1 2 
8 9 0.0 1 7 0 0 4 4 1 0.221756079048 0 2 
8 9 0.0 9 6 10 0 11 15 3 5.23048019051e-55 5 1 
8 9 0.0 3 4 5 0 10 27 2 0.0578218945254 1 4 
8 9 0.0 8 6 10 0 10 16 3 1.49566314251e-50 4 2 
8 9 0.0 2 6 0 0 4 4 1 0.17604195297 0 2 
8 9 0.0 5 4 5 0 10 27 2 0.093562558154 1 4 
8 9 0.0 4 5 3 0 7 21 2 0.0578692447762 1 3 
8 9 2.0 7 8 7 0 16 20 3 2.74062721438e-05 4 2 
8 9 2.0 10 7 5 0 16 15 3 1.18949255646e-23 5 0 
8 9 2.0 6 4 0 0 8 19 2 0.0435547262492 1 2 
8 9 2.0 1 7 0 0 4 4 1 0.125060979176 0 2 
8 9 2.0 9 6 10 0 11 15 3 1.48893324506e-24 5 1 
8 9 2.0 3 4 5 0 10 27 2 0.0420818811879 1 4 
8 9 2.0 8 6 10 0 10 16 3 3.74759258812e-18 4 2 
8 9 2.0 2 6 0 0 4 4 1 0.0921100513822 0 2 
8 9 2.0 5 4 5 0 10 27 2 0.0435345928731 1 4 
8 9 2.0 4 5 3 0 7 21 2 0.042113031618 1 3 
8 10 0.0 7 8 7 0 16 20 3 9.03296509303e-41 4 2 
8 10 0.0 10 7 5 0 16 15 3 2.74734456298e-54 5 0 
8 10 0.0 6 4 0 0 8 19 2 0.0548889866649 1 2 
8 10 0.0 1 7 0 0 4 4 1 0.133361023444 0 2 
8 10 0.0 9 6 10 0 11 15 3 1.39202285997e-55 5 1 
8 10 0.0 3 4 5 0 10 27 2 0.0635631237952 1 4 
8 10 0.0 8 6 10 0 10 16 3 5.46797564429e-51 4 2 
8 10 0.0 2 6 0 0 4 4 1 0.165092342349 0 2 
8 10 0.0 5 4 5 0 10 27 2 0.0548526457491 1 4 
8 10 0.0 4 5 3 0 7 21 2 0.063595604745 1 3 
8 10 2.0 7 8 7 0 16 20 3 0.000143864053979 4 2 
8 10 2.0 10 7 5 0 16 15 3 3.12413686505e-23 5 0 
8 10 2.0 6 4 0 0 8 19 2 0.119819626426 1 2 
8 10 2.0 1 7 0 0 4 4 1 0.100494688276 0 2 
8 10 2.0 9 6 10 0 11 15 3 3.9585159944e-23 5 1 
8 10 2.0 3 4 5 0 10 27 2 0.0859893434252 1 4 
8 10 2.0 8 6 10 0 10 16 3 6.19464201239e-17 4 2 
8 10 2.0 2 6 0 0 4 4 1 0.210090003612 0 2 
8 10 2.0 5 4 5 0 10 27 2 0.119755410303 1 4 
8 10 2.0 4 5 3 0 7 21 2 0.0860124677732 1 3 
8 11 0.0 7 8 7 0 16 20 3 4.08871254149e-41 4 2 
8 11 0.0 10 7 5 0 16 15 3 1.44649518503e-54 5 0 
8 11 0.0 6 4 0 0 8 19 2 0.0879532367337 1 2 
8 11 0.0 1 7 0 0 4 4 1 0.153386548858 0 2 
8 11 0.0 9 6 10 0 11 15 3 1.85532568455e-55 5 1 
8 11 0.0 3 4 5 0 10 27 2 0.0892367114855 1 4 
8 11 0.0 8 6 10 0 10 16 3 1.45098745985e-50 4 2 
8 11 0.0 2 6 0 0 4 4 1 0.219639823791 0 2 
8 11 0.0 5 4 5 0 10 27 2 0.0879142115758 1 4 
8 11 0.0 4 5 3 0 7 21 2 0.0892826989975 1 3 
8 11 2.0 7 8 7 0 16 20 3 9.70028184225e-05 4 2 
8 11 2.0 10 7 5 0 16 15 3 1.59506078286e-22 5 0 
8 11 2.0 6 4 0 0 8 19 2 0.0778287611099 1 2 
8 11 2.0 1 7 0 0 4 4 1 0.195586953701 0 2 
8 11 2.0 9 6 10 0 11 15 3 4.26766945114e-23 5 1 
8 11 2.0 3 4 5 0 10 27 2 0.118563975019 1 4 
8 11 2.0 8 6 10 0 10 16 3 6.03665472429e-17 4 2 
8 11 2.0 2 6 0 0 4 4 1 0.0568626785725 0 2 
8 11 2.0 5 4 5 0 10 27 2 0.0778206684568 1 4 
8 11 2.0 4 5 3 0 7 21 2 0.118604526773 1 3 
8 12 0.0 7 8 7 0 16 20 3 1.10572923431e-40 4 2 
8 12 0.0 10 7 5 0 16 15 3 2.71311478115e-55 5 0 
8 12 0.0 6 4 0 0 8 19 2 0.0798992924383 1 2 
8 12 0.0 1 7 0 0 4 4 1 0.19301103949 0 2 
8 12 0.0 9 6 10 0 11 15 3 1.90018541875e-54 5 1 
8 12 0.0 3 4 5 0 10 27 2 0.0602347944816 1 4 
8 12 0.0 8 6 10 0 10 16 3 3.37146690618e-49 4 2 
8 12 0.0 2 6 0 0 4 4 1 0.133928575912 0 2 
8 12 0.0 5 4 5 0 10 27 2 0.07988620603 1 4 
8 12 0.0 4 5 3 0 7 21 2 0.060315694628 1 3 
8 12 2.0 7 8 7 0 16 20 3 0.000132055528301 4 2 
8 12 2.0 10 7 5 0 16 15 3 5.63184351355e-24 5 0 
8 12 2.0 6 4 0 0 8 19 2 0.0921519934755 1 2 
8 12 2.0 1 7 0 0 4 4 1 0.0681125321209 0 2 
8 12 2.0 9 6 10 0 11 15 3 1.00408133238e-22 5 1 
8 12 2.0 3 4 5 0 10 27 2 0.0972787696499 1 4 
8 12 2.0 8 6 10 0 10 16 3 5.75389984313e-16 4 2 
8 12 2.0 2 6 0 0 4 4 1 0.223736419137 0 2 
8 12 2.0 5 4 5 0 10 27 2 0.0921350804443 1 4 
8 12 2.0 4 5 3 0 7 21 2 0.0973545616055 1 3 
8 13 0.0 7 8 7 0 16 20 3 8.48976799717e-41 4 2 
8 13 0.0 10 7 5 0 16 15 3 1.11785235734e-54 5 0 
8 13 0.0 6 4 0 0 8 19 2 0.0854473336704 1 2 
8 13 0.0 1 7 0 0 4 4 1 0.13204104688 0 2 
8 13 0.0 9 6 10 0 11 15 3 6.45845633085e-55 5 1 
8 13 0.0 3 4 5 0 10 27 2 0.0691429670141 1 4 
8 13 0.0 8 6 10 0 10 16 3 2.06025755018e-50 4 2 
8 13 0.0 2 6 0 0 4 4 1 0.227245519766 0 2 
8 13 0.0 5 4 5 0 10 27 2 0.0854118378342 1 4 
8 13 0.0 4 5 3 0 7 21 2 0.0691890360083 1 3 
8 13 2.0 7 8 7 0 16 20 3 8.90333156098e-05 4 2 
8 13 2.0 10 7 5 0 16 15 3 1.2699814421e-23 5 0 
8 13 2.0 6 4 0 0 8 19 2 0.147491268955 1 2 
8 13 2.0 1 7 0 0 4 4 1 0.173897024334 0 2 
8 13 2.0 9 6 10 0 11 15 3 2.21165402059e-24 5 1 
8 13 2.0 3 4 5 0 10 27 2 0.0535203880053 1 4 
8 13 2.0 8 6 10 0 10 16 3 1.90090422489e-17 4 2 
8 13 2.0 2 6 0 0 4 4 1 0.100534649174 0 2 
8 13 2.0 5 4 5 0 10 27 2 0.147435658931 1 4 
8 13 2.0 4 5 3 0 7 21 2 0.0535625813197 1 3 
8 14 0.0 7 8 7 0 16 20 3 2.09962976043e-41 4 2 
8 14 0.0 10 7 5 0 16 15 3 5.1451017899e-55 5 0 
8 14 0.0 6 4 0 0 8 19 2 0.0888792109073 1 2 
8 14 0.0 1 7 0 0 4 4 1 0.14855171901 0 2 
8 14 0.0 9 6 10 0 11 15 3 9.29649028174e-56 5 1 
8 14 0.0 3 4 5 0 10 27 2 0.0849195842883 1 4 
8 14 0.0 8 6 10 0 10 16 3 3.19655270262e-51 4 2 
8 14 0.0 2 6 0 0 4 4 1 0.211803635194 0 2 
8 14 0.0 5 4 5 0 10 27 2 0.0888125054765 1 4 
8 14 0.0 4 5 3 0 7 21 2 0.0849976536647 1 3 
8 14 2.0 7 8 7 0 16 20 3 3.23898362989e-05 4 2 
8 14 2.0 10 7 5 0 16 15 3 3.4941449557e-23 5 0 
8 14 2.0 6 4 0 0 8 19 2 0.073014449483 1 2 
8 14 2.0 1 7 0 0 4 4 1 0.0837344860738 0 2 
8 14 2.0 9 6 10 0 11 15 3 4.30434365477e-24 5 1 
8 14 2.0 3 4 5 0 10 27 2 0.142368902624 1 4 
8 14 2.0 8 6 10 0 10 16 3 2.59008972505e-18 4 2 
8 14 2.0 2 6 0 0 4 4 1 0.0519891790791 0 2 
8 14 2.0 5 4 5 0 10 27 2 0.0729711418062 1 4 
8 14 2.0 4 5 3 0 7 21 2 0.142432528217 1 3 
8 15 0.0 7 8 7 0 16 20 3 4.11985769568e-40 4 2 
8 15 0.0 10 7 5 0 16 15 3 1.03913597114e-53 5 0 
8 15 0.0 6 4 0 0 8 19 2 0.0684316687738 1 2 
8 15 0.0 1 7 0 0 4 4 1 0.224422355179 0 2 
8 15 0.0 9 6 10 0 11 15 3 2.62172923568e-54 5 1 
8 15 0.0 3 4 5 0 10 27 2 0.0641810903027 1 4 
8 15 0.0 8 6 10 0 10 16 3 1.11169303225e-49 4 2 
8 15 0.0 2 6 0 0 4 4 1 0.129176598266 0 2 
8 15 0.0 5 4 5 0 10 27 2 0.0684290792726 1 4 
8 15 0.0 4 5 3 0 7 21 2 0.0641877128359 1 3 
8 15 2.0 7 8 7 0 16 20 3 7.86450897264e-05 4 2 
8 15 2.0 10 7 5 0 16 15 3 1.92622234648e-23 5 0 
8 15 2.0 6 4 0 0 8 19 2 0.146211741659 1 2 
8 15 2.0 1 7 0 0 4 4 1 0.164981373868 0 2 
8 15 2.0 9 6 10 0 11 15 3 2.14640394463e-24 5 1 
8 15 2.0 3 4 5 0 10 27 2 0.12669097278 1 4 
8 15 2.0 8 6 10 0 10 16 3 9.79494830377e-19 4 2 
8 15 2.0 2 6 0 0 4 4 1 0.113110535766 0 2 
8 15 2.0 5 4 5 0 10 27 2 0.146057393942 1 4 
8 15 2.0 4 5 3 0 7 21 2 0.126755201707 1 3 
8 16 0.0 7 8 7 0 16 20 3 6.32523757207e-42 4 2 
8 16 0.0 10 7 5 0 16 15 3 1.05184458073e-54 5 0 
8 16 0.0 6 4 0 0 8 19 2 0.0854067217722 1 2 
8 16 0.0 1 7 0 0 4 4 1 0.240920737904 0 2 
8 16 0.0 9 6 10 0 11 15 3 1.27848177582e-55 5 1 
8 16 0.0 3 4 5 0 10 27 2 0.065683301147 1 4 
8 16 0.0 8 6 10 0 10 16 3 1.81918493279e-51 4 2 
8 16 0.0 2 6 0 0 4 4 1 0.219483861778 0 2 
8 16 0.0 5 4 5 0 10 27 2 0.0853250297283 1 4 
8 16 0.0 4 5 3 0 7 21 2 0.0657102000814 1 3 
8 16 2.0 7 8 7 0 16 20 3 0.000199235147993 4 2 
8 16 2.0 10 7 5 0 16 15 3 1.81837343337e-23 5 0 
8 16 2.0 6 4 0 0 8 19 2 0.104321006462 1 2 
8 16 2.0 1 7 0 0 4 4 1 0.0501795407433 0 2 
8 16 2.0 9 6 10 0 11 15 3 1.49907312044e-23 5 1 
8 16 2.0 3 4 5 0 10 27 2 0.0915730862877 1 4 
8 16 2.0 8 6 10 0 10 16 3 4.88987264238e-16 4 2 
8 16 2.0 2 6 0 0 4 4 1 0.222850783111 0 2 
8 16 2.0 5 4 5 0 10 27 2 0.104296151413 1 4 
8 16 2.0 4 5 3 0 7 21 2 0.0916329605459 1 3 
8 17 0.0 7 8 7 0 16 20 3 1.04528698628e-40 4 2 
8 17 0.0 10 7 5 0 16 15 3 2.2405851334e-54 5 0 
8 17 0.0 6 4 0 0 8 19 2 0.0713163935301 1 2 
8 17 0.0 1 7 0 0 4 4 1 0.132014892525 0 2 
8 17 0.0 9 6 10 0 11 15 3 3.35536978788e-55 5 1 
8 17 0.0 3 4 5 0 10 27 2 0.0633921896867 1 4 
8 17 0.0 8 6 10 0 10 16 3 1.65258748701e-49 4 2 
8 17 0.0 2 6 0 0 4 4 1 0.180557535228 0 2 
8 17 0.0 5 4 5 0 10 27 2 0.0712909610152 1 4 
8 17 0.0 4 5 3 0 7 21 2 0.0634043523625 1 3 
8 17 2.0 7 8 7 0 16 20 3 6.8938530161e-06 4 2 
8 17 2.0 10 7 5 0 16 15 3 3.56107749464e-23 5 0 
8 17 2.0 6 4 0 0 8 19 2 0.148705147973 1 2 
8 17 2.0 1 7 0 0 4 4 1 0.122164511712 0 2 
8 17 2.0 9 6 10 0 11 15 3 2.28872580657e-24 5 1 
8 17 2.0 3 4 5 0 10 27 2 0.153346183374 1 4 
8 17 2.0 8 6 10 0 10 16 3 7.84423122922e-18 4 2 
8 17 2.0 2 6 0 0 4 4 1 0.104793951963 0 2 
8 17 2.0 5 4 5 0 10 27 2 0.148661018191 1 4 
8 17 2.0 4 5 3 0 7 21 2 0.153408011672 1 3 
8 18 0.0 7 8 7 0 16 20 3 1.30823311135e-40 4 2 
8 18 0.0 10 7 5 0 16 15 3 1.15969441538e-54 5 0 
8 18 0.0 6 4 0 0 8 19 2 0.0797035287759 1 2 
8 18 0.0 1 7 0 0 4 4 1 0.205603482868 0 2 
8 18 0.0 9 6 10 0 11 15 3 3.70300982034e-55 5 1 
8 18 0.0 3 4 5 0 10 27 2 0.0590406830655 1 4 
8 18 0.0 8 6 10 0 10 16 3 4.46503285181e-50 4 2 
8 18 0.0 2 6 0 0 4 4 1 0.237191257487 0 2 
8 18 0.0 5 4 5 0 10 27 2 0.0796634755437 1 4 
8 18 0.0 4 5 3 0 7 21 2 0.0590778291212 1 3 
8 18 2.0 7 8 7 0 16 20 3 3.43946783577e-05 4 2 
8 18 2.0 10 7 5 0 16 15 3 1.59780055257e-23 5 0 
8 18 2.0 6 4 0 0 8 19 2 0.0466366407253 1 2 
8 18 2.0 1 7 0 0 4 4 1 0.173303364312 0 2 
8 18 2.0 9 6 10 0 11 15 3 3.0476315923e-24 5 1 
8 18 2.0 3 4 5 0 10 27 2 0.0488182153536 1 4 
8 18 2.0 8 6 10 0 10 16 3 1.40470278888e-17 4 2 
8 18 2.0 2 6 0 0 4 4 1 0.148740145437 0 2 
8 18 2.0 5 4 5 0 10 27 2 0.0466143895071 1 4 
8 18 2.0 4 5 3 0 7 21 2 0.0488519962634 1 3 
8 19 0.0 7 8 7 0 16 20 3 7.53574835309e-41 4 2 
8 19 0.0 10 7 5 0 16 15 3 3.26033106264e-54 5 0 
8 19 0.0 6 4 0 0 8 19 2 0.0674354972154 1 2 
8 19 0.0 1 7 0 0 4 4 1 0.134440956036 0 2 
8 19 0.0 9 6 10 0 11 15 3 1.99333637142e-54 5 1 
8 19 0.0 3 4 5 0 10 27 2 0.07950248994 1 4 
8 19 0.0 8 6 10 0 10 16 3 5.21914430568e-49 4 2 
8 19 0.0 2 6 0 0 4 4 1 0.128523812736 0 2 
8 19 0.0 5 4 5 0 10 27 2 0.0674440873147 1 4 
8 19 0.0 4 5 3 0 7 21 2 0.0795286588293 1 3 
8 19 2.0 7 8 7 0 16 20 3 2.74034877437e-05 4 2 
8 19 2.0 10 7 5 0 16 15 3 2.96390685611e-23 5 0 
8 19 2.0 6 4 0 0 8 19 2 0.130953565412 1 2 
8 19 2.0 1 7 0 0 4 4 1 0.186111540687 0 2 
8 19 2.0 9 6 10 0 11 15 3 1.22994524318e-23 5 1 
8 19 2.0 3 4 5 0 10 27 2 0.126803294877 1 4 
8 19 2.0 8 6 10 0 10 16 3 3.96799305856e-17 4 2 
8 19 2.0 2 6 0 0 4 4 1 0.178108764056 0 2 
8 19 2.0 5 4 5 0 10 27 2 0.13092178516 1 4 
8 19 2.0 4 5 3 0 7 21 2 0.126861681151 1 3 
8 20 0.0 7 8 7 0 16 20 3 6.31564797026e-41 4 2 
8 20 0.0 10 7 5 0 16 15 3 6.62621148553e-55 5 0 
8 20 0.0 6 4 0 0 8 19 2 0.0880222459927 1 2 
8 20 0.0 1 7 0 0 4 4 1 0.211417369393 0 2 
8 20 0.0 9 6 10 0 11 15 3 6.46162832126e-55 5 1 
8 20 0.0 3 4 5 0 10 27 2 0.0623100268951 1 4 
8 20 0.0 8 6 10 0 10 16 3 1.42613732254e-50 4 2 
8 20 0.0 2 6 0 0 4 4 1 0.213928855919 0 2 
8 20 0.0 5 4 5 0 10 27 2 0.0879539008307 1 4 
8 20 0.0 4 5 3 0 7 21 2 0.0623613450338 1 3 
8 20 2.0 7 8 7 0 16 20 3 0.000190812107759 4 2 
8 20 2.0 10 7 5 0 16 15 3 6.28327147405e-24 5 0 
8 20 2.0 6 4 0 0 8 19 2 0.0561213292593 1 2 
8 20 2.0 1 7 0 0 4 4 1 0.17990448615 0 2 
8 20 2.0 9 6 10 0 11 15 3 6.67644272307e-23 5 1 
8 20 2.0 3 4 5 0 10 27 2 0.0711151614838 1 4 
8 20 2.0 8 6 10 0 10 16 3 7.71479277046e-16 4 2 
8 20 2.0 2 6 0 0 4 4 1 0.153411977728 0 2 
8 20 2.0 5 4 5 0 10 27 2 0.0560982536645 1 4 
8 20 2.0 4 5 3 0 7 21 2 0.0711709094111 1 3 
8 21 0.0 7 8 7 0 16 20 3 2.29596163541e-41 4 2 
8 21 0.0 10 7 5 0 16 15 3 3.1540172772e-55 5 0 
8 21 0.0 6 4 0 0 8 19 2 0.0511852329302 1 2 
8 21 0.0 1 7 0 0 4 4 1 0.240435470874 0 2 
8 21 0.0 9 6 10 0 11 15 3 1.81366084308e-55 5 1 
8 21 0.0 3 4 5 0 10 27 2 0.0704428252065 1 4 
8 21 0.0 8 6 10 0 10 16 3 2.13920080965e-50 4 2 
8 21 0.0 2 6 0 0 4 4 1 0.172993924969 0 2 
8 21 0.0 5 4 5 0 10 27 2 0.051166179017 1 4 
8 21 0.0 4 5 3 0 7 21 2 0.0704958126676 1 3 
8 21 2.0 7 8 7 0 16 20 3 0.000428961764582 4 2 
8 21 2.0 10 7 5 0 16 15 3 7.3567425684e-24 5 0 
8 21 2.0 6 4 0 0 8 19 2 0.0983854770753 1 2 
8 21 2.0 1 7 0 0 4 4 1 0.198339701437 0 2 
8 21 2.0 9 6 10 0 11 15 3 9.79867144698e-23 5 1 
8 21 2.0 3 4 5 0 10 27 2 0.073148605409 1 4 
8 21 2.0 8 6 10 0 10 16 3 6.01708760137e-16 4 2 
8 21 2.0 2 6 0 0 4 4 1 0.0594242747452 0 2 
8 21 2.0 5 4 5 0 10 27 2 0.0983793802932 1 4 
8 21 2.0 4 5 3 0 7 21 2 0.0732275114377 1 3 
8 22 0.0 7 8 7 0 16 20 3 6.82878001436e-41 4 2 
8 22 0.0 10 7 5 0 16 15 3 2.07513671775e-54 5 0 
8 22 0.0 6 4 0 0 8 19 2 0.0880144407825 1 2 
8 22 0.0 1 7 0 0 4 4 1 0.13041687773 0 2 
8 22 0.0 9 6 10 0 11 15 3 1.42607216539e-55 5 1 
8 22 0.0 3 4 5 0 10 27 2 0.0701999481168 1 4 
8 22 0.0 8 6 10 0 10 16 3 4.45455402706e-51 4 2 
8 22 0.0 2 6 0 0 4 4 1 0.209553810372 0 2 
8 22 0.0 5 4 5 0 10 27 2 0.0879226251041 1 4 
8 22 0.0 4 5 3 0 7 21 2 0.0702345957789 1 3 
8 22 2.0 7 8 7 0 16 20 3 5.02264991538e-05 4 2 
8 22 2.0 10 7 5 0 16 15 3 1.16439965216e-23 5 0 
8 22 2.0 6 4 0 0 8 19 2 0.0752106992373 1 2 
8 22 2.0 1 7 0 0 4 4 1 0.0881687419646 0 2 
8 22 2.0 9 6 10 0 11 15 3 4.37178548054e-24 5 1 
8 22 2.0 3 4 5 0 10 27 2 0.043696443631 1 4 
8 22 2.0 8 6 10 0 10 16 3 1.01366299699e-17 4 2 
8 22 2.0 2 6 0 0 4 4 1 0.0509451505551 0 2 
8 22 2.0 5 4 5 0 10 27 2 0.0751773726208 1 4 
8 22 2.0 4 5 3 0 7 21 2 0.0437304423214 1 3 
8 23 0.0 7 8 7 0 16 20 3 2.74582383962e-41 4 2 
8 23 0.0 10 7 5 0 16 15 3 1.5807469071e-54 5 0 
8 23 0.0 6 4 0 0 8 19 2 0.0836695043769 1 2 
8 23 0.0 1 7 0 0 4 4 1 0.171387939336 0 2 
8 23 0.0 9 6 10 0 11 15 3 2.87505556344e-55 5 1 
8 23 0.0 3 4 5 0 10 27 2 0.0930585260065 1 4 
8 23 0.0 8 6 10 0 10 16 3 3.81456144872e-51 4 2 
8 23 0.0 2 6 0 0 4 4 1 0.225113737135 0 2 
8 23 0.0 5 4 5 0 10 27 2 0.0835945921551 1 4 
8 23 0.0 4 5 3 0 7 21 2 0.0930940327656 1 3 
8 23 2.0 7 8 7 0 16 20 3 7.81518863558e-05 4 2 
8 23 2.0 10 7 5 0 16 15 3 7.09844196419e-24 5 0 
8 23 2.0 6 4 0 0 8 19 2 0.0541863806095 1 2 
8 23 2.0 1 7 0 0 4 4 1 0.180463113704 0 2 
8 23 2.0 9 6 10 0 11 15 3 1.42669246917e-23 5 1 
8 23 2.0 3 4 5 0 10 27 2 0.0529544521506 1 4 
8 23 2.0 8 6 10 0 10 16 3 2.23696446696e-17 4 2 
8 23 2.0 2 6 0 0 4 4 1 0.0604246100549 0 2 
8 23 2.0 5 4 5 0 10 27 2 0.0541700401688 1 4 
8 23 2.0 4 5 3 0 7 21 2 0.0530075513778 1 3 
8 24 0.0 7 8 7 0 16 20 3 4.66336643043e-41 4 2 
8 24 0.0 10 7 5 0 16 15 3 2.18659170563e-54 5 0 
8 24 0.0 6 4 0 0 8 19 2 0.0589322286753 1 2 
8 24 0.0 1 7 0 0 4 4 1 0.139868862356 0 2 
8 24 0.0 9 6 10 0 11 15 3 2.34013551653e-55 5 1 
8 24 0.0 3 4 5 0 10 27 2 0.0838440445993 1 4 
8 24 0.0 8 6 10 0 10 16 3 1.79269450295e-50 4 2 
8 24 0.0 2 6 0 0 4 4 1 0.228805738323 0 2 
8 24 0.0 5 4 5 0 10 27 2 0.0589071770006 1 4 
8 24 0.0 4 5 3 0 7 21 2 0.0838677488292 1 3 
8 24 2.0 7 8 7 0 16 20 3 0.000483796317245 4 2 
8 24 2.0 10 7 5 0 16 15 3 1.51638251259e-23 5 0 
8 24 2.0 6 4 0 0 8 19 2 0.123568114768 1 2 
8 24 2.0 1 7 0 0 4 4 1 0.128492324389 0 2 
8 24 2.0 9 6 10 0 11 15 3 3.36425407623e-23 5 1 
8 24 2.0 3 4 5 0 10 27 2 0.0462277487798 1 4 
8 24 2.0 8 6 10 0 10 16 3 8.55630746669e-17 4 2 
8 24 2.0 2 6 0 0 4 4 1 0.0795640776713 0 2 
8 24 2.0 5 4 5 0 10 27 2 0.123551927274 1 4 
8 24 2.0 4 5 3 0 7 21 2 0.0462698436153 1 3 
8 25 0.0 7 8 7 0 16 20 3 1.10464803287e-40 4 2 
8 25 0.0 10 7 5 0 16 15 3 4.26774229106e-54 5 0 
8 25 0.0 6 4 0 0 8 19 2 0.079699394363 1 2 
8 25 0.0 1 7 0 0 4 4 1 0.208246457545 0 2 
8 25 0.0 9 6 10 0 11 15 3 1.35750615066e-54 5 1 
8 25 0.0 3 4 5 0 10 27 2 0.0581350602356 1 4 
8 25 0.0 8 6 10 0 10 16 3 5.73081318841e-50 4 2 
8 25 0.0 2 6 0 0 4 4 1 0.181270279071 0 2 
8 25 0.0 5 4 5 0 10 27 2 0.0796668066137 1 4 
8 25 0.0 4 5 3 0 7 21 2 0.0581556059529 1 3 
8 25 2.0 7 8 7 0 16 20 3 0.000253494807847 4 2 
8 25 2.0 10 7 5 0 16 15 3 8.81911697609e-24 5 0 
8 25 2.0 6 4 0 0 8 19 2 0.130013929828 1 2 
8 25 2.0 1 7 0 0 4 4 1 0.0792707685549 0 2 
8 25 2.0 9 6 10 0 11 15 3 3.22260175678e-23 5 1 
8 25 2.0 3 4 5 0 10 27 2 0.0577115211945 1 4 
8 25 2.0 8 6 10 0 10 16 3 1.21280565867e-16 4 2 
8 25 2.0 2 6 0 0 4 4 1 0.0796922418628 0 2 
8 25 2.0 5 4 5 0 10 27 2 0.129956381176 1 4 
8 25 2.0 4 5 3 0 7 21 2 0.0577568202778 1 3 
8 26 0.0 7 8 7 0 16 20 3 1.53952676004e-40 4 2 
8 26 0.0 10 7 5 0 16 15 3 2.43855641834e-54 5 0 
8 26 0.0 6 4 0 0 8 19 2 0.054509982714 1 2 
8 26 0.0 1 7 0 0 4 4 1 0.132028293676 0 2 
8 26 0.0 9 6 10 0 11 15 3 5.44380281836e-54 5 1 
8 26 0.0 3 4 5 0 10 27 2 0.0689892941979 1 4 
8 26 0.0 8 6 10 0 10 16 3 6.09166801101e-50 4 2 
8 26 0.0 2 6 0 0 4 4 1 0.193587713162 0 2 
8 26 0.0 5 4 5 0 10 27 2 0.0545187774786 1 4 
8 26 0.0 4 5 3 0 7 21 2 0.0690288394909 1 3 
8 26 2.0 7 8 7 0 16 20 3 0.000248438826926 4 2 
8 26 2.0 10 7 5 0 16 15 3 1.02814694793e-23 5 0 
8 26 2.0 6 4 0 0 8 19 2 0.131240298845 1 2 
8 26 2.0 1 7 0 0 4 4 1 0.0624368966239 0 2 
8 26 2.0 9 6 10 0 11 15 3 5.84128538852e-23 5 1 
8 26 2.0 3 4 5 0 10 27 2 0.0641712197143 1 4 
8 26 2.0 8 6 10 0 10 16 3 2.1030619818e-16 4 2 
8 26 2.0 2 6 0 0 4 4 1 0.0894651988507 0 2 
8 26 2.0 5 4 5 0 10 27 2 0.131210189188 1 4 
8 26 2.0 4 5 3 0 7 21 2 0.0642263988173 1 3 
8 27 0.0 7 8 7 0 16 20 3 3.51730487929e-41 4 2 
8 27 0.0 10 7 5 0 16 15 3 1.11326713012e-54 5 0 
8 27 0.0 6 4 0 0 8 19 2 0.0898507457135 1 2 
8 27 0.0 1 7 0 0 4 4 1 0.145213799239 0 2 
8 27 0.0 9 6 10 0 11 15 3 5.04101456655e-55 5 1 
8 27 0.0 3 4 5 0 10 27 2 0.0848253148111 1 4 
8 27 0.0 8 6 10 0 10 16 3 1.27734421218e-50 4 2 
8 27 0.0 2 6 0 0 4 4 1 0.153330718797 0 2 
8 27 0.0 5 4 5 0 10 27 2 0.0898221720568 1 4 
8 27 0.0 4 5 3 0 7 21 2 0.0848901422677 1 3 
8 27 2.0 7 8 7 0 16 20 3 1.83324014557e-05 4 2 
8 27 2.0 10 7 5 0 16 15 3 2.84601488614e-23 5 0 
8 27 2.0 6 4 0 0 8 19 2 0.142874263448 1 2 
8 27 2.0 1 7 0 0 4 4 1 0.0516327235923 0 2 
8 27 2.0 9 6 10 0 11 15 3 1.47698790558e-24 5 1 
8 27 2.0 3 4 5 0 10 27 2 0.0937507175529 1 4 
8 27 2.0 8 6 10 0 10 16 3 3.45239684303e-18 4 2 
8 27 2.0 2 6 0 0 4 4 1 0.0911046600904 0 2 
8 27 2.0 5 4 5 0 10 27 2 0.14280546554 1 4 
8 27 2.0 4 5 3 0 7 21 2 0.0937923815233 1 3 
8 28 0.0 7 8 7 0 16 20 3 3.86733166932e-41 4 2 
8 28 0.0 10 7 5 0 16 15 3 2.19957700112e-55 5 0 
8 28 0.0 6 4 0 0 8 19 2 0.080862097826 1 2 
8 28 0.0 1 7 0 0 4 4 1 0.140929323017 0 2 
8 28 0.0 9 6 10 0 11 15 3 4.74385777269e-55 5 1 
8 28 0.0 3 4 5 0 10 27 2 0.0787724336547 1 4 
8 28 0.0 8 6 10 0 10 16 3 8.01197093795e-51 4 2 
8 28 0.0 2 6 0 0 4 4 1 0.235257117487 0 2 
8 28 0.0 5 4 5 0 10 27 2 0.0808213520961 1 4 
8 28 0.0 4 5 3 0 7 21 2 0.0788685246997 1 3 
8 28 2.0 7 8 7 0 16 20 3 2.73170228176e-05 4 2 
8 28 2.0 10 7 5 0 16 15 3 7.76269425982e-24 5 0 
8 28 2.0 6 4 0 0 8 19 2 0.0509270122444 1 2 
8 28 2.0 1 7 0 0 4 4 1 0.21304628284 0 2 
8 28 2.0 9 6 10 0 11 15 3 2.16541188765e-23 5 1 
8 28 2.0 3 4 5 0 10 27 2 0.0680860511563 1 4 
8 28 2.0 8 6 10 0 10 16 3 3.13448874836e-17 4 2 
8 28 2.0 2 6 0 0 4 4 1 0.176873977888 0 2 
8 28 2.0 5 4 5 0 10 27 2 0.0509096160079 1 4 
8 28 2.0 4 5 3 0 7 21 2 0.0681386806069 1 3 
8 29 0.0 7 8 7 0 16 20 3 1.81615512247e-40 4 2 
8 29 0.0 10 7 5 0 16 15 3 1.83051755046e-53 5 0 
8 29 0.0 6 4 0 0 8 19 2 0.0910556812526 1 2 
8 29 0.0 1 7 0 0 4 4 1 0.130823590077 0 2 
8 29 0.0 9 6 10 0 11 15 3 2.76687952267e-55 5 1 
8 29 0.0 3 4 5 0 10 27 2 0.0638859404684 1 4 
8 29 0.0 8 6 10 0 10 16 3 2.60039187726e-50 4 2 
8 29 0.0 2 6 0 0 4 4 1 0.20426404724 0 2 
8 29 0.0 5 4 5 0 10 27 2 0.0910019862741 1 4 
8 29 0.0 4 5 3 0 7 21 2 0.0638767675357 1 3 
8 29 2.0 7 8 7 0 16 20 3 2.69766734091e-05 4 2 
8 29 2.0 10 7 5 0 16 15 3 5.56834933845e-24 5 0 
8 29 2.0 6 4 0 0 8 19 2 0.0436228323516 1 2 
8 29 2.0 1 7 0 0 4 4 1 0.216324819635 0 2 
8 29 2.0 9 6 10 0 11 15 3 5.23847340457e-23 5 1 
8 29 2.0 3 4 5 0 10 27 2 0.083917604041 1 4 
8 29 2.0 8 6 10 0 10 16 3 7.21887737878e-17 4 2 
8 29 2.0 2 6 0 0 4 4 1 0.139109017221 0 2 
8 29 2.0 5 4 5 0 10 27 2 0.0436172984179 1 4 
8 29 2.0 4 5 3 0 7 21 2 0.0839804143485 1 3 
8 30 0.0 7 8 7 0 16 20 3 1.3030886805e-40 4 2 
8 30 0.0 10 7 5 0 16 15 3 6.8557531375e-54 5 0 
8 30 0.0 6 4 0 0 8 19 2 0.0841864237927 1 2 
8 30 0.0 1 7 0 0 4 4 1 0.145797668559 0 2 
8 30 0.0 9 6 10 0 11 15 3 1.82159342587e-55 5 1 
8 30 0.0 3 4 5 0 10 27 2 0.0560139461348 1 4 
8 30 0.0 8 6 10 0 10 16 3 2.84774810529e-50 4 2 
8 30 0.0 2 6 0 0 4 4 1 0.141868582173 0 2 
8 30 0.0 5 4 5 0 10 27 2 0.0841425059386 1 4 
8 30 0.0 4 5 3 0 7 21 2 0.0560272112298 1 3 
8 30 2.0 7 8 7 0 16 20 3 0.000199798006348 4 2 
8 30 2.0 10 7 5 0 16 15 3 8.93639103745e-24 5 0 
8 30 2.0 6 4 0 0 8 19 2 0.124601108534 1 2 
8 30 2.0 1 7 0 0 4 4 1 0.0585439333 0 2 
8 30 2.0 9 6 10 0 11 15 3 8.56022623166e-23 5 1 
8 30 2.0 3 4 5 0 10 27 2 0.0875293166725 1 4 
8 30 2.0 8 6 10 0 10 16 3 4.25235775123e-16 4 2 
8 30 2.0 2 6 0 0 4 4 1 0.184708111315 0 2 
8 30 2.0 5 4 5 0 10 27 2 0.124568652746 1 4 
8 30 2.0 4 5 3 0 7 21 2 0.0875980430393 1 3 
8 31 0.0 7 8 7 0 16 20 3 2.10101206753e-41 4 2 
8 31 0.0 10 7 5 0 16 15 3 9.0396445206e-54 5 0 
8 31 0.0 6 4 0 0 8 19 2 0.0638775233201 1 2 
8 31 0.0 1 7 0 0 4 4 1 0.235745196534 0 2 
8 31 0.0 9 6 10 0 11 15 3 1.17994344051e-55 5 1 
8 31 0.0 3 4 5 0 10 27 2 0.0820764165349 1 4 
8 31 0.0 8 6 10 0 10 16 3 3.59641853165e-51 4 2 
8 31 0.0 2 6 0 0 4 4 1 0.13556579529 0 2 
8 31 0.0 5 4 5 0 10 27 2 0.0638402816194 1 4 
8 31 0.0 4 5 3 0 7 21 2 0.0820804562721 1 3 
8 31 2.0 7 8 7 0 16 20 3 2.67828111598e-06 4 2 
8 31 2.0 10 7 5 0 16 15 3 8.30139881596e-24 5 0 
8 31 2.0 6 4 0 0 8 19 2 0.108547155046 1 2 
8 31 2.0 1 7 0 0 4 4 1 0.222712522978 0 2 
8 31 2.0 9 6 10 0 11 15 3 3.90342938395e-25 5 1 
8 31 2.0 3 4 5 0 10 27 2 0.107476186285 1 4 
8 31 2.0 8 6 10 0 10 16 3 3.5097257426e-19 4 2 
8 31 2.0 2 6 0 0 4 4 1 0.215703299722 0 2 
8 31 2.0 5 4 5 0 10 27 2 0.108451528164 1 4 
8 31 2.0 4 5 3 0 7 21 2 0.107552106412 1 3 
8 32 0.0 7 8 7 0 16 20 3 5.2511529003e-41 4 2 
8 32 0.0 10 7 5 0 16 15 3 5.47468653103e-54 5 0 
8 32 0.0 6 4 0 0 8 19 2 0.0541012596106 1 2 
8 32 0.0 1 7 0 0 4 4 1 0.197758893457 0 2 
8 32 0.0 9 6 10 0 11 15 3 6.31296702418e-55 5 1 
8 32 0.0 3 4 5 0 10 27 2 0.0929465352752 1 4 
8 32 0.0 8 6 10 0 10 16 3 1.69227701847e-50 4 2 
8 32 0.0 2 6 0 0 4 4 1 0.164568450774 0 2 
8 32 0.0 5 4 5 0 10 27 2 0.0540769065699 1 4 
8 32 0.0 4 5 3 0 7 21 2 0.0929687214163 1 3 
8 32 2.0 7 8 7 0 16 20 3 1.69401434691e-05 4 2 
8 32 2.0 10 7 5 0 16 15 3 6.38733260156e-23 5 0 
8 32 2.0 6 4 0 0 8 19 2 0.0463719871987 1 2 
8 32 2.0 1 7 0 0 4 4 1 0.0883826948079 0 2 
8 32 2.0 9 6 10 0 11 15 3 8.55564868659e-24 5 1 
8 32 2.0 3 4 5 0 10 27 2 0.0428538855343 1 4 
8 32 2.0 8 6 10 0 10 16 3 2.77690568594e-18 4 2 
8 32 2.0 2 6 0 0 4 4 1 0.160555383906 0 2 
8 32 2.0 5 4 5 0 10 27 2 0.0463545136816 1 4 
8 32 2.0 4 5 3 0 7 21 2 0.0428678179865 1 3 
8 33 0.0 7 8 7 0 16 20 3 1.23359957924e-41 4 2 
8 33 0.0 10 7 5 0 16 15 3 9.72217875812e-55 5 0 
8 33 0.0 6 4 0 0 8 19 2 0.0810261553146 1 2 
8 33 0.0 1 7 0 0 4 4 1 0.22813074085 0 2 
8 33 0.0 9 6 10 0 11 15 3 1.23516278876e-55 5 1 
8 33 0.0 3 4 5 0 10 27 2 0.0841953243031 1 4 
8 33 0.0 8 6 10 0 10 16 3 1.71866531921e-51 4 2 
8 33 0.0 2 6 0 0 4 4 1 0.142593910677 0 2 
8 33 0.0 5 4 5 0 10 27 2 0.0809484350326 1 4 
8 33 0.0 4 5 3 0 7 21 2 0.084247614152 1 3 
8 33 2.0 7 8 7 0 16 20 3 5.50413000274e-05 4 2 
8 33 2.0 10 7 5 0 16 15 3 1.12554198238e-23 5 0 
8 33 2.0 6 4 0 0 8 19 2 0.0438765286388 1 2 
8 33 2.0 1 7 0 0 4 4 1 0.179099332022 0 2 
8 33 2.0 9 6 10 0 11 15 3 3.54227908414e-23 5 1 
8 33 2.0 3 4 5 0 10 27 2 0.0490042199684 1 4 
8 33 2.0 8 6 10 0 10 16 3 5.34208674152e-17 4 2 
8 33 2.0 2 6 0 0 4 4 1 0.13184802575 0 2 
8 33 2.0 5 4 5 0 10 27 2 0.0438672915946 1 4 
8 33 2.0 4 5 3 0 7 21 2 0.0490412157424 1 3 
8 34 0.0 7 8 7 0 16 20 3 3.75444036186e-42 4 2 
8 34 0.0 10 7 5 0 16 15 3 3.69800704853e-55 5 0 
8 34 0.0 6 4 0 0 8 19 2 0.0686099814212 1 2 
8 34 0.0 1 7 0 0 4 4 1 0.238442788886 0 2 
8 34 0.0 9 6 10 0 11 15 3 7.94951206797e-56 5 1 
8 34 0.0 3 4 5 0 10 27 2 0.0670194597109 1 4 
8 34 0.0 8 6 10 0 10 16 3 6.73011690889e-51 4 2 
8 34 0.0 2 6 0 0 4 4 1 0.24243500194 0 2 
8 34 0.0 5 4 5 0 10 27 2 0.068576890941 1 4 
8 34 0.0 4 5 3 0 7 21 2 0.0670716480784 1 3 
8 34 2.0 7 8 7 0 16 20 3 2.98746306974e-05 4 2 
8 34 2.0 10 7 5 0 16 15 3 6.52814334077e-23 5 0 
8 34 2.0 6 4 0 0 8 19 2 0.0438803144467 1 2 
8 34 2.0 1 7 0 0 4 4 1 0.0510825454517 0 2 
8 34 2.0 9 6 10 0 11 15 3 3.53464704934e-24 5 1 
8 34 2.0 3 4 5 0 10 27 2 0.0655150823193 1 4 
8 34 2.0 8 6 10 0 10 16 3 4.68161418476e-18 4 2 
8 34 2.0 2 6 0 0 4 4 1 0.0946318457448 0 2 
8 34 2.0 5 4 5 0 10 27 2 0.043858677416 1 4 
8 34 2.0 4 5 3 0 7 21 2 0.065544826156 1 3 
8 35 0.0 7 8 7 0 16 20 3 1.71667846824e-40 4 2 
8 35 0.0 10 7 5 0 16 15 3 8.80420859316e-54 5 0 
8 35 0.0 6 4 0 0 8 19 2 0.0748954271812 1 2 
8 35 0.0 1 7 0 0 4 4 1 0.154942160983 0 2 
8 35 0.0 9 6 10 0 11 15 3 4.18984027318e-55 5 1 
8 35 0.0 3 4 5 0 10 27 2 0.0902874907499 1 4 
8 35 0.0 8 6 10 0 10 16 3 1.95985808201e-50 4 2 
8 35 0.0 2 6 0 0 4 4 1 0.17304364516 0 2 
8 35 0.0 5 4 5 0 10 27 2 0.0748533461757 1 4 
8 35 0.0 4 5 3 0 7 21 2 0.0902886486171 1 3 
8 35 2.0 7 8 7 0 16 20 3 4.36299130748e-05 4 2 
8 35 2.0 10 7 5 0 16 15 3 2.40191484213e-23 5 0 
8 35 2.0 6 4 0 0 8 19 2 0.0448125445377 1 2 
8 35 2.0 1 7 0 0 4 4 1 0.17023294124 0 2 
8 35 2.0 9 6 10 0 11 15 3 4.93718879678e-24 5 1 
8 35 2.0 3 4 5 0 10 27 2 0.0476877242847 1 4 
8 35 2.0 8 6 10 0 10 16 3 1.11561775427e-17 4 2 
8 35 2.0 2 6 0 0 4 4 1 0.130520845568 0 2 
8 35 2.0 5 4 5 0 10 27 2 0.0447908893616 1 4 
8 35 2.0 4 5 3 0 7 21 2 0.0477167249342 1 3 
8 36 0.0 7 8 7 0 16 20 3 1.71052680642e-40 4 2 
8 36 0.0 10 7 5 0 16 15 3 1.44291268065e-54 5 0 
8 36 0.0 6 4 0 0 8 19 2 0.0888525145425 1 2 
8 36 0.0 1 7 0 0 4 4 1 0.183978912222 0 2 
8 36 0.0 9 6 10 0 11 15 3 1.84282844255e-55 5 1 
8 36 0.0 3 4 5 0 10 27 2 0.0545566559099 1 4 
8 36 0.0 8 6 10 0 10 16 3 3.31121708154e-50 4 2 
8 36 0.0 2 6 0 0 4 4 1 0.155481518742 0 2 
8 36 0.0 5 4 5 0 10 27 2 0.0887935701244 1 4 
8 36 0.0 4 5 3 0 7 21 2 0.0545895078962 1 3 
8 36 2.0 7 8 7 0 16 20 3 0.000332414151474 4 2 
8 36 2.0 10 7 5 0 16 15 3 8.48181698753e-23 5 0 
8 36 2.0 6 4 0 0 8 19 2 0.103462310763 1 2 
8 36 2.0 1 7 0 0 4 4 1 0.14704084529 0 2 
8 36 2.0 9 6 10 0 11 15 3 5.91675496913e-22 5 1 
8 36 2.0 3 4 5 0 10 27 2 0.139498658952 1 4 
8 36 2.0 8 6 10 0 10 16 3 6.6236617172e-15 4 2 
8 36 2.0 2 6 0 0 4 4 1 0.140785270444 0 2 
8 36 2.0 5 4 5 0 10 27 2 0.103451379001 1 4 
8 36 2.0 4 5 3 0 7 21 2 0.139556202724 1 3 
8 37 0.0 7 8 7 0 16 20 3 7.07210567672e-41 4 2 
8 37 0.0 10 7 5 0 16 15 3 1.00330434141e-54 5 0 
8 37 0.0 6 4 0 0 8 19 2 0.0842072890367 1 2 
8 37 0.0 1 7 0 0 4 4 1 0.201745918158 0 2 
8 37 0.0 9 6 10 0 11 15 3 8.4113069659e-55 5 1 
8 37 0.0 3 4 5 0 10 27 2 0.060203975826 1 4 
8 37 0.0 8 6 10 0 10 16 3 4.61999997681e-50 4 2 
8 37 0.0 2 6 0 0 4 4 1 0.230552132528 0 2 
8 37 0.0 5 4 5 0 10 27 2 0.0841837904814 1 4 
8 37 0.0 4 5 3 0 7 21 2 0.0602395188476 1 3 
8 37 2.0 7 8 7 0 16 20 3 6.20731915272e-06 4 2 
8 37 2.0 10 7 5 0 16 15 3 1.24439065325e-23 5 0 
8 37 2.0 6 4 0 0 8 19 2 0.149992124598 1 2 
8 37 2.0 1 7 0 0 4 4 1 0.081979259922 0 2 
8 37 2.0 9 6 10 0 11 15 3 3.13858596218e-24 5 1 
8 37 2.0 3 4 5 0 10 27 2 0.139809033108 1 4 
8 37 2.0 8 6 10 0 10 16 3 1.88909622458e-18 4 2 
8 37 2.0 2 6 0 0 4 4 1 0.124930512033 0 2 
8 37 2.0 5 4 5 0 10 27 2 0.149913335818 1 4 
8 37 2.0 4 5 3 0 7 21 2 0.139888731758 1 3 
8 38 0.0 7 8 7 0 16 20 3 2.959989668e-41 4 2 
8 38 0.0 10 7 5 0 16 15 3 2.91606367441e-54 5 0 
8 38 0.0 6 4 0 0 8 19 2 0.0558111408486 1 2 
8 38 0.0 1 7 0 0 4 4 1 0.223695247689 0 2 
8 38 0.0 9 6 10 0 11 15 3 4.32512554715e-55 5 1 
8 38 0.0 3 4 5 0 10 27 2 0.074651786708 1 4 
8 38 0.0 8 6 10 0 10 16 3 1.09584904104e-50 4 2 
8 38 0.0 2 6 0 0 4 4 1 0.213324372839 0 2 
8 38 0.0 5 4 5 0 10 27 2 0.0557650145186 1 4 
8 38 0.0 4 5 3 0 7 21 2 0.0746584388555 1 3 
8 38 2.0 7 8 7 0 16 20 3 1.32209272648e-05 4 2 
8 38 2.0 10 7 5 0 16 15 3 5.81835504642e-23 5 0 
8 38 2.0 6 4 0 0 8 19 2 0.0756562352301 1 2 
8 38 2.0 1 7 0 0 4 4 1 0.0514953892597 0 2 
8 38 2.0 9 6 10 0 11 15 3 1.24669414498e-23 5 1 
8 38 2.0 3 4 5 0 10 27 2 0.0995725777048 1 4 
8 38 2.0 8 6 10 0 10 16 3 1.57420619234e-17 4 2 
8 38 2.0 2 6 0 0 4 4 1 0.0504766084122 0 2 
8 38 2.0 5 4 5 0 10 27 2 0.0756330773051 1 4 
8 38 2.0 4 5 3 0 7 21 2 0.0996049651435 1 3 
8 39 0.0 7 8 7 0 16 20 3 5.37854192968e-41 4 2 
8 39 0.0 10 7 5 0 16 15 3 2.64380229067e-54 5 0 
8 39 0.0 6 4 0 0 8 19 2 0.0913840397764 1 2 
8 39 0.0 1 7 0 0 4 4 1 0.134159961615 0 2 
8 39 0.0 9 6 10 0 11 15 3 2.01098123362e-55 5 1 
8 39 0.0 3 4 5 0 10 27 2 0.0791758310687 1 4 
8 39 0.0 8 6 10 0 10 16 3 5.42213622531e-51 4 2 
8 39 0.0 2 6 0 0 4 4 1 0.19961416684 0 2 
8 39 0.0 5 4 5 0 10 27 2 0.0913231862771 1 4 
8 39 0.0 4 5 3 0 7 21 2 0.0792079983395 1 3 
8 39 2.0 7 8 7 0 16 20 3 0.000164124196533 4 2 
8 39 2.0 10 7 5 0 16 15 3 3.51213091039e-23 5 0 
8 39 2.0 6 4 0 0 8 19 2 0.0660732049234 1 2 
8 39 2.0 1 7 0 0 4 4 1 0.0590262099138 0 2 
8 39 2.0 9 6 10 0 11 15 3 1.45231803223e-23 5 1 
8 39 2.0 3 4 5 0 10 27 2 0.0807823933349 1 4 
8 39 2.0 8 6 10 0 10 16 3 4.2178739557e-17 4 2 
8 39 2.0 2 6 0 0 4 4 1 0.0615093551678 0 2 
8 39 2.0 5 4 5 0 10 27 2 0.0660388684811 1 4 
8 39 2.0 4 5 3 0 7 21 2 0.0808261505057 1 3 
8 40 0.0 7 8 7 0 16 20 3 2.69861636974e-41 4 2 
8 40 0.0 10 7 5 0 16 15 3 8.53827886244e-54 5 0 
8 40 0.0 6 4 0 0 8 19 2 0.0692559128531 1 2 
8 40 0.0 1 7 0 0 4 4 1 0.227350049809 0 2 
8 40 0.0 9 6 10 0 11 15 3 4.978122306e-55 5 1 
8 40 0.0 3 4 5 0 10 27 2 0.0578866243995 1 4 
8 40 0.0 8 6 10 0 10 16 3 7.4633788996e-51 4 2 
8 40 0.0 2 6 0 0 4 4 1 0.131557713968 0 2 
8 40 0.0 5 4 5 0 10 27 2 0.0692157734171 1 4 
8 40 0.0 4 5 3 0 7 21 2 0.0578753561596 1 3 
8 40 2.0 7 8 7 0 16 20 3 4.38472673066e-05 4 2 
8 40 2.0 10 7 5 0 16 15 3 1.81364162875e-22 5 0 
8 40 2.0 6 4 0 0 8 19 2 0.0494662438356 1 2 
8 40 2.0 1 7 0 0 4 4 1 0.129480391284 0 2 
8 40 2.0 9 6 10 0 11 15 3 2.44636345424e-25 5 1 
8 40 2.0 3 4 5 0 10 27 2 0.0416803828256 1 4 
8 40 2.0 8 6 10 0 10 16 3 3.51760178072e-19 4 2 
8 40 2.0 2 6 0 0 4 4 1 0.134855964945 0 2 
8 40 2.0 5 4 5 0 10 27 2 0.0494099609873 1 4 
8 40 2.0 4 5 3 0 7 21 2 0.0416894937813 1 3 
