89 1 0.0 9 5 3 0 52 94 2 0.000175508226608 10 0 
89 1 0.0 8 4 0 0 10 1 3 0.0161646784711 1 0 
89 1 0.0 11 1 0 0 3 21 2 0.149476770241 1 1 
89 1 0.0 10 1 0 0 1 2 1 0.1919564124 0 1 
89 1 0.0 13 0 2 0 21 34 1 0.18594279171 0 5 
89 1 0.0 12 0 1 0 9 19 2 0.0374328700677 1 1 
89 1 0.0 15 0 1 0 9 19 2 0.0382026109413 1 1 
89 1 0.0 14 0 0 0 10 1 2 0.0404446049828 1 0 
89 1 0.0 17 3 1 0 23 42 1 0.171151504351 0 5 
89 1 0.0 16 0 1 0 9 19 2 0.0240979758012 1 1 
89 1 0.0 19 0 0 0 9 40 1 0.330033828155 0 3 
89 1 0.0 18 0 0 0 9 40 1 0.330033828155 0 3 
89 1 0.0 24 0 0 0 8 1 2 0.0263253957737 1 0 
89 1 0.0 25 1 0 0 42 36 2 0.175061963455 6 0 
89 1 0.0 26 0 0 0 30 16 2 0.503139401116 4 0 
89 1 0.0 27 2 0 0 7 13 3 4.12035421571e-92 1 1 
89 1 0.0 20 0 0 0 16 42 1 0.171802916883 0 4 
89 1 0.0 21 4 1 0 17 9 2 0.00224035796926 1 3 
89 1 0.0 22 1 1 0 5 5 3 5.19305365035e-78 1 1 
89 1 0.0 23 5 1 0 16 7 3 9.67854291533e-46 3 0 
89 1 0.0 1 5 0 0 1 8 1 0.79913886684 0 1 
89 1 0.0 3 6 2 0 4 7 2 0.10681923273 1 2 
89 1 0.0 2 6 1 0 2 8 1 0.245242366255 0 2 
89 1 0.0 5 20 2 0 33 44 2 0.169262359984 4 5 
89 1 0.0 4 6 1 0 3 7 3 8.98328302534e-45 1 1 
89 1 0.0 7 4 0 0 10 1 3 0.0130334513826 1 0 
89 1 0.0 6 4 0 0 10 1 3 0.016755797528 1 0 
89 1 2.0 9 5 3 0 52 94 2 0.0331151429456 10 0 
89 1 2.0 8 4 0 0 10 1 3 0.15328317744 1 0 
89 1 2.0 11 1 0 0 3 21 2 0.177181611785 1 1 
89 1 2.0 10 1 0 0 1 2 1 0.131683667663 0 1 
89 1 2.0 13 0 2 0 21 34 1 0.11816337029 0 5 
89 1 2.0 12 0 1 0 9 19 2 0.0289913261617 1 1 
89 1 2.0 15 0 1 0 9 19 2 0.0266098488975 1 1 
89 1 2.0 14 0 0 0 10 1 2 0.0603070712736 1 0 
89 1 2.0 17 3 1 0 23 42 1 0.111804493331 0 5 
89 1 2.0 16 0 1 0 9 19 2 0.0162626762193 1 1 
89 1 2.0 19 0 0 0 9 40 1 0.238288865405 0 3 
89 1 2.0 18 0 0 0 9 40 1 0.238288865405 0 3 
89 1 2.0 24 0 0 0 8 1 2 0.0229092688126 1 0 
89 1 2.0 25 1 0 0 42 36 2 0.257663540066 6 0 
89 1 2.0 26 0 0 0 30 16 2 0.624760471911 4 0 
89 1 2.0 27 2 0 0 7 13 3 3.10928684099e-79 1 1 
89 1 2.0 20 0 0 0 16 42 1 0.110328673779 0 4 
89 1 2.0 21 4 1 0 17 9 2 0.00633826923484 1 3 
89 1 2.0 22 1 1 0 5 5 3 3.31214864748e-55 1 1 
89 1 2.0 23 5 1 0 16 7 3 3.70513809498e-31 3 0 
89 1 2.0 1 5 0 0 1 8 1 0.825371016829 0 1 
89 1 2.0 3 6 2 0 4 7 2 0.146893881811 1 2 
89 1 2.0 2 6 1 0 2 8 1 0.371181015664 0 2 
89 1 2.0 5 20 2 0 33 44 2 0.061300702377 4 5 
89 1 2.0 4 6 1 0 3 7 3 0.128246772819 1 1 
89 1 2.0 7 4 0 0 10 1 3 0.152135876929 1 0 
89 1 2.0 6 4 0 0 10 1 3 0.150389697263 1 0 
89 2 0.0 9 5 3 0 52 94 2 0.000284160527962 10 0 
89 2 0.0 8 4 0 0 10 1 3 0.01290430691 1 0 
89 2 0.0 11 1 0 0 3 21 2 0.149485840521 1 1 
89 2 0.0 10 1 0 0 1 2 1 0.191922755502 0 1 
89 2 0.0 13 0 2 0 21 34 1 0.171937677379 0 5 
89 2 0.0 12 0 1 0 9 19 2 0.0341484682159 1 1 
89 2 0.0 15 0 1 0 9 19 2 0.0336588135101 1 1 
89 2 0.0 14 0 0 0 10 1 2 0.036093952022 1 0 
89 2 0.0 17 3 1 0 23 42 1 0.171722402233 0 5 
89 2 0.0 16 0 1 0 9 19 2 0.0258726023087 1 1 
89 2 0.0 19 0 0 0 9 40 1 0.33033076655 0 3 
89 2 0.0 18 0 0 0 9 40 1 0.33033076655 0 3 
89 2 0.0 24 0 0 0 8 1 2 0.0259252262704 1 0 
89 2 0.0 25 1 0 0 42 36 2 0.170608972049 6 0 
89 2 0.0 26 0 0 0 30 16 2 0.498413761988 4 0 
89 2 0.0 27 2 0 0 7 13 3 1.87473522187e-92 1 1 
89 2 0.0 20 0 0 0 16 42 1 0.171690460494 0 4 
89 2 0.0 21 4 1 0 17 9 2 4.85289941796e-05 1 3 
89 2 0.0 22 1 1 0 5 5 3 2.40815006836e-78 1 1 
89 2 0.0 23 5 1 0 16 7 3 1.02813024719e-45 3 0 
89 2 0.0 1 5 0 0 1 8 1 0.799169342867 0 1 
89 2 0.0 3 6 2 0 4 7 2 0.10683478395 1 2 
89 2 0.0 2 6 1 0 2 8 1 0.245219988143 0 2 
89 2 0.0 5 20 2 0 33 44 2 0.169233486868 4 5 
89 2 0.0 4 6 1 0 3 7 3 3.31600456557e-45 1 1 
89 2 0.0 7 4 0 0 10 1 3 0.0163843740487 1 0 
89 2 0.0 6 4 0 0 10 1 3 0.0166528072167 1 0 
89 2 2.0 9 5 3 0 52 94 2 0.0324476575658 10 0 
89 2 2.0 8 4 0 0 10 1 3 0.112054887914 1 0 
89 2 2.0 11 1 0 0 3 21 2 0.178714754844 1 1 
89 2 2.0 10 1 0 0 1 2 1 0.132614166484 0 1 
89 2 2.0 13 0 2 0 21 34 1 0.115924442868 0 5 
89 2 2.0 12 0 1 0 9 19 2 0.0245250174962 1 1 
89 2 2.0 15 0 1 0 9 19 2 0.0262117185133 1 1 
89 2 2.0 14 0 0 0 10 1 2 0.0555071561109 1 0 
89 2 2.0 17 3 1 0 23 42 1 0.112618336555 0 5 
89 2 2.0 16 0 1 0 9 19 2 0.0185363788206 1 1 
89 2 2.0 19 0 0 0 9 40 1 0.238347416412 0 3 
89 2 2.0 18 0 0 0 9 40 1 0.238347416412 0 3 
89 2 2.0 24 0 0 0 8 1 2 0.0225562552353 1 0 
89 2 2.0 25 1 0 0 42 36 2 0.252921341148 6 0 
89 2 2.0 26 0 0 0 30 16 2 0.619510726936 4 0 
89 2 2.0 27 2 0 0 7 13 3 6.83445712e-80 1 1 
89 2 2.0 20 0 0 0 16 42 1 0.110330610131 0 4 
89 2 2.0 21 4 1 0 17 9 2 0.00362740975867 1 3 
89 2 2.0 22 1 1 0 5 5 3 5.5505249908e-56 1 1 
89 2 2.0 23 5 1 0 16 7 3 4.19535150736e-31 3 0 
89 2 2.0 1 5 0 0 1 8 1 0.898536886541 0 1 
89 2 2.0 3 6 2 0 4 7 2 0.172041291802 1 2 
89 2 2.0 2 6 1 0 2 8 1 0.374427111097 0 2 
89 2 2.0 5 20 2 0 33 44 2 0.019748141376 4 5 
89 2 2.0 4 6 1 0 3 7 3 0.157132026372 1 1 
89 2 2.0 7 4 0 0 10 1 3 0.109455871396 1 0 
89 2 2.0 6 4 0 0 10 1 3 0.111772426832 1 0 
89 3 0.0 9 5 3 0 52 94 2 0.000307267336093 10 0 
89 3 0.0 8 4 0 0 10 1 3 0.0147610350462 1 0 
89 3 0.0 11 1 0 0 3 21 2 0.149609344879 1 1 
89 3 0.0 10 1 0 0 1 2 1 0.191720374888 0 1 
89 3 0.0 13 0 2 0 21 34 1 0.18124545304 0 5 
89 3 0.0 12 0 1 0 9 19 2 0.0350384396807 1 1 
89 3 0.0 15 0 1 0 9 19 2 0.0346667315077 1 1 
89 3 0.0 14 0 0 0 10 1 2 0.0375348777146 1 0 
89 3 0.0 17 3 1 0 23 42 1 0.171911776792 0 5 
89 3 0.0 16 0 1 0 9 19 2 0.0250956106566 1 1 
89 3 0.0 19 0 0 0 9 40 1 0.33081221207 0 3 
89 3 0.0 18 0 0 0 9 40 1 0.33081221207 0 3 
89 3 0.0 24 0 0 0 8 1 2 0.0260878000994 1 0 
89 3 0.0 25 1 0 0 42 36 2 0.1721386064 6 0 
89 3 0.0 26 0 0 0 30 16 2 0.50070463026 4 0 
89 3 0.0 27 2 0 0 7 13 3 5.89258645372e-93 1 1 
89 3 0.0 20 0 0 0 16 42 1 0.172182289193 0 4 
89 3 0.0 21 4 1 0 17 9 2 0.000994779683499 1 3 
89 3 0.0 22 1 1 0 5 5 3 1.76897440085e-78 1 1 
89 3 0.0 23 5 1 0 16 7 3 4.30605404634e-45 3 0 
89 3 0.0 1 5 0 0 1 8 1 0.799239527883 0 1 
89 3 0.0 3 6 2 0 4 7 2 0.106864731436 1 2 
89 3 0.0 2 6 1 0 2 8 1 0.245173773968 0 2 
89 3 0.0 5 20 2 0 33 44 2 0.169171938827 4 5 
89 3 0.0 4 6 1 0 3 7 3 3.95583579664e-46 1 1 
89 3 0.0 7 4 0 0 10 1 3 0.0151974417673 1 0 
89 3 0.0 6 4 0 0 10 1 3 0.0159780283272 1 0 
89 3 2.0 9 5 3 0 52 94 2 0.0279482374747 10 0 
89 3 2.0 8 4 0 0 10 1 3 0.0188412028568 1 0 
89 3 2.0 11 1 0 0 3 21 2 0.181441217701 1 1 
89 3 2.0 10 1 0 0 1 2 1 0.129980934767 0 1 
89 3 2.0 13 0 2 0 21 34 1 0.125967289306 0 5 
89 3 2.0 12 0 1 0 9 19 2 0.0296106076256 1 1 
89 3 2.0 15 0 1 0 9 19 2 0.0297920165277 1 1 
89 3 2.0 14 0 0 0 10 1 2 0.064308503046 1 0 
89 3 2.0 17 3 1 0 23 42 1 0.112706539298 0 5 
89 3 2.0 16 0 1 0 9 19 2 0.0173985879195 1 1 
89 3 2.0 19 0 0 0 9 40 1 0.239087124373 0 3 
89 3 2.0 18 0 0 0 9 40 1 0.239087124373 0 3 
89 3 2.0 24 0 0 0 8 1 2 0.0227469475116 1 0 
89 3 2.0 25 1 0 0 42 36 2 0.259529970153 6 0 
89 3 2.0 26 0 0 0 30 16 2 0.622901936451 4 0 
89 3 2.0 27 2 0 0 7 13 3 3.41176220162e-80 1 1 
89 3 2.0 20 0 0 0 16 42 1 0.110752444044 0 4 
89 3 2.0 21 4 1 0 17 9 2 0.00493292894863 1 3 
89 3 2.0 22 1 1 0 5 5 3 4.24310268645e-56 1 1 
89 3 2.0 23 5 1 0 16 7 3 4.80017323747e-31 3 0 
89 3 2.0 1 5 0 0 1 8 1 0.981871843575 0 1 
89 3 2.0 3 6 2 0 4 7 2 0.0980864379234 1 2 
89 3 2.0 2 6 1 0 2 8 1 0.467743475873 0 2 
89 3 2.0 5 20 2 0 33 44 2 0.0248643619449 4 5 
89 3 2.0 4 6 1 0 3 7 3 0.269621698171 1 1 
89 3 2.0 7 4 0 0 10 1 3 0.0190401842141 1 0 
89 3 2.0 6 4 0 0 10 1 3 0.0190071981725 1 0 
89 4 0.0 9 5 3 0 52 94 2 0.000168952013679 10 0 
89 4 0.0 8 4 0 0 10 1 3 0.0148464488014 1 0 
89 4 0.0 11 1 0 0 3 21 2 0.1497289132 1 1 
89 4 0.0 10 1 0 0 1 2 1 0.191720269619 0 1 
89 4 0.0 13 0 2 0 21 34 1 0.187434916185 0 5 
89 4 0.0 12 0 1 0 9 19 2 0.0373004662382 1 1 
89 4 0.0 15 0 1 0 9 19 2 0.0378158118184 1 1 
89 4 0.0 14 0 0 0 10 1 2 0.0389370508875 1 0 
89 4 0.0 17 3 1 0 23 42 1 0.171248676585 0 5 
89 4 0.0 16 0 1 0 9 19 2 0.0233639069829 1 1 
89 4 0.0 19 0 0 0 9 40 1 0.330550031187 0 3 
89 4 0.0 18 0 0 0 9 40 1 0.330550031187 0 3 
89 4 0.0 24 0 0 0 8 1 2 0.0263104775393 1 0 
89 4 0.0 25 1 0 0 42 36 2 0.174527839872 6 0 
89 4 0.0 26 0 0 0 30 16 2 0.502973458706 4 0 
89 4 0.0 27 2 0 0 7 13 3 1.19887415336e-91 1 1 
89 4 0.0 20 0 0 0 16 42 1 0.172095222762 0 4 
89 4 0.0 21 4 1 0 17 9 2 0.00296227366869 1 3 
89 4 0.0 22 1 1 0 5 5 3 1.400919482e-78 1 1 
89 4 0.0 23 5 1 0 16 7 3 4.17110097386e-46 3 0 
89 4 0.0 1 5 0 0 1 8 1 0.799170919747 0 1 
89 4 0.0 3 6 2 0 4 7 2 0.106830171575 1 2 
89 4 0.0 2 6 1 0 2 8 1 0.245226794527 0 2 
89 4 0.0 5 20 2 0 33 44 2 0.169232590906 4 5 
89 4 0.0 4 6 1 0 3 7 3 5.87049917721e-44 1 1 
89 4 0.0 7 4 0 0 10 1 3 0.0144351863456 1 0 
89 4 0.0 6 4 0 0 10 1 3 0.0166726989136 1 0 
89 4 2.0 9 5 3 0 52 94 2 0.0283660242081 10 0 
89 4 2.0 8 4 0 0 10 1 3 0.0128794900767 1 0 
89 4 2.0 11 1 0 0 3 21 2 0.179672244209 1 1 
89 4 2.0 10 1 0 0 1 2 1 0.129037671605 0 1 
89 4 2.0 13 0 2 0 21 34 1 0.108723386287 0 5 
89 4 2.0 12 0 1 0 9 19 2 0.0354196669469 1 1 
89 4 2.0 15 0 1 0 9 19 2 0.0340797556881 1 1 
89 4 2.0 14 0 0 0 10 1 2 0.0772182545164 1 0 
89 4 2.0 17 3 1 0 23 42 1 0.110331922223 0 5 
89 4 2.0 16 0 1 0 9 19 2 0.0167341102067 1 1 
89 4 2.0 19 0 0 0 9 40 1 0.235009827691 0 3 
89 4 2.0 18 0 0 0 9 40 1 0.235009827691 0 3 
89 4 2.0 24 0 0 0 8 1 2 0.0229938132925 1 0 
89 4 2.0 25 1 0 0 42 36 2 0.266120728098 6 0 
89 4 2.0 26 0 0 0 30 16 2 0.623233867179 4 0 
89 4 2.0 27 2 0 0 7 13 3 4.42909700305e-79 1 1 
89 4 2.0 20 0 0 0 16 42 1 0.10859178654 0 4 
89 4 2.0 21 4 1 0 17 9 2 0.00590335567983 1 3 
89 4 2.0 22 1 1 0 5 5 3 4.00613875063e-56 1 1 
89 4 2.0 23 5 1 0 16 7 3 1.45789361499e-31 3 0 
89 4 2.0 1 5 0 0 1 8 1 0.957897039231 0 1 
89 4 2.0 3 6 2 0 4 7 2 0.105829841697 1 2 
89 4 2.0 2 6 1 0 2 8 1 0.559207022059 0 2 
89 4 2.0 5 20 2 0 33 44 2 0.0865878400389 4 5 
89 4 2.0 4 6 1 0 3 7 3 0.226896883425 1 1 
89 4 2.0 7 4 0 0 10 1 3 0.0128087370473 1 0 
89 4 2.0 6 4 0 0 10 1 3 0.0130053420498 1 0 
89 5 0.0 9 5 3 0 52 94 2 9.62543080995e-05 10 0 
89 5 0.0 8 4 0 0 10 1 3 0.0182236798969 1 0 
89 5 0.0 11 1 0 0 3 21 2 0.149346013785 1 1 
89 5 0.0 10 1 0 0 1 2 1 0.191766084788 0 1 
89 5 0.0 13 0 2 0 21 34 1 0.187194750821 0 5 
89 5 0.0 12 0 1 0 9 19 2 0.03601611129 1 1 
89 5 0.0 15 0 1 0 9 19 2 0.0357975428416 1 1 
89 5 0.0 14 0 0 0 10 1 2 0.0376870132597 1 0 
89 5 0.0 17 3 1 0 23 42 1 0.171853611867 0 5 
89 5 0.0 16 0 1 0 9 19 2 0.0241721690979 1 1 
89 5 0.0 19 0 0 0 9 40 1 0.331156112787 0 3 
89 5 0.0 18 0 0 0 9 40 1 0.331156112787 0 3 
89 5 0.0 24 0 0 0 8 1 2 0.0262060899012 1 0 
89 5 0.0 25 1 0 0 42 36 2 0.173228621864 6 0 
89 5 0.0 26 0 0 0 30 16 2 0.502193133054 4 0 
89 5 0.0 27 2 0 0 7 13 3 2.23088761804e-92 1 1 
89 5 0.0 20 0 0 0 16 42 1 0.172469132677 0 4 
89 5 0.0 21 4 1 0 17 9 2 0.00204626520025 1 3 
89 5 0.0 22 1 1 0 5 5 3 1.30921333285e-78 1 1 
89 5 0.0 23 5 1 0 16 7 3 7.21430736002e-46 3 0 
89 5 0.0 1 5 0 0 1 8 1 0.799058787941 0 1 
89 5 0.0 3 6 2 0 4 7 2 0.106807140082 1 2 
89 5 0.0 2 6 1 0 2 8 1 0.245257103291 0 2 
89 5 0.0 5 20 2 0 33 44 2 0.169330386902 4 5 
89 5 0.0 4 6 1 0 3 7 3 9.26632939999e-44 1 1 
89 5 0.0 7 4 0 0 10 1 3 0.0108547009808 1 0 
89 5 0.0 6 4 0 0 10 1 3 0.0168889318038 1 0 
89 5 2.0 9 5 3 0 52 94 2 0.0292972272601 10 0 
89 5 2.0 8 4 0 0 10 1 3 0.128014739045 1 0 
89 5 2.0 11 1 0 0 3 21 2 0.178047720692 1 1 
89 5 2.0 10 1 0 0 1 2 1 0.131629991537 0 1 
89 5 2.0 13 0 2 0 21 34 1 0.121922430704 0 5 
89 5 2.0 12 0 1 0 9 19 2 0.0269646242798 1 1 
89 5 2.0 15 0 1 0 9 19 2 0.0261308883046 1 1 
89 5 2.0 14 0 0 0 10 1 2 0.0555602085711 1 0 
89 5 2.0 17 3 1 0 23 42 1 0.110997343999 0 5 
89 5 2.0 16 0 1 0 9 19 2 0.0091445577936 1 1 
89 5 2.0 19 0 0 0 9 40 1 0.240420291867 0 3 
89 5 2.0 18 0 0 0 9 40 1 0.240420291867 0 3 
89 5 2.0 24 0 0 0 8 1 2 0.0229412571855 1 0 
89 5 2.0 25 1 0 0 42 36 2 0.25541046735 6 0 
89 5 2.0 26 0 0 0 30 16 2 0.624253372373 4 0 
89 5 2.0 27 2 0 0 7 13 3 5.13687088835e-77 1 1 
89 5 2.0 20 0 0 0 16 42 1 0.111007820519 0 4 
89 5 2.0 21 4 1 0 17 9 2 0.0136025778984 1 3 
89 5 2.0 22 1 1 0 5 5 3 4.32188884208e-53 1 1 
89 5 2.0 23 5 1 0 16 7 3 2.3738709673e-30 3 0 
89 5 2.0 1 5 0 0 1 8 1 0.871912648887 0 1 
89 5 2.0 3 6 2 0 4 7 2 0.162877886383 1 2 
89 5 2.0 2 6 1 0 2 8 1 0.374642016822 0 2 
89 5 2.0 5 20 2 0 33 44 2 0.0286061398715 4 5 
89 5 2.0 4 6 1 0 3 7 3 0.142291279098 1 1 
89 5 2.0 7 4 0 0 10 1 3 0.129781508677 1 0 
89 5 2.0 6 4 0 0 10 1 3 0.129563678862 1 0 
89 6 0.0 9 5 3 0 52 94 2 0.000161434468655 10 0 
89 6 0.0 8 4 0 0 10 1 3 0.0131413662405 1 0 
89 6 0.0 11 1 0 0 3 21 2 0.149671937941 1 1 
89 6 0.0 10 1 0 0 1 2 1 0.191478888099 0 1 
89 6 0.0 13 0 2 0 21 34 1 0.188521022587 0 5 
89 6 0.0 12 0 1 0 9 19 2 0.0360776807747 1 1 
89 6 0.0 15 0 1 0 9 19 2 0.037066298612 1 1 
89 6 0.0 14 0 0 0 10 1 2 0.0386886494391 1 0 
89 6 0.0 17 3 1 0 23 42 1 0.172233619754 0 5 
89 6 0.0 16 0 1 0 9 19 2 0.0257692183288 1 1 
89 6 0.0 19 0 0 0 9 40 1 0.330715809067 0 3 
89 6 0.0 18 0 0 0 9 40 1 0.330715809067 0 3 
89 6 0.0 24 0 0 0 8 1 2 0.026231384399 1 0 
89 6 0.0 25 1 0 0 42 36 2 0.174116922849 6 0 
89 6 0.0 26 0 0 0 30 16 2 0.502997191559 4 0 
89 6 0.0 27 2 0 0 7 13 3 6.40227247856e-92 1 1 
89 6 0.0 20 0 0 0 16 42 1 0.172358242213 0 4 
89 6 0.0 21 4 1 0 17 9 2 0.000463357889026 1 3 
89 6 0.0 22 1 1 0 5 5 3 2.71929165241e-79 1 1 
89 6 0.0 23 5 1 0 16 7 3 9.14389284765e-46 3 0 
89 6 0.0 1 5 0 0 1 8 1 0.799131075523 0 1 
89 6 0.0 3 6 2 0 4 7 2 0.10682197821 1 2 
89 6 0.0 2 6 1 0 2 8 1 0.24523120959 0 2 
89 6 0.0 5 20 2 0 33 44 2 0.169266198667 4 5 
89 6 0.0 4 6 1 0 3 7 3 4.61347140616e-45 1 1 
89 6 0.0 7 4 0 0 10 1 3 0.0183203565546 1 0 
89 6 0.0 6 4 0 0 10 1 3 0.0144953276446 1 0 
89 6 2.0 9 5 3 0 52 94 2 0.0267885997399 10 0 
89 6 2.0 8 4 0 0 10 1 3 0.0286025003044 1 0 
89 6 2.0 11 1 0 0 3 21 2 0.178125116632 1 1 
89 6 2.0 10 1 0 0 1 2 1 0.129305126581 0 1 
89 6 2.0 13 0 2 0 21 34 1 0.106245898472 0 5 
89 6 2.0 12 0 1 0 9 19 2 0.0340044689486 1 1 
89 6 2.0 15 0 1 0 9 19 2 0.033562356556 1 1 
89 6 2.0 14 0 0 0 10 1 2 0.0693016216915 1 0 
89 6 2.0 17 3 1 0 23 42 1 0.109533724589 0 5 
89 6 2.0 16 0 1 0 9 19 2 0.0110664736264 1 1 
89 6 2.0 19 0 0 0 9 40 1 0.236964790578 0 3 
89 6 2.0 18 0 0 0 9 40 1 0.236964790578 0 3 
89 6 2.0 24 0 0 0 8 1 2 0.0231408477669 1 0 
89 6 2.0 25 1 0 0 42 36 2 0.263443288275 6 0 
89 6 2.0 26 0 0 0 30 16 2 0.625126991302 4 0 
89 6 2.0 27 2 0 0 7 13 3 6.9502151192e-78 1 1 
89 6 2.0 20 0 0 0 16 42 1 0.109135886495 0 4 
89 6 2.0 21 4 1 0 17 9 2 0.011881752037 1 3 
89 6 2.0 22 1 1 0 5 5 3 1.54063187888e-54 1 1 
89 6 2.0 23 5 1 0 16 7 3 9.87301207086e-31 3 0 
89 6 2.0 1 5 0 0 1 8 1 0.850429666889 0 1 
89 6 2.0 3 6 2 0 4 7 2 0.136390224302 1 2 
89 6 2.0 2 6 1 0 2 8 1 0.482351280575 0 2 
89 6 2.0 5 20 2 0 33 44 2 0.304211322775 4 5 
89 6 2.0 4 6 1 0 3 7 3 0.1802792623 1 1 
89 6 2.0 7 4 0 0 10 1 3 0.0292103091205 1 0 
89 6 2.0 6 4 0 0 10 1 3 0.0292903999231 1 0 
89 7 0.0 9 5 3 0 52 94 2 0.000124683339434 10 0 
89 7 0.0 8 4 0 0 10 1 3 0.0127331410341 1 0 
89 7 0.0 11 1 0 0 3 21 2 0.149734810471 1 1 
89 7 0.0 10 1 0 0 1 2 1 0.191689151456 0 1 
89 7 0.0 13 0 2 0 21 34 1 0.183039301789 0 5 
89 7 0.0 12 0 1 0 9 19 2 0.0350802100321 1 1 
89 7 0.0 15 0 1 0 9 19 2 0.038972904739 1 1 
89 7 0.0 14 0 0 0 10 1 2 0.0406285835068 1 0 
89 7 0.0 17 3 1 0 23 42 1 0.169986945716 0 5 
89 7 0.0 16 0 1 0 9 19 2 0.019179415418 1 1 
89 7 0.0 19 0 0 0 9 40 1 0.330411252611 0 3 
89 7 0.0 18 0 0 0 9 40 1 0.330411252611 0 3 
89 7 0.0 24 0 0 0 8 1 2 0.026343266082 1 0 
89 7 0.0 25 1 0 0 42 36 2 0.174194656062 6 0 
89 7 0.0 26 0 0 0 30 16 2 0.502036495194 4 0 
89 7 0.0 27 2 0 0 7 13 3 2.5514580946e-91 1 1 
89 7 0.0 20 0 0 0 16 42 1 0.171704774614 0 4 
89 7 0.0 21 4 1 0 17 9 2 0.00718582204003 1 3 
89 7 0.0 22 1 1 0 5 5 3 3.78692406217e-77 1 1 
89 7 0.0 23 5 1 0 16 7 3 5.24834261305e-45 3 0 
89 7 0.0 1 5 0 0 1 8 1 0.799129708586 0 1 
89 7 0.0 3 6 2 0 4 7 2 0.106816739029 1 2 
89 7 0.0 2 6 1 0 2 8 1 0.245243535876 0 2 
89 7 0.0 5 20 2 0 33 44 2 0.169271244817 4 5 
89 7 0.0 4 6 1 0 3 7 3 4.83862481519e-46 1 1 
89 7 0.0 7 4 0 0 10 1 3 0.0170227042417 1 0 
89 7 0.0 6 4 0 0 10 1 3 0.0162030445554 1 0 
89 7 2.0 9 5 3 0 52 94 2 0.0307621378398 10 0 
89 7 2.0 8 4 0 0 10 1 3 0.155767763948 1 0 
89 7 2.0 11 1 0 0 3 21 2 0.177393387311 1 1 
89 7 2.0 10 1 0 0 1 2 1 0.131657770685 0 1 
89 7 2.0 13 0 2 0 21 34 1 0.112449201957 0 5 
89 7 2.0 12 0 1 0 9 19 2 0.029293003867 1 1 
89 7 2.0 15 0 1 0 9 19 2 0.0325325162124 1 1 
89 7 2.0 14 0 0 0 10 1 2 0.0649299604729 1 0 
89 7 2.0 17 3 1 0 23 42 1 0.109455085659 0 5 
89 7 2.0 16 0 1 0 9 19 2 0.0103634549794 1 1 
89 7 2.0 19 0 0 0 9 40 1 0.237229923817 0 3 
89 7 2.0 18 0 0 0 9 40 1 0.237229923817 0 3 
89 7 2.0 24 0 0 0 8 1 2 0.0231831629671 1 0 
89 7 2.0 25 1 0 0 42 36 2 0.261109937039 6 0 
89 7 2.0 26 0 0 0 30 16 2 0.626031269681 4 0 
89 7 2.0 27 2 0 0 7 13 3 5.09671216889e-77 1 1 
89 7 2.0 20 0 0 0 16 42 1 0.109341303802 0 4 
89 7 2.0 21 4 1 0 17 9 2 0.0126209197596 1 3 
89 7 2.0 22 1 1 0 5 5 3 9.2756307755e-54 1 1 
89 7 2.0 23 5 1 0 16 7 3 2.11504587458e-30 3 0 
89 7 2.0 1 5 0 0 1 8 1 0.804934374137 0 1 
89 7 2.0 3 6 2 0 4 7 2 0.140734229404 1 2 
89 7 2.0 2 6 1 0 2 8 1 0.368160736762 0 2 
89 7 2.0 5 20 2 0 33 44 2 0.0863560176234 4 5 
89 7 2.0 4 6 1 0 3 7 3 0.123916674372 1 1 
89 7 2.0 7 4 0 0 10 1 3 0.158214702885 1 0 
89 7 2.0 6 4 0 0 10 1 3 0.158778466137 1 0 
89 8 0.0 9 5 3 0 52 94 2 0.000214626429995 10 0 
89 8 0.0 8 4 0 0 10 1 3 0.016902648237 1 0 
89 8 0.0 11 1 0 0 3 21 2 0.149629364942 1 1 
89 8 0.0 10 1 0 0 1 2 1 0.191979135009 0 1 
89 8 0.0 13 0 2 0 21 34 1 0.179407754228 0 5 
89 8 0.0 12 0 1 0 9 19 2 0.0388179399719 1 1 
89 8 0.0 15 0 1 0 9 19 2 0.0400446307523 1 1 
89 8 0.0 14 0 0 0 10 1 2 0.0420606951929 1 0 
89 8 0.0 17 3 1 0 23 42 1 0.17082874753 0 5 
89 8 0.0 16 0 1 0 9 19 2 0.0260971043444 1 1 
89 8 0.0 19 0 0 0 9 40 1 0.328476930175 0 3 
89 8 0.0 18 0 0 0 9 40 1 0.328476930175 0 3 
89 8 0.0 24 0 0 0 8 1 2 0.0263273836555 1 0 
89 8 0.0 25 1 0 0 42 36 2 0.176167775861 6 0 
89 8 0.0 26 0 0 0 30 16 2 0.503039292503 4 0 
89 8 0.0 27 2 0 0 7 13 3 1.08114936779e-92 1 1 
89 8 0.0 20 0 0 0 16 42 1 0.170869595334 0 4 
89 8 0.0 21 4 1 0 17 9 2 0.00022927270041 1 3 
89 8 0.0 22 1 1 0 5 5 3 5.1511800665e-79 1 1 
89 8 0.0 23 5 1 0 16 7 3 1.51044177554e-45 3 0 
89 8 0.0 1 5 0 0 1 8 1 0.79911050255 0 1 
89 8 0.0 3 6 2 0 4 7 2 0.106809717877 1 2 
89 8 0.0 2 6 1 0 2 8 1 0.245239716706 0 2 
89 8 0.0 5 20 2 0 33 44 2 0.169292553698 4 5 
89 8 0.0 4 6 1 0 3 7 3 9.74037991373e-45 1 1 
89 8 0.0 7 4 0 0 10 1 3 0.0170694630965 1 0 
89 8 0.0 6 4 0 0 10 1 3 0.0119738933641 1 0 
89 8 2.0 9 5 3 0 52 94 2 0.0290430344747 10 0 
89 8 2.0 8 4 0 0 10 1 3 0.0315413805095 1 0 
89 8 2.0 11 1 0 0 3 21 2 0.177550147561 1 1 
89 8 2.0 10 1 0 0 1 2 1 0.129725366764 0 1 
89 8 2.0 13 0 2 0 21 34 1 0.106082397823 0 5 
89 8 2.0 12 0 1 0 9 19 2 0.0320912293559 1 1 
89 8 2.0 15 0 1 0 9 19 2 0.0312602306533 1 1 
89 8 2.0 14 0 0 0 10 1 2 0.0667105087633 1 0 
89 8 2.0 17 3 1 0 23 42 1 0.112055846984 0 5 
89 8 2.0 16 0 1 0 9 19 2 0.0197604309212 1 1 
89 8 2.0 19 0 0 0 9 40 1 0.236584872034 0 3 
89 8 2.0 18 0 0 0 9 40 1 0.236584872034 0 3 
89 8 2.0 24 0 0 0 8 1 2 0.0228384531851 1 0 
89 8 2.0 25 1 0 0 42 36 2 0.26101887996 6 0 
89 8 2.0 26 0 0 0 30 16 2 0.623610909188 4 0 
89 8 2.0 27 2 0 0 7 13 3 3.27541358514e-79 1 1 
89 8 2.0 20 0 0 0 16 42 1 0.109486703831 0 4 
89 8 2.0 21 4 1 0 17 9 2 0.00270418976543 1 3 
89 8 2.0 22 1 1 0 5 5 3 1.54408225926e-56 1 1 
89 8 2.0 23 5 1 0 16 7 3 2.6439957233e-31 3 0 
89 8 2.0 1 5 0 0 1 8 1 0.843584841578 0 1 
89 8 2.0 3 6 2 0 4 7 2 0.136745719743 1 2 
89 8 2.0 2 6 1 0 2 8 1 0.474875581109 0 2 
89 8 2.0 5 20 2 0 33 44 2 0.314511449652 4 5 
89 8 2.0 4 6 1 0 3 7 3 0.17762510381 1 1 
89 8 2.0 7 4 0 0 10 1 3 0.0302593505926 1 0 
89 8 2.0 6 4 0 0 10 1 3 0.0315027022185 1 0 
89 9 0.0 9 5 3 0 52 94 2 0.000228651139942 10 0 
89 9 0.0 8 4 0 0 10 1 3 0.0163415536666 1 0 
89 9 0.0 11 1 0 0 3 21 2 0.149545939786 1 1 
89 9 0.0 10 1 0 0 1 2 1 0.191737240083 0 1 
89 9 0.0 13 0 2 0 21 34 1 0.171116307925 0 5 
89 9 0.0 12 0 1 0 9 19 2 0.0342172980096 1 1 
89 9 0.0 15 0 1 0 9 19 2 0.033355624817 1 1 
89 9 0.0 14 0 0 0 10 1 2 0.0358350963847 1 0 
89 9 0.0 17 3 1 0 23 42 1 0.171656729465 0 5 
89 9 0.0 16 0 1 0 9 19 2 0.0257688778159 1 1 
89 9 0.0 19 0 0 0 9 40 1 0.330349819357 0 3 
89 9 0.0 18 0 0 0 9 40 1 0.330349819357 0 3 
89 9 0.0 24 0 0 0 8 1 2 0.0259116374693 1 0 
89 9 0.0 25 1 0 0 42 36 2 0.170421364004 6 0 
89 9 0.0 26 0 0 0 30 16 2 0.498166151717 4 0 
89 9 0.0 27 2 0 0 7 13 3 4.27914772054e-92 1 1 
89 9 0.0 20 0 0 0 16 42 1 0.171665512214 0 4 
89 9 0.0 21 4 1 0 17 9 2 0.000140243006279 1 3 
89 9 0.0 22 1 1 0 5 5 3 6.28150849079e-79 1 1 
89 9 0.0 23 5 1 0 16 7 3 1.53951667327e-45 3 0 
89 9 0.0 1 5 0 0 1 8 1 0.799196158324 0 1 
89 9 0.0 3 6 2 0 4 7 2 0.106840272367 1 2 
89 9 0.0 2 6 1 0 2 8 1 0.245212478768 0 2 
89 9 0.0 5 20 2 0 33 44 2 0.16921012828 4 5 
89 9 0.0 4 6 1 0 3 7 3 6.52114551554e-45 1 1 
89 9 0.0 7 4 0 0 10 1 3 0.0156195820718 1 0 
89 9 0.0 6 4 0 0 10 1 3 0.0139848218982 1 0 
89 9 2.0 9 5 3 0 52 94 2 0.0314568016495 10 0 
89 9 2.0 8 4 0 0 10 1 3 0.11554268153 1 0 
89 9 2.0 11 1 0 0 3 21 2 0.177279939838 1 1 
89 9 2.0 10 1 0 0 1 2 1 0.130763798953 0 1 
89 9 2.0 13 0 2 0 21 34 1 0.107260019034 0 5 
89 9 2.0 12 0 1 0 9 19 2 0.0271872867149 1 1 
89 9 2.0 15 0 1 0 9 19 2 0.0267545014905 1 1 
89 9 2.0 14 0 0 0 10 1 2 0.0572772872967 1 0 
89 9 2.0 17 3 1 0 23 42 1 0.111314272082 0 5 
89 9 2.0 16 0 1 0 9 19 2 0.0143400887507 1 1 
89 9 2.0 19 0 0 0 9 40 1 0.238939298383 0 3 
89 9 2.0 18 0 0 0 9 40 1 0.238939298383 0 3 
89 9 2.0 24 0 0 0 8 1 2 0.0227325816587 1 0 
89 9 2.0 25 1 0 0 42 36 2 0.254091175051 6 0 
89 9 2.0 26 0 0 0 30 16 2 0.620208120348 4 0 
89 9 2.0 27 2 0 0 7 13 3 4.60146156635e-79 1 1 
89 9 2.0 20 0 0 0 16 42 1 0.110302468671 0 4 
89 9 2.0 21 4 1 0 17 9 2 0.00813650019948 1 3 
89 9 2.0 22 1 1 0 5 5 3 2.81236853561e-54 1 1 
89 9 2.0 23 5 1 0 16 7 3 1.68539252576e-31 3 0 
89 9 2.0 1 5 0 0 1 8 1 0.763585650937 0 1 
89 9 2.0 3 6 2 0 4 7 2 0.129545629496 1 2 
89 9 2.0 2 6 1 0 2 8 1 0.377471834393 0 2 
89 9 2.0 5 20 2 0 33 44 2 0.271730539836 4 5 
89 9 2.0 4 6 1 0 3 7 3 0.130322981151 1 1 
89 9 2.0 7 4 0 0 10 1 3 0.116811678981 1 0 
89 9 2.0 6 4 0 0 10 1 3 0.116600777925 1 0 
89 10 0.0 9 5 3 0 52 94 2 0.000279646396097 10 0 
89 10 0.0 8 4 0 0 10 1 3 0.0169586275142 1 0 
89 10 0.0 11 1 0 0 3 21 2 0.149564178505 1 1 
89 10 0.0 10 1 0 0 1 2 1 0.19193775234 0 1 
89 10 0.0 13 0 2 0 21 34 1 0.157741389291 0 5 
89 10 0.0 12 0 1 0 9 19 2 0.0368897404185 1 1 
89 10 0.0 15 0 1 0 9 19 2 0.0365247409829 1 1 
89 10 0.0 14 0 0 0 10 1 2 0.0389507118307 1 0 
89 10 0.0 17 3 1 0 23 42 1 0.169674265713 0 5 
89 10 0.0 16 0 1 0 9 19 2 0.0258281352583 1 1 
89 10 0.0 19 0 0 0 9 40 1 0.327506256457 0 3 
89 10 0.0 18 0 0 0 9 40 1 0.327506256457 0 3 
89 10 0.0 24 0 0 0 8 1 2 0.0259855299854 1 0 
89 10 0.0 25 1 0 0 42 36 2 0.172285566383 6 0 
89 10 0.0 26 0 0 0 30 16 2 0.497361430119 4 0 
89 10 0.0 27 2 0 0 7 13 3 1.8802475358e-91 1 1 
89 10 0.0 20 0 0 0 16 42 1 0.169680720408 0 4 
89 10 0.0 21 4 1 0 17 9 2 0.000154154339714 1 3 
89 10 0.0 22 1 1 0 5 5 3 7.88680873271e-79 1 1 
89 10 0.0 23 5 1 0 16 7 3 9.99781854888e-46 3 0 
89 10 0.0 1 5 0 0 1 8 1 0.799134031961 0 1 
89 10 0.0 3 6 2 0 4 7 2 0.10682460657 1 2 
89 10 0.0 2 6 1 0 2 8 1 0.245231345097 0 2 
89 10 0.0 5 20 2 0 33 44 2 0.169273411028 4 5 
89 10 0.0 4 6 1 0 3 7 3 5.55937152403e-45 1 1 
89 10 0.0 7 4 0 0 10 1 3 0.0119973381581 1 0 
89 10 0.0 6 4 0 0 10 1 3 0.0169816015127 1 0 
89 10 2.0 9 5 3 0 52 94 2 0.0262073714333 10 0 
89 10 2.0 8 4 0 0 10 1 3 0.0442085552189 1 0 
89 10 2.0 11 1 0 0 3 21 2 0.181732841624 1 1 
89 10 2.0 10 1 0 0 1 2 1 0.132027725718 0 1 
89 10 2.0 13 0 2 0 21 34 1 0.114778476322 0 5 
89 10 2.0 12 0 1 0 9 19 2 0.0314718157545 1 1 
89 10 2.0 15 0 1 0 9 19 2 0.0284300547159 1 1 
89 10 2.0 14 0 0 0 10 1 2 0.0608425840164 1 0 
89 10 2.0 17 3 1 0 23 42 1 0.109426513296 0 5 
89 10 2.0 16 0 1 0 9 19 2 0.00962740015533 1 1 
89 10 2.0 19 0 0 0 9 40 1 0.237932541786 0 3 
89 10 2.0 18 0 0 0 9 40 1 0.237932541786 0 3 
89 10 2.0 24 0 0 0 8 1 2 0.022891769233 1 0 
89 10 2.0 25 1 0 0 42 36 2 0.257217128657 6 0 
89 10 2.0 26 0 0 0 30 16 2 0.620044772971 4 0 
89 10 2.0 27 2 0 0 7 13 3 1.02842707673e-77 1 1 
89 10 2.0 20 0 0 0 16 42 1 0.109266080366 0 4 
89 10 2.0 21 4 1 0 17 9 2 0.013006918733 1 3 
89 10 2.0 22 1 1 0 5 5 3 1.67544491511e-53 1 1 
89 10 2.0 23 5 1 0 16 7 3 2.50648749722e-30 3 0 
89 10 2.0 1 5 0 0 1 8 1 0.972429994291 0 1 
89 10 2.0 3 6 2 0 4 7 2 0.151083500707 1 2 
89 10 2.0 2 6 1 0 2 8 1 0.367784702845 0 2 
89 10 2.0 5 20 2 0 33 44 2 0.0105540939403 4 5 
89 10 2.0 4 6 1 0 3 7 3 0.260859424968 1 1 
89 10 2.0 7 4 0 0 10 1 3 0.0427053375325 1 0 
89 10 2.0 6 4 0 0 10 1 3 0.0443108106958 1 0 
89 11 0.0 9 5 3 0 52 94 2 0.000134113252785 10 0 
89 11 0.0 8 4 0 0 10 1 3 0.0166983453789 1 0 
89 11 0.0 11 1 0 0 3 21 2 0.149587405729 1 1 
89 11 0.0 10 1 0 0 1 2 1 0.191516327523 0 1 
89 11 0.0 13 0 2 0 21 34 1 0.187420203441 0 5 
89 11 0.0 12 0 1 0 9 19 2 0.0360656407465 1 1 
89 11 0.0 15 0 1 0 9 19 2 0.0374020032655 1 1 
89 11 0.0 14 0 0 0 10 1 2 0.0385418483836 1 0 
89 11 0.0 17 3 1 0 23 42 1 0.172245598872 0 5 
89 11 0.0 16 0 1 0 9 19 2 0.0261277507403 1 1 
89 11 0.0 19 0 0 0 9 40 1 0.330555055927 0 3 
89 11 0.0 18 0 0 0 9 40 1 0.330555055927 0 3 
89 11 0.0 24 0 0 0 8 1 2 0.0262195243508 1 0 
89 11 0.0 25 1 0 0 42 36 2 0.174108242257 6 0 
89 11 0.0 26 0 0 0 30 16 2 0.502891640263 4 0 
89 11 0.0 27 2 0 0 7 13 3 1.98566339467e-92 1 1 
89 11 0.0 20 0 0 0 16 42 1 0.172254051535 0 4 
89 11 0.0 21 4 1 0 17 9 2 9.06032266066e-05 1 3 
89 11 0.0 22 1 1 0 5 5 3 3.71562930974e-78 1 1 
89 11 0.0 23 5 1 0 16 7 3 2.73413799597e-46 3 0 
89 11 0.0 1 5 0 0 1 8 1 0.799172662779 0 1 
89 11 0.0 3 6 2 0 4 7 2 0.106833407611 1 2 
89 11 0.0 2 6 1 0 2 8 1 0.245219894416 0 2 
89 11 0.0 5 20 2 0 33 44 2 0.169229196309 4 5 
89 11 0.0 4 6 1 0 3 7 3 3.30862399802e-44 1 1 
89 11 0.0 7 4 0 0 10 1 3 0.0154687862691 1 0 
89 11 0.0 6 4 0 0 10 1 3 0.013792013098 1 0 
89 11 2.0 9 5 3 0 52 94 2 0.029160289842 10 0 
89 11 2.0 8 4 0 0 10 1 3 0.0300051490553 1 0 
89 11 2.0 11 1 0 0 3 21 2 0.181323988437 1 1 
89 11 2.0 10 1 0 0 1 2 1 0.131194443534 0 1 
89 11 2.0 13 0 2 0 21 34 1 0.13243080213 0 5 
89 11 2.0 12 0 1 0 9 19 2 0.0260771670216 1 1 
89 11 2.0 15 0 1 0 9 19 2 0.0304441811091 1 1 
89 11 2.0 14 0 0 0 10 1 2 0.0624833655706 1 0 
89 11 2.0 17 3 1 0 23 42 1 0.112955813539 0 5 
89 11 2.0 16 0 1 0 9 19 2 0.0170723062114 1 1 
89 11 2.0 19 0 0 0 9 40 1 0.239540099494 0 3 
89 11 2.0 18 0 0 0 9 40 1 0.239540099494 0 3 
89 11 2.0 24 0 0 0 8 1 2 0.0227981390919 1 0 
89 11 2.0 25 1 0 0 42 36 2 0.259122141325 6 0 
89 11 2.0 26 0 0 0 30 16 2 0.624101872476 4 0 
89 11 2.0 27 2 0 0 7 13 3 7.69108304091e-80 1 1 
89 11 2.0 20 0 0 0 16 42 1 0.111069640606 0 4 
89 11 2.0 21 4 1 0 17 9 2 0.00529611708776 1 3 
89 11 2.0 22 1 1 0 5 5 3 1.3027828375e-55 1 1 
89 11 2.0 23 5 1 0 16 7 3 3.10894846356e-31 3 0 
89 11 2.0 1 5 0 0 1 8 1 0.980357139978 0 1 
89 11 2.0 3 6 2 0 4 7 2 0.122916434493 1 2 
89 11 2.0 2 6 1 0 2 8 1 0.396502033487 0 2 
89 11 2.0 5 20 2 0 33 44 2 0.0136409185623 4 5 
89 11 2.0 4 6 1 0 3 7 3 0.279700092292 1 1 
89 11 2.0 7 4 0 0 10 1 3 0.0308537184172 1 0 
89 11 2.0 6 4 0 0 10 1 3 0.0308542419357 1 0 
89 12 0.0 9 5 3 0 52 94 2 9.64508560273e-05 10 0 
89 12 0.0 8 4 0 0 10 1 3 0.015443551188 1 0 
89 12 0.0 11 1 0 0 3 21 2 0.149498123204 1 1 
89 12 0.0 10 1 0 0 1 2 1 0.191706914849 0 1 
89 12 0.0 13 0 2 0 21 34 1 0.169830426783 0 5 
89 12 0.0 12 0 1 0 9 19 2 0.0335067774695 1 1 
89 12 0.0 15 0 1 0 9 19 2 0.0339941623316 1 1 
89 12 0.0 14 0 0 0 10 1 2 0.0353917126422 1 0 
89 12 0.0 17 3 1 0 23 42 1 0.171156392029 0 5 
89 12 0.0 16 0 1 0 9 19 2 0.0244598729589 1 1 
89 12 0.0 19 0 0 0 9 40 1 0.330486418458 0 3 
89 12 0.0 18 0 0 0 9 40 1 0.330486418458 0 3 
89 12 0.0 24 0 0 0 8 1 2 0.0259195967717 1 0 
89 12 0.0 25 1 0 0 42 36 2 0.170131615509 6 0 
89 12 0.0 26 0 0 0 30 16 2 0.497727260856 4 0 
89 12 0.0 27 2 0 0 7 13 3 3.23222918507e-92 1 1 
89 12 0.0 20 0 0 0 16 42 1 0.171610285235 0 4 
89 12 0.0 21 4 1 0 17 9 2 0.00146895308463 1 3 
89 12 0.0 22 1 1 0 5 5 3 1.48710879117e-78 1 1 
89 12 0.0 23 5 1 0 16 7 3 4.53843479365e-46 3 0 
89 12 0.0 1 5 0 0 1 8 1 0.799125586104 0 1 
89 12 0.0 3 6 2 0 4 7 2 0.106821346842 1 2 
89 12 0.0 2 6 1 0 2 8 1 0.245235547809 0 2 
89 12 0.0 5 20 2 0 33 44 2 0.169274279687 4 5 
89 12 0.0 4 6 1 0 3 7 3 2.7162936736e-43 1 1 
89 12 0.0 7 4 0 0 10 1 3 0.018002769746 1 0 
89 12 0.0 6 4 0 0 10 1 3 0.0125160804945 1 0 
89 12 2.0 9 5 3 0 52 94 2 0.028385707445 10 0 
89 12 2.0 8 4 0 0 10 1 3 0.012815026783 1 0 
89 12 2.0 11 1 0 0 3 21 2 0.180721939571 1 1 
89 12 2.0 10 1 0 0 1 2 1 0.129292729151 0 1 
89 12 2.0 13 0 2 0 21 34 1 0.107245467912 0 5 
89 12 2.0 12 0 1 0 9 19 2 0.0295922534423 1 1 
89 12 2.0 15 0 1 0 9 19 2 0.0320104800881 1 1 
89 12 2.0 14 0 0 0 10 1 2 0.0681149269504 1 0 
89 12 2.0 17 3 1 0 23 42 1 0.112677895097 0 5 
89 12 2.0 16 0 1 0 9 19 2 0.0209771999943 1 1 
89 12 2.0 19 0 0 0 9 40 1 0.236251825862 0 3 
89 12 2.0 18 0 0 0 9 40 1 0.236251825862 0 3 
89 12 2.0 24 0 0 0 8 1 2 0.0225617819292 1 0 
89 12 2.0 25 1 0 0 42 36 2 0.259307847391 6 0 
89 12 2.0 26 0 0 0 30 16 2 0.619029286849 4 0 
89 12 2.0 27 2 0 0 7 13 3 2.33336682194e-79 1 1 
89 12 2.0 20 0 0 0 16 42 1 0.109365729028 0 4 
89 12 2.0 21 4 1 0 17 9 2 0.00106559574808 1 3 
89 12 2.0 22 1 1 0 5 5 3 1.20870267425e-56 1 1 
89 12 2.0 23 5 1 0 16 7 3 1.84944987774e-31 3 0 
89 12 2.0 1 5 0 0 1 8 1 0.960176392375 0 1 
89 12 2.0 3 6 2 0 4 7 2 0.104536667313 1 2 
89 12 2.0 2 6 1 0 2 8 1 0.558094853365 0 2 
89 12 2.0 5 20 2 0 33 44 2 0.0814278552025 4 5 
89 12 2.0 4 6 1 0 3 7 3 0.228265387286 1 1 
89 12 2.0 7 4 0 0 10 1 3 0.0126775891999 1 0 
89 12 2.0 6 4 0 0 10 1 3 0.0128236648963 1 0 
89 13 0.0 9 5 3 0 52 94 2 0.000124949878872 10 0 
89 13 0.0 8 4 0 0 10 1 3 0.0173339202645 1 0 
89 13 0.0 11 1 0 0 3 21 2 0.149754421038 1 1 
89 13 0.0 10 1 0 0 1 2 1 0.1918385769 0 1 
89 13 0.0 13 0 2 0 21 34 1 0.181721387785 0 5 
89 13 0.0 12 0 1 0 9 19 2 0.0347190755814 1 1 
89 13 0.0 15 0 1 0 9 19 2 0.0357070693958 1 1 
89 13 0.0 14 0 0 0 10 1 2 0.0371994685478 1 0 
89 13 0.0 17 3 1 0 23 42 1 0.172187331909 0 5 
89 13 0.0 16 0 1 0 9 19 2 0.0260398226977 1 1 
89 13 0.0 19 0 0 0 9 40 1 0.330723955451 0 3 
89 13 0.0 18 0 0 0 9 40 1 0.330723955451 0 3 
89 13 0.0 24 0 0 0 8 1 2 0.0260865808347 1 0 
89 13 0.0 25 1 0 0 42 36 2 0.172381636242 6 0 
89 13 0.0 26 0 0 0 30 16 2 0.501052538154 4 0 
89 13 0.0 27 2 0 0 7 13 3 4.22069798036e-92 1 1 
89 13 0.0 20 0 0 0 16 42 1 0.172181538779 0 4 
89 13 0.0 21 4 1 0 17 9 2 4.54267737762e-05 1 3 
89 13 0.0 22 1 1 0 5 5 3 4.07289796331e-79 1 1 
89 13 0.0 23 5 1 0 16 7 3 7.13708006787e-46 3 0 
89 13 0.0 1 5 0 0 1 8 1 0.799109324178 0 1 
89 13 0.0 3 6 2 0 4 7 2 0.106816099469 1 2 
89 13 0.0 2 6 1 0 2 8 1 0.245242084584 0 2 
89 13 0.0 5 20 2 0 33 44 2 0.169288935933 4 5 
89 13 0.0 4 6 1 0 3 7 3 5.42320254066e-44 1 1 
89 13 0.0 7 4 0 0 10 1 3 0.0119589346504 1 0 
89 13 0.0 6 4 0 0 10 1 3 0.0166671954028 1 0 
89 13 2.0 9 5 3 0 52 94 2 0.0325145790309 10 0 
89 13 2.0 8 4 0 0 10 1 3 0.116039972482 1 0 
89 13 2.0 11 1 0 0 3 21 2 0.178942466366 1 1 
89 13 2.0 10 1 0 0 1 2 1 0.133075270727 0 1 
89 13 2.0 13 0 2 0 21 34 1 0.110309863399 0 5 
89 13 2.0 12 0 1 0 9 19 2 0.0269631519468 1 1 
89 13 2.0 15 0 1 0 9 19 2 0.0285231836941 1 1 
89 13 2.0 14 0 0 0 10 1 2 0.0595495096444 1 0 
89 13 2.0 17 3 1 0 23 42 1 0.111722357131 0 5 
89 13 2.0 16 0 1 0 9 19 2 0.0196156904915 1 1 
89 13 2.0 19 0 0 0 9 40 1 0.23626816768 0 3 
89 13 2.0 18 0 0 0 9 40 1 0.23626816768 0 3 
89 13 2.0 24 0 0 0 8 1 2 0.0226671818172 1 0 
89 13 2.0 25 1 0 0 42 36 2 0.255591640551 6 0 
89 13 2.0 26 0 0 0 30 16 2 0.619902818972 4 0 
89 13 2.0 27 2 0 0 7 13 3 1.57411546715e-80 1 1 
89 13 2.0 20 0 0 0 16 42 1 0.109191824418 0 4 
89 13 2.0 21 4 1 0 17 9 2 0.00259526460893 1 3 
89 13 2.0 22 1 1 0 5 5 3 2.50652879605e-56 1 1 
89 13 2.0 23 5 1 0 16 7 3 6.35534894241e-31 3 0 
89 13 2.0 1 5 0 0 1 8 1 0.891246243744 0 1 
89 13 2.0 3 6 2 0 4 7 2 0.169726124661 1 2 
89 13 2.0 2 6 1 0 2 8 1 0.373973287739 0 2 
89 13 2.0 5 20 2 0 33 44 2 0.0214043637099 4 5 
89 13 2.0 4 6 1 0 3 7 3 0.151601314236 1 1 
89 13 2.0 7 4 0 0 10 1 3 0.116211697674 1 0 
89 13 2.0 6 4 0 0 10 1 3 0.116573156827 1 0 
89 14 0.0 9 5 3 0 52 94 2 0.000132606206163 10 0 
89 14 0.0 8 4 0 0 10 1 3 0.011850093184 1 0 
89 14 0.0 11 1 0 0 3 21 2 0.149596364307 1 1 
89 14 0.0 10 1 0 0 1 2 1 0.191945926257 0 1 
89 14 0.0 13 0 2 0 21 34 1 0.158754893848 0 5 
89 14 0.0 12 0 1 0 9 19 2 0.0373481659013 1 1 
89 14 0.0 15 0 1 0 9 19 2 0.0366380387433 1 1 
89 14 0.0 14 0 0 0 10 1 2 0.0388764403534 1 0 
89 14 0.0 17 3 1 0 23 42 1 0.168485921517 0 5 
89 14 0.0 16 0 1 0 9 19 2 0.0214140640834 1 1 
89 14 0.0 19 0 0 0 9 40 1 0.328049999895 0 3 
89 14 0.0 18 0 0 0 9 40 1 0.328049999895 0 3 
89 14 0.0 24 0 0 0 8 1 2 0.0260850694925 1 0 
89 14 0.0 25 1 0 0 42 36 2 0.172238095468 6 0 
89 14 0.0 26 0 0 0 30 16 2 0.49732129558 4 0 
89 14 0.0 27 2 0 0 7 13 3 1.31001513468e-91 1 1 
89 14 0.0 20 0 0 0 16 42 1 0.169757244473 0 4 
89 14 0.0 21 4 1 0 17 9 2 0.00469360802231 1 3 
89 14 0.0 22 1 1 0 5 5 3 5.64615243285e-78 1 1 
89 14 0.0 23 5 1 0 16 7 3 1.97654938958e-45 3 0 
89 14 0.0 1 5 0 0 1 8 1 0.799085162127 0 1 
89 14 0.0 3 6 2 0 4 7 2 0.106811652724 1 2 
89 14 0.0 2 6 1 0 2 8 1 0.245251215165 0 2 
89 14 0.0 5 20 2 0 33 44 2 0.169311874928 4 5 
89 14 0.0 4 6 1 0 3 7 3 2.99644140071e-44 1 1 
89 14 0.0 7 4 0 0 10 1 3 0.0152846035082 1 0 
89 14 0.0 6 4 0 0 10 1 3 0.0188242749939 1 0 
89 14 2.0 9 5 3 0 52 94 2 0.0322040628613 10 0 
89 14 2.0 8 4 0 0 10 1 3 0.147540176515 1 0 
89 14 2.0 11 1 0 0 3 21 2 0.177144281403 1 1 
89 14 2.0 10 1 0 0 1 2 1 0.131688819352 0 1 
89 14 2.0 13 0 2 0 21 34 1 0.105847298864 0 5 
89 14 2.0 12 0 1 0 9 19 2 0.0300925132152 1 1 
89 14 2.0 15 0 1 0 9 19 2 0.0291061823677 1 1 
89 14 2.0 14 0 0 0 10 1 2 0.0628741815967 1 0 
89 14 2.0 17 3 1 0 23 42 1 0.110232370235 0 5 
89 14 2.0 16 0 1 0 9 19 2 0.0147906658478 1 1 
89 14 2.0 19 0 0 0 9 40 1 0.236778340433 0 3 
89 14 2.0 18 0 0 0 9 40 1 0.236778340433 0 3 
89 14 2.0 24 0 0 0 8 1 2 0.0229218954657 1 0 
89 14 2.0 25 1 0 0 42 36 2 0.258216555346 6 0 
89 14 2.0 26 0 0 0 30 16 2 0.622390718634 4 0 
89 14 2.0 27 2 0 0 7 13 3 3.04008162405e-79 1 1 
89 14 2.0 20 0 0 0 16 42 1 0.109165500727 0 4 
89 14 2.0 21 4 1 0 17 9 2 0.00789831849296 1 3 
89 14 2.0 22 1 1 0 5 5 3 4.42677486144e-55 1 1 
89 14 2.0 23 5 1 0 16 7 3 9.77954624182e-31 3 0 
89 14 2.0 1 5 0 0 1 8 1 0.772359716121 0 1 
89 14 2.0 3 6 2 0 4 7 2 0.131771646675 1 2 
89 14 2.0 2 6 1 0 2 8 1 0.367075346971 0 2 
89 14 2.0 5 20 2 0 33 44 2 0.172908130525 4 5 
89 14 2.0 4 6 1 0 3 7 3 0.122931923119 1 1 
89 14 2.0 7 4 0 0 10 1 3 0.147556056878 1 0 
89 14 2.0 6 4 0 0 10 1 3 0.149264837808 1 0 
89 15 0.0 9 5 3 0 52 94 2 0.000213144551152 10 0 
89 15 0.0 8 4 0 0 10 1 3 0.0151909905338 1 0 
89 15 0.0 11 1 0 0 3 21 2 0.149465610544 1 1 
89 15 0.0 10 1 0 0 1 2 1 0.191900614281 0 1 
89 15 0.0 13 0 2 0 21 34 1 0.159884383665 0 5 
89 15 0.0 12 0 1 0 9 19 2 0.0366743425316 1 1 
89 15 0.0 15 0 1 0 9 19 2 0.035718871341 1 1 
89 15 0.0 14 0 0 0 10 1 2 0.0386880414886 1 0 
89 15 0.0 17 3 1 0 23 42 1 0.169246383787 0 5 
89 15 0.0 16 0 1 0 9 19 2 0.0234327871746 1 1 
89 15 0.0 19 0 0 0 9 40 1 0.328236121515 0 3 
89 15 0.0 18 0 0 0 9 40 1 0.328236121515 0 3 
89 15 0.0 24 0 0 0 8 1 2 0.0260245865837 1 0 
89 15 0.0 25 1 0 0 42 36 2 0.17186240618 6 0 
89 15 0.0 26 0 0 0 30 16 2 0.497320350508 4 0 
89 15 0.0 27 2 0 0 7 13 3 1.07699455181e-91 1 1 
89 15 0.0 20 0 0 0 16 42 1 0.170002360475 0 4 
89 15 0.0 21 4 1 0 17 9 2 0.00260647416134 1 3 
89 15 0.0 22 1 1 0 5 5 3 1.31981390282e-78 1 1 
89 15 0.0 23 5 1 0 16 7 3 2.75297322123e-45 3 0 
89 15 0.0 1 5 0 0 1 8 1 0.79920298945 0 1 
89 15 0.0 3 6 2 0 4 7 2 0.106840842829 1 2 
89 15 0.0 2 6 1 0 2 8 1 0.245213205455 0 2 
89 15 0.0 5 20 2 0 33 44 2 0.169209213501 4 5 
89 15 0.0 4 6 1 0 3 7 3 1.7078715271e-45 1 1 
89 15 0.0 7 4 0 0 10 1 3 0.0162639213151 1 0 
89 15 0.0 6 4 0 0 10 1 3 0.0144890176484 1 0 
89 15 2.0 9 5 3 0 52 94 2 0.0243794418209 10 0 
89 15 2.0 8 4 0 0 10 1 3 0.0146798774312 1 0 
89 15 2.0 11 1 0 0 3 21 2 0.18106259315 1 1 
89 15 2.0 10 1 0 0 1 2 1 0.129481859541 0 1 
89 15 2.0 13 0 2 0 21 34 1 0.123290793995 0 5 
89 15 2.0 12 0 1 0 9 19 2 0.0343968692152 1 1 
89 15 2.0 15 0 1 0 9 19 2 0.0336947662259 1 1 
89 15 2.0 14 0 0 0 10 1 2 0.06872809817 1 0 
89 15 2.0 17 3 1 0 23 42 1 0.110307191668 0 5 
89 15 2.0 16 0 1 0 9 19 2 0.00972782515715 1 1 
89 15 2.0 19 0 0 0 9 40 1 0.238781408957 0 3 
89 15 2.0 18 0 0 0 9 40 1 0.238781408957 0 3 
89 15 2.0 24 0 0 0 8 1 2 0.0231817972181 1 0 
89 15 2.0 25 1 0 0 42 36 2 0.264808902805 6 0 
89 15 2.0 26 0 0 0 30 16 2 0.627007052118 4 0 
89 15 2.0 27 2 0 0 7 13 3 2.18412165296e-77 1 1 
89 15 2.0 20 0 0 0 16 42 1 0.110057365942 0 4 
89 15 2.0 21 4 1 0 17 9 2 0.0131798753149 1 3 
89 15 2.0 22 1 1 0 5 5 3 8.69411417049e-54 1 1 
89 15 2.0 23 5 1 0 16 7 3 1.70130599018e-30 3 0 
89 15 2.0 1 5 0 0 1 8 1 0.976343069292 0 1 
89 15 2.0 3 6 2 0 4 7 2 0.095378506741 1 2 
89 15 2.0 2 6 1 0 2 8 1 0.519384930107 0 2 
89 15 2.0 5 20 2 0 33 44 2 0.0418741301604 4 5 
89 15 2.0 4 6 1 0 3 7 3 0.250584348171 1 1 
89 15 2.0 7 4 0 0 10 1 3 0.0148708746528 1 0 
89 15 2.0 6 4 0 0 10 1 3 0.0148862302882 1 0 
89 16 0.0 9 5 3 0 52 94 2 0.000222274635984 10 0 
89 16 0.0 8 4 0 0 10 1 3 0.0142441172262 1 0 
89 16 0.0 11 1 0 0 3 21 2 0.149451642193 1 1 
89 16 0.0 10 1 0 0 1 2 1 0.191876935424 0 1 
89 16 0.0 13 0 2 0 21 34 1 0.161365740654 0 5 
89 16 0.0 12 0 1 0 9 19 2 0.0387076803944 1 1 
89 16 0.0 15 0 1 0 9 19 2 0.0385690585471 1 1 
89 16 0.0 14 0 0 0 10 1 2 0.041002866437 1 0 
89 16 0.0 17 3 1 0 23 42 1 0.168397320124 0 5 
89 16 0.0 16 0 1 0 9 19 2 0.0219587656736 1 1 
89 16 0.0 19 0 0 0 9 40 1 0.327465939327 0 3 
89 16 0.0 18 0 0 0 9 40 1 0.327465939327 0 3 
89 16 0.0 24 0 0 0 8 1 2 0.0262042649654 1 0 
89 16 0.0 25 1 0 0 42 36 2 0.173998535219 6 0 
89 16 0.0 26 0 0 0 30 16 2 0.498860051657 4 0 
89 16 0.0 27 2 0 0 7 13 3 6.62265635306e-92 1 1 
89 16 0.0 20 0 0 0 16 42 1 0.169554397833 0 4 
89 16 0.0 21 4 1 0 17 9 2 0.00426731377042 1 3 
89 16 0.0 22 1 1 0 5 5 3 1.02217632649e-77 1 1 
89 16 0.0 23 5 1 0 16 7 3 7.59589217427e-46 3 0 
89 16 0.0 1 5 0 0 1 8 1 0.799130676327 0 1 
89 16 0.0 3 6 2 0 4 7 2 0.106817941383 1 2 
89 16 0.0 2 6 1 0 2 8 1 0.245245900787 0 2 
89 16 0.0 5 20 2 0 33 44 2 0.169271583272 4 5 
89 16 0.0 4 6 1 0 3 7 3 3.62820692836e-45 1 1 
89 16 0.0 7 4 0 0 10 1 3 0.0137631252409 1 0 
89 16 0.0 6 4 0 0 10 1 3 0.0179405630797 1 0 
89 16 2.0 9 5 3 0 52 94 2 0.0264464426125 10 0 
89 16 2.0 8 4 0 0 10 1 3 0.0803413773756 1 0 
89 16 2.0 11 1 0 0 3 21 2 0.177445866521 1 1 
89 16 2.0 10 1 0 0 1 2 1 0.129864678133 0 1 
89 16 2.0 13 0 2 0 21 34 1 0.0996672800726 0 5 
89 16 2.0 12 0 1 0 9 19 2 0.0330959854372 1 1 
89 16 2.0 15 0 1 0 9 19 2 0.031268155759 1 1 
89 16 2.0 14 0 0 0 10 1 2 0.0619589052051 1 0 
89 16 2.0 17 3 1 0 23 42 1 0.108601872435 0 5 
89 16 2.0 16 0 1 0 9 19 2 0.00690661051449 1 1 
89 16 2.0 19 0 0 0 9 40 1 0.23715407225 0 3 
89 16 2.0 18 0 0 0 9 40 1 0.23715407225 0 3 
89 16 2.0 24 0 0 0 8 1 2 0.0230482514022 1 0 
89 16 2.0 25 1 0 0 42 36 2 0.259181371685 6 0 
89 16 2.0 26 0 0 0 30 16 2 0.622042921169 4 0 
89 16 2.0 27 2 0 0 7 13 3 3.46928930635e-76 1 1 
89 16 2.0 20 0 0 0 16 42 1 0.108803809544 0 4 
89 16 2.0 21 4 1 0 17 9 2 0.0160095663797 1 3 
89 16 2.0 22 1 1 0 5 5 3 3.44607834882e-51 1 1 
89 16 2.0 23 5 1 0 16 7 3 6.1206805331e-30 3 0 
89 16 2.0 1 5 0 0 1 8 1 0.774393317513 0 1 
89 16 2.0 3 6 2 0 4 7 2 0.131399455211 1 2 
89 16 2.0 2 6 1 0 2 8 1 0.398461231384 0 2 
89 16 2.0 5 20 2 0 33 44 2 0.341522810979 4 5 
89 16 2.0 4 6 1 0 3 7 3 0.14241158093 1 1 
89 16 2.0 7 4 0 0 10 1 3 0.0811835170328 1 0 
89 16 2.0 6 4 0 0 10 1 3 0.0805871804006 1 0 
89 17 0.0 9 5 3 0 52 94 2 0.000129068909769 10 0 
89 17 0.0 8 4 0 0 10 1 3 0.0176055746699 1 0 
89 17 0.0 11 1 0 0 3 21 2 0.149785909143 1 1 
89 17 0.0 10 1 0 0 1 2 1 0.191676827598 0 1 
89 17 0.0 13 0 2 0 21 34 1 0.167736478137 0 5 
89 17 0.0 12 0 1 0 9 19 2 0.040610199184 1 1 
89 17 0.0 15 0 1 0 9 19 2 0.0406401853133 1 1 
89 17 0.0 14 0 0 0 10 1 2 0.0417657749745 1 0 
89 17 0.0 17 3 1 0 23 42 1 0.168923637464 0 5 
89 17 0.0 16 0 1 0 9 19 2 0.0235100443043 1 1 
89 17 0.0 19 0 0 0 9 40 1 0.327323126166 0 3 
89 17 0.0 18 0 0 0 9 40 1 0.327323126166 0 3 
89 17 0.0 24 0 0 0 8 1 2 0.0263253126352 1 0 
89 17 0.0 25 1 0 0 42 36 2 0.175894169326 6 0 
89 17 0.0 26 0 0 0 30 16 2 0.501072493333 4 0 
89 17 0.0 27 2 0 0 7 13 3 5.4089386478e-92 1 1 
89 17 0.0 20 0 0 0 16 42 1 0.169738561826 0 4 
89 17 0.0 21 4 1 0 17 9 2 0.00283381274854 1 3 
89 17 0.0 22 1 1 0 5 5 3 3.42913982163e-78 1 1 
89 17 0.0 23 5 1 0 16 7 3 6.56776030961e-46 3 0 
89 17 0.0 1 5 0 0 1 8 1 0.799127031823 0 1 
89 17 0.0 3 6 2 0 4 7 2 0.10682214569 1 2 
89 17 0.0 2 6 1 0 2 8 1 0.24524097264 0 2 
89 17 0.0 5 20 2 0 33 44 2 0.169271256637 4 5 
89 17 0.0 4 6 1 0 3 7 3 3.97321843103e-44 1 1 
89 17 0.0 7 4 0 0 10 1 3 0.01601593624 1 0 
89 17 0.0 6 4 0 0 10 1 3 0.01233900828 1 0 
89 17 2.0 9 5 3 0 52 94 2 0.031831213925 10 0 
89 17 2.0 8 4 0 0 10 1 3 0.14431707949 1 0 
89 17 2.0 11 1 0 0 3 21 2 0.177581376389 1 1 
89 17 2.0 10 1 0 0 1 2 1 0.131144897559 0 1 
89 17 2.0 13 0 2 0 21 34 1 0.10182419071 0 5 
89 17 2.0 12 0 1 0 9 19 2 0.0263940078777 1 1 
89 17 2.0 15 0 1 0 9 19 2 0.0271331035214 1 1 
89 17 2.0 14 0 0 0 10 1 2 0.0567809503474 1 0 
89 17 2.0 17 3 1 0 23 42 1 0.110413588678 0 5 
89 17 2.0 16 0 1 0 9 19 2 0.0135851083732 1 1 
89 17 2.0 19 0 0 0 9 40 1 0.237950975373 0 3 
89 17 2.0 18 0 0 0 9 40 1 0.237950975373 0 3 
89 17 2.0 24 0 0 0 8 1 2 0.0226648861936 1 0 
89 17 2.0 25 1 0 0 42 36 2 0.252790660732 6 0 
89 17 2.0 26 0 0 0 30 16 2 0.617316522062 4 0 
89 17 2.0 27 2 0 0 7 13 3 1.57410079523e-77 1 1 
89 17 2.0 20 0 0 0 16 42 1 0.109607448696 0 4 
89 17 2.0 21 4 1 0 17 9 2 0.00882530597612 1 3 
89 17 2.0 22 1 1 0 5 5 3 1.48095236513e-54 1 1 
89 17 2.0 23 5 1 0 16 7 3 6.56426134629e-31 3 0 
89 17 2.0 1 5 0 0 1 8 1 0.771609552482 0 1 
89 17 2.0 3 6 2 0 4 7 2 0.131635948245 1 2 
89 17 2.0 2 6 1 0 2 8 1 0.37039078104 0 2 
89 17 2.0 5 20 2 0 33 44 2 0.189735845392 4 5 
89 17 2.0 4 6 1 0 3 7 3 0.1252560224 1 1 
89 17 2.0 7 4 0 0 10 1 3 0.144370228053 1 0 
89 17 2.0 6 4 0 0 10 1 3 0.13868969317 1 0 
89 18 0.0 9 5 3 0 52 94 2 0.000116344543124 10 0 
89 18 0.0 8 4 0 0 10 1 3 0.0150459300123 1 0 
89 18 0.0 11 1 0 0 3 21 2 0.149589269638 1 1 
89 18 0.0 10 1 0 0 1 2 1 0.191531232076 0 1 
89 18 0.0 13 0 2 0 21 34 1 0.177017581954 0 5 
89 18 0.0 12 0 1 0 9 19 2 0.0397604340878 1 1 
89 18 0.0 15 0 1 0 9 19 2 0.0391724854668 1 1 
89 18 0.0 14 0 0 0 10 1 2 0.0417298035748 1 0 
89 18 0.0 17 3 1 0 23 42 1 0.170710858838 0 5 
89 18 0.0 16 0 1 0 9 19 2 0.0262900907018 1 1 
89 18 0.0 19 0 0 0 9 40 1 0.328290377652 0 3 
89 18 0.0 18 0 0 0 9 40 1 0.328290377652 0 3 
89 18 0.0 24 0 0 0 8 1 2 0.0263027206409 1 0 
89 18 0.0 25 1 0 0 42 36 2 0.17594496574 6 0 
89 18 0.0 26 0 0 0 30 16 2 0.502635855144 4 0 
89 18 0.0 27 2 0 0 7 13 3 7.75523459822e-92 1 1 
89 18 0.0 20 0 0 0 16 42 1 0.170695673711 0 4 
89 18 0.0 21 4 1 0 17 9 2 1.08593328963e-05 1 3 
89 18 0.0 22 1 1 0 5 5 3 8.80032996669e-79 1 1 
89 18 0.0 23 5 1 0 16 7 3 6.2714257276e-46 3 0 
89 18 0.0 1 5 0 0 1 8 1 0.799182362084 0 1 
89 18 0.0 3 6 2 0 4 7 2 0.106830849151 1 2 
89 18 0.0 2 6 1 0 2 8 1 0.245223684861 0 2 
89 18 0.0 5 20 2 0 33 44 2 0.169227323135 4 5 
89 18 0.0 4 6 1 0 3 7 3 2.19661637896e-44 1 1 
89 18 0.0 7 4 0 0 10 1 3 0.0153328272652 1 0 
89 18 0.0 6 4 0 0 10 1 3 0.0155772680119 1 0 
89 18 2.0 9 5 3 0 52 94 2 0.0292815133082 10 0 
89 18 2.0 8 4 0 0 10 1 3 0.0179699727783 1 0 
89 18 2.0 11 1 0 0 3 21 2 0.182290567694 1 1 
89 18 2.0 10 1 0 0 1 2 1 0.129652997973 0 1 
89 18 2.0 13 0 2 0 21 34 1 0.129334630918 0 5 
89 18 2.0 12 0 1 0 9 19 2 0.0347174059273 1 1 
89 18 2.0 15 0 1 0 9 19 2 0.0306008551775 1 1 
89 18 2.0 14 0 0 0 10 1 2 0.0724312764683 1 0 
89 18 2.0 17 3 1 0 23 42 1 0.112819036891 0 5 
89 18 2.0 16 0 1 0 9 19 2 0.0192905827018 1 1 
89 18 2.0 19 0 0 0 9 40 1 0.237401973451 0 3 
89 18 2.0 18 0 0 0 9 40 1 0.237401973451 0 3 
89 18 2.0 24 0 0 0 8 1 2 0.0229665301527 1 0 
89 18 2.0 25 1 0 0 42 36 2 0.265818079212 6 0 
89 18 2.0 26 0 0 0 30 16 2 0.627104877957 4 0 
89 18 2.0 27 2 0 0 7 13 3 2.70059643045e-80 1 1 
89 18 2.0 20 0 0 0 16 42 1 0.110226962905 0 4 
89 18 2.0 21 4 1 0 17 9 2 0.00319322133923 1 3 
89 18 2.0 22 1 1 0 5 5 3 1.40178840541e-55 1 1 
89 18 2.0 23 5 1 0 16 7 3 2.72790522717e-31 3 0 
89 18 2.0 1 5 0 0 1 8 1 0.981167199509 0 1 
89 18 2.0 3 6 2 0 4 7 2 0.0970360667466 1 2 
89 18 2.0 2 6 1 0 2 8 1 0.47756132184 0 2 
89 18 2.0 5 20 2 0 33 44 2 0.0272900314202 4 5 
89 18 2.0 4 6 1 0 3 7 3 0.266742001364 1 1 
89 18 2.0 7 4 0 0 10 1 3 0.0182386302164 1 0 
89 18 2.0 6 4 0 0 10 1 3 0.0182802173358 1 0 
89 19 0.0 9 5 3 0 52 94 2 0.000310895031978 10 0 
89 19 0.0 8 4 0 0 10 1 3 0.015942455374 1 0 
89 19 0.0 11 1 0 0 3 21 2 0.14936908392 1 1 
89 19 0.0 10 1 0 0 1 2 1 0.191760498788 0 1 
89 19 0.0 13 0 2 0 21 34 1 0.164271398348 0 5 
89 19 0.0 12 0 1 0 9 19 2 0.0398669326099 1 1 
89 19 0.0 15 0 1 0 9 19 2 0.0393508958994 1 1 
89 19 0.0 14 0 0 0 10 1 2 0.0420168802803 1 0 
89 19 0.0 17 3 1 0 23 42 1 0.169221975522 0 5 
89 19 0.0 16 0 1 0 9 19 2 0.0249983445787 1 1 
89 19 0.0 19 0 0 0 9 40 1 0.327013725522 0 3 
89 19 0.0 18 0 0 0 9 40 1 0.327013725522 0 3 
89 19 0.0 24 0 0 0 8 1 2 0.0262314468324 1 0 
89 19 0.0 25 1 0 0 42 36 2 0.175216412829 6 0 
89 19 0.0 26 0 0 0 30 16 2 0.500178690237 4 0 
89 19 0.0 27 2 0 0 7 13 3 1.3857688034e-92 1 1 
89 19 0.0 20 0 0 0 16 42 1 0.169565645528 0 4 
89 19 0.0 21 4 1 0 17 9 2 0.00123912171596 1 3 
89 19 0.0 22 1 1 0 5 5 3 7.47885453962e-79 1 1 
89 19 0.0 23 5 1 0 16 7 3 2.81488466238e-45 3 0 
89 19 0.0 1 5 0 0 1 8 1 0.799115225878 0 1 
89 19 0.0 3 6 2 0 4 7 2 0.106827906155 1 2 
89 19 0.0 2 6 1 0 2 8 1 0.24525453242 0 2 
89 19 0.0 5 20 2 0 33 44 2 0.169272989159 4 5 
89 19 0.0 4 6 1 0 3 7 3 9.19955772007e-47 1 1 
89 19 0.0 7 4 0 0 10 1 3 0.0128026262149 1 0 
89 19 0.0 6 4 0 0 10 1 3 0.0172062236968 1 0 
89 19 2.0 9 5 3 0 52 94 2 0.0286853137086 10 0 
89 19 2.0 8 4 0 0 10 1 3 0.0427819591195 1 0 
89 19 2.0 11 1 0 0 3 21 2 0.178291569224 1 1 
89 19 2.0 10 1 0 0 1 2 1 0.129985442172 0 1 
89 19 2.0 13 0 2 0 21 34 1 0.100828247779 0 5 
89 19 2.0 12 0 1 0 9 19 2 0.0285871703178 1 1 
89 19 2.0 15 0 1 0 9 19 2 0.028502236401 1 1 
89 19 2.0 14 0 0 0 10 1 2 0.0607857539487 1 0 
89 19 2.0 17 3 1 0 23 42 1 0.110715934637 0 5 
89 19 2.0 16 0 1 0 9 19 2 0.0142608095123 1 1 
89 19 2.0 19 0 0 0 9 40 1 0.237906897548 0 3 
89 19 2.0 18 0 0 0 9 40 1 0.237906897548 0 3 
89 19 2.0 24 0 0 0 8 1 2 0.0227189665338 1 0 
89 19 2.0 25 1 0 0 42 36 2 0.255275426692 6 0 
89 19 2.0 26 0 0 0 30 16 2 0.618357843943 4 0 
89 19 2.0 27 2 0 0 7 13 3 4.18098400143e-79 1 1 
89 19 2.0 20 0 0 0 16 42 1 0.109595600728 0 4 
89 19 2.0 21 4 1 0 17 9 2 0.00817226815448 1 3 
89 19 2.0 22 1 1 0 5 5 3 1.43006648935e-54 1 1 
89 19 2.0 23 5 1 0 16 7 3 2.59244724439e-31 3 0 
89 19 2.0 1 5 0 0 1 8 1 0.81694137909 0 1 
89 19 2.0 3 6 2 0 4 7 2 0.1360825278 1 2 
89 19 2.0 2 6 1 0 2 8 1 0.446566005652 0 2 
89 19 2.0 5 20 2 0 33 44 2 0.345963982484 4 5 
89 19 2.0 4 6 1 0 3 7 3 0.166020215264 1 1 
89 19 2.0 7 4 0 0 10 1 3 0.0424903589403 1 0 
89 19 2.0 6 4 0 0 10 1 3 0.0426402237214 1 0 
89 20 0.0 9 5 3 0 52 94 2 0.000174466384291 10 0 
89 20 0.0 8 4 0 0 10 1 3 0.0136191891016 1 0 
89 20 0.0 11 1 0 0 3 21 2 0.149608911953 1 1 
89 20 0.0 10 1 0 0 1 2 1 0.191936839543 0 1 
89 20 0.0 13 0 2 0 21 34 1 0.165646390745 0 5 
89 20 0.0 12 0 1 0 9 19 2 0.0405970917939 1 1 
89 20 0.0 15 0 1 0 9 19 2 0.0400022076055 1 1 
89 20 0.0 14 0 0 0 10 1 2 0.0423036404782 1 0 
89 20 0.0 17 3 1 0 23 42 1 0.169479403515 0 5 
89 20 0.0 16 0 1 0 9 19 2 0.0259593615236 1 1 
89 20 0.0 19 0 0 0 9 40 1 0.326832885534 0 3 
89 20 0.0 18 0 0 0 9 40 1 0.326832885534 0 3 
89 20 0.0 24 0 0 0 8 1 2 0.0262593278957 1 0 
89 20 0.0 25 1 0 0 42 36 2 0.175895278714 6 0 
89 20 0.0 26 0 0 0 30 16 2 0.500885393514 4 0 
89 20 0.0 27 2 0 0 7 13 3 1.92138457569e-92 1 1 
89 20 0.0 20 0 0 0 16 42 1 0.169549912573 0 4 
89 20 0.0 21 4 1 0 17 9 2 0.000300469513629 1 3 
89 20 0.0 22 1 1 0 5 5 3 7.5350025122e-79 1 1 
89 20 0.0 23 5 1 0 16 7 3 1.35419789123e-45 3 0 
89 20 0.0 1 5 0 0 1 8 1 0.79914755954 0 1 
89 20 0.0 3 6 2 0 4 7 2 0.1068233192 1 2 
89 20 0.0 2 6 1 0 2 8 1 0.245245006119 0 2 
89 20 0.0 5 20 2 0 33 44 2 0.169254316755 4 5 
89 20 0.0 4 6 1 0 3 7 3 6.50610563872e-45 1 1 
89 20 0.0 7 4 0 0 10 1 3 0.0171048184844 1 0 
89 20 0.0 6 4 0 0 10 1 3 0.0152305866004 1 0 
89 20 2.0 9 5 3 0 52 94 2 0.0209202928494 10 0 
89 20 2.0 8 4 0 0 10 1 3 0.0281046343891 1 0 
89 20 2.0 11 1 0 0 3 21 2 0.178056477233 1 1 
89 20 2.0 10 1 0 0 1 2 1 0.128601780534 0 1 
89 20 2.0 13 0 2 0 21 34 1 0.114547758396 0 5 
89 20 2.0 12 0 1 0 9 19 2 0.0305659654081 1 1 
89 20 2.0 15 0 1 0 9 19 2 0.0330921915028 1 1 
89 20 2.0 14 0 0 0 10 1 2 0.0572427599213 1 0 
89 20 2.0 17 3 1 0 23 42 1 0.110566531631 0 5 
89 20 2.0 16 0 1 0 9 19 2 0.00323516547047 1 1 
89 20 2.0 19 0 0 0 9 40 1 0.240865210254 0 3 
89 20 2.0 18 0 0 0 9 40 1 0.240865210254 0 3 
89 20 2.0 24 0 0 0 8 1 2 0.0231050828075 1 0 
89 20 2.0 25 1 0 0 42 36 2 0.259576013173 6 0 
89 20 2.0 26 0 0 0 30 16 2 0.627209144095 4 0 
89 20 2.0 27 2 0 0 7 13 3 3.9903864536e-70 1 1 
89 20 2.0 20 0 0 0 16 42 1 0.11081115078 0 4 
89 20 2.0 21 4 1 0 17 9 2 0.0197939264556 1 3 
89 20 2.0 22 1 1 0 5 5 3 4.87751155187e-45 1 1 
89 20 2.0 23 5 1 0 16 7 3 1.75630558808e-28 3 0 
89 20 2.0 1 5 0 0 1 8 1 0.849615118746 0 1 
89 20 2.0 3 6 2 0 4 7 2 0.137000710223 1 2 
89 20 2.0 2 6 1 0 2 8 1 0.48125874297 0 2 
89 20 2.0 5 20 2 0 33 44 2 0.308470274271 4 5 
89 20 2.0 4 6 1 0 3 7 3 0.179771421071 1 1 
89 20 2.0 7 4 0 0 10 1 3 0.0281807305732 1 0 
89 20 2.0 6 4 0 0 10 1 3 0.0283360500777 1 0 
89 21 0.0 9 5 3 0 52 94 2 0.000196545670175 10 0 
89 21 0.0 8 4 0 0 10 1 3 0.0175015597647 1 0 
89 21 0.0 11 1 0 0 3 21 2 0.149450084722 1 1 
89 21 0.0 10 1 0 0 1 2 1 0.191916453547 0 1 
89 21 0.0 13 0 2 0 21 34 1 0.17836175601 0 5 
89 21 0.0 12 0 1 0 9 19 2 0.0339914313433 1 1 
89 21 0.0 15 0 1 0 9 19 2 0.034593277054 1 1 
89 21 0.0 14 0 0 0 10 1 2 0.0364920970877 1 0 
89 21 0.0 17 3 1 0 23 42 1 0.171017386573 0 5 
89 21 0.0 16 0 1 0 9 19 2 0.0219909370516 1 1 
89 21 0.0 19 0 0 0 9 40 1 0.331226197115 0 3 
89 21 0.0 18 0 0 0 9 40 1 0.331226197115 0 3 
89 21 0.0 24 0 0 0 8 1 2 0.0260752344651 1 0 
89 21 0.0 25 1 0 0 42 36 2 0.171146164032 6 0 
89 21 0.0 26 0 0 0 30 16 2 0.499510890827 4 0 
89 21 0.0 27 2 0 0 7 13 3 9.5152691813e-92 1 1 
89 21 0.0 20 0 0 0 16 42 1 0.172152728646 0 4 
89 21 0.0 21 4 1 0 17 9 2 0.00410123278668 1 3 
89 21 0.0 22 1 1 0 5 5 3 4.7039872257e-78 1 1 
89 21 0.0 23 5 1 0 16 7 3 2.8768844519e-45 3 0 
89 21 0.0 1 5 0 0 1 8 1 0.79907326869 0 1 
89 21 0.0 3 6 2 0 4 7 2 0.106809850184 1 2 
89 21 0.0 2 6 1 0 2 8 1 0.245243408195 0 2 
89 21 0.0 5 20 2 0 33 44 2 0.169324674154 4 5 
89 21 0.0 4 6 1 0 3 7 3 1.82872920572e-45 1 1 
89 21 0.0 7 4 0 0 10 1 3 0.0176937270938 1 0 
89 21 0.0 6 4 0 0 10 1 3 0.0107545660513 1 0 
89 21 2.0 9 5 3 0 52 94 2 0.0330198268375 10 0 
89 21 2.0 8 4 0 0 10 1 3 0.15756009687 1 0 
89 21 2.0 11 1 0 0 3 21 2 0.177743937202 1 1 
89 21 2.0 10 1 0 0 1 2 1 0.13209247183 0 1 
89 21 2.0 13 0 2 0 21 34 1 0.103077994933 0 5 
89 21 2.0 12 0 1 0 9 19 2 0.0272098422252 1 1 
89 21 2.0 15 0 1 0 9 19 2 0.0283026029575 1 1 
89 21 2.0 14 0 0 0 10 1 2 0.0593970542455 1 0 
89 21 2.0 17 3 1 0 23 42 1 0.110500667004 0 5 
89 21 2.0 16 0 1 0 9 19 2 0.0156280340336 1 1 
89 21 2.0 19 0 0 0 9 40 1 0.2368261729 0 3 
89 21 2.0 18 0 0 0 9 40 1 0.2368261729 0 3 
89 21 2.0 24 0 0 0 8 1 2 0.0227295938378 1 0 
89 21 2.0 25 1 0 0 42 36 2 0.254781355355 6 0 
89 21 2.0 26 0 0 0 30 16 2 0.618809977424 4 0 
89 21 2.0 27 2 0 0 7 13 3 8.75341821688e-79 1 1 
89 21 2.0 20 0 0 0 16 42 1 0.109205868456 0 4 
89 21 2.0 21 4 1 0 17 9 2 0.00680902303877 1 3 
89 21 2.0 22 1 1 0 5 5 3 7.00298026415e-56 1 1 
89 21 2.0 23 5 1 0 16 7 3 1.39008992959e-30 3 0 
89 21 2.0 1 5 0 0 1 8 1 0.787425626649 0 1 
89 21 2.0 3 6 2 0 4 7 2 0.13564099093 1 2 
89 21 2.0 2 6 1 0 2 8 1 0.367705058085 0 2 
89 21 2.0 5 20 2 0 33 44 2 0.124873195857 4 5 
89 21 2.0 4 6 1 0 3 7 3 0.123171256496 1 1 
89 21 2.0 7 4 0 0 10 1 3 0.155242587217 1 0 
89 21 2.0 6 4 0 0 10 1 3 0.154013830322 1 0 
89 22 0.0 9 5 3 0 52 94 2 0.000172230598737 10 0 
89 22 0.0 8 4 0 0 10 1 3 0.0175069756319 1 0 
89 22 0.0 11 1 0 0 3 21 2 0.149772540377 1 1 
89 22 0.0 10 1 0 0 1 2 1 0.191846173949 0 1 
89 22 0.0 13 0 2 0 21 34 1 0.15884853387 0 5 
89 22 0.0 12 0 1 0 9 19 2 0.0383070278492 1 1 
89 22 0.0 15 0 1 0 9 19 2 0.0384740334163 1 1 
89 22 0.0 14 0 0 0 10 1 2 0.0407189035392 1 0 
89 22 0.0 17 3 1 0 23 42 1 0.16809307702 0 5 
89 22 0.0 16 0 1 0 9 19 2 0.0213448510344 1 1 
89 22 0.0 19 0 0 0 9 40 1 0.327361059345 0 3 
89 22 0.0 18 0 0 0 9 40 1 0.327361059345 0 3 
89 22 0.0 24 0 0 0 8 1 2 0.0261781565468 1 0 
89 22 0.0 25 1 0 0 42 36 2 0.173621424509 6 0 
89 22 0.0 26 0 0 0 30 16 2 0.498197646307 4 0 
89 22 0.0 27 2 0 0 7 13 3 1.09113209633e-91 1 1 
89 22 0.0 20 0 0 0 16 42 1 0.169386807088 0 4 
89 22 0.0 21 4 1 0 17 9 2 0.00485702576737 1 3 
89 22 0.0 22 1 1 0 5 5 3 5.31409159581e-78 1 1 
89 22 0.0 23 5 1 0 16 7 3 1.57218405875e-45 3 0 
89 22 0.0 1 5 0 0 1 8 1 0.799143843146 0 1 
89 22 0.0 3 6 2 0 4 7 2 0.106826148808 1 2 
89 22 0.0 2 6 1 0 2 8 1 0.24524573364 0 2 
89 22 0.0 5 20 2 0 33 44 2 0.169256744388 4 5 
89 22 0.0 4 6 1 0 3 7 3 8.51023160684e-45 1 1 
89 22 0.0 7 4 0 0 10 1 3 0.0145699211342 1 0 
89 22 0.0 6 4 0 0 10 1 3 0.0138791761836 1 0 
89 22 2.0 9 5 3 0 52 94 2 0.0287030121478 10 0 
89 22 2.0 8 4 0 0 10 1 3 0.0125892739046 1 0 
89 22 2.0 11 1 0 0 3 21 2 0.180097636855 1 1 
89 22 2.0 10 1 0 0 1 2 1 0.128087320658 0 1 
89 22 2.0 13 0 2 0 21 34 1 0.122876553318 0 5 
89 22 2.0 12 0 1 0 9 19 2 0.0312865980115 1 1 
89 22 2.0 15 0 1 0 9 19 2 0.0324113102985 1 1 
89 22 2.0 14 0 0 0 10 1 2 0.0705157230767 1 0 
89 22 2.0 17 3 1 0 23 42 1 0.114251105985 0 5 
89 22 2.0 16 0 1 0 9 19 2 0.0219470533127 1 1 
89 22 2.0 19 0 0 0 9 40 1 0.237724949299 0 3 
89 22 2.0 18 0 0 0 9 40 1 0.237724949299 0 3 
89 22 2.0 24 0 0 0 8 1 2 0.0227854278954 1 0 
89 22 2.0 25 1 0 0 42 36 2 0.263930610535 6 0 
89 22 2.0 26 0 0 0 30 16 2 0.626520510089 4 0 
89 22 2.0 27 2 0 0 7 13 3 8.64193186573e-81 1 1 
89 22 2.0 20 0 0 0 16 42 1 0.110545749227 0 4 
89 22 2.0 21 4 1 0 17 9 2 0.000323660818185 1 3 
89 22 2.0 22 1 1 0 5 5 3 1.1754612419e-56 1 1 
89 22 2.0 23 5 1 0 16 7 3 2.34884721344e-31 3 0 
89 22 2.0 1 5 0 0 1 8 1 0.960081558208 0 1 
89 22 2.0 3 6 2 0 4 7 2 0.104614016816 1 2 
89 22 2.0 2 6 1 0 2 8 1 0.557962365872 0 2 
89 22 2.0 5 20 2 0 33 44 2 0.0816840748953 4 5 
89 22 2.0 4 6 1 0 3 7 3 0.228098131785 1 1 
89 22 2.0 7 4 0 0 10 1 3 0.0127931207963 1 0 
89 22 2.0 6 4 0 0 10 1 3 0.0128162974617 1 0 
89 23 0.0 9 5 3 0 52 94 2 0.000120518979692 10 0 
89 23 0.0 8 4 0 0 10 1 3 0.0146824355437 1 0 
89 23 0.0 11 1 0 0 3 21 2 0.149461513809 1 1 
89 23 0.0 10 1 0 0 1 2 1 0.191859126663 0 1 
89 23 0.0 13 0 2 0 21 34 1 0.1887458417 0 5 
89 23 0.0 12 0 1 0 9 19 2 0.0363326019066 1 1 
89 23 0.0 15 0 1 0 9 19 2 0.03513952964 1 1 
89 23 0.0 14 0 0 0 10 1 2 0.0374230236505 1 0 
89 23 0.0 17 3 1 0 23 42 1 0.172269802048 0 5 
89 23 0.0 16 0 1 0 9 19 2 0.0249723037934 1 1 
89 23 0.0 19 0 0 0 9 40 1 0.331290080927 0 3 
89 23 0.0 18 0 0 0 9 40 1 0.331290080927 0 3 
89 23 0.0 24 0 0 0 8 1 2 0.0261906714372 1 0 
89 23 0.0 25 1 0 0 42 36 2 0.173227915156 6 0 
89 23 0.0 26 0 0 0 30 16 2 0.50241936069 4 0 
89 23 0.0 27 2 0 0 7 13 3 1.65991734827e-92 1 1 
89 23 0.0 20 0 0 0 16 42 1 0.172641076193 0 4 
89 23 0.0 21 4 1 0 17 9 2 0.00122587713969 1 3 
89 23 0.0 22 1 1 0 5 5 3 6.72632646221e-79 1 1 
89 23 0.0 23 5 1 0 16 7 3 1.16545316554e-45 3 0 
89 23 0.0 1 5 0 0 1 8 1 0.799177099699 0 1 
89 23 0.0 3 6 2 0 4 7 2 0.106832979677 1 2 
89 23 0.0 2 6 1 0 2 8 1 0.245217081808 0 2 
89 23 0.0 5 20 2 0 33 44 2 0.169226505107 4 5 
89 23 0.0 4 6 1 0 3 7 3 3.45534684071e-44 1 1 
89 23 0.0 7 4 0 0 10 1 3 0.0168879879564 1 0 
89 23 0.0 6 4 0 0 10 1 3 0.0143886300521 1 0 
89 23 2.0 9 5 3 0 52 94 2 0.0243649056297 10 0 
89 23 2.0 8 4 0 0 10 1 3 0.01505606418 1 0 
89 23 2.0 11 1 0 0 3 21 2 0.181224104863 1 1 
89 23 2.0 10 1 0 0 1 2 1 0.128702566799 0 1 
89 23 2.0 13 0 2 0 21 34 1 0.110785393835 0 5 
89 23 2.0 12 0 1 0 9 19 2 0.0304030326215 1 1 
89 23 2.0 15 0 1 0 9 19 2 0.0310359156201 1 1 
89 23 2.0 14 0 0 0 10 1 2 0.0627986183764 1 0 
89 23 2.0 17 3 1 0 23 42 1 0.109810101073 0 5 
89 23 2.0 16 0 1 0 9 19 2 0.00933300267687 1 1 
89 23 2.0 19 0 0 0 9 40 1 0.238654454379 0 3 
89 23 2.0 18 0 0 0 9 40 1 0.238654454379 0 3 
89 23 2.0 24 0 0 0 8 1 2 0.0227785715085 1 0 
89 23 2.0 25 1 0 0 42 36 2 0.257441894018 6 0 
89 23 2.0 26 0 0 0 30 16 2 0.618925437249 4 0 
89 23 2.0 27 2 0 0 7 13 3 1.68392429156e-77 1 1 
89 23 2.0 20 0 0 0 16 42 1 0.109660550815 0 4 
89 23 2.0 21 4 1 0 17 9 2 0.0132427824232 1 3 
89 23 2.0 22 1 1 0 5 5 3 3.91422196167e-53 1 1 
89 23 2.0 23 5 1 0 16 7 3 9.21557251643e-31 3 0 
89 23 2.0 1 5 0 0 1 8 1 0.97749926555 0 1 
89 23 2.0 3 6 2 0 4 7 2 0.0949499208461 1 2 
89 23 2.0 2 6 1 0 2 8 1 0.51388409939 0 2 
89 23 2.0 5 20 2 0 33 44 2 0.0390083409301 4 5 
89 23 2.0 4 6 1 0 3 7 3 0.252622686304 1 1 
89 23 2.0 7 4 0 0 10 1 3 0.015053651909 1 0 
89 23 2.0 6 4 0 0 10 1 3 0.0150100226792 1 0 
89 24 0.0 9 5 3 0 52 94 2 0.000518456498775 10 0 
89 24 0.0 8 4 0 0 10 1 3 0.0152690428219 1 0 
89 24 0.0 11 1 0 0 3 21 2 0.14972728737 1 1 
89 24 0.0 10 1 0 0 1 2 1 0.191845574623 0 1 
89 24 0.0 13 0 2 0 21 34 1 0.18673755338 0 5 
89 24 0.0 12 0 1 0 9 19 2 0.0376029510124 1 1 
89 24 0.0 15 0 1 0 9 19 2 0.0372622773489 1 1 
89 24 0.0 14 0 0 0 10 1 2 0.0405244940961 1 0 
89 24 0.0 17 3 1 0 23 42 1 0.171960701932 0 5 
89 24 0.0 16 0 1 0 9 19 2 0.0261570972781 1 1 
89 24 0.0 19 0 0 0 9 40 1 0.329892719189 0 3 
89 24 0.0 18 0 0 0 9 40 1 0.329892719189 0 3 
89 24 0.0 24 0 0 0 8 1 2 0.0262680154736 1 0 
89 24 0.0 25 1 0 0 42 36 2 0.174998614669 6 0 
89 24 0.0 26 0 0 0 30 16 2 0.503230138772 4 0 
89 24 0.0 27 2 0 0 7 13 3 4.71095962045e-92 1 1 
89 24 0.0 20 0 0 0 16 42 1 0.171909010555 0 4 
89 24 0.0 21 4 1 0 17 9 2 0.000103350965197 1 3 
89 24 0.0 22 1 1 0 5 5 3 7.49002326274e-79 1 1 
89 24 0.0 23 5 1 0 16 7 3 3.29272933729e-45 3 0 
89 24 0.0 1 5 0 0 1 8 1 0.799228518281 0 1 
89 24 0.0 3 6 2 0 4 7 2 0.106864445408 1 2 
89 24 0.0 2 6 1 0 2 8 1 0.245196440809 0 2 
89 24 0.0 5 20 2 0 33 44 2 0.169171114632 4 5 
89 24 0.0 4 6 1 0 3 7 3 6.60421609989e-46 1 1 
89 24 0.0 7 4 0 0 10 1 3 0.0156168250984 1 0 
89 24 0.0 6 4 0 0 10 1 3 0.0150376956095 1 0 
89 24 2.0 9 5 3 0 52 94 2 0.0298911097196 10 0 
89 24 2.0 8 4 0 0 10 1 3 0.147079209558 1 0 
89 24 2.0 11 1 0 0 3 21 2 0.17739369825 1 1 
89 24 2.0 10 1 0 0 1 2 1 0.1313133501 0 1 
89 24 2.0 13 0 2 0 21 34 1 0.118059764583 0 5 
89 24 2.0 12 0 1 0 9 19 2 0.0272961164259 1 1 
89 24 2.0 15 0 1 0 9 19 2 0.0285693572686 1 1 
89 24 2.0 14 0 0 0 10 1 2 0.0576538601919 1 0 
89 24 2.0 17 3 1 0 23 42 1 0.110756586879 0 5 
89 24 2.0 16 0 1 0 9 19 2 0.0102634843783 1 1 
89 24 2.0 19 0 0 0 9 40 1 0.239657418886 0 3 
89 24 2.0 18 0 0 0 9 40 1 0.239657418886 0 3 
89 24 2.0 24 0 0 0 8 1 2 0.0230083998874 1 0 
89 24 2.0 25 1 0 0 42 36 2 0.256898184377 6 0 
89 24 2.0 26 0 0 0 30 16 2 0.624968514963 4 0 
89 24 2.0 27 2 0 0 7 13 3 1.70040711336e-76 1 1 
89 24 2.0 20 0 0 0 16 42 1 0.110584296497 0 4 
89 24 2.0 21 4 1 0 17 9 2 0.012531637991 1 3 
89 24 2.0 22 1 1 0 5 5 3 6.44554547033e-54 1 1 
89 24 2.0 23 5 1 0 16 7 3 2.70578075238e-30 3 0 
89 24 2.0 1 5 0 0 1 8 1 0.821176187361 0 1 
89 24 2.0 3 6 2 0 4 7 2 0.145657282886 1 2 
89 24 2.0 2 6 1 0 2 8 1 0.371342010628 0 2 
89 24 2.0 5 20 2 0 33 44 2 0.0665769117749 4 5 
89 24 2.0 4 6 1 0 3 7 3 0.127781238003 1 1 
89 24 2.0 7 4 0 0 10 1 3 0.156679510272 1 0 
89 24 2.0 6 4 0 0 10 1 3 0.156399685422 1 0 
89 25 0.0 9 5 3 0 52 94 2 0.000101897526968 10 0 
89 25 0.0 8 4 0 0 10 1 3 0.0191969810014 1 0 
89 25 0.0 11 1 0 0 3 21 2 0.149601939924 1 1 
89 25 0.0 10 1 0 0 1 2 1 0.191941899624 0 1 
89 25 0.0 13 0 2 0 21 34 1 0.167109009363 0 5 
89 25 0.0 12 0 1 0 9 19 2 0.0393275171873 1 1 
89 25 0.0 15 0 1 0 9 19 2 0.0383290225211 1 1 
89 25 0.0 14 0 0 0 10 1 2 0.0412681951297 1 0 
89 25 0.0 17 3 1 0 23 42 1 0.16846075146 0 5 
89 25 0.0 16 0 1 0 9 19 2 0.0200913123327 1 1 
89 25 0.0 19 0 0 0 9 40 1 0.328169830439 0 3 
89 25 0.0 18 0 0 0 9 40 1 0.328169830439 0 3 
89 25 0.0 24 0 0 0 8 1 2 0.0262913215537 1 0 
89 25 0.0 25 1 0 0 42 36 2 0.174435127877 6 0 
89 25 0.0 26 0 0 0 30 16 2 0.500003184382 4 0 
89 25 0.0 27 2 0 0 7 13 3 9.1610013807e-91 1 1 
89 25 0.0 20 0 0 0 16 42 1 0.170023467041 0 4 
89 25 0.0 21 4 1 0 17 9 2 0.006224798163 1 3 
89 25 0.0 22 1 1 0 5 5 3 4.6633717413e-78 1 1 
89 25 0.0 23 5 1 0 16 7 3 1.85813120833e-45 3 0 
89 25 0.0 1 5 0 0 1 8 1 0.79905017456 0 1 
89 25 0.0 3 6 2 0 4 7 2 0.106802968723 1 2 
89 25 0.0 2 6 1 0 2 8 1 0.245260874957 0 2 
89 25 0.0 5 20 2 0 33 44 2 0.169341637337 4 5 
89 25 0.0 4 6 1 0 3 7 3 1.08830876404e-44 1 1 
89 25 0.0 7 4 0 0 10 1 3 0.0157149671882 1 0 
89 25 0.0 6 4 0 0 10 1 3 0.0110520985376 1 0 
89 25 2.0 9 5 3 0 52 94 2 0.0219771824082 10 0 
89 25 2.0 8 4 0 0 10 1 3 0.0174318555956 1 0 
89 25 2.0 11 1 0 0 3 21 2 0.179450842455 1 1 
89 25 2.0 10 1 0 0 1 2 1 0.128448455312 0 1 
89 25 2.0 13 0 2 0 21 34 1 0.10295681655 0 5 
89 25 2.0 12 0 1 0 9 19 2 0.029739514735 1 1 
89 25 2.0 15 0 1 0 9 19 2 0.0313847121152 1 1 
89 25 2.0 14 0 0 0 10 1 2 0.0585528989871 1 0 
89 25 2.0 17 3 1 0 23 42 1 0.109557734717 0 5 
89 25 2.0 16 0 1 0 9 19 2 0.00521479192279 1 1 
89 25 2.0 19 0 0 0 9 40 1 0.239299661241 0 3 
89 25 2.0 18 0 0 0 9 40 1 0.239299661241 0 3 
89 25 2.0 24 0 0 0 8 1 2 0.0228504490645 1 0 
89 25 2.0 25 1 0 0 42 36 2 0.256299886232 6 0 
89 25 2.0 26 0 0 0 30 16 2 0.619939928272 4 0 
89 25 2.0 27 2 0 0 7 13 3 2.9418117195e-73 1 1 
89 25 2.0 20 0 0 0 16 42 1 0.109823039265 0 4 
89 25 2.0 21 4 1 0 17 9 2 0.0175022726616 1 3 
89 25 2.0 22 1 1 0 5 5 3 2.19402030373e-50 1 1 
89 25 2.0 23 5 1 0 16 7 3 1.64494359392e-29 3 0 
89 25 2.0 1 5 0 0 1 8 1 0.899072456585 0 1 
89 25 2.0 3 6 2 0 4 7 2 0.13048262776 1 2 
89 25 2.0 2 6 1 0 2 8 1 0.531169821292 0 2 
89 25 2.0 5 20 2 0 33 44 2 0.21714851496 4 5 
89 25 2.0 4 6 1 0 3 7 3 0.198246216734 1 1 
89 25 2.0 7 4 0 0 10 1 3 0.0177377535769 1 0 
89 25 2.0 6 4 0 0 10 1 3 0.0177483643139 1 0 
89 26 0.0 9 5 3 0 52 94 2 0.00013386187411 10 0 
89 26 0.0 8 4 0 0 10 1 3 0.0155053276097 1 0 
89 26 0.0 11 1 0 0 3 21 2 0.149325715153 1 1 
89 26 0.0 10 1 0 0 1 2 1 0.191490693107 0 1 
89 26 0.0 13 0 2 0 21 34 1 0.171148344035 0 5 
89 26 0.0 12 0 1 0 9 19 2 0.0406328343835 1 1 
89 26 0.0 15 0 1 0 9 19 2 0.0405872556383 1 1 
89 26 0.0 14 0 0 0 10 1 2 0.0422708979401 1 0 
89 26 0.0 17 3 1 0 23 42 1 0.16909486364 0 5 
89 26 0.0 16 0 1 0 9 19 2 0.023213377682 1 1 
89 26 0.0 19 0 0 0 9 40 1 0.327630800351 0 3 
89 26 0.0 18 0 0 0 9 40 1 0.327630800351 0 3 
89 26 0.0 24 0 0 0 8 1 2 0.0263662273641 1 0 
89 26 0.0 25 1 0 0 42 36 2 0.176230451102 6 0 
89 26 0.0 26 0 0 0 30 16 2 0.501752152857 4 0 
89 26 0.0 27 2 0 0 7 13 3 3.93950218471e-92 1 1 
89 26 0.0 20 0 0 0 16 42 1 0.169995315754 0 4 
89 26 0.0 21 4 1 0 17 9 2 0.00317242903236 1 3 
89 26 0.0 22 1 1 0 5 5 3 1.44080352858e-78 1 1 
89 26 0.0 23 5 1 0 16 7 3 2.92076905185e-45 3 0 
89 26 0.0 1 5 0 0 1 8 1 0.799208380526 0 1 
89 26 0.0 3 6 2 0 4 7 2 0.106839826356 1 2 
89 26 0.0 2 6 1 0 2 8 1 0.245212868374 0 2 
89 26 0.0 5 20 2 0 33 44 2 0.169202172231 4 5 
89 26 0.0 4 6 1 0 3 7 3 7.90438007189e-46 1 1 
89 26 0.0 7 4 0 0 10 1 3 0.0144923104829 1 0 
89 26 0.0 6 4 0 0 10 1 3 0.0159556191982 1 0 
89 26 2.0 9 5 3 0 52 94 2 0.0238849492449 10 0 
89 26 2.0 8 4 0 0 10 1 3 0.0165057184082 1 0 
89 26 2.0 11 1 0 0 3 21 2 0.180912674036 1 1 
89 26 2.0 10 1 0 0 1 2 1 0.129708046812 0 1 
89 26 2.0 13 0 2 0 21 34 1 0.119401137474 0 5 
89 26 2.0 12 0 1 0 9 19 2 0.0345121163951 1 1 
89 26 2.0 15 0 1 0 9 19 2 0.0338341505457 1 1 
89 26 2.0 14 0 0 0 10 1 2 0.0674565826397 1 0 
89 26 2.0 17 3 1 0 23 42 1 0.109565347384 0 5 
89 26 2.0 16 0 1 0 9 19 2 0.00688890734938 1 1 
89 26 2.0 19 0 0 0 9 40 1 0.238375250493 0 3 
89 26 2.0 18 0 0 0 9 40 1 0.238375250493 0 3 
89 26 2.0 24 0 0 0 8 1 2 0.0231364379487 1 0 
89 26 2.0 25 1 0 0 42 36 2 0.263647248912 6 0 
89 26 2.0 26 0 0 0 30 16 2 0.62518254592 4 0 
89 26 2.0 27 2 0 0 7 13 3 7.56871126046e-76 1 1 
89 26 2.0 20 0 0 0 16 42 1 0.109674511935 0 4 
89 26 2.0 21 4 1 0 17 9 2 0.0160513274118 1 3 
89 26 2.0 22 1 1 0 5 5 3 1.1626709463e-51 1 1 
89 26 2.0 23 5 1 0 16 7 3 9.01614596135e-30 3 0 
89 26 2.0 1 5 0 0 1 8 1 0.98008128848 0 1 
89 26 2.0 3 6 2 0 4 7 2 0.0951995710118 1 2 
89 26 2.0 2 6 1 0 2 8 1 0.494220240246 0 2 
89 26 2.0 5 20 2 0 33 44 2 0.0316890789448 4 5 
89 26 2.0 4 6 1 0 3 7 3 0.26029538296 1 1 
89 26 2.0 7 4 0 0 10 1 3 0.0165881987658 1 0 
89 26 2.0 6 4 0 0 10 1 3 0.0162503394139 1 0 
89 27 0.0 9 5 3 0 52 94 2 0.000197778314172 10 0 
89 27 0.0 8 4 0 0 10 1 3 0.0160016716679 1 0 
89 27 0.0 11 1 0 0 3 21 2 0.149675604127 1 1 
89 27 0.0 10 1 0 0 1 2 1 0.191926786127 0 1 
89 27 0.0 13 0 2 0 21 34 1 0.178603167113 0 5 
89 27 0.0 12 0 1 0 9 19 2 0.0339696706323 1 1 
89 27 0.0 15 0 1 0 9 19 2 0.034264193554 1 1 
89 27 0.0 14 0 0 0 10 1 2 0.0361604545184 1 0 
89 27 0.0 17 3 1 0 23 42 1 0.171849785203 0 5 
89 27 0.0 16 0 1 0 9 19 2 0.0247573556155 1 1 
89 27 0.0 19 0 0 0 9 40 1 0.331068795695 0 3 
89 27 0.0 18 0 0 0 9 40 1 0.331068795695 0 3 
89 27 0.0 24 0 0 0 8 1 2 0.0260161940341 1 0 
89 27 0.0 25 1 0 0 42 36 2 0.171132004049 6 0 
89 27 0.0 26 0 0 0 30 16 2 0.499669057342 4 0 
89 27 0.0 27 2 0 0 7 13 3 2.54902018376e-92 1 1 
89 27 0.0 20 0 0 0 16 42 1 0.172223327556 0 4 
89 27 0.0 21 4 1 0 17 9 2 0.00126504910612 1 3 
89 27 0.0 22 1 1 0 5 5 3 1.41326413749e-78 1 1 
89 27 0.0 23 5 1 0 16 7 3 2.06165518301e-45 3 0 
89 27 0.0 1 5 0 0 1 8 1 0.799104736934 0 1 
89 27 0.0 3 6 2 0 4 7 2 0.106810081359 1 2 
89 27 0.0 2 6 1 0 2 8 1 0.245237647565 0 2 
89 27 0.0 5 20 2 0 33 44 2 0.169297438658 4 5 
89 27 0.0 4 6 1 0 3 7 3 8.64000458206e-46 1 1 
89 27 0.0 7 4 0 0 10 1 3 0.012071761167 1 0 
89 27 0.0 6 4 0 0 10 1 3 0.0178747909246 1 0 
89 27 2.0 9 5 3 0 52 94 2 0.0270737572679 10 0 
89 27 2.0 8 4 0 0 10 1 3 0.0179136905436 1 0 
89 27 2.0 11 1 0 0 3 21 2 0.17847196658 1 1 
89 27 2.0 10 1 0 0 1 2 1 0.129614342967 0 1 
89 27 2.0 13 0 2 0 21 34 1 0.102465707726 0 5 
89 27 2.0 12 0 1 0 9 19 2 0.034649082298 1 1 
89 27 2.0 15 0 1 0 9 19 2 0.0352287605443 1 1 
89 27 2.0 14 0 0 0 10 1 2 0.0741613064108 1 0 
89 27 2.0 17 3 1 0 23 42 1 0.109067951568 0 5 
89 27 2.0 16 0 1 0 9 19 2 0.0127286138446 1 1 
89 27 2.0 19 0 0 0 9 40 1 0.235313729013 0 3 
89 27 2.0 18 0 0 0 9 40 1 0.235313729013 0 3 
89 27 2.0 24 0 0 0 8 1 2 0.0230999676273 1 0 
89 27 2.0 25 1 0 0 42 36 2 0.265057115012 6 0 
89 27 2.0 26 0 0 0 30 16 2 0.623246434993 4 0 
89 27 2.0 27 2 0 0 7 13 3 6.86110569687e-79 1 1 
89 27 2.0 20 0 0 0 16 42 1 0.108374583631 0 4 
89 27 2.0 21 4 1 0 17 9 2 0.0101364066758 1 3 
89 27 2.0 22 1 1 0 5 5 3 8.47695435148e-54 1 1 
89 27 2.0 23 5 1 0 16 7 3 9.68068261952e-32 3 0 
89 27 2.0 1 5 0 0 1 8 1 0.901903608493 0 1 
89 27 2.0 3 6 2 0 4 7 2 0.12918634734 1 2 
89 27 2.0 2 6 1 0 2 8 1 0.533550853917 0 2 
89 27 2.0 5 20 2 0 33 44 2 0.209981013467 4 5 
89 27 2.0 4 6 1 0 3 7 3 0.200005473837 1 1 
89 27 2.0 7 4 0 0 10 1 3 0.0178661624925 1 0 
89 27 2.0 6 4 0 0 10 1 3 0.0174223726217 1 0 
89 28 0.0 9 5 3 0 52 94 2 8.63648886981e-05 10 0 
89 28 0.0 8 4 0 0 10 1 3 0.0148993913499 1 0 
89 28 0.0 11 1 0 0 3 21 2 0.149553402557 1 1 
89 28 0.0 10 1 0 0 1 2 1 0.191937413553 0 1 
89 28 0.0 13 0 2 0 21 34 1 0.17471200516 0 5 
89 28 0.0 12 0 1 0 9 19 2 0.0409228625812 1 1 
89 28 0.0 15 0 1 0 9 19 2 0.0405260084086 1 1 
89 28 0.0 14 0 0 0 10 1 2 0.0420151504325 1 0 
89 28 0.0 17 3 1 0 23 42 1 0.16990900221 0 5 
89 28 0.0 16 0 1 0 9 19 2 0.0251218463002 1 1 
89 28 0.0 19 0 0 0 9 40 1 0.327796139374 0 3 
89 28 0.0 18 0 0 0 9 40 1 0.327796139374 0 3 
89 28 0.0 24 0 0 0 8 1 2 0.0263617446237 1 0 
89 28 0.0 25 1 0 0 42 36 2 0.176578459362 6 0 
89 28 0.0 26 0 0 0 30 16 2 0.502588116187 4 0 
89 28 0.0 27 2 0 0 7 13 3 2.96472879703e-92 1 1 
89 28 0.0 20 0 0 0 16 42 1 0.170287468063 0 4 
89 28 0.0 21 4 1 0 17 9 2 0.00124942751308 1 3 
89 28 0.0 22 1 1 0 5 5 3 2.97927028504e-79 1 1 
89 28 0.0 23 5 1 0 16 7 3 2.23103794004e-46 3 0 
89 28 0.0 1 5 0 0 1 8 1 0.799178949476 0 1 
89 28 0.0 3 6 2 0 4 7 2 0.106832168119 1 2 
89 28 0.0 2 6 1 0 2 8 1 0.245224977241 0 2 
89 28 0.0 5 20 2 0 33 44 2 0.169226943716 4 5 
89 28 0.0 4 6 1 0 3 7 3 3.91895191447e-43 1 1 
89 28 0.0 7 4 0 0 10 1 3 0.0164302511302 1 0 
89 28 0.0 6 4 0 0 10 1 3 0.0146321282749 1 0 
89 28 2.0 9 5 3 0 52 94 2 0.0294578321596 10 0 
89 28 2.0 8 4 0 0 10 1 3 0.0527258762285 1 0 
89 28 2.0 11 1 0 0 3 21 2 0.177529278471 1 1 
89 28 2.0 10 1 0 0 1 2 1 0.13033451168 0 1 
89 28 2.0 13 0 2 0 21 34 1 0.101671583561 0 5 
89 28 2.0 12 0 1 0 9 19 2 0.0306006132525 1 1 
89 28 2.0 15 0 1 0 9 19 2 0.0297060645811 1 1 
89 28 2.0 14 0 0 0 10 1 2 0.0630917799872 1 0 
89 28 2.0 17 3 1 0 23 42 1 0.110723780936 0 5 
89 28 2.0 16 0 1 0 9 19 2 0.0161804976984 1 1 
89 28 2.0 19 0 0 0 9 40 1 0.236993835004 0 3 
89 28 2.0 18 0 0 0 9 40 1 0.236993835004 0 3 
89 28 2.0 24 0 0 0 8 1 2 0.0228086187876 1 0 
89 28 2.0 25 1 0 0 42 36 2 0.257867974194 6 0 
89 28 2.0 26 0 0 0 30 16 2 0.620730057705 4 0 
89 28 2.0 27 2 0 0 7 13 3 1.72063563167e-79 1 1 
89 28 2.0 20 0 0 0 16 42 1 0.109330133709 0 4 
89 28 2.0 21 4 1 0 17 9 2 0.00635274125718 1 3 
89 28 2.0 22 1 1 0 5 5 3 1.38784883929e-55 1 1 
89 28 2.0 23 5 1 0 16 7 3 5.19344910944e-31 3 0 
89 28 2.0 1 5 0 0 1 8 1 0.799952641023 0 1 
89 28 2.0 3 6 2 0 4 7 2 0.134747701065 1 2 
89 28 2.0 2 6 1 0 2 8 1 0.428169059222 0 2 
89 28 2.0 5 20 2 0 33 44 2 0.356881426241 4 5 
89 28 2.0 4 6 1 0 3 7 3 0.157629077357 1 1 
89 28 2.0 7 4 0 0 10 1 3 0.0535285549978 1 0 
89 28 2.0 6 4 0 0 10 1 3 0.052803414046 1 0 
89 29 0.0 9 5 3 0 52 94 2 0.000273325033614 10 0 
89 29 0.0 8 4 0 0 10 1 3 0.0167552897271 1 0 
89 29 0.0 11 1 0 0 3 21 2 0.149793096792 1 1 
89 29 0.0 10 1 0 0 1 2 1 0.191649867632 0 1 
89 29 0.0 13 0 2 0 21 34 1 0.159778860739 0 5 
89 29 0.0 12 0 1 0 9 19 2 0.0354760621568 1 1 
89 29 0.0 15 0 1 0 9 19 2 0.0355299826657 1 1 
89 29 0.0 14 0 0 0 10 1 2 0.037567587922 1 0 
89 29 0.0 17 3 1 0 23 42 1 0.169485189351 0 5 
89 29 0.0 16 0 1 0 9 19 2 0.0234909755053 1 1 
89 29 0.0 19 0 0 0 9 40 1 0.328583502441 0 3 
89 29 0.0 18 0 0 0 9 40 1 0.328583502441 0 3 
89 29 0.0 24 0 0 0 8 1 2 0.0259683294921 1 0 
89 29 0.0 25 1 0 0 42 36 2 0.171117217441 6 0 
89 29 0.0 26 0 0 0 30 16 2 0.496772442159 4 0 
89 29 0.0 27 2 0 0 7 13 3 6.00220398638e-91 1 1 
89 29 0.0 20 0 0 0 16 42 1 0.170201968872 0 4 
89 29 0.0 21 4 1 0 17 9 2 0.00249038766305 1 3 
89 29 0.0 22 1 1 0 5 5 3 2.20988820989e-78 1 1 
89 29 0.0 23 5 1 0 16 7 3 5.15241432927e-46 3 0 
89 29 0.0 1 5 0 0 1 8 1 0.799148358162 0 1 
89 29 0.0 3 6 2 0 4 7 2 0.106821501364 1 2 
89 29 0.0 2 6 1 0 2 8 1 0.245229501268 0 2 
89 29 0.0 5 20 2 0 33 44 2 0.169260603528 4 5 
89 29 0.0 4 6 1 0 3 7 3 1.46347136661e-44 1 1 
89 29 0.0 7 4 0 0 10 1 3 0.0131686070087 1 0 
89 29 0.0 6 4 0 0 10 1 3 0.0160138194555 1 0 
89 29 2.0 9 5 3 0 52 94 2 0.0306138804233 10 0 
89 29 2.0 8 4 0 0 10 1 3 0.0871751854137 1 0 
89 29 2.0 11 1 0 0 3 21 2 0.177732221572 1 1 
89 29 2.0 10 1 0 0 1 2 1 0.130918476745 0 1 
89 29 2.0 13 0 2 0 21 34 1 0.101074691081 0 5 
89 29 2.0 12 0 1 0 9 19 2 0.0320333138306 1 1 
89 29 2.0 15 0 1 0 9 19 2 0.0313919546321 1 1 
89 29 2.0 14 0 0 0 10 1 2 0.066877470966 1 0 
89 29 2.0 17 3 1 0 23 42 1 0.109177222632 0 5 
89 29 2.0 16 0 1 0 9 19 2 0.0123511863272 1 1 
89 29 2.0 19 0 0 0 9 40 1 0.236060347898 0 3 
89 29 2.0 18 0 0 0 9 40 1 0.236060347898 0 3 
89 29 2.0 24 0 0 0 8 1 2 0.0230317161476 1 0 
89 29 2.0 25 1 0 0 42 36 2 0.260544287366 6 0 
89 29 2.0 26 0 0 0 30 16 2 0.622394712202 4 0 
89 29 2.0 27 2 0 0 7 13 3 1.60282556113e-79 1 1 
89 29 2.0 20 0 0 0 16 42 1 0.108692074777 0 4 
89 29 2.0 21 4 1 0 17 9 2 0.0104827013624 1 3 
89 29 2.0 22 1 1 0 5 5 3 5.74215748485e-55 1 1 
89 29 2.0 23 5 1 0 16 7 3 2.04925143827e-30 3 0 
89 29 2.0 1 5 0 0 1 8 1 0.771055249641 0 1 
89 29 2.0 3 6 2 0 4 7 2 0.130734070501 1 2 
89 29 2.0 2 6 1 0 2 8 1 0.39330874631 0 2 
89 29 2.0 5 20 2 0 33 44 2 0.327615074734 4 5 
89 29 2.0 4 6 1 0 3 7 3 0.139486879697 1 1 
89 29 2.0 7 4 0 0 10 1 3 0.0892023154818 1 0 
89 29 2.0 6 4 0 0 10 1 3 0.0893808046271 1 0 
89 30 0.0 9 5 3 0 52 94 2 0.000161053630645 10 0 
89 30 0.0 8 4 0 0 10 1 3 0.0117606799099 1 0 
89 30 0.0 11 1 0 0 3 21 2 0.149653824118 1 1 
89 30 0.0 10 1 0 0 1 2 1 0.191914126947 0 1 
89 30 0.0 13 0 2 0 21 34 1 0.159240333356 0 5 
89 30 0.0 12 0 1 0 9 19 2 0.0378487590693 1 1 
89 30 0.0 15 0 1 0 9 19 2 0.0371293831155 1 1 
89 30 0.0 14 0 0 0 10 1 2 0.0393163283756 1 0 
89 30 0.0 17 3 1 0 23 42 1 0.16967536467 0 5 
89 30 0.0 16 0 1 0 9 19 2 0.0259926210066 1 1 
89 30 0.0 19 0 0 0 9 40 1 0.327401450709 0 3 
89 30 0.0 18 0 0 0 9 40 1 0.327401450709 0 3 
89 30 0.0 24 0 0 0 8 1 2 0.0260380693174 1 0 
89 30 0.0 25 1 0 0 42 36 2 0.17295624172 6 0 
89 30 0.0 26 0 0 0 30 16 2 0.498107436943 4 0 
89 30 0.0 27 2 0 0 7 13 3 1.56849268107e-92 1 1 
89 30 0.0 20 0 0 0 16 42 1 0.16966440594 0 4 
89 30 0.0 21 4 1 0 17 9 2 4.33805191703e-05 1 3 
89 30 0.0 22 1 1 0 5 5 3 1.54996689738e-78 1 1 
89 30 0.0 23 5 1 0 16 7 3 6.75151356022e-46 3 0 
89 30 0.0 1 5 0 0 1 8 1 0.799107335863 0 1 
89 30 0.0 3 6 2 0 4 7 2 0.10681693912 1 2 
89 30 0.0 2 6 1 0 2 8 1 0.24524216783 0 2 
89 30 0.0 5 20 2 0 33 44 2 0.169289765447 4 5 
89 30 0.0 4 6 1 0 3 7 3 4.43592867836e-45 1 1 
89 30 0.0 7 4 0 0 10 1 3 0.0180360947308 1 0 
89 30 0.0 6 4 0 0 10 1 3 0.0161594794226 1 0 
89 30 2.0 9 5 3 0 52 94 2 0.0339382578615 10 0 
89 30 2.0 8 4 0 0 10 1 3 0.138633401711 1 0 
89 30 2.0 11 1 0 0 3 21 2 0.177735967677 1 1 
89 30 2.0 10 1 0 0 1 2 1 0.132348333729 0 1 
89 30 2.0 13 0 2 0 21 34 1 0.124377261862 0 5 
89 30 2.0 12 0 1 0 9 19 2 0.0263181766363 1 1 
89 30 2.0 15 0 1 0 9 19 2 0.0251723020971 1 1 
89 30 2.0 14 0 0 0 10 1 2 0.0582278696762 1 0 
89 30 2.0 17 3 1 0 23 42 1 0.113515919949 0 5 
89 30 2.0 16 0 1 0 9 19 2 0.019037944811 1 1 
89 30 2.0 19 0 0 0 9 40 1 0.239099328509 0 3 
89 30 2.0 18 0 0 0 9 40 1 0.239099328509 0 3 
89 30 2.0 24 0 0 0 8 1 2 0.0227590290233 1 0 
89 30 2.0 25 1 0 0 42 36 2 0.256305543595 6 0 
89 30 2.0 26 0 0 0 30 16 2 0.62492769668 4 0 
89 30 2.0 27 2 0 0 7 13 3 1.68150456073e-80 1 1 
89 30 2.0 20 0 0 0 16 42 1 0.111124598288 0 4 
89 30 2.0 21 4 1 0 17 9 2 0.00333094667557 1 3 
89 30 2.0 22 1 1 0 5 5 3 1.05308032504e-56 1 1 
89 30 2.0 23 5 1 0 16 7 3 5.02260062971e-31 3 0 
89 30 2.0 1 5 0 0 1 8 1 0.856008817455 0 1 
89 30 2.0 3 6 2 0 4 7 2 0.157079041864 1 2 
89 30 2.0 2 6 1 0 2 8 1 0.374105799285 0 2 
89 30 2.0 5 20 2 0 33 44 2 0.0369117296311 4 5 
89 30 2.0 4 6 1 0 3 7 3 0.136408902693 1 1 
89 30 2.0 7 4 0 0 10 1 3 0.138023974879 1 0 
89 30 2.0 6 4 0 0 10 1 3 0.137348582592 1 0 
89 31 0.0 9 5 3 0 52 94 2 0.000148959977794 10 0 
89 31 0.0 8 4 0 0 10 1 3 0.01514926922 1 0 
89 31 0.0 11 1 0 0 3 21 2 0.149345253099 1 1 
89 31 0.0 10 1 0 0 1 2 1 0.191702056138 0 1 
89 31 0.0 13 0 2 0 21 34 1 0.169880476744 0 5 
89 31 0.0 12 0 1 0 9 19 2 0.0403744254467 1 1 
89 31 0.0 15 0 1 0 9 19 2 0.0401970400999 1 1 
89 31 0.0 14 0 0 0 10 1 2 0.042205016242 1 0 
89 31 0.0 17 3 1 0 23 42 1 0.169878817765 0 5 
89 31 0.0 16 0 1 0 9 19 2 0.0260657482577 1 1 
89 31 0.0 19 0 0 0 9 40 1 0.327289578432 0 3 
89 31 0.0 18 0 0 0 9 40 1 0.327289578432 0 3 
89 31 0.0 24 0 0 0 8 1 2 0.0262897793356 1 0 
89 31 0.0 25 1 0 0 42 36 2 0.176111563068 6 0 
89 31 0.0 26 0 0 0 30 16 2 0.501673244596 4 0 
89 31 0.0 27 2 0 0 7 13 3 1.48680566726e-92 1 1 
89 31 0.0 20 0 0 0 16 42 1 0.169928496151 0 4 
89 31 0.0 21 4 1 0 17 9 2 0.000223801588823 1 3 
89 31 0.0 22 1 1 0 5 5 3 4.94650268218e-79 1 1 
89 31 0.0 23 5 1 0 16 7 3 1.36386357094e-45 3 0 
89 31 0.0 1 5 0 0 1 8 1 0.799143162384 0 1 
89 31 0.0 3 6 2 0 4 7 2 0.106828238677 1 2 
89 31 0.0 2 6 1 0 2 8 1 0.245243315242 0 2 
89 31 0.0 5 20 2 0 33 44 2 0.169254901368 4 5 
89 31 0.0 4 6 1 0 3 7 3 6.90762246418e-45 1 1 
89 31 0.0 7 4 0 0 10 1 3 0.0174766906309 1 0 
89 31 0.0 6 4 0 0 10 1 3 0.0133345997933 1 0 
89 31 2.0 9 5 3 0 52 94 2 0.0288316990371 10 0 
89 31 2.0 8 4 0 0 10 1 3 0.0722873229049 1 0 
89 31 2.0 11 1 0 0 3 21 2 0.177238087346 1 1 
89 31 2.0 10 1 0 0 1 2 1 0.130345019361 0 1 
89 31 2.0 13 0 2 0 21 34 1 0.103184778656 0 5 
89 31 2.0 12 0 1 0 9 19 2 0.0297750637105 1 1 
89 31 2.0 15 0 1 0 9 19 2 0.0314420986249 1 1 
89 31 2.0 14 0 0 0 10 1 2 0.0629723442302 1 0 
89 31 2.0 17 3 1 0 23 42 1 0.109845977641 0 5 
89 31 2.0 16 0 1 0 9 19 2 0.0126686243112 1 1 
89 31 2.0 19 0 0 0 9 40 1 0.237439529144 0 3 
89 31 2.0 18 0 0 0 9 40 1 0.237439529144 0 3 
89 31 2.0 24 0 0 0 8 1 2 0.0229477578547 1 0 
89 31 2.0 25 1 0 0 42 36 2 0.25857324895 6 0 
89 31 2.0 26 0 0 0 30 16 2 0.622135191166 4 0 
89 31 2.0 27 2 0 0 7 13 3 7.60675752258e-79 1 1 
89 31 2.0 20 0 0 0 16 42 1 0.109363277603 0 4 
89 31 2.0 21 4 1 0 17 9 2 0.0100705108949 1 3 
89 31 2.0 22 1 1 0 5 5 3 1.43602146562e-54 1 1 
89 31 2.0 23 5 1 0 16 7 3 1.57314174903e-30 3 0 
89 31 2.0 1 5 0 0 1 8 1 0.780360099276 0 1 
89 31 2.0 3 6 2 0 4 7 2 0.132348146074 1 2 
89 31 2.0 2 6 1 0 2 8 1 0.405859556534 0 2 
89 31 2.0 5 20 2 0 33 44 2 0.351589808252 4 5 
89 31 2.0 4 6 1 0 3 7 3 0.146509631199 1 1 
89 31 2.0 7 4 0 0 10 1 3 0.070781543523 1 0 
89 31 2.0 6 4 0 0 10 1 3 0.0717962550341 1 0 
89 32 0.0 9 5 3 0 52 94 2 0.000199517433105 10 0 
89 32 0.0 8 4 0 0 10 1 3 0.0166989303598 1 0 
89 32 0.0 11 1 0 0 3 21 2 0.149500090497 1 1 
89 32 0.0 10 1 0 0 1 2 1 0.191775568537 0 1 
89 32 0.0 13 0 2 0 21 34 1 0.166557779041 0 5 
89 32 0.0 12 0 1 0 9 19 2 0.039816209213 1 1 
89 32 0.0 15 0 1 0 9 19 2 0.039816119486 1 1 
89 32 0.0 14 0 0 0 10 1 2 0.0419058073137 1 0 
89 32 0.0 17 3 1 0 23 42 1 0.169522067448 0 5 
89 32 0.0 16 0 1 0 9 19 2 0.0254674483924 1 1 
89 32 0.0 19 0 0 0 9 40 1 0.327187190803 0 3 
89 32 0.0 18 0 0 0 9 40 1 0.327187190803 0 3 
89 32 0.0 24 0 0 0 8 1 2 0.0262502275648 1 0 
89 32 0.0 25 1 0 0 42 36 2 0.175483720333 6 0 
89 32 0.0 26 0 0 0 30 16 2 0.500758922342 4 0 
89 32 0.0 27 2 0 0 7 13 3 2.72639373662e-92 1 1 
89 32 0.0 20 0 0 0 16 42 1 0.169742718834 0 4 
89 32 0.0 21 4 1 0 17 9 2 0.000786495696684 1 3 
89 32 0.0 22 1 1 0 5 5 3 9.63436631412e-79 1 1 
89 32 0.0 23 5 1 0 16 7 3 8.40345985013e-46 3 0 
89 32 0.0 1 5 0 0 1 8 1 0.799177902998 0 1 
89 32 0.0 3 6 2 0 4 7 2 0.106833820182 1 2 
89 32 0.0 2 6 1 0 2 8 1 0.245223042823 0 2 
89 32 0.0 5 20 2 0 33 44 2 0.169228858765 4 5 
89 32 0.0 4 6 1 0 3 7 3 4.11130311571e-46 1 1 
89 32 0.0 7 4 0 0 10 1 3 0.0130374055779 1 0 
89 32 0.0 6 4 0 0 10 1 3 0.0162116015116 1 0 
89 32 2.0 9 5 3 0 52 94 2 0.0280238551801 10 0 
89 32 2.0 8 4 0 0 10 1 3 0.145485947119 1 0 
89 32 2.0 11 1 0 0 3 21 2 0.178158800319 1 1 
89 32 2.0 10 1 0 0 1 2 1 0.130551555136 0 1 
89 32 2.0 13 0 2 0 21 34 1 0.118765758861 0 5 
89 32 2.0 12 0 1 0 9 19 2 0.0296625630941 1 1 
89 32 2.0 15 0 1 0 9 19 2 0.0281601284756 1 1 
89 32 2.0 14 0 0 0 10 1 2 0.0576816203541 1 0 
89 32 2.0 17 3 1 0 23 42 1 0.110723787457 0 5 
89 32 2.0 16 0 1 0 9 19 2 0.00675310777462 1 1 
89 32 2.0 19 0 0 0 9 40 1 0.240470595036 0 3 
89 32 2.0 18 0 0 0 9 40 1 0.240470595036 0 3 
89 32 2.0 24 0 0 0 8 1 2 0.0231246488994 1 0 
89 32 2.0 25 1 0 0 42 36 2 0.258225804787 6 0 
89 32 2.0 26 0 0 0 30 16 2 0.627124476157 4 0 
89 32 2.0 27 2 0 0 7 13 3 4.68083591623e-76 1 1 
89 32 2.0 20 0 0 0 16 42 1 0.110889561867 0 4 
89 32 2.0 21 4 1 0 17 9 2 0.01620705981 1 3 
89 32 2.0 22 1 1 0 5 5 3 1.82340095949e-51 1 1 
89 32 2.0 23 5 1 0 16 7 3 1.64459274611e-29 3 0 
89 32 2.0 1 5 0 0 1 8 1 0.773093213861 0 1 
89 32 2.0 3 6 2 0 4 7 2 0.131943531897 1 2 
89 32 2.0 2 6 1 0 2 8 1 0.367439153289 0 2 
89 32 2.0 5 20 2 0 33 44 2 0.170117142542 4 5 
89 32 2.0 4 6 1 0 3 7 3 0.122950717813 1 1 
89 32 2.0 7 4 0 0 10 1 3 0.150754685462 1 0 
89 32 2.0 6 4 0 0 10 1 3 0.15109267106 1 0 
89 33 0.0 9 5 3 0 52 94 2 0.000157791407367 10 0 
89 33 0.0 8 4 0 0 10 1 3 0.0105414689165 1 0 
89 33 0.0 11 1 0 0 3 21 2 0.149668524249 1 1 
89 33 0.0 10 1 0 0 1 2 1 0.191847072443 0 1 
89 33 0.0 13 0 2 0 21 34 1 0.185783033695 0 5 
89 33 0.0 12 0 1 0 9 19 2 0.0352747637158 1 1 
89 33 0.0 15 0 1 0 9 19 2 0.0346748251455 1 1 
89 33 0.0 14 0 0 0 10 1 2 0.0370523991451 1 0 
89 33 0.0 17 3 1 0 23 42 1 0.172167107095 0 5 
89 33 0.0 16 0 1 0 9 19 2 0.0247690991054 1 1 
89 33 0.0 19 0 0 0 9 40 1 0.331336571407 0 3 
89 33 0.0 18 0 0 0 9 40 1 0.331336571407 0 3 
89 33 0.0 24 0 0 0 8 1 2 0.0261306099422 1 0 
89 33 0.0 25 1 0 0 42 36 2 0.172421596255 6 0 
89 33 0.0 26 0 0 0 30 16 2 0.501497828871 4 0 
89 33 0.0 27 2 0 0 7 13 3 3.84982601586e-92 1 1 
89 33 0.0 20 0 0 0 16 42 1 0.172575646923 0 4 
89 33 0.0 21 4 1 0 17 9 2 0.00136892352667 1 3 
89 33 0.0 22 1 1 0 5 5 3 9.72618794023e-79 1 1 
89 33 0.0 23 5 1 0 16 7 3 1.21318792681e-45 3 0 
89 33 0.0 1 5 0 0 1 8 1 0.799046102053 0 1 
89 33 0.0 3 6 2 0 4 7 2 0.106803818843 1 2 
89 33 0.0 2 6 1 0 2 8 1 0.245254430878 0 2 
89 33 0.0 5 20 2 0 33 44 2 0.169340480969 4 5 
89 33 0.0 4 6 1 0 3 7 3 3.37528531428e-44 1 1 
89 33 0.0 7 4 0 0 10 1 3 0.0171341685436 1 0 
89 33 0.0 6 4 0 0 10 1 3 0.0182856089775 1 0 
89 33 2.0 9 5 3 0 52 94 2 0.0329968987001 10 0 
89 33 2.0 8 4 0 0 10 1 3 0.15589010986 1 0 
89 33 2.0 11 1 0 0 3 21 2 0.177731265521 1 1 
89 33 2.0 10 1 0 0 1 2 1 0.131342114372 0 1 
89 33 2.0 13 0 2 0 21 34 1 0.103492186901 0 5 
89 33 2.0 12 0 1 0 9 19 2 0.0244668090453 1 1 
89 33 2.0 15 0 1 0 9 19 2 0.0244492980668 1 1 
89 33 2.0 14 0 0 0 10 1 2 0.0546173933028 1 0 
89 33 2.0 17 3 1 0 23 42 1 0.111351293909 0 5 
89 33 2.0 16 0 1 0 9 19 2 0.0148543862946 1 1 
89 33 2.0 19 0 0 0 9 40 1 0.23861106021 0 3 
89 33 2.0 18 0 0 0 9 40 1 0.23861106021 0 3 
89 33 2.0 24 0 0 0 8 1 2 0.0225278394647 1 0 
89 33 2.0 25 1 0 0 42 36 2 0.250227810157 6 0 
89 33 2.0 26 0 0 0 30 16 2 0.615506282684 4 0 
89 33 2.0 27 2 0 0 7 13 3 1.53006292202e-79 1 1 
89 33 2.0 20 0 0 0 16 42 1 0.11003917337 0 4 
89 33 2.0 21 4 1 0 17 9 2 0.00733028426501 1 3 
89 33 2.0 22 1 1 0 5 5 3 4.46977014164e-56 1 1 
89 33 2.0 23 5 1 0 16 7 3 7.7581467707e-31 3 0 
89 33 2.0 1 5 0 0 1 8 1 0.786357876038 0 1 
89 33 2.0 3 6 2 0 4 7 2 0.135395482269 1 2 
89 33 2.0 2 6 1 0 2 8 1 0.368946974991 0 2 
89 33 2.0 5 20 2 0 33 44 2 0.131564161988 4 5 
89 33 2.0 4 6 1 0 3 7 3 0.124100364867 1 1 
89 33 2.0 7 4 0 0 10 1 3 0.153293028443 1 0 
89 33 2.0 6 4 0 0 10 1 3 0.152726401322 1 0 
89 34 0.0 9 5 3 0 52 94 2 0.000155942093205 10 0 
89 34 0.0 8 4 0 0 10 1 3 0.0178756490272 1 0 
89 34 0.0 11 1 0 0 3 21 2 0.149645717929 1 1 
89 34 0.0 10 1 0 0 1 2 1 0.19192124463 0 1 
89 34 0.0 13 0 2 0 21 34 1 0.184276152183 0 5 
89 34 0.0 12 0 1 0 9 19 2 0.0347618199115 1 1 
89 34 0.0 15 0 1 0 9 19 2 0.0378371692422 1 1 
89 34 0.0 14 0 0 0 10 1 2 0.0390081845541 1 0 
89 34 0.0 17 3 1 0 23 42 1 0.172034880844 0 5 
89 34 0.0 16 0 1 0 9 19 2 0.0260919617728 1 1 
89 34 0.0 19 0 0 0 9 40 1 0.330334655358 0 3 
89 34 0.0 18 0 0 0 9 40 1 0.330334655358 0 3 
89 34 0.0 24 0 0 0 8 1 2 0.0261859137002 1 0 
89 34 0.0 25 1 0 0 42 36 2 0.17373989437 6 0 
89 34 0.0 26 0 0 0 30 16 2 0.502246168668 4 0 
89 34 0.0 27 2 0 0 7 13 3 5.5246267602e-92 1 1 
89 34 0.0 20 0 0 0 16 42 1 0.172038725008 0 4 
89 34 0.0 21 4 1 0 17 9 2 9.23154278159e-05 1 3 
89 34 0.0 22 1 1 0 5 5 3 5.39300507995e-79 1 1 
89 34 0.0 23 5 1 0 16 7 3 1.425972072e-45 3 0 
89 34 0.0 1 5 0 0 1 8 1 0.799140850574 0 1 
89 34 0.0 3 6 2 0 4 7 2 0.106828115618 1 2 
89 34 0.0 2 6 1 0 2 8 1 0.245232862056 0 2 
89 34 0.0 5 20 2 0 33 44 2 0.169256244408 4 5 
89 34 0.0 4 6 1 0 3 7 3 1.6804114963e-45 1 1 
89 34 0.0 7 4 0 0 10 1 3 0.0134359646549 1 0 
89 34 0.0 6 4 0 0 10 1 3 0.0146479953634 1 0 
89 34 2.0 9 5 3 0 52 94 2 0.0304992245646 10 0 
89 34 2.0 8 4 0 0 10 1 3 0.0693054080663 1 0 
89 34 2.0 11 1 0 0 3 21 2 0.181605067368 1 1 
89 34 2.0 10 1 0 0 1 2 1 0.133227713706 0 1 
89 34 2.0 13 0 2 0 21 34 1 0.107600155025 0 5 
89 34 2.0 12 0 1 0 9 19 2 0.0278531132688 1 1 
89 34 2.0 15 0 1 0 9 19 2 0.028087841402 1 1 
89 34 2.0 14 0 0 0 10 1 2 0.0598917917535 1 0 
89 34 2.0 17 3 1 0 23 42 1 0.11060870283 0 5 
89 34 2.0 16 0 1 0 9 19 2 0.0176544373278 1 1 
89 34 2.0 19 0 0 0 9 40 1 0.235980462971 0 3 
89 34 2.0 18 0 0 0 9 40 1 0.235980462971 0 3 
89 34 2.0 24 0 0 0 8 1 2 0.0226027112552 1 0 
89 34 2.0 25 1 0 0 42 36 2 0.254441516246 6 0 
89 34 2.0 26 0 0 0 30 16 2 0.616388808828 4 0 
89 34 2.0 27 2 0 0 7 13 3 4.17583696684e-80 1 1 
89 34 2.0 20 0 0 0 16 42 1 0.108749663766 0 4 
89 34 2.0 21 4 1 0 17 9 2 0.0045068458941 1 3 
89 34 2.0 22 1 1 0 5 5 3 5.71834755113e-56 1 1 
89 34 2.0 23 5 1 0 16 7 3 3.88676815508e-31 3 0 
89 34 2.0 1 5 0 0 1 8 1 0.949320637953 0 1 
89 34 2.0 3 6 2 0 4 7 2 0.176667600652 1 2 
89 34 2.0 2 6 1 0 2 8 1 0.36565078737 0 2 
89 34 2.0 5 20 2 0 33 44 2 0.011172387647 4 5 
89 34 2.0 4 6 1 0 3 7 3 0.212503304155 1 1 
89 34 2.0 7 4 0 0 10 1 3 0.0694446194173 1 0 
89 34 2.0 6 4 0 0 10 1 3 0.0690684376769 1 0 
89 35 0.0 9 5 3 0 52 94 2 0.000272874513227 10 0 
89 35 0.0 8 4 0 0 10 1 3 0.0153504077599 1 0 
89 35 0.0 11 1 0 0 3 21 2 0.149565029944 1 1 
89 35 0.0 10 1 0 0 1 2 1 0.191826721516 0 1 
89 35 0.0 13 0 2 0 21 34 1 0.185023715641 0 5 
89 35 0.0 12 0 1 0 9 19 2 0.034886523387 1 1 
89 35 0.0 15 0 1 0 9 19 2 0.0349620166688 1 1 
89 35 0.0 14 0 0 0 10 1 2 0.0372522649724 1 0 
89 35 0.0 17 3 1 0 23 42 1 0.172457398368 0 5 
89 35 0.0 16 0 1 0 9 19 2 0.0258397546029 1 1 
89 35 0.0 19 0 0 0 9 40 1 0.331099102813 0 3 
89 35 0.0 18 0 0 0 9 40 1 0.331099102813 0 3 
89 35 0.0 24 0 0 0 8 1 2 0.0261016585309 1 0 
89 35 0.0 25 1 0 0 42 36 2 0.172443084484 6 0 
89 35 0.0 26 0 0 0 30 16 2 0.501450486138 4 0 
89 35 0.0 27 2 0 0 7 13 3 2.3627576966e-92 1 1 
89 35 0.0 20 0 0 0 16 42 1 0.17249789437 0 4 
89 35 0.0 21 4 1 0 17 9 2 0.000259716781512 1 3 
89 35 0.0 22 1 1 0 5 5 3 5.14486653809e-79 1 1 
89 35 0.0 23 5 1 0 16 7 3 3.60442235913e-45 3 0 
89 35 0.0 1 5 0 0 1 8 1 0.799107527431 0 1 
89 35 0.0 3 6 2 0 4 7 2 0.106825051051 1 2 
89 35 0.0 2 6 1 0 2 8 1 0.245248935201 0 2 
89 35 0.0 5 20 2 0 33 44 2 0.16928136072 4 5 
89 35 0.0 4 6 1 0 3 7 3 2.70438129509e-46 1 1 
89 35 0.0 7 4 0 0 10 1 3 0.012985524615 1 0 
89 35 0.0 6 4 0 0 10 1 3 0.0176184493139 1 0 
89 35 2.0 9 5 3 0 52 94 2 0.0307622539698 10 0 
89 35 2.0 8 4 0 0 10 1 3 0.0378148159393 1 0 
89 35 2.0 11 1 0 0 3 21 2 0.178121693932 1 1 
89 35 2.0 10 1 0 0 1 2 1 0.130237579148 0 1 
89 35 2.0 13 0 2 0 21 34 1 0.106283930663 0 5 
89 35 2.0 12 0 1 0 9 19 2 0.0295444261632 1 1 
89 35 2.0 15 0 1 0 9 19 2 0.033058933497 1 1 
89 35 2.0 14 0 0 0 10 1 2 0.0685890290103 1 0 
89 35 2.0 17 3 1 0 23 42 1 0.112543530002 0 5 
89 35 2.0 16 0 1 0 9 19 2 0.0211040476542 1 1 
89 35 2.0 19 0 0 0 9 40 1 0.236054116894 0 3 
89 35 2.0 18 0 0 0 9 40 1 0.236054116894 0 3 
89 35 2.0 24 0 0 0 8 1 2 0.0228252377948 1 0 
89 35 2.0 25 1 0 0 42 36 2 0.261609590226 6 0 
89 35 2.0 26 0 0 0 30 16 2 0.624090497496 4 0 
89 35 2.0 27 2 0 0 7 13 3 8.38167969523e-81 1 1 
89 35 2.0 20 0 0 0 16 42 1 0.109425072019 0 4 
89 35 2.0 21 4 1 0 17 9 2 0.00130390318937 1 3 
89 35 2.0 22 1 1 0 5 5 3 6.08108859103e-56 1 1 
89 35 2.0 23 5 1 0 16 7 3 2.29066051848e-31 3 0 
89 35 2.0 1 5 0 0 1 8 1 0.826095785238 0 1 
89 35 2.0 3 6 2 0 4 7 2 0.136622016558 1 2 
89 35 2.0 2 6 1 0 2 8 1 0.456304683886 0 2 
89 35 2.0 5 20 2 0 33 44 2 0.337222066859 4 5 
89 35 2.0 4 6 1 0 3 7 3 0.170098396423 1 1 
89 35 2.0 7 4 0 0 10 1 3 0.0374971665248 1 0 
89 35 2.0 6 4 0 0 10 1 3 0.0380746657281 1 0 
89 36 0.0 9 5 3 0 52 94 2 0.000215074222886 10 0 
89 36 0.0 8 4 0 0 10 1 3 0.0127344155966 1 0 
89 36 0.0 11 1 0 0 3 21 2 0.149567386116 1 1 
89 36 0.0 10 1 0 0 1 2 1 0.191674129365 0 1 
89 36 0.0 13 0 2 0 21 34 1 0.185354545559 0 5 
89 36 0.0 12 0 1 0 9 19 2 0.0396415450758 1 1 
89 36 0.0 15 0 1 0 9 19 2 0.0390184455404 1 1 
89 36 0.0 14 0 0 0 10 1 2 0.0412604246444 1 0 
89 36 0.0 17 3 1 0 23 42 1 0.17132413171 0 5 
89 36 0.0 16 0 1 0 9 19 2 0.0259413647432 1 1 
89 36 0.0 19 0 0 0 9 40 1 0.329184439979 0 3 
89 36 0.0 18 0 0 0 9 40 1 0.329184439979 0 3 
89 36 0.0 24 0 0 0 8 1 2 0.0263587634456 1 0 
89 36 0.0 25 1 0 0 42 36 2 0.176300368251 6 0 
89 36 0.0 26 0 0 0 30 16 2 0.50388648313 4 0 
89 36 0.0 27 2 0 0 7 13 3 1.08835307745e-92 1 1 
89 36 0.0 20 0 0 0 16 42 1 0.171425502673 0 4 
89 36 0.0 21 4 1 0 17 9 2 0.000417898994063 1 3 
89 36 0.0 22 1 1 0 5 5 3 4.28913172489e-79 1 1 
89 36 0.0 23 5 1 0 16 7 3 1.04895198602e-45 3 0 
89 36 0.0 1 5 0 0 1 8 1 0.799140699804 0 1 
89 36 0.0 3 6 2 0 4 7 2 0.106827011349 1 2 
89 36 0.0 2 6 1 0 2 8 1 0.245236249087 0 2 
89 36 0.0 5 20 2 0 33 44 2 0.169255918981 4 5 
89 36 0.0 4 6 1 0 3 7 3 9.86772558077e-45 1 1 
89 36 0.0 7 4 0 0 10 1 3 0.0163540548533 1 0 
89 36 0.0 6 4 0 0 10 1 3 0.016865285151 1 0 
89 36 2.0 9 5 3 0 52 94 2 0.0272612655611 10 0 
89 36 2.0 8 4 0 0 10 1 3 0.0185835616703 1 0 
89 36 2.0 11 1 0 0 3 21 2 0.182087538931 1 1 
89 36 2.0 10 1 0 0 1 2 1 0.13021028484 0 1 
89 36 2.0 13 0 2 0 21 34 1 0.127985462557 0 5 
89 36 2.0 12 0 1 0 9 19 2 0.0307629583081 1 1 
89 36 2.0 15 0 1 0 9 19 2 0.0336620461353 1 1 
89 36 2.0 14 0 0 0 10 1 2 0.0684833042473 1 0 
89 36 2.0 17 3 1 0 23 42 1 0.11184817455 0 5 
89 36 2.0 16 0 1 0 9 19 2 0.0161495798931 1 1 
89 36 2.0 19 0 0 0 9 40 1 0.238463916238 0 3 
89 36 2.0 18 0 0 0 9 40 1 0.238463916238 0 3 
89 36 2.0 24 0 0 0 8 1 2 0.0229765027927 1 0 
89 36 2.0 25 1 0 0 42 36 2 0.263757211507 6 0 
89 36 2.0 26 0 0 0 30 16 2 0.62617871772 4 0 
89 36 2.0 27 2 0 0 7 13 3 3.78726449766e-80 1 1 
89 36 2.0 20 0 0 0 16 42 1 0.110399609057 0 4 
89 36 2.0 21 4 1 0 17 9 2 0.00647273104538 1 3 
89 36 2.0 22 1 1 0 5 5 3 2.84354732023e-55 1 1 
89 36 2.0 23 5 1 0 16 7 3 2.25870198172e-31 3 0 
89 36 2.0 1 5 0 0 1 8 1 0.981809629009 0 1 
89 36 2.0 3 6 2 0 4 7 2 0.0977712646596 1 2 
89 36 2.0 2 6 1 0 2 8 1 0.469443074838 0 2 
89 36 2.0 5 20 2 0 33 44 2 0.0252172415213 4 5 
89 36 2.0 4 6 1 0 3 7 3 0.269081019201 1 1 
89 36 2.0 7 4 0 0 10 1 3 0.018846649287 1 0 
89 36 2.0 6 4 0 0 10 1 3 0.0189289850287 1 0 
89 37 0.0 9 5 3 0 52 94 2 0.000107690555282 10 0 
89 37 0.0 8 4 0 0 10 1 3 0.0163099849166 1 0 
89 37 0.0 11 1 0 0 3 21 2 0.149517998402 1 1 
89 37 0.0 10 1 0 0 1 2 1 0.191863642934 0 1 
89 37 0.0 13 0 2 0 21 34 1 0.157532048102 0 5 
89 37 0.0 12 0 1 0 9 19 2 0.0370857087039 1 1 
89 37 0.0 15 0 1 0 9 19 2 0.0377759011099 1 1 
89 37 0.0 14 0 0 0 10 1 2 0.0387274892815 1 0 
89 37 0.0 17 3 1 0 23 42 1 0.169117387587 0 5 
89 37 0.0 16 0 1 0 9 19 2 0.0245581445083 1 1 
89 37 0.0 19 0 0 0 9 40 1 0.327493412845 0 3 
89 37 0.0 18 0 0 0 9 40 1 0.327493412845 0 3 
89 37 0.0 24 0 0 0 8 1 2 0.0260391269012 1 0 
89 37 0.0 25 1 0 0 42 36 2 0.172579308073 6 0 
89 37 0.0 26 0 0 0 30 16 2 0.497496691172 4 0 
89 37 0.0 27 2 0 0 7 13 3 1.65756823438e-92 1 1 
89 37 0.0 20 0 0 0 16 42 1 0.16957218839 0 4 
89 37 0.0 21 4 1 0 17 9 2 0.00149183786529 1 3 
89 37 0.0 22 1 1 0 5 5 3 3.09612502547e-78 1 1 
89 37 0.0 23 5 1 0 16 7 3 5.3138178752e-46 3 0 
89 37 0.0 1 5 0 0 1 8 1 0.799142695976 0 1 
89 37 0.0 3 6 2 0 4 7 2 0.106825576633 1 2 
89 37 0.0 2 6 1 0 2 8 1 0.245230126811 0 2 
89 37 0.0 5 20 2 0 33 44 2 0.169257860077 4 5 
89 37 0.0 4 6 1 0 3 7 3 1.95578780696e-44 1 1 
89 37 0.0 7 4 0 0 10 1 3 0.0124758407082 1 0 
89 37 0.0 6 4 0 0 10 1 3 0.0171752595222 1 0 
89 37 2.0 9 5 3 0 52 94 2 0.0320720312516 10 0 
89 37 2.0 8 4 0 0 10 1 3 0.0929948709401 1 0 
89 37 2.0 11 1 0 0 3 21 2 0.179686127591 1 1 
89 37 2.0 10 1 0 0 1 2 1 0.133041326403 0 1 
89 37 2.0 13 0 2 0 21 34 1 0.111983964037 0 5 
89 37 2.0 12 0 1 0 9 19 2 0.0247229688822 1 1 
89 37 2.0 15 0 1 0 9 19 2 0.0269949374392 1 1 
89 37 2.0 14 0 0 0 10 1 2 0.0568400671331 1 0 
89 37 2.0 17 3 1 0 23 42 1 0.111900473807 0 5 
89 37 2.0 16 0 1 0 9 19 2 0.0183664815332 1 1 
89 37 2.0 19 0 0 0 9 40 1 0.237318231442 0 3 
89 37 2.0 18 0 0 0 9 40 1 0.237318231442 0 3 
89 37 2.0 24 0 0 0 8 1 2 0.0225374966686 1 0 
89 37 2.0 25 1 0 0 42 36 2 0.252728195762 6 0 
89 37 2.0 26 0 0 0 30 16 2 0.617392831511 4 0 
89 37 2.0 27 2 0 0 7 13 3 2.40552356353e-80 1 1 
89 37 2.0 20 0 0 0 16 42 1 0.109657345892 0 4 
89 37 2.0 21 4 1 0 17 9 2 0.00372504774312 1 3 
89 37 2.0 22 1 1 0 5 5 3 3.49951307636e-56 1 1 
89 37 2.0 23 5 1 0 16 7 3 6.37446209096e-31 3 0 
89 37 2.0 1 5 0 0 1 8 1 0.922021522184 0 1 
89 37 2.0 3 6 2 0 4 7 2 0.178556186541 1 2 
89 37 2.0 2 6 1 0 2 8 1 0.370738834874 0 2 
89 37 2.0 5 20 2 0 33 44 2 0.0144035162246 4 5 
89 37 2.0 4 6 1 0 3 7 3 0.175554522588 1 1 
89 37 2.0 7 4 0 0 10 1 3 0.092929745674 1 0 
89 37 2.0 6 4 0 0 10 1 3 0.0938695894033 1 0 
89 38 0.0 9 5 3 0 52 94 2 0.000110798148855 10 0 
89 38 0.0 8 4 0 0 10 1 3 0.0177202116984 1 0 
89 38 0.0 11 1 0 0 3 21 2 0.149723598124 1 1 
89 38 0.0 10 1 0 0 1 2 1 0.191819767653 0 1 
89 38 0.0 13 0 2 0 21 34 1 0.170117721907 0 5 
89 38 0.0 12 0 1 0 9 19 2 0.0341040175166 1 1 
89 38 0.0 15 0 1 0 9 19 2 0.0339615258444 1 1 
89 38 0.0 14 0 0 0 10 1 2 0.0353264406383 1 0 
89 38 0.0 17 3 1 0 23 42 1 0.171239010479 0 5 
89 38 0.0 16 0 1 0 9 19 2 0.0247995190612 1 1 
89 38 0.0 19 0 0 0 9 40 1 0.330395566363 0 3 
89 38 0.0 18 0 0 0 9 40 1 0.330395566363 0 3 
89 38 0.0 24 0 0 0 8 1 2 0.0259262979203 1 0 
89 38 0.0 25 1 0 0 42 36 2 0.1703079035 6 0 
89 38 0.0 26 0 0 0 30 16 2 0.497920150419 4 0 
89 38 0.0 27 2 0 0 7 13 3 2.37625284443e-92 1 1 
89 38 0.0 20 0 0 0 16 42 1 0.171587697468 0 4 
89 38 0.0 21 4 1 0 17 9 2 0.00113365076997 1 3 
89 38 0.0 22 1 1 0 5 5 3 5.3847512756e-78 1 1 
89 38 0.0 23 5 1 0 16 7 3 7.683956203e-47 3 0 
89 38 0.0 1 5 0 0 1 8 1 0.79913389444 0 1 
89 38 0.0 3 6 2 0 4 7 2 0.10682229112 1 2 
89 38 0.0 2 6 1 0 2 8 1 0.245234184955 0 2 
89 38 0.0 5 20 2 0 33 44 2 0.16926782426 4 5 
89 38 0.0 4 6 1 0 3 7 3 1.97514145531e-43 1 1 
89 38 0.0 7 4 0 0 10 1 3 0.0126891101513 1 0 
89 38 0.0 6 4 0 0 10 1 3 0.0155505621111 1 0 
89 38 2.0 9 5 3 0 52 94 2 0.0314357818338 10 0 
89 38 2.0 8 4 0 0 10 1 3 0.0773089285919 1 0 
89 38 2.0 11 1 0 0 3 21 2 0.180253181026 1 1 
89 38 2.0 10 1 0 0 1 2 1 0.133484417665 0 1 
89 38 2.0 13 0 2 0 21 34 1 0.113729902994 0 5 
89 38 2.0 12 0 1 0 9 19 2 0.0272097777007 1 1 
89 38 2.0 15 0 1 0 9 19 2 0.0291537477647 1 1 
89 38 2.0 14 0 0 0 10 1 2 0.0608025882566 1 0 
89 38 2.0 17 3 1 0 23 42 1 0.111807442119 0 5 
89 38 2.0 16 0 1 0 9 19 2 0.0198311562857 1 1 
89 38 2.0 19 0 0 0 9 40 1 0.236224210334 0 3 
89 38 2.0 18 0 0 0 9 40 1 0.236224210334 0 3 
89 38 2.0 24 0 0 0 8 1 2 0.0226533214379 1 0 
89 38 2.0 25 1 0 0 42 36 2 0.256303708442 6 0 
89 38 2.0 26 0 0 0 30 16 2 0.619740555363 4 0 
89 38 2.0 27 2 0 0 7 13 3 2.90675405942e-80 1 1 
89 38 2.0 20 0 0 0 16 42 1 0.10916736378 0 4 
89 38 2.0 21 4 1 0 17 9 2 0.0023334532655 1 3 
89 38 2.0 22 1 1 0 5 5 3 1.93336613009e-56 1 1 
89 38 2.0 23 5 1 0 16 7 3 6.45845033561e-31 3 0 
89 38 2.0 1 5 0 0 1 8 1 0.940261149993 0 1 
89 38 2.0 3 6 2 0 4 7 2 0.180329712453 1 2 
89 38 2.0 2 6 1 0 2 8 1 0.365977904793 0 2 
89 38 2.0 5 20 2 0 33 44 2 0.0115790414537 4 5 
89 38 2.0 4 6 1 0 3 7 3 0.195844744306 1 1 
89 38 2.0 7 4 0 0 10 1 3 0.0781425914265 1 0 
89 38 2.0 6 4 0 0 10 1 3 0.0778904666274 1 0 
89 39 0.0 9 5 3 0 52 94 2 7.55606226836e-05 10 0 
89 39 0.0 8 4 0 0 10 1 3 0.0152712910632 1 0 
89 39 0.0 11 1 0 0 3 21 2 0.149673349416 1 1 
89 39 0.0 10 1 0 0 1 2 1 0.19193066058 0 1 
89 39 0.0 13 0 2 0 21 34 1 0.184146487931 0 5 
89 39 0.0 12 0 1 0 9 19 2 0.0363331671677 1 1 
89 39 0.0 15 0 1 0 9 19 2 0.039179568838 1 1 
89 39 0.0 14 0 0 0 10 1 2 0.0401696364284 1 0 
89 39 0.0 17 3 1 0 23 42 1 0.17048778843 0 5 
89 39 0.0 16 0 1 0 9 19 2 0.0219056018742 1 1 
89 39 0.0 19 0 0 0 9 40 1 0.330168650772 0 3 
89 39 0.0 18 0 0 0 9 40 1 0.330168650772 0 3 
89 39 0.0 24 0 0 0 8 1 2 0.0263410194552 1 0 
89 39 0.0 25 1 0 0 42 36 2 0.174697546456 6 0 
89 39 0.0 26 0 0 0 30 16 2 0.502609754569 4 0 
89 39 0.0 27 2 0 0 7 13 3 1.97051512671e-90 1 1 
89 39 0.0 20 0 0 0 16 42 1 0.171703413108 0 4 
89 39 0.0 21 4 1 0 17 9 2 0.00445642218635 1 3 
89 39 0.0 22 1 1 0 5 5 3 5.2496568813e-78 1 1 
89 39 0.0 23 5 1 0 16 7 3 3.34790092673e-46 3 0 
89 39 0.0 1 5 0 0 1 8 1 0.799181452159 0 1 
89 39 0.0 3 6 2 0 4 7 2 0.106831455613 1 2 
89 39 0.0 2 6 1 0 2 8 1 0.24522284175 0 2 
89 39 0.0 5 20 2 0 33 44 2 0.169226494962 4 5 
89 39 0.0 4 6 1 0 3 7 3 8.77998267862e-43 1 1 
89 39 0.0 7 4 0 0 10 1 3 0.0160611384493 1 0 
89 39 0.0 6 4 0 0 10 1 3 0.0146289310937 1 0 
89 39 2.0 9 5 3 0 52 94 2 0.0310398705399 10 0 
89 39 2.0 8 4 0 0 10 1 3 0.150391095628 1 0 
89 39 2.0 11 1 0 0 3 21 2 0.177318658417 1 1 
89 39 2.0 10 1 0 0 1 2 1 0.13153336419 0 1 
89 39 2.0 13 0 2 0 21 34 1 0.103589505543 0 5 
89 39 2.0 12 0 1 0 9 19 2 0.0298901623049 1 1 
89 39 2.0 15 0 1 0 9 19 2 0.0299464887829 1 1 
89 39 2.0 14 0 0 0 10 1 2 0.0608328363524 1 0 
89 39 2.0 17 3 1 0 23 42 1 0.109859016665 0 5 
89 39 2.0 16 0 1 0 9 19 2 0.0143317687463 1 1 
89 39 2.0 19 0 0 0 9 40 1 0.236764730516 0 3 
89 39 2.0 18 0 0 0 9 40 1 0.236764730516 0 3 
89 39 2.0 24 0 0 0 8 1 2 0.0229038840804 1 0 
89 39 2.0 25 1 0 0 42 36 2 0.257404901603 6 0 
89 39 2.0 26 0 0 0 30 16 2 0.621342621553 4 0 
89 39 2.0 27 2 0 0 7 13 3 1.57898844265e-79 1 1 
89 39 2.0 20 0 0 0 16 42 1 0.109014075159 0 4 
89 39 2.0 21 4 1 0 17 9 2 0.00831537475771 1 3 
89 39 2.0 22 1 1 0 5 5 3 2.76066211671e-55 1 1 
89 39 2.0 23 5 1 0 16 7 3 6.1433766198e-31 3 0 
89 39 2.0 1 5 0 0 1 8 1 0.777762385666 0 1 
89 39 2.0 3 6 2 0 4 7 2 0.133123424832 1 2 
89 39 2.0 2 6 1 0 2 8 1 0.368079501409 0 2 
89 39 2.0 5 20 2 0 33 44 2 0.155344293896 4 5 
89 39 2.0 4 6 1 0 3 7 3 0.123272747367 1 1 
89 39 2.0 7 4 0 0 10 1 3 0.152629000516 1 0 
89 39 2.0 6 4 0 0 10 1 3 0.150554458412 1 0 
89 40 0.0 9 5 3 0 52 94 2 0.000243739050831 10 0 
89 40 0.0 8 4 0 0 10 1 3 0.0189564249607 1 0 
89 40 0.0 11 1 0 0 3 21 2 0.149434529558 1 1 
89 40 0.0 10 1 0 0 1 2 1 0.191905785354 0 1 
89 40 0.0 13 0 2 0 21 34 1 0.179522989127 0 5 
89 40 0.0 12 0 1 0 9 19 2 0.0336227287209 1 1 
89 40 0.0 15 0 1 0 9 19 2 0.0348267682286 1 1 
89 40 0.0 14 0 0 0 10 1 2 0.0364901901863 1 0 
89 40 0.0 17 3 1 0 23 42 1 0.172026365971 0 5 
89 40 0.0 16 0 1 0 9 19 2 0.0252274593276 1 1 
89 40 0.0 19 0 0 0 9 40 1 0.331005169222 0 3 
89 40 0.0 18 0 0 0 9 40 1 0.331005169222 0 3 
89 40 0.0 24 0 0 0 8 1 2 0.0260246888254 1 0 
89 40 0.0 25 1 0 0 42 36 2 0.171376759649 6 0 
89 40 0.0 26 0 0 0 30 16 2 0.499976321704 4 0 
89 40 0.0 27 2 0 0 7 13 3 9.35936592115e-92 1 1 
89 40 0.0 20 0 0 0 16 42 1 0.172246816693 0 4 
89 40 0.0 21 4 1 0 17 9 2 0.000799614373257 1 3 
89 40 0.0 22 1 1 0 5 5 3 3.82216787528e-79 1 1 
89 40 0.0 23 5 1 0 16 7 3 1.67193060372e-45 3 0 
89 40 0.0 1 5 0 0 1 8 1 0.798903488764 0 1 
89 40 0.0 3 6 2 0 4 7 2 0.106773647957 1 2 
89 40 0.0 2 6 1 0 2 8 1 0.245292228583 0 2 
89 40 0.0 5 20 2 0 33 44 2 0.169470373915 4 5 
89 40 0.0 4 6 1 0 3 7 3 1.24542379236e-45 1 1 
89 40 0.0 7 4 0 0 10 1 3 0.00838901933457 1 0 
89 40 0.0 6 4 0 0 10 1 3 0.0186090409558 1 0 
89 40 2.0 9 5 3 0 52 94 2 0.0340478787031 10 0 
89 40 2.0 8 4 0 0 10 1 3 0.154787593934 1 0 
89 40 2.0 11 1 0 0 3 21 2 0.17730029508 1 1 
89 40 2.0 10 1 0 0 1 2 1 0.131612305901 0 1 
89 40 2.0 13 0 2 0 21 34 1 0.106845717938 0 5 
89 40 2.0 12 0 1 0 9 19 2 0.0268157019508 1 1 
89 40 2.0 15 0 1 0 9 19 2 0.0262238690692 1 1 
89 40 2.0 14 0 0 0 10 1 2 0.0572650602293 1 0 
89 40 2.0 17 3 1 0 23 42 1 0.113110310086 0 5 
89 40 2.0 16 0 1 0 9 19 2 0.0214211236889 1 1 
89 40 2.0 19 0 0 0 9 40 1 0.237179287789 0 3 
89 40 2.0 18 0 0 0 9 40 1 0.237179287789 0 3 
89 40 2.0 24 0 0 0 8 1 2 0.0225179546684 1 0 
89 40 2.0 25 1 0 0 42 36 2 0.253943135412 6 0 
89 40 2.0 26 0 0 0 30 16 2 0.619631993904 4 0 
89 40 2.0 27 2 0 0 7 13 3 3.58884122247e-80 1 1 
89 40 2.0 20 0 0 0 16 42 1 0.109883354048 0 4 
89 40 2.0 21 4 1 0 17 9 2 0.000651045680723 1 3 
89 40 2.0 22 1 1 0 5 5 3 8.87175895474e-57 1 1 
89 40 2.0 23 5 1 0 16 7 3 3.50032171594e-31 3 0 
89 40 2.0 1 5 0 0 1 8 1 0.785309532064 0 1 
89 40 2.0 3 6 2 0 4 7 2 0.135155236088 1 2 
89 40 2.0 2 6 1 0 2 8 1 0.368197610388 0 2 
89 40 2.0 5 20 2 0 33 44 2 0.13268777349 4 5 
89 40 2.0 4 6 1 0 3 7 3 0.123659929059 1 1 
89 40 2.0 7 4 0 0 10 1 3 0.152149456421 1 0 
89 40 2.0 6 4 0 0 10 1 3 0.155582465982 1 0 
