95 1 0.0 3 4 0 0 8 4 3 3.9648881444e-70 2 0 
95 1 0.0 9 6 5 0 42 19 2 0.000654720532841 1 6 
95 1 0.0 2 5 1 0 14 14 3 1.02827934938e-64 4 0 
95 1 0.0 10 2 1 0 11 3 3 1.23458841465e-78 1 1 
95 1 0.0 5 5 3 0 32 15 2 9.7077710092e-41 3 2 
95 1 0.0 13 3 2 0 29 9 2 2.64260688731e-38 3 1 
95 1 0.0 4 3 2 0 21 15 2 0.0101971213599 1 3 
95 1 0.0 12 0 2 0 28 5 2 3.39565340448e-37 3 0 
95 1 0.0 15 2 1 0 12 2 3 7.62061937482e-78 2 0 
95 1 0.0 7 4 0 0 8 4 3 2.5960042835e-70 2 0 
95 1 0.0 6 1 0 0 17 9 2 0.010786717013 1 1 
95 1 0.0 14 2 2 0 11 4 3 2.63671183543e-78 2 1 
95 1 0.0 1 2 0 0 20 13 2 0.0102574534025 1 2 
95 1 0.0 11 1 2 0 16 9 2 0.0106148530922 1 2 
95 1 0.0 8 11 6 0 52 16 1 0.162124821987 0 8 
95 1 2.0 3 4 0 0 8 4 3 9.54168282623e-48 2 0 
95 1 2.0 9 6 5 0 42 19 2 2.94467833922e-05 1 6 
95 1 2.0 2 5 1 0 14 14 3 2.59586203472e-39 4 0 
95 1 2.0 10 2 1 0 11 3 3 2.94787043274e-55 1 1 
95 1 2.0 5 5 3 0 32 15 2 3.17350422586e-39 3 2 
95 1 2.0 13 3 2 0 29 9 2 2.89849956006e-29 3 1 
95 1 2.0 4 3 2 0 21 15 2 0.00312173920498 1 3 
95 1 2.0 12 0 2 0 28 5 2 8.5683247895e-27 3 0 
95 1 2.0 15 2 1 0 12 2 3 6.82303385083e-55 2 0 
95 1 2.0 7 4 0 0 8 4 3 4.57199492284e-53 2 0 
95 1 2.0 6 1 0 0 17 9 2 0.00906283010943 1 1 
95 1 2.0 14 2 2 0 11 4 3 9.81833956043e-57 2 1 
95 1 2.0 1 2 0 0 20 13 2 0.00782691561629 1 2 
95 1 2.0 11 1 2 0 16 9 2 0.00905297814524 1 2 
95 1 2.0 8 11 6 0 52 16 1 0.132610422264 0 8 
95 2 0.0 3 4 0 0 8 4 3 3.71506582957e-73 2 0 
95 2 0.0 9 6 5 0 42 19 2 0.00229924104511 1 6 
95 2 0.0 2 5 1 0 14 14 3 1.6061548689e-65 4 0 
95 2 0.0 10 2 1 0 11 3 3 1.06473644315e-77 1 1 
95 2 0.0 5 5 3 0 32 15 2 9.93615382222e-44 3 2 
95 2 0.0 13 3 2 0 29 9 2 3.83500084403e-38 3 1 
95 2 0.0 4 3 2 0 21 15 2 0.0158897201706 1 3 
95 2 0.0 12 0 2 0 28 5 2 6.95974712835e-36 3 0 
95 2 0.0 15 2 1 0 12 2 3 1.66524933879e-77 2 0 
95 2 0.0 7 4 0 0 8 4 3 3.52476488485e-74 2 0 
95 2 0.0 6 1 0 0 17 9 2 0.021127685975 1 1 
95 2 0.0 14 2 2 0 11 4 3 2.61553365232e-78 2 1 
95 2 0.0 1 2 0 0 20 13 2 0.0176465696001 1 2 
95 2 0.0 11 1 2 0 16 9 2 0.0210567508789 1 2 
95 2 0.0 8 11 6 0 52 16 1 0.350022150224 0 8 
95 2 2.0 3 4 0 0 8 4 3 4.8809871961e-51 2 0 
95 2 2.0 9 6 5 0 42 19 2 0.000136590402253 1 6 
95 2 2.0 2 5 1 0 14 14 3 3.40787038756e-39 4 0 
95 2 2.0 10 2 1 0 11 3 3 8.81256971307e-56 1 1 
95 2 2.0 5 5 3 0 32 15 2 4.81664800481e-37 3 2 
95 2 2.0 13 3 2 0 29 9 2 8.57892197825e-28 3 1 
95 2 2.0 4 3 2 0 21 15 2 0.0130391911625 1 3 
95 2 2.0 12 0 2 0 28 5 2 6.07033150318e-27 3 0 
95 2 2.0 15 2 1 0 12 2 3 7.06644413556e-55 2 0 
95 2 2.0 7 4 0 0 8 4 3 2.34286764788e-49 2 0 
95 2 2.0 6 1 0 0 17 9 2 0.0166624901805 1 1 
95 2 2.0 14 2 2 0 11 4 3 1.08849497098e-56 2 1 
95 2 2.0 1 2 0 0 20 13 2 0.011088398998 1 2 
95 2 2.0 11 1 2 0 16 9 2 0.0166659711408 1 2 
95 2 2.0 8 11 6 0 52 16 1 0.0209494332171 0 8 
95 3 0.0 3 4 0 0 8 4 3 2.1569933042e-71 2 0 
95 3 0.0 9 6 5 0 42 19 2 0.00263848836426 1 6 
95 3 0.0 2 5 1 0 14 14 3 5.84691033836e-65 4 0 
95 3 0.0 10 2 1 0 11 3 3 8.06470788552e-78 1 1 
95 3 0.0 5 5 3 0 32 15 2 6.5485024284e-40 3 2 
95 3 0.0 13 3 2 0 29 9 2 2.7745244497e-38 3 1 
95 3 0.0 4 3 2 0 21 15 2 0.0716384348471 1 3 
95 3 0.0 12 0 2 0 28 5 2 4.89142707443e-37 3 0 
95 3 0.0 15 2 1 0 12 2 3 9.10605803012e-78 2 0 
95 3 0.0 7 4 0 0 8 4 3 5.58072233081e-70 2 0 
95 3 0.0 6 1 0 0 17 9 2 0.0745478481751 1 1 
95 3 0.0 14 2 2 0 11 4 3 1.31128187304e-78 2 1 
95 3 0.0 1 2 0 0 20 13 2 0.0702284452919 1 2 
95 3 0.0 11 1 2 0 16 9 2 0.0742990770714 1 2 
95 3 0.0 8 11 6 0 52 16 1 0.240299159689 0 8 
95 3 2.0 3 4 0 0 8 4 3 5.51952032397e-48 2 0 
95 3 2.0 9 6 5 0 42 19 2 9.51720255343e-05 1 6 
95 3 2.0 2 5 1 0 14 14 3 9.01416754047e-38 4 0 
95 3 2.0 10 2 1 0 11 3 3 1.59035819933e-55 1 1 
95 3 2.0 5 5 3 0 32 15 2 3.43977811191e-38 3 2 
95 3 2.0 13 3 2 0 29 9 2 3.62123809412e-30 3 1 
95 3 2.0 4 3 2 0 21 15 2 0.0356431724203 1 3 
95 3 2.0 12 0 2 0 28 5 2 1.85192650203e-27 3 0 
95 3 2.0 15 2 1 0 12 2 3 8.54950727826e-55 2 0 
95 3 2.0 7 4 0 0 8 4 3 9.56736770995e-50 2 0 
95 3 2.0 6 1 0 0 17 9 2 0.0476269427404 1 1 
95 3 2.0 14 2 2 0 11 4 3 4.70221940971e-57 2 1 
95 3 2.0 1 2 0 0 20 13 2 0.040548370334 1 2 
95 3 2.0 11 1 2 0 16 9 2 0.0473656314888 1 2 
95 3 2.0 8 11 6 0 52 16 1 0.435509990152 0 8 
95 4 0.0 3 4 0 0 8 4 3 2.8129709376e-72 2 0 
95 4 0.0 9 6 5 0 42 19 2 0.000122183600986 1 6 
95 4 0.0 2 5 1 0 14 14 3 1.01238874345e-63 4 0 
95 4 0.0 10 2 1 0 11 3 3 3.07456192643e-78 1 1 
95 4 0.0 5 5 3 0 32 15 2 5.35798145653e-39 3 2 
95 4 0.0 13 3 2 0 29 9 2 8.95121419188e-40 3 1 
95 4 0.0 4 3 2 0 21 15 2 0.0279790181674 1 3 
95 4 0.0 12 0 2 0 28 5 2 5.86040318972e-39 3 0 
95 4 0.0 15 2 1 0 12 2 3 1.18776057133e-77 2 0 
95 4 0.0 7 4 0 0 8 4 3 1.3521192701e-67 2 0 
95 4 0.0 6 1 0 0 17 9 2 0.0284782759143 1 1 
95 4 0.0 14 2 2 0 11 4 3 1.74656930576e-79 2 1 
95 4 0.0 1 2 0 0 20 13 2 0.0250483403797 1 2 
95 4 0.0 11 1 2 0 16 9 2 0.0265243290641 1 2 
95 4 0.0 8 11 6 0 52 16 1 0.408247188625 0 8 
95 4 2.0 3 4 0 0 8 4 3 1.38526791782e-49 2 0 
95 4 2.0 9 6 5 0 42 19 2 0.0440968384089 1 6 
95 4 2.0 2 5 1 0 14 14 3 1.09461489795e-38 4 0 
95 4 2.0 10 2 1 0 11 3 3 1.6244027719e-50 1 1 
95 4 2.0 5 5 3 0 32 15 2 1.09861645672e-36 3 2 
95 4 2.0 13 3 2 0 29 9 2 4.92894482864e-28 3 1 
95 4 2.0 4 3 2 0 21 15 2 0.043060204044 1 3 
95 4 2.0 12 0 2 0 28 5 2 2.45481156571e-26 3 0 
95 4 2.0 15 2 1 0 12 2 3 3.80378835294e-53 2 0 
95 4 2.0 7 4 0 0 8 4 3 3.25450716996e-52 2 0 
95 4 2.0 6 1 0 0 17 9 2 0.0825599111865 1 1 
95 4 2.0 14 2 2 0 11 4 3 4.27372790638e-53 2 1 
95 4 2.0 1 2 0 0 20 13 2 0.0644002347151 1 2 
95 4 2.0 11 1 2 0 16 9 2 0.082046005827 1 2 
95 4 2.0 8 11 6 0 52 16 1 0.382973593682 0 8 
95 5 0.0 3 4 0 0 8 4 3 5.30893647798e-73 2 0 
95 5 0.0 9 6 5 0 42 19 2 0.000553235405344 1 6 
95 5 0.0 2 5 1 0 14 14 3 2.64659330083e-64 4 0 
95 5 0.0 10 2 1 0 11 3 3 2.15473770063e-78 1 1 
95 5 0.0 5 5 3 0 32 15 2 4.82133979178e-40 3 2 
95 5 0.0 13 3 2 0 29 9 2 4.8591506924e-39 3 1 
95 5 0.0 4 3 2 0 21 15 2 0.0226239180414 1 3 
95 5 0.0 12 0 2 0 28 5 2 7.98417867595e-39 3 0 
95 5 0.0 15 2 1 0 12 2 3 8.57620126016e-78 2 0 
95 5 0.0 7 4 0 0 8 4 3 4.61477573079e-68 2 0 
95 5 0.0 6 1 0 0 17 9 2 0.0230833680418 1 1 
95 5 0.0 14 2 2 0 11 4 3 6.4637907466e-79 2 1 
95 5 0.0 1 2 0 0 20 13 2 0.0193053692364 1 2 
95 5 0.0 11 1 2 0 16 9 2 0.0220358083116 1 2 
95 5 0.0 8 11 6 0 52 16 1 0.0573345039714 0 8 
95 5 2.0 3 4 0 0 8 4 3 5.87416183219e-43 2 0 
95 5 2.0 9 6 5 0 42 19 2 0.000554896415766 1 6 
95 5 2.0 2 5 1 0 14 14 3 1.59205999157e-38 4 0 
95 5 2.0 10 2 1 0 11 3 3 4.02390294973e-56 1 1 
95 5 2.0 5 5 3 0 32 15 2 1.50080708647e-36 3 2 
95 5 2.0 13 3 2 0 29 9 2 3.30342756352e-29 3 1 
95 5 2.0 4 3 2 0 21 15 2 0.00593141791905 1 3 
95 5 2.0 12 0 2 0 28 5 2 4.49294674755e-28 3 0 
95 5 2.0 15 2 1 0 12 2 3 9.08774322082e-55 2 0 
95 5 2.0 7 4 0 0 8 4 3 1.95962922646e-52 2 0 
95 5 2.0 6 1 0 0 17 9 2 0.012369567894 1 1 
95 5 2.0 14 2 2 0 11 4 3 1.50303778622e-56 2 1 
95 5 2.0 1 2 0 0 20 13 2 0.0119691927434 1 2 
95 5 2.0 11 1 2 0 16 9 2 0.0123471973293 1 2 
95 5 2.0 8 11 6 0 52 16 1 0.0263124548957 0 8 
95 6 0.0 3 4 0 0 8 4 3 1.60294263013e-73 2 0 
95 6 0.0 9 6 5 0 42 19 2 0.00559510756461 1 6 
95 6 0.0 2 5 1 0 14 14 3 5.10175820198e-66 4 0 
95 6 0.0 10 2 1 0 11 3 3 1.0864366699e-74 1 1 
95 6 0.0 5 5 3 0 32 15 2 1.85969541711e-42 3 2 
95 6 0.0 13 3 2 0 29 9 2 6.97028816283e-37 3 1 
95 6 0.0 4 3 2 0 21 15 2 0.00828099424584 1 3 
95 6 0.0 12 0 2 0 28 5 2 1.35171391687e-35 3 0 
95 6 0.0 15 2 1 0 12 2 3 8.46726144075e-76 2 0 
95 6 0.0 7 4 0 0 8 4 3 4.7331441148e-73 2 0 
95 6 0.0 6 1 0 0 17 9 2 0.00972005311746 1 1 
95 6 0.0 14 2 2 0 11 4 3 8.91873515095e-77 2 1 
95 6 0.0 1 2 0 0 20 13 2 0.00776537398184 1 2 
95 6 0.0 11 1 2 0 16 9 2 0.00969116212553 1 2 
95 6 0.0 8 11 6 0 52 16 1 0.132615901317 0 8 
95 6 2.0 3 4 0 0 8 4 3 2.06919877194e-51 2 0 
95 6 2.0 9 6 5 0 42 19 2 0.0217352485602 1 6 
95 6 2.0 2 5 1 0 14 14 3 1.10639465003e-39 4 0 
95 6 2.0 10 2 1 0 11 3 3 2.47643282516e-54 1 1 
95 6 2.0 5 5 3 0 32 15 2 5.45795410541e-37 3 2 
95 6 2.0 13 3 2 0 29 9 2 2.58582372383e-28 3 1 
95 6 2.0 4 3 2 0 21 15 2 0.103709647065 1 3 
95 6 2.0 12 0 2 0 28 5 2 4.43776707133e-26 3 0 
95 6 2.0 15 2 1 0 12 2 3 2.51257057637e-54 2 0 
95 6 2.0 7 4 0 0 8 4 3 1.15430499314e-49 2 0 
95 6 2.0 6 1 0 0 17 9 2 0.132856021145 1 1 
95 6 2.0 14 2 2 0 11 4 3 1.19494757321e-56 2 1 
95 6 2.0 1 2 0 0 20 13 2 0.0826110481829 1 2 
95 6 2.0 11 1 2 0 16 9 2 0.132878202782 1 2 
95 6 2.0 8 11 6 0 52 16 1 0.202928518399 0 8 
95 7 0.0 3 4 0 0 8 4 3 8.3299405038e-73 2 0 
95 7 0.0 9 6 5 0 42 19 2 0.0104228449228 1 6 
95 7 0.0 2 5 1 0 14 14 3 1.09170452503e-64 4 0 
95 7 0.0 10 2 1 0 11 3 3 1.71119313772e-78 1 1 
95 7 0.0 5 5 3 0 32 15 2 1.70528905386e-41 3 2 
95 7 0.0 13 3 2 0 29 9 2 1.76131379456e-38 3 1 
95 7 0.0 4 3 2 0 21 15 2 0.0515335620079 1 3 
95 7 0.0 12 0 2 0 28 5 2 3.97047374544e-37 3 0 
95 7 0.0 15 2 1 0 12 2 3 2.81887782301e-77 2 0 
95 7 0.0 7 4 0 0 8 4 3 4.77445299815e-71 2 0 
95 7 0.0 6 1 0 0 17 9 2 0.0554428312821 1 1 
95 7 0.0 14 2 2 0 11 4 3 2.63877762125e-78 2 1 
95 7 0.0 1 2 0 0 20 13 2 0.0466743511888 1 2 
95 7 0.0 11 1 2 0 16 9 2 0.0546530784597 1 2 
95 7 0.0 8 11 6 0 52 16 1 0.0654352431759 0 8 
95 7 2.0 3 4 0 0 8 4 3 1.21402921738e-50 2 0 
95 7 2.0 9 6 5 0 42 19 2 6.55875755597e-06 1 6 
95 7 2.0 2 5 1 0 14 14 3 8.02014471017e-37 4 0 
95 7 2.0 10 2 1 0 11 3 3 1.3386732427e-55 1 1 
95 7 2.0 5 5 3 0 32 15 2 8.35339512991e-34 3 2 
95 7 2.0 13 3 2 0 29 9 2 6.58847777342e-30 3 1 
95 7 2.0 4 3 2 0 21 15 2 0.00690881183238 1 3 
95 7 2.0 12 0 2 0 28 5 2 7.12036278869e-29 3 0 
95 7 2.0 15 2 1 0 12 2 3 8.1965053878e-55 2 0 
95 7 2.0 7 4 0 0 8 4 3 1.16866941319e-42 2 0 
95 7 2.0 6 1 0 0 17 9 2 0.00712162143364 1 1 
95 7 2.0 14 2 2 0 11 4 3 4.52103047006e-57 2 1 
95 7 2.0 1 2 0 0 20 13 2 0.00468807660784 1 2 
95 7 2.0 11 1 2 0 16 9 2 0.00703766167107 1 2 
95 7 2.0 8 11 6 0 52 16 1 0.0557565318395 0 8 
95 8 0.0 3 4 0 0 8 4 3 5.11869596095e-71 2 0 
95 8 0.0 9 6 5 0 42 19 2 0.00412868325663 1 6 
95 8 0.0 2 5 1 0 14 14 3 7.5223136217e-66 4 0 
95 8 0.0 10 2 1 0 11 3 3 1.66113570656e-77 1 1 
95 8 0.0 5 5 3 0 32 15 2 2.0892600244e-44 3 2 
95 8 0.0 13 3 2 0 29 9 2 1.4765540701e-37 3 1 
95 8 0.0 4 3 2 0 21 15 2 0.0114571167975 1 3 
95 8 0.0 12 0 2 0 28 5 2 7.26506332077e-36 3 0 
95 8 0.0 15 2 1 0 12 2 3 4.16074696122e-77 2 0 
95 8 0.0 7 4 0 0 8 4 3 9.19790057743e-76 2 0 
95 8 0.0 6 1 0 0 17 9 2 0.0226331952416 1 1 
95 8 0.0 14 2 2 0 11 4 3 6.82233584571e-79 2 1 
95 8 0.0 1 2 0 0 20 13 2 0.0208892351456 1 2 
95 8 0.0 11 1 2 0 16 9 2 0.0225492342491 1 2 
95 8 0.0 8 11 6 0 52 16 1 0.0667992596035 0 8 
95 8 2.0 3 4 0 0 8 4 3 5.1250123372e-50 2 0 
95 8 2.0 9 6 5 0 42 19 2 0.00267155895265 1 6 
95 8 2.0 2 5 1 0 14 14 3 1.24099903578e-40 4 0 
95 8 2.0 10 2 1 0 11 3 3 8.00696292066e-56 1 1 
95 8 2.0 5 5 3 0 32 15 2 2.94563544012e-38 3 2 
95 8 2.0 13 3 2 0 29 9 2 1.36523830138e-27 3 1 
95 8 2.0 4 3 2 0 21 15 2 0.0363976492685 1 3 
95 8 2.0 12 0 2 0 28 5 2 9.44359938931e-26 3 0 
95 8 2.0 15 2 1 0 12 2 3 9.84157016041e-55 2 0 
95 8 2.0 7 4 0 0 8 4 3 2.34674973062e-53 2 0 
95 8 2.0 6 1 0 0 17 9 2 0.11842012076 1 1 
95 8 2.0 14 2 2 0 11 4 3 4.41631416284e-57 2 1 
95 8 2.0 1 2 0 0 20 13 2 0.0909658818973 1 2 
95 8 2.0 11 1 2 0 16 9 2 0.118519738808 1 2 
95 8 2.0 8 11 6 0 52 16 1 0.26567058829 0 8 
95 9 0.0 3 4 0 0 8 4 3 1.76587902714e-70 2 0 
95 9 0.0 9 6 5 0 42 19 2 0.00116498144499 1 6 
95 9 0.0 2 5 1 0 14 14 3 1.03690789766e-64 4 0 
95 9 0.0 10 2 1 0 11 3 3 1.75143685578e-77 1 1 
95 9 0.0 5 5 3 0 32 15 2 7.01790070158e-43 3 2 
95 9 0.0 13 3 2 0 29 9 2 6.75117901422e-39 3 1 
95 9 0.0 4 3 2 0 21 15 2 0.00931698550407 1 3 
95 9 0.0 12 0 2 0 28 5 2 1.05705977958e-37 3 0 
95 9 0.0 15 2 1 0 12 2 3 9.1919670715e-78 2 0 
95 9 0.0 7 4 0 0 8 4 3 1.12793588495e-73 2 0 
95 9 0.0 6 1 0 0 17 9 2 0.0117403276994 1 1 
95 9 0.0 14 2 2 0 11 4 3 3.61691684947e-78 2 1 
95 9 0.0 1 2 0 0 20 13 2 0.0110217391169 1 2 
95 9 0.0 11 1 2 0 16 9 2 0.0115958198773 1 2 
95 9 0.0 8 11 6 0 52 16 1 0.150797488643 0 8 
95 9 2.0 3 4 0 0 8 4 3 9.92082574564e-46 2 0 
95 9 2.0 9 6 5 0 42 19 2 0.000427370234613 1 6 
95 9 2.0 2 5 1 0 14 14 3 1.69682730753e-38 4 0 
95 9 2.0 10 2 1 0 11 3 3 2.53555547303e-55 1 1 
95 9 2.0 5 5 3 0 32 15 2 1.36052578537e-33 3 2 
95 9 2.0 13 3 2 0 29 9 2 1.4886609332e-27 3 1 
95 9 2.0 4 3 2 0 21 15 2 0.0817222007675 1 3 
95 9 2.0 12 0 2 0 28 5 2 6.71579232476e-27 3 0 
95 9 2.0 15 2 1 0 12 2 3 3.00191742145e-55 2 0 
95 9 2.0 7 4 0 0 8 4 3 1.29052574278e-45 2 0 
95 9 2.0 6 1 0 0 17 9 2 0.0874449612787 1 1 
95 9 2.0 14 2 2 0 11 4 3 2.03467398787e-56 2 1 
95 9 2.0 1 2 0 0 20 13 2 0.0823810157088 1 2 
95 9 2.0 11 1 2 0 16 9 2 0.0887382934942 1 2 
95 9 2.0 8 11 6 0 52 16 1 0.0181070957867 0 8 
95 10 0.0 3 4 0 0 8 4 3 1.00677135175e-70 2 0 
95 10 0.0 9 6 5 0 42 19 2 0.0011878515932 1 6 
95 10 0.0 2 5 1 0 14 14 3 9.16111707178e-65 4 0 
95 10 0.0 10 2 1 0 11 3 3 3.65051265903e-78 1 1 
95 10 0.0 5 5 3 0 32 15 2 1.91504203743e-41 3 2 
95 10 0.0 13 3 2 0 29 9 2 3.05581138052e-39 3 1 
95 10 0.0 4 3 2 0 21 15 2 0.0108257604909 1 3 
95 10 0.0 12 0 2 0 28 5 2 7.92372528499e-38 3 0 
95 10 0.0 15 2 1 0 12 2 3 6.85073735978e-78 2 0 
95 10 0.0 7 4 0 0 8 4 3 4.66524372008e-72 2 0 
95 10 0.0 6 1 0 0 17 9 2 0.0122680847488 1 1 
95 10 0.0 14 2 2 0 11 4 3 2.58570537397e-78 2 1 
95 10 0.0 1 2 0 0 20 13 2 0.0113733405318 1 2 
95 10 0.0 11 1 2 0 16 9 2 0.0119165591971 1 2 
95 10 0.0 8 11 6 0 52 16 1 0.110967715807 0 8 
95 10 2.0 3 4 0 0 8 4 3 4.62362776768e-50 2 0 
95 10 2.0 9 6 5 0 42 19 2 0.000105419241208 1 6 
95 10 2.0 2 5 1 0 14 14 3 6.86766759272e-37 4 0 
95 10 2.0 10 2 1 0 11 3 3 1.8396854246e-55 1 1 
95 10 2.0 5 5 3 0 32 15 2 1.63608013228e-35 3 2 
95 10 2.0 13 3 2 0 29 9 2 5.13078551071e-32 3 1 
95 10 2.0 4 3 2 0 21 15 2 0.0089800686539 1 3 
95 10 2.0 12 0 2 0 28 5 2 1.10857438783e-29 3 0 
95 10 2.0 15 2 1 0 12 2 3 5.05059040885e-55 2 0 
95 10 2.0 7 4 0 0 8 4 3 2.84602648528e-46 2 0 
95 10 2.0 6 1 0 0 17 9 2 0.00985094791306 1 1 
95 10 2.0 14 2 2 0 11 4 3 3.20276709748e-56 2 1 
95 10 2.0 1 2 0 0 20 13 2 0.00725377873071 1 2 
95 10 2.0 11 1 2 0 16 9 2 0.00970673449747 1 2 
95 10 2.0 8 11 6 0 52 16 1 0.273967238786 0 8 
95 11 0.0 3 4 0 0 8 4 3 1.20619418662e-70 2 0 
95 11 0.0 9 6 5 0 42 19 2 0.000262900539138 1 6 
95 11 0.0 2 5 1 0 14 14 3 1.60242496415e-64 4 0 
95 11 0.0 10 2 1 0 11 3 3 2.17469985334e-78 1 1 
95 11 0.0 5 5 3 0 32 15 2 4.58065380788e-43 3 2 
95 11 0.0 13 3 2 0 29 9 2 5.95290319498e-39 3 1 
95 11 0.0 4 3 2 0 21 15 2 0.0634565271549 1 3 
95 11 0.0 12 0 2 0 28 5 2 2.68947221905e-37 3 0 
95 11 0.0 15 2 1 0 12 2 3 1.36621840151e-77 2 0 
95 11 0.0 7 4 0 0 8 4 3 2.51365768109e-73 2 0 
95 11 0.0 6 1 0 0 17 9 2 0.077486147709 1 1 
95 11 0.0 14 2 2 0 11 4 3 2.24885853402e-79 2 1 
95 11 0.0 1 2 0 0 20 13 2 0.0731069367471 1 2 
95 11 0.0 11 1 2 0 16 9 2 0.0760204506942 1 2 
95 11 0.0 8 11 6 0 52 16 1 0.224228870616 0 8 
95 11 2.0 3 4 0 0 8 4 3 6.24194426241e-52 2 0 
95 11 2.0 9 6 5 0 42 19 2 0.00797690482538 1 6 
95 11 2.0 2 5 1 0 14 14 3 4.71978152627e-40 4 0 
95 11 2.0 10 2 1 0 11 3 3 2.05907706041e-51 1 1 
95 11 2.0 5 5 3 0 32 15 2 6.249064246e-37 3 2 
95 11 2.0 13 3 2 0 29 9 2 2.38480976191e-27 3 1 
95 11 2.0 4 3 2 0 21 15 2 0.0108331242148 1 3 
95 11 2.0 12 0 2 0 28 5 2 1.53522516847e-25 3 0 
95 11 2.0 15 2 1 0 12 2 3 1.3350120574e-52 2 0 
95 11 2.0 7 4 0 0 8 4 3 3.50457197812e-51 2 0 
95 11 2.0 6 1 0 0 17 9 2 0.0165448692511 1 1 
95 11 2.0 14 2 2 0 11 4 3 1.31007239682e-54 2 1 
95 11 2.0 1 2 0 0 20 13 2 0.00926739809882 1 2 
95 11 2.0 11 1 2 0 16 9 2 0.0165181665017 1 2 
95 11 2.0 8 11 6 0 52 16 1 0.369693828522 0 8 
95 12 0.0 3 4 0 0 8 4 3 9.96051460172e-69 2 0 
95 12 0.0 9 6 5 0 42 19 2 0.000481622333033 1 6 
95 12 0.0 2 5 1 0 14 14 3 8.75204963011e-64 4 0 
95 12 0.0 10 2 1 0 11 3 3 2.3716910146e-78 1 1 
95 12 0.0 5 5 3 0 32 15 2 9.3373810317e-41 3 2 
95 12 0.0 13 3 2 0 29 9 2 2.35054231472e-39 3 1 
95 12 0.0 4 3 2 0 21 15 2 0.0241827162946 1 3 
95 12 0.0 12 0 2 0 28 5 2 5.18784979819e-38 3 0 
95 12 0.0 15 2 1 0 12 2 3 1.27989441485e-77 2 0 
95 12 0.0 7 4 0 0 8 4 3 1.08248750929e-70 2 0 
95 12 0.0 6 1 0 0 17 9 2 0.0257853256439 1 1 
95 12 0.0 14 2 2 0 11 4 3 1.27143608348e-78 2 1 
95 12 0.0 1 2 0 0 20 13 2 0.0251645811449 1 2 
95 12 0.0 11 1 2 0 16 9 2 0.0248477651568 1 2 
95 12 0.0 8 11 6 0 52 16 1 0.409010439348 0 8 
95 12 2.0 3 4 0 0 8 4 3 2.22335853912e-48 2 0 
95 12 2.0 9 6 5 0 42 19 2 0.000769975653227 1 6 
95 12 2.0 2 5 1 0 14 14 3 8.45889145708e-38 4 0 
95 12 2.0 10 2 1 0 11 3 3 6.75689287183e-55 1 1 
95 12 2.0 5 5 3 0 32 15 2 2.44696390456e-38 3 2 
95 12 2.0 13 3 2 0 29 9 2 5.14908085861e-31 3 1 
95 12 2.0 4 3 2 0 21 15 2 0.00430789850317 1 3 
95 12 2.0 12 0 2 0 28 5 2 8.63979302331e-29 3 0 
95 12 2.0 15 2 1 0 12 2 3 1.0249495318e-54 2 0 
95 12 2.0 7 4 0 0 8 4 3 4.39988071629e-51 2 0 
95 12 2.0 6 1 0 0 17 9 2 0.00656305201109 1 1 
95 12 2.0 14 2 2 0 11 4 3 1.74524591532e-56 2 1 
95 12 2.0 1 2 0 0 20 13 2 0.00546869293099 1 2 
95 12 2.0 11 1 2 0 16 9 2 0.00649789496943 1 2 
95 12 2.0 8 11 6 0 52 16 1 0.0871149454481 0 8 
95 13 0.0 3 4 0 0 8 4 3 2.41670101475e-71 2 0 
95 13 0.0 9 6 5 0 42 19 2 0.00164500291323 1 6 
95 13 0.0 2 5 1 0 14 14 3 2.14013500702e-66 4 0 
95 13 0.0 10 2 1 0 11 3 3 1.0700225003e-77 1 1 
95 13 0.0 5 5 3 0 32 15 2 7.12487627797e-44 3 2 
95 13 0.0 13 3 2 0 29 9 2 9.15037437092e-38 3 1 
95 13 0.0 4 3 2 0 21 15 2 0.00966595295156 1 3 
95 13 0.0 12 0 2 0 28 5 2 7.29927486034e-36 3 0 
95 13 0.0 15 2 1 0 12 2 3 3.39780905668e-77 2 0 
95 13 0.0 7 4 0 0 8 4 3 4.57835546472e-73 2 0 
95 13 0.0 6 1 0 0 17 9 2 0.0114945429898 1 1 
95 13 0.0 14 2 2 0 11 4 3 8.33597023373e-79 2 1 
95 13 0.0 1 2 0 0 20 13 2 0.010546853386 1 2 
95 13 0.0 11 1 2 0 16 9 2 0.0115306407843 1 2 
95 13 0.0 8 11 6 0 52 16 1 0.132622080375 0 8 
95 13 2.0 3 4 0 0 8 4 3 8.77926826342e-41 2 0 
95 13 2.0 9 6 5 0 42 19 2 0.000146979177869 1 6 
95 13 2.0 2 5 1 0 14 14 3 5.08431351857e-38 4 0 
95 13 2.0 10 2 1 0 11 3 3 1.33149914186e-55 1 1 
95 13 2.0 5 5 3 0 32 15 2 9.46261862905e-37 3 2 
95 13 2.0 13 3 2 0 29 9 2 3.67561303316e-30 3 1 
95 13 2.0 4 3 2 0 21 15 2 0.029915255005 1 3 
95 13 2.0 12 0 2 0 28 5 2 6.2196220143e-28 3 0 
95 13 2.0 15 2 1 0 12 2 3 7.78356332907e-55 2 0 
95 13 2.0 7 4 0 0 8 4 3 4.49714239466e-53 2 0 
95 13 2.0 6 1 0 0 17 9 2 0.0807460799579 1 1 
95 13 2.0 14 2 2 0 11 4 3 3.58181441537e-57 2 1 
95 13 2.0 1 2 0 0 20 13 2 0.0796895026968 1 2 
95 13 2.0 11 1 2 0 16 9 2 0.0804307118762 1 2 
95 13 2.0 8 11 6 0 52 16 1 0.383056096093 0 8 
95 14 0.0 3 4 0 0 8 4 3 2.49841189143e-69 2 0 
95 14 0.0 9 6 5 0 42 19 2 9.20262800607e-05 1 6 
95 14 0.0 2 5 1 0 14 14 3 8.32776767922e-64 4 0 
95 14 0.0 10 2 1 0 11 3 3 4.05255962684e-78 1 1 
95 14 0.0 5 5 3 0 32 15 2 3.8180801865e-41 3 2 
95 14 0.0 13 3 2 0 29 9 2 2.56831766483e-39 3 1 
95 14 0.0 4 3 2 0 21 15 2 0.0600428567048 1 3 
95 14 0.0 12 0 2 0 28 5 2 1.65391154222e-37 3 0 
95 14 0.0 15 2 1 0 12 2 3 1.01644335522e-77 2 0 
95 14 0.0 7 4 0 0 8 4 3 7.89901296986e-72 2 0 
95 14 0.0 6 1 0 0 17 9 2 0.0670955616501 1 1 
95 14 0.0 14 2 2 0 11 4 3 3.25412739699e-79 2 1 
95 14 0.0 1 2 0 0 20 13 2 0.0648544029837 1 2 
95 14 0.0 11 1 2 0 16 9 2 0.0654390853933 1 2 
95 14 0.0 8 11 6 0 52 16 1 0.0879658492825 0 8 
95 14 2.0 3 4 0 0 8 4 3 5.19429798793e-52 2 0 
95 14 2.0 9 6 5 0 42 19 2 0.0101537719211 1 6 
95 14 2.0 2 5 1 0 14 14 3 1.22614296702e-40 4 0 
95 14 2.0 10 2 1 0 11 3 3 2.45323325617e-50 1 1 
95 14 2.0 5 5 3 0 32 15 2 3.94706889735e-36 3 2 
95 14 2.0 13 3 2 0 29 9 2 1.33744404183e-26 3 1 
95 14 2.0 4 3 2 0 21 15 2 0.0128527795636 1 3 
95 14 2.0 12 0 2 0 28 5 2 5.21640448917e-25 3 0 
95 14 2.0 15 2 1 0 12 2 3 5.33763268512e-52 2 0 
95 14 2.0 7 4 0 0 8 4 3 1.92218922736e-50 2 0 
95 14 2.0 6 1 0 0 17 9 2 0.0180689030697 1 1 
95 14 2.0 14 2 2 0 11 4 3 1.31741232632e-53 2 1 
95 14 2.0 1 2 0 0 20 13 2 0.00964630097207 1 2 
95 14 2.0 11 1 2 0 16 9 2 0.0180750935384 1 2 
95 14 2.0 8 11 6 0 52 16 1 0.0132865209165 0 8 
95 15 0.0 3 4 0 0 8 4 3 3.14960938327e-72 2 0 
95 15 0.0 9 6 5 0 42 19 2 0.000248230018635 1 6 
95 15 0.0 2 5 1 0 14 14 3 1.62179224001e-65 4 0 
95 15 0.0 10 2 1 0 11 3 3 2.18934873842e-78 1 1 
95 15 0.0 5 5 3 0 32 15 2 1.21270581336e-42 3 2 
95 15 0.0 13 3 2 0 29 9 2 1.02322066081e-37 3 1 
95 15 0.0 4 3 2 0 21 15 2 0.0121360058947 1 3 
95 15 0.0 12 0 2 0 28 5 2 2.92709763298e-36 3 0 
95 15 0.0 15 2 1 0 12 2 3 1.79049081521e-77 2 0 
95 15 0.0 7 4 0 0 8 4 3 8.20797972769e-73 2 0 
95 15 0.0 6 1 0 0 17 9 2 0.0141652985915 1 1 
95 15 0.0 14 2 2 0 11 4 3 2.47137090299e-79 2 1 
95 15 0.0 1 2 0 0 20 13 2 0.0124922834169 1 2 
95 15 0.0 11 1 2 0 16 9 2 0.0140919566097 1 2 
95 15 0.0 8 11 6 0 52 16 1 0.273234570104 0 8 
95 15 2.0 3 4 0 0 8 4 3 1.80689858739e-49 2 0 
95 15 2.0 9 6 5 0 42 19 2 0.000190531276228 1 6 
95 15 2.0 2 5 1 0 14 14 3 1.24971609879e-39 4 0 
95 15 2.0 10 2 1 0 11 3 3 1.55679576751e-55 1 1 
95 15 2.0 5 5 3 0 32 15 2 2.53861119398e-37 3 2 
95 15 2.0 13 3 2 0 29 9 2 7.30328932331e-28 3 1 
95 15 2.0 4 3 2 0 21 15 2 0.0282839707299 1 3 
95 15 2.0 12 0 2 0 28 5 2 6.62657601633e-26 3 0 
95 15 2.0 15 2 1 0 12 2 3 7.49202508002e-55 2 0 
95 15 2.0 7 4 0 0 8 4 3 6.00396798279e-49 2 0 
95 15 2.0 6 1 0 0 17 9 2 0.0345368142256 1 1 
95 15 2.0 14 2 2 0 11 4 3 3.63851166665e-57 2 1 
95 15 2.0 1 2 0 0 20 13 2 0.0264444708087 1 2 
95 15 2.0 11 1 2 0 16 9 2 0.0346112446914 1 2 
95 15 2.0 8 11 6 0 52 16 1 0.011344953464 0 8 
95 16 0.0 3 4 0 0 8 4 3 1.22196700836e-72 2 0 
95 16 0.0 9 6 5 0 42 19 2 0.0163411250091 1 6 
95 16 0.0 2 5 1 0 14 14 3 1.90968497254e-63 4 0 
95 16 0.0 10 2 1 0 11 3 3 6.9272525617e-76 1 1 
95 16 0.0 5 5 3 0 32 15 2 1.86777999426e-39 3 2 
95 16 0.0 13 3 2 0 29 9 2 1.84563418214e-39 3 1 
95 16 0.0 4 3 2 0 21 15 2 0.040315298045 1 3 
95 16 0.0 12 0 2 0 28 5 2 1.11383609631e-38 3 0 
95 16 0.0 15 2 1 0 12 2 3 1.24216346589e-76 2 0 
95 16 0.0 7 4 0 0 8 4 3 6.18406466414e-68 2 0 
95 16 0.0 6 1 0 0 17 9 2 0.04115446542 1 1 
95 16 0.0 14 2 2 0 11 4 3 1.92211693894e-77 2 1 
95 16 0.0 1 2 0 0 20 13 2 0.0353159810268 1 2 
95 16 0.0 11 1 2 0 16 9 2 0.037528769102 1 2 
95 16 0.0 8 11 6 0 52 16 1 0.420497864494 0 8 
95 16 2.0 3 4 0 0 8 4 3 4.12170707175e-42 2 0 
95 16 2.0 9 6 5 0 42 19 2 1.19514138213e-05 1 6 
95 16 2.0 2 5 1 0 14 14 3 6.01855752031e-36 4 0 
95 16 2.0 10 2 1 0 11 3 3 1.75311714049e-55 1 1 
95 16 2.0 5 5 3 0 32 15 2 1.87235989651e-35 3 2 
95 16 2.0 13 3 2 0 29 9 2 3.03565800483e-31 3 1 
95 16 2.0 4 3 2 0 21 15 2 0.0124599500923 1 3 
95 16 2.0 12 0 2 0 28 5 2 4.31321849831e-30 3 0 
95 16 2.0 15 2 1 0 12 2 3 4.93119926661e-55 2 0 
95 16 2.0 7 4 0 0 8 4 3 4.4224130756e-48 2 0 
95 16 2.0 6 1 0 0 17 9 2 0.0147009541457 1 1 
95 16 2.0 14 2 2 0 11 4 3 2.32230007352e-56 2 1 
95 16 2.0 1 2 0 0 20 13 2 0.0143496292031 1 2 
95 16 2.0 11 1 2 0 16 9 2 0.0141547505496 1 2 
95 16 2.0 8 11 6 0 52 16 1 0.369950985538 0 8 
95 17 0.0 3 4 0 0 8 4 3 4.60848315629e-67 2 0 
95 17 0.0 9 6 5 0 42 19 2 0.000631087998731 1 6 
95 17 0.0 2 5 1 0 14 14 3 1.97459183054e-65 4 0 
95 17 0.0 10 2 1 0 11 3 3 5.06586174923e-78 1 1 
95 17 0.0 5 5 3 0 32 15 2 4.56668761242e-43 3 2 
95 17 0.0 13 3 2 0 29 9 2 3.66366226864e-37 3 1 
95 17 0.0 4 3 2 0 21 15 2 0.0384842999567 1 3 
95 17 0.0 12 0 2 0 28 5 2 1.26717178102e-35 3 0 
95 17 0.0 15 2 1 0 12 2 3 8.38691575922e-78 2 0 
95 17 0.0 7 4 0 0 8 4 3 1.02355110075e-74 2 0 
95 17 0.0 6 1 0 0 17 9 2 0.0538461766893 1 1 
95 17 0.0 14 2 2 0 11 4 3 8.3691303191e-79 2 1 
95 17 0.0 1 2 0 0 20 13 2 0.0539800006805 1 2 
95 17 0.0 11 1 2 0 16 9 2 0.05442354596 1 2 
95 17 0.0 8 11 6 0 52 16 1 0.0643486559868 0 8 
95 17 2.0 3 4 0 0 8 4 3 2.16996905879e-44 2 0 
95 17 2.0 9 6 5 0 42 19 2 0.00158094027214 1 6 
95 17 2.0 2 5 1 0 14 14 3 1.33442255064e-39 4 0 
95 17 2.0 10 2 1 0 11 3 3 7.30262213174e-55 1 1 
95 17 2.0 5 5 3 0 32 15 2 1.90654071612e-38 3 2 
95 17 2.0 13 3 2 0 29 9 2 2.96005558472e-28 3 1 
95 17 2.0 4 3 2 0 21 15 2 0.00349839825146 1 3 
95 17 2.0 12 0 2 0 28 5 2 1.95293247125e-26 3 0 
95 17 2.0 15 2 1 0 12 2 3 2.31571052064e-54 2 0 
95 17 2.0 7 4 0 0 8 4 3 1.47918188439e-53 2 0 
95 17 2.0 6 1 0 0 17 9 2 0.0112525337464 1 1 
95 17 2.0 14 2 2 0 11 4 3 8.03830311486e-56 2 1 
95 17 2.0 1 2 0 0 20 13 2 0.0108048455401 1 2 
95 17 2.0 11 1 2 0 16 9 2 0.0113058030111 1 2 
95 17 2.0 8 11 6 0 52 16 1 0.0342945471138 0 8 
95 18 0.0 3 4 0 0 8 4 3 1.27711201634e-72 2 0 
95 18 0.0 9 6 5 0 42 19 2 0.00354200355138 1 6 
95 18 0.0 2 5 1 0 14 14 3 4.89440117896e-65 4 0 
95 18 0.0 10 2 1 0 11 3 3 3.29391063276e-78 1 1 
95 18 0.0 5 5 3 0 32 15 2 4.39223274376e-43 3 2 
95 18 0.0 13 3 2 0 29 9 2 4.13928696989e-38 3 1 
95 18 0.0 4 3 2 0 21 15 2 0.0303500095628 1 3 
95 18 0.0 12 0 2 0 28 5 2 2.27533931697e-36 3 0 
95 18 0.0 15 2 1 0 12 2 3 1.14876581153e-77 2 0 
95 18 0.0 7 4 0 0 8 4 3 1.92450637335e-73 2 0 
95 18 0.0 6 1 0 0 17 9 2 0.0379952837513 1 1 
95 18 0.0 14 2 2 0 11 4 3 7.79456672647e-78 2 1 
95 18 0.0 1 2 0 0 20 13 2 0.0329140777132 1 2 
95 18 0.0 11 1 2 0 16 9 2 0.0377142454316 1 2 
95 18 0.0 8 11 6 0 52 16 1 0.0540651851154 0 8 
95 18 2.0 3 4 0 0 8 4 3 4.08934456592e-48 2 0 
95 18 2.0 9 6 5 0 42 19 2 9.49493287082e-06 1 6 
95 18 2.0 2 5 1 0 14 14 3 2.41439011252e-37 4 0 
95 18 2.0 10 2 1 0 11 3 3 1.09082333327e-55 1 1 
95 18 2.0 5 5 3 0 32 15 2 3.5697510199e-37 3 2 
95 18 2.0 13 3 2 0 29 9 2 1.4865316886e-31 3 1 
95 18 2.0 4 3 2 0 21 15 2 0.00966610962013 1 3 
95 18 2.0 12 0 2 0 28 5 2 6.85701296528e-29 3 0 
95 18 2.0 15 2 1 0 12 2 3 9.99906823751e-55 2 0 
95 18 2.0 7 4 0 0 8 4 3 1.59231194384e-49 2 0 
95 18 2.0 6 1 0 0 17 9 2 0.0126422007555 1 1 
95 18 2.0 14 2 2 0 11 4 3 2.16078871399e-57 2 1 
95 18 2.0 1 2 0 0 20 13 2 0.0106159927304 1 2 
95 18 2.0 11 1 2 0 16 9 2 0.0125015080179 1 2 
95 18 2.0 8 11 6 0 52 16 1 0.0238484372 0 8 
95 19 0.0 3 4 0 0 8 4 3 1.00038490272e-74 2 0 
95 19 0.0 9 6 5 0 42 19 2 0.00042786333205 1 6 
95 19 0.0 2 5 1 0 14 14 3 2.02628570023e-64 4 0 
95 19 0.0 10 2 1 0 11 3 3 1.58153841615e-78 1 1 
95 19 0.0 5 5 3 0 32 15 2 7.11567670306e-39 3 2 
95 19 0.0 13 3 2 0 29 9 2 7.50903318937e-38 3 1 
95 19 0.0 4 3 2 0 21 15 2 0.0403546217222 1 3 
95 19 0.0 12 0 2 0 28 5 2 6.1184922636e-37 3 0 
95 19 0.0 15 2 1 0 12 2 3 1.36669868894e-77 2 0 
95 19 0.0 7 4 0 0 8 4 3 2.79723634034e-66 2 0 
95 19 0.0 6 1 0 0 17 9 2 0.0402926993889 1 1 
95 19 0.0 14 2 2 0 11 4 3 4.80436221447e-79 2 1 
95 19 0.0 1 2 0 0 20 13 2 0.0277471374443 1 2 
95 19 0.0 11 1 2 0 16 9 2 0.0400900298354 1 2 
95 19 0.0 8 11 6 0 52 16 1 0.0543236900068 0 8 
95 19 2.0 3 4 0 0 8 4 3 3.21979022996e-50 2 0 
95 19 2.0 9 6 5 0 42 19 2 0.00579433188358 1 6 
95 19 2.0 2 5 1 0 14 14 3 6.80695866628e-41 4 0 
95 19 2.0 10 2 1 0 11 3 3 3.15657899126e-54 1 1 
95 19 2.0 5 5 3 0 32 15 2 1.92572796591e-37 3 2 
95 19 2.0 13 3 2 0 29 9 2 4.12390352582e-27 3 1 
95 19 2.0 4 3 2 0 21 15 2 0.0171772745897 1 3 
95 19 2.0 12 0 2 0 28 5 2 6.68621472554e-26 3 0 
95 19 2.0 15 2 1 0 12 2 3 7.65034474347e-54 2 0 
95 19 2.0 7 4 0 0 8 4 3 2.83145622272e-50 2 0 
95 19 2.0 6 1 0 0 17 9 2 0.0238291970388 1 1 
95 19 2.0 14 2 2 0 11 4 3 3.88789088391e-56 2 1 
95 19 2.0 1 2 0 0 20 13 2 0.0171439721315 1 2 
95 19 2.0 11 1 2 0 16 9 2 0.0239156848133 1 2 
95 19 2.0 8 11 6 0 52 16 1 0.412169330816 0 8 
95 20 0.0 3 4 0 0 8 4 3 1.96625262435e-73 2 0 
95 20 0.0 9 6 5 0 42 19 2 0.00201677724104 1 6 
95 20 0.0 2 5 1 0 14 14 3 3.06788472797e-65 4 0 
95 20 0.0 10 2 1 0 11 3 3 3.06303302873e-78 1 1 
95 20 0.0 5 5 3 0 32 15 2 2.01817138971e-40 3 2 
95 20 0.0 13 3 2 0 29 9 2 1.03386831277e-36 3 1 
95 20 0.0 4 3 2 0 21 15 2 0.071905363487 1 3 
95 20 0.0 12 0 2 0 28 5 2 2.98299683465e-36 3 0 
95 20 0.0 15 2 1 0 12 2 3 1.45244471626e-77 2 0 
95 20 0.0 7 4 0 0 8 4 3 4.71066744186e-70 2 0 
95 20 0.0 6 1 0 0 17 9 2 0.0753838360135 1 1 
95 20 0.0 14 2 2 0 11 4 3 2.42742316326e-79 2 1 
95 20 0.0 1 2 0 0 20 13 2 0.0617566038809 1 2 
95 20 0.0 11 1 2 0 16 9 2 0.0750419533032 1 2 
95 20 0.0 8 11 6 0 52 16 1 0.246941029115 0 8 
95 20 2.0 3 4 0 0 8 4 3 4.91567256477e-52 2 0 
95 20 2.0 9 6 5 0 42 19 2 3.25740183807e-05 1 6 
95 20 2.0 2 5 1 0 14 14 3 1.17680891401e-39 4 0 
95 20 2.0 10 2 1 0 11 3 3 9.18018314379e-56 1 1 
95 20 2.0 5 5 3 0 32 15 2 1.70273043298e-35 3 2 
95 20 2.0 13 3 2 0 29 9 2 5.5226291573e-29 3 1 
95 20 2.0 4 3 2 0 21 15 2 0.010334956968 1 3 
95 20 2.0 12 0 2 0 28 5 2 8.31145318952e-27 3 0 
95 20 2.0 15 2 1 0 12 2 3 9.83909985038e-55 2 0 
95 20 2.0 7 4 0 0 8 4 3 5.0441902996e-47 2 0 
95 20 2.0 6 1 0 0 17 9 2 0.0115981801368 1 1 
95 20 2.0 14 2 2 0 11 4 3 1.60135262256e-57 2 1 
95 20 2.0 1 2 0 0 20 13 2 0.00616953025106 1 2 
95 20 2.0 11 1 2 0 16 9 2 0.0116008735701 1 2 
95 20 2.0 8 11 6 0 52 16 1 0.0319335511974 0 8 
95 21 0.0 3 4 0 0 8 4 3 1.21717172004e-69 2 0 
95 21 0.0 9 6 5 0 42 19 2 0.0020546414772 1 6 
95 21 0.0 2 5 1 0 14 14 3 1.46802405316e-64 4 0 
95 21 0.0 10 2 1 0 11 3 3 4.21969550887e-78 1 1 
95 21 0.0 5 5 3 0 32 15 2 3.56833030479e-41 3 2 
95 21 0.0 13 3 2 0 29 9 2 9.79756257746e-39 3 1 
95 21 0.0 4 3 2 0 21 15 2 0.0409904099152 1 3 
95 21 0.0 12 0 2 0 28 5 2 3.91898507522e-37 3 0 
95 21 0.0 15 2 1 0 12 2 3 1.04297693258e-77 2 0 
95 21 0.0 7 4 0 0 8 4 3 4.18654572169e-71 2 0 
95 21 0.0 6 1 0 0 17 9 2 0.044348175583 1 1 
95 21 0.0 14 2 2 0 11 4 3 2.28752323585e-78 2 1 
95 21 0.0 1 2 0 0 20 13 2 0.0423373360127 1 2 
95 21 0.0 11 1 2 0 16 9 2 0.0436045170962 1 2 
95 21 0.0 8 11 6 0 52 16 1 0.0537954098395 0 8 
95 21 2.0 3 4 0 0 8 4 3 7.67490160241e-48 2 0 
95 21 2.0 9 6 5 0 42 19 2 0.00288000300509 1 6 
95 21 2.0 2 5 1 0 14 14 3 5.15862216454e-39 4 0 
95 21 2.0 10 2 1 0 11 3 3 3.17598580554e-53 1 1 
95 21 2.0 5 5 3 0 32 15 2 8.6751908501e-38 3 2 
95 21 2.0 13 3 2 0 29 9 2 3.78733804512e-29 3 1 
95 21 2.0 4 3 2 0 21 15 2 0.00519393876771 1 3 
95 21 2.0 12 0 2 0 28 5 2 1.76076445147e-26 3 0 
95 21 2.0 15 2 1 0 12 2 3 4.31171089128e-54 2 0 
95 21 2.0 7 4 0 0 8 4 3 7.3287076465e-52 2 0 
95 21 2.0 6 1 0 0 17 9 2 0.00976177571805 1 1 
95 21 2.0 14 2 2 0 11 4 3 8.57948838671e-55 2 1 
95 21 2.0 1 2 0 0 20 13 2 0.00843357819124 1 2 
95 21 2.0 11 1 2 0 16 9 2 0.00973523541129 1 2 
95 21 2.0 8 11 6 0 52 16 1 0.282188193514 0 8 
95 22 0.0 3 4 0 0 8 4 3 1.44962865693e-72 2 0 
95 22 0.0 9 6 5 0 42 19 2 0.0020808512537 1 6 
95 22 0.0 2 5 1 0 14 14 3 5.20831842781e-65 4 0 
95 22 0.0 10 2 1 0 11 3 3 3.54400802901e-78 1 1 
95 22 0.0 5 5 3 0 32 15 2 2.35021437451e-41 3 2 
95 22 0.0 13 3 2 0 29 9 2 2.64918729868e-38 3 1 
95 22 0.0 4 3 2 0 21 15 2 0.020202637162 1 3 
95 22 0.0 12 0 2 0 28 5 2 2.22240489936e-37 3 0 
95 22 0.0 15 2 1 0 12 2 3 1.76031160506e-77 2 0 
95 22 0.0 7 4 0 0 8 4 3 9.0352318257e-72 2 0 
95 22 0.0 6 1 0 0 17 9 2 0.0224887601827 1 1 
95 22 0.0 14 2 2 0 11 4 3 1.57051132105e-79 2 1 
95 22 0.0 1 2 0 0 20 13 2 0.0198399685245 1 2 
95 22 0.0 11 1 2 0 16 9 2 0.0222597031855 1 2 
95 22 0.0 8 11 6 0 52 16 1 0.0570653414264 0 8 
95 22 2.0 3 4 0 0 8 4 3 3.06722794026e-46 2 0 
95 22 2.0 9 6 5 0 42 19 2 0.000183297227815 1 6 
95 22 2.0 2 5 1 0 14 14 3 7.39628570889e-36 4 0 
95 22 2.0 10 2 1 0 11 3 3 8.76027483212e-56 1 1 
95 22 2.0 5 5 3 0 32 15 2 1.58857867692e-32 3 2 
95 22 2.0 13 3 2 0 29 9 2 3.8318953738e-31 3 1 
95 22 2.0 4 3 2 0 21 15 2 0.0521103930667 1 3 
95 22 2.0 12 0 2 0 28 5 2 8.49950712366e-30 3 0 
95 22 2.0 15 2 1 0 12 2 3 6.42674034473e-55 2 0 
95 22 2.0 7 4 0 0 8 4 3 3.02774142614e-44 2 0 
95 22 2.0 6 1 0 0 17 9 2 0.0548912227123 1 1 
95 22 2.0 14 2 2 0 11 4 3 4.58951023143e-57 2 1 
95 22 2.0 1 2 0 0 20 13 2 0.0498087020602 1 2 
95 22 2.0 11 1 2 0 16 9 2 0.0523971796732 1 2 
95 22 2.0 8 11 6 0 52 16 1 0.0102506059303 0 8 
95 23 0.0 3 4 0 0 8 4 3 3.70725228568e-70 2 0 
95 23 0.0 9 6 5 0 42 19 2 0.00722537931559 1 6 
95 23 0.0 2 5 1 0 14 14 3 8.33560120932e-64 4 0 
95 23 0.0 10 2 1 0 11 3 3 2.23463536339e-78 1 1 
95 23 0.0 5 5 3 0 32 15 2 6.38774377796e-41 3 2 
95 23 0.0 13 3 2 0 29 9 2 3.62098717844e-40 3 1 
95 23 0.0 4 3 2 0 21 15 2 0.0597311594441 1 3 
95 23 0.0 12 0 2 0 28 5 2 2.58259078136e-38 3 0 
95 23 0.0 15 2 1 0 12 2 3 2.76828506256e-77 2 0 
95 23 0.0 7 4 0 0 8 4 3 6.14208013067e-70 2 0 
95 23 0.0 6 1 0 0 17 9 2 0.0629111313837 1 1 
95 23 0.0 14 2 2 0 11 4 3 7.48824271496e-79 2 1 
95 23 0.0 1 2 0 0 20 13 2 0.0594894373575 1 2 
95 23 0.0 11 1 2 0 16 9 2 0.0597615553492 1 2 
95 23 0.0 8 11 6 0 52 16 1 0.0789802986881 0 8 
95 23 2.0 3 4 0 0 8 4 3 1.95763776799e-47 2 0 
95 23 2.0 9 6 5 0 42 19 2 3.17387787381e-05 1 6 
95 23 2.0 2 5 1 0 14 14 3 3.56606740412e-38 4 0 
95 23 2.0 10 2 1 0 11 3 3 1.68505082087e-55 1 1 
95 23 2.0 5 5 3 0 32 15 2 1.59446532824e-35 3 2 
95 23 2.0 13 3 2 0 29 9 2 1.34747637645e-28 3 1 
95 23 2.0 4 3 2 0 21 15 2 0.00786925836034 1 3 
95 23 2.0 12 0 2 0 28 5 2 2.7560435271e-27 3 0 
95 23 2.0 15 2 1 0 12 2 3 8.08566236e-55 2 0 
95 23 2.0 7 4 0 0 8 4 3 5.65226703731e-48 2 0 
95 23 2.0 6 1 0 0 17 9 2 0.00926862120231 1 1 
95 23 2.0 14 2 2 0 11 4 3 7.46697827853e-57 2 1 
95 23 2.0 1 2 0 0 20 13 2 0.00809965214769 1 2 
95 23 2.0 11 1 2 0 16 9 2 0.00926700090715 1 2 
95 23 2.0 8 11 6 0 52 16 1 0.0303727954243 0 8 
95 24 0.0 3 4 0 0 8 4 3 1.28888283797e-72 2 0 
95 24 0.0 9 6 5 0 42 19 2 0.000507730839978 1 6 
95 24 0.0 2 5 1 0 14 14 3 2.28805221008e-64 4 0 
95 24 0.0 10 2 1 0 11 3 3 7.18376141931e-78 1 1 
95 24 0.0 5 5 3 0 32 15 2 9.33666309538e-41 3 2 
95 24 0.0 13 3 2 0 29 9 2 1.89343802277e-38 3 1 
95 24 0.0 4 3 2 0 21 15 2 0.0122521952579 1 3 
95 24 0.0 12 0 2 0 28 5 2 5.6230854952e-38 3 0 
95 24 0.0 15 2 1 0 12 2 3 4.29506259251e-78 2 0 
95 24 0.0 7 4 0 0 8 4 3 5.25733784482e-70 2 0 
95 24 0.0 6 1 0 0 17 9 2 0.0128400891222 1 1 
95 24 0.0 14 2 2 0 11 4 3 1.8444572856e-78 2 1 
95 24 0.0 1 2 0 0 20 13 2 0.0110021867598 1 2 
95 24 0.0 11 1 2 0 16 9 2 0.0124780058313 1 2 
95 24 0.0 8 11 6 0 52 16 1 0.254020985679 0 8 
95 24 2.0 3 4 0 0 8 4 3 8.46025045525e-48 2 0 
95 24 2.0 9 6 5 0 42 19 2 0.000101216560145 1 6 
95 24 2.0 2 5 1 0 14 14 3 2.71840643937e-38 4 0 
95 24 2.0 10 2 1 0 11 3 3 7.04892096074e-56 1 1 
95 24 2.0 5 5 3 0 32 15 2 3.88310654633e-36 3 2 
95 24 2.0 13 3 2 0 29 9 2 1.1977188913e-29 3 1 
95 24 2.0 4 3 2 0 21 15 2 0.0105338238418 1 3 
95 24 2.0 12 0 2 0 28 5 2 7.35870972408e-27 3 0 
95 24 2.0 15 2 1 0 12 2 3 9.82434869304e-55 2 0 
95 24 2.0 7 4 0 0 8 4 3 4.10216894191e-48 2 0 
95 24 2.0 6 1 0 0 17 9 2 0.0124912139577 1 1 
95 24 2.0 14 2 2 0 11 4 3 5.77699693352e-57 2 1 
95 24 2.0 1 2 0 0 20 13 2 0.0107251227043 1 2 
95 24 2.0 11 1 2 0 16 9 2 0.0124767253856 1 2 
95 24 2.0 8 11 6 0 52 16 1 0.0209722207871 0 8 
95 25 0.0 3 4 0 0 8 4 3 1.03259586191e-68 2 0 
95 25 0.0 9 6 5 0 42 19 2 0.00462780385347 1 6 
95 25 0.0 2 5 1 0 14 14 3 2.36970008053e-63 4 0 
95 25 0.0 10 2 1 0 11 3 3 8.02677574101e-78 1 1 
95 25 0.0 5 5 3 0 32 15 2 4.68131341615e-42 3 2 
95 25 0.0 13 3 2 0 29 9 2 1.36414209133e-39 3 1 
95 25 0.0 4 3 2 0 21 15 2 0.0508878241091 1 3 
95 25 0.0 12 0 2 0 28 5 2 3.5767639839e-38 3 0 
95 25 0.0 15 2 1 0 12 2 3 9.6709183588e-78 2 0 
95 25 0.0 7 4 0 0 8 4 3 2.58422386009e-73 2 0 
95 25 0.0 6 1 0 0 17 9 2 0.0621912690723 1 1 
95 25 0.0 14 2 2 0 11 4 3 4.43110383065e-79 2 1 
95 25 0.0 1 2 0 0 20 13 2 0.0604679681063 1 2 
95 25 0.0 11 1 2 0 16 9 2 0.0593152586744 1 2 
95 25 0.0 8 11 6 0 52 16 1 0.336944216726 0 8 
95 25 2.0 3 4 0 0 8 4 3 9.66216160471e-47 2 0 
95 25 2.0 9 6 5 0 42 19 2 5.15100213283e-06 1 6 
95 25 2.0 2 5 1 0 14 14 3 5.43371985136e-37 4 0 
95 25 2.0 10 2 1 0 11 3 3 3.85939771762e-55 1 1 
95 25 2.0 5 5 3 0 32 15 2 1.209407697e-33 3 2 
95 25 2.0 13 3 2 0 29 9 2 3.23410663495e-31 3 1 
95 25 2.0 4 3 2 0 21 15 2 0.0464115013193 1 3 
95 25 2.0 12 0 2 0 28 5 2 3.87550961083e-29 3 0 
95 25 2.0 15 2 1 0 12 2 3 5.56281686236e-55 2 0 
95 25 2.0 7 4 0 0 8 4 3 9.60200712555e-46 2 0 
95 25 2.0 6 1 0 0 17 9 2 0.0504996549452 1 1 
95 25 2.0 14 2 2 0 11 4 3 1.24032586071e-56 2 1 
95 25 2.0 1 2 0 0 20 13 2 0.0452788904118 1 2 
95 25 2.0 11 1 2 0 16 9 2 0.0491840082747 1 2 
95 25 2.0 8 11 6 0 52 16 1 0.00992042199314 0 8 
95 26 0.0 3 4 0 0 8 4 3 5.86202258915e-74 2 0 
95 26 0.0 9 6 5 0 42 19 2 0.00284610075448 1 6 
95 26 0.0 2 5 1 0 14 14 3 2.94653985979e-65 4 0 
95 26 0.0 10 2 1 0 11 3 3 5.32294576132e-78 1 1 
95 26 0.0 5 5 3 0 32 15 2 4.41043502945e-42 3 2 
95 26 0.0 13 3 2 0 29 9 2 1.81398800884e-37 3 1 
95 26 0.0 4 3 2 0 21 15 2 0.0485760573372 1 3 
95 26 0.0 12 0 2 0 28 5 2 6.98244390387e-36 3 0 
95 26 0.0 15 2 1 0 12 2 3 3.06486707957e-78 2 0 
95 26 0.0 7 4 0 0 8 4 3 4.09303751666e-72 2 0 
95 26 0.0 6 1 0 0 17 9 2 0.0549753777987 1 1 
95 26 0.0 14 2 2 0 11 4 3 4.23454222051e-78 2 1 
95 26 0.0 1 2 0 0 20 13 2 0.0421496918386 1 2 
95 26 0.0 11 1 2 0 16 9 2 0.0546754298585 1 2 
95 26 0.0 8 11 6 0 52 16 1 0.0667216764834 0 8 
95 26 2.0 3 4 0 0 8 4 3 1.05957712625e-47 2 0 
95 26 2.0 9 6 5 0 42 19 2 0.000282113934555 1 6 
95 26 2.0 2 5 1 0 14 14 3 1.15204023927e-37 4 0 
95 26 2.0 10 2 1 0 11 3 3 1.01443869115e-55 1 1 
95 26 2.0 5 5 3 0 32 15 2 2.13128232254e-37 3 2 
95 26 2.0 13 3 2 0 29 9 2 3.91194771818e-30 3 1 
95 26 2.0 4 3 2 0 21 15 2 0.00535881099596 1 3 
95 26 2.0 12 0 2 0 28 5 2 9.41997018505e-28 3 0 
95 26 2.0 15 2 1 0 12 2 3 9.28671579713e-55 2 0 
95 26 2.0 7 4 0 0 8 4 3 9.73399858372e-50 2 0 
95 26 2.0 6 1 0 0 17 9 2 0.00712279057922 1 1 
95 26 2.0 14 2 2 0 11 4 3 5.45331742879e-57 2 1 
95 26 2.0 1 2 0 0 20 13 2 0.00613603877273 1 2 
95 26 2.0 11 1 2 0 16 9 2 0.00707730876044 1 2 
95 26 2.0 8 11 6 0 52 16 1 0.0538696054829 0 8 
95 27 0.0 3 4 0 0 8 4 3 5.70291693043e-75 2 0 
95 27 0.0 9 6 5 0 42 19 2 0.0316149945598 1 6 
95 27 0.0 2 5 1 0 14 14 3 7.86892202074e-67 4 0 
95 27 0.0 10 2 1 0 11 3 3 1.15166184351e-75 1 1 
95 27 0.0 5 5 3 0 32 15 2 9.3523006294e-43 3 2 
95 27 0.0 13 3 2 0 29 9 2 2.23650204398e-35 3 1 
95 27 0.0 4 3 2 0 21 15 2 0.0612511279108 1 3 
95 27 0.0 12 0 2 0 28 5 2 5.24748177601e-35 3 0 
95 27 0.0 15 2 1 0 12 2 3 2.5821550286e-76 2 0 
95 27 0.0 7 4 0 0 8 4 3 3.76828767407e-73 2 0 
95 27 0.0 6 1 0 0 17 9 2 0.073737921907 1 1 
95 27 0.0 14 2 2 0 11 4 3 6.61498706689e-78 2 1 
95 27 0.0 1 2 0 0 20 13 2 0.0481968523889 1 2 
95 27 0.0 11 1 2 0 16 9 2 0.0738333729218 1 2 
95 27 0.0 8 11 6 0 52 16 1 0.136466025496 0 8 
95 27 2.0 3 4 0 0 8 4 3 5.2009619733e-46 2 0 
95 27 2.0 9 6 5 0 42 19 2 0.000209594938273 1 6 
95 27 2.0 2 5 1 0 14 14 3 4.64359723509e-37 4 0 
95 27 2.0 10 2 1 0 11 3 3 7.74842277837e-56 1 1 
95 27 2.0 5 5 3 0 32 15 2 8.69175903895e-36 3 2 
95 27 2.0 13 3 2 0 29 9 2 8.52912753786e-31 3 1 
95 27 2.0 4 3 2 0 21 15 2 0.00757413309783 1 3 
95 27 2.0 12 0 2 0 28 5 2 3.88565609251e-28 3 0 
95 27 2.0 15 2 1 0 12 2 3 9.02696682769e-55 2 0 
95 27 2.0 7 4 0 0 8 4 3 1.38689839361e-47 2 0 
95 27 2.0 6 1 0 0 17 9 2 0.00887435262702 1 1 
95 27 2.0 14 2 2 0 11 4 3 1.18765947434e-56 2 1 
95 27 2.0 1 2 0 0 20 13 2 0.00805903844286 1 2 
95 27 2.0 11 1 2 0 16 9 2 0.00878065019026 1 2 
95 27 2.0 8 11 6 0 52 16 1 0.0305014182081 0 8 
95 28 0.0 3 4 0 0 8 4 3 2.67337392813e-70 2 0 
95 28 0.0 9 6 5 0 42 19 2 0.00836415275155 1 6 
95 28 0.0 2 5 1 0 14 14 3 9.17957281358e-65 4 0 
95 28 0.0 10 2 1 0 11 3 3 3.84016246724e-75 1 1 
95 28 0.0 5 5 3 0 32 15 2 3.41636864217e-42 3 2 
95 28 0.0 13 3 2 0 29 9 2 1.26726343188e-39 3 1 
95 28 0.0 4 3 2 0 21 15 2 0.0147275857729 1 3 
95 28 0.0 12 0 2 0 28 5 2 1.48378822724e-37 3 0 
95 28 0.0 15 2 1 0 12 2 3 1.01929481581e-76 2 0 
95 28 0.0 7 4 0 0 8 4 3 6.13167990888e-73 2 0 
95 28 0.0 6 1 0 0 17 9 2 0.0177573210812 1 1 
95 28 0.0 14 2 2 0 11 4 3 3.44279150942e-77 2 1 
95 28 0.0 1 2 0 0 20 13 2 0.0166934268931 1 2 
95 28 0.0 11 1 2 0 16 9 2 0.0171814191427 1 2 
95 28 0.0 8 11 6 0 52 16 1 0.056516721695 0 8 
95 28 2.0 3 4 0 0 8 4 3 1.64607314836e-52 2 0 
95 28 2.0 9 6 5 0 42 19 2 0.000256456620803 1 6 
95 28 2.0 2 5 1 0 14 14 3 4.88106544511e-39 4 0 
95 28 2.0 10 2 1 0 11 3 3 2.65990143387e-55 1 1 
95 28 2.0 5 5 3 0 32 15 2 1.21246948868e-37 3 2 
95 28 2.0 13 3 2 0 29 9 2 1.24735321423e-27 3 1 
95 28 2.0 4 3 2 0 21 15 2 0.0340051157687 1 3 
95 28 2.0 12 0 2 0 28 5 2 6.38082086526e-26 3 0 
95 28 2.0 15 2 1 0 12 2 3 6.42303195831e-55 2 0 
95 28 2.0 7 4 0 0 8 4 3 1.67952109935e-49 2 0 
95 28 2.0 6 1 0 0 17 9 2 0.0432572126276 1 1 
95 28 2.0 14 2 2 0 11 4 3 8.51444188756e-57 2 1 
95 28 2.0 1 2 0 0 20 13 2 0.0207158647306 1 2 
95 28 2.0 11 1 2 0 16 9 2 0.0432373277438 1 2 
95 28 2.0 8 11 6 0 52 16 1 0.0143421973037 0 8 
95 29 0.0 3 4 0 0 8 4 3 5.25430636592e-71 2 0 
95 29 0.0 9 6 5 0 42 19 2 5.21034114699e-05 1 6 
95 29 0.0 2 5 1 0 14 14 3 1.27606003725e-63 4 0 
95 29 0.0 10 2 1 0 11 3 3 3.41225662952e-78 1 1 
95 29 0.0 5 5 3 0 32 15 2 6.45874386862e-42 3 2 
95 29 0.0 13 3 2 0 29 9 2 8.91445303468e-41 3 1 
95 29 0.0 4 3 2 0 21 15 2 0.0560798041954 1 3 
95 29 0.0 12 0 2 0 28 5 2 1.20466205225e-38 3 0 
95 29 0.0 15 2 1 0 12 2 3 1.11064701329e-77 2 0 
95 29 0.0 7 4 0 0 8 4 3 6.67011326006e-71 2 0 
95 29 0.0 6 1 0 0 17 9 2 0.060472256508 1 1 
95 29 0.0 14 2 2 0 11 4 3 4.57508268083e-79 2 1 
95 29 0.0 1 2 0 0 20 13 2 0.0559446776759 1 2 
95 29 0.0 11 1 2 0 16 9 2 0.0578006268698 1 2 
95 29 0.0 8 11 6 0 52 16 1 0.0741835865165 0 8 
95 29 2.0 3 4 0 0 8 4 3 3.21699961414e-47 2 0 
95 29 2.0 9 6 5 0 42 19 2 0.000692739653252 1 6 
95 29 2.0 2 5 1 0 14 14 3 3.05001104555e-35 4 0 
95 29 2.0 10 2 1 0 11 3 3 1.39513182945e-55 1 1 
95 29 2.0 5 5 3 0 32 15 2 6.22444929706e-35 3 2 
95 29 2.0 13 3 2 0 29 9 2 6.43365513373e-33 3 1 
95 29 2.0 4 3 2 0 21 15 2 0.00595830216106 1 3 
95 29 2.0 12 0 2 0 28 5 2 9.39540076663e-31 3 0 
95 29 2.0 15 2 1 0 12 2 3 1.49326371828e-54 2 0 
95 29 2.0 7 4 0 0 8 4 3 3.04020005836e-46 2 0 
95 29 2.0 6 1 0 0 17 9 2 0.00653016106639 1 1 
95 29 2.0 14 2 2 0 11 4 3 8.40241544175e-56 2 1 
95 29 2.0 1 2 0 0 20 13 2 0.00573168757687 1 2 
95 29 2.0 11 1 2 0 16 9 2 0.00627964673578 1 2 
95 29 2.0 8 11 6 0 52 16 1 0.21297835915 0 8 
95 30 0.0 3 4 0 0 8 4 3 1.5546175541e-66 2 0 
95 30 0.0 9 6 5 0 42 19 2 0.000744869442828 1 6 
95 30 0.0 2 5 1 0 14 14 3 1.28186334158e-65 4 0 
95 30 0.0 10 2 1 0 11 3 3 1.52537381102e-78 1 1 
95 30 0.0 5 5 3 0 32 15 2 6.74452523609e-42 3 2 
95 30 0.0 13 3 2 0 29 9 2 1.06854652065e-38 3 1 
95 30 0.0 4 3 2 0 21 15 2 0.045123783351 1 3 
95 30 0.0 12 0 2 0 28 5 2 2.78939181715e-37 3 0 
95 30 0.0 15 2 1 0 12 2 3 1.42052410869e-77 2 0 
95 30 0.0 7 4 0 0 8 4 3 2.11678388001e-75 2 0 
95 30 0.0 6 1 0 0 17 9 2 0.079691664441 1 1 
95 30 0.0 14 2 2 0 11 4 3 4.24984460821e-79 2 1 
95 30 0.0 1 2 0 0 20 13 2 0.0795927781771 1 2 
95 30 0.0 11 1 2 0 16 9 2 0.078574795285 1 2 
95 30 0.0 8 11 6 0 52 16 1 0.13749655291 0 8 
95 30 2.0 3 4 0 0 8 4 3 2.2428797185e-50 2 0 
95 30 2.0 9 6 5 0 42 19 2 9.51624797057e-05 1 6 
95 30 2.0 2 5 1 0 14 14 3 3.97287367116e-37 4 0 
95 30 2.0 10 2 1 0 11 3 3 2.18408281891e-55 1 1 
95 30 2.0 5 5 3 0 32 15 2 6.16768367161e-34 3 2 
95 30 2.0 13 3 2 0 29 9 2 1.34156771222e-28 3 1 
95 30 2.0 4 3 2 0 21 15 2 0.0724441368717 1 3 
95 30 2.0 12 0 2 0 28 5 2 1.19284549245e-27 3 0 
95 30 2.0 15 2 1 0 12 2 3 5.76990598741e-55 2 0 
95 30 2.0 7 4 0 0 8 4 3 3.92378557641e-45 2 0 
95 30 2.0 6 1 0 0 17 9 2 0.0770676772462 1 1 
95 30 2.0 14 2 2 0 11 4 3 1.3711342397e-56 2 1 
95 30 2.0 1 2 0 0 20 13 2 0.0557887106722 1 2 
95 30 2.0 11 1 2 0 16 9 2 0.0764419875002 1 2 
95 30 2.0 8 11 6 0 52 16 1 0.0146476005953 0 8 
95 31 0.0 3 4 0 0 8 4 3 1.47444017685e-72 2 0 
95 31 0.0 9 6 5 0 42 19 2 0.0042552007727 1 6 
95 31 0.0 2 5 1 0 14 14 3 1.25493806965e-66 4 0 
95 31 0.0 10 2 1 0 11 3 3 1.54541125858e-77 1 1 
95 31 0.0 5 5 3 0 32 15 2 9.18032100977e-44 3 2 
95 31 0.0 13 3 2 0 29 9 2 1.37690003054e-36 3 1 
95 31 0.0 4 3 2 0 21 15 2 0.0151097139634 1 3 
95 31 0.0 12 0 2 0 28 5 2 3.71156657609e-35 3 0 
95 31 0.0 15 2 1 0 12 2 3 3.74103750909e-77 2 0 
95 31 0.0 7 4 0 0 8 4 3 3.74472790045e-74 2 0 
95 31 0.0 6 1 0 0 17 9 2 0.0204383830335 1 1 
95 31 0.0 14 2 2 0 11 4 3 3.96456920966e-78 2 1 
95 31 0.0 1 2 0 0 20 13 2 0.0175824291448 1 2 
95 31 0.0 11 1 2 0 16 9 2 0.0204777683824 1 2 
95 31 0.0 8 11 6 0 52 16 1 0.0641810255858 0 8 
95 31 2.0 3 4 0 0 8 4 3 4.42154474104e-50 2 0 
95 31 2.0 9 6 5 0 42 19 2 0.000220756411678 1 6 
95 31 2.0 2 5 1 0 14 14 3 1.18417657036e-37 4 0 
95 31 2.0 10 2 1 0 11 3 3 9.93198578447e-56 1 1 
95 31 2.0 5 5 3 0 32 15 2 3.04380844492e-31 3 2 
95 31 2.0 13 3 2 0 29 9 2 5.2099165108e-29 3 1 
95 31 2.0 4 3 2 0 21 15 2 0.0127357842617 1 3 
95 31 2.0 12 0 2 0 28 5 2 4.86461585274e-28 3 0 
95 31 2.0 15 2 1 0 12 2 3 6.84967930069e-55 2 0 
95 31 2.0 7 4 0 0 8 4 3 3.75821074386e-39 2 0 
95 31 2.0 6 1 0 0 17 9 2 0.0125844093786 1 1 
95 31 2.0 14 2 2 0 11 4 3 1.07471793911e-56 2 1 
95 31 2.0 1 2 0 0 20 13 2 0.00924205956185 1 2 
95 31 2.0 11 1 2 0 16 9 2 0.0126686139895 1 2 
95 31 2.0 8 11 6 0 52 16 1 0.338333304735 0 8 
95 32 0.0 3 4 0 0 8 4 3 5.04004226676e-74 2 0 
95 32 0.0 9 6 5 0 42 19 2 0.000146018763599 1 6 
95 32 0.0 2 5 1 0 14 14 3 1.90412292668e-65 4 0 
95 32 0.0 10 2 1 0 11 3 3 2.60617836465e-78 1 1 
95 32 0.0 5 5 3 0 32 15 2 5.59898122228e-41 3 2 
95 32 0.0 13 3 2 0 29 9 2 2.04866005858e-37 3 1 
95 32 0.0 4 3 2 0 21 15 2 0.0282023793244 1 3 
95 32 0.0 12 0 2 0 28 5 2 4.16089663163e-37 3 0 
95 32 0.0 15 2 1 0 12 2 3 5.2868781247e-78 2 0 
95 32 0.0 7 4 0 0 8 4 3 4.1029178944e-70 2 0 
95 32 0.0 6 1 0 0 17 9 2 0.0295071363713 1 1 
95 32 0.0 14 2 2 0 11 4 3 2.22545115727e-78 2 1 
95 32 0.0 1 2 0 0 20 13 2 0.022085155895 1 2 
95 32 0.0 11 1 2 0 16 9 2 0.0292480617037 1 2 
95 32 0.0 8 11 6 0 52 16 1 0.402082131021 0 8 
95 32 2.0 3 4 0 0 8 4 3 5.71799188032e-50 2 0 
95 32 2.0 9 6 5 0 42 19 2 5.82230284088e-05 1 6 
95 32 2.0 2 5 1 0 14 14 3 3.67342130518e-40 4 0 
95 32 2.0 10 2 1 0 11 3 3 1.79723362948e-55 1 1 
95 32 2.0 5 5 3 0 32 15 2 6.05048362973e-37 3 2 
95 32 2.0 13 3 2 0 29 9 2 5.15481824333e-28 3 1 
95 32 2.0 4 3 2 0 21 15 2 0.00530974245669 1 3 
95 32 2.0 12 0 2 0 28 5 2 2.51113354023e-26 3 0 
95 32 2.0 15 2 1 0 12 2 3 7.33276003953e-55 2 0 
95 32 2.0 7 4 0 0 8 4 3 3.10410209568e-49 2 0 
95 32 2.0 6 1 0 0 17 9 2 0.00664699705753 1 1 
95 32 2.0 14 2 2 0 11 4 3 7.07471078281e-57 2 1 
95 32 2.0 1 2 0 0 20 13 2 0.00493697530381 1 2 
95 32 2.0 11 1 2 0 16 9 2 0.00666729124182 1 2 
95 32 2.0 8 11 6 0 52 16 1 0.123717964097 0 8 
95 33 0.0 3 4 0 0 8 4 3 1.4601135294e-69 2 0 
95 33 0.0 9 6 5 0 42 19 2 7.711867473e-05 1 6 
95 33 0.0 2 5 1 0 14 14 3 2.37021492942e-64 4 0 
95 33 0.0 10 2 1 0 11 3 3 1.8666407037e-78 1 1 
95 33 0.0 5 5 3 0 32 15 2 1.25027684216e-41 3 2 
95 33 0.0 13 3 2 0 29 9 2 4.50615172727e-39 3 1 
95 33 0.0 4 3 2 0 21 15 2 0.0613429104078 1 3 
95 33 0.0 12 0 2 0 28 5 2 1.32093127678e-37 3 0 
95 33 0.0 15 2 1 0 12 2 3 1.65887404606e-77 2 0 
95 33 0.0 7 4 0 0 8 4 3 1.85416647123e-73 2 0 
95 33 0.0 6 1 0 0 17 9 2 0.0766566091817 1 1 
95 33 0.0 14 2 2 0 11 4 3 2.76503045442e-79 2 1 
95 33 0.0 1 2 0 0 20 13 2 0.0737088119002 1 2 
95 33 0.0 11 1 2 0 16 9 2 0.0751929789059 1 2 
95 33 0.0 8 11 6 0 52 16 1 0.128789053246 0 8 
95 33 2.0 3 4 0 0 8 4 3 5.95943449044e-48 2 0 
95 33 2.0 9 6 5 0 42 19 2 0.00013334435628 1 6 
95 33 2.0 2 5 1 0 14 14 3 8.4631100328e-37 4 0 
95 33 2.0 10 2 1 0 11 3 3 1.24845832507e-55 1 1 
95 33 2.0 5 5 3 0 32 15 2 4.28279124464e-36 3 2 
95 33 2.0 13 3 2 0 29 9 2 6.27049216873e-31 3 1 
95 33 2.0 4 3 2 0 21 15 2 0.0897068825608 1 3 
95 33 2.0 12 0 2 0 28 5 2 1.68666013611e-28 3 0 
95 33 2.0 15 2 1 0 12 2 3 1.097144481e-54 2 0 
95 33 2.0 7 4 0 0 8 4 3 3.04679997727e-48 2 0 
95 33 2.0 6 1 0 0 17 9 2 0.106974704138 1 1 
95 33 2.0 14 2 2 0 11 4 3 2.0229154975e-57 2 1 
95 33 2.0 1 2 0 0 20 13 2 0.091940528075 1 2 
95 33 2.0 11 1 2 0 16 9 2 0.105770568137 1 2 
95 33 2.0 8 11 6 0 52 16 1 0.312653177688 0 8 
95 34 0.0 3 4 0 0 8 4 3 1.41271843904e-69 2 0 
95 34 0.0 9 6 5 0 42 19 2 0.000136976273704 1 6 
95 34 0.0 2 5 1 0 14 14 3 2.06545953648e-66 4 0 
95 34 0.0 10 2 1 0 11 3 3 5.5190238047e-78 1 1 
95 34 0.0 5 5 3 0 32 15 2 8.13372275144e-44 3 2 
95 34 0.0 13 3 2 0 29 9 2 2.16623940316e-37 3 1 
95 34 0.0 4 3 2 0 21 15 2 0.00696755059087 1 3 
95 34 0.0 12 0 2 0 28 5 2 7.00002922853e-36 3 0 
95 34 0.0 15 2 1 0 12 2 3 1.10122958918e-77 2 0 
95 34 0.0 7 4 0 0 8 4 3 6.65432931209e-76 2 0 
95 34 0.0 6 1 0 0 17 9 2 0.0146909817195 1 1 
95 34 0.0 14 2 2 0 11 4 3 2.17653292873e-79 2 1 
95 34 0.0 1 2 0 0 20 13 2 0.0142830601651 1 2 
95 34 0.0 11 1 2 0 16 9 2 0.0147644191321 1 2 
95 34 0.0 8 11 6 0 52 16 1 0.204680072609 0 8 
95 34 2.0 3 4 0 0 8 4 3 1.01678506284e-49 2 0 
95 34 2.0 9 6 5 0 42 19 2 7.22710896316e-06 1 6 
95 34 2.0 2 5 1 0 14 14 3 3.79871474269e-40 4 0 
95 34 2.0 10 2 1 0 11 3 3 4.03192253755e-55 1 1 
95 34 2.0 5 5 3 0 32 15 2 5.31426660572e-39 3 2 
95 34 2.0 13 3 2 0 29 9 2 3.49195044603e-28 3 1 
95 34 2.0 4 3 2 0 21 15 2 0.00469610383384 1 3 
95 34 2.0 12 0 2 0 28 5 2 2.90489882934e-26 3 0 
95 34 2.0 15 2 1 0 12 2 3 6.66292716407e-55 2 0 
95 34 2.0 7 4 0 0 8 4 3 1.32040265415e-51 2 0 
95 34 2.0 6 1 0 0 17 9 2 0.00799840258338 1 1 
95 34 2.0 14 2 2 0 11 4 3 1.1082300878e-56 2 1 
95 34 2.0 1 2 0 0 20 13 2 0.00608170402961 1 2 
95 34 2.0 11 1 2 0 16 9 2 0.00800446255992 1 2 
95 34 2.0 8 11 6 0 52 16 1 0.102216632818 0 8 
95 35 0.0 3 4 0 0 8 4 3 5.4575437086e-68 2 0 
95 35 0.0 9 6 5 0 42 19 2 0.00254839958584 1 6 
95 35 0.0 2 5 1 0 14 14 3 2.56660723609e-65 4 0 
95 35 0.0 10 2 1 0 11 3 3 2.88040565102e-78 1 1 
95 35 0.0 5 5 3 0 32 15 2 4.59611902459e-41 3 2 
95 35 0.0 13 3 2 0 29 9 2 6.31440854193e-37 3 1 
95 35 0.0 4 3 2 0 21 15 2 0.0458799666092 1 3 
95 35 0.0 12 0 2 0 28 5 2 2.27081304954e-36 3 0 
95 35 0.0 15 2 1 0 12 2 3 1.2552085303e-77 2 0 
95 35 0.0 7 4 0 0 8 4 3 1.65517836507e-71 2 0 
95 35 0.0 6 1 0 0 17 9 2 0.04870654076 1 1 
95 35 0.0 14 2 2 0 11 4 3 2.27500259826e-78 2 1 
95 35 0.0 1 2 0 0 20 13 2 0.0494907836949 1 2 
95 35 0.0 11 1 2 0 16 9 2 0.050066343424 1 2 
95 35 0.0 8 11 6 0 52 16 1 0.390387645445 0 8 
95 35 2.0 3 4 0 0 8 4 3 3.17362787547e-47 2 0 
95 35 2.0 9 6 5 0 42 19 2 0.0131937348511 1 6 
95 35 2.0 2 5 1 0 14 14 3 5.72470552567e-40 4 0 
95 35 2.0 10 2 1 0 11 3 3 1.13010960048e-49 1 1 
95 35 2.0 5 5 3 0 32 15 2 2.40003735078e-35 3 2 
95 35 2.0 13 3 2 0 29 9 2 4.98761107305e-28 3 1 
95 35 2.0 4 3 2 0 21 15 2 0.0146308731205 1 3 
95 35 2.0 12 0 2 0 28 5 2 2.1731205989e-25 3 0 
95 35 2.0 15 2 1 0 12 2 3 6.78493496983e-52 2 0 
95 35 2.0 7 4 0 0 8 4 3 1.40268383521e-50 2 0 
95 35 2.0 6 1 0 0 17 9 2 0.0215466906114 1 1 
95 35 2.0 14 2 2 0 11 4 3 3.10727976556e-52 2 1 
95 35 2.0 1 2 0 0 20 13 2 0.0189250709922 1 2 
95 35 2.0 11 1 2 0 16 9 2 0.0215803240859 1 2 
95 35 2.0 8 11 6 0 52 16 1 0.00890672099659 0 8 
95 36 0.0 3 4 0 0 8 4 3 6.01410262206e-73 2 0 
95 36 0.0 9 6 5 0 42 19 2 0.000143673262501 1 6 
95 36 0.0 2 5 1 0 14 14 3 1.51033927163e-65 4 0 
95 36 0.0 10 2 1 0 11 3 3 1.80877607482e-78 1 1 
95 36 0.0 5 5 3 0 32 15 2 1.37823466731e-41 3 2 
95 36 0.0 13 3 2 0 29 9 2 2.38476450019e-38 3 1 
95 36 0.0 4 3 2 0 21 15 2 0.0114218330894 1 3 
95 36 0.0 12 0 2 0 28 5 2 1.01014465144e-36 3 0 
95 36 0.0 15 2 1 0 12 2 3 1.47316649716e-77 2 0 
95 36 0.0 7 4 0 0 8 4 3 7.8105577739e-71 2 0 
95 36 0.0 6 1 0 0 17 9 2 0.0121270695143 1 1 
95 36 0.0 14 2 2 0 11 4 3 3.14983909074e-79 2 1 
95 36 0.0 1 2 0 0 20 13 2 0.0101556262381 1 2 
95 36 0.0 11 1 2 0 16 9 2 0.0121093884316 1 2 
95 36 0.0 8 11 6 0 52 16 1 0.20852672948 0 8 
95 36 2.0 3 4 0 0 8 4 3 5.86688204546e-52 2 0 
95 36 2.0 9 6 5 0 42 19 2 0.0112732227506 1 6 
95 36 2.0 2 5 1 0 14 14 3 2.44661281658e-41 4 0 
95 36 2.0 10 2 1 0 11 3 3 1.33978012004e-54 1 1 
95 36 2.0 5 5 3 0 32 15 2 1.4149187531e-39 3 2 
95 36 2.0 13 3 2 0 29 9 2 2.0317027944e-26 3 1 
95 36 2.0 4 3 2 0 21 15 2 0.0196778290144 1 3 
95 36 2.0 12 0 2 0 28 5 2 1.94095588464e-24 3 0 
95 36 2.0 15 2 1 0 12 2 3 5.042195292e-54 2 0 
95 36 2.0 7 4 0 0 8 4 3 3.76801897443e-53 2 0 
95 36 2.0 6 1 0 0 17 9 2 0.0546367706402 1 1 
95 36 2.0 14 2 2 0 11 4 3 9.28161339787e-56 2 1 
95 36 2.0 1 2 0 0 20 13 2 0.0296913698488 1 2 
95 36 2.0 11 1 2 0 16 9 2 0.0547034281712 1 2 
95 36 2.0 8 11 6 0 52 16 1 0.0179022155764 0 8 
95 37 0.0 3 4 0 0 8 4 3 4.5596848775e-71 2 0 
95 37 0.0 9 6 5 0 42 19 2 0.00847955336733 1 6 
95 37 0.0 2 5 1 0 14 14 3 5.39572384151e-64 4 0 
95 37 0.0 10 2 1 0 11 3 3 2.79249342129e-78 1 1 
95 37 0.0 5 5 3 0 32 15 2 1.01808716147e-40 3 2 
95 37 0.0 13 3 2 0 29 9 2 6.57809782855e-40 3 1 
95 37 0.0 4 3 2 0 21 15 2 0.0722621237884 1 3 
95 37 0.0 12 0 2 0 28 5 2 1.68151857848e-38 3 0 
95 37 0.0 15 2 1 0 12 2 3 2.3544989052e-77 2 0 
95 37 0.0 7 4 0 0 8 4 3 2.1432332355e-69 2 0 
95 37 0.0 6 1 0 0 17 9 2 0.0753507760939 1 1 
95 37 0.0 14 2 2 0 11 4 3 2.32204572209e-79 2 1 
95 37 0.0 1 2 0 0 20 13 2 0.0695641837088 1 2 
95 37 0.0 11 1 2 0 16 9 2 0.071125884351 1 2 
95 37 0.0 8 11 6 0 52 16 1 0.229567544514 0 8 
95 37 2.0 3 4 0 0 8 4 3 1.62768614258e-45 2 0 
95 37 2.0 9 6 5 0 42 19 2 6.56553364771e-05 1 6 
95 37 2.0 2 5 1 0 14 14 3 1.08461190959e-36 4 0 
95 37 2.0 10 2 1 0 11 3 3 1.41090504325e-55 1 1 
95 37 2.0 5 5 3 0 32 15 2 3.42441465748e-35 3 2 
95 37 2.0 13 3 2 0 29 9 2 1.24863665395e-30 3 1 
95 37 2.0 4 3 2 0 21 15 2 0.046248429233 1 3 
95 37 2.0 12 0 2 0 28 5 2 5.30363314059e-29 3 0 
95 37 2.0 15 2 1 0 12 2 3 8.43790009906e-55 2 0 
95 37 2.0 7 4 0 0 8 4 3 2.96025414439e-48 2 0 
95 37 2.0 6 1 0 0 17 9 2 0.0555864195859 1 1 
95 37 2.0 14 2 2 0 11 4 3 3.01563747011e-57 2 1 
95 37 2.0 1 2 0 0 20 13 2 0.0513179378284 1 2 
95 37 2.0 11 1 2 0 16 9 2 0.0543010846367 1 2 
95 37 2.0 8 11 6 0 52 16 1 0.440536132096 0 8 
95 38 0.0 3 4 0 0 8 4 3 2.7685933275e-71 2 0 
95 38 0.0 9 6 5 0 42 19 2 0.00248643774169 1 6 
95 38 0.0 2 5 1 0 14 14 3 1.69757581844e-65 4 0 
95 38 0.0 10 2 1 0 11 3 3 1.3126902796e-78 1 1 
95 38 0.0 5 5 3 0 32 15 2 2.62273444215e-42 3 2 
95 38 0.0 13 3 2 0 29 9 2 1.41222475573e-37 3 1 
95 38 0.0 4 3 2 0 21 15 2 0.0368517596618 1 3 
95 38 0.0 12 0 2 0 28 5 2 8.92713349776e-36 3 0 
95 38 0.0 15 2 1 0 12 2 3 2.26639426823e-77 2 0 
95 38 0.0 7 4 0 0 8 4 3 6.12644681617e-72 2 0 
95 38 0.0 6 1 0 0 17 9 2 0.0415126121084 1 1 
95 38 0.0 14 2 2 0 11 4 3 1.99197691921e-79 2 1 
95 38 0.0 1 2 0 0 20 13 2 0.0385452675164 1 2 
95 38 0.0 11 1 2 0 16 9 2 0.041474420025 1 2 
95 38 0.0 8 11 6 0 52 16 1 0.0526020077631 0 8 
95 38 2.0 3 4 0 0 8 4 3 3.1387324509e-50 2 0 
95 38 2.0 9 6 5 0 42 19 2 0.00113564680608 1 6 
95 38 2.0 2 5 1 0 14 14 3 1.9739644375e-39 4 0 
95 38 2.0 10 2 1 0 11 3 3 7.07402472399e-55 1 1 
95 38 2.0 5 5 3 0 32 15 2 4.16976567849e-37 3 2 
95 38 2.0 13 3 2 0 29 9 2 8.17260477386e-28 3 1 
95 38 2.0 4 3 2 0 21 15 2 0.00743622778229 1 3 
95 38 2.0 12 0 2 0 28 5 2 3.92605384003e-26 3 0 
95 38 2.0 15 2 1 0 12 2 3 1.25625451651e-54 2 0 
95 38 2.0 7 4 0 0 8 4 3 7.58973836624e-49 2 0 
95 38 2.0 6 1 0 0 17 9 2 0.00908113598564 1 1 
95 38 2.0 14 2 2 0 11 4 3 3.03567987461e-56 2 1 
95 38 2.0 1 2 0 0 20 13 2 0.00652132645784 1 2 
95 38 2.0 11 1 2 0 16 9 2 0.00908987522411 1 2 
95 38 2.0 8 11 6 0 52 16 1 0.0337286653865 0 8 
95 39 0.0 3 4 0 0 8 4 3 1.84093782254e-72 2 0 
95 39 0.0 9 6 5 0 42 19 2 0.000373466862048 1 6 
95 39 0.0 2 5 1 0 14 14 3 3.09872775227e-65 4 0 
95 39 0.0 10 2 1 0 11 3 3 1.90923203398e-78 1 1 
95 39 0.0 5 5 3 0 32 15 2 7.68549160862e-43 3 2 
95 39 0.0 13 3 2 0 29 9 2 9.01655362688e-38 3 1 
95 39 0.0 4 3 2 0 21 15 2 0.0690464157378 1 3 
95 39 0.0 12 0 2 0 28 5 2 2.87277263014e-36 3 0 
95 39 0.0 15 2 1 0 12 2 3 1.44862976777e-77 2 0 
95 39 0.0 7 4 0 0 8 4 3 2.48299687264e-72 2 0 
95 39 0.0 6 1 0 0 17 9 2 0.079066998303 1 1 
95 39 0.0 14 2 2 0 11 4 3 2.2037948636e-79 2 1 
95 39 0.0 1 2 0 0 20 13 2 0.0688414420309 1 2 
95 39 0.0 11 1 2 0 16 9 2 0.0786199115234 1 2 
95 39 0.0 8 11 6 0 52 16 1 0.189541153096 0 8 
95 39 2.0 3 4 0 0 8 4 3 1.7922586047e-47 2 0 
95 39 2.0 9 6 5 0 42 19 2 0.00106495234823 1 6 
95 39 2.0 2 5 1 0 14 14 3 3.81112064563e-38 4 0 
95 39 2.0 10 2 1 0 11 3 3 1.25986907185e-54 1 1 
95 39 2.0 5 5 3 0 32 15 2 4.51119846737e-38 3 2 
95 39 2.0 13 3 2 0 29 9 2 1.6525798815e-30 3 1 
95 39 2.0 4 3 2 0 21 15 2 0.00401672079312 1 3 
95 39 2.0 12 0 2 0 28 5 2 5.84824302488e-28 3 0 
95 39 2.0 15 2 1 0 12 2 3 1.6093180868e-54 2 0 
95 39 2.0 7 4 0 0 8 4 3 1.19536714107e-50 2 0 
95 39 2.0 6 1 0 0 17 9 2 0.00595999296269 1 1 
95 39 2.0 14 2 2 0 11 4 3 5.12650556642e-55 2 1 
95 39 2.0 1 2 0 0 20 13 2 0.00518292580021 1 2 
95 39 2.0 11 1 2 0 16 9 2 0.00593006123756 1 2 
95 39 2.0 8 11 6 0 52 16 1 0.150667955574 0 8 
95 40 0.0 3 4 0 0 8 4 3 2.14084047816e-74 2 0 
95 40 0.0 9 6 5 0 42 19 2 0.00202011471635 1 6 
95 40 0.0 2 5 1 0 14 14 3 3.73319670603e-66 4 0 
95 40 0.0 10 2 1 0 11 3 3 9.10733754958e-78 1 1 
95 40 0.0 5 5 3 0 32 15 2 2.26110177104e-43 3 2 
95 40 0.0 13 3 2 0 29 9 2 1.57797807959e-37 3 1 
95 40 0.0 4 3 2 0 21 15 2 0.0141813927116 1 3 
95 40 0.0 12 0 2 0 28 5 2 2.99875711946e-36 3 0 
95 40 0.0 15 2 1 0 12 2 3 1.67409042859e-77 2 0 
95 40 0.0 7 4 0 0 8 4 3 3.98782143923e-73 2 0 
95 40 0.0 6 1 0 0 17 9 2 0.0169744835716 1 1 
95 40 0.0 14 2 2 0 11 4 3 1.44742086896e-78 2 1 
95 40 0.0 1 2 0 0 20 13 2 0.0121252151728 1 2 
95 40 0.0 11 1 2 0 16 9 2 0.0169467997981 1 2 
95 40 0.0 8 11 6 0 52 16 1 0.0864309584095 0 8 
95 40 2.0 3 4 0 0 8 4 3 5.09886377987e-44 2 0 
95 40 2.0 9 6 5 0 42 19 2 0.0265819878457 1 6 
95 40 2.0 2 5 1 0 14 14 3 2.97122757651e-38 4 0 
95 40 2.0 10 2 1 0 11 3 3 4.33144433921e-55 1 1 
95 40 2.0 5 5 3 0 32 15 2 1.78542145084e-38 3 2 
95 40 2.0 13 3 2 0 29 9 2 4.74087012903e-29 3 1 
95 40 2.0 4 3 2 0 21 15 2 0.0525829799931 1 3 
95 40 2.0 12 0 2 0 28 5 2 3.02827777916e-27 3 0 
95 40 2.0 15 2 1 0 12 2 3 3.19801507625e-54 2 0 
95 40 2.0 7 4 0 0 8 4 3 4.18499730706e-53 2 0 
95 40 2.0 6 1 0 0 17 9 2 0.14422642743 1 1 
95 40 2.0 14 2 2 0 11 4 3 1.32986343938e-55 2 1 
95 40 2.0 1 2 0 0 20 13 2 0.138188092261 1 2 
95 40 2.0 11 1 2 0 16 9 2 0.144073519533 1 2 
95 40 2.0 8 11 6 0 52 16 1 0.10586531398 0 8 
