95 1 0.0 27 17 9 0 107 47 0 0 0 0 0 0 0 0 15.0 0.33967556178 0.022645037452 0.194838094596 0.0103455333703 
95 1 2.0 27 17 9 0 107 47 0 0 0 0 0 0 0 0 15.0 0.288671212673 0.0192447475115 0.149609822553 0.00993295643711 
95 2 0.0 27 17 9 0 107 47 0 0 0 0 0 0 0 0 15.0 0.337681199975 0.0225120799983 0.192710969164 0.0103550164865 
95 2 2.0 27 17 9 0 107 47 0 0 0 0 0 0 0 0 15.0 0.300729197132 0.0200486131421 0.133078953346 0.0119750174133 
95 3 0.0 27 17 9 0 107 47 0 0 0 0 0 0 0 0 15.0 0.318694690412 0.0212463126941 0.180420729348 0.00987671150456 
95 3 2.0 27 17 9 0 107 47 0 0 0 0 0 0 0 0 15.0 0.287908254846 0.0191938836564 0.127276557388 0.0114736926755 
95 4 0.0 27 17 9 0 107 47 0 0 0 0 0 0 0 0 15.0 0.323301822464 0.0215534548309 0.192490672067 0.00934365359978 
95 4 2.0 27 17 9 0 107 47 0 0 0 0 0 0 0 0 15.0 0.309621650626 0.0206414433751 0.140298320255 0.0120945235979 
95 5 0.0 27 17 9 0 107 47 0 0 0 0 0 0 0 0 15.0 0.329720336929 0.0219813557953 0.199103966142 0.00932974077051 
95 5 2.0 27 17 9 0 107 47 0 0 0 0 0 0 0 0 15.0 0.309811306031 0.0206540870687 0.139912933546 0.0121355980346 
95 6 0.0 27 17 9 0 107 47 0 0 0 0 0 0 0 0 15.0 0.320010135143 0.0213340090096 0.186870111665 0.00951000167701 
95 6 2.0 27 17 9 0 107 47 0 0 0 0 0 0 0 0 15.0 0.31290776187 0.020860517458 0.14476379656 0.0120102832364 
95 7 0.0 27 17 9 0 107 47 0 0 0 0 0 0 0 0 15.0 0.343671510613 0.0229114340409 0.205616150085 0.00986109718053 
95 7 2.0 27 17 9 0 107 47 0 0 0 0 0 0 0 0 15.0 0.292283684171 0.0194855789447 0.140165112979 0.010865612228 
95 8 0.0 27 17 9 0 107 47 0 0 0 0 0 0 0 0 15.0 0.320726237065 0.0213817491376 0.191110887963 0.00925823922152 
95 8 2.0 27 17 9 0 107 47 0 0 0 0 0 0 0 0 15.0 0.284012425142 0.0189341616761 0.143043140378 0.010069234626 
95 9 0.0 27 17 9 0 107 47 0 0 0 0 0 0 0 0 15.0 0.342753266519 0.0228502177679 0.199558370661 0.010228206847 
95 9 2.0 27 17 9 0 107 47 0 0 0 0 0 0 0 0 15.0 0.303794248291 0.0202529498861 0.148792561119 0.0110715490837 
95 10 0.0 27 17 9 0 107 47 0 0 0 0 0 0 0 0 15.0 0.323554916295 0.021570327753 0.1855138485 0.00986007627109 
95 10 2.0 27 17 9 0 107 47 0 0 0 0 0 0 0 0 15.0 0.299743262288 0.0199828841525 0.144149577508 0.0111138346271 
95 1 0.0 27 17 9 0 107 47 0 0 0 0 0 0 0 0 15.0 0.321593402846 0.0214395601898 0.191433163475 0.00929715995506 
95 1 2.0 27 17 9 0 107 47 0 0 0 0 0 0 0 0 15.0 0.298898962851 0.0199265975234 0.133075400419 0.0118445401737 
95 2 0.0 27 17 9 0 107 47 0 0 0 0 0 0 0 0 15.0 0.326342275376 0.0217561516917 0.196247143926 0.00929250938927 
95 2 2.0 27 17 9 0 107 47 0 0 0 0 0 0 0 0 15.0 0.307139134093 0.0204759422729 0.1405088956 0.0119021598924 
95 3 0.0 27 17 9 0 107 47 0 0 0 0 0 0 0 0 15.0 0.344400203256 0.0229600135504 0.203482563237 0.0100655457156 
95 3 2.0 27 17 9 0 107 47 0 0 0 0 0 0 0 0 15.0 0.275804222311 0.018386948154 0.127319177601 0.0106060746221 
95 4 0.0 27 17 9 0 107 47 0 0 0 0 0 0 0 0 15.0 0.336093424605 0.022406228307 0.204252912448 0.00941717943979 
95 4 2.0 27 17 9 0 107 47 0 0 0 0 0 0 0 0 15.0 0.274245937165 0.0182830624777 0.137452451702 0.00977096324733 
95 5 0.0 27 17 9 0 107 47 0 0 0 0 0 0 0 0 15.0 0.320668006974 0.0213778671316 0.185880111103 0.00962770684794 
95 5 2.0 27 17 9 0 107 47 0 0 0 0 0 0 0 0 15.0 0.31296405284 0.0208642701893 0.143979703766 0.0120703106482 
95 6 0.0 27 17 9 0 107 47 0 0 0 0 0 0 0 0 15.0 0.320376309277 0.0213584206184 0.190555775736 0.0092728952529 
95 6 2.0 27 17 9 0 107 47 0 0 0 0 0 0 0 0 15.0 0.285087707052 0.0190058471368 0.14014760899 0.0103528641473 
95 7 0.0 27 17 9 0 107 47 0 0 0 0 0 0 0 0 15.0 0.333003992075 0.0222002661383 0.189892689445 0.0102222359021 
95 7 2.0 27 17 9 0 107 47 0 0 0 0 0 0 0 0 15.0 0.312861689843 0.0208574459895 0.142276555349 0.0121846524639 
95 8 0.0 27 17 9 0 107 47 0 0 0 0 0 0 0 0 15.0 0.316240834507 0.0210827223005 0.181019730711 0.00965865027118 
95 8 2.0 27 17 9 0 107 47 0 0 0 0 0 0 0 0 15.0 0.292289685637 0.0194859790425 0.132276365717 0.0114295228514 
95 9 0.0 27 17 9 0 107 47 0 0 0 0 0 0 0 0 15.0 0.318250149994 0.0212166766662 0.188106215141 0.0092959953466 
95 9 2.0 27 17 9 0 107 47 0 0 0 0 0 0 0 0 15.0 0.309941916384 0.0206627944256 0.153301480157 0.0111886025877 
95 10 0.0 27 17 9 0 107 47 0 0 0 0 0 0 0 0 15.0 0.31874113507 0.0212494090046 0.188002669118 0.00933846185364 
95 10 2.0 27 17 9 0 107 47 0 0 0 0 0 0 0 0 15.0 0.28939458051 0.019292972034 0.123246550919 0.0118677163994 
95 11 0.0 27 17 9 0 107 47 0 0 0 0 0 0 0 0 15.0 0.343744137608 0.0229162758405 0.202129512173 0.0101153303882 
95 11 2.0 27 17 9 0 107 47 0 0 0 0 0 0 0 0 15.0 0.28055425718 0.0187036171453 0.120845247962 0.0114077863727 
95 12 0.0 27 17 9 0 107 47 0 0 0 0 0 0 0 0 15.0 0.336323635426 0.0224215756951 0.204637051941 0.00940618453468 
95 12 2.0 27 17 9 0 107 47 0 0 0 0 0 0 0 0 15.0 0.304806514253 0.0203204342835 0.136658756591 0.0120105541187 
95 13 0.0 27 17 9 0 107 47 0 0 0 0 0 0 0 0 15.0 0.318508342356 0.0212338894904 0.188219269744 0.00930636232941 
95 13 2.0 27 17 9 0 107 47 0 0 0 0 0 0 0 0 15.0 0.280822050996 0.0187214700664 0.131965093422 0.0106326398267 
95 14 0.0 27 17 9 0 107 47 0 0 0 0 0 0 0 0 15.0 0.337087811287 0.0224725207525 0.19264011073 0.010317692897 
95 14 2.0 27 17 9 0 107 47 0 0 0 0 0 0 0 0 15.0 0.31487145373 0.0209914302486 0.146884831489 0.0119990444458 
95 15 0.0 27 17 9 0 107 47 0 0 0 0 0 0 0 0 15.0 0.324061712077 0.0216041141385 0.194132552149 0.00928065428059 
95 15 2.0 27 17 9 0 107 47 0 0 0 0 0 0 0 0 15.0 0.31106440084 0.0207376267227 0.145371586159 0.0118352010486 
95 16 0.0 27 17 9 0 107 47 0 0 0 0 0 0 0 0 15.0 0.341483841094 0.0227655894063 0.207905863785 0.00954128409352 
95 16 2.0 27 17 9 0 107 47 0 0 0 0 0 0 0 0 15.0 0.277218969936 0.0184812646624 0.118036664755 0.0113701646558 
95 17 0.0 27 17 9 0 107 47 0 0 0 0 0 0 0 0 15.0 0.331539408843 0.0221026272562 0.187912269307 0.0102590813954 
95 17 2.0 27 17 9 0 107 47 0 0 0 0 0 0 0 0 15.0 0.308280779244 0.0205520519496 0.140526389757 0.011982456392 
95 18 0.0 27 17 9 0 107 47 0 0 0 0 0 0 0 0 15.0 0.324648497175 0.021643233145 0.18419594203 0.0100323253675 
95 18 2.0 27 17 9 0 107 47 0 0 0 0 0 0 0 0 15.0 0.313156832038 0.0208771221359 0.144336920902 0.0120585650812 
95 19 0.0 27 17 9 0 107 47 0 0 0 0 0 0 0 0 15.0 0.325991874968 0.0217327916646 0.185412432176 0.0100413887709 
95 19 2.0 27 17 9 0 107 47 0 0 0 0 0 0 0 0 15.0 0.277592932209 0.0185061954806 0.121558139192 0.0111453423584 
95 20 0.0 27 17 9 0 107 47 0 0 0 0 0 0 0 0 15.0 0.344162895153 0.0229441930102 0.2033942283 0.0100549047752 
95 20 2.0 27 17 9 0 107 47 0 0 0 0 0 0 0 0 15.0 0.309258248862 0.0206172165908 0.141277580013 0.0119986192035 
95 21 0.0 27 17 9 0 107 47 0 0 0 0 0 0 0 0 15.0 0.329156576792 0.0219437717862 0.188449094061 0.0100505344808 
95 21 2.0 27 17 9 0 107 47 0 0 0 0 0 0 0 0 15.0 0.286938491708 0.0191292327806 0.122139827167 0.0117713331815 
95 22 0.0 27 17 9 0 107 47 0 0 0 0 0 0 0 0 15.0 0.320312964151 0.0213541976101 0.18560971583 0.00962166059437 
95 22 2.0 27 17 9 0 107 47 0 0 0 0 0 0 0 0 15.0 0.317038970561 0.0211359313707 0.153428442402 0.0116864662971 
95 23 0.0 27 17 9 0 107 47 0 0 0 0 0 0 0 0 15.0 0.335953447753 0.0223968965169 0.192232927528 0.0102657514446 
95 23 2.0 27 17 9 0 107 47 0 0 0 0 0 0 0 0 15.0 0.317812708382 0.0211875138921 0.146796082921 0.0122154732472 
95 24 0.0 27 17 9 0 107 47 0 0 0 0 0 0 0 0 15.0 0.324074364609 0.0216049576406 0.194145525579 0.00928063135927 
95 24 2.0 27 17 9 0 107 47 0 0 0 0 0 0 0 0 15.0 0.318327037205 0.0212218024804 0.14796579141 0.0121686604139 
95 25 0.0 27 17 9 0 107 47 0 0 0 0 0 0 0 0 15.0 0.34350919415 0.0229006129433 0.206235094054 0.00980529286402 
95 25 2.0 27 17 9 0 107 47 0 0 0 0 0 0 0 0 15.0 0.317349368355 0.021156624557 0.15292250424 0.0117447760082 
95 26 0.0 27 17 9 0 107 47 0 0 0 0 0 0 0 0 15.0 0.331408130542 0.0220938753695 0.187092589661 0.0103082529201 
95 26 2.0 27 17 9 0 107 47 0 0 0 0 0 0 0 0 15.0 0.311912825942 0.0207941883961 0.141853134125 0.0121471208441 
95 27 0.0 27 17 9 0 107 47 0 0 0 0 0 0 0 0 15.0 0.340010770763 0.0226673847175 0.19598288792 0.0102877059174 
95 27 2.0 27 17 9 0 107 47 0 0 0 0 0 0 0 0 15.0 0.318935580094 0.0212623720062 0.147466139966 0.012247817152 
95 28 0.0 27 17 9 0 107 47 0 0 0 0 0 0 0 0 15.0 0.321104836793 0.0214069891195 0.188224999439 0.00949141695389 
95 28 2.0 27 17 9 0 107 47 0 0 0 0 0 0 0 0 15.0 0.300245601025 0.0200163734017 0.136486952675 0.0116970463107 
95 29 0.0 27 17 9 0 107 47 0 0 0 0 0 0 0 0 15.0 0.334422161223 0.0222948107482 0.190092219274 0.0103092815677 
95 29 2.0 27 17 9 0 107 47 0 0 0 0 0 0 0 0 15.0 0.292499334456 0.0194999556304 0.124047230357 0.0120322931499 
95 30 0.0 27 17 9 0 107 47 0 0 0 0 0 0 0 0 15.0 0.340908100647 0.0227272067098 0.195976374605 0.0103522661458 
95 30 2.0 27 17 9 0 107 47 0 0 0 0 0 0 0 0 15.0 0.309166351356 0.0206110900904 0.149610895932 0.0113968182445 
95 31 0.0 27 17 9 0 107 47 0 0 0 0 0 0 0 0 15.0 0.317213922387 0.0211475948258 0.182939412087 0.00959103645003 
95 31 2.0 27 17 9 0 107 47 0 0 0 0 0 0 0 0 15.0 0.281757791885 0.0187838527923 0.119125189714 0.0116166144408 
95 32 0.0 27 17 9 0 107 47 0 0 0 0 0 0 0 0 15.0 0.335048292181 0.022336552812 0.203262866714 0.00941324467617 
95 32 2.0 27 17 9 0 107 47 0 0 0 0 0 0 0 0 15.0 0.302712119923 0.0201808079949 0.134271022944 0.0120315069271 
95 33 0.0 27 17 9 0 107 47 0 0 0 0 0 0 0 0 15.0 0.340616628692 0.0227077752461 0.195989446209 0.0103305130345 
95 33 2.0 27 17 9 0 107 47 0 0 0 0 0 0 0 0 15.0 0.278844504971 0.0185896336647 0.140865997399 0.00985560768371 
95 34 0.0 27 17 9 0 107 47 0 0 0 0 0 0 0 0 15.0 0.317658146626 0.0211772097751 0.187481949378 0.00929829980344 
95 34 2.0 27 17 9 0 107 47 0 0 0 0 0 0 0 0 15.0 0.300469740226 0.0200313160151 0.134300117121 0.0118692587932 
95 35 0.0 27 17 9 0 107 47 0 0 0 0 0 0 0 0 15.0 0.343098689294 0.0228732459529 0.207754652102 0.00966743122795 
95 35 2.0 27 17 9 0 107 47 0 0 0 0 0 0 0 0 15.0 0.326321675305 0.0217547783537 0.156141208696 0.0121557476149 
95 36 0.0 27 17 9 0 107 47 0 0 0 0 0 0 0 0 15.0 0.321240731825 0.0214160487883 0.191281608996 0.00928279448777 
95 36 2.0 27 17 9 0 107 47 0 0 0 0 0 0 0 0 15.0 0.292583083286 0.0195055388857 0.128602675964 0.0117128862373 
95 37 0.0 27 17 9 0 107 47 0 0 0 0 0 0 0 0 15.0 0.343994645045 0.0229329763363 0.20291656756 0.0100770055346 
95 37 2.0 27 17 9 0 107 47 0 0 0 0 0 0 0 0 15.0 0.271348448119 0.0180898965413 0.131775182807 0.00996951895089 
95 38 0.0 27 17 9 0 107 47 0 0 0 0 0 0 0 0 15.0 0.327739077226 0.0218492718151 0.187426630499 0.0100223176233 
95 38 2.0 27 17 9 0 107 47 0 0 0 0 0 0 0 0 15.0 0.313093730252 0.0208729153501 0.143684591754 0.0121006527498 
95 39 0.0 27 17 9 0 107 47 0 0 0 0 0 0 0 0 15.0 0.34304417923 0.0228696119487 0.200229756897 0.0102010301666 
95 39 2.0 27 17 9 0 107 47 0 0 0 0 0 0 0 0 15.0 0.299741831089 0.0199827887393 0.130764478176 0.0120698109224 
95 40 0.0 27 17 9 0 107 47 0 0 0 0 0 0 0 0 15.0 0.314127006712 0.0209418004475 0.181483938366 0.00947450488184 
95 40 2.0 27 17 9 0 107 47 0 0 0 0 0 0 0 0 15.0 0.290703526087 0.0193802350724 0.143652075268 0.0105036750585 
