99 1 0.0 14 5 1 0 14 11 3 7.88491505554e-25 1 2 
99 1 0.0 17 1 0 0 4 1 4 9.29210036948e-78 1 0 
99 1 0.0 16 5 2 0 8 16 2 1.57709962228e-14 2 2 
99 1 0.0 19 10 0 0 6 4 3 1.0506304674e-74 2 0 
99 1 0.0 18 5 0 0 10 4 3 1.5218913823e-60 2 0 
99 1 0.0 20 1 0 0 4 1 4 5.4503262077e-78 1 0 
99 1 0.0 21 7 2 0 16 5 3 4.44246736489e-56 3 0 
99 1 0.0 22 6 2 0 18 5 3 3.49867546536e-48 3 0 
99 1 0.0 1 4 1 0 2 8 1 0.198026089585 0 2 
99 1 0.0 3 9 0 0 9 10 1 0.169098121988 0 3 
99 1 0.0 2 8 3 0 10 22 1 0.218570169087 0 4 
99 1 0.0 5 6 2 0 9 19 2 0.144374609755 1 3 
99 1 0.0 4 5 1 0 7 6 1 0.219577033684 0 3 
99 1 0.0 7 2 0 0 7 13 2 0.012251464746 1 1 
99 1 0.0 6 14 5 0 40 38 2 0.118164924981 2 6 
99 1 0.0 9 4 1 0 13 19 2 0.0637639706103 1 3 
99 1 0.0 8 6 1 0 16 24 2 0.160999437592 2 2 
99 1 0.0 11 9 2 0 30 20 2 0.0168280274268 4 2 
99 1 0.0 10 2 1 0 5 3 2 0.06389103844 1 1 
99 1 0.0 13 10 3 0 31 34 2 2.74583440953e-23 6 1 
99 1 0.0 12 3 1 0 8 13 3 1.0905287908e-10 1 2 
99 1 0.0 15 13 5 0 24 27 3 6.21052398819e-43 5 2 
99 1 2.0 14 5 1 0 14 11 3 7.86842720243e-57 1 2 
99 1 2.0 17 1 0 0 4 1 4 0.0380490001091 1 0 
99 1 2.0 16 5 2 0 8 16 2 0.00329982916593 2 2 
99 1 2.0 19 10 0 0 6 4 3 6.91598199433e-14 2 0 
99 1 2.0 18 5 0 0 10 4 3 0.0212846549406 2 0 
99 1 2.0 20 1 0 0 4 1 4 2.59852061939e-46 1 0 
99 1 2.0 21 7 2 0 16 5 3 7.27374217129e-52 3 0 
99 1 2.0 22 6 2 0 18 5 3 2.40160065424e-42 3 0 
99 1 2.0 1 4 1 0 2 8 1 0.263143388585 0 2 
99 1 2.0 3 9 0 0 9 10 1 0.111575261361 0 3 
99 1 2.0 2 8 3 0 10 22 1 0.16837574635 0 4 
99 1 2.0 5 6 2 0 9 19 2 0.135395146078 1 3 
99 1 2.0 4 5 1 0 7 6 1 0.159317820734 0 3 
99 1 2.0 7 2 0 0 7 13 2 0.0410599008008 1 1 
99 1 2.0 6 14 5 0 40 38 2 1.3739731897e-05 2 6 
99 1 2.0 9 4 1 0 13 19 2 0.0350745156425 1 3 
99 1 2.0 8 6 1 0 16 24 2 0.300784130024 2 2 
99 1 2.0 11 9 2 0 30 20 2 0.138358859803 4 2 
99 1 2.0 10 2 1 0 5 3 2 0.127636093541 1 1 
99 1 2.0 13 10 3 0 31 34 2 8.66206705692e-07 6 1 
99 1 2.0 12 3 1 0 8 13 3 0.0744191649225 1 2 
99 1 2.0 15 13 5 0 24 27 3 3.61574033271e-11 5 2 
99 2 0.0 14 5 1 0 14 11 3 5.74389385311e-23 1 2 
99 2 0.0 17 1 0 0 4 1 4 9.1031029137e-78 1 0 
99 2 0.0 16 5 2 0 8 16 2 3.10329746911e-14 2 2 
99 2 0.0 19 10 0 0 6 4 3 1.3859652839e-76 2 0 
99 2 0.0 18 5 0 0 10 4 3 3.5654430444e-61 2 0 
99 2 0.0 20 1 0 0 4 1 4 1.38301645998e-77 1 0 
99 2 0.0 21 7 2 0 16 5 3 3.20659696898e-54 3 0 
99 2 0.0 22 6 2 0 18 5 3 4.76709372602e-46 3 0 
99 2 0.0 1 4 1 0 2 8 1 0.195669251088 0 2 
99 2 0.0 3 9 0 0 9 10 1 0.169482325841 0 3 
99 2 0.0 2 8 3 0 10 22 1 0.215622303113 0 4 
99 2 0.0 5 6 2 0 9 19 2 0.145978930468 1 3 
99 2 0.0 4 5 1 0 7 6 1 0.151252265675 0 3 
99 2 0.0 7 2 0 0 7 13 2 0.0102672322905 1 1 
99 2 0.0 6 14 5 0 40 38 2 0.129485331391 2 6 
99 2 0.0 9 4 1 0 13 19 2 0.0818648673016 1 3 
99 2 0.0 8 6 1 0 16 24 2 0.153594626265 2 2 
99 2 0.0 11 9 2 0 30 20 2 0.0109065434845 4 2 
99 2 0.0 10 2 1 0 5 3 2 0.0819542676322 1 1 
99 2 0.0 13 10 3 0 31 34 2 2.8373177976e-23 6 1 
99 2 0.0 12 3 1 0 8 13 3 7.95097539936e-11 1 2 
99 2 0.0 15 13 5 0 24 27 3 6.33816284773e-42 5 2 
99 2 2.0 14 5 1 0 14 11 3 2.06484446278e-48 1 2 
99 2 2.0 17 1 0 0 4 1 4 0.0353003321309 1 0 
99 2 2.0 16 5 2 0 8 16 2 0.000649739084209 2 2 
99 2 2.0 19 10 0 0 6 4 3 4.10547166989e-16 2 0 
99 2 2.0 18 5 0 0 10 4 3 0.0225666481541 2 0 
99 2 2.0 20 1 0 0 4 1 4 3.53800932305e-46 1 0 
99 2 2.0 21 7 2 0 16 5 3 8.7518920953e-48 3 0 
99 2 2.0 22 6 2 0 18 5 3 4.0647053706e-38 3 0 
99 2 2.0 1 4 1 0 2 8 1 0.267124593321 0 2 
99 2 2.0 3 9 0 0 9 10 1 0.11142130823 0 3 
99 2 2.0 2 8 3 0 10 22 1 0.167416169396 0 4 
99 2 2.0 5 6 2 0 9 19 2 0.133395057293 1 3 
99 2 2.0 4 5 1 0 7 6 1 0.111389800413 0 3 
99 2 2.0 7 2 0 0 7 13 2 0.0423500718882 1 1 
99 2 2.0 6 14 5 0 40 38 2 3.57488225921e-06 2 6 
99 2 2.0 9 4 1 0 13 19 2 0.0312882738087 1 3 
99 2 2.0 8 6 1 0 16 24 2 0.296348857221 2 2 
99 2 2.0 11 9 2 0 30 20 2 0.144635311708 4 2 
99 2 2.0 10 2 1 0 5 3 2 0.116020279451 1 1 
99 2 2.0 13 10 3 0 31 34 2 4.35935679431e-07 6 1 
99 2 2.0 12 3 1 0 8 13 3 0.075189791545 1 2 
99 2 2.0 15 13 5 0 24 27 3 1.24802400184e-10 5 2 
99 3 0.0 14 5 1 0 14 11 3 6.79492685957e-24 1 2 
99 3 0.0 17 1 0 0 4 1 4 1.24767693996e-77 1 0 
99 3 0.0 16 5 2 0 8 16 2 2.26243479831e-15 2 2 
99 3 0.0 19 10 0 0 6 4 3 5.36434871125e-76 2 0 
99 3 0.0 18 5 0 0 10 4 3 4.15970370731e-58 2 0 
99 3 0.0 20 1 0 0 4 1 4 1.13766797615e-77 1 0 
99 3 0.0 21 7 2 0 16 5 3 6.65356398029e-54 3 0 
99 3 0.0 22 6 2 0 18 5 3 8.84032859979e-45 3 0 
99 3 0.0 1 4 1 0 2 8 1 0.197411944948 0 2 
99 3 0.0 3 9 0 0 9 10 1 0.169288325406 0 3 
99 3 0.0 2 8 3 0 10 22 1 0.217279580164 0 4 
99 3 0.0 5 6 2 0 9 19 2 0.144933848938 1 3 
99 3 0.0 4 5 1 0 7 6 1 0.144707532251 0 3 
99 3 0.0 7 2 0 0 7 13 2 0.0115546138252 1 1 
99 3 0.0 6 14 5 0 40 38 2 0.122632050079 2 6 
99 3 0.0 9 4 1 0 13 19 2 0.0761531055636 1 3 
99 3 0.0 8 6 1 0 16 24 2 0.158080594561 2 2 
99 3 0.0 11 9 2 0 30 20 2 0.0148157841376 4 2 
99 3 0.0 10 2 1 0 5 3 2 0.0761286370592 1 1 
99 3 0.0 13 10 3 0 31 34 2 6.92950379206e-23 6 1 
99 3 0.0 12 3 1 0 8 13 3 4.72799774956e-10 1 2 
99 3 0.0 15 13 5 0 24 27 3 1.05117007218e-40 5 2 
99 3 2.0 14 5 1 0 14 11 3 8.37210478635e-46 1 2 
99 3 2.0 17 1 0 0 4 1 4 0.037104281322 1 0 
99 3 2.0 16 5 2 0 8 16 2 0.00307194036481 2 2 
99 3 2.0 19 10 0 0 6 4 3 3.14395242774e-14 2 0 
99 3 2.0 18 5 0 0 10 4 3 0.0235565194408 2 0 
99 3 2.0 20 1 0 0 4 1 4 2.88200273363e-46 1 0 
99 3 2.0 21 7 2 0 16 5 3 8.43369704298e-48 3 0 
99 3 2.0 22 6 2 0 18 5 3 1.02083896274e-38 3 0 
99 3 2.0 1 4 1 0 2 8 1 0.266075402483 0 2 
99 3 2.0 3 9 0 0 9 10 1 0.111345956386 0 3 
99 3 2.0 2 8 3 0 10 22 1 0.168139809961 0 4 
99 3 2.0 5 6 2 0 9 19 2 0.134952019203 1 3 
99 3 2.0 4 5 1 0 7 6 1 0.120063742263 0 3 
99 3 2.0 7 2 0 0 7 13 2 0.0415860075257 1 1 
99 3 2.0 6 14 5 0 40 38 2 2.63492185195e-06 2 6 
99 3 2.0 9 4 1 0 13 19 2 0.0347683734702 1 3 
99 3 2.0 8 6 1 0 16 24 2 0.29871230826 2 2 
99 3 2.0 11 9 2 0 30 20 2 0.140767792862 4 2 
99 3 2.0 10 2 1 0 5 3 2 0.121318623221 1 1 
99 3 2.0 13 10 3 0 31 34 2 1.34641862852e-07 6 1 
99 3 2.0 12 3 1 0 8 13 3 0.0754269064353 1 2 
99 3 2.0 15 13 5 0 24 27 3 7.02578268519e-12 5 2 
99 4 0.0 14 5 1 0 14 11 3 5.44544027946e-22 1 2 
99 4 0.0 17 1 0 0 4 1 4 1.13530032238e-77 1 0 
99 4 0.0 16 5 2 0 8 16 2 4.08601434813e-14 2 2 
99 4 0.0 19 10 0 0 6 4 3 1.47678991316e-75 2 0 
99 4 0.0 18 5 0 0 10 4 3 6.5419043791e-61 2 0 
99 4 0.0 20 1 0 0 4 1 4 2.80442864256e-78 1 0 
99 4 0.0 21 7 2 0 16 5 3 2.66989964286e-55 3 0 
99 4 0.0 22 6 2 0 18 5 3 1.5355101173e-46 3 0 
99 4 0.0 1 4 1 0 2 8 1 0.197375521601 0 2 
99 4 0.0 3 9 0 0 9 10 1 0.169077703422 0 3 
99 4 0.0 2 8 3 0 10 22 1 0.21739621895 0 4 
99 4 0.0 5 6 2 0 9 19 2 0.144852955658 1 3 
99 4 0.0 4 5 1 0 7 6 1 0.186283242512 0 3 
99 4 0.0 7 2 0 0 7 13 2 0.0117291636818 1 1 
99 4 0.0 6 14 5 0 40 38 2 0.121473835636 2 6 
99 4 0.0 9 4 1 0 13 19 2 0.0869580891405 1 3 
99 4 0.0 8 6 1 0 16 24 2 0.158673318314 2 2 
99 4 0.0 11 9 2 0 30 20 2 0.0153514081687 4 2 
99 4 0.0 10 2 1 0 5 3 2 0.0870696164114 1 1 
99 4 0.0 13 10 3 0 31 34 2 5.7559223643e-23 6 1 
99 4 0.0 12 3 1 0 8 13 3 1.2089468096e-10 1 2 
99 4 0.0 15 13 5 0 24 27 3 1.77601636512e-42 5 2 
99 4 2.0 14 5 1 0 14 11 3 3.84178494346e-47 1 2 
99 4 2.0 17 1 0 0 4 1 4 0.0370565108108 1 0 
99 4 2.0 16 5 2 0 8 16 2 0.00398005198442 2 2 
99 4 2.0 19 10 0 0 6 4 3 2.62902862728e-15 2 0 
99 4 2.0 18 5 0 0 10 4 3 0.0201255725962 2 0 
99 4 2.0 20 1 0 0 4 1 4 1.0874567985e-46 1 0 
99 4 2.0 21 7 2 0 16 5 3 1.43523665126e-47 3 0 
99 4 2.0 22 6 2 0 18 5 3 2.02447760379e-38 3 0 
99 4 2.0 1 4 1 0 2 8 1 0.262998085237 0 2 
99 4 2.0 3 9 0 0 9 10 1 0.111962331282 0 3 
99 4 2.0 2 8 3 0 10 22 1 0.167264573147 0 4 
99 4 2.0 5 6 2 0 9 19 2 0.134964325038 1 3 
99 4 2.0 4 5 1 0 7 6 1 0.125006413069 0 3 
99 4 2.0 7 2 0 0 7 13 2 0.0408978370154 1 1 
99 4 2.0 6 14 5 0 40 38 2 3.86539376575e-05 2 6 
99 4 2.0 9 4 1 0 13 19 2 0.0324326684054 1 3 
99 4 2.0 8 6 1 0 16 24 2 0.300193319154 2 2 
99 4 2.0 11 9 2 0 30 20 2 0.139242192017 4 2 
99 4 2.0 10 2 1 0 5 3 2 0.112329839556 1 1 
99 4 2.0 13 10 3 0 31 34 2 1.42764680343e-06 6 1 
99 4 2.0 12 3 1 0 8 13 3 0.0737846803906 1 2 
99 4 2.0 15 13 5 0 24 27 3 1.57030724849e-10 5 2 
99 5 0.0 14 5 1 0 14 11 3 8.0500878167e-26 1 2 
99 5 0.0 17 1 0 0 4 1 4 9.88971304132e-78 1 0 
99 5 0.0 16 5 2 0 8 16 2 7.84974400355e-14 2 2 
99 5 0.0 19 10 0 0 6 4 3 7.66287908965e-77 2 0 
99 5 0.0 18 5 0 0 10 4 3 4.82188325289e-62 2 0 
99 5 0.0 20 1 0 0 4 1 4 1.42727400674e-77 1 0 
99 5 0.0 21 7 2 0 16 5 3 1.44005568876e-55 3 0 
99 5 0.0 22 6 2 0 18 5 3 1.45934292502e-47 3 0 
99 5 0.0 1 4 1 0 2 8 1 0.195251762553 0 2 
99 5 0.0 3 9 0 0 9 10 1 0.169554728825 0 3 
99 5 0.0 2 8 3 0 10 22 1 0.215209770707 0 4 
99 5 0.0 5 6 2 0 9 19 2 0.146664167566 1 3 
99 5 0.0 4 5 1 0 7 6 1 0.151663012053 0 3 
99 5 0.0 7 2 0 0 7 13 2 0.0097238601231 1 1 
99 5 0.0 6 14 5 0 40 38 2 0.132356875104 2 6 
99 5 0.0 9 4 1 0 13 19 2 0.0791471631851 1 3 
99 5 0.0 8 6 1 0 16 24 2 0.151934273898 2 2 
99 5 0.0 11 9 2 0 30 20 2 0.0091122386772 4 2 
99 5 0.0 10 2 1 0 5 3 2 0.0792677609283 1 1 
99 5 0.0 13 10 3 0 31 34 2 3.85105218441e-23 6 1 
99 5 0.0 12 3 1 0 8 13 3 1.15025680696e-10 1 2 
99 5 0.0 15 13 5 0 24 27 3 1.20225737488e-42 5 2 
99 5 2.0 14 5 1 0 14 11 3 9.01616955615e-45 1 2 
99 5 2.0 17 1 0 0 4 1 4 0.0349024404001 1 0 
99 5 2.0 16 5 2 0 8 16 2 0.000475973065836 2 2 
99 5 2.0 19 10 0 0 6 4 3 3.73476373561e-16 2 0 
99 5 2.0 18 5 0 0 10 4 3 0.0224037682576 2 0 
99 5 2.0 20 1 0 0 4 1 4 6.98648432975e-47 1 0 
99 5 2.0 21 7 2 0 16 5 3 8.73714147835e-47 3 0 
99 5 2.0 22 6 2 0 18 5 3 2.38075760852e-37 3 0 
99 5 2.0 1 4 1 0 2 8 1 0.26761330732 0 2 
99 5 2.0 3 9 0 0 9 10 1 0.111411733618 0 3 
99 5 2.0 2 8 3 0 10 22 1 0.167299820085 0 4 
99 5 2.0 5 6 2 0 9 19 2 0.133273190858 1 3 
99 5 2.0 4 5 1 0 7 6 1 0.107380084387 0 3 
99 5 2.0 7 2 0 0 7 13 2 0.0425236338574 1 1 
99 5 2.0 6 14 5 0 40 38 2 4.80374706749e-06 2 6 
99 5 2.0 9 4 1 0 13 19 2 0.0328767480941 1 3 
99 5 2.0 8 6 1 0 16 24 2 0.295880808981 2 2 
99 5 2.0 11 9 2 0 30 20 2 0.145582098117 4 2 
99 5 2.0 10 2 1 0 5 3 2 0.12082599858 1 1 
99 5 2.0 13 10 3 0 31 34 2 2.1322180049e-07 6 1 
99 5 2.0 12 3 1 0 8 13 3 0.0749335117914 1 2 
99 5 2.0 15 13 5 0 24 27 3 3.892275097e-10 5 2 
99 6 0.0 14 5 1 0 14 11 3 1.0935848115e-23 1 2 
99 6 0.0 17 1 0 0 4 1 4 1.00886061031e-77 1 0 
99 6 0.0 16 5 2 0 8 16 2 3.77387963596e-15 2 2 
99 6 0.0 19 10 0 0 6 4 3 1.01891144002e-76 2 0 
99 6 0.0 18 5 0 0 10 4 3 7.70987513305e-60 2 0 
99 6 0.0 20 1 0 0 4 1 4 7.52161268207e-78 1 0 
99 6 0.0 21 7 2 0 16 5 3 7.90089830854e-55 3 0 
99 6 0.0 22 6 2 0 18 5 3 9.06753395487e-46 3 0 
99 6 0.0 1 4 1 0 2 8 1 0.194402443714 0 2 
99 6 0.0 3 9 0 0 9 10 1 0.169323632522 0 3 
99 6 0.0 2 8 3 0 10 22 1 0.214681713345 0 4 
99 6 0.0 5 6 2 0 9 19 2 0.147130530616 1 3 
99 6 0.0 4 5 1 0 7 6 1 0.157079184798 0 3 
99 6 0.0 7 2 0 0 7 13 2 0.00927287343626 1 1 
99 6 0.0 6 14 5 0 40 38 2 0.13473158252 2 6 
99 6 0.0 9 4 1 0 13 19 2 0.0583054534228 1 3 
99 6 0.0 8 6 1 0 16 24 2 0.150567644016 2 2 
99 6 0.0 11 9 2 0 30 20 2 0.00754430838644 4 2 
99 6 0.0 10 2 1 0 5 3 2 0.0583138819616 1 1 
99 6 0.0 13 10 3 0 31 34 2 1.72468083448e-22 6 1 
99 6 0.0 12 3 1 0 8 13 3 1.07126709948e-10 1 2 
99 6 0.0 15 13 5 0 24 27 3 3.08692741233e-41 5 2 
99 6 2.0 14 5 1 0 14 11 3 4.57914489846e-55 1 2 
99 6 2.0 17 1 0 0 4 1 4 0.0377961373104 1 0 
99 6 2.0 16 5 2 0 8 16 2 0.00493876336379 2 2 
99 6 2.0 19 10 0 0 6 4 3 2.44810042768e-13 2 0 
99 6 2.0 18 5 0 0 10 4 3 0.020935235411 2 0 
99 6 2.0 20 1 0 0 4 1 4 2.35773824199e-46 1 0 
99 6 2.0 21 7 2 0 16 5 3 1.27726076333e-50 3 0 
99 6 2.0 22 6 2 0 18 5 3 1.39420166749e-41 3 0 
99 6 2.0 1 4 1 0 2 8 1 0.261689312078 0 2 
99 6 2.0 3 9 0 0 9 10 1 0.111721991772 0 3 
99 6 2.0 2 8 3 0 10 22 1 0.167907523927 0 4 
99 6 2.0 5 6 2 0 9 19 2 0.135895636369 1 3 
99 6 2.0 4 5 1 0 7 6 1 0.127125472117 0 3 
99 6 2.0 7 2 0 0 7 13 2 0.0405712958619 1 1 
99 6 2.0 6 14 5 0 40 38 2 1.52685933353e-05 2 6 
99 6 2.0 9 4 1 0 13 19 2 0.033549011158 1 3 
99 6 2.0 8 6 1 0 16 24 2 0.301406948472 2 2 
99 6 2.0 11 9 2 0 30 20 2 0.13712918704 4 2 
99 6 2.0 10 2 1 0 5 3 2 0.113056426875 1 1 
99 6 2.0 13 10 3 0 31 34 2 3.11641371195e-06 6 1 
99 6 2.0 12 3 1 0 8 13 3 0.0738803699396 1 2 
99 6 2.0 15 13 5 0 24 27 3 6.45147825205e-11 5 2 
99 7 0.0 14 5 1 0 14 11 3 1.38571131222e-27 1 2 
99 7 0.0 17 1 0 0 4 1 4 4.88765133479e-78 1 0 
99 7 0.0 16 5 2 0 8 16 2 1.16075773642e-15 2 2 
99 7 0.0 19 10 0 0 6 4 3 3.09704799254e-75 2 0 
99 7 0.0 18 5 0 0 10 4 3 1.22103338198e-57 2 0 
99 7 0.0 20 1 0 0 4 1 4 8.49423339505e-78 1 0 
99 7 0.0 21 7 2 0 16 5 3 6.68463029244e-57 3 0 
99 7 0.0 22 6 2 0 18 5 3 8.39946069717e-47 3 0 
99 7 0.0 1 4 1 0 2 8 1 0.198160472611 0 2 
99 7 0.0 3 9 0 0 9 10 1 0.169037931032 0 3 
99 7 0.0 2 8 3 0 10 22 1 0.217938347892 0 4 
99 7 0.0 5 6 2 0 9 19 2 0.144666894962 1 3 
99 7 0.0 4 5 1 0 7 6 1 0.148106484011 0 3 
99 7 0.0 7 2 0 0 7 13 2 0.0120272200722 1 1 
99 7 0.0 6 14 5 0 40 38 2 0.119846347165 2 6 
99 7 0.0 9 4 1 0 13 19 2 0.0864287058892 1 3 
99 7 0.0 8 6 1 0 16 24 2 0.160026070574 2 2 
99 7 0.0 11 9 2 0 30 20 2 0.0161667656066 4 2 
99 7 0.0 10 2 1 0 5 3 2 0.0864434859382 1 1 
99 7 0.0 13 10 3 0 31 34 2 2.18205540395e-22 6 1 
99 7 0.0 12 3 1 0 8 13 3 7.80268280272e-12 1 2 
99 7 0.0 15 13 5 0 24 27 3 5.69863520484e-42 5 2 
99 7 2.0 14 5 1 0 14 11 3 6.75209579831e-58 1 2 
99 7 2.0 17 1 0 0 4 1 4 0.0383399780837 1 0 
99 7 2.0 16 5 2 0 8 16 2 0.0106696048777 2 2 
99 7 2.0 19 10 0 0 6 4 3 4.55980617029e-13 2 0 
99 7 2.0 18 5 0 0 10 4 3 0.0219554985051 2 0 
99 7 2.0 20 1 0 0 4 1 4 1.73441500873e-46 1 0 
99 7 2.0 21 7 2 0 16 5 3 1.44636866266e-51 3 0 
99 7 2.0 22 6 2 0 18 5 3 3.42192014738e-43 3 0 
99 7 2.0 1 4 1 0 2 8 1 0.261900597585 0 2 
99 7 2.0 3 9 0 0 9 10 1 0.111746070328 0 3 
99 7 2.0 2 8 3 0 10 22 1 0.167714873405 0 4 
99 7 2.0 5 6 2 0 9 19 2 0.136269253139 1 3 
99 7 2.0 4 5 1 0 7 6 1 0.114977248127 0 3 
99 7 2.0 7 2 0 0 7 13 2 0.0401490387653 1 1 
99 7 2.0 6 14 5 0 40 38 2 3.22146608549e-06 2 6 
99 7 2.0 9 4 1 0 13 19 2 0.0525426219495 1 3 
99 7 2.0 8 6 1 0 16 24 2 0.303281586129 2 2 
99 7 2.0 11 9 2 0 30 20 2 0.135243039801 4 2 
99 7 2.0 10 2 1 0 5 3 2 0.140068914821 1 1 
99 7 2.0 13 10 3 0 31 34 2 4.85534945577e-06 6 1 
99 7 2.0 12 3 1 0 8 13 3 0.0739243123095 1 2 
99 7 2.0 15 13 5 0 24 27 3 3.98939743225e-11 5 2 
99 8 0.0 14 5 1 0 14 11 3 1.28582845569e-22 1 2 
99 8 0.0 17 1 0 0 4 1 4 1.51520812769e-77 1 0 
99 8 0.0 16 5 2 0 8 16 2 2.57649897178e-15 2 2 
99 8 0.0 19 10 0 0 6 4 3 1.47850022669e-75 2 0 
99 8 0.0 18 5 0 0 10 4 3 5.67394512004e-59 2 0 
99 8 0.0 20 1 0 0 4 1 4 8.87805537795e-78 1 0 
99 8 0.0 21 7 2 0 16 5 3 1.11241621631e-54 3 0 
99 8 0.0 22 6 2 0 18 5 3 5.28315045929e-45 3 0 
99 8 0.0 1 4 1 0 2 8 1 0.197589832833 0 2 
99 8 0.0 3 9 0 0 9 10 1 0.169098542437 0 3 
99 8 0.0 2 8 3 0 10 22 1 0.217632894843 0 4 
99 8 0.0 5 6 2 0 9 19 2 0.144668030919 1 3 
99 8 0.0 4 5 1 0 7 6 1 0.137522205565 0 3 
99 8 0.0 7 2 0 0 7 13 2 0.0118383553504 1 1 
99 8 0.0 6 14 5 0 40 38 2 0.120858977989 2 6 
99 8 0.0 9 4 1 0 13 19 2 0.063658812994 1 3 
99 8 0.0 8 6 1 0 16 24 2 0.159141964256 2 2 
99 8 0.0 11 9 2 0 30 20 2 0.0156548437876 4 2 
99 8 0.0 10 2 1 0 5 3 2 0.0636834099857 1 1 
99 8 0.0 13 10 3 0 31 34 2 1.4634780715e-23 6 1 
99 8 0.0 12 3 1 0 8 13 3 6.08617840434e-12 1 2 
99 8 0.0 15 13 5 0 24 27 3 5.92465417734e-42 5 2 
99 8 2.0 14 5 1 0 14 11 3 2.46174568778e-52 1 2 
99 8 2.0 17 1 0 0 4 1 4 0.0380574653031 1 0 
99 8 2.0 16 5 2 0 8 16 2 0.00302457937868 2 2 
99 8 2.0 19 10 0 0 6 4 3 1.61134690636e-15 2 0 
99 8 2.0 18 5 0 0 10 4 3 0.0212337236557 2 0 
99 8 2.0 20 1 0 0 4 1 4 1.81009037857e-46 1 0 
99 8 2.0 21 7 2 0 16 5 3 5.09164852502e-51 3 0 
99 8 2.0 22 6 2 0 18 5 3 1.56134573986e-40 3 0 
99 8 2.0 1 4 1 0 2 8 1 0.263328814222 0 2 
99 8 2.0 3 9 0 0 9 10 1 0.111624728397 0 3 
99 8 2.0 2 8 3 0 10 22 1 0.168395415139 0 4 
99 8 2.0 5 6 2 0 9 19 2 0.135335401015 1 3 
99 8 2.0 4 5 1 0 7 6 1 0.162590678063 0 3 
99 8 2.0 7 2 0 0 7 13 2 0.0410837354258 1 1 
99 8 2.0 6 14 5 0 40 38 2 8.88729584639e-06 2 6 
99 8 2.0 9 4 1 0 13 19 2 0.03254496811 1 3 
99 8 2.0 8 6 1 0 16 24 2 0.300493555097 2 2 
99 8 2.0 11 9 2 0 30 20 2 0.138556326054 4 2 
99 8 2.0 10 2 1 0 5 3 2 0.121031894915 1 1 
99 8 2.0 13 10 3 0 31 34 2 1.87450953118e-06 6 1 
99 8 2.0 12 3 1 0 8 13 3 0.0744082431732 1 2 
99 8 2.0 15 13 5 0 24 27 3 3.41319312318e-11 5 2 
99 9 0.0 14 5 1 0 14 11 3 1.35731190128e-24 1 2 
99 9 0.0 17 1 0 0 4 1 4 1.72216226268e-77 1 0 
99 9 0.0 16 5 2 0 8 16 2 7.47431325079e-17 2 2 
99 9 0.0 19 10 0 0 6 4 3 1.46049651315e-74 2 0 
99 9 0.0 18 5 0 0 10 4 3 2.12175968688e-55 2 0 
99 9 0.0 20 1 0 0 4 1 4 1.40059287e-77 1 0 
99 9 0.0 21 7 2 0 16 5 3 1.21264384102e-55 3 0 
99 9 0.0 22 6 2 0 18 5 3 1.9065807088e-44 3 0 
99 9 0.0 1 4 1 0 2 8 1 0.198200754803 0 2 
99 9 0.0 3 9 0 0 9 10 1 0.168971120787 0 3 
99 9 0.0 2 8 3 0 10 22 1 0.218402094693 0 4 
99 9 0.0 5 6 2 0 9 19 2 0.144356534203 1 3 
99 9 0.0 4 5 1 0 7 6 1 0.195810775008 0 3 
99 9 0.0 7 2 0 0 7 13 2 0.0122531030673 1 1 
99 9 0.0 6 14 5 0 40 38 2 0.118268078657 2 6 
99 9 0.0 9 4 1 0 13 19 2 0.0925726362303 1 3 
99 9 0.0 8 6 1 0 16 24 2 0.161045535981 2 2 
99 9 0.0 11 9 2 0 30 20 2 0.0168113625492 4 2 
99 9 0.0 10 2 1 0 5 3 2 0.0925522893708 1 1 
99 9 0.0 13 10 3 0 31 34 2 4.63282943906e-24 6 1 
99 9 0.0 12 3 1 0 8 13 3 2.6699925657e-10 1 2 
99 9 0.0 15 13 5 0 24 27 3 2.20094000526e-40 5 2 
99 9 2.0 14 5 1 0 14 11 3 7.28345475894e-52 1 2 
99 9 2.0 17 1 0 0 4 1 4 0.0345935527435 1 0 
99 9 2.0 16 5 2 0 8 16 2 0.00010465787607 2 2 
99 9 2.0 19 10 0 0 6 4 3 1.51219470323e-16 2 0 
99 9 2.0 18 5 0 0 10 4 3 0.0186681495641 2 0 
99 9 2.0 20 1 0 0 4 1 4 3.56488832219e-46 1 0 
99 9 2.0 21 7 2 0 16 5 3 2.97952691411e-49 3 0 
99 9 2.0 22 6 2 0 18 5 3 9.64895639827e-39 3 0 
99 9 2.0 1 4 1 0 2 8 1 0.265439843572 0 2 
99 9 2.0 3 9 0 0 9 10 1 0.11223070035 0 3 
99 9 2.0 2 8 3 0 10 22 1 0.165439350679 0 4 
99 9 2.0 5 6 2 0 9 19 2 0.132239692984 1 3 
99 9 2.0 4 5 1 0 7 6 1 0.099664827796 0 3 
99 9 2.0 7 2 0 0 7 13 2 0.0430170763892 1 1 
99 9 2.0 6 14 5 0 40 38 2 1.20493882538e-05 2 6 
99 9 2.0 9 4 1 0 13 19 2 0.0323704381494 1 3 
99 9 2.0 8 6 1 0 16 24 2 0.294653402458 2 2 
99 9 2.0 11 9 2 0 30 20 2 0.147700034567 4 2 
99 9 2.0 10 2 1 0 5 3 2 0.118885066586 1 1 
99 9 2.0 13 10 3 0 31 34 2 5.46788183414e-07 6 1 
99 9 2.0 12 3 1 0 8 13 3 0.0733821851274 1 2 
99 9 2.0 15 13 5 0 24 27 3 7.02823432496e-11 5 2 
99 10 0.0 14 5 1 0 14 11 3 5.3474710715e-22 1 2 
99 10 0.0 17 1 0 0 4 1 4 2.33816667163e-77 1 0 
99 10 0.0 16 5 2 0 8 16 2 2.8184289058e-12 2 2 
99 10 0.0 19 10 0 0 6 4 3 4.53305608182e-76 2 0 
99 10 0.0 18 5 0 0 10 4 3 5.2343963727e-64 2 0 
99 10 0.0 20 1 0 0 4 1 4 1.26350107171e-77 1 0 
99 10 0.0 21 7 2 0 16 5 3 2.26815204719e-54 3 0 
99 10 0.0 22 6 2 0 18 5 3 1.78301939123e-47 3 0 
99 10 0.0 1 4 1 0 2 8 1 0.196920070866 0 2 
99 10 0.0 3 9 0 0 9 10 1 0.169242356996 0 3 
99 10 0.0 2 8 3 0 10 22 1 0.216775328088 0 4 
99 10 0.0 5 6 2 0 9 19 2 0.14509099902 1 3 
99 10 0.0 4 5 1 0 7 6 1 0.203185332249 0 3 
99 10 0.0 7 2 0 0 7 13 2 0.0112961228778 1 1 
99 10 0.0 6 14 5 0 40 38 2 0.124025776871 2 6 
99 10 0.0 9 4 1 0 13 19 2 0.0718428319251 1 3 
99 10 0.0 8 6 1 0 16 24 2 0.157074792499 2 2 
99 10 0.0 11 9 2 0 30 20 2 0.0140665536242 4 2 
99 10 0.0 10 2 1 0 5 3 2 0.0722087021049 1 1 
99 10 0.0 13 10 3 0 31 34 2 2.09055866735e-23 6 1 
99 10 0.0 12 3 1 0 8 13 3 3.93609354958e-09 1 2 
99 10 0.0 15 13 5 0 24 27 3 7.2311020745e-44 5 2 
99 10 2.0 14 5 1 0 14 11 3 4.82385949566e-51 1 2 
99 10 2.0 17 1 0 0 4 1 4 0.0354496213645 1 0 
99 10 2.0 16 5 2 0 8 16 2 0.00209100111899 2 2 
99 10 2.0 19 10 0 0 6 4 3 3.14132504165e-13 2 0 
99 10 2.0 18 5 0 0 10 4 3 0.0230768507757 2 0 
99 10 2.0 20 1 0 0 4 1 4 1.37227691638e-46 1 0 
99 10 2.0 21 7 2 0 16 5 3 4.03882084871e-50 3 0 
99 10 2.0 22 6 2 0 18 5 3 3.23164134423e-41 3 0 
99 10 2.0 1 4 1 0 2 8 1 0.26763128704 0 2 
99 10 2.0 3 9 0 0 9 10 1 0.111259274454 0 3 
99 10 2.0 2 8 3 0 10 22 1 0.167512491719 0 4 
99 10 2.0 5 6 2 0 9 19 2 0.133185198571 1 3 
99 10 2.0 4 5 1 0 7 6 1 0.112504171528 0 3 
99 10 2.0 7 2 0 0 7 13 2 0.0423126842996 1 1 
99 10 2.0 6 14 5 0 40 38 2 8.50476595084e-07 2 6 
99 10 2.0 9 4 1 0 13 19 2 0.0425588826935 1 3 
99 10 2.0 8 6 1 0 16 24 2 0.29691878519 2 2 
99 10 2.0 11 9 2 0 30 20 2 0.144613346957 4 2 
99 10 2.0 10 2 1 0 5 3 2 0.147442556764 1 1 
99 10 2.0 13 10 3 0 31 34 2 6.9923519397e-07 6 1 
99 10 2.0 12 3 1 0 8 13 3 0.0752447005401 1 2 
99 10 2.0 15 13 5 0 24 27 3 8.31940037138e-12 5 2 
99 11 0.0 14 5 1 0 14 11 3 8.31529317523e-22 1 2 
99 11 0.0 17 1 0 0 4 1 4 1.02531515424e-77 1 0 
99 11 0.0 16 5 2 0 8 16 2 5.61310421179e-15 2 2 
99 11 0.0 19 10 0 0 6 4 3 7.62366698317e-77 2 0 
99 11 0.0 18 5 0 0 10 4 3 1.28101626119e-60 2 0 
99 11 0.0 20 1 0 0 4 1 4 1.4493339374e-77 1 0 
99 11 0.0 21 7 2 0 16 5 3 4.68212426219e-54 3 0 
99 11 0.0 22 6 2 0 18 5 3 1.22711354695e-45 3 0 
99 11 0.0 1 4 1 0 2 8 1 0.195225434296 0 2 
99 11 0.0 3 9 0 0 9 10 1 0.169439672286 0 3 
99 11 0.0 2 8 3 0 10 22 1 0.215112194899 0 4 
99 11 0.0 5 6 2 0 9 19 2 0.146824316119 1 3 
99 11 0.0 4 5 1 0 7 6 1 0.137818094788 0 3 
99 11 0.0 7 2 0 0 7 13 2 0.00977354323146 1 1 
99 11 0.0 6 14 5 0 40 38 2 0.132125778881 2 6 
99 11 0.0 9 4 1 0 13 19 2 0.07002887279 1 3 
99 11 0.0 8 6 1 0 16 24 2 0.152097133578 2 2 
99 11 0.0 11 9 2 0 30 20 2 0.00927910997981 4 2 
99 11 0.0 10 2 1 0 5 3 2 0.0700915580472 1 1 
99 11 0.0 13 10 3 0 31 34 2 4.18242396211e-24 6 1 
99 11 0.0 12 3 1 0 8 13 3 3.44316824469e-10 1 2 
99 11 0.0 15 13 5 0 24 27 3 4.39449687881e-42 5 2 
99 11 2.0 14 5 1 0 14 11 3 4.62232094071e-56 1 2 
99 11 2.0 17 1 0 0 4 1 4 0.0397431576344 1 0 
99 11 2.0 16 5 2 0 8 16 2 0.0136560154134 2 2 
99 11 2.0 19 10 0 0 6 4 3 9.52613545616e-15 2 0 
99 11 2.0 18 5 0 0 10 4 3 0.0239262811969 2 0 
99 11 2.0 20 1 0 0 4 1 4 4.42661789148e-46 1 0 
99 11 2.0 21 7 2 0 16 5 3 6.63677217651e-52 3 0 
99 11 2.0 22 6 2 0 18 5 3 9.15858825577e-42 3 0 
99 11 2.0 1 4 1 0 2 8 1 0.260172898653 0 2 
99 11 2.0 3 9 0 0 9 10 1 0.111630636965 0 3 
99 11 2.0 2 8 3 0 10 22 1 0.168097661718 0 4 
99 11 2.0 5 6 2 0 9 19 2 0.137984289132 1 3 
99 11 2.0 4 5 1 0 7 6 1 0.0964560104937 0 3 
99 11 2.0 7 2 0 0 7 13 2 0.0391665014647 1 1 
99 11 2.0 6 14 5 0 40 38 2 1.15865318015e-05 2 6 
99 11 2.0 9 4 1 0 13 19 2 0.0554676048801 1 3 
99 11 2.0 8 6 1 0 16 24 2 0.306094129932 2 2 
99 11 2.0 11 9 2 0 30 20 2 0.130019180786 4 2 
99 11 2.0 10 2 1 0 5 3 2 0.121267178734 1 1 
99 11 2.0 13 10 3 0 31 34 2 8.25102329649e-07 6 1 
99 11 2.0 12 3 1 0 8 13 3 0.0739855353536 1 2 
99 11 2.0 15 13 5 0 24 27 3 1.32064909312e-11 5 2 
99 12 0.0 14 5 1 0 14 11 3 9.19510686479e-23 1 2 
99 12 0.0 17 1 0 0 4 1 4 6.33526786993e-78 1 0 
99 12 0.0 16 5 2 0 8 16 2 4.01058210873e-15 2 2 
99 12 0.0 19 10 0 0 6 4 3 1.37615380279e-75 2 0 
99 12 0.0 18 5 0 0 10 4 3 3.82568097381e-59 2 0 
99 12 0.0 20 1 0 0 4 1 4 9.81817122814e-78 1 0 
99 12 0.0 21 7 2 0 16 5 3 9.43717426899e-55 3 0 
99 12 0.0 22 6 2 0 18 5 3 3.62645777075e-46 3 0 
99 12 0.0 1 4 1 0 2 8 1 0.197670650352 0 2 
99 12 0.0 3 9 0 0 9 10 1 0.169205007047 0 3 
99 12 0.0 2 8 3 0 10 22 1 0.217473039876 0 4 
99 12 0.0 5 6 2 0 9 19 2 0.144993740849 1 3 
99 12 0.0 4 5 1 0 7 6 1 0.235126257238 0 3 
99 12 0.0 7 2 0 0 7 13 2 0.0117092430253 1 1 
99 12 0.0 6 14 5 0 40 38 2 0.121775432587 2 6 
99 12 0.0 9 4 1 0 13 19 2 0.076493483257 1 3 
99 12 0.0 8 6 1 0 16 24 2 0.158702043828 2 2 
99 12 0.0 11 9 2 0 30 20 2 0.0152629113809 4 2 
99 12 0.0 10 2 1 0 5 3 2 0.0765330391865 1 1 
99 12 0.0 13 10 3 0 31 34 2 7.59102534579e-23 6 1 
99 12 0.0 12 3 1 0 8 13 3 3.59781144668e-11 1 2 
99 12 0.0 15 13 5 0 24 27 3 1.70213140265e-41 5 2 
99 12 2.0 14 5 1 0 14 11 3 3.80783754333e-51 1 2 
99 12 2.0 17 1 0 0 4 1 4 0.037747130936 1 0 
99 12 2.0 16 5 2 0 8 16 2 0.00811462762036 2 2 
99 12 2.0 19 10 0 0 6 4 3 2.37720786015e-14 2 0 
99 12 2.0 18 5 0 0 10 4 3 0.021715099022 2 0 
99 12 2.0 20 1 0 0 4 1 4 2.63837358563e-46 1 0 
99 12 2.0 21 7 2 0 16 5 3 8.99631331427e-49 3 0 
99 12 2.0 22 6 2 0 18 5 3 3.42093399485e-40 3 0 
99 12 2.0 1 4 1 0 2 8 1 0.262518658019 0 2 
99 12 2.0 3 9 0 0 9 10 1 0.111894581031 0 3 
99 12 2.0 2 8 3 0 10 22 1 0.167520178339 0 4 
99 12 2.0 5 6 2 0 9 19 2 0.136042357816 1 3 
99 12 2.0 4 5 1 0 7 6 1 0.11585973252 0 3 
99 12 2.0 7 2 0 0 7 13 2 0.0405667743556 1 1 
99 12 2.0 6 14 5 0 40 38 2 1.43173792846e-05 2 6 
99 12 2.0 9 4 1 0 13 19 2 0.0383606081032 1 3 
99 12 2.0 8 6 1 0 16 24 2 0.3015887569 2 2 
99 12 2.0 11 9 2 0 30 20 2 0.136728520196 4 2 
99 12 2.0 10 2 1 0 5 3 2 0.107807455559 1 1 
99 12 2.0 13 10 3 0 31 34 2 1.26751450383e-06 6 1 
99 12 2.0 12 3 1 0 8 13 3 0.0741315243302 1 2 
99 12 2.0 15 13 5 0 24 27 3 2.77785329334e-11 5 2 
99 13 0.0 14 5 1 0 14 11 3 3.54525235059e-29 1 2 
99 13 0.0 17 1 0 0 4 1 4 7.08041173955e-78 1 0 
99 13 0.0 16 5 2 0 8 16 2 1.23170080856e-15 2 2 
99 13 0.0 19 10 0 0 6 4 3 2.003333715e-77 2 0 
99 13 0.0 18 5 0 0 10 4 3 8.21884333861e-60 2 0 
99 13 0.0 20 1 0 0 4 1 4 9.73041396866e-78 1 0 
99 13 0.0 21 7 2 0 16 5 3 7.23626305616e-57 3 0 
99 13 0.0 22 6 2 0 18 5 3 4.62582095838e-47 3 0 
99 13 0.0 1 4 1 0 2 8 1 0.19206599836 0 2 
99 13 0.0 3 9 0 0 9 10 1 0.16835956286 0 3 
99 13 0.0 2 8 3 0 10 22 1 0.213864278135 0 4 
99 13 0.0 5 6 2 0 9 19 2 0.149143412817 1 3 
99 13 0.0 4 5 1 0 7 6 1 0.142966801091 0 3 
99 13 0.0 7 2 0 0 7 13 2 0.00780501165265 1 1 
99 13 0.0 6 14 5 0 40 38 2 0.142659195789 2 6 
99 13 0.0 9 4 1 0 13 19 2 0.0590573980609 1 3 
99 13 0.0 8 6 1 0 16 24 2 0.146046449321 2 2 
99 13 0.0 11 9 2 0 30 20 2 0.00173553507903 4 2 
99 13 0.0 10 2 1 0 5 3 2 0.0590776176866 1 1 
99 13 0.0 13 10 3 0 31 34 2 2.49106706495e-22 6 1 
99 13 0.0 12 3 1 0 8 13 3 3.06694562914e-09 1 2 
99 13 0.0 15 13 5 0 24 27 3 8.60859940704e-42 5 2 
99 13 2.0 14 5 1 0 14 11 3 1.16389652771e-50 1 2 
99 13 2.0 17 1 0 0 4 1 4 0.0382948227238 1 0 
99 13 2.0 16 5 2 0 8 16 2 0.005592480381 2 2 
99 13 2.0 19 10 0 0 6 4 3 6.05457899053e-15 2 0 
99 13 2.0 18 5 0 0 10 4 3 0.0225436609068 2 0 
99 13 2.0 20 1 0 0 4 1 4 2.88039840011e-46 1 0 
99 13 2.0 21 7 2 0 16 5 3 1.79378384096e-49 3 0 
99 13 2.0 22 6 2 0 18 5 3 3.91895823855e-40 3 0 
99 13 2.0 1 4 1 0 2 8 1 0.262451042196 0 2 
99 13 2.0 3 9 0 0 9 10 1 0.111350742756 0 3 
99 13 2.0 2 8 3 0 10 22 1 0.167934012321 0 4 
99 13 2.0 5 6 2 0 9 19 2 0.135869091743 1 3 
99 13 2.0 4 5 1 0 7 6 1 0.10231857458 0 3 
99 13 2.0 7 2 0 0 7 13 2 0.0406946739827 1 1 
99 13 2.0 6 14 5 0 40 38 2 7.43399018212e-06 2 6 
99 13 2.0 9 4 1 0 13 19 2 0.0418841205815 1 3 
99 13 2.0 8 6 1 0 16 24 2 0.30138470155 2 2 
99 13 2.0 11 9 2 0 30 20 2 0.137453894957 4 2 
99 13 2.0 10 2 1 0 5 3 2 0.140951562838 1 1 
99 13 2.0 13 10 3 0 31 34 2 4.22199566448e-07 6 1 
99 13 2.0 12 3 1 0 8 13 3 0.0737406247238 1 2 
99 13 2.0 15 13 5 0 24 27 3 1.10241648301e-10 5 2 
99 14 0.0 14 5 1 0 14 11 3 1.12129656575e-25 1 2 
99 14 0.0 17 1 0 0 4 1 4 1.62963377593e-77 1 0 
99 14 0.0 16 5 2 0 8 16 2 3.71322434378e-16 2 2 
99 14 0.0 19 10 0 0 6 4 3 1.4578716055e-74 2 0 
99 14 0.0 18 5 0 0 10 4 3 3.01680752174e-56 2 0 
99 14 0.0 20 1 0 0 4 1 4 1.26510536055e-77 1 0 
99 14 0.0 21 7 2 0 16 5 3 8.38042591826e-56 3 0 
99 14 0.0 22 6 2 0 18 5 3 3.11366863687e-45 3 0 
99 14 0.0 1 4 1 0 2 8 1 0.198249851591 0 2 
99 14 0.0 3 9 0 0 9 10 1 0.169015393682 0 3 
99 14 0.0 2 8 3 0 10 22 1 0.218619779657 0 4 
99 14 0.0 5 6 2 0 9 19 2 0.144404750036 1 3 
99 14 0.0 4 5 1 0 7 6 1 0.132771164552 0 3 
99 14 0.0 7 2 0 0 7 13 2 0.0123251319186 1 1 
99 14 0.0 6 14 5 0 40 38 2 0.117834522472 2 6 
99 14 0.0 9 4 1 0 13 19 2 0.0656443882567 1 3 
99 14 0.0 8 6 1 0 16 24 2 0.161460418211 2 2 
99 14 0.0 11 9 2 0 30 20 2 0.0170021784758 4 2 
99 14 0.0 10 2 1 0 5 3 2 0.0656479436603 1 1 
99 14 0.0 13 10 3 0 31 34 2 2.06134811902e-23 6 1 
99 14 0.0 12 3 1 0 8 13 3 8.72738786509e-12 1 2 
99 14 0.0 15 13 5 0 24 27 3 5.67396518088e-42 5 2 
99 14 2.0 14 5 1 0 14 11 3 1.6556800572e-49 1 2 
99 14 2.0 17 1 0 0 4 1 4 0.0382391668054 1 0 
99 14 2.0 16 5 2 0 8 16 2 0.00412441841071 2 2 
99 14 2.0 19 10 0 0 6 4 3 6.57885754698e-14 2 0 
99 14 2.0 18 5 0 0 10 4 3 0.0227921557563 2 0 
99 14 2.0 20 1 0 0 4 1 4 1.96885564413e-46 1 0 
99 14 2.0 21 7 2 0 16 5 3 1.20703859325e-48 3 0 
99 14 2.0 22 6 2 0 18 5 3 3.32413174444e-40 3 0 
99 14 2.0 1 4 1 0 2 8 1 0.262961278854 0 2 
99 14 2.0 3 9 0 0 9 10 1 0.111345599835 0 3 
99 14 2.0 2 8 3 0 10 22 1 0.167967284309 0 4 
99 14 2.0 5 6 2 0 9 19 2 0.136096927768 1 3 
99 14 2.0 4 5 1 0 7 6 1 0.105146208556 0 3 
99 14 2.0 7 2 0 0 7 13 2 0.0408808161538 1 1 
99 14 2.0 6 14 5 0 40 38 2 4.55356676055e-06 2 6 
99 14 2.0 9 4 1 0 13 19 2 0.0370444448489 1 3 
99 14 2.0 8 6 1 0 16 24 2 0.300619502421 2 2 
99 14 2.0 11 9 2 0 30 20 2 0.13815744563 4 2 
99 14 2.0 10 2 1 0 5 3 2 0.12989548474 1 1 
99 14 2.0 13 10 3 0 31 34 2 1.21716969831e-06 6 1 
99 14 2.0 12 3 1 0 8 13 3 0.0740317105293 1 2 
99 14 2.0 15 13 5 0 24 27 3 1.33544789099e-11 5 2 
99 15 0.0 14 5 1 0 14 11 3 2.6553460587e-25 1 2 
99 15 0.0 17 1 0 0 4 1 4 9.03074831667e-78 1 0 
99 15 0.0 16 5 2 0 8 16 2 2.86470450822e-15 2 2 
99 15 0.0 19 10 0 0 6 4 3 1.90806171533e-73 2 0 
99 15 0.0 18 5 0 0 10 4 3 1.63812632763e-56 2 0 
99 15 0.0 20 1 0 0 4 1 4 1.00854928972e-77 1 0 
99 15 0.0 21 7 2 0 16 5 3 8.65570838038e-56 3 0 
99 15 0.0 22 6 2 0 18 5 3 6.44899270767e-46 3 0 
99 15 0.0 1 4 1 0 2 8 1 0.19818796459 0 2 
99 15 0.0 3 9 0 0 9 10 1 0.168767088976 0 3 
99 15 0.0 2 8 3 0 10 22 1 0.218555135859 0 4 
99 15 0.0 5 6 2 0 9 19 2 0.144213871827 1 3 
99 15 0.0 4 5 1 0 7 6 1 0.211584904727 0 3 
99 15 0.0 7 2 0 0 7 13 2 0.0123952257607 1 1 
99 15 0.0 6 14 5 0 40 38 2 0.117141640496 2 6 
99 15 0.0 9 4 1 0 13 19 2 0.0873511011877 1 3 
99 15 0.0 8 6 1 0 16 24 2 0.161780953501 2 2 
99 15 0.0 11 9 2 0 30 20 2 0.0172110537395 4 2 
99 15 0.0 10 2 1 0 5 3 2 0.0873594107668 1 1 
99 15 0.0 13 10 3 0 31 34 2 6.49781560106e-23 6 1 
99 15 0.0 12 3 1 0 8 13 3 8.13405539782e-12 1 2 
99 15 0.0 15 13 5 0 24 27 3 3.6734371864e-41 5 2 
99 15 2.0 14 5 1 0 14 11 3 4.4475710058e-50 1 2 
99 15 2.0 17 1 0 0 4 1 4 0.0354367983353 1 0 
99 15 2.0 16 5 2 0 8 16 2 0.000310192503647 2 2 
99 15 2.0 19 10 0 0 6 4 3 1.16552464089e-16 2 0 
99 15 2.0 18 5 0 0 10 4 3 0.0220313627737 2 0 
99 15 2.0 20 1 0 0 4 1 4 3.09882044951e-46 1 0 
99 15 2.0 21 7 2 0 16 5 3 7.72030024713e-49 3 0 
99 15 2.0 22 6 2 0 18 5 3 2.22440996404e-38 3 0 
99 15 2.0 1 4 1 0 2 8 1 0.26671974131 0 2 
99 15 2.0 3 9 0 0 9 10 1 0.111544288221 0 3 
99 15 2.0 2 8 3 0 10 22 1 0.16747888315 0 4 
99 15 2.0 5 6 2 0 9 19 2 0.133536543667 1 3 
99 15 2.0 4 5 1 0 7 6 1 0.12730920649 0 3 
99 15 2.0 7 2 0 0 7 13 2 0.0422840892752 1 1 
99 15 2.0 6 14 5 0 40 38 2 2.01609685148e-05 2 6 
99 15 2.0 9 4 1 0 13 19 2 0.0314010391599 1 3 
99 15 2.0 8 6 1 0 16 24 2 0.296514431948 2 2 
99 15 2.0 11 9 2 0 30 20 2 0.144653004261 4 2 
99 15 2.0 10 2 1 0 5 3 2 0.118695141511 1 1 
99 15 2.0 13 10 3 0 31 34 2 4.22864760973e-07 6 1 
99 15 2.0 12 3 1 0 8 13 3 0.075303183311 1 2 
99 15 2.0 15 13 5 0 24 27 3 6.35446786849e-11 5 2 
99 16 0.0 14 5 1 0 14 11 3 1.13150583696e-24 1 2 
99 16 0.0 17 1 0 0 4 1 4 1.02306452e-77 1 0 
99 16 0.0 16 5 2 0 8 16 2 2.58894123432e-14 2 2 
99 16 0.0 19 10 0 0 6 4 3 4.72539784552e-76 2 0 
99 16 0.0 18 5 0 0 10 4 3 4.29336343988e-60 2 0 
99 16 0.0 20 1 0 0 4 1 4 4.38357800955e-78 1 0 
99 16 0.0 21 7 2 0 16 5 3 2.79449630487e-55 3 0 
99 16 0.0 22 6 2 0 18 5 3 7.92021770907e-47 3 0 
99 16 0.0 1 4 1 0 2 8 1 0.197271794081 0 2 
99 16 0.0 3 9 0 0 9 10 1 0.169350860649 0 3 
99 16 0.0 2 8 3 0 10 22 1 0.216989173855 0 4 
99 16 0.0 5 6 2 0 9 19 2 0.145056527311 1 3 
99 16 0.0 4 5 1 0 7 6 1 0.148729515324 0 3 
99 16 0.0 7 2 0 0 7 13 2 0.0113386096599 1 1 
99 16 0.0 6 14 5 0 40 38 2 0.123727279255 2 6 
99 16 0.0 9 4 1 0 13 19 2 0.0796007076637 1 3 
99 16 0.0 8 6 1 0 16 24 2 0.157201348379 2 2 
99 16 0.0 11 9 2 0 30 20 2 0.0141980845379 4 2 
99 16 0.0 10 2 1 0 5 3 2 0.0796396108155 1 1 
99 16 0.0 13 10 3 0 31 34 2 1.28094221931e-22 6 1 
99 16 0.0 12 3 1 0 8 13 3 7.40944030493e-11 1 2 
99 16 0.0 15 13 5 0 24 27 3 2.29948160101e-42 5 2 
99 16 2.0 14 5 1 0 14 11 3 5.71845935861e-56 1 2 
99 16 2.0 17 1 0 0 4 1 4 0.0386106956607 1 0 
99 16 2.0 16 5 2 0 8 16 2 0.00873456989378 2 2 
99 16 2.0 19 10 0 0 6 4 3 2.09257003155e-13 2 0 
99 16 2.0 18 5 0 0 10 4 3 0.0221910005065 2 0 
99 16 2.0 20 1 0 0 4 1 4 3.46872488351e-46 1 0 
99 16 2.0 21 7 2 0 16 5 3 1.99334959746e-50 3 0 
99 16 2.0 22 6 2 0 18 5 3 6.97892084088e-42 3 0 
99 16 2.0 1 4 1 0 2 8 1 0.261433725381 0 2 
99 16 2.0 3 9 0 0 9 10 1 0.111473910292 0 3 
99 16 2.0 2 8 3 0 10 22 1 0.168209738481 0 4 
99 16 2.0 5 6 2 0 9 19 2 0.136636581867 1 3 
99 16 2.0 4 5 1 0 7 6 1 0.11550638938 0 3 
99 16 2.0 7 2 0 0 7 13 2 0.0402200010562 1 1 
99 16 2.0 6 14 5 0 40 38 2 4.37967123088e-06 2 6 
99 16 2.0 9 4 1 0 13 19 2 0.0482817472292 1 3 
99 16 2.0 8 6 1 0 16 24 2 0.303249910807 2 2 
99 16 2.0 11 9 2 0 30 20 2 0.135172716738 4 2 
99 16 2.0 10 2 1 0 5 3 2 0.144107988451 1 1 
99 16 2.0 13 10 3 0 31 34 2 1.56828104713e-06 6 1 
99 16 2.0 12 3 1 0 8 13 3 0.0736409930585 1 2 
99 16 2.0 15 13 5 0 24 27 3 7.5983182669e-12 5 2 
99 17 0.0 14 5 1 0 14 11 3 2.78298732436e-25 1 2 
99 17 0.0 17 1 0 0 4 1 4 7.54763717355e-78 1 0 
99 17 0.0 16 5 2 0 8 16 2 1.53341440731e-15 2 2 
99 17 0.0 19 10 0 0 6 4 3 6.32147897115e-75 2 0 
99 17 0.0 18 5 0 0 10 4 3 1.51674434482e-57 2 0 
99 17 0.0 20 1 0 0 4 1 4 5.18990077042e-78 1 0 
99 17 0.0 21 7 2 0 16 5 3 2.51367469547e-56 3 0 
99 17 0.0 22 6 2 0 18 5 3 3.96854514321e-47 3 0 
99 17 0.0 1 4 1 0 2 8 1 0.198090324386 0 2 
99 17 0.0 3 9 0 0 9 10 1 0.168996784932 0 3 
99 17 0.0 2 8 3 0 10 22 1 0.218464018267 0 4 
99 17 0.0 5 6 2 0 9 19 2 0.14431530192 1 3 
99 17 0.0 4 5 1 0 7 6 1 0.158930285567 0 3 
99 17 0.0 7 2 0 0 7 13 2 0.0122566276291 1 1 
99 17 0.0 6 14 5 0 40 38 2 0.118132054762 2 6 
99 17 0.0 9 4 1 0 13 19 2 0.0895957672966 1 3 
99 17 0.0 8 6 1 0 16 24 2 0.161017442635 2 2 
99 17 0.0 11 9 2 0 30 20 2 0.0168385498681 4 2 
99 17 0.0 10 2 1 0 5 3 2 0.0896386781603 1 1 
99 17 0.0 13 10 3 0 31 34 2 1.51061095756e-23 6 1 
99 17 0.0 12 3 1 0 8 13 3 1.90515317758e-10 1 2 
99 17 0.0 15 13 5 0 24 27 3 5.06904332222e-42 5 2 
99 17 2.0 14 5 1 0 14 11 3 2.38311551095e-52 1 2 
99 17 2.0 17 1 0 0 4 1 4 0.0374069934546 1 0 
99 17 2.0 16 5 2 0 8 16 2 0.00104826575154 2 2 
99 17 2.0 19 10 0 0 6 4 3 8.23197605074e-16 2 0 
99 17 2.0 18 5 0 0 10 4 3 0.0221827534371 2 0 
99 17 2.0 20 1 0 0 4 1 4 2.17141793889e-46 1 0 
99 17 2.0 21 7 2 0 16 5 3 7.86265686594e-50 3 0 
99 17 2.0 22 6 2 0 18 5 3 1.58620941104e-39 3 0 
99 17 2.0 1 4 1 0 2 8 1 0.264478011969 0 2 
99 17 2.0 3 9 0 0 9 10 1 0.111551963059 0 3 
99 17 2.0 2 8 3 0 10 22 1 0.167982864247 0 4 
99 17 2.0 5 6 2 0 9 19 2 0.13510535913 1 3 
99 17 2.0 4 5 1 0 7 6 1 0.128707995122 0 3 
99 17 2.0 7 2 0 0 7 13 2 0.0415042067281 1 1 
99 17 2.0 6 14 5 0 40 38 2 1.44232306249e-05 2 6 
99 17 2.0 9 4 1 0 13 19 2 0.0299551013257 1 3 
99 17 2.0 8 6 1 0 16 24 2 0.299007807226 2 2 
99 17 2.0 11 9 2 0 30 20 2 0.140646540281 4 2 
99 17 2.0 10 2 1 0 5 3 2 0.116541243342 1 1 
99 17 2.0 13 10 3 0 31 34 2 5.56429152792e-07 6 1 
99 17 2.0 12 3 1 0 8 13 3 0.0749010315017 1 2 
99 17 2.0 15 13 5 0 24 27 3 6.76973352311e-11 5 2 
99 18 0.0 14 5 1 0 14 11 3 1.03017761192e-27 1 2 
99 18 0.0 17 1 0 0 4 1 4 8.38082850207e-78 1 0 
99 18 0.0 16 5 2 0 8 16 2 1.13418052104e-15 2 2 
99 18 0.0 19 10 0 0 6 4 3 3.380421485e-75 2 0 
99 18 0.0 18 5 0 0 10 4 3 1.19072977232e-57 2 0 
99 18 0.0 20 1 0 0 4 1 4 1.16553724569e-77 1 0 
99 18 0.0 21 7 2 0 16 5 3 1.87894588828e-56 3 0 
99 18 0.0 22 6 2 0 18 5 3 7.90314370635e-47 3 0 
99 18 0.0 1 4 1 0 2 8 1 0.197807738854 0 2 
99 18 0.0 3 9 0 0 9 10 1 0.169037660309 0 3 
99 18 0.0 2 8 3 0 10 22 1 0.217960082706 0 4 
99 18 0.0 5 6 2 0 9 19 2 0.144743231163 1 3 
99 18 0.0 4 5 1 0 7 6 1 0.143298334842 0 3 
99 18 0.0 7 2 0 0 7 13 2 0.0120183849394 1 1 
99 18 0.0 6 14 5 0 40 38 2 0.119696030891 2 6 
99 18 0.0 9 4 1 0 13 19 2 0.08430006848 1 3 
99 18 0.0 8 6 1 0 16 24 2 0.15988525498 2 2 
99 18 0.0 11 9 2 0 30 20 2 0.0161829478601 4 2 
99 18 0.0 10 2 1 0 5 3 2 0.0843197249401 1 1 
99 18 0.0 13 10 3 0 31 34 2 9.48160600633e-23 6 1 
99 18 0.0 12 3 1 0 8 13 3 3.7193843603e-11 1 2 
99 18 0.0 15 13 5 0 24 27 3 3.44187971163e-42 5 2 
99 18 2.0 14 5 1 0 14 11 3 1.70114759795e-58 1 2 
99 18 2.0 17 1 0 0 4 1 4 0.038009019507 1 0 
99 18 2.0 16 5 2 0 8 16 2 0.00411355427732 2 2 
99 18 2.0 19 10 0 0 6 4 3 1.10520059441e-14 2 0 
99 18 2.0 18 5 0 0 10 4 3 0.0213838587752 2 0 
99 18 2.0 20 1 0 0 4 1 4 3.61396185288e-46 1 0 
99 18 2.0 21 7 2 0 16 5 3 3.94175017188e-52 3 0 
99 18 2.0 22 6 2 0 18 5 3 4.3641148151e-42 3 0 
99 18 2.0 1 4 1 0 2 8 1 0.262068033974 0 2 
99 18 2.0 3 9 0 0 9 10 1 0.111626198471 0 3 
99 18 2.0 2 8 3 0 10 22 1 0.16810302117 0 4 
99 18 2.0 5 6 2 0 9 19 2 0.135813165567 1 3 
99 18 2.0 4 5 1 0 7 6 1 0.127645869943 0 3 
99 18 2.0 7 2 0 0 7 13 2 0.0406914536987 1 1 
99 18 2.0 6 14 5 0 40 38 2 1.99843870864e-05 2 6 
99 18 2.0 9 4 1 0 13 19 2 0.0322220221426 1 3 
99 18 2.0 8 6 1 0 16 24 2 0.301046140128 2 2 
99 18 2.0 11 9 2 0 30 20 2 0.137375888109 4 2 
99 18 2.0 10 2 1 0 5 3 2 0.11270829963 1 1 
99 18 2.0 13 10 3 0 31 34 2 6.44733670012e-07 6 1 
99 18 2.0 12 3 1 0 8 13 3 0.0739843871088 1 2 
99 18 2.0 15 13 5 0 24 27 3 1.03246956374e-11 5 2 
99 19 0.0 14 5 1 0 14 11 3 3.38178961262e-30 1 2 
99 19 0.0 17 1 0 0 4 1 4 6.18970667213e-78 1 0 
99 19 0.0 16 5 2 0 8 16 2 3.85243799837e-14 2 2 
99 19 0.0 19 10 0 0 6 4 3 3.47721778119e-75 2 0 
99 19 0.0 18 5 0 0 10 4 3 5.48223059754e-60 2 0 
99 19 0.0 20 1 0 0 4 1 4 2.70865259197e-78 1 0 
99 19 0.0 21 7 2 0 16 5 3 4.05812510942e-58 3 0 
99 19 0.0 22 6 2 0 18 5 3 6.93130658134e-50 3 0 
99 19 0.0 1 4 1 0 2 8 1 0.197290065886 0 2 
99 19 0.0 3 9 0 0 9 10 1 0.169163192805 0 3 
99 19 0.0 2 8 3 0 10 22 1 0.217361373318 0 4 
99 19 0.0 5 6 2 0 9 19 2 0.144816395286 1 3 
99 19 0.0 4 5 1 0 7 6 1 0.143179230172 0 3 
99 19 0.0 7 2 0 0 7 13 2 0.0116580645197 1 1 
99 19 0.0 6 14 5 0 40 38 2 0.121861173924 2 6 
99 19 0.0 9 4 1 0 13 19 2 0.0727549686519 1 3 
99 19 0.0 8 6 1 0 16 24 2 0.158381316515 2 2 
99 19 0.0 11 9 2 0 30 20 2 0.0151474072758 4 2 
99 19 0.0 10 2 1 0 5 3 2 0.0728373768009 1 1 
99 19 0.0 13 10 3 0 31 34 2 3.62962199475e-22 6 1 
99 19 0.0 12 3 1 0 8 13 3 2.8273929249e-11 1 2 
99 19 0.0 15 13 5 0 24 27 3 1.79279533974e-42 5 2 
99 19 2.0 14 5 1 0 14 11 3 9.23372812963e-56 1 2 
99 19 2.0 17 1 0 0 4 1 4 0.0378992425204 1 0 
99 19 2.0 16 5 2 0 8 16 2 0.0087673365352 2 2 
99 19 2.0 19 10 0 0 6 4 3 1.18514708732e-13 2 0 
99 19 2.0 18 5 0 0 10 4 3 0.0214317344015 2 0 
99 19 2.0 20 1 0 0 4 1 4 5.23252755365e-47 1 0 
99 19 2.0 21 7 2 0 16 5 3 9.54956290458e-52 3 0 
99 19 2.0 22 6 2 0 18 5 3 1.06828015173e-42 3 0 
99 19 2.0 1 4 1 0 2 8 1 0.262409622489 0 2 
99 19 2.0 3 9 0 0 9 10 1 0.111730237209 0 3 
99 19 2.0 2 8 3 0 10 22 1 0.167511314068 0 4 
99 19 2.0 5 6 2 0 9 19 2 0.135728823222 1 3 
99 19 2.0 4 5 1 0 7 6 1 0.115439114543 0 3 
99 19 2.0 7 2 0 0 7 13 2 0.040482396381 1 1 
99 19 2.0 6 14 5 0 40 38 2 2.54504709039e-05 2 6 
99 19 2.0 9 4 1 0 13 19 2 0.0504919023861 1 3 
99 19 2.0 8 6 1 0 16 24 2 0.302272755129 2 2 
99 19 2.0 11 9 2 0 30 20 2 0.137105718108 4 2 
99 19 2.0 10 2 1 0 5 3 2 0.148396975101 1 1 
99 19 2.0 13 10 3 0 31 34 2 3.139330614e-06 6 1 
99 19 2.0 12 3 1 0 8 13 3 0.0737630208446 1 2 
99 19 2.0 15 13 5 0 24 27 3 8.53390509737e-11 5 2 
99 20 0.0 14 5 1 0 14 11 3 8.61037082557e-24 1 2 
99 20 0.0 17 1 0 0 4 1 4 9.76965340759e-78 1 0 
99 20 0.0 16 5 2 0 8 16 2 1.95785404573e-16 2 2 
99 20 0.0 19 10 0 0 6 4 3 2.29119325783e-74 2 0 
99 20 0.0 18 5 0 0 10 4 3 2.28271228841e-55 2 0 
99 20 0.0 20 1 0 0 4 1 4 3.78440037179e-78 1 0 
99 20 0.0 21 7 2 0 16 5 3 1.81355929691e-55 3 0 
99 20 0.0 22 6 2 0 18 5 3 2.96141090753e-45 3 0 
99 20 0.0 1 4 1 0 2 8 1 0.198251689205 0 2 
99 20 0.0 3 9 0 0 9 10 1 0.169070552732 0 3 
99 20 0.0 2 8 3 0 10 22 1 0.218744665648 0 4 
99 20 0.0 5 6 2 0 9 19 2 0.144309038421 1 3 
99 20 0.0 4 5 1 0 7 6 1 0.168908302526 0 3 
99 20 0.0 7 2 0 0 7 13 2 0.0123462050078 1 1 
99 20 0.0 6 14 5 0 40 38 2 0.117651945322 2 6 
99 20 0.0 9 4 1 0 13 19 2 0.0546851721409 1 3 
99 20 0.0 8 6 1 0 16 24 2 0.161570990711 2 2 
99 20 0.0 11 9 2 0 30 20 2 0.0170608858004 4 2 
99 20 0.0 10 2 1 0 5 3 2 0.0546740646868 1 1 
99 20 0.0 13 10 3 0 31 34 2 1.15748073361e-22 6 1 
99 20 0.0 12 3 1 0 8 13 3 3.36307742272e-11 1 2 
99 20 0.0 15 13 5 0 24 27 3 1.27115461476e-40 5 2 
99 20 2.0 14 5 1 0 14 11 3 8.89340264203e-50 1 2 
99 20 2.0 17 1 0 0 4 1 4 0.0377535942477 1 0 
99 20 2.0 16 5 2 0 8 16 2 0.00254164849526 2 2 
99 20 2.0 19 10 0 0 6 4 3 1.52172956014e-14 2 0 
99 20 2.0 18 5 0 0 10 4 3 0.0223171703364 2 0 
99 20 2.0 20 1 0 0 4 1 4 5.30795732681e-47 1 0 
99 20 2.0 21 7 2 0 16 5 3 1.80911090132e-49 3 0 
99 20 2.0 22 6 2 0 18 5 3 7.9976398676e-40 3 0 
99 20 2.0 1 4 1 0 2 8 1 0.264717217716 0 2 
99 20 2.0 3 9 0 0 9 10 1 0.111372836901 0 3 
99 20 2.0 2 8 3 0 10 22 1 0.167787076803 0 4 
99 20 2.0 5 6 2 0 9 19 2 0.13493945568 1 3 
99 20 2.0 4 5 1 0 7 6 1 0.116943920864 0 3 
99 20 2.0 7 2 0 0 7 13 2 0.0413279149208 1 1 
99 20 2.0 6 14 5 0 40 38 2 8.37196801993e-06 2 6 
99 20 2.0 9 4 1 0 13 19 2 0.0442324007062 1 3 
99 20 2.0 8 6 1 0 16 24 2 0.299820541565 2 2 
99 20 2.0 11 9 2 0 30 20 2 0.140493028288 4 2 
99 20 2.0 10 2 1 0 5 3 2 0.162163932284 1 1 
99 20 2.0 13 10 3 0 31 34 2 1.64397044186e-06 6 1 
99 20 2.0 12 3 1 0 8 13 3 0.0742498538633 1 2 
99 20 2.0 15 13 5 0 24 27 3 2.74297037678e-10 5 2 
99 21 0.0 14 5 1 0 14 11 3 1.630574866e-22 1 2 
99 21 0.0 17 1 0 0 4 1 4 1.21806537519e-77 1 0 
99 21 0.0 16 5 2 0 8 16 2 1.35586029954e-14 2 2 
99 21 0.0 19 10 0 0 6 4 3 8.03409856835e-76 2 0 
99 21 0.0 18 5 0 0 10 4 3 6.09595422869e-61 2 0 
99 21 0.0 20 1 0 0 4 1 4 7.2361375249e-78 1 0 
99 21 0.0 21 7 2 0 16 5 3 1.40548606697e-54 3 0 
99 21 0.0 22 6 2 0 18 5 3 1.22747331825e-45 3 0 
99 21 0.0 1 4 1 0 2 8 1 0.197641173316 0 2 
99 21 0.0 3 9 0 0 9 10 1 0.169134040279 0 3 
99 21 0.0 2 8 3 0 10 22 1 0.217267530706 0 4 
99 21 0.0 5 6 2 0 9 19 2 0.144972961583 1 3 
99 21 0.0 4 5 1 0 7 6 1 0.148842748645 0 3 
99 21 0.0 7 2 0 0 7 13 2 0.011644144226 1 1 
99 21 0.0 6 14 5 0 40 38 2 0.12213761453 2 6 
99 21 0.0 9 4 1 0 13 19 2 0.0825900618216 1 3 
99 21 0.0 8 6 1 0 16 24 2 0.158428139878 2 2 
99 21 0.0 11 9 2 0 30 20 2 0.0150737988022 4 2 
99 21 0.0 10 2 1 0 5 3 2 0.0826510414958 1 1 
99 21 0.0 13 10 3 0 31 34 2 2.15024009917e-23 6 1 
99 21 0.0 12 3 1 0 8 13 3 3.55459978531e-11 1 2 
99 21 0.0 15 13 5 0 24 27 3 6.13954434823e-43 5 2 
99 21 2.0 14 5 1 0 14 11 3 6.58794844958e-55 1 2 
99 21 2.0 17 1 0 0 4 1 4 0.0375063520878 1 0 
99 21 2.0 16 5 2 0 8 16 2 0.00856920624608 2 2 
99 21 2.0 19 10 0 0 6 4 3 3.3768051138e-14 2 0 
99 21 2.0 18 5 0 0 10 4 3 0.022307944167 2 0 
99 21 2.0 20 1 0 0 4 1 4 2.49116538146e-46 1 0 
99 21 2.0 21 7 2 0 16 5 3 3.1664688286e-50 3 0 
99 21 2.0 22 6 2 0 18 5 3 4.42648335861e-41 3 0 
99 21 2.0 1 4 1 0 2 8 1 0.263309944782 0 2 
99 21 2.0 3 9 0 0 9 10 1 0.111725208467 0 3 
99 21 2.0 2 8 3 0 10 22 1 0.16720544373 0 4 
99 21 2.0 5 6 2 0 9 19 2 0.135454965555 1 3 
99 21 2.0 4 5 1 0 7 6 1 0.101496446577 0 3 
99 21 2.0 7 2 0 0 7 13 2 0.0408666573035 1 1 
99 21 2.0 6 14 5 0 40 38 2 3.6673271382e-05 2 6 
99 21 2.0 9 4 1 0 13 19 2 0.0436041690768 1 3 
99 21 2.0 8 6 1 0 16 24 2 0.300811919495 2 2 
99 21 2.0 11 9 2 0 30 20 2 0.138101752844 4 2 
99 21 2.0 10 2 1 0 5 3 2 0.12359200394 1 1 
99 21 2.0 13 10 3 0 31 34 2 2.36516645263e-06 6 1 
99 21 2.0 12 3 1 0 8 13 3 0.0739966292469 1 2 
99 21 2.0 15 13 5 0 24 27 3 4.43107082596e-11 5 2 
99 22 0.0 14 5 1 0 14 11 3 1.00929642189e-19 1 2 
99 22 0.0 17 1 0 0 4 1 4 1.27516395199e-77 1 0 
99 22 0.0 16 5 2 0 8 16 2 2.82184079665e-16 2 2 
99 22 0.0 19 10 0 0 6 4 3 6.42035759238e-77 2 0 
99 22 0.0 18 5 0 0 10 4 3 5.90859994504e-58 2 0 
99 22 0.0 20 1 0 0 4 1 4 7.46474839928e-78 1 0 
99 22 0.0 21 7 2 0 16 5 3 2.64161029531e-53 3 0 
99 22 0.0 22 6 2 0 18 5 3 1.74520383669e-42 3 0 
99 22 0.0 1 4 1 0 2 8 1 0.19396604181 0 2 
99 22 0.0 3 9 0 0 9 10 1 0.169138663272 0 3 
99 22 0.0 2 8 3 0 10 22 1 0.214365000282 0 4 
99 22 0.0 5 6 2 0 9 19 2 0.147782100336 1 3 
99 22 0.0 4 5 1 0 7 6 1 0.170447245752 0 3 
99 22 0.0 7 2 0 0 7 13 2 0.00886509026566 1 1 
99 22 0.0 6 14 5 0 40 38 2 0.13691760628 2 6 
99 22 0.0 9 4 1 0 13 19 2 0.0918008323403 1 3 
99 22 0.0 8 6 1 0 16 24 2 0.149353304606 2 2 
99 22 0.0 11 9 2 0 30 20 2 0.00604714791441 4 2 
99 22 0.0 10 2 1 0 5 3 2 0.0917767160253 1 1 
99 22 0.0 13 10 3 0 31 34 2 1.39698598515e-23 6 1 
99 22 0.0 12 3 1 0 8 13 3 6.47541813319e-10 1 2 
99 22 0.0 15 13 5 0 24 27 3 2.50577059213e-40 5 2 
99 22 2.0 14 5 1 0 14 11 3 3.36130230989e-53 1 2 
99 22 2.0 17 1 0 0 4 1 4 0.0347552665036 1 0 
99 22 2.0 16 5 2 0 8 16 2 0.000679884339014 2 2 
99 22 2.0 19 10 0 0 6 4 3 6.79283913719e-15 2 0 
99 22 2.0 18 5 0 0 10 4 3 0.022165471143 2 0 
99 22 2.0 20 1 0 0 4 1 4 1.12763242e-46 1 0 
99 22 2.0 21 7 2 0 16 5 3 6.87032333005e-51 3 0 
99 22 2.0 22 6 2 0 18 5 3 7.77674694292e-41 3 0 
99 22 2.0 1 4 1 0 2 8 1 0.267418521188 0 2 
99 22 2.0 3 9 0 0 9 10 1 0.111461350611 0 3 
99 22 2.0 2 8 3 0 10 22 1 0.167190293607 0 4 
99 22 2.0 5 6 2 0 9 19 2 0.132946268483 1 3 
99 22 2.0 4 5 1 0 7 6 1 0.105389591018 0 3 
99 22 2.0 7 2 0 0 7 13 2 0.0426013655424 1 1 
99 22 2.0 6 14 5 0 40 38 2 2.02357572974e-06 2 6 
99 22 2.0 9 4 1 0 13 19 2 0.0346556887009 1 3 
99 22 2.0 8 6 1 0 16 24 2 0.29568135281 2 2 
99 22 2.0 11 9 2 0 30 20 2 0.145988671077 4 2 
99 22 2.0 10 2 1 0 5 3 2 0.124970916426 1 1 
99 22 2.0 13 10 3 0 31 34 2 6.86772952982e-07 6 1 
99 22 2.0 12 3 1 0 8 13 3 0.0746721089073 1 2 
99 22 2.0 15 13 5 0 24 27 3 3.26207264341e-12 5 2 
99 23 0.0 14 5 1 0 14 11 3 1.26650022957e-25 1 2 
99 23 0.0 17 1 0 0 4 1 4 9.05635585017e-78 1 0 
99 23 0.0 16 5 2 0 8 16 2 1.27931691492e-15 2 2 
99 23 0.0 19 10 0 0 6 4 3 1.86554271435e-76 2 0 
99 23 0.0 18 5 0 0 10 4 3 1.78753588842e-60 2 0 
99 23 0.0 20 1 0 0 4 1 4 1.04020361013e-77 1 0 
99 23 0.0 21 7 2 0 16 5 3 3.56108845018e-56 3 0 
99 23 0.0 22 6 2 0 18 5 3 6.41620108568e-47 3 0 
99 23 0.0 1 4 1 0 2 8 1 0.19672554687 0 2 
99 23 0.0 3 9 0 0 9 10 1 0.16945625778 0 3 
99 23 0.0 2 8 3 0 10 22 1 0.216539775855 0 4 
99 23 0.0 5 6 2 0 9 19 2 0.145295813728 1 3 
99 23 0.0 4 5 1 0 7 6 1 0.18350250208 0 3 
99 23 0.0 7 2 0 0 7 13 2 0.0109910044657 1 1 
99 23 0.0 6 14 5 0 40 38 2 0.125655012635 2 6 
99 23 0.0 9 4 1 0 13 19 2 0.0603681547255 1 3 
99 23 0.0 8 6 1 0 16 24 2 0.155983596115 2 2 
99 23 0.0 11 9 2 0 30 20 2 0.0131553191773 4 2 
99 23 0.0 10 2 1 0 5 3 2 0.060426329682 1 1 
99 23 0.0 13 10 3 0 31 34 2 4.40359583691e-23 6 1 
99 23 0.0 12 3 1 0 8 13 3 1.6669715753e-10 1 2 
99 23 0.0 15 13 5 0 24 27 3 2.8319253903e-42 5 2 
99 23 2.0 14 5 1 0 14 11 3 2.13165353551e-55 1 2 
99 23 2.0 17 1 0 0 4 1 4 0.0380774284518 1 0 
99 23 2.0 16 5 2 0 8 16 2 0.00370126994791 2 2 
99 23 2.0 19 10 0 0 6 4 3 1.17812885596e-13 2 0 
99 23 2.0 18 5 0 0 10 4 3 0.0223608720905 2 0 
99 23 2.0 20 1 0 0 4 1 4 3.85692357876e-46 1 0 
99 23 2.0 21 7 2 0 16 5 3 1.04292972227e-50 3 0 
99 23 2.0 22 6 2 0 18 5 3 7.479783537e-41 3 0 
99 23 2.0 1 4 1 0 2 8 1 0.264124787612 0 2 
99 23 2.0 3 9 0 0 9 10 1 0.111349413909 0 3 
99 23 2.0 2 8 3 0 10 22 1 0.167925345489 0 4 
99 23 2.0 5 6 2 0 9 19 2 0.135373982164 1 3 
99 23 2.0 4 5 1 0 7 6 1 0.119603942325 0 3 
99 23 2.0 7 2 0 0 7 13 2 0.0411392516786 1 1 
99 23 2.0 6 14 5 0 40 38 2 5.3636027082e-06 2 6 
99 23 2.0 9 4 1 0 13 19 2 0.0455461586581 1 3 
99 23 2.0 8 6 1 0 16 24 2 0.300555794473 2 2 
99 23 2.0 11 9 2 0 30 20 2 0.139473147787 4 2 
99 23 2.0 10 2 1 0 5 3 2 0.162335703507 1 1 
99 23 2.0 13 10 3 0 31 34 2 2.69152310935e-06 6 1 
99 23 2.0 12 3 1 0 8 13 3 0.0740807087024 1 2 
99 23 2.0 15 13 5 0 24 27 3 7.10464580718e-12 5 2 
99 24 0.0 14 5 1 0 14 11 3 3.83237233634e-25 1 2 
99 24 0.0 17 1 0 0 4 1 4 3.76667429886e-78 1 0 
99 24 0.0 16 5 2 0 8 16 2 2.0824611105e-15 2 2 
99 24 0.0 19 10 0 0 6 4 3 5.13457474068e-76 2 0 
99 24 0.0 18 5 0 0 10 4 3 3.00122752831e-60 2 0 
99 24 0.0 20 1 0 0 4 1 4 6.11837758445e-78 1 0 
99 24 0.0 21 7 2 0 16 5 3 3.95945992453e-56 3 0 
99 24 0.0 22 6 2 0 18 5 3 8.16648386432e-47 3 0 
99 24 0.0 1 4 1 0 2 8 1 0.197499768809 0 2 
99 24 0.0 3 9 0 0 9 10 1 0.169342332041 0 3 
99 24 0.0 2 8 3 0 10 22 1 0.21704776757 0 4 
99 24 0.0 5 6 2 0 9 19 2 0.145142271601 1 3 
99 24 0.0 4 5 1 0 7 6 1 0.200727036438 0 3 
99 24 0.0 7 2 0 0 7 13 2 0.0113890900725 1 1 
99 24 0.0 6 14 5 0 40 38 2 0.123566933249 2 6 
99 24 0.0 9 4 1 0 13 19 2 0.0542026579041 1 3 
99 24 0.0 8 6 1 0 16 24 2 0.157456498497 2 2 
99 24 0.0 11 9 2 0 30 20 2 0.0143282636607 4 2 
99 24 0.0 10 2 1 0 5 3 2 0.054251993146 1 1 
99 24 0.0 13 10 3 0 31 34 2 2.18450269099e-23 6 1 
99 24 0.0 12 3 1 0 8 13 3 5.3363963702e-11 1 2 
99 24 0.0 15 13 5 0 24 27 3 1.96823320462e-42 5 2 
99 24 2.0 14 5 1 0 14 11 3 1.09468598439e-54 1 2 
99 24 2.0 17 1 0 0 4 1 4 0.0383749767616 1 0 
99 24 2.0 16 5 2 0 8 16 2 0.0041553913302 2 2 
99 24 2.0 19 10 0 0 6 4 3 3.65344617057e-14 2 0 
99 24 2.0 18 5 0 0 10 4 3 0.0219149849918 2 0 
99 24 2.0 20 1 0 0 4 1 4 2.28668629697e-46 1 0 
99 24 2.0 21 7 2 0 16 5 3 5.98557342821e-51 3 0 
99 24 2.0 22 6 2 0 18 5 3 2.29782084618e-41 3 0 
99 24 2.0 1 4 1 0 2 8 1 0.263000977261 0 2 
99 24 2.0 3 9 0 0 9 10 1 0.111567107725 0 3 
99 24 2.0 2 8 3 0 10 22 1 0.168591326019 0 4 
99 24 2.0 5 6 2 0 9 19 2 0.135850763495 1 3 
99 24 2.0 4 5 1 0 7 6 1 0.153939225505 0 3 
99 24 2.0 7 2 0 0 7 13 2 0.0409137906427 1 1 
99 24 2.0 6 14 5 0 40 38 2 2.70308361727e-06 2 6 
99 24 2.0 9 4 1 0 13 19 2 0.0326288119485 1 3 
99 24 2.0 8 6 1 0 16 24 2 0.301057984123 2 2 
99 24 2.0 11 9 2 0 30 20 2 0.137454597242 4 2 
99 24 2.0 10 2 1 0 5 3 2 0.114246714138 1 1 
99 24 2.0 13 10 3 0 31 34 2 3.06459130816e-07 6 1 
99 24 2.0 12 3 1 0 8 13 3 0.0745932033626 1 2 
99 24 2.0 15 13 5 0 24 27 3 1.74953414762e-12 5 2 
99 25 0.0 14 5 1 0 14 11 3 3.25266192785e-25 1 2 
99 25 0.0 17 1 0 0 4 1 4 4.17103548891e-78 1 0 
99 25 0.0 16 5 2 0 8 16 2 5.97222775243e-17 2 2 
99 25 0.0 19 10 0 0 6 4 3 8.59131083328e-75 2 0 
99 25 0.0 18 5 0 0 10 4 3 1.74188852001e-55 2 0 
99 25 0.0 20 1 0 0 4 1 4 1.01878155536e-77 1 0 
99 25 0.0 21 7 2 0 16 5 3 6.74154774233e-56 3 0 
99 25 0.0 22 6 2 0 18 5 3 8.65088279668e-44 3 0 
99 25 0.0 1 4 1 0 2 8 1 0.198219789636 0 2 
99 25 0.0 3 9 0 0 9 10 1 0.168730622022 0 3 
99 25 0.0 2 8 3 0 10 22 1 0.218108936753 0 4 
99 25 0.0 5 6 2 0 9 19 2 0.144469425203 1 3 
99 25 0.0 4 5 1 0 7 6 1 0.209485169038 0 3 
99 25 0.0 7 2 0 0 7 13 2 0.0122488148301 1 1 
99 25 0.0 6 14 5 0 40 38 2 0.118314025508 2 6 
99 25 0.0 9 4 1 0 13 19 2 0.0893388662896 1 3 
99 25 0.0 8 6 1 0 16 24 2 0.16100755014 2 2 
99 25 0.0 11 9 2 0 30 20 2 0.016800679098 4 2 
99 25 0.0 10 2 1 0 5 3 2 0.0892905290997 1 1 
99 25 0.0 13 10 3 0 31 34 2 2.01273435541e-23 6 1 
99 25 0.0 12 3 1 0 8 13 3 7.0025318346e-11 1 2 
99 25 0.0 15 13 5 0 24 27 3 1.9452796911e-40 5 2 
99 25 2.0 14 5 1 0 14 11 3 5.68304121962e-51 1 2 
99 25 2.0 17 1 0 0 4 1 4 0.0374673346706 1 0 
99 25 2.0 16 5 2 0 8 16 2 0.00378006832521 2 2 
99 25 2.0 19 10 0 0 6 4 3 3.08791123659e-15 2 0 
99 25 2.0 18 5 0 0 10 4 3 0.0208867912454 2 0 
99 25 2.0 20 1 0 0 4 1 4 2.99478164352e-46 1 0 
99 25 2.0 21 7 2 0 16 5 3 1.82541009388e-48 3 0 
99 25 2.0 22 6 2 0 18 5 3 1.84400304855e-39 3 0 
99 25 2.0 1 4 1 0 2 8 1 0.262241684179 0 2 
99 25 2.0 3 9 0 0 9 10 1 0.111710961598 0 3 
99 25 2.0 2 8 3 0 10 22 1 0.167588977416 0 4 
99 25 2.0 5 6 2 0 9 19 2 0.135515520802 1 3 
99 25 2.0 4 5 1 0 7 6 1 0.112910157031 0 3 
99 25 2.0 7 2 0 0 7 13 2 0.0407645908433 1 1 
99 25 2.0 6 14 5 0 40 38 2 1.3128643273e-05 2 6 
99 25 2.0 9 4 1 0 13 19 2 0.0321604942499 1 3 
99 25 2.0 8 6 1 0 16 24 2 0.300692939846 2 2 
99 25 2.0 11 9 2 0 30 20 2 0.138231647411 4 2 
99 25 2.0 10 2 1 0 5 3 2 0.114057043978 1 1 
99 25 2.0 13 10 3 0 31 34 2 1.64630888574e-06 6 1 
99 25 2.0 12 3 1 0 8 13 3 0.0736445888261 1 2 
99 25 2.0 15 13 5 0 24 27 3 4.66821171892e-11 5 2 
99 26 0.0 14 5 1 0 14 11 3 6.48987138147e-27 1 2 
99 26 0.0 17 1 0 0 4 1 4 7.65369508424e-78 1 0 
99 26 0.0 16 5 2 0 8 16 2 2.56641722646e-15 2 2 
99 26 0.0 19 10 0 0 6 4 3 5.7213018344e-77 2 0 
99 26 0.0 18 5 0 0 10 4 3 6.36519375636e-60 2 0 
99 26 0.0 20 1 0 0 4 1 4 1.3203910374e-77 1 0 
99 26 0.0 21 7 2 0 16 5 3 1.39422013845e-55 3 0 
99 26 0.0 22 6 2 0 18 5 3 2.46148174259e-46 3 0 
99 26 0.0 1 4 1 0 2 8 1 0.194061412689 0 2 
99 26 0.0 3 9 0 0 9 10 1 0.169249735026 0 3 
99 26 0.0 2 8 3 0 10 22 1 0.214531664812 0 4 
99 26 0.0 5 6 2 0 9 19 2 0.147417243955 1 3 
99 26 0.0 4 5 1 0 7 6 1 0.156071054681 0 3 
99 26 0.0 7 2 0 0 7 13 2 0.00906904964683 1 1 
99 26 0.0 6 14 5 0 40 38 2 0.13578033745 2 6 
99 26 0.0 9 4 1 0 13 19 2 0.0574512435554 1 3 
99 26 0.0 8 6 1 0 16 24 2 0.149935771577 2 2 
99 26 0.0 11 9 2 0 30 20 2 0.00681372282303 4 2 
99 26 0.0 10 2 1 0 5 3 2 0.0574714440486 1 1 
99 26 0.0 13 10 3 0 31 34 2 3.81041895586e-23 6 1 
99 26 0.0 12 3 1 0 8 13 3 8.46229615973e-10 1 2 
99 26 0.0 15 13 5 0 24 27 3 1.47687446014e-42 5 2 
99 26 2.0 14 5 1 0 14 11 3 5.71118926736e-54 1 2 
99 26 2.0 17 1 0 0 4 1 4 0.035792366464 1 0 
99 26 2.0 16 5 2 0 8 16 2 0.00036811496224 2 2 
99 26 2.0 19 10 0 0 6 4 3 3.59258008101e-16 2 0 
99 26 2.0 18 5 0 0 10 4 3 0.0221650525468 2 0 
99 26 2.0 20 1 0 0 4 1 4 3.00086499402e-46 1 0 
99 26 2.0 21 7 2 0 16 5 3 1.93209313738e-49 3 0 
99 26 2.0 22 6 2 0 18 5 3 2.5236472689e-39 3 0 
99 26 2.0 1 4 1 0 2 8 1 0.266967157864 0 2 
99 26 2.0 3 9 0 0 9 10 1 0.111474584474 0 3 
99 26 2.0 2 8 3 0 10 22 1 0.167677800849 0 4 
99 26 2.0 5 6 2 0 9 19 2 0.133764763888 1 3 
99 26 2.0 4 5 1 0 7 6 1 0.132427678974 0 3 
99 26 2.0 7 2 0 0 7 13 2 0.0421632415614 1 1 
99 26 2.0 6 14 5 0 40 38 2 7.34707185655e-06 2 6 
99 26 2.0 9 4 1 0 13 19 2 0.0317003000012 1 3 
99 26 2.0 8 6 1 0 16 24 2 0.296928877472 2 2 
99 26 2.0 11 9 2 0 30 20 2 0.14396496724 4 2 
99 26 2.0 10 2 1 0 5 3 2 0.121130190747 1 1 
99 26 2.0 13 10 3 0 31 34 2 3.13140729708e-06 6 1 
99 26 2.0 12 3 1 0 8 13 3 0.0754273043718 1 2 
99 26 2.0 15 13 5 0 24 27 3 1.54510463923e-10 5 2 
99 27 0.0 14 5 1 0 14 11 3 1.81014022665e-26 1 2 
99 27 0.0 17 1 0 0 4 1 4 1.23892978645e-77 1 0 
99 27 0.0 16 5 2 0 8 16 2 1.8206434525e-15 2 2 
99 27 0.0 19 10 0 0 6 4 3 6.80451504441e-77 2 0 
99 27 0.0 18 5 0 0 10 4 3 1.53538938391e-59 2 0 
99 27 0.0 20 1 0 0 4 1 4 8.71723728242e-78 1 0 
99 27 0.0 21 7 2 0 16 5 3 9.36819086043e-56 3 0 
99 27 0.0 22 6 2 0 18 5 3 3.86924954042e-46 3 0 
99 27 0.0 1 4 1 0 2 8 1 0.194501146235 0 2 
99 27 0.0 3 9 0 0 9 10 1 0.169311635895 0 3 
99 27 0.0 2 8 3 0 10 22 1 0.214646025653 0 4 
99 27 0.0 5 6 2 0 9 19 2 0.147212157435 1 3 
99 27 0.0 4 5 1 0 7 6 1 0.200152765191 0 3 
99 27 0.0 7 2 0 0 7 13 2 0.00920852651474 1 1 
99 27 0.0 6 14 5 0 40 38 2 0.135053246781 2 6 
99 27 0.0 9 4 1 0 13 19 2 0.0596186980057 1 3 
99 27 0.0 8 6 1 0 16 24 2 0.15036260585 2 2 
99 27 0.0 11 9 2 0 30 20 2 0.00731547818527 4 2 
99 27 0.0 10 2 1 0 5 3 2 0.0596281160397 1 1 
99 27 0.0 13 10 3 0 31 34 2 5.4457605259e-23 6 1 
99 27 0.0 12 3 1 0 8 13 3 6.51472452193e-10 1 2 
99 27 0.0 15 13 5 0 24 27 3 5.22447851686e-41 5 2 
99 27 2.0 14 5 1 0 14 11 3 1.06587937213e-50 1 2 
99 27 2.0 17 1 0 0 4 1 4 0.0356617222432 1 0 
99 27 2.0 16 5 2 0 8 16 2 0.00115416457085 2 2 
99 27 2.0 19 10 0 0 6 4 3 2.31157344731e-15 2 0 
99 27 2.0 18 5 0 0 10 4 3 0.0227504545558 2 0 
99 27 2.0 20 1 0 0 4 1 4 2.44161790253e-46 1 0 
99 27 2.0 21 7 2 0 16 5 3 9.02192285928e-50 3 0 
99 27 2.0 22 6 2 0 18 5 3 1.06546227719e-39 3 0 
99 27 2.0 1 4 1 0 2 8 1 0.267066720671 0 2 
99 27 2.0 3 9 0 0 9 10 1 0.111448270481 0 3 
99 27 2.0 2 8 3 0 10 22 1 0.167791756038 0 4 
99 27 2.0 5 6 2 0 9 19 2 0.13409135634 1 3 
99 27 2.0 4 5 1 0 7 6 1 0.121903019731 0 3 
99 27 2.0 7 2 0 0 7 13 2 0.0421741843765 1 1 
99 27 2.0 6 14 5 0 40 38 2 4.68390502183e-06 2 6 
99 27 2.0 9 4 1 0 13 19 2 0.0268123760835 1 3 
99 27 2.0 8 6 1 0 16 24 2 0.29662284717 2 2 
99 27 2.0 11 9 2 0 30 20 2 0.143710866294 4 2 
99 27 2.0 10 2 1 0 5 3 2 0.100632405525 1 1 
99 27 2.0 13 10 3 0 31 34 2 1.02290928081e-06 6 1 
99 27 2.0 12 3 1 0 8 13 3 0.0756351305672 1 2 
99 27 2.0 15 13 5 0 24 27 3 7.36545114073e-11 5 2 
99 28 0.0 14 5 1 0 14 11 3 2.58999378836e-29 1 2 
99 28 0.0 17 1 0 0 4 1 4 7.57632585284e-78 1 0 
99 28 0.0 16 5 2 0 8 16 2 1.16758409027e-14 2 2 
99 28 0.0 19 10 0 0 6 4 3 2.60753331111e-74 2 0 
99 28 0.0 18 5 0 0 10 4 3 1.01479943383e-58 2 0 
99 28 0.0 20 1 0 0 4 1 4 6.36870850175e-78 1 0 
99 28 0.0 21 7 2 0 16 5 3 1.46153540971e-57 3 0 
99 28 0.0 22 6 2 0 18 5 3 1.11840598025e-48 3 0 
99 28 0.0 1 4 1 0 2 8 1 0.19808889113 0 2 
99 28 0.0 3 9 0 0 9 10 1 0.168861524203 0 3 
99 28 0.0 2 8 3 0 10 22 1 0.218350339751 0 4 
99 28 0.0 5 6 2 0 9 19 2 0.144356673588 1 3 
99 28 0.0 4 5 1 0 7 6 1 0.190267655982 0 3 
99 28 0.0 7 2 0 0 7 13 2 0.0122622719191 1 1 
99 28 0.0 6 14 5 0 40 38 2 0.117965086745 2 6 
99 28 0.0 9 4 1 0 13 19 2 0.0608132296623 1 3 
99 28 0.0 8 6 1 0 16 24 2 0.160979305682 2 2 
99 28 0.0 11 9 2 0 30 20 2 0.0168745300757 4 2 
99 28 0.0 10 2 1 0 5 3 2 0.0608657384659 1 1 
99 28 0.0 13 10 3 0 31 34 2 1.18752020156e-22 6 1 
99 28 0.0 12 3 1 0 8 13 3 1.25569805184e-11 1 2 
99 28 0.0 15 13 5 0 24 27 3 1.87561589186e-43 5 2 
99 28 2.0 14 5 1 0 14 11 3 4.77688936585e-56 1 2 
99 28 2.0 17 1 0 0 4 1 4 0.0380134902002 1 0 
99 28 2.0 16 5 2 0 8 16 2 0.00391099993251 2 2 
99 28 2.0 19 10 0 0 6 4 3 1.11286234262e-13 2 0 
99 28 2.0 18 5 0 0 10 4 3 0.0219360869181 2 0 
99 28 2.0 20 1 0 0 4 1 4 4.90188249433e-46 1 0 
99 28 2.0 21 7 2 0 16 5 3 3.63903668462e-50 3 0 
99 28 2.0 22 6 2 0 18 5 3 2.73433589138e-41 3 0 
99 28 2.0 1 4 1 0 2 8 1 0.261986245032 0 2 
99 28 2.0 3 9 0 0 9 10 1 0.111490172739 0 3 
99 28 2.0 2 8 3 0 10 22 1 0.167941332617 0 4 
99 28 2.0 5 6 2 0 9 19 2 0.135967453665 1 3 
99 28 2.0 4 5 1 0 7 6 1 0.107188323427 0 3 
99 28 2.0 7 2 0 0 7 13 2 0.0407323070718 1 1 
99 28 2.0 6 14 5 0 40 38 2 9.44739799002e-06 2 6 
99 28 2.0 9 4 1 0 13 19 2 0.0333227909679 1 3 
99 28 2.0 8 6 1 0 16 24 2 0.300907531412 2 2 
99 28 2.0 11 9 2 0 30 20 2 0.137632999921 4 2 
99 28 2.0 10 2 1 0 5 3 2 0.118295729722 1 1 
99 28 2.0 13 10 3 0 31 34 2 2.43469925799e-06 6 1 
99 28 2.0 12 3 1 0 8 13 3 0.0738168238632 1 2 
99 28 2.0 15 13 5 0 24 27 3 4.3844511274e-12 5 2 
99 29 0.0 14 5 1 0 14 11 3 2.57359125779e-26 1 2 
99 29 0.0 17 1 0 0 4 1 4 7.02011072116e-78 1 0 
99 29 0.0 16 5 2 0 8 16 2 2.76286262254e-16 2 2 
99 29 0.0 19 10 0 0 6 4 3 2.97622968322e-75 2 0 
99 29 0.0 18 5 0 0 10 4 3 4.3103414359e-57 2 0 
99 29 0.0 20 1 0 0 4 1 4 7.05317508698e-78 1 0 
99 29 0.0 21 7 2 0 16 5 3 3.5807817709e-56 3 0 
99 29 0.0 22 6 2 0 18 5 3 3.24913774627e-45 3 0 
99 29 0.0 1 4 1 0 2 8 1 0.19767293853 0 2 
99 29 0.0 3 9 0 0 9 10 1 0.169020528893 0 3 
99 29 0.0 2 8 3 0 10 22 1 0.217911185041 0 4 
99 29 0.0 5 6 2 0 9 19 2 0.144625099319 1 3 
99 29 0.0 4 5 1 0 7 6 1 0.130846398216 0 3 
99 29 0.0 7 2 0 0 7 13 2 0.0120132532791 1 1 
99 29 0.0 6 14 5 0 40 38 2 0.119794189785 2 6 
99 29 0.0 9 4 1 0 13 19 2 0.0668076695616 1 3 
99 29 0.0 8 6 1 0 16 24 2 0.159894330236 2 2 
99 29 0.0 11 9 2 0 30 20 2 0.0161563066499 4 2 
99 29 0.0 10 2 1 0 5 3 2 0.066801639753 1 1 
99 29 0.0 13 10 3 0 31 34 2 2.04194464293e-23 6 1 
99 29 0.0 12 3 1 0 8 13 3 9.68954948814e-12 1 2 
99 29 0.0 15 13 5 0 24 27 3 3.50469882718e-41 5 2 
99 29 2.0 14 5 1 0 14 11 3 3.29587075806e-57 1 2 
99 29 2.0 17 1 0 0 4 1 4 0.0384943172048 1 0 
99 29 2.0 16 5 2 0 8 16 2 0.0102576434602 2 2 
99 29 2.0 19 10 0 0 6 4 3 1.95640359639e-14 2 0 
99 29 2.0 18 5 0 0 10 4 3 0.0215103234463 2 0 
99 29 2.0 20 1 0 0 4 1 4 9.77232708569e-47 1 0 
99 29 2.0 21 7 2 0 16 5 3 2.96607122727e-53 3 0 
99 29 2.0 22 6 2 0 18 5 3 1.43929593561e-42 3 0 
99 29 2.0 1 4 1 0 2 8 1 0.261835218216 0 2 
99 29 2.0 3 9 0 0 9 10 1 0.111664415698 0 3 
99 29 2.0 2 8 3 0 10 22 1 0.168045687551 0 4 
99 29 2.0 5 6 2 0 9 19 2 0.135780494197 1 3 
99 29 2.0 4 5 1 0 7 6 1 0.137966961676 0 3 
99 29 2.0 7 2 0 0 7 13 2 0.040277891901 1 1 
99 29 2.0 6 14 5 0 40 38 2 1.57192548237e-05 2 6 
99 29 2.0 9 4 1 0 13 19 2 0.0567471987527 1 3 
99 29 2.0 8 6 1 0 16 24 2 0.303403792088 2 2 
99 29 2.0 11 9 2 0 30 20 2 0.135618499193 4 2 
99 29 2.0 10 2 1 0 5 3 2 0.158870393741 1 1 
99 29 2.0 13 10 3 0 31 34 2 3.30573559829e-06 6 1 
99 29 2.0 12 3 1 0 8 13 3 0.0740098477563 1 2 
99 29 2.0 15 13 5 0 24 27 3 1.61618017451e-11 5 2 
99 30 0.0 14 5 1 0 14 11 3 7.79365968457e-26 1 2 
99 30 0.0 17 1 0 0 4 1 4 9.66826845476e-78 1 0 
99 30 0.0 16 5 2 0 8 16 2 1.32703111537e-14 2 2 
99 30 0.0 19 10 0 0 6 4 3 2.68841573341e-75 2 0 
99 30 0.0 18 5 0 0 10 4 3 1.60583343443e-60 2 0 
99 30 0.0 20 1 0 0 4 1 4 6.36531019984e-78 1 0 
99 30 0.0 21 7 2 0 16 5 3 1.8007148377e-56 3 0 
99 30 0.0 22 6 2 0 18 5 3 8.05176234932e-48 3 0 
99 30 0.0 1 4 1 0 2 8 1 0.197883676925 0 2 
99 30 0.0 3 9 0 0 9 10 1 0.169122364261 0 3 
99 30 0.0 2 8 3 0 10 22 1 0.217791025472 0 4 
99 30 0.0 5 6 2 0 9 19 2 0.144530455503 1 3 
99 30 0.0 4 5 1 0 7 6 1 0.206277571929 0 3 
99 30 0.0 7 2 0 0 7 13 2 0.0119041431823 1 1 
99 30 0.0 6 14 5 0 40 38 2 0.120497052788 2 6 
99 30 0.0 9 4 1 0 13 19 2 0.0856984520928 1 3 
99 30 0.0 8 6 1 0 16 24 2 0.159440176446 2 2 
99 30 0.0 11 9 2 0 30 20 2 0.0158299369033 4 2 
99 30 0.0 10 2 1 0 5 3 2 0.0858140761571 1 1 
99 30 0.0 13 10 3 0 31 34 2 3.67143649304e-23 6 1 
99 30 0.0 12 3 1 0 8 13 3 7.65642646566e-11 1 2 
99 30 0.0 15 13 5 0 24 27 3 1.08670535724e-42 5 2 
99 30 2.0 14 5 1 0 14 11 3 1.26450495516e-51 1 2 
99 30 2.0 17 1 0 0 4 1 4 0.0360907585014 1 0 
99 30 2.0 16 5 2 0 8 16 2 0.00133218124423 2 2 
99 30 2.0 19 10 0 0 6 4 3 9.60106303756e-16 2 0 
99 30 2.0 18 5 0 0 10 4 3 0.0225264589833 2 0 
99 30 2.0 20 1 0 0 4 1 4 1.45339131949e-46 1 0 
99 30 2.0 21 7 2 0 16 5 3 7.7571051625e-51 3 0 
99 30 2.0 22 6 2 0 18 5 3 1.25603771912e-39 3 0 
99 30 2.0 1 4 1 0 2 8 1 0.267640844608 0 2 
99 30 2.0 3 9 0 0 9 10 1 0.111323213432 0 3 
99 30 2.0 2 8 3 0 10 22 1 0.167525984181 0 4 
99 30 2.0 5 6 2 0 9 19 2 0.133109933096 1 3 
99 30 2.0 4 5 1 0 7 6 1 0.124957013909 0 3 
99 30 2.0 7 2 0 0 7 13 2 0.0421617403363 1 1 
99 30 2.0 6 14 5 0 40 38 2 6.91757164689e-06 2 6 
99 30 2.0 9 4 1 0 13 19 2 0.0472982296151 1 3 
99 30 2.0 8 6 1 0 16 24 2 0.29752867579 2 2 
99 30 2.0 11 9 2 0 30 20 2 0.144286388366 4 2 
99 30 2.0 10 2 1 0 5 3 2 0.172701221525 1 1 
99 30 2.0 13 10 3 0 31 34 2 2.4144487886e-06 6 1 
99 30 2.0 12 3 1 0 8 13 3 0.0751348435676 1 2 
99 30 2.0 15 13 5 0 24 27 3 8.0744920771e-12 5 2 
99 31 0.0 14 5 1 0 14 11 3 5.36486816672e-23 1 2 
99 31 0.0 17 1 0 0 4 1 4 1.55088908395e-77 1 0 
99 31 0.0 16 5 2 0 8 16 2 2.83222655987e-14 2 2 
99 31 0.0 19 10 0 0 6 4 3 3.90023629736e-76 2 0 
99 31 0.0 18 5 0 0 10 4 3 1.01818451779e-60 2 0 
99 31 0.0 20 1 0 0 4 1 4 7.91062167001e-78 1 0 
99 31 0.0 21 7 2 0 16 5 3 1.34461221241e-54 3 0 
99 31 0.0 22 6 2 0 18 5 3 2.61220278383e-46 3 0 
99 31 0.0 1 4 1 0 2 8 1 0.19666127961 0 2 
99 31 0.0 3 9 0 0 9 10 1 0.169378054946 0 3 
99 31 0.0 2 8 3 0 10 22 1 0.216522498727 0 4 
99 31 0.0 5 6 2 0 9 19 2 0.14545159739 1 3 
99 31 0.0 4 5 1 0 7 6 1 0.146451922544 0 3 
99 31 0.0 7 2 0 0 7 13 2 0.0110386026212 1 1 
99 31 0.0 6 14 5 0 40 38 2 0.125401912049 2 6 
99 31 0.0 9 4 1 0 13 19 2 0.0641033889905 1 3 
99 31 0.0 8 6 1 0 16 24 2 0.156146176974 2 2 
99 31 0.0 11 9 2 0 30 20 2 0.0133056137028 4 2 
99 31 0.0 10 2 1 0 5 3 2 0.0641636632758 1 1 
99 31 0.0 13 10 3 0 31 34 2 1.15210559906e-22 6 1 
99 31 0.0 12 3 1 0 8 13 3 2.60271393759e-11 1 2 
99 31 0.0 15 13 5 0 24 27 3 3.26056930197e-42 5 2 
99 31 2.0 14 5 1 0 14 11 3 1.77269624449e-56 1 2 
99 31 2.0 17 1 0 0 4 1 4 0.038018756344 1 0 
99 31 2.0 16 5 2 0 8 16 2 0.00543050548214 2 2 
99 31 2.0 19 10 0 0 6 4 3 3.03110558867e-14 2 0 
99 31 2.0 18 5 0 0 10 4 3 0.0206962275451 2 0 
99 31 2.0 20 1 0 0 4 1 4 4.65565788668e-46 1 0 
99 31 2.0 21 7 2 0 16 5 3 1.27096350562e-50 3 0 
99 31 2.0 22 6 2 0 18 5 3 4.19474858965e-41 3 0 
99 31 2.0 1 4 1 0 2 8 1 0.261627908732 0 2 
99 31 2.0 3 9 0 0 9 10 1 0.111733988969 0 3 
99 31 2.0 2 8 3 0 10 22 1 0.168162866919 0 4 
99 31 2.0 5 6 2 0 9 19 2 0.136118598426 1 3 
99 31 2.0 4 5 1 0 7 6 1 0.143106513751 0 3 
99 31 2.0 7 2 0 0 7 13 2 0.0404816682759 1 1 
99 31 2.0 6 14 5 0 40 38 2 1.01027744008e-05 2 6 
99 31 2.0 9 4 1 0 13 19 2 0.0359708241604 1 3 
99 31 2.0 8 6 1 0 16 24 2 0.302026304434 2 2 
99 31 2.0 11 9 2 0 30 20 2 0.13653932604 4 2 
99 31 2.0 10 2 1 0 5 3 2 0.119947859531 1 1 
99 31 2.0 13 10 3 0 31 34 2 4.10877661481e-06 6 1 
99 31 2.0 12 3 1 0 8 13 3 0.0737808107423 1 2 
99 31 2.0 15 13 5 0 24 27 3 3.07018976981e-12 5 2 
99 32 0.0 14 5 1 0 14 11 3 4.15836306147e-26 1 2 
99 32 0.0 17 1 0 0 4 1 4 9.99906582447e-78 1 0 
99 32 0.0 16 5 2 0 8 16 2 5.16340235768e-16 2 2 
99 32 0.0 19 10 0 0 6 4 3 1.58466797216e-74 2 0 
99 32 0.0 18 5 0 0 10 4 3 1.70989845311e-56 2 0 
99 32 0.0 20 1 0 0 4 1 4 7.79706112161e-78 1 0 
99 32 0.0 21 7 2 0 16 5 3 1.6592207706e-56 3 0 
99 32 0.0 22 6 2 0 18 5 3 1.92893441573e-46 3 0 
99 32 0.0 1 4 1 0 2 8 1 0.198039877574 0 2 
99 32 0.0 3 9 0 0 9 10 1 0.16882427435 0 3 
99 32 0.0 2 8 3 0 10 22 1 0.21824518007 0 4 
99 32 0.0 5 6 2 0 9 19 2 0.144405362067 1 3 
99 32 0.0 4 5 1 0 7 6 1 0.132957456649 0 3 
99 32 0.0 7 2 0 0 7 13 2 0.0122504765803 1 1 
99 32 0.0 6 14 5 0 40 38 2 0.118188203314 2 6 
99 32 0.0 9 4 1 0 13 19 2 0.0649061234447 1 3 
99 32 0.0 8 6 1 0 16 24 2 0.160975800332 2 2 
99 32 0.0 11 9 2 0 30 20 2 0.0168235083663 4 2 
99 32 0.0 10 2 1 0 5 3 2 0.0649185232919 1 1 
99 32 0.0 13 10 3 0 31 34 2 5.51408595807e-23 6 1 
99 32 0.0 12 3 1 0 8 13 3 2.97257981008e-10 1 2 
99 32 0.0 15 13 5 0 24 27 3 9.14569542146e-42 5 2 
99 32 2.0 14 5 1 0 14 11 3 1.35858844781e-51 1 2 
99 32 2.0 17 1 0 0 4 1 4 0.0342300576839 1 0 
99 32 2.0 16 5 2 0 8 16 2 0.000653447401348 2 2 
99 32 2.0 19 10 0 0 6 4 3 3.48113927427e-15 2 0 
99 32 2.0 18 5 0 0 10 4 3 0.0190894702038 2 0 
99 32 2.0 20 1 0 0 4 1 4 4.76526090359e-46 1 0 
99 32 2.0 21 7 2 0 16 5 3 1.26500756127e-49 3 0 
99 32 2.0 22 6 2 0 18 5 3 2.23709914786e-39 3 0 
99 32 2.0 1 4 1 0 2 8 1 0.265786070386 0 2 
99 32 2.0 3 9 0 0 9 10 1 0.111986812656 0 3 
99 32 2.0 2 8 3 0 10 22 1 0.165843113523 0 4 
99 32 2.0 5 6 2 0 9 19 2 0.132381219397 1 3 
99 32 2.0 4 5 1 0 7 6 1 0.10683482357 0 3 
99 32 2.0 7 2 0 0 7 13 2 0.043212259522 1 1 
99 32 2.0 6 14 5 0 40 38 2 2.15095518776e-06 2 6 
99 32 2.0 9 4 1 0 13 19 2 0.0275243482012 1 3 
99 32 2.0 8 6 1 0 16 24 2 0.293901093996 2 2 
99 32 2.0 11 9 2 0 30 20 2 0.148030126247 4 2 
99 32 2.0 10 2 1 0 5 3 2 0.100604896124 1 1 
99 32 2.0 13 10 3 0 31 34 2 3.95640020189e-07 6 1 
99 32 2.0 12 3 1 0 8 13 3 0.0734616119229 1 2 
99 32 2.0 15 13 5 0 24 27 3 2.83546348177e-12 5 2 
99 33 0.0 14 5 1 0 14 11 3 1.64245041235e-25 1 2 
99 33 0.0 17 1 0 0 4 1 4 8.71933156629e-78 1 0 
99 33 0.0 16 5 2 0 8 16 2 9.33226831192e-15 2 2 
99 33 0.0 19 10 0 0 6 4 3 5.64409119347e-76 2 0 
99 33 0.0 18 5 0 0 10 4 3 5.54431592543e-61 2 0 
99 33 0.0 20 1 0 0 4 1 4 1.2962727216e-77 1 0 
99 33 0.0 21 7 2 0 16 5 3 8.31211102701e-56 3 0 
99 33 0.0 22 6 2 0 18 5 3 1.50689761119e-46 3 0 
99 33 0.0 1 4 1 0 2 8 1 0.196707571095 0 2 
99 33 0.0 3 9 0 0 9 10 1 0.169344058327 0 3 
99 33 0.0 2 8 3 0 10 22 1 0.21647438729 0 4 
99 33 0.0 5 6 2 0 9 19 2 0.145518227561 1 3 
99 33 0.0 4 5 1 0 7 6 1 0.185876949838 0 3 
99 33 0.0 7 2 0 0 7 13 2 0.0110337195618 1 1 
99 33 0.0 6 14 5 0 40 38 2 0.12544118155 2 6 
99 33 0.0 9 4 1 0 13 19 2 0.0891824920326 1 3 
99 33 0.0 8 6 1 0 16 24 2 0.156134147783 2 2 
99 33 0.0 11 9 2 0 30 20 2 0.0132895133299 4 2 
99 33 0.0 10 2 1 0 5 3 2 0.089278257318 1 1 
99 33 0.0 13 10 3 0 31 34 2 5.3533822773e-23 6 1 
99 33 0.0 12 3 1 0 8 13 3 5.32282930015e-11 1 2 
99 33 0.0 15 13 5 0 24 27 3 1.60793562016e-42 5 2 
99 33 2.0 14 5 1 0 14 11 3 9.31072841587e-60 1 2 
99 33 2.0 17 1 0 0 4 1 4 0.0394359145604 1 0 
99 33 2.0 16 5 2 0 8 16 2 0.0116551442227 2 2 
99 33 2.0 19 10 0 0 6 4 3 3.02334855879e-11 2 0 
99 33 2.0 18 5 0 0 10 4 3 0.0217423540896 2 0 
99 33 2.0 20 1 0 0 4 1 4 3.69104452351e-46 1 0 
99 33 2.0 21 7 2 0 16 5 3 2.68568046067e-51 3 0 
99 33 2.0 22 6 2 0 18 5 3 1.65714689834e-43 3 0 
99 33 2.0 1 4 1 0 2 8 1 0.259972408722 0 2 
99 33 2.0 3 9 0 0 9 10 1 0.111670573452 0 3 
99 33 2.0 2 8 3 0 10 22 1 0.168619014472 0 4 
99 33 2.0 5 6 2 0 9 19 2 0.137477226819 1 3 
99 33 2.0 4 5 1 0 7 6 1 0.139769176892 0 3 
99 33 2.0 7 2 0 0 7 13 2 0.0393582729572 1 1 
99 33 2.0 6 14 5 0 40 38 2 9.24616736689e-07 2 6 
99 33 2.0 9 4 1 0 13 19 2 0.0556489339932 1 3 
99 33 2.0 8 6 1 0 16 24 2 0.305960908756 2 2 
99 33 2.0 11 9 2 0 30 20 2 0.131213165656 4 2 
99 33 2.0 10 2 1 0 5 3 2 0.139081782202 1 1 
99 33 2.0 13 10 3 0 31 34 2 4.99617674845e-06 6 1 
99 33 2.0 12 3 1 0 8 13 3 0.0739137745658 1 2 
99 33 2.0 15 13 5 0 24 27 3 6.55704350336e-13 5 2 
99 34 0.0 14 5 1 0 14 11 3 1.16748065909e-24 1 2 
99 34 0.0 17 1 0 0 4 1 4 4.69871986651e-78 1 0 
99 34 0.0 16 5 2 0 8 16 2 5.42732806393e-16 2 2 
99 34 0.0 19 10 0 0 6 4 3 6.52459042558e-76 2 0 
99 34 0.0 18 5 0 0 10 4 3 1.05566933379e-57 2 0 
99 34 0.0 20 1 0 0 4 1 4 7.34487523966e-78 1 0 
99 34 0.0 21 7 2 0 16 5 3 8.94687259199e-56 3 0 
99 34 0.0 22 6 2 0 18 5 3 3.78280799525e-45 3 0 
99 34 0.0 1 4 1 0 2 8 1 0.197221181626 0 2 
99 34 0.0 3 9 0 0 9 10 1 0.169367275876 0 3 
99 34 0.0 2 8 3 0 10 22 1 0.216951359455 0 4 
99 34 0.0 5 6 2 0 9 19 2 0.145223213991 1 3 
99 34 0.0 4 5 1 0 7 6 1 0.131639581814 0 3 
99 34 0.0 7 2 0 0 7 13 2 0.0113133893307 1 1 
99 34 0.0 6 14 5 0 40 38 2 0.123948396207 2 6 
99 34 0.0 9 4 1 0 13 19 2 0.0720686025597 1 3 
99 34 0.0 8 6 1 0 16 24 2 0.157156629313 2 2 
99 34 0.0 11 9 2 0 30 20 2 0.014115002696 4 2 
99 34 0.0 10 2 1 0 5 3 2 0.0720622646538 1 1 
99 34 0.0 13 10 3 0 31 34 2 6.1663433493e-23 6 1 
99 34 0.0 12 3 1 0 8 13 3 1.90685994133e-09 1 2 
99 34 0.0 15 13 5 0 24 27 3 3.25229913435e-41 5 2 
99 34 2.0 14 5 1 0 14 11 3 6.7133626652e-56 1 2 
99 34 2.0 17 1 0 0 4 1 4 0.0373906393148 1 0 
99 34 2.0 16 5 2 0 8 16 2 0.00482106782707 2 2 
99 34 2.0 19 10 0 0 6 4 3 7.26006038609e-14 2 0 
99 34 2.0 18 5 0 0 10 4 3 0.0208666623586 2 0 
99 34 2.0 20 1 0 0 4 1 4 2.71572905211e-46 1 0 
99 34 2.0 21 7 2 0 16 5 3 1.70552942326e-50 3 0 
99 34 2.0 22 6 2 0 18 5 3 1.64510940202e-41 3 0 
99 34 2.0 1 4 1 0 2 8 1 0.262573768087 0 2 
99 34 2.0 3 9 0 0 9 10 1 0.111718820027 0 3 
99 34 2.0 2 8 3 0 10 22 1 0.167258250042 0 4 
99 34 2.0 5 6 2 0 9 19 2 0.135108203179 1 3 
99 34 2.0 4 5 1 0 7 6 1 0.106338961272 0 3 
99 34 2.0 7 2 0 0 7 13 2 0.0407529817937 1 1 
99 34 2.0 6 14 5 0 40 38 2 1.2908558193e-05 2 6 
99 34 2.0 9 4 1 0 13 19 2 0.0394944748011 1 3 
99 34 2.0 8 6 1 0 16 24 2 0.300945043093 2 2 
99 34 2.0 11 9 2 0 30 20 2 0.138630473411 4 2 
99 34 2.0 10 2 1 0 5 3 2 0.134082226447 1 1 
99 34 2.0 13 10 3 0 31 34 2 3.48195916715e-06 6 1 
99 34 2.0 12 3 1 0 8 13 3 0.0735600449795 1 2 
99 34 2.0 15 13 5 0 24 27 3 1.10673205553e-10 5 2 
99 35 0.0 14 5 1 0 14 11 3 3.69138165551e-25 1 2 
99 35 0.0 17 1 0 0 4 1 4 1.13398161646e-77 1 0 
99 35 0.0 16 5 2 0 8 16 2 9.21784177986e-15 2 2 
99 35 0.0 19 10 0 0 6 4 3 3.63134082164e-73 2 0 
99 35 0.0 18 5 0 0 10 4 3 4.65721453994e-58 2 0 
99 35 0.0 20 1 0 0 4 1 4 2.13756348547e-78 1 0 
99 35 0.0 21 7 2 0 16 5 3 7.71826594567e-57 3 0 
99 35 0.0 22 6 2 0 18 5 3 1.97487894486e-47 3 0 
99 35 0.0 1 4 1 0 2 8 1 0.198403467986 0 2 
99 35 0.0 3 9 0 0 9 10 1 0.169033360025 0 3 
99 35 0.0 2 8 3 0 10 22 1 0.218877182777 0 4 
99 35 0.0 5 6 2 0 9 19 2 0.144356144969 1 3 
99 35 0.0 4 5 1 0 7 6 1 0.138950967165 0 3 
99 35 0.0 7 2 0 0 7 13 2 0.0123991935 1 1 
99 35 0.0 6 14 5 0 40 38 2 0.117132974689 2 6 
99 35 0.0 9 4 1 0 13 19 2 0.0714604679353 1 3 
99 35 0.0 8 6 1 0 16 24 2 0.161842785861 2 2 
99 35 0.0 11 9 2 0 30 20 2 0.0172189894187 4 2 
99 35 0.0 10 2 1 0 5 3 2 0.0715193468138 1 1 
99 35 0.0 13 10 3 0 31 34 2 9.24064578526e-23 6 1 
99 35 0.0 12 3 1 0 8 13 3 3.39391067459e-11 1 2 
99 35 0.0 15 13 5 0 24 27 3 1.0824583771e-42 5 2 
99 35 2.0 14 5 1 0 14 11 3 1.60860197366e-53 1 2 
99 35 2.0 17 1 0 0 4 1 4 0.0374413930953 1 0 
99 35 2.0 16 5 2 0 8 16 2 0.00201614938525 2 2 
99 35 2.0 19 10 0 0 6 4 3 6.29506852817e-16 2 0 
99 35 2.0 18 5 0 0 10 4 3 0.0236882252675 2 0 
99 35 2.0 20 1 0 0 4 1 4 4.3653931487e-46 1 0 
99 35 2.0 21 7 2 0 16 5 3 2.76854126166e-50 3 0 
99 35 2.0 22 6 2 0 18 5 3 8.3501591805e-40 3 0 
99 35 2.0 1 4 1 0 2 8 1 0.265605384301 0 2 
99 35 2.0 3 9 0 0 9 10 1 0.111314751036 0 3 
99 35 2.0 2 8 3 0 10 22 1 0.167669184528 0 4 
99 35 2.0 5 6 2 0 9 19 2 0.13506079707 1 3 
99 35 2.0 4 5 1 0 7 6 1 0.0948036573435 0 3 
99 35 2.0 7 2 0 0 7 13 2 0.0415441846042 1 1 
99 35 2.0 6 14 5 0 40 38 2 1.88260191115e-05 2 6 
99 35 2.0 9 4 1 0 13 19 2 0.0370626863424 1 3 
99 35 2.0 8 6 1 0 16 24 2 0.298770133347 2 2 
99 35 2.0 11 9 2 0 30 20 2 0.14118618227 4 2 
99 35 2.0 10 2 1 0 5 3 2 0.136660631845 1 1 
99 35 2.0 13 10 3 0 31 34 2 5.16363215354e-07 6 1 
99 35 2.0 12 3 1 0 8 13 3 0.0747147124567 1 2 
99 35 2.0 15 13 5 0 24 27 3 5.74219095816e-11 5 2 
99 36 0.0 14 5 1 0 14 11 3 2.66471575817e-24 1 2 
99 36 0.0 17 1 0 0 4 1 4 4.70726271199e-78 1 0 
99 36 0.0 16 5 2 0 8 16 2 1.01080358104e-14 2 2 
99 36 0.0 19 10 0 0 6 4 3 3.31279073169e-77 2 0 
99 36 0.0 18 5 0 0 10 4 3 9.48897590921e-61 2 0 
99 36 0.0 20 1 0 0 4 1 4 3.39127585337e-78 1 0 
99 36 0.0 21 7 2 0 16 5 3 2.5722151918e-55 3 0 
99 36 0.0 22 6 2 0 18 5 3 1.73363784073e-46 3 0 
99 36 0.0 1 4 1 0 2 8 1 0.1943766998 0 2 
99 36 0.0 3 9 0 0 9 10 1 0.169271457468 0 3 
99 36 0.0 2 8 3 0 10 22 1 0.214538508917 0 4 
99 36 0.0 5 6 2 0 9 19 2 0.147663121639 1 3 
99 36 0.0 4 5 1 0 7 6 1 0.153812834688 0 3 
99 36 0.0 7 2 0 0 7 13 2 0.0089814069761 1 1 
99 36 0.0 6 14 5 0 40 38 2 0.136271312067 2 6 
99 36 0.0 9 4 1 0 13 19 2 0.0597750274916 1 3 
99 36 0.0 8 6 1 0 16 24 2 0.149690294852 2 2 
99 36 0.0 11 9 2 0 30 20 2 0.00648567656404 4 2 
99 36 0.0 10 2 1 0 5 3 2 0.0598010028478 1 1 
99 36 0.0 13 10 3 0 31 34 2 2.62976184467e-23 6 1 
99 36 0.0 12 3 1 0 8 13 3 3.90141765182e-11 1 2 
99 36 0.0 15 13 5 0 24 27 3 4.49020116685e-42 5 2 
99 36 2.0 14 5 1 0 14 11 3 2.35121552943e-49 1 2 
99 36 2.0 17 1 0 0 4 1 4 0.0352437826066 1 0 
99 36 2.0 16 5 2 0 8 16 2 0.000501659222641 2 2 
99 36 2.0 19 10 0 0 6 4 3 3.72889820596e-16 2 0 
99 36 2.0 18 5 0 0 10 4 3 0.0224566737679 2 0 
99 36 2.0 20 1 0 0 4 1 4 2.63148742791e-46 1 0 
99 36 2.0 21 7 2 0 16 5 3 1.8745789029e-48 3 0 
99 36 2.0 22 6 2 0 18 5 3 7.78105208728e-39 3 0 
99 36 2.0 1 4 1 0 2 8 1 0.267885611185 0 2 
99 36 2.0 3 9 0 0 9 10 1 0.111332643647 0 3 
99 36 2.0 2 8 3 0 10 22 1 0.167213731005 0 4 
99 36 2.0 5 6 2 0 9 19 2 0.132690941031 1 3 
99 36 2.0 4 5 1 0 7 6 1 0.110554908764 0 3 
99 36 2.0 7 2 0 0 7 13 2 0.0424745118281 1 1 
99 36 2.0 6 14 5 0 40 38 2 5.42687369575e-06 2 6 
99 36 2.0 9 4 1 0 13 19 2 0.0441058489883 1 3 
99 36 2.0 8 6 1 0 16 24 2 0.296474970927 2 2 
99 36 2.0 11 9 2 0 30 20 2 0.145746628453 4 2 
99 36 2.0 10 2 1 0 5 3 2 0.160668391504 1 1 
99 36 2.0 13 10 3 0 31 34 2 1.52517648243e-06 6 1 
99 36 2.0 12 3 1 0 8 13 3 0.0749391270305 1 2 
99 36 2.0 15 13 5 0 24 27 3 8.39947205777e-11 5 2 
99 37 0.0 14 5 1 0 14 11 3 2.68556088327e-20 1 2 
99 37 0.0 17 1 0 0 4 1 4 1.28551249472e-77 1 0 
99 37 0.0 16 5 2 0 8 16 2 6.89322220956e-15 2 2 
99 37 0.0 19 10 0 0 6 4 3 1.01936887192e-76 2 0 
99 37 0.0 18 5 0 0 10 4 3 2.50437293557e-61 2 0 
99 37 0.0 20 1 0 0 4 1 4 2.97830788158e-78 1 0 
99 37 0.0 21 7 2 0 16 5 3 1.88070013654e-54 3 0 
99 37 0.0 22 6 2 0 18 5 3 4.72522601085e-46 3 0 
99 37 0.0 1 4 1 0 2 8 1 0.195146104652 0 2 
99 37 0.0 3 9 0 0 9 10 1 0.169528102528 0 3 
99 37 0.0 2 8 3 0 10 22 1 0.21520195467 0 4 
99 37 0.0 5 6 2 0 9 19 2 0.146634092716 1 3 
99 37 0.0 4 5 1 0 7 6 1 0.151862004548 0 3 
99 37 0.0 7 2 0 0 7 13 2 0.0097569596582 1 1 
99 37 0.0 6 14 5 0 40 38 2 0.132188040616 2 6 
99 37 0.0 9 4 1 0 13 19 2 0.0555006067778 1 3 
99 37 0.0 8 6 1 0 16 24 2 0.152036572668 2 2 
99 37 0.0 11 9 2 0 30 20 2 0.00922480742164 4 2 
99 37 0.0 10 2 1 0 5 3 2 0.0555729800497 1 1 
99 37 0.0 13 10 3 0 31 34 2 8.54875080631e-24 6 1 
99 37 0.0 12 3 1 0 8 13 3 1.76046053362e-10 1 2 
99 37 0.0 15 13 5 0 24 27 3 7.68595063054e-42 5 2 
99 37 2.0 14 5 1 0 14 11 3 5.28317884112e-55 1 2 
99 37 2.0 17 1 0 0 4 1 4 0.0400753604793 1 0 
99 37 2.0 16 5 2 0 8 16 2 0.00882406797731 2 2 
99 37 2.0 19 10 0 0 6 4 3 3.60708941898e-12 2 0 
99 37 2.0 18 5 0 0 10 4 3 0.0253858857764 2 0 
99 37 2.0 20 1 0 0 4 1 4 1.32847136396e-46 1 0 
99 37 2.0 21 7 2 0 16 5 3 2.94175675332e-52 3 0 
99 37 2.0 22 6 2 0 18 5 3 1.46289986408e-42 3 0 
99 37 2.0 1 4 1 0 2 8 1 0.261339410187 0 2 
99 37 2.0 3 9 0 0 9 10 1 0.111201845674 0 3 
99 37 2.0 2 8 3 0 10 22 1 0.169395469524 0 4 
99 37 2.0 5 6 2 0 9 19 2 0.138482815481 1 3 
99 37 2.0 4 5 1 0 7 6 1 0.110173354661 0 3 
99 37 2.0 7 2 0 0 7 13 2 0.0398340349761 1 1 
99 37 2.0 6 14 5 0 40 38 2 8.08722207185e-07 2 6 
99 37 2.0 9 4 1 0 13 19 2 0.0332665273407 1 3 
99 37 2.0 8 6 1 0 16 24 2 0.3036786273 2 2 
99 37 2.0 11 9 2 0 30 20 2 0.131311809689 4 2 
99 37 2.0 10 2 1 0 5 3 2 0.0909223980181 1 1 
99 37 2.0 13 10 3 0 31 34 2 5.28057230652e-07 6 1 
99 37 2.0 12 3 1 0 8 13 3 0.0748206594201 1 2 
99 37 2.0 15 13 5 0 24 27 3 4.06384949021e-13 5 2 
99 38 0.0 14 5 1 0 14 11 3 1.20037985717e-24 1 2 
99 38 0.0 17 1 0 0 4 1 4 9.4530050596e-78 1 0 
99 38 0.0 16 5 2 0 8 16 2 6.10152246523e-16 2 2 
99 38 0.0 19 10 0 0 6 4 3 5.44203354236e-73 2 0 
99 38 0.0 18 5 0 0 10 4 3 1.79051772313e-56 2 0 
99 38 0.0 20 1 0 0 4 1 4 4.85368172249e-78 1 0 
99 38 0.0 21 7 2 0 16 5 3 2.58585934862e-56 3 0 
99 38 0.0 22 6 2 0 18 5 3 5.22948543974e-47 3 0 
99 38 0.0 1 4 1 0 2 8 1 0.198200803785 0 2 
99 38 0.0 3 9 0 0 9 10 1 0.168714167917 0 3 
99 38 0.0 2 8 3 0 10 22 1 0.218513152801 0 4 
99 38 0.0 5 6 2 0 9 19 2 0.14421882507 1 3 
99 38 0.0 4 5 1 0 7 6 1 0.127143251493 0 3 
99 38 0.0 7 2 0 0 7 13 2 0.0123986326885 1 1 
99 38 0.0 6 14 5 0 40 38 2 0.117074164594 2 6 
99 38 0.0 9 4 1 0 13 19 2 0.0659938108183 1 3 
99 38 0.0 8 6 1 0 16 24 2 0.161784685489 2 2 
99 38 0.0 11 9 2 0 30 20 2 0.0172253240883 4 2 
99 38 0.0 10 2 1 0 5 3 2 0.0660365143005 1 1 
99 38 0.0 13 10 3 0 31 34 2 1.32391859041e-23 6 1 
99 38 0.0 12 3 1 0 8 13 3 4.70994800594e-11 1 2 
99 38 0.0 15 13 5 0 24 27 3 1.15369225924e-42 5 2 
99 38 2.0 14 5 1 0 14 11 3 1.91008768139e-56 1 2 
99 38 2.0 17 1 0 0 4 1 4 0.0388178045109 1 0 
99 38 2.0 16 5 2 0 8 16 2 0.0058046066688 2 2 
99 38 2.0 19 10 0 0 6 4 3 4.33615544653e-13 2 0 
99 38 2.0 18 5 0 0 10 4 3 0.0231587924802 2 0 
99 38 2.0 20 1 0 0 4 1 4 1.44038290387e-46 1 0 
99 38 2.0 21 7 2 0 16 5 3 2.75832226222e-52 3 0 
99 38 2.0 22 6 2 0 18 5 3 2.44879762314e-43 3 0 
99 38 2.0 1 4 1 0 2 8 1 0.262524457348 0 2 
99 38 2.0 3 9 0 0 9 10 1 0.111428903786 0 3 
99 38 2.0 2 8 3 0 10 22 1 0.168909372959 0 4 
99 38 2.0 5 6 2 0 9 19 2 0.136712048827 1 3 
99 38 2.0 4 5 1 0 7 6 1 0.136814491106 0 3 
99 38 2.0 7 2 0 0 7 13 2 0.0406025216748 1 1 
99 38 2.0 6 14 5 0 40 38 2 5.62809880656e-06 2 6 
99 38 2.0 9 4 1 0 13 19 2 0.0317310343026 1 3 
99 38 2.0 8 6 1 0 16 24 2 0.30172589817 2 2 
99 38 2.0 11 9 2 0 30 20 2 0.135522861749 4 2 
99 38 2.0 10 2 1 0 5 3 2 0.101162447192 1 1 
99 38 2.0 13 10 3 0 31 34 2 6.03610526065e-07 6 1 
99 38 2.0 12 3 1 0 8 13 3 0.0749362259394 1 2 
99 38 2.0 15 13 5 0 24 27 3 3.37223669564e-12 5 2 
99 39 0.0 14 5 1 0 14 11 3 1.51773615984e-27 1 2 
99 39 0.0 17 1 0 0 4 1 4 1.34299133714e-77 1 0 
99 39 0.0 16 5 2 0 8 16 2 3.3054855635e-16 2 2 
99 39 0.0 19 10 0 0 6 4 3 3.55835255805e-77 2 0 
99 39 0.0 18 5 0 0 10 4 3 1.09745789267e-58 2 0 
99 39 0.0 20 1 0 0 4 1 4 1.10445849822e-77 1 0 
99 39 0.0 21 7 2 0 16 5 3 6.13841273061e-56 3 0 
99 39 0.0 22 6 2 0 18 5 3 8.9316072687e-46 3 0 
99 39 0.0 1 4 1 0 2 8 1 0.192804157996 0 2 
99 39 0.0 3 9 0 0 9 10 1 0.168641181885 0 3 
99 39 0.0 2 8 3 0 10 22 1 0.213971566714 0 4 
99 39 0.0 5 6 2 0 9 19 2 0.148736723785 1 3 
99 39 0.0 4 5 1 0 7 6 1 0.157369913144 0 3 
99 39 0.0 7 2 0 0 7 13 2 0.00810295332103 1 1 
99 39 0.0 6 14 5 0 40 38 2 0.141040197411 2 6 
99 39 0.0 9 4 1 0 13 19 2 0.0547159003875 1 3 
99 39 0.0 8 6 1 0 16 24 2 0.147014118192 2 2 
99 39 0.0 11 9 2 0 30 20 2 0.00301560145793 4 2 
99 39 0.0 10 2 1 0 5 3 2 0.0547216640501 1 1 
99 39 0.0 13 10 3 0 31 34 2 4.67010466723e-23 6 1 
99 39 0.0 12 3 1 0 8 13 3 8.95771503657e-11 1 2 
99 39 0.0 15 13 5 0 24 27 3 7.65780384756e-41 5 2 
99 39 2.0 14 5 1 0 14 11 3 1.05690061633e-51 1 2 
99 39 2.0 17 1 0 0 4 1 4 0.0381557959596 1 0 
99 39 2.0 16 5 2 0 8 16 2 0.00400763027903 2 2 
99 39 2.0 19 10 0 0 6 4 3 7.81699537078e-15 2 0 
99 39 2.0 18 5 0 0 10 4 3 0.021677684688 2 0 
99 39 2.0 20 1 0 0 4 1 4 2.4591723684e-46 1 0 
99 39 2.0 21 7 2 0 16 5 3 2.45465698599e-49 3 0 
99 39 2.0 22 6 2 0 18 5 3 2.933749803e-40 3 0 
99 39 2.0 1 4 1 0 2 8 1 0.26219554075 0 2 
99 39 2.0 3 9 0 0 9 10 1 0.1115730765 0 3 
99 39 2.0 2 8 3 0 10 22 1 0.168219619098 0 4 
99 39 2.0 5 6 2 0 9 19 2 0.135975034602 1 3 
99 39 2.0 4 5 1 0 7 6 1 0.130386206274 0 3 
99 39 2.0 7 2 0 0 7 13 2 0.0407775056837 1 1 
99 39 2.0 6 14 5 0 40 38 2 7.01379044949e-06 2 6 
99 39 2.0 9 4 1 0 13 19 2 0.0337015705552 1 3 
99 39 2.0 8 6 1 0 16 24 2 0.301051524897 2 2 
99 39 2.0 11 9 2 0 30 20 2 0.137418936052 4 2 
99 39 2.0 10 2 1 0 5 3 2 0.118886840253 1 1 
99 39 2.0 13 10 3 0 31 34 2 6.60188183666e-07 6 1 
99 39 2.0 12 3 1 0 8 13 3 0.0740047221764 1 2 
99 39 2.0 15 13 5 0 24 27 3 7.15096815493e-11 5 2 
99 40 0.0 14 5 1 0 14 11 3 1.25542774953e-27 1 2 
99 40 0.0 17 1 0 0 4 1 4 9.37589112918e-78 1 0 
99 40 0.0 16 5 2 0 8 16 2 6.33309321366e-15 2 2 
99 40 0.0 19 10 0 0 6 4 3 4.00703607332e-75 2 0 
99 40 0.0 18 5 0 0 10 4 3 8.34915429531e-59 2 0 
99 40 0.0 20 1 0 0 4 1 4 1.11483297046e-77 1 0 
99 40 0.0 21 7 2 0 16 5 3 1.86914091393e-56 3 0 
99 40 0.0 22 6 2 0 18 5 3 1.02861780727e-47 3 0 
99 40 0.0 1 4 1 0 2 8 1 0.197904119889 0 2 
99 40 0.0 3 9 0 0 9 10 1 0.169151082159 0 3 
99 40 0.0 2 8 3 0 10 22 1 0.218156553764 0 4 
99 40 0.0 5 6 2 0 9 19 2 0.144472329027 1 3 
99 40 0.0 4 5 1 0 7 6 1 0.147567582934 0 3 
99 40 0.0 7 2 0 0 7 13 2 0.0120401117134 1 1 
99 40 0.0 6 14 5 0 40 38 2 0.119471303626 2 6 
99 40 0.0 9 4 1 0 13 19 2 0.0837009711121 1 3 
99 40 0.0 8 6 1 0 16 24 2 0.159949480711 2 2 
99 40 0.0 11 9 2 0 30 20 2 0.016247719495 4 2 
99 40 0.0 10 2 1 0 5 3 2 0.083757896013 1 1 
99 40 0.0 13 10 3 0 31 34 2 1.28935305157e-22 6 1 
99 40 0.0 12 3 1 0 8 13 3 2.60102725382e-10 1 2 
99 40 0.0 15 13 5 0 24 27 3 2.51135639755e-42 5 2 
99 40 2.0 14 5 1 0 14 11 3 4.96357242449e-52 1 2 
99 40 2.0 17 1 0 0 4 1 4 0.0378418207773 1 0 
99 40 2.0 16 5 2 0 8 16 2 0.0026951959609 2 2 
99 40 2.0 19 10 0 0 6 4 3 9.37722618154e-16 2 0 
99 40 2.0 18 5 0 0 10 4 3 0.0228325153567 2 0 
99 40 2.0 20 1 0 0 4 1 4 3.17988658134e-46 1 0 
99 40 2.0 21 7 2 0 16 5 3 2.43251873046e-47 3 0 
99 40 2.0 22 6 2 0 18 5 3 1.43647278146e-38 3 0 
99 40 2.0 1 4 1 0 2 8 1 0.26381464929 0 2 
99 40 2.0 3 9 0 0 9 10 1 0.111377244755 0 3 
99 40 2.0 2 8 3 0 10 22 1 0.16787578819 0 4 
99 40 2.0 5 6 2 0 9 19 2 0.135664385475 1 3 
99 40 2.0 4 5 1 0 7 6 1 0.104831241436 0 3 
99 40 2.0 7 2 0 0 7 13 2 0.0411856765876 1 1 
99 40 2.0 6 14 5 0 40 38 2 9.24494324925e-06 2 6 
99 40 2.0 9 4 1 0 13 19 2 0.0325518333166 1 3 
99 40 2.0 8 6 1 0 16 24 2 0.299727491362 2 2 
99 40 2.0 11 9 2 0 30 20 2 0.1393021793 4 2 
99 40 2.0 10 2 1 0 5 3 2 0.119657472927 1 1 
99 40 2.0 13 10 3 0 31 34 2 6.30907882922e-07 6 1 
99 40 2.0 12 3 1 0 8 13 3 0.0743280313349 1 2 
99 40 2.0 15 13 5 0 24 27 3 2.86418633685e-10 5 2 
