1 14
1 15
1 19
1 20
2 3
2 7
2 8
2 9
2 10
2 11
2 14
2 15
2 16
2 17
2 18
2 19
3 8
3 9
3 10
3 11
3 14
3 15
3 16
3 18
3 19
4 11
4 14
4 17
4 18
4 19
5 6
5 9
5 10
5 11
5 13
5 14
5 15
5 16
5 17
5 18
5 19
5 20
6 6
6 10
6 14
6 15
6 16
6 17
6 19
6 20
7 8
7 9
7 10
7 11
7 13
7 14
7 15
7 16
7 17
7 18
8 8
8 10
8 11
8 14
8 15
8 16
8 17
8 18
8 19
9 8
9 10
9 14
9 16
9 17
9 18
9 19
9 20
10 8
10 10
10 16
10 18
10 19
10 20
11 19
11 20
12 10
12 16
12 17
12 19
13 16
13 17
14 14
14 17
14 18
14 19
14 20
15 10
15 11
15 13
15 14
15 15
15 16
15 17
15 18
15 19
16 17
16 19
16 20
16 21
17 17
17 19
17 20
17 21
18 14
18 18
18 19
18 20
19 19
19 20
19 21
20 20
20 21
