1 8
1 9
1 10
1 22
1 26
1 28
1 29
1 31
1 32
2 1
2 4
2 5
2 6
2 8
2 9
2 10
2 11
2 13
2 14
2 17
2 21
2 26
2 27
2 28
2 29
3 12
3 13
3 17
3 28
4 8
4 9
4 10
4 19
4 20
4 21
4 22
4 23
4 24
4 25
4 31
5 8
5 9
5 10
5 26
5 27
5 28
5 29
5 30
5 31
6 8
6 9
6 10
6 11
6 13
6 14
6 16
6 19
6 21
6 26
6 27
6 28
6 29
7 9
7 24
7 26
7 27
7 28
7 29
7 30
7 31
7 32
8 9
8 22
8 28
8 29
8 31
8 32
9 28
9 31
9 32
10 8
10 9
10 14
10 16
10 18
10 19
10 20
10 21
10 22
10 23
10 24
10 25
10 26
10 28
10 29
10 31
11 8
11 9
11 10
11 14
11 16
11 18
11 19
11 20
11 22
11 28
11 29
12 8
12 14
12 16
12 17
12 18
12 22
12 28
12 29
13 8
13 9
13 22
13 28
13 31
14 9
14 18
14 20
14 22
14 23
14 24
14 25
14 28
14 29
14 31
14 32
15 8
15 9
15 10
15 19
15 20
15 22
15 23
15 24
15 28
15 29
16 8
16 9
16 10
16 14
16 16
16 19
16 20
16 21
16 22
16 23
16 24
16 25
16 26
16 28
16 29
16 31
17 17
17 18
17 22
17 23
17 24
17 25
17 28
17 29
17 31
18 8
18 9
18 22
18 23
18 24
18 28
18 29
18 31
19 22
19 23
19 24
19 25
20 22
20 23
20 24
20 25
21 22
21 23
21 24
21 25
22 24
22 25
22 32
23 23
23 24
23 25
25 25
26 22
26 23
26 25
26 29
26 31
26 32
27 22
27 23
27 25
27 28
27 29
27 31
27 32
28 25
28 28
28 29
28 31
28 32
29 25
29 28
29 31
29 32
30 9
30 31
30 32
30 33
31 31
31 32
31 33
32 32
32 33
