1 15
1 18
1 19
1 20
1 21
1 23
2 15
2 18
2 19
2 20
2 21
3 1
3 2
3 15
3 17
3 18
4 1
4 2
4 7
4 15
4 16
4 17
4 19
4 21
5 1
5 2
5 15
6 1
6 2
6 3
6 5
6 6
6 9
6 13
6 14
6 15
6 16
6 17
6 21
6 23
7 15
7 16
7 17
7 18
7 19
7 21
7 23
8 2
8 15
8 16
8 17
8 18
8 20
8 21
8 23
9 15
9 16
9 17
9 18
9 20
9 21
9 23
10 4
10 5
10 7
10 8
10 9
10 11
10 12
10 15
10 16
10 19
11 4
11 5
11 6
11 7
11 8
11 12
11 15
11 16
12 7
12 8
12 9
12 19
12 21
12 23
13 1
13 2
13 15
13 16
13 17
13 18
13 19
13 20
13 21
13 23
14 15
14 16
14 18
14 20
15 18
15 20
15 23
16 15
16 18
16 20
16 21
17 21
17 22
17 23
18 20
18 22
19 15
19 18
19 20
19 21
20 23
21 18
21 22
