1 4
1 8
1 9
1 10
1 11
1 12
1 14
1 18
1 19
2 18
2 19
2 21
2 24
3 4
3 6
3 7
3 8
3 9
3 10
3 12
3 14
3 16
3 18
3 19
3 22
4 6
4 7
4 8
4 9
4 10
4 11
4 12
4 14
4 16
4 17
4 18
4 19
4 22
5 6
5 7
5 8
5 9
5 10
5 12
5 14
5 16
5 18
5 19
6 7
6 8
6 9
6 10
6 11
6 12
6 14
6 16
6 18
6 19
7 8
7 9
7 10
7 11
7 14
7 16
7 18
7 19
7 21
8 22
8 23
9 8
9 9
9 22
9 23
10 8
10 9
10 18
10 19
10 22
11 20
11 21
11 22
12 8
12 9
12 10
12 11
12 14
12 18
12 19
12 22
13 1
13 2
13 3
13 4
13 5
13 6
13 8
13 9
13 11
13 12
13 14
13 15
13 16
13 17
13 18
13 19
14 8
14 9
14 11
14 18
14 19
14 20
14 21
14 22
15 18
15 19
15 20
15 21
16 21
16 22
16 23
16 24
17 7
17 8
17 9
17 10
17 12
17 14
17 16
17 22
18 18
18 19
18 20
18 21
18 22
18 23
19 18
19 20
19 21
19 22
19 23
20 22
20 23
21 20
21 22
21 23
22 23
