1 17
1 20
1 21
1 23
1 26
2 21
2 23
2 26
3 17
3 21
3 23
3 26
4 17
4 20
4 21
4 26
5 17
5 21
5 23
5 26
6 26
7 17
7 24
7 25
8 10
8 17
8 21
8 24
8 26
9 17
9 24
9 25
9 26
10 10
10 17
10 21
10 24
11 17
11 22
11 23
11 25
11 26
12 21
12 22
12 23
12 27
13 13
13 14
13 15
13 16
13 17
13 20
13 21
13 23
13 24
13 26
14 13
14 14
14 15
14 16
14 17
14 20
14 21
14 23
14 24
14 26
15 14
15 15
15 16
15 17
15 20
15 21
15 23
15 24
15 26
16 21
16 26
17 22
17 27
18 10
18 12
18 13
18 14
18 15
18 17
18 18
18 20
18 21
18 23
18 24
18 26
19 12
19 14
19 15
19 19
19 20
19 21
19 22
19 24
19 25
19 27
20 14
20 16
20 21
20 23
20 24
20 26
21 21
21 22
21 25
21 26
22 21
22 22
22 24
22 25
22 26
22 27
22 28
23 21
23 22
23 23
23 24
23 25
23 26
23 28
24 21
24 22
24 24
24 25
24 26
24 27
25 22
25 24
25 25
25 26
25 27
25 28
26 25
26 26
26 27
26 28
