1 4
1 5
1 10
1 14
1 15
1 17
1 18
1 19
1 21
1 22
1 23
1 27
1 34
1 35
1 38
2 31
2 32
2 33
2 43
3 33
4 17
4 21
4 24
4 33
4 34
5 3
5 7
5 13
5 14
5 15
5 17
5 18
5 21
5 27
5 29
5 33
5 38
6 3
6 4
6 13
6 15
6 17
6 18
6 21
6 25
6 27
6 33
6 38
7 17
7 21
7 32
7 33
7 44
8 3
8 10
8 14
8 17
8 21
8 33
9 3
9 13
9 14
9 17
9 21
9 29
10 13
10 21
10 33
11 3
11 4
11 12
11 13
11 14
11 21
11 33
12 3
12 8
12 10
12 13
12 21
12 29
12 33
13 4
13 17
13 21
13 32
13 33
13 34
13 35
13 38
13 43
14 34
14 35
14 42
15 35
15 42
15 44
16 31
16 32
16 40
16 41
17 17
17 33
17 34
17 38
18 34
18 35
19 10
19 17
19 18
19 31
19 32
19 33
19 38
19 41
20 33
20 34
20 35
21 33
21 34
21 35
22 24
22 27
22 32
22 33
23 33
24 17
24 33
24 34
25 7
25 17
25 21
25 33
25 34
26 3
26 13
26 21
26 29
26 32
26 33
27 42
28 18
28 19
28 20
28 22
28 24
28 32
28 33
29 21
29 29
29 33
29 34
30 3
30 13
30 14
30 33
30 38
31 42
31 44
32 42
32 44
33 33
33 35
33 42
33 44
34 35
34 42
35 42
36 34
36 35
37 7
37 17
37 34
37 36
38 31
38 33
38 41
38 44
39 31
39 32
39 33
39 38
39 40
39 41
39 43
39 44
40 35
40 42
41 35
41 42
