1 1
1 3
1 5
1 6
1 7
1 9
1 12
1 13
1 14
1 15
1 16
1 17
2 3
2 9
2 12
2 13
2 14
2 15
2 16
3 2
3 9
3 12
3 13
3 14
3 15
3 16
3 17
4 1
4 3
4 5
4 6
4 7
4 9
4 12
4 13
4 14
4 15
4 16
4 17
5 2
5 3
5 9
5 12
5 13
5 14
5 15
5 17
6 3
6 7
6 9
6 11
6 12
6 13
6 14
6 15
6 16
6 17
7 12
7 13
7 14
7 17
8 1
8 4
8 6
8 11
8 12
8 16
9 12
9 13
9 14
9 15
9 16
9 17
10 13
10 14
10 16
10 17
11 12
11 13
11 14
11 15
11 16
11 17
11 18
12 9
12 12
12 13
12 14
12 15
12 17
12 18
13 13
13 14
13 15
13 16
13 17
13 19
14 14
14 17
14 18
14 19
14 20
15 14
15 17
15 18
15 19
15 20
16 18
16 20
17 17
17 18
17 19
17 20
18 18
18 19
18 20
