1 2
1 3
1 5
1 6
1 7
1 8
1 9
1 15
1 16
1 17
1 18
1 20
1 22
1 24
1 28
1 33
2 2
2 3
2 5
2 8
2 9
2 12
2 15
2 17
2 19
2 20
2 25
2 30
3 2
3 3
3 8
3 9
3 15
3 19
3 20
3 25
3 26
3 30
3 35
4 1
4 2
4 3
4 4
4 6
4 7
4 8
4 9
4 10
4 11
4 13
4 15
4 17
4 19
4 20
4 22
4 23
4 26
4 30
4 33
4 35
5 5
5 15
5 20
5 33
6 7
6 11
6 12
6 14
6 15
6 17
6 18
6 19
6 25
6 26
6 27
6 28
6 29
6 34
6 35
7 7
7 8
7 14
7 15
7 16
7 17
7 18
7 20
7 21
7 22
7 24
7 25
7 28
7 29
7 34
8 3
8 5
8 8
8 13
8 15
8 20
8 21
8 25
8 26
8 28
8 30
8 33
8 35
9 2
9 3
9 7
9 8
9 9
9 15
9 19
9 20
9 25
9 29
9 30
9 33
9 35
10 3
10 8
10 9
10 13
10 15
10 18
10 20
10 21
10 27
10 33
10 34
10 35
11 6
11 8
11 14
11 15
11 17
11 18
11 20
11 22
11 25
11 27
11 28
11 29
11 30
11 31
11 33
11 34
11 35
12 6
12 15
12 17
12 20
12 22
12 27
12 28
12 31
12 33
12 34
12 35
13 13
13 23
13 24
13 27
13 28
13 29
13 31
13 35
14 7
14 8
14 12
14 13
14 15
14 16
14 17
14 20
14 21
14 22
14 26
14 28
14 29
14 31
14 35
14 36
15 18
15 20
15 21
15 25
15 28
15 30
15 31
15 32
15 33
15 34
15 35
16 7
16 16
16 20
16 27
16 28
16 29
16 30
16 33
16 34
16 35
17 15
17 27
17 28
17 29
17 33
17 34
17 35
18 12
18 13
18 18
18 25
18 26
18 27
18 28
18 29
18 30
18 31
18 32
18 33
18 34
19 16
19 17
19 19
19 20
19 22
19 28
19 29
19 30
19 32
19 34
19 35
20 33
20 36
21 27
21 28
21 29
21 30
21 31
21 32
21 33
21 34
21 35
22 25
22 28
22 29
22 30
22 32
22 33
22 34
23 6
23 17
23 19
23 22
23 24
23 27
23 28
23 29
23 30
23 34
23 35
24 19
24 24
24 28
24 29
24 30
24 34
24 35
25 25
25 27
25 28
25 29
25 30
25 34
25 35
26 6
26 12
26 15
26 18
26 20
26 25
26 26
26 27
26 28
26 31
26 33
26 35
26 36
27 13
27 27
27 33
27 34
27 36
28 33
28 34
28 36
29 33
29 34
30 30
30 32
30 33
30 34
30 36
31 32
31 36
32 31
32 32
32 33
32 36
33 33
33 36
34 34
35 34
35 35
