1 1
1 2
1 3
1 4
1 5
1 6
1 7
1 8
1 9
1 11
1 12
1 13
1 14
1 15
2 2
2 3
2 4
2 5
2 6
2 8
2 9
2 11
2 13
2 14
2 16
3 13
3 14
3 15
3 16
3 19
4 2
4 3
4 4
4 5
4 6
4 8
4 11
4 12
4 13
4 14
4 15
4 16
4 19
5 5
5 13
5 15
5 16
5 17
5 18
6 4
6 5
6 12
6 13
6 14
6 15
6 16
6 19
7 1
7 4
7 13
8 12
8 14
8 16
8 19
9 13
9 15
9 19
10 12
10 13
10 14
10 15
10 19
11 3
11 4
11 5
11 6
11 11
11 13
11 14
11 16
12 12
12 13
12 14
12 15
12 16
12 17
12 18
12 19
13 4
13 5
13 6
13 8
13 9
13 11
13 12
13 13
13 14
13 15
13 16
13 17
13 18
13 19
14 12
14 13
14 14
14 15
14 16
14 17
14 18
14 19
15 16
15 17
15 18
15 19
16 17
16 18
