1 5
1 6
1 7
1 11
1 15
1 19
1 20
1 23
1 24
1 25
2 2
2 3
2 5
2 6
2 7
2 10
2 12
2 14
2 15
2 16
2 17
2 18
2 19
2 20
2 21
2 22
2 23
2 24
2 25
2 26
2 27
3 2
3 5
3 6
3 7
3 10
3 11
3 12
3 13
3 14
3 15
3 16
3 17
3 19
3 21
3 24
3 26
3 28
4 5
4 6
4 7
4 10
4 13
4 15
4 16
4 21
4 23
4 24
4 26
5 12
5 13
5 17
5 19
5 20
5 23
5 24
5 25
5 26
5 28
5 31
6 2
6 6
6 7
6 13
6 17
6 18
6 19
6 20
6 21
6 22
6 26
6 27
6 28
6 29
6 30
6 31
6 32
7 6
7 13
7 15
7 16
7 17
7 18
7 19
7 20
7 21
7 23
7 24
7 25
7 26
7 27
7 28
7 29
7 30
7 31
7 32
7 34
8 10
8 13
8 16
8 19
8 23
8 25
8 26
8 28
9 10
9 13
9 16
9 19
9 23
9 24
9 25
9 26
9 28
10 10
10 13
10 14
10 16
10 17
10 23
10 25
10 26
10 28
10 31
11 19
11 23
11 24
11 25
11 26
11 28
12 10
12 12
12 13
12 16
12 23
12 25
12 26
12 28
12 34
13 10
13 13
13 17
13 18
13 19
13 20
13 21
13 23
13 25
13 26
13 28
13 29
13 30
13 31
13 32
13 34
14 13
14 18
14 21
14 22
14 27
14 28
14 29
14 31
14 32
15 18
15 19
15 21
15 26
15 27
15 28
15 29
15 30
15 31
15 32
15 38
16 16
16 18
16 19
16 21
16 27
16 28
16 29
16 30
16 31
16 32
16 38
17 28
17 31
17 34
18 18
18 25
18 28
18 30
18 31
19 28
19 34
20 10
20 13
20 16
20 17
20 23
20 25
20 26
20 28
20 34
21 27
21 29
21 32
22 22
22 27
22 29
22 30
22 32
22 33
22 36
23 28
23 34
23 35
23 37
24 28
24 34
24 35
24 37
25 28
25 34
26 25
26 28
26 34
26 35
26 37
27 27
27 29
27 32
27 33
27 35
27 36
28 28
28 33
28 34
28 35
28 37
29 33
29 36
30 30
30 32
30 33
30 34
30 35
30 36
30 37
31 27
31 28
31 32
31 34
31 37
32 33
33 27
33 32
33 35
33 36
34 35
34 37
35 35
35 37
