1 2
1 3
1 4
1 5
1 6
1 7
1 8
1 9
1 11
1 13
1 14
1 19
1 24
1 32
2 2
2 18
2 19
2 20
2 31
2 33
3 6
3 7
3 8
3 9
3 10
3 11
3 13
3 14
3 24
3 32
4 6
4 7
4 8
4 9
4 10
4 11
4 13
4 14
4 15
4 18
4 19
4 20
4 21
4 24
4 28
4 32
4 33
5 3
5 7
5 8
5 9
5 14
5 24
5 32
6 2
6 3
6 4
6 6
6 7
6 8
6 9
6 10
6 11
6 13
6 14
6 15
6 16
6 17
6 18
6 19
6 20
6 21
6 22
6 23
6 24
6 25
6 26
6 27
6 28
6 31
6 32
6 33
6 34
6 39
7 15
7 16
7 17
7 18
7 19
7 20
7 21
7 22
7 23
7 25
7 26
7 27
7 28
7 29
7 31
7 33
7 34
7 37
7 39
8 16
8 18
8 19
8 20
8 21
8 22
8 23
8 24
8 27
8 28
8 31
8 34
9 16
9 19
9 20
9 21
9 23
9 24
9 25
9 27
9 29
9 30
9 31
9 33
9 34
9 37
9 39
10 21
10 23
10 26
11 30
11 42
12 17
12 20
12 22
12 25
12 28
12 29
12 30
12 31
12 33
13 17
13 19
13 20
13 23
13 24
13 25
13 26
13 27
13 29
13 30
13 31
13 33
13 34
13 35
13 37
13 38
13 39
13 42
14 17
14 18
14 19
14 20
14 21
14 22
14 23
14 24
14 25
14 26
14 27
14 29
14 30
14 31
14 35
14 37
14 38
14 39
15 17
15 19
15 20
15 21
15 22
15 24
15 25
15 26
15 27
15 28
15 30
15 31
15 33
16 17
16 35
17 17
17 35
17 41
18 17
18 21
18 22
18 26
18 27
18 28
18 30
18 31
18 35
18 37
18 38
18 39
19 17
19 21
19 22
19 26
19 27
19 28
19 29
19 30
19 31
19 35
19 37
19 38
19 39
19 41
20 17
20 20
20 30
20 31
20 33
20 35
20 37
20 38
20 39
21 35
21 37
21 38
21 39
21 41
22 35
22 37
22 38
22 39
22 41
23 23
23 35
23 36
23 40
24 17
24 30
24 31
24 35
24 37
24 38
24 39
24 41
25 17
25 35
25 41
26 35
26 37
26 38
26 39
26 40
26 41
27 35
27 37
27 38
27 39
27 40
27 41
28 35
28 37
28 38
28 39
28 40
28 41
29 36
29 40
30 23
30 36
30 42
31 30
31 31
31 35
31 37
31 38
31 39
31 40
31 41
32 37
32 38
32 39
32 41
33 42
34 37
34 38
34 39
