1 3
1 4
1 5
1 12
1 15
1 16
1 17
1 23
1 25
1 26
1 28
1 30
1 40
1 41
1 42
1 43
1 44
1 45
1 46
1 48
2 10
2 19
2 22
2 23
2 24
2 25
2 27
2 28
2 29
2 30
2 31
2 32
2 33
2 35
2 36
2 38
2 47
2 48
3 9
3 10
3 12
3 14
3 15
3 16
3 17
3 18
3 20
3 21
3 23
3 25
3 26
3 27
3 28
3 29
3 30
3 31
3 32
3 33
3 34
3 35
3 36
3 37
3 39
4 7
4 9
4 10
4 11
4 12
4 13
4 14
4 15
4 16
4 17
4 20
4 24
4 25
4 26
4 28
4 30
4 31
4 32
4 33
4 36
4 37
4 38
4 39
4 40
4 42
4 47
5 9
5 10
5 13
5 14
5 15
5 16
5 17
5 20
5 24
5 25
5 30
5 32
5 33
5 34
5 35
5 37
5 38
5 39
6 45
6 46
7 10
7 21
7 23
7 25
7 26
7 27
7 28
7 29
7 30
7 31
7 32
7 33
7 34
7 35
7 36
7 37
7 38
7 42
8 47
8 48
9 10
9 12
9 14
9 15
9 16
9 18
9 20
9 23
9 25
9 26
9 27
9 28
9 30
9 31
9 32
9 33
9 36
9 37
9 38
9 39
9 40
9 41
9 42
9 43
9 44
9 45
9 46
9 47
10 10
10 12
10 14
10 20
10 23
10 25
10 26
10 30
10 31
10 32
10 33
10 36
10 38
10 40
10 42
10 43
10 44
10 45
10 46
10 47
10 48
11 10
11 12
11 14
11 15
11 16
11 25
11 26
11 30
11 31
11 32
11 38
11 40
11 42
11 43
11 44
11 45
11 46
11 47
12 12
12 15
12 20
12 25
12 26
12 30
12 31
12 32
12 38
12 40
12 42
12 43
12 44
12 45
12 46
12 47
12 48
13 10
13 12
13 14
13 16
13 18
13 20
13 25
13 26
13 30
13 32
13 34
13 36
13 37
13 38
13 42
13 46
13 47
14 10
14 14
14 25
14 26
14 30
14 31
14 32
14 36
14 38
14 42
14 43
14 46
14 47
15 30
15 31
15 43
15 44
15 45
15 46
15 47
16 26
16 40
16 42
16 43
16 44
16 45
16 46
16 47
17 26
17 40
17 43
17 44
17 45
17 46
18 10
18 12
18 14
18 16
18 20
18 23
18 25
18 26
18 29
18 30
18 31
18 32
18 36
18 37
18 38
18 40
18 41
18 42
18 43
18 44
18 45
18 46
18 47
18 48
19 10
19 14
19 20
19 23
19 25
19 26
19 30
19 31
19 32
19 33
19 35
19 36
19 37
19 38
19 42
19 44
19 46
19 47
20 10
20 20
20 25
20 30
20 31
20 36
20 38
20 42
20 47
20 48
21 30
21 31
21 32
21 33
21 46
21 47
22 10
22 12
22 14
22 15
22 16
22 18
22 20
22 23
22 25
22 26
22 30
22 31
22 35
22 36
22 37
22 40
22 41
22 42
22 43
22 44
22 46
22 47
22 48
23 10
23 12
23 14
23 15
23 16
23 18
23 20
23 23
23 25
23 26
23 30
23 31
23 35
23 36
23 37
23 40
23 42
23 43
23 44
23 46
23 47
23 48
24 10
24 12
24 18
24 20
24 23
24 25
24 26
24 30
24 31
24 33
24 35
24 36
24 37
24 38
24 40
24 41
24 42
24 43
24 44
24 45
24 46
24 47
24 48
25 10
25 12
25 18
25 20
25 23
25 25
25 26
25 30
25 31
25 35
25 36
25 37
25 38
25 40
25 42
25 43
25 44
25 45
25 46
25 47
25 48
26 25
26 26
26 30
26 31
26 32
26 33
26 35
26 40
26 42
26 43
26 44
26 45
26 46
26 47
26 48
27 30
27 31
27 32
27 33
27 35
27 38
27 42
27 43
27 44
27 46
27 47
27 48
28 25
28 26
28 30
28 31
28 32
28 33
28 37
28 38
28 40
28 42
28 43
28 44
28 45
28 46
28 47
29 10
29 14
29 30
29 31
29 33
29 36
29 38
29 42
29 47
30 30
30 31
30 47
30 48
31 47
31 48
32 30
32 32
32 47
32 48
33 46
33 47
33 48
34 20
34 23
34 25
34 26
34 28
34 29
34 30
34 31
34 33
34 35
34 36
34 37
34 38
34 42
34 44
34 46
34 47
34 48
35 47
35 48
36 30
36 36
36 38
36 47
36 48
37 10
37 23
37 25
37 26
37 30
37 31
37 32
37 33
37 36
37 38
37 47
38 47
38 48
39 40
39 42
39 43
39 44
39 45
39 46
39 47
39 48
40 42
40 43
40 44
40 45
40 46
40 47
40 48
41 40
41 42
41 43
41 44
41 45
41 46
41 47
41 48
42 44
42 46
42 47
42 48
42 49
47 47
47 48
47 49
48 49
