1 3
1 6
1 7
1 8
1 9
1 10
1 11
1 12
1 13
1 14
1 15
1 16
1 18
1 22
2 3
2 4
2 5
2 7
2 8
2 9
2 10
2 11
3 3
3 9
3 10
3 12
3 13
3 14
3 15
3 16
3 17
3 18
3 19
3 20
4 9
4 10
4 12
4 13
4 14
4 15
4 16
4 17
4 18
4 19
4 20
5 3
5 10
5 12
5 13
5 14
5 15
5 16
5 17
5 18
5 19
5 20
5 22
6 14
6 15
6 16
6 17
6 18
6 19
6 20
6 21
6 22
7 12
7 13
7 14
7 15
7 16
7 17
7 18
7 19
7 20
7 23
8 13
8 14
8 15
8 16
8 17
8 18
8 19
8 20
8 23
9 7
9 8
9 9
9 10
9 11
9 12
9 13
9 14
9 15
9 16
9 17
9 18
9 19
9 20
9 22
9 23
10 20
10 23
11 20
11 23
12 14
12 15
12 16
12 17
12 18
12 20
12 22
12 23
13 13
13 14
13 15
13 16
13 17
13 20
13 21
13 22
14 14
14 17
14 20
14 22
14 23
15 14
15 15
15 16
15 17
17 22
17 23
18 19
18 20
18 22
18 23
19 19
19 20
19 23
20 19
20 20
20 23
