1 45
1 46
1 47
2 1
2 17
2 26
2 30
2 33
2 36
2 40
2 41
2 45
2 46
2 47
3 6
3 17
3 22
3 25
3 26
3 27
3 28
3 29
3 30
3 31
3 33
3 36
3 37
3 40
3 41
3 42
3 45
3 46
4 2
4 6
4 12
4 17
4 25
4 26
4 27
4 28
4 29
4 30
4 31
4 32
4 36
4 37
4 40
4 41
4 42
5 12
5 15
5 16
5 17
5 18
5 19
5 22
5 23
5 25
5 26
5 27
5 28
5 29
5 30
5 31
5 32
5 33
5 34
5 35
5 37
5 39
6 45
6 46
6 47
6 49
6 51
7 30
7 36
7 37
7 45
7 46
8 17
8 18
8 25
8 26
8 27
8 28
8 30
8 32
8 33
8 36
8 37
8 39
8 40
8 41
8 45
9 6
9 17
9 18
9 25
9 26
9 27
9 28
9 30
9 32
9 33
9 36
9 37
9 39
9 40
9 41
9 42
9 43
9 45
10 17
10 18
10 25
10 26
10 27
10 28
10 30
10 32
10 33
10 34
10 36
10 37
10 39
10 43
10 45
11 34
11 36
11 45
11 46
11 47
12 25
12 28
12 29
12 33
12 36
12 37
12 40
12 41
12 43
12 46
13 6
13 12
13 17
13 18
13 25
13 26
13 27
13 28
13 30
13 32
13 33
13 36
13 37
13 38
13 39
13 40
13 42
13 43
14 36
14 45
14 46
14 47
15 14
15 25
15 27
15 28
15 29
15 30
15 36
15 37
15 45
16 6
16 15
16 25
16 26
16 27
16 28
16 29
16 30
16 36
16 37
16 39
16 45
17 46
17 47
18 45
18 46
18 47
18 49
19 45
19 46
19 47
19 49
19 50
20 17
20 25
20 26
20 27
20 28
20 29
20 30
20 31
20 33
20 36
20 37
20 45
20 46
20 47
21 12
21 13
21 18
21 19
21 24
21 25
21 26
21 27
21 28
21 29
21 30
21 31
21 35
21 37
21 39
22 25
22 30
22 36
22 40
22 41
22 45
22 46
22 47
23 17
23 25
23 27
23 28
23 29
23 30
23 36
23 37
23 42
23 45
23 46
24 7
24 20
24 22
24 23
24 24
24 25
24 26
24 27
24 28
24 29
24 30
24 31
24 33
24 35
24 36
24 37
24 42
24 45
25 36
25 45
25 46
25 47
26 36
26 37
26 45
26 46
26 47
26 49
26 51
27 36
27 45
27 46
27 47
27 49
27 51
28 25
28 26
28 27
28 28
28 29
28 30
28 33
28 36
28 37
28 45
28 46
28 47
29 45
29 46
29 47
30 45
30 46
30 47
31 46
31 47
31 51
32 46
32 47
32 51
33 45
33 46
33 47
33 51
34 18
34 19
34 25
34 26
34 27
34 28
34 29
34 30
34 31
34 32
34 34
34 35
34 36
34 37
34 38
34 39
34 45
35 45
35 46
35 47
35 49
36 45
36 46
36 47
36 49
37 45
37 46
37 47
37 49
38 38
38 39
38 45
39 37
39 38
39 39
39 45
39 46
40 45
40 49
41 45
41 49
42 11
42 26
42 27
42 28
42 30
42 33
42 36
42 45
43 36
43 45
44 48
45 45
45 46
45 47
45 49
45 50
45 51
46 47
46 51
47 47
47 49
47 51
48 51
