1 4
2 4
2 5
3 4
3 15
3 25
3 26
3 27
3 28
3 29
4 27
5 27
6 27
7 19
7 21
7 25
7 27
8 15
8 16
8 18
8 25
8 26
9 15
9 16
9 18
9 21
9 25
9 26
9 28
10 15
10 19
10 21
10 23
10 25
10 26
10 27
10 29
11 15
11 21
11 23
11 25
11 26
12 15
12 16
12 19
12 21
12 23
12 25
12 26
12 28
13 15
13 16
13 19
13 21
13 23
13 24
13 25
13 26
13 27
14 15
14 25
14 26
14 27
14 28
15 21
15 25
15 27
16 19
16 21
16 25
16 26
17 25
17 27
17 29
18 27
19 27
20 25
21 27
22 21
22 25
22 28
22 29
23 27
24 27
25 27
26 27
30 15
30 21
30 25
30 26
30 27
31 21
31 27
31 28
31 29
