1 1
1 2
1 4
2 53
4 3
4 5
4 6
4 7
4 8
4 9
4 10
4 11
4 12
4 13
4 14
4 15
4 16
4 17
4 18
4 19
4 20
4 21
4 22
4 23
4 25
4 40
4 41
4 42
4 43
4 53
5 5
5 6
5 8
5 9
5 11
5 14
5 15
5 16
5 17
5 18
5 19
5 20
5 21
5 22
5 23
5 25
6 5
6 6
6 8
6 9
6 11
6 14
6 15
6 16
6 17
6 18
6 19
6 20
6 21
6 22
6 23
6 25
7 15
7 16
7 17
7 18
7 19
7 20
7 21
7 22
7 23
7 25
8 24
8 26
9 24
9 27
9 28
9 29
9 30
9 31
9 32
9 33
9 34
9 35
9 36
9 37
9 38
9 39
9 40
9 41
9 42
9 43
9 44
9 45
9 46
9 47
9 48
9 49
9 50
9 51
9 52
10 24
10 26
10 27
10 28
10 29
10 30
10 31
10 32
10 33
10 34
10 35
10 36
10 37
10 38
10 39
10 40
10 41
10 42
10 43
10 44
10 45
10 46
10 47
10 48
10 49
10 50
10 51
10 52
11 24
11 26
12 24
12 26
13 24
13 27
13 28
13 29
13 30
13 31
13 32
13 33
13 34
13 35
13 36
13 37
13 38
13 39
13 40
13 41
13 42
13 43
13 44
13 45
13 46
13 47
13 48
13 49
13 50
13 51
13 52
14 40
14 41
14 42
14 43
14 53
15 24
15 26
16 24
16 26
17 24
17 26
18 24
18 26
19 24
19 26
20 24
20 26
21 24
21 26
22 24
22 26
23 24
23 26
