1 1
1 2
1 3
1 4
1 5
1 6
1 7
1 9
2 1
2 2
2 3
2 4
2 5
2 6
2 7
2 9
3 10
3 11
3 12
3 13
3 14
3 15
3 16
3 17
3 18
3 19
3 20
3 21
3 22
3 23
3 24
3 25
3 26
3 27
3 30
3 31
3 47
3 48
3 49
3 56
4 10
4 11
4 12
4 13
4 14
4 15
4 16
4 17
4 18
4 19
4 20
4 21
4 22
4 23
4 24
4 25
4 26
4 27
5 8
5 9
5 10
5 11
5 12
5 13
5 14
5 15
5 16
5 17
5 18
5 19
5 20
5 21
5 22
5 23
5 24
5 25
5 26
5 27
5 56
6 56
7 56
9 8
9 10
9 11
9 12
9 13
9 14
9 15
9 16
9 17
9 18
9 19
9 20
9 21
9 22
9 23
9 24
9 25
9 26
9 27
9 30
9 31
9 47
9 48
9 49
10 14
10 17
10 20
10 21
10 22
10 23
10 24
10 25
10 26
10 27
10 30
10 31
11 11
11 12
11 13
11 14
11 15
11 17
11 20
11 21
11 22
11 23
11 24
11 25
11 26
11 27
11 30
11 31
12 11
12 12
12 13
12 14
12 15
12 17
12 20
12 21
12 22
12 23
12 24
12 25
12 26
12 27
12 30
12 31
13 11
13 12
13 13
13 14
13 16
13 17
13 18
13 19
13 20
13 21
13 22
13 23
13 24
13 25
13 26
13 27
13 30
13 31
14 28
14 29
15 28
15 29
15 32
15 33
15 34
15 35
15 36
15 37
15 38
15 39
15 40
15 41
15 42
15 43
15 44
15 45
15 46
15 47
15 48
15 49
15 50
15 51
15 52
15 53
15 54
15 55
16 28
16 29
16 32
16 33
16 34
16 35
16 36
16 37
16 38
16 39
16 40
16 41
16 42
16 43
16 44
16 45
16 46
16 47
16 48
16 49
16 50
16 51
16 52
16 53
16 54
16 55
17 28
17 29
18 28
18 29
19 28
19 29
19 32
19 33
19 34
19 35
19 36
19 37
19 38
19 39
19 40
19 41
19 42
19 43
19 44
19 45
19 46
19 47
19 48
19 49
19 50
19 51
19 52
19 53
19 54
19 55
20 28
20 29
21 28
21 29
22 28
22 29
23 28
23 29
24 28
24 29
25 28
25 29
26 28
26 29
27 28
27 29
