1 1
1 2
1 4
2 5
2 6
2 7
2 8
2 9
2 10
2 11
2 12
2 13
2 14
2 15
2 16
2 17
2 18
2 19
4 3
4 5
4 6
4 7
4 8
4 9
4 10
4 11
4 12
4 13
4 14
4 15
4 16
4 17
4 18
4 19
4 22
4 27
4 28
4 32
5 5
5 6
5 7
5 8
5 9
5 10
5 11
5 13
5 14
5 15
5 16
5 17
5 18
5 19
5 22
6 5
6 6
6 7
6 8
6 9
6 10
6 11
6 13
6 14
6 15
6 16
6 17
6 18
6 19
6 22
7 20
7 21
7 23
8 20
8 21
8 24
8 25
8 26
8 27
8 28
8 29
8 30
8 31
9 20
9 21
9 24
9 25
9 26
9 27
9 28
9 29
9 30
9 31
10 20
10 21
10 23
11 20
11 21
11 23
11 32
12 27
12 28
12 32
13 27
13 28
13 32
14 27
14 28
14 32
15 20
15 21
15 23
16 20
16 21
16 23
17 20
17 21
17 23
18 20
18 21
18 23
19 20
19 21
19 23
