1 7
1 8
1 9
1 10
1 11
1 12
1 13
1 14
1 15
1 16
1 17
1 18
1 19
1 20
1 21
1 24
1 25
1 27
1 35
1 36
1 37
1 41
2 7
2 8
2 9
2 10
2 11
2 12
2 13
2 14
2 15
2 16
2 17
2 18
2 19
2 20
2 21
2 27
3 41
4 41
6 5
6 7
6 8
6 9
6 10
6 11
6 12
6 13
6 14
6 15
6 16
6 17
6 18
6 19
6 20
6 21
6 24
6 25
6 27
6 35
6 36
6 37
6 41
7 7
7 8
7 9
7 10
7 11
7 12
7 14
7 15
7 16
7 17
7 18
7 19
7 20
7 21
7 24
7 25
8 7
8 8
8 9
8 10
8 11
8 12
8 14
8 15
8 16
8 17
8 18
8 19
8 20
8 21
8 24
8 25
9 22
9 23
9 26
9 33
10 22
10 23
10 28
10 29
10 30
10 31
10 32
10 33
10 34
10 35
10 36
10 37
10 38
10 39
10 40
11 22
11 23
11 28
11 29
11 30
11 31
11 32
11 33
11 34
11 35
11 36
11 37
11 38
11 39
11 40
12 22
12 23
12 26
12 33
13 22
13 23
13 26
13 33
14 22
14 23
14 26
14 33
15 22
15 23
15 26
15 33
16 22
16 23
16 26
16 33
17 22
17 23
17 26
17 33
18 22
18 23
18 26
18 33
19 22
19 23
19 26
19 33
20 22
20 23
20 26
20 33
21 22
21 23
21 26
21 33
