1 1
1 3
1 4
1 5
1 6
1 8
1 9
1 10
1 11
1 12
1 13
1 14
1 15
1 18
1 19
2 2
2 3
2 6
3 16
3 17
3 25
4 16
4 17
4 20
4 21
4 22
4 23
4 24
4 25
4 26
4 27
4 28
4 29
4 30
4 31
4 32
4 33
4 34
4 35
5 16
5 17
5 20
5 21
5 22
5 23
5 24
5 25
5 26
5 27
5 28
5 29
5 30
5 31
5 32
5 33
5 34
5 35
6 16
6 17
6 25
7 16
7 17
7 20
7 21
7 22
7 23
7 24
7 25
7 26
7 27
7 28
7 29
7 30
7 31
7 32
7 33
7 34
7 35
8 16
8 17
8 25
9 16
9 17
9 25
10 16
10 17
10 25
11 16
11 17
11 25
12 16
12 17
12 25
13 16
13 17
13 25
14 16
14 17
14 25
15 16
15 17
15 25
