1 1
1 2
1 3
1 5
2 6
2 7
2 8
2 9
2 10
2 11
2 12
2 13
2 14
2 15
2 17
2 18
2 19
2 20
2 31
3 6
3 7
3 8
3 9
3 10
3 11
3 12
3 13
3 14
3 15
3 17
3 18
3 19
3 20
3 31
5 4
5 6
5 7
5 8
5 9
5 10
5 11
5 12
5 13
5 14
5 15
5 17
5 18
5 19
5 20
5 31
6 6
6 7
6 8
6 9
6 10
6 11
6 13
6 18
6 19
6 20
7 6
7 7
7 8
7 9
7 10
7 11
7 13
7 18
7 19
7 20
8 21
8 22
9 21
9 23
9 24
9 25
9 26
9 27
9 28
9 29
9 30
10 21
10 23
10 24
10 25
10 26
10 27
10 28
10 29
10 30
11 21
11 23
11 24
11 25
11 26
11 27
11 28
11 29
11 30
12 21
12 22
12 23
12 24
12 25
12 26
12 27
12 28
12 29
12 30
13 21
13 22
14 21
14 22
14 23
14 24
14 25
14 26
14 27
14 28
14 29
14 30
15 21
15 22
15 23
15 24
15 25
15 26
15 27
15 28
15 29
15 30
16 21
16 22
17 21
17 23
17 24
17 25
17 26
17 27
17 28
17 29
17 30
18 21
18 22
19 21
19 22
20 21
20 22
