1 1
1 3
3 2
3 4
3 5
3 6
3 7
3 8
3 9
3 10
3 11
3 12
3 13
3 14
3 15
3 16
3 17
3 18
3 19
3 20
3 34
3 41
4 7
4 10
4 12
4 13
4 14
4 15
4 16
4 17
4 18
4 19
4 20
5 5
5 7
5 8
5 10
5 12
5 13
5 14
5 15
5 16
5 17
5 18
5 19
5 20
6 12
6 13
6 14
6 15
6 16
6 17
6 18
6 19
6 20
7 21
7 22
8 21
8 22
8 23
8 24
8 25
8 26
8 27
8 28
8 29
8 30
8 31
8 32
8 33
8 34
8 35
8 36
8 37
8 38
8 39
8 40
9 21
9 22
9 23
9 24
9 25
9 26
9 27
9 28
9 29
9 30
9 31
9 32
9 33
9 34
9 35
9 36
9 37
9 38
9 39
9 40
10 21
10 22
11 21
11 22
11 23
11 24
11 25
11 26
11 27
11 28
11 29
11 30
11 31
11 32
11 33
11 34
11 35
11 36
11 37
11 38
11 39
11 40
12 21
12 22
13 21
13 22
14 21
14 22
15 21
15 22
16 21
16 22
17 21
17 22
18 21
18 22
19 21
19 22
20 21
20 22
