1 6
1 7
1 8
1 9
1 10
1 11
1 12
1 13
1 14
1 15
1 16
1 17
1 18
1 19
1 20
1 21
1 22
1 23
1 24
1 25
1 26
1 27
1 28
1 29
1 30
1 31
1 32
2 4
2 5
2 6
2 7
2 8
2 9
2 10
2 11
2 12
2 13
2 14
2 15
2 16
2 17
2 18
2 19
2 20
2 21
2 22
2 23
2 24
2 25
2 26
2 27
2 28
2 29
2 30
2 31
2 32
2 52
3 52
5 4
5 6
5 7
5 8
5 9
5 10
5 11
5 12
5 13
5 14
5 15
5 16
5 17
5 18
5 19
5 20
5 21
5 22
5 23
5 24
5 25
5 26
5 27
5 28
5 29
5 30
5 31
5 32
5 35
5 36
5 37
5 40
5 45
5 48
5 52
6 6
6 8
6 9
6 11
6 12
6 13
6 14
6 15
6 16
6 17
6 18
6 19
6 20
6 21
6 22
6 23
6 24
6 25
6 26
6 27
6 28
6 29
6 30
6 31
6 32
6 35
6 36
6 37
7 14
7 15
7 16
7 17
7 18
7 19
7 20
7 21
7 22
7 23
7 24
7 25
7 26
7 27
7 28
7 29
7 30
7 31
7 32
7 35
7 36
7 37
8 33
8 34
8 39
9 33
9 34
9 38
9 40
9 41
9 42
9 43
9 44
9 45
9 46
9 47
9 48
9 49
9 50
9 51
10 33
10 34
10 38
10 39
10 40
10 41
10 42
10 43
10 44
10 45
10 46
10 47
10 48
10 49
10 50
10 51
11 33
11 34
11 39
12 33
12 34
12 39
12 52
13 38
13 48
13 52
14 33
14 34
14 39
15 33
15 34
15 39
16 33
16 34
16 39
17 33
17 34
17 39
18 33
18 34
18 39
19 33
19 34
19 39
20 33
20 34
20 39
21 33
21 34
21 39
22 33
22 34
22 39
23 33
23 34
23 39
24 33
24 34
24 39
25 33
25 34
25 39
26 33
26 34
26 39
27 33
27 34
27 38
27 39
28 33
28 34
28 38
28 39
29 33
29 34
29 38
29 39
30 33
30 34
30 39
31 33
31 34
31 39
32 33
32 34
32 39
