1 1
1 3
3 2
3 4
3 5
3 6
3 7
3 8
3 9
3 10
3 11
3 12
3 13
3 14
3 15
3 16
3 17
3 18
3 19
4 4
4 5
4 6
4 7
4 8
4 9
4 10
4 12
4 15
4 16
4 17
4 18
4 19
4 22
5 4
5 5
5 6
5 7
5 8
5 9
5 10
5 12
5 15
5 16
5 17
5 18
5 19
5 22
6 4
6 5
6 6
6 7
6 8
6 9
6 10
6 12
6 15
6 16
6 17
6 18
6 19
6 22
7 20
7 21
8 20
8 21
8 23
8 24
8 25
8 26
8 27
8 28
8 29
8 30
8 31
8 32
9 20
9 21
9 23
9 24
9 25
9 26
9 27
9 28
9 29
9 30
9 31
9 32
10 20
10 21
10 23
10 24
10 25
10 26
10 27
10 28
10 29
10 30
10 31
10 32
11 20
11 21
11 23
11 24
11 25
11 26
11 27
11 28
11 29
11 30
11 31
11 32
12 20
12 21
13 20
13 21
14 20
14 21
14 23
14 24
14 25
14 26
14 27
14 28
14 29
14 30
14 31
14 32
15 20
15 21
15 33
16 20
16 21
17 20
17 21
18 20
18 21
19 20
19 21
