1 1
1 2
1 3
1 4
1 5
1 6
1 7
1 9
2 1
2 2
2 3
2 4
2 5
2 6
2 7
2 9
3 32
3 33
3 34
3 35
3 43
3 44
3 50
4 9
4 10
4 11
4 12
4 13
4 14
4 15
4 16
4 17
4 18
4 19
4 20
4 21
4 22
4 23
4 24
4 25
4 26
4 27
4 28
4 29
5 10
5 11
5 12
5 13
5 14
5 15
5 16
5 17
5 18
5 19
5 20
5 21
5 22
5 23
5 24
5 25
5 26
5 27
5 28
5 29
6 10
6 11
6 12
6 13
6 14
6 15
6 16
6 17
6 18
6 19
6 20
6 21
6 22
6 23
6 24
6 25
6 26
6 27
6 28
6 29
6 50
7 50
9 8
9 10
9 11
9 12
9 13
9 14
9 15
9 16
9 17
9 18
9 19
9 20
9 21
9 22
9 23
9 24
9 25
9 26
9 27
9 28
9 29
9 32
9 33
9 34
9 35
9 43
9 44
9 50
10 10
10 11
10 12
10 13
10 14
10 15
10 17
10 20
10 21
10 22
10 23
10 24
10 25
10 26
10 27
10 28
10 29
10 32
10 33
10 34
11 10
11 11
11 12
11 13
11 14
11 15
11 17
11 20
11 21
11 22
11 23
11 24
11 25
11 26
11 27
11 28
11 29
11 32
11 33
11 34
12 10
12 11
12 12
12 13
12 14
12 15
12 17
12 20
12 21
12 22
12 23
12 24
12 25
12 26
12 27
12 28
12 29
12 32
12 33
12 34
13 10
13 11
13 12
13 13
13 14
13 16
13 17
13 18
13 19
13 21
13 22
13 23
13 24
13 25
13 26
13 27
13 28
13 29
13 32
13 33
13 34
14 30
14 31
15 30
15 31
15 35
15 36
15 37
15 38
15 39
15 40
15 41
15 42
15 43
15 44
15 45
15 46
15 47
15 48
15 49
16 30
16 31
16 35
16 36
16 37
16 38
16 39
16 40
16 41
16 42
16 43
16 44
16 45
16 46
16 47
16 48
16 49
17 30
17 31
18 30
18 31
19 30
19 31
19 35
19 36
19 37
19 38
19 39
19 40
19 41
19 42
19 43
19 44
19 45
19 46
19 47
19 48
19 49
20 43
20 44
20 50
21 30
21 31
22 30
22 31
23 30
23 31
24 30
24 31
25 30
25 31
26 30
26 31
27 30
27 31
28 30
28 31
29 30
29 31
