1 2
1 3
1 4
1 6
2 7
2 8
2 9
2 10
2 11
2 12
2 13
2 14
2 15
2 16
2 17
2 18
2 19
2 20
2 21
2 22
2 23
2 24
3 27
3 28
3 29
3 30
3 35
3 36
3 42
4 42
6 5
6 7
6 8
6 9
6 10
6 11
6 12
6 13
6 14
6 15
6 16
6 17
6 18
6 19
6 20
6 21
6 22
6 23
6 24
6 27
6 28
6 29
6 30
6 35
6 36
6 42
7 7
7 8
7 9
7 10
7 11
7 12
7 14
7 16
7 17
7 18
7 19
7 20
7 21
7 22
7 23
7 24
7 27
7 28
7 29
8 7
8 8
8 9
8 10
8 11
8 12
8 14
8 16
8 17
8 18
8 19
8 20
8 21
8 22
8 23
8 24
8 27
8 28
8 29
9 7
9 8
9 9
9 10
9 11
9 12
9 14
9 16
9 17
9 18
9 19
9 20
9 21
9 22
9 23
9 24
9 27
9 28
9 29
10 25
10 26
11 25
11 26
11 30
11 31
11 32
11 33
11 34
11 35
11 36
11 37
11 38
11 39
11 40
11 41
12 25
12 26
13 25
13 26
13 30
13 31
13 32
13 33
13 34
13 35
13 36
13 37
13 38
13 39
13 40
13 41
14 25
14 26
15 25
15 26
15 30
15 31
15 32
15 33
15 34
15 35
15 36
15 37
15 38
15 39
15 40
15 41
16 25
16 26
17 25
17 26
18 25
18 26
19 25
19 26
20 25
20 26
21 25
21 26
22 25
22 26
23 25
23 26
24 25
24 26
