1 1
1 2
1 3
1 5
2 6
2 7
2 8
2 9
2 10
2 11
2 12
2 13
2 14
2 15
2 16
2 17
2 18
2 21
2 22
2 23
2 32
2 34
2 35
2 36
5 4
5 6
5 7
5 8
5 9
5 10
5 11
5 12
5 13
5 14
5 15
5 16
5 17
5 18
5 21
5 22
5 23
5 32
5 34
5 35
5 36
6 9
6 13
6 16
6 17
6 18
6 21
6 22
6 23
7 7
7 8
7 9
7 10
7 11
7 13
7 16
7 17
7 18
7 21
7 22
7 23
8 7
8 8
8 9
8 10
8 11
8 13
8 16
8 17
8 18
8 21
8 22
8 23
9 19
9 20
10 19
10 20
10 24
10 25
10 26
10 27
10 28
10 29
10 30
10 31
10 32
10 33
10 34
10 35
10 36
10 37
10 38
10 39
10 40
10 41
11 19
11 20
11 24
11 25
11 26
11 27
11 28
11 29
11 30
11 31
11 32
11 33
11 34
11 35
11 36
11 37
11 38
11 39
11 40
11 41
12 19
12 20
12 24
12 25
12 26
12 27
12 28
12 29
12 30
12 31
12 32
12 33
12 34
12 35
12 36
12 37
12 38
12 39
12 40
12 41
13 19
13 20
14 19
14 20
15 19
15 20
15 24
15 25
15 26
15 27
15 28
15 29
15 30
15 31
15 32
15 33
15 34
15 35
15 36
15 37
15 38
15 39
15 40
15 41
16 19
16 20
17 19
17 20
18 19
18 20
